1.00000000 0.33738798 -0.06157462 0.06412227 0.02094469 0.12433575 -0.12252738 -0.01984670 0.26084548 0.14345412 0.16418950 0.00632391 0.22182684 -0.15904512 -0.00667616 -0.20608416 0.02089974 -0.12171365 -0.19487053 -0.22135626 0.07177233 -0.19552614 0.12724306 -0.12321280 0.06716292 -0.00292960 -0.33012876 0.16781906 -0.02560435 -0.22102954 -0.02486776 -0.08568504 -0.16650010 -0.07016383 -0.18282956 -0.10748231 -0.12414875 -0.14728420 -0.16511498 0.09839751 -0.02045250 -0.06429670 -0.06062524 0.11259386 0.05828363 0.01129638 0.05752650 -0.13590769 0.12234293 0.04543164 0.01800654 0.12328774 0.01544637 0.23678756 0.16308658 0.15902347 -0.00907329 0.01854366 -0.00147407 -0.02751754 0.07578040 -0.30227224 -0.07443209 0.04313420 0.10020248 0.26711235 0.02949229 0.02442659 0.05032068 -0.11369896 0.14570298 0.02068734 0.09033430 0.13919583 -0.01656919 0.09636107 -0.09186933 0.20695207
0.33738798 1.00000000 0.06396056 0.13761047 0.24376225 0.32516210 0.21235152 0.13661649 0.15916814 0.33952906 0.21835621 0.03512283 -0.05248217 -0.16497837 0.05811999 -0.12194832 0.08827202 -0.02617748 -0.30011332 -0.21205628 0.25119582 -0.28331384 -0.02535525 -0.07254919 0.19911890 -0.17863653 -0.18934312 0.09731938 -0.19901628 -0.16101953 -0.22456002 -0.09399223 -0.11900131 -0.00274303 -0.10368989 -0.17560292 0.02080567 -0.00069298 -0.23344464 0.13049321 0.19212084 0.10952652 -0.11271933 0.23918774 -0.01976601 -0.00978290 -0.05257681 -0.16853348 0.28374491 0.05282181 -0.12361844 0.18212845 0.06518823 0.02882692 0.08984622 0.02451329 -0.12944883 -0.08152259 0.04123185 0.11682069 0.16035681 -0.18169494 0.18838338 0.18722020 0.08438295 0.33136510 -0.19648825 -0.09672479 0.04417876 -0.09396888 -0.08616346 0.06135135 0.10238579 -0.02683252 -0.03314556 0.21473297 -0.08519952 0.04287357
-0.06157462 0.06396056 1.00000000 0.01750847 0.10915797 0.42561539 0.28089928 0.06603565 0.20356882 0.32534987 0.38390060 0.10422259 0.24730838 -0.14210599 -0.14190281 -0.19293774 -0.01161978 0.10376510 -0.13622188 -0.01138166 -0.13600720 -0.00227577 -0.07065932 -0.16621153 -0.13429630 -0.03474114 0.14864778 -0.15867579 0.06421172 0.18389687 0.04373907 -0.03859130 0.17693431 0.02605039 0.19625126 0.12455733 -0.06243139 0.09287399 0.16293426 -0.26991002 0.14185488 0.04355928 0.17094227 -0.17597259 -0.09398645 0.07752585 -0.19696783 0.04406597 0.02603242 0.19841814 -0.10501656 -0.33967728 0.20303647 -0.16750186 -0.08620817 -0.03499969 0.23289909 0.06830969 -0.00547610 -0.18767070 0.04895608 0.00915150 0.06668508 -0.12063313 0.08719225 -0.00039540 -0.04305466 -0.00514014 0.03527367 0.02743520 -0.05410230 0.15842172 0.04340303 -0.25208118 -0.16140568 -0.13468977 -0.03620433 -0.11213363
0.06412227 0.13761047 0.01750847 1.00000000 0.06825432 0.03230862 -0.06886106 -0.13246011 -0.03624150 0.12761769 0.09499716 -0.21430333 0.02001775 -0.19257720 0.27734838 0.09114585 0.11955772 0.14120659 -0.22768714 -0.00966423 0.16299870 -0.20193213 0.12956347 0.09556906 -0.01741381 0.16819918 0.20622078 0.13459673 0.22872301 -0.09620791 -0.05897234 -0.07523721 0.13725631 -0.16372418 -0.15071638 -0.22691647 0.01030624 0.08383917 -0.10290723 -0.07039943 -0.07457981 -0.38036463 -0.11584178 0.00735397 0.03132508 -0.02379311 0.08605667 -0.05112373 0.00625056 -0.43181317 0.05937370 -0.08682884 0.03015422 0.11011747 0.09910899 0.11494436 0.16976342 0.25101473 -0.14277571 -0.01947373 0.11193737 0.19024529 -0.02329563 0.09347792 0.41324593 -0.24894847 -0.02388754 -0.10139121 -0.05059090 -0.03240461 -0.14949491 -0.24767092 -0.40341912 -0.18963145 -0.15565135 -0.18894773 -0.18046754 0.05475366
0.02094469 0.24376225 0.10915797 0.06825432 1.00000000 0.07103541 0.32129439 0.03638048 0.33053205 0.20588239 0.24517215 -0.02470744 0.13741459 -0.10208441 -0.09889632 -0.09209287 -0.04598702 -0.06135381 -0.20626266 -0.02645286 0.20988781 -0.12172846 -0.02624563 -0.19328396 0.13589974 -0.14139435 0.21148301 0.13831564 -0.15658112 -0.01415596 -0.16106663 0.01289752 0.04592123 0.18956382 0.00317548 0.05777259 0.25694397 -0.15336669 0.17757170 -0.13429608 0.10103737 0.13159413 -0.04560930 -0.07489641 -0.28610096 -0.36616946 0.00181661 -0.04426532 -0.16657940 -0.20593337 0.07042130 -0.07939583 0.00582022 -0.11984878 0.12446639 0.04635647 0.17020015 0.11109563 -0.10812906 0.11572590 0.04146534 -0.02243165 -0.07478867 -0.09232158 -0.03617473 0.02441848 -0.01369139 -0.10594350 -0.06025755 0.04123331 -0.09570245 0.04816204 0.11232221 -0.03297538 -0.04680993 -0.10993503 0.03077870 -0.04393827
0.12433575 0.32516210 0.42561539 0.03230862 0.07103541 1.00000000 0.22086048 0.25448146 0.20268951 0.38732675 0.45080576 0.18827769 0.21937821 -0.12902508 -0.15702072 -0.22411559 -0.02578906 0.01032198 -0.27785377 -0.01312147 -0.05662970 -0.24517923 0.01660949 -0.06160354 -0.05179880 -0.06672000 0.04239857 0.03067272 0.07095548 0.02343169 0.08778541 0.06146697 0.12325363 0.11750826 0.11903334 0.10246360 0.12386015 0.03207405 0.12783585 -0.17106825 0.16936352 -0.03322392 0.07084213 0.17427913 -0.09113824 0.16567721 -0.10475250 0.07070591 0.25320960 0.16595279 -0.10597292 -0.12856316 -0.10104562 -0.08322838 -0.05635287 -0.07921383 0.01760433 -0.12279898 0.06925927 -0.09518466 0.04659581 -0.03492545 0.02207596 -0.09099803 0.04456677 0.13606859 -0.01479831 0.04376025 0.09291987 0.03660911 0.23222265 0.11148629 0.05015663 0.00114403 -0.23494685 0.16245998 -0.00191983 0.04184149
-0.12252738 0.21235152 0.28089928 -0.06886106 0.32129439 0.22086048 1.00000000 0.03801298 0.05365291 0.38350412 0.09572018 0.04428936 0.01519735 0.05328790 -0.20358848 0.06008375 0.10237562 0.00653848 -0.22605095 0.03723083 -0.06658249 -0.07270615 -0.17723524 0.07417078 0.03889145 -0.07939159 0.04758878 -0.04930871 -0.01103968 0.04725278 0.10665661 0.15336681 -0.08686436 0.09425689 0.11359088 0.14075555 0.23265581 -0.05844069 0.05592981 -0.14560258 0.18942388 0.17090111 -0.05607443 -0.00214626 -0.13504433 -0.13167241 -0.11931597 -0.00727183 0.12981255 0.16328953 -0.02419567 0.00015529 0.13317790 -0.17540142 -0.13676724 -0.03273377 0.06072793 0.02146125 0.14787008 0.05458871 -0.01175852 -0.20654684 0.14462979 0.18081389 -0.11270152 -0.04289787 -0.02793416 -0.21685813 -0.07247240 0.04158105 -0.00388835 -0.02014575 -0.09481997 -0.09218203 -0.23645196 -0.06516020 0.04082131 -0.27122892
-0.01984670 0.13661649 0.06603565 -0.13246011 0.03638048 0.25448146 0.03801298 1.00000000 -0.16723500 0.00783332 0.10380047 -0.05510136 0.08449077 0.09191467 -0.10870941 -0.05078056 -0.02877644 0.13558564 -0.00168491 -0.07272875 0.07842638 -0.22272425 -0.14093550 -0.06373639 0.04362149 -0.05468793 -0.15075472 -0.04046720 -0.24731655 0.01881742 -0.00294203 -0.07044442 -0.13067867 0.01076305 -0.08214264 -0.17173648 0.02164331 -0.07994498 0.04312751 -0.10945109 0.09763799 0.09786863 -0.01763267 0.03376171 0.14977393 0.06852614 0.18821515 0.08445552 0.27257859 0.11594348 0.04790152 -0.02198556 -0.06187370 0.14747167 0.19231118 0.13808934 0.05368473 0.07359340 0.23021210 0.17207962 0.12081720 0.10544565 0.11654246 0.11720332 0.01720197 0.08058539 -0.15891967 0.03470717 -0.03497457 -0.02415923 0.21371932 -0.02578049 -0.02494179 0.00586823 0.00969088 0.01458485 0.01300579 0.10035495
0.26084548 0.15916814 0.20356882 -0.03624150 0.33053205 0.20268951 0.05365291 -0.16723500 1.00000000 0.10031761 0.44635181 -0.02853925 0.20094471 -0.19571496 -0.10109523 -0.23165138 -0.29223980 -0.17523395 -0.23264935 -0.17830250 -0.01546524 -0.05003961 0.04954650 -0.08368922 0.01270056 -0.17488869 0.19973057 0.08877779 -0.03398802 0.00954167 -0.25294788 -0.01257137 0.10006874 -0.08632727 0.09539738 -0.03008558 0.13151642 -0.02815575 0.05971849 -0.10729830 -0.05610025 0.04670347 0.00231304 0.02246629 -0.42166002 -0.25689092 -0.12288384 -0.29982999 -0.00921072 -0.18209036 -0.33629450 0.00876525 0.03370781 0.00059692 -0.06424404 -0.01130678 0.07589818 -0.00129555 0.04055072 0.06797629 0.12367886 0.10025294 0.02988539 -0.15477840 0.13313823 0.26480411 0.07738317 -0.01990986 0.14642999 0.27034158 -0.04754239 0.30219697 0.37924057 0.09392208 0.02044453 0.26504472 0.08261145 0.17853944
0.14345412 0.33952906 0.32534987 0.12761769 0.20588239 0.38732675 0.38350412 0.00783332 0.10031761 1.00000000 0.19064764 -0.03656358 0.00392738 -0.04404855 -0.00869052 -0.19278333 0.02044926 0.03527060 -0.36948042 0.08436144 0.09121765 -0.26466039 -0.04000949 -0.15544517 -0.00986321 -0.12261448 0.01455726 0.06644504 0.00355474 0.01541118 -0.00530503 -0.00959742 -0.00447778 -0.05695936 0.07393809 0.13852136 0.06413398 0.00636833 0.01565507 -0.13525495 0.27481351 0.13135512 0.03816419 0.23635283 -0.04296983 -0.05667132 -0.10804679 -0.08897716 0.10267709 0.05907934 -0.12823319 -0.10514188 0.08804959 -0.10042966 0.11462100 -0.02800427 -0.03026986 -0.07380181 0.05873484 0.00820932 0.05084926 -0.17874303 0.08316736 -0.04016976 0.08636499 0.06660074 0.10655942 -0.10726334 0.10647660 0.20114578 0.15859110 0.06818107 0.04223101 0.11192240 -0.18851389 0.10219654 -0.08530458 0.01674969
0.16418950 0.21835621 0.38390060 0.09499716 0.24517215 0.45080576 0.09572018 0.10380047 0.44635181 0.19064764 1.00000000 0.16215931 0.27923701 -0.29362607 -0.08499980 -0.25666803 0.04094853 0.18134412 -0.33227304 0.05077967 -0.09774886 -0.19852901 0.15459541 -0.13900606 -0.00375939 0.00463719 -0.01718127 0.01371338 -0.07237238 0.16845371 -0.15924532 -0.07356143 0.03370335 -0.11018659 0.09459790 -0.06137549 0.08236500 -0.14012448 0.04929391 -0.12587801 -0.06334003 -0.00152135 -0.05893460 -0.10259401 -0.28147017 -0.12113126 -0.11692432 -0.14314523 0.00827220 0.00555302 -0.24743844 -0.22721945 0.13395080 0.01539990 0.03270092 0.05573519 0.10862301 0.01853512 0.04607381 -0.10988313 0.13019548 0.05445718 0.09535203 0.05438997 0.09496967 0.06506384 0.05251063 -0.10491035 0.06576064 0.06565754 -0.04917430 -0.05973426 -0.05213234 -0.13049817 -0.24569011 0.06882732 -0.13184047 0.14552606
0.00632391 0.03512283 0.10422259 -0.21430333 -0.02470744 0.18827769 0.04428936 -0.05510136 -0.02853925 -0.03656358 0.16215931 1.00000000 0.04783683 0.01461478 -0.24409130 0.04769025 0.15555884 -0.03971165 0.02483223 -0.02014806 -0.09795697 0.11819943 0.07498157 0.10323802 0.07873357 -0.02807521 -0.00436293 -0.21334158 -0.08546396 0.05223223 0.03969936 -0.14669778 -0.03853183 0.24632134 0.10635241 0.14623370 0.10498618 -0.02505947 0.05181052 -0.18078689 -0.06563377 -0.02527317 -0.10425424 -0.13505754 -0.10355790 0.02366822 -0.25209875 0.07116578 0.13625921 0.13529288 -0.13236992 -0.16433120 -0.03356189 -0.15524562 -0.06337146 -0.22220600 -0.06468703 -0.06025668 -0.01995805 -0.26302213 0.09555429 -0.14348581 0.01492689 -0.12772727 -0.20190797 0.02981769 -0.08822153 0.04997556 0.00148826 0.00884222 0.02824493 0.09978986 0.07328824 -0.03434263 -0.24699792 0.01839277 0.10383182 0.05667137
0.22182684 -0.05248217 0.24730838 0.02001775 0.13741459 0.21937821 0.01519735 0.08449077 0.20094471 0.00392738 0.27923701 0.04783683 1.00000000 -0.14960834 -0.17733066 0.00872893 -0.15073058 -0.16089770 -0.04838748 -0.23880928 -0.26204183 -0.02467082 -0.09079924 -0.28312234 -0.35758507 -0.10968206 -0.12718673 0.03371421 0.15870520 0.09644691 -0.05407502 0.00177570 0.21343005 -0.08899296 0.02601303 -0.01052572 0.01421859 -0.09903941 0.03722324 -0.00812904 -0.01313779 0.02387540 0.07060661 -0.05552593 -0.11979544 -0.18089356 -0.13119891 -0.01503929 0.03486948 0.04024852 0.00210540 0.05461941 0.06831022 -0.00815272 -0.20146278 -0.10668892 0.16730456 -0.07602715 0.04493333 -0.09969754 -0.17608926 -0.19766756 -0.10357783 -0.12293490 0.02419586 -0.08457577 0.09532455 0.04655071 0.10460389 -0.01250529 0.04667526 0.14159279 0.10678136 -0.14314540 -0.07858490 -0.10203971 -0.04320857 0.07243929
-0.15904512 -0.16497837 -0.14210599 -0.19257720 -0.10208441 -0.12902508 0.05328790 0.09191467 -0.19571496 -0.04404855 -0.29362607 0.01461478 -0.14960834 1.00000000 0.09948461 0.23636329 0.13000961 -0.03741728 0.36534075 0.16736459 0.09446974 0.21451488 0.05003799 0.27312599 0.23020724 0.20041965 0.06887778 0.03510219 -0.14056524 0.15283609 0.27182687 0.14080224 0.13492746 0.18087965 -0.02839277 0.18341530 0.15038872 0.02431057 0.14804651 -0.05208753 0.04758536 0.07793504 0.01037640 0.11057963 0.10122189 0.00720783 0.02838193 0.12928539 -0.00457890 0.09425149 -0.01324101 0.10155150 -0.07477156 0.07684100 0.05952956 -0.18310030 0.02536373 0.01667759 0.19585002 0.14020265 -0.03489803 -0.08967352 -0.12138260 -0.20196612 -0.13636672 -0.03399565 0.14137199 0.33318912 0.00636228 0.07046746 0.39553327 0.11325117 0.18157735 0.37582039 0.23175742 0.14554422 0.28896332 0.05897911
-0.00667616 0.05811999 -0.14190281 0.27734838 -0.09889632 -0.15702072 -0.20358848 -0.10870941 -0.10109523 -0.00869052 -0.08499980 -0.24409130 -0.17733066 0.09948461 1.00000000 0.23549862 0.19396406 0.32534226 0.27298204 0.31448887 0.25757089 0.07434888 0.21848012 0.24107388 0.12826675 0.31241838 0.15773291 0.00584379 -0.02771583 -0.05749525 -0.16588114 -0.14690834 0.19447412 0.03345457 -0.05702634 0.03867072 -0.16930194 -0.01939571 -0.17961679 -0.01784195 -0.04516563 -0.21477700 -0.04718960 -0.06494627 0.30052749 0.08143873 0.10840869 0.07410524 -0.01647890 -0.03938618 0.02117900 0.15019723 0.16795470 0.21069144 0.24369263 0.19348802 0.04112537 0.16466033 0.11038558 0.04059533 -0.07402497 0.06945325 -0.02279687 0.07967214 0.26577897 0.09688239 0.08549669 0.04337968 0.15263926 -0.01871570 -0.08006973 -0.26100714 -0.18550759 0.04110678 0.11713587 0.09778487 0.05498569 0.14371945
-0.20608416 -0.12194832 -0.19293774 0.09114585 -0.09209287 -0.22411559 0.06008375 -0.05078056 -0.23165138 -0.19278333 -0.25666803 0.04769025 0.00872893 0.23636329 0.23549862 1.00000000 0.29125168 -0.02139978 0.24546574 -0.01718131 0.04951386 0.03524728 -0.01615192 0.25983048 -0.07300113 0.16763995 0.00511569 0.09045722 -0.09508134 -0.01717462 -0.04537840 0.08531424 0.21281775 0.14396150 0.04517537 0.20170893 0.06394802 0.15403352 -0.01411988 0.03672858 -0.11299474 -0.15246245 -0.22154847 -0.01889797 0.10103852 0.05885741 -0.14654361 0.12763986 0.04382329 -0.02793849 0.05912698 0.17780099 0.11391472 0.09008266 0.04073137 -0.07090830 0.01356268 0.03460557 0.22805825 0.25266502 -0.12408606 0.13129632 0.05542923 0.04141858 0.08783668 -0.21362355 0.03047030 0.06625298 0.01484315 0.09258152 -0.03626733 -0.06515722 -0.05744838 -0.18023351 -0.07807647 -0.03512136 -0.07535918 -0.18126372
0.02089974 0.08827202 -0.01161978 0.11955772 -0.04598702 -0.02578906 0.10237562 -0.02877644 -0.29223980 0.02044926 0.04094853 0.15555884 -0.15073058 0.13000961 0.19396406 0.29125168 1.00000000 0.36641958 0.08280801 0.31848445 0.26476240 0.03885260 0.14561566 0.30367308 0.35395082 0.23386205 -0.06877205 -0.02652698 -0.16284936 -0.15505593 -0.11126521 -0.08022401 -0.03654908 0.16963338 -0.06240337 0.02124494 -0.05134869 -0.08438487 -0.16222107 0.09964139 0.01099731 0.10883379 -0.13080890 0.03193374 0.13090382 0.17141992 0.07151222 0.19529780 0.01123566 -0.01757976 -0.01338566 -0.11382723 0.05233171 0.04248884 0.17603934 0.03817843 0.11667642 0.24389202 0.11626709 -0.02901886 -0.00295395 -0.05904321 -0.09030812 0.13684927 -0.02207252 -0.14694231 0.06447167 -0.04400760 -0.03872984 -0.14414752 0.03575016 -0.10011225 -0.20707866 -0.00535596 -0.04944199 -0.04841046 -0.18045876 -0.14737389
-0.12171365 -0.02617748 0.10376510 0.14120659 -0.06135381 0.01032198 0.00653848 0.13558564 -0.17523395 0.03527060 0.18134412 -0.03971165 -0.16089770 -0.03741728 0.32534226 -0.02139978 0.36641958 1.00000000 0.13389542 0.37557381 0.27258773 -0.01641931 0.35209958 0.25614588 0.17513904 0.41379107 0.19384348 -0.01970641 -0.11846825 0.09378177 0.02935543 -0.11949164 0.02444506 0.02937327 -0.17298221 -0.19591157 -0.00297419 -0.14084255 0.10167479 -0.02058520 0.09683597 0.05006777 0.11923651 -0.07232866 0.19527928 0.10936889 0.23606200 0.00496748 0.00477213 0.03709411 0.00887516 -0.10112264 0.08961723 0.08383664 0.20643160 0.16337345 0.14017248 0.29948811 0.10242134 0.01374993 0.07725911 0.21282856 0.15064152 0.20179968 0.12567097 -0.06020636 0.04285056 -0.29489168 0.01078409 -0.13740225 -0.06453525 -0.26943907 -0.35169757 0.02411959 -0.12941006 -0.15430381 0.03233935 -0.05098610
-0.19487053 -0.30011332 -0.13622188 -0.22768714 -0.20626266 -0.27785377 -0.22605095 -0.00168491 -0.23264935 -0.36948042 -0.33227304 0.02483223 -0.04838748 0.36534075 0.27298204 0.24546574 0.08280801 0.13389542 1.00000000 0.08243354 0.03761696 0.42978401 0.17576587 0.20922828 0.10998440 0.20298451 0.15735363 -0.17822982 -0.01857361 -0.01071614 0.11975521 0.24088810 0.16021205 0.16760273 0.08664842 -0.02204491 -0.19366256 -0.02765688 -0.13407906 0.02806029 0.01407407 0.14254811 0.02495208 -0.17962893 0.21948193 0.07441481 -0.01014262 0.21329663 -0.08990981 0.21458687 0.10441890 0.21971310 -0.06368575 0.10689196 0.07681334 0.02969768 0.06922992 0.13416786 0.12151207 0.01701576 -0.19301402 0.16580689 -0.16261459 -0.14953053 -0.12612471 -0.04957867 0.07689233 0.18900535 -0.04941836 -0.01429673 0.02914852 -0.05409555 0.06036634 0.06847768 0.28045629 0.14830208 0.16237720 0.06158257
-0.22135626 -0.21205628 -0.01138166 -0.00966423 -0.02645286 -0.01312147 0.03723083 -0.07272875 -0.17830250 0.08436144 0.05077967 -0.02014806 -0.23880928 0.16736459 0.31448887 -0.01718131 0.31848445 0.37557381 0.08243354 1.00000000 0.03041772 0.03276496 0.17331530 0.11397437 0.23741540 0.28183752 0.12936889 -0.05981591 -0.06521209 0.17938590 0.00763304 -0.09503883 -0.06325624 0.02696167 -0.01579315 0.06621988 -0.07266891 -0.25525384 -0.01086027 -0.13015255 0.00344334 0.03179403 0.08657631 0.00697583 0.22568777 -0.01536888 0.10127895 -0.02512603 -0.03083166 -0.04567444 0.06686792 -0.22965615 0.12088043 -0.10581594 0.09212789 0.08433508 0.00340851 0.08206327 -0.04637718 -0.11597073 -0.01361181 -0.00330425 0.09028526 0.02537452 -0.11201321 -0.09108331 0.03696132 -0.06656012 0.13332071 -0.06919596 -0.02640436 -0.33783916 -0.29721178 0.11429603 -0.02093916 -0.08925602 0.20245998 -0.09859083
0.07177233 0.25119582 -0.13600720 0.16299870 0.20988781 -0.05662970 -0.06658249 0.07842638 -0.01546524 0.09121765 -0.09774886 -0.09795697 -0.26204183 0.09446974 0.25757089 0.04951386 0.26476240 0.27258773 0.03761696 0.03041772 1.00000000 -0.01621875 0.31769688 0.25237223 0.40962772 0.15474397 0.22390417 0.14420174 -0.19961488 -0.05074583 -0.09965468 -0.05744856 0.05710638 0.26814342 -0.07380967 -0.12240919 0.08602069 0.01275663 0.04300691 0.04762913 0.10213464 -0.01500041 -0.11723886 0.05996989 0.08685685 0.06882538 0.23163472 0.15308067 0.09794948 -0.03353496 0.13906517 0.08352637 0.00227418 0.08986833 0.21656415 -0.01776818 0.00996516 0.10279686 0.08905339 0.17515757 -0.01276514 0.07884175 -0.14659397 0.08537185 0.10155330 0.04297307 -0.06837161 0.00880586 0.01221108 -0.08244483 -0.05164558 -0.10891049 0.05530818 0.21876876 0.06486188 -0.10145394 -0.07302087 -0.12439615
-0.19552614 -0.28331384 -0.00227577 -0.20193213 -0.12172846 -0.24517923 -0.07270615 -0.22272425 -0.05003961 -0.26466039 -0.19852901 0.11819943 -0.02467082 0.21451488 0.07434888 0.03524728 0.03885260 -0.01641931 0.42978401 0.03276496 -0.01621875 1.00000000 0.06304159 0.19164986 0.04759145 0.06723102 0.17648919 -0.23377604 0.04256907 -0.02017590 0.11057525 0.03091649 0.22281740 0.06815755 0.04476246 0.09182803 0.12039282 0.00353341 -0.17480686 -0.01829118 -0.12351634 0.07571456 0.16705074 -0.16863370 -0.11530555 0.00322666 -0.04657673 0.07019186 -0.15512173 0.01115484 -0.10963612 0.07658768 0.11582038 -0.06941165 -0.27242606 -0.14124299 0.10243443 0.03999590 0.04154362 0.03864730 0.04205005 0.08027340 -0.13597448 0.00739302 -0.24629779 0.00239034 0.17681594 -0.03004968 0.02820084 -0.02806681 0.03537305 0.12221862 0.04528381 0.24548491 0.07871167 0.06301281 -0.04772606 -0.03646954
0.12724306 -0.02535525 -0.07065932 0.12956347 -0.02624563 0.01660949 -0.17723524 -0.14093550 0.04954650 -0.04000949 0.15459541 0.07498157 -0.09079924 0.05003799 0.21848012 -0.01615192 0.14561566 0.35209958 0.17576587 0.17331530 0.31769688 0.06304159 1.00000000 0.41820172 0.28594401 0.33842152 0.21460157 0.20082349 0.05438400 -0.05794102 0.05616900 0.05206943 0.04059915 0.12367616 -0.13317592 0.00437194 0.10576950 -0.08523394 0.04252470 -0.01481185 0.03437537 -0.18293014 -0.18466003 0.04247321 -0.11355014 0.04344800 0.04077124 -0.05785513 -0.13301874 -0.06070667 0.02206991 -0.01112061 0.04460828 0.12017561 -0.05142703 0.00418474 0.02974186 0.13466603 -0.08234415 -0.15359497 -0.06986840 0.14614037 -0.12489762 -0.09957111 0.10973893 -0.08397363 0.15226436 -0.03189808 0.10711869 -0.03756639 0.02525318 -0.11118783 -0.12666017 0.19614701 -0.03065783 -0.01486155 0.07979121 0.10410994
-0.12321280 -0.07254919 -0.16621153 0.09556906 -0.19328396 -0.06160354 0.07417078 -0.06373639 -0.08368922 -0.15544517 -0.13900606 0.10323802 -0.28312234 0.27312599 0.24107388 0.25983048 0.30367308 0.25614588 0.20922828 0.11397437 0.25237223 0.19164986 0.41820172 1.00000000 0.32069552 0.41925272 0.24680421 -0.01223347 -0.21379062 -0.13172471 0.15207869 0.05585123 -0.02244201 0.09453099 -0.01292253 0.06964461 0.28433818 -0.04110252 0.08162877 -0.03604344 -0.03803941 -0.23610145 -0.12122300 0.03013878 -0.01787565 0.21943873 -0.08281488 0.02832812 0.03910599 0.02489669 -0.14127745 -0.06224661 0.10253030 0.07087999 -0.01820144 0.05299094 0.10329940 0.24197714 0.15639439 0.06651346 0.14244205 0.08721215 0.15936094 0.11031570 0.03543023 -0.08774723 0.09541993 0.04789641 0.16064295 -0.01327963 0.12095348 0.01104762 -0.24931607 0.17547571 -0.11419184 -0.01574163 0.08529182 -0.11519235
0.06716292 0.19911890 -0.13429630 -0.01741381 0.13589974 -0.05179880 0.03889145 0.04362149 0.01270056 -0.00986321 -0.00375939 0.07873357 -0.35758507 0.23020724 0.12826675 -0.07300113 0.35395082 0.17513904 0.10998440 0.23741540 0.40962772 0.04759145 0.28594401 0.32069552 1.00000000 0.16987297 0.16492939 -0.05733990 -0.25136591 -0.24054295 0.00251979 0.02373150 -0.24891515 0.15091080 -0.01240939 -0.07241207 0.05802144 -0.07464872 0.13842660 0.01370802 0.05880065 -0.04097704 -0.05661466 0.02338816 -0.00626212 0.15928724 0.08172709 0.04803902 -0.02464990 -0.09407959 -0.01348977 -0.07374487 -0.02332260 -0.00723045 0.13286868 0.08739554 0.14744873 0.12809152 0.03955045 0.08077704 0.18486451 0.00011362 -0.06275823 -0.05492115 -0.03257185 0.11291184 -0.00893931 0.01785271 0.02533546 -0.14238161 0.11597793 0.02273159 -0.06381523 0.32938162 0.02599333 0.00271511 0.06952238 -0.01912102
-0.00292960 -0.17863653 -0.03474114 0.16819918 -0.14139435 -0.06672000 -0.07939159 -0.05468793 -0.17488869 -0.12261448 0.00463719 -0.02807521 -0.10968206 0.20041965 0.31241838 0.16763995 0.23386205 0.41379107 0.20298451 0.28183752 0.15474397 0.06723102 0.33842152 0.41925272 0.16987297 1.00000000 0.18850145 -0.14148200 -0.05270462 0.13207882 0.00572455 0.06294245 -0.05010222 0.01961383 -0.02816005 0.02661349 0.06731988 -0.09671772 0.12836327 -0.10106873 -0.26823416 -0.25175103 -0.02375343 -0.19689376 0.25873294 0.10477319 -0.07471839 0.04258693 -0.07347276 0.02018567 -0.07845523 -0.22222448 0.19753363 0.11458386 0.22073986 0.13805946 0.09565611 0.38837462 0.03589451 -0.08905231 0.18367561 0.36028973 0.11641499 0.06663264 0.04433971 -0.27426370 0.02748889 0.02971441 0.00984078 -0.10450645 -0.02684337 -0.26112708 -0.39760895 0.02178681 -0.25406043 -0.37123020 -0.04192886 -0.08365099
-0.33012876 -0.18934312 0.14864778 0.20622078 0.21148301 0.04239857 0.04758878 -0.15075472 0.19973057 0.01455726 -0.01718127 -0.00436293 -0.12718673 0.06887778 0.15773291 0.00511569 -0.06877205 0.19384348 0.15735363 0.12936889 0.22390417 0.17648919 0.21460157 0.24680421 0.16492939 0.18850145 1.00000000 0.03767507 -0.09604535 0.04157615 0.12319167 0.14569292 0.38762687 0.27315262 0.16297993 0.15947414 0.20934485 0.22348600 0.31160317 -0.19753757 0.05452444 -0.23795572 -0.12937761 -0.07670874 -0.12323137 -0.02418024 -0.01040722 -0.00680110 -0.06702478 -0.32077919 0.03821064 -0.10305033 0.04907979 -0.07460833 0.01731745 -0.02556711 0.31461162 0.29177500 0.07762157 0.04883029 0.10869096 0.29850392 0.02029258 -0.20482436 0.11227757 -0.11055951 0.06711468 -0.07396232 0.00735989 0.22275237 -0.16497935 0.02451134 -0.08648283 0.04103528 -0.04864863 -0.10593133 0.09830668 -0.16056388
0.16781906 0.09731938 -0.15867579 0.13459673 0.13831564 0.03067272 -0.04930871 -0.04046720 0.08877779 0.06644504 0.01371338 -0.21334158 0.03371421 0.03510219 0.00584379 0.09045722 -0.02652698 -0.01970641 -0.17822982 -0.05981591 0.14420174 -0.23377604 0.20082349 -0.01223347 -0.05733990 -0.14148200 0.03767507 1.00000000 0.13571738 0.13656631 0.19868404 0.13394421 0.31009292 0.31812897 0.00814858 0.19113594 0.23932026 0.12702731 0.24090920 0.21144400 0.18665322 -0.02999650 0.01124337 0.38004888 -0.01704474 0.14208682 0.26605687 -0.02449164 0.10064113 -0.10951672 0.15677975 0.30008905 -0.06219703 0.02329064 -0.04800105 -0.04958732 0.06489039 -0.18160576 0.01458505 0.04531785 -0.33553234 -0.07946693 -0.08393136 -0.02519188 0.03523661 0.15513152 0.11520097 0.10549782 0.19624068 0.01540499 0.11763785 0.02479145 0.06309189 0.12182151 0.00279279 0.03340051 0.02992067 0.14644612
-0.02560435 -0.19901628 0.06421172 0.22872301 -0.15658112 0.07095548 -0.01103968 -0.24731655 -0.03398802 0.00355474 -0.07237238 -0.08546396 0.15870520 -0.14056524 -0.02771583 -0.09508134 -0.16284936 -0.11846825 -0.01857361 -0.06521209 -0.19961488 0.04256907 0.05438400 -0.21379062 -0.25136591 -0.05270462 -0.09604535 0.13571738 1.00000000 0.05133679 0.21495856 0.30471322 0.05898500 -0.01541830 0.02856005 0.10504697 -0.03864019 0.21400970 0.01271166 0.09714946 0.02200565 0.09846843 0.05345436 -0.01910616 -0.08170790 0.19589880 0.03029466 0.09125302 -0.05900328 -0.03505495 0.11766158 0.07276974 -0.17276751 -0.01821863 -0.26550941 -0.13432725 -0.10915475 -0.19978999 -0.13679381 -0.30224920 -0.29729610 0.07448884 -0.39991008 -0.02723932 0.00147497 -0.03418202 0.20744246 -0.17910376 -0.05962690 -0.06965315 0.09395304 0.05405593 0.03235270 -0.07335629 0.13749399 0.03736876 -0.13794383 0.09139517
-0.22102954 -0.16101953 0.18389687 -0.09620791 -0.01415596 0.02343169 0.04725278 0.01881742 0.00954167 0.01541118 0.16845371 0.05223223 0.09644691 0.15283609 -0.05749525 -0.01717462 -0.15505593 0.09378177 -0.01071614 0.17938590 -0.05074583 -0.02017590 -0.05794102 -0.13172471 -0.24054295 0.13207882 0.04157615 0.13656631 0.05133679 1.00000000 0.21871819 0.03631408 0.29354443 0.08629276 0.24673275 -0.00451741 0.13672943 -0.00338540 0.16168888 -0.12456807 -0.17227669 0.11257362 0.10195856 -0.08329796 0.20039303 -0.11340786 0.03942097 -0.02453421 -0.03504391 0.21191036 -0.00122002 0.09164038 -0.06337063 0.02059864 -0.03999129 -0.17639422 0.00244870 -0.01231733 -0.02627334 -0.07399083 -0.13281718 0.22418805 0.18895869 0.02183784 -0.06692741 0.01472283 0.06417032 -0.00794556 0.17650591 0.28389259 0.08009156 0.05901430 0.14647385 -0.03535333 -0.09208354 0.01849675 0.19983672 0.10246486
-0.02486776 -0.22456002 0.04373907 -0.05897234 -0.16106663 0.08778541 0.10665661 -0.00294203 -0.25294788 -0.00530503 -0.15924532 0.03969936 -0.05407502 0.27182687 -0.16588114 -0.04537840 -0.11126521 0.02935543 0.11975521 0.00763304 -0.09965468 0.11057525 0.05616900 0.15207869 0.00251979 0.00572455 0.12319167 0.19868404 0.21495856 0.21871819 1.00000000 0.42346103 0.08913303 0.19968882 0.21738836 0.21828054 0.28240564 0.11935740 0.36904201 -0.06053991 0.16264018 -0.18305180 0.12174080 0.19642750 0.13430994 0.22416612 0.05870899 0.20615737 0.04954797 0.19900344 0.25463346 0.08137848 -0.24219815 0.07369687 -0.15854412 -0.32810182 -0.03215140 -0.13044619 0.04126175 -0.13707692 -0.08179290 -0.00161612 -0.04460928 -0.09270048 -0.19933246 -0.00457423 0.19821067 0.05091257 -0.06716851 0.12041048 0.36344866 0.07909022 -0.11712411 0.17147835 -0.09583006 0.05181066 0.18811988 0.15017380
-0.08568504 -0.09399223 -0.03859130 -0.07523721 0.01289752 0.06146697 0.15336681 -0.07044442 -0.01257137 -0.00959742 -0.07356143 -0.14669778 0.00177570 0.14080224 -0.14690834 0.08531424 -0.08022401 -0.11949164 0.24088810 -0.09503883 -0.05744856 0.03091649 0.05206943 0.05585123 0.02373150 0.06294245 0.14569292 0.13394421 0.30471322 0.03631408 0.42346103 1.00000000 0.03386528 0.21084502 0.32763624 -0.01929002 -0.00254732 0.21023754 0.22287868 0.08062895 0.14678469 0.03978768 -0.06638682 0.01213754 -0.07447447 0.21315633 -0.00727972 0.21474584 -0.17151016 0.16134331 0.19565069 0.01244139 -0.22278698 0.00959401 -0.02922797 -0.12303427 -0.07595748 -0.05354449 0.09497015 -0.11533497 -0.21178750 0.15677650 -0.25743087 -0.17926913 -0.09229472 -0.23086219 0.09687806 0.02742886 -0.09438466 0.15413454 0.12153047 0.09393007 0.06563588 -0.07308840 0.17375700 0.01608139 -0.06893244 0.01341549
-0.16650010 -0.11900131 0.17693431 0.13725631 0.04592123 0.12325363 -0.08686436 -0.13067867 0.10006874 -0.00447778 0.03370335 -0.03853183 0.21343005 0.13492746 0.19447412 0.21281775 -0.03654908 0.02444506 0.16021205 -0.06325624 0.05710638 0.22281740 0.04059915 -0.02244201 -0.24891515 -0.05010222 0.38762687 0.31009292 0.05898500 0.29354443 0.08913303 0.03386528 1.00000000 0.39311445 0.10684850 0.22564587 0.18795977 0.27071702 0.05892564 -0.09593863 -0.00395996 -0.00935839 0.07711117 0.11705472 -0.03173164 -0.03547306 0.07674446 0.10270848 0.03403170 -0.03974956 -0.00334609 0.24876509 0.11891682 0.06577346 -0.07436543 -0.08754708 0.32494090 0.05755477 0.09538194 0.02575175 -0.08623407 0.14729660 -0.07473556 -0.16048392 0.09878184 0.04395057 0.08872914 0.15052899 0.19835531 0.14837010 -0.08031510 0.15257034 0.14537406 0.06717752 0.06469243 0.13453494 -0.05090337 0.09445920
-0.07016383 -0.00274303 0.02605039 -0.16372418 0.18956382 0.11750826 0.09425689 0.01076305 -0.08632727 -0.05695936 -0.11018659 0.24632134 -0.08899296 0.18087965 0.03345457 0.14396150 0.16963338 0.02937327 0.16760273 0.02696167 0.26814342 0.06815755 0.12367616 0.09453099 0.15091080 0.01961383 0.27315262 0.31812897 -0.01541830 0.08629276 0.19968882 0.21084502 0.39311445 1.00000000 0.22220923 0.28205860 0.16354921 0.32246360 0.33695783 -0.12665259 0.15506300 0.04960337 -0.01341815 -0.05235679 0.03656196 0.18328732 0.01560593 0.37605719 0.00332909 0.12356709 0.10583004 0.07947705 0.03887589 -0.03454010 0.07368612 -0.04397731 0.17034929 0.11479973 -0.03935252 -0.02379481 -0.12150959 0.02105736 -0.12352101 -0.09908177 -0.08981601 0.06663604 -0.18901338 0.09593875 -0.00352542 0.01333111 -0.09216439 0.18477997 0.17714687 0.05515788 0.09785071 -0.04439015 0.00532238 -0.02369523
-0.18282956 -0.10368989 0.19625126 -0.15071638 0.00317548 0.11903334 0.11359088 -0.08214264 0.09539738 0.07393809 0.09459790 0.10635241 0.02601303 -0.02839277 -0.05702634 0.04517537 -0.06240337 -0.17298221 0.08664842 -0.01579315 -0.07380967 0.04476246 -0.13317592 -0.01292253 -0.01240939 -0.02816005 0.16297993 0.00814858 0.02856005 0.24673275 0.21738836 0.32763624 0.10684850 0.22220923 1.00000000 0.32411899 0.02345002 0.04470766 0.33101858 -0.16853678 0.09990168 0.04751532 0.13317991 -0.12659613 -0.01554014 0.06068429 -0.18573276 0.22449671 -0.16554595 0.27871427 -0.11654068 -0.08621379 -0.06724508 -0.15013864 -0.02176630 -0.19144743 -0.09799810 -0.12410576 0.04190413 -0.15653779 -0.11748585 0.17307295 0.09375564 -0.06272216 -0.11035010 0.07303982 0.18729829 0.22096864 0.04114729 0.38838105 -0.05969721 0.17714219 0.13099669 -0.03359217 -0.04405112 0.09041808 -0.06399440 0.14615355
-0.10748231 -0.17560292 0.12455733 -0.22691647 0.05777259 0.10246360 0.14075555 -0.17173648 -0.03008558 0.13852136 -0.06137549 0.14623370 -0.01052572 0.18341530 0.03867072 0.20170893 0.02124494 -0.19591157 -0.02204491 0.06621988 -0.12240919 0.09182803 0.00437194 0.06964461 -0.07241207 0.02661349 0.15947414 0.19113594 0.10504697 -0.00451741 0.21828054 -0.01929002 0.22564587 0.28205860 0.32411899 1.00000000 0.22141953 0.16816864 0.32166994 -0.08061787 0.04189824 0.07714661 0.14875671 0.00848813 0.01533153 -0.00589107 -0.17093436 0.15172968 0.00529067 0.07820222 -0.05616351 0.05425091 0.14485822 -0.10868859 -0.08534894 -0.24703524 0.14116508 -0.19772637 0.12909608 -0.07024015 -0.07750505 -0.07178141 -0.11687169 -0.11209523 -0.19442858 0.22653020 0.20707890 0.02557570 -0.00931995 0.13966740 -0.00115072 0.20624604 0.18233237 0.06936734 -0.03792231 0.06062221 0.09783763 -0.01763579
-0.12414875 0.02080567 -0.06243139 0.01030624 0.25694397 0.12386015 0.23265581 0.02164331 0.13151642 0.06413398 0.08236500 0.10498618 0.01421859 0.15038872 -0.16930194 0.06394802 -0.05134869 -0.00297419 -0.19366256 -0.07266891 0.08602069 0.12039282 0.10576950 0.28433818 0.05802144 0.06731988 0.20934485 0.23932026 -0.03864019 0.13672943 0.28240564 -0.00254732 0.18795977 0.16354921 0.02345002 0.22141953 1.00000000 0.04154687 0.16076826 -0.02355850 -0.07444158 -0.07341860 -0.02639568 0.29228519 -0.28681996 -0.09517482 0.04301273 -0.05787308 0.00354028 -0.14411084 -0.15956512 0.17467777 0.02162885 0.02832850 -0.18298575 -0.20714145 0.11498668 -0.02323260 0.30242893 0.08520505 0.17068960 0.00298299 0.03871070 0.08250105 -0.24221680 0.07483416 0.20518162 -0.03101525 0.07279278 0.16872138 0.28641698 0.25027070 0.00969697 0.24865540 -0.22755787 0.09389868 0.04016664 0.08588200
-0.14728420 -0.00069298 0.09287399 0.08383917 -0.15336669 0.03207405 -0.05844069 -0.07994498 -0.02815575 0.00636833 -0.14012448 -0.02505947 -0.09903941 0.02431057 -0.01939571 0.15403352 -0.08438487 -0.14084255 -0.02765688 -0.25525384 0.01275663 0.00353341 -0.08523394 -0.04110252 -0.07464872 -0.09671772 0.22348600 0.12702731 0.21400970 -0.00338540 0.11935740 0.21023754 0.27071702 0.32246360 0.04470766 0.16816864 0.04154687 1.00000000 0.14965103 -0.06576764 0.04344598 -0.03977291 -0.03993936 -0.00488982 0.11637666 0.16242474 -0.05177847 0.09806228 0.19506172 -0.09557962 0.04673862 0.11439691 -0.02019972 -0.02625825 -0.06108284 -0.11216891 0.06885949 -0.08149175 -0.05290328 -0.12297956 -0.08893095 0.16046904 -0.04590041 -0.11062924 0.15640582 -0.01534768 -0.20771200 -0.02128187 0.03581747 0.12235572 -0.13604588 0.26529663 0.12948849 -0.17221874 0.12156102 0.00357870 -0.11184870 -0.20177421
-0.16511498 -0.23344464 0.16293426 -0.10290723 0.17757170 0.12783585 0.05592981 0.04312751 0.05971849 0.01565507 0.04929391 0.05181052 0.03722324 0.14804651 -0.17961679 -0.01411988 -0.16222107 0.10167479 -0.13407906 -0.01086027 0.04300691 -0.17480686 0.04252470 0.08162877 0.13842660 0.12836327 0.31160317 0.24090920 0.01271166 0.16168888 0.36904201 0.22287868 0.05892564 0.33695783 0.33101858 0.32166994 0.16076826 0.14965103 1.00000000 -0.11681966 0.19877011 -0.16625533 0.17428833 0.00601025 -0.03017302 0.18079800 0.01814810 0.17818069 -0.03959055 0.02270322 0.10316022 -0.25113946 -0.05997731 -0.14885665 0.02917225 -0.17013977 0.19178985 0.02946008 -0.12561066 -0.00811302 0.08434912 0.14300114 -0.05449441 -0.27195628 0.07586124 -0.01810977 0.06879376 0.08451131 -0.01069608 0.19763459 0.08769254 0.23406105 0.08273100 0.09090030 -0.02289793 -0.23866714 0.16878600 0.00609854
0.09839751 0.13049321 -0.26991002 -0.07039943 -0.13429608 -0.17106825 -0.14560258 -0.10945109 -0.10729830 -0.13525495 -0.12587801 -0.18078689 -0.00812904 -0.05208753 -0.01784195 0.03672858 0.09964139 -0.02058520 0.02806029 -0.13015255 0.04762913 -0.01829118 -0.01481185 -0.03604344 0.01370802 -0.10106873 -0.19753757 0.21144400 0.09714946 -0.12456807 -0.06053991 0.08062895 -0.09593863 -0.12665259 -0.16853678 -0.08061787 -0.02355850 -0.06576764 -0.11681966 1.00000000 0.03047485 0.12597572 0.00859556 0.23152023 -0.07576425 0.06304021 0.26737474 0.19867109 -0.03856936 0.01354856 0.08573601 0.28906033 -0.14968821 -0.08017274 -0.04738881 0.02135844 -0.00069615 -0.09078633 0.14671148 0.12742078 -0.12070131 -0.04071648 -0.05290468 0.08760852 -0.21257019 0.03158600 0.10987927 -0.06200863 -0.05851920 -0.21423137 0.02916112 -0.03390725 -0.10319400 0.03112500 0.20218822 0.04183459 -0.31943713 -0.08613789
-0.02045250 0.19212084 0.14185488 -0.07457981 0.10103737 0.16936352 0.18942388 0.09763799 -0.05610025 0.27481351 -0.06334003 -0.06563377 -0.01313779 0.04758536 -0.04516563 -0.11299474 0.01099731 0.09683597 0.01407407 0.00344334 0.10213464 -0.12351634 0.03437537 -0.03803941 0.05880065 -0.26823416 0.05452444 0.18665322 0.02200565 -0.17227669 0.16264018 0.14678469 -0.00395996 0.15506300 0.09990168 0.04189824 -0.07444158 0.04344598 0.19877011 0.03047485 1.00000000 0.34849484 0.11159937 0.31406671 -0.08370787 0.16530979 0.07685151 0.02426816 0.09396168 0.19216751 0.23137468 0.09354320 0.10241007 -0.12448194 -0.10975491 -0.14686696 -0.19204129 -0.23573258 -0.05194262 0.11285971 -0.21647840 -0.26097247 -0.05218947 -0.04864497 -0.04625684 0.08630729 -0.13315137 0.02476148 0.16460630 0.08269790 0.04928831 0.08741205 0.10169028 0.10830283 0.04397239 0.09108165 0.02838088 -0.01548603
-0.06429670 0.10952652 0.04355928 -0.38036463 0.13159413 -0.03322392 0.17090111 0.09786863 0.04670347 0.13135512 -0.00152135 -0.02527317 0.02387540 0.07793504 -0.21477700 -0.15246245 0.10883379 0.05006777 0.14254811 0.03179403 -0.01500041 0.07571456 -0.18293014 -0.23610145 -0.04097704 -0.25175103 -0.23795572 -0.02999650 0.09846843 0.11257362 -0.18305180 0.03978768 -0.00935839 0.04960337 0.04751532 0.07714661 -0.07341860 -0.03977291 -0.16625533 0.12597572 0.34849484 1.00000000 0.27034249 0.09171565 -0.03680549 -0.06306823 0.12576423 -0.04126408 0.09051689 0.24511310 0.04670660 0.27141243 0.00827223 -0.06536790 -0.02333697 -0.08683910 -0.09374455 -0.17400129 0.05129053 0.09759911 -0.25457916 -0.12285236 -0.12884827 0.09795596 -0.24149517 0.21604571 -0.02339677 -0.17694339 -0.05912100 0.01385730 -0.03142174 0.19832037 0.38604873 0.06454228 0.19394425 0.27770269 -0.05757961 -0.06819523
-0.06062524 -0.11271933 0.17094227 -0.11584178 -0.04560930 0.07084213 -0.05607443 -0.01763267 0.00231304 0.03816419 -0.05893460 -0.10425424 0.07060661 0.01037640 -0.04718960 -0.22154847 -0.13080890 0.11923651 0.02495208 0.08657631 -0.11723886 0.16705074 -0.18466003 -0.12122300 -0.05661466 -0.02375343 -0.12937761 0.01124337 0.05345436 0.10195856 0.12174080 -0.06638682 0.07711117 -0.01341815 0.13317991 0.14875671 -0.02639568 -0.03993936 0.17428833 0.00859556 0.11159937 0.27034249 1.00000000 0.01721863 0.05178173 0.07612460 0.13550777 0.14353621 0.16174984 0.30848482 -0.00269873 0.05967490 0.08684436 -0.12624055 0.02084445 -0.17360671 0.14350486 -0.03889719 0.06431986 0.00797808 -0.03039588 0.10610954 -0.02097570 0.07427334 -0.04351868 0.15658685 0.06641572 0.01278245 0.02653023 -0.07262801 0.07168963 0.16520962 0.02306351 0.18100337 -0.01296439 -0.01093913 0.10450414 0.03461763
0.11259386 0.23918774 -0.17597259 0.00735397 -0.07489641 0.17427913 -0.00214626 0.03376171 0.02246629 0.23635283 -0.10259401 -0.13505754 -0.05552593 0.11057963 -0.06494627 -0.01889797 0.03193374 -0.07232866 -0.17962893 0.00697583 0.05996989 -0.16863370 0.04247321 0.03013878 0.02338816 -0.19689376 -0.07670874 0.38004888 -0.01910616 -0.08329796 0.19642750 0.01213754 0.11705472 -0.05235679 -0.12659613 0.00848813 0.29228519 -0.00488982 0.00601025 0.23152023 0.31406671 0.09171565 0.01721863 1.00000000 -0.04602968 0.11003845 0.19928676 -0.18101526 0.29033308 0.00914033 0.12026879 0.29901463 -0.05627499 0.03541950 -0.19898333 -0.01575193 -0.08417730 -0.25439571 0.11934633 0.16245579 -0.01447748 -0.22457826 0.10773771 -0.07786156 0.02143011 0.04961936 -0.02748639 0.16612299 0.10848840 0.03863607 0.22771299 0.00614384 0.03639159 0.23489361 -0.11624281 0.16207970 -0.02137693 0.06069994
0.05828363 -0.01976601 -0.09398645 0.03132508 -0.28610096 -0.09113824 -0.13504433 0.14977393 -0.42166002 -0.04296983 -0.28147017 -0.10355790 -0.11979544 0.10122189 0.30052749 0.10103852 0.13090382 0.19527928 0.21948193 0.22568777 0.08685685 -0.11530555 -0.11355014 -0.01787565 -0.00626212 0.25873294 -0.12323137 -0.01704474 -0.08170790 0.20039303 0.13430994 -0.07447447 -0.03173164 0.03656196 -0.01554014 0.01533153 -0.28681996 0.11637666 -0.03017302 -0.07576425 -0.08370787 -0.03680549 0.05178173 -0.04602968 1.00000000 0.18503022 0.09379424 0.04820042 0.13384283 0.17146205 0.21330153 0.18356665 -0.08925515 0.06638435 0.13745913 0.03670820 -0.04892757 0.00870818 -0.16607263 -0.18049212 -0.15520983 0.07420653 0.10899553 0.14183500 0.07699098 -0.09226009 -0.10696815 -0.07056295 -0.07960440 -0.10298932 -0.01358502 -0.19594831 -0.12523750 -0.08453245 -0.02019971 -0.12160533 0.11677494 0.01673921
0.01129638 -0.00978290 0.07752585 -0.02379311 -0.36616946 0.16567721 -0.13167241 0.06852614 -0.25689092 -0.05667132 -0.12113126 0.02366822 -0.18089356 0.00720783 0.08143873 0.05885741 0.17141992 0.10936889 0.07441481 -0.01536888 0.06882538 0.00322666 0.04344800 0.21943873 0.15928724 0.10477319 -0.02418024 0.14208682 0.19589880 -0.11340786 0.22416612 0.21315633 -0.03547306 0.18328732 0.06068429 -0.00589107 -0.09517482 0.16242474 0.18079800 0.06304021 0.16530979 -0.06306823 0.07612460 0.11003845 0.18503022 1.00000000 0.08100461 0.30071395 0.15886214 0.17177221 0.16384334 -0.15654497 -0.13535849 0.07299261 -0.00648048 -0.08957795 0.04459579 -0.09536669 -0.01457149 -0.22660100 -0.08318150 0.08681203 -0.21411484 0.05443943 -0.00110802 -0.01922100 0.03921577 -0.04324676 -0.02097727 -0.17140187 0.20843492 0.10350967 -0.12690264 -0.06175039 -0.05142899 -0.08536298 -0.06446144 -0.00554808
0.05752650 -0.05257681 -0.19696783 0.08605667 0.00181661 -0.10475250 -0.11931597 0.18821515 -0.12288384 -0.10804679 -0.11692432 -0.25209875 -0.13119891 0.02838193 0.10840869 -0.14654361 0.07151222 0.23606200 -0.01014262 0.10127895 0.23163472 -0.04657673 0.04077124 -0.08281488 0.08172709 -0.07471839 -0.01040722 0.26605687 0.03029466 0.03942097 0.05870899 -0.00727972 0.07674446 0.01560593 -0.18573276 -0.17093436 0.04301273 -0.05177847 0.01814810 0.26737474 0.07685151 0.12576423 0.13550777 0.19928676 0.09379424 0.08100461 1.00000000 0.13335588 -0.02726046 -0.00560111 0.20307077 0.29139328 0.01076923 0.23277036 0.13989130 0.12486653 0.17742843 0.14957743 0.04649928 0.14976957 -0.00981509 0.10392688 -0.13131144 0.06447458 -0.02139431 0.13115969 0.09053136 0.03752962 0.04842829 -0.01583976 0.12229562 0.05285908 -0.04429093 0.29259721 0.23486762 -0.02051032 -0.12635229 0.25863596
-0.13590769 -0.16853348 0.04406597 -0.05112373 -0.04426532 0.07070591 -0.00727183 0.08445552 -0.29982999 -0.08897716 -0.14314523 0.07116578 -0.01503929 0.12928539 0.07410524 0.12763986 0.19529780 0.00496748 0.21329663 -0.02512603 0.15308067 0.07019186 -0.05785513 0.02832812 0.04803902 0.04258693 -0.00680110 -0.02449164 0.09125302 -0.02453421 0.20615737 0.21474584 0.10270848 0.37605719 0.22449671 0.15172968 -0.05787308 0.09806228 0.17818069 0.19867109 0.02426816 -0.04126408 0.14353621 -0.18101526 0.04820042 0.30071395 0.13335588 1.00000000 -0.02773195 0.26846995 0.17527873 -0.14974898 -0.10831159 -0.03970289 -0.01042653 -0.18815142 0.16832687 0.00657238 0.14486454 -0.06170835 -0.13948453 0.11003393 -0.26476134 -0.04746326 -0.06458007 -0.12980989 -0.06466906 0.20874090 -0.09602593 -0.06089946 0.07943097 -0.04834977 -0.09189357 -0.09769355 0.11518275 -0.12740307 -0.08601245 0.07763787
0.12234293 0.28374491 0.02603242 0.00625056 -0.16657940 0.25320960 0.12981255 0.27257859 -0.00921072 0.10267709 0.00827220 0.13625921 0.03486948 -0.00457890 -0.01647890 0.04382329 0.01123566 0.00477213 -0.08990981 -0.03083166 0.09794948 -0.15512173 -0.13301874 0.03910599 -0.02464990 -0.07347276 -0.06702478 0.10064113 -0.05900328 -0.03504391 0.04954797 -0.17151016 0.03403170 0.00332909 -0.16554595 0.00529067 0.00354028 0.19506172 -0.03959055 -0.03856936 0.09396168 0.09051689 0.16174984 0.29033308 0.13384283 0.15886214 -0.02726046 -0.02773195 1.00000000 0.11112401 0.09593274 0.16406410 0.08079468 0.04985402 0.05982658 -0.04932910 0.07828101 -0.05410165 0.17931861 0.08534858 0.00186079 0.02547037 0.14321715 0.13254993 0.19109986 0.13857292 -0.21438963 -0.03454242 0.05730671 -0.13199547 0.02815221 -0.14934947 0.00828330 -0.06580319 -0.22191863 -0.03057990 0.06277873 -0.11373516
0.04543164 0.05282181 0.19841814 -0.43181317 -0.20593337 0.16595279 0.16328953 0.11594348 -0.18209036 0.05907934 0.00555302 0.13529288 0.04024852 0.09425149 -0.03938618 -0.02793849 -0.01757976 0.03709411 0.21458687 -0.04567444 -0.03353496 0.01115484 -0.06070667 0.02489669 -0.09407959 0.02018567 -0.32077919 -0.10951672 -0.03505495 0.21191036 0.19900344 0.16134331 -0.03974956 0.12356709 0.27871427 0.07820222 -0.14411084 -0.09557962 0.02270322 0.01354856 0.19216751 0.24511310 0.30848482 0.00914033 0.17146205 0.17177221 -0.00560111 0.26846995 0.11112401 1.00000000 -0.01109415 0.14790604 0.05253984 0.07533254 -0.12885312 -0.15799098 -0.11171675 -0.15299268 0.15779888 -0.06219610 -0.18041154 -0.06855683 0.06302564 0.03867415 -0.16812085 0.08415362 -0.13425148 0.05746181 0.06145126 -0.03786072 0.06141861 0.01926838 0.10451430 -0.03382528 -0.09538861 0.10239288 -0.09785420 0.11232588
0.01800654 -0.12361844 -0.10501656 0.05937370 0.07042130 -0.10597292 -0.02419567 0.04790152 -0.33629450 -0.12823319 -0.24743844 -0.13236992 0.00210540 -0.01324101 0.02117900 0.05912698 -0.01338566 0.00887516 0.10441890 0.06686792 0.13906517 -0.10963612 0.02206991 -0.14127745 -0.01348977 -0.07845523 0.03821064 0.15677975 0.11766158 -0.00122002 0.25463346 0.19565069 -0.00334609 0.10583004 -0.11654068 -0.05616351 -0.15956512 0.04673862 0.10316022 0.08573601 0.23137468 0.04670660 -0.00269873 0.12026879 0.21330153 0.16384334 0.20307077 0.17527873 0.09593274 -0.01109415 1.00000000 0.08888032 -0.26463357 0.10191376 -0.01554823 -0.03005512 -0.07951298 -0.06953247 -0.10471800 -0.04228459 -0.36243212 -0.19146609 -0.20022049 0.00271189 -0.05785014 -0.26869352 -0.00041896 0.03716756 -0.11501115 -0.16829851 -0.00419017 -0.29253923 -0.08772728 -0.15589950 0.02705776 -0.27433484 0.03865122 -0.18506509
0.12328774 0.18212845 -0.33967728 -0.08682884 -0.07939583 -0.12856316 0.00015529 -0.02198556 0.00876525 -0.10514188 -0.22721945 -0.16433120 0.05461941 0.10155150 0.15019723 0.17780099 -0.11382723 -0.10112264 0.21971310 -0.22965615 0.08352637 0.07658768 -0.01112061 -0.06224661 -0.07374487 -0.22222448 -0.10305033 0.30008905 0.07276974 0.09164038 0.08137848 0.01244139 0.24876509 0.07947705 -0.08621379 0.05425091 0.17467777 0.11439691 -0.25113946 0.28906033 0.09354320 0.27141243 0.05967490 0.29901463 0.18356665 -0.15654497 0.29139328 -0.14974898 0.16406410 0.14790604 0.08888032 1.00000000 0.06549214 0.28566567 -0.03868369 -0.08058358 -0.04393136 -0.13405110 0.18740864 0.27967431 -0.29675557 -0.05586002 0.06108817 0.15880502 -0.09658290 0.29149214 0.10136648 0.01880573 0.07314109 0.09784341 0.05785778 0.20226569 0.31560323 0.26447193 0.19612072 0.36732754 0.00080004 0.27231830
0.01544637 0.06518823 0.20303647 0.03015422 0.00582022 -0.10104562 0.13317790 -0.06187370 0.03370781 0.08804959 0.13395080 -0.03356189 0.06831022 -0.07477156 0.16795470 0.11391472 0.05233171 0.08961723 -0.06368575 0.12088043 0.00227418 0.11582038 0.04460828 0.10253030 -0.02332260 0.19753363 0.04907979 -0.06219703 -0.17276751 -0.06337063 -0.24219815 -0.22278698 0.11891682 0.03887589 -0.06724508 0.14485822 0.02162885 -0.02019972 -0.05997731 -0.14968821 0.10241007 0.00827223 0.08684436 -0.05627499 -0.08925515 -0.13535849 0.01076923 -0.10831159 0.08079468 0.05253984 -0.26463357 0.06549214 1.00000000 0.11494383 0.17786177 0.21776003 0.23149414 0.33034308 0.16846874 0.25539565 0.17692475 -0.01250034 0.31542583 0.10228207 0.22093397 0.07014132 -0.15318504 0.08648394 0.18896684 -0.07060501 -0.27111249 0.05077743 -0.09163947 0.07686053 -0.10702903 -0.17858563 -0.15073170 -0.00914021
0.23678756 0.02882692 -0.16750186 0.11011747 -0.11984878 -0.08322838 -0.17540142 0.14747167 0.00059692 -0.10042966 0.01539990 -0.15524562 -0.00815272 0.07684100 0.21069144 0.09008266 0.04248884 0.08383664 0.10689196 -0.10581594 0.08986833 -0.06941165 0.12017561 0.07087999 -0.00723045 0.11458386 -0.07460833 0.02329064 -0.01821863 0.02059864 0.07369687 0.00959401 0.06577346 -0.03454010 -0.15013864 -0.10868859 0.02832850 -0.02625825 -0.14885665 -0.08017274 -0.12448194 -0.06536790 -0.12624055 0.03541950 0.06638435 0.07299261 0.23277036 -0.03970289 0.04985402 0.07533254 0.10191376 0.28566567 0.11494383 1.00000000 0.33008158 0.04669442 0.18744361 0.31528246 0.19128075 0.33216420 0.12642439 0.11614992 0.04614422 0.18133601 0.26260586 0.27143532 -0.01982561 0.08395545 -0.02411736 0.14691915 0.10322017 0.10044607 0.01857330 0.10902330 0.15625978 0.14276944 -0.14183656 0.35734483
0.16308658 0.08984622 -0.08620817 0.09910899 0.12446639 -0.05635287 -0.13676724 0.19231118 -0.06424404 0.11462100 0.03270092 -0.06337146 -0.20146278 0.05952956 0.24369263 0.04073137 0.17603934 0.20643160 0.07681334 0.09212789 0.21656415 -0.27242606 -0.05142703 -0.01820144 0.13286868 0.22073986 0.01731745 -0.04800105 -0.26550941 -0.03999129 -0.15854412 -0.02922797 -0.07436543 0.07368612 -0.02176630 -0.08534894 -0.18298575 -0.06108284 0.02917225 -0.04738881 -0.10975491 -0.02333697 0.02084445 -0.19898333 0.13745913 -0.00648048 0.13989130 -0.01042653 0.05982658 -0.12885312 -0.01554823 -0.03868369 0.17786177 0.33008158 1.00000000 0.32173411 0.17151080 0.51856416 0.08478881 0.28022187 0.21528769 0.17735925 0.09839756 0.00481193 0.21030151 0.09690502 -0.00028861 0.10597199 -0.16185475 -0.09586835 -0.08210548 -0.01343495 -0.06526078 0.02087429 0.15538396 -0.09698481 -0.11904057 0.05799555
0.15902347 0.02451329 -0.03499969 0.11494436 0.04635647 -0.07921383 -0.03273377 0.13808934 -0.01130678 -0.02800427 0.05573519 -0.22220600 -0.10668892 -0.18310030 0.19348802 -0.07090830 0.03817843 0.16337345 0.02969768 0.08433508 -0.01776818 -0.14124299 0.00418474 0.05299094 0.08739554 0.13805946 -0.02556711 -0.04958732 -0.13432725 -0.17639422 -0.32810182 -0.12303427 -0.08754708 -0.04397731 -0.19144743 -0.24703524 -0.20714145 -0.11216891 -0.17013977 0.02135844 -0.14686696 -0.08683910 -0.17360671 -0.01575193 0.03670820 -0.08957795 0.12486653 -0.18815142 -0.04932910 -0.15799098 -0.03005512 -0.08058358 0.21776003 0.04669442 0.32173411 1.00000000 0.28318472 0.37712948 0.00219590 0.10877686 0.19931407 0.03726794 0.28422398 0.21192370 0.28101059 -0.05150605 -0.10647856 0.07066620 -0.13211973 -0.32384396 -0.27966727 -0.31283583 -0.27684787 -0.07889718 -0.00164342 -0.22295998 -0.26416959 -0.14283528
-0.00907329 -0.12944883 0.23289909 0.16976342 0.17020015 0.01760433 0.06072793 0.05368473 0.07589818 -0.03026986 0.10862301 -0.06468703 0.16730456 0.02536373 0.04112537 0.01356268 0.11667642 0.14017248 0.06922992 0.00340851 0.00996516 0.10243443 0.02974186 0.10329940 0.14744873 0.09565611 0.31461162 0.06489039 -0.10915475 0.00244870 -0.03215140 -0.07595748 0.32494090 0.17034929 -0.09799810 0.14116508 0.11498668 0.06885949 0.19178985 -0.00069615 -0.19204129 -0.09374455 0.14350486 -0.08417730 -0.04892757 0.04459579 0.17742843 0.16832687 0.07828101 -0.11171675 -0.07951298 -0.04393136 0.23149414 0.18744361 0.17151080 0.28318472 1.00000000 0.46947039 0.23808214 0.20132394 0.33854080 0.27170960 -0.01257585 0.03002844 0.29340985 0.00301951 -0.04007475 -0.13143595 -0.12315020 -0.13884320 -0.15982547 0.11513512 -0.13103182 -0.06344777 -0.10491276 -0.30521188 -0.11647578 -0.00912586
0.01854366 -0.08152259 0.06830969 0.25101473 0.11109563 -0.12279898 0.02146125 0.07359340 -0.00129555 -0.07380181 0.01853512 -0.06025668 -0.07602715 0.01667759 0.16466033 0.03460557 0.24389202 0.29948811 0.13416786 0.08206327 0.10279686 0.03999590 0.13466603 0.24197714 0.12809152 0.38837462 0.29177500 -0.18160576 -0.19978999 -0.01231733 -0.13044619 -0.05354449 0.05755477 0.11479973 -0.12410576 -0.19772637 -0.02323260 -0.08149175 0.02946008 -0.09078633 -0.23573258 -0.17400129 -0.03889719 -0.25439571 0.00870818 -0.09536669 0.14957743 0.00657238 -0.05410165 -0.15299268 -0.06953247 -0.13405110 0.33034308 0.31528246 0.51856416 0.37712948 0.46947039 1.00000000 0.14719176 0.30868914 0.43720380 0.36334871 0.13973107 0.02396832 0.25174638 -0.12044998 0.02569240 -0.07376586 -0.18201566 -0.01843524 -0.10385729 0.00602298 -0.24247387 -0.05910229 0.03940538 -0.30486179 -0.20595092 -0.04212213
-0.00147407 0.04123185 -0.00547610 -0.14277571 -0.10812906 0.06925927 0.14787008 0.23021210 0.04055072 0.05873484 0.04607381 -0.01995805 0.04493333 0.19585002 0.11038558 0.22805825 0.11626709 0.10242134 0.12151207 -0.04637718 0.08905339 0.04154362 -0.08234415 0.15639439 0.03955045 0.03589451 0.07762157 0.01458505 -0.13679381 -0.02627334 0.04126175 0.09497015 0.09538194 -0.03935252 0.04190413 0.12909608 0.30242893 -0.05290328 -0.12561066 0.14671148 -0.05194262 0.05129053 0.06431986 0.11934633 -0.16607263 -0.01457149 0.04649928 0.14486454 0.17931861 0.15779888 -0.10471800 0.18740864 0.16846874 0.19128075 0.08478881 0.00219590 0.23808214 0.14719176 1.00000000 0.30396821 0.08215268 0.01262478 0.02171963 0.04072930 -0.02070533 0.18189864 0.15586565 -0.00902233 0.04488168 0.10267517 0.20093945 0.00128144 0.00201880 0.13595158 -0.10874569 0.13495318 0.04825277 0.00595267
-0.02751754 0.11682069 -0.18767070 -0.01947373 0.11572590 -0.09518466 0.05458871 0.17207962 0.06797629 0.00820932 -0.10988313 -0.26302213 -0.09969754 0.14020265 0.04059533 0.25266502 -0.02901886 0.01374993 0.01701576 -0.11597073 0.17515757 0.03864730 -0.15359497 0.06651346 0.08077704 -0.08905231 0.04883029 0.04531785 -0.30224920 -0.07399083 -0.13707692 -0.11533497 0.02575175 -0.02379481 -0.15653779 -0.07024015 0.08520505 -0.12297956 -0.00811302 0.12742078 0.11285971 0.09759911 0.00797808 0.16245579 -0.18049212 -0.22660100 0.14976957 -0.06170835 0.08534858 -0.06219610 -0.04228459 0.27967431 0.25539565 0.33216420 0.28022187 0.10877686 0.20132394 0.30868914 0.30396821 1.00000000 0.24158602 0.09475726 0.25073702 0.12469067 0.14631600 0.18347989 -0.15086391 -0.01007197 -0.02741633 0.17008775 0.02803029 0.07543616 0.11630180 0.20058523 0.08207071 -0.00187277 -0.17900117 -0.09254823
0.07578040 0.16035681 0.04895608 0.11193737 0.04146534 0.04659581 -0.01175852 0.12081720 0.12367886 0.05084926 0.13019548 0.09555429 -0.17608926 -0.03489803 -0.07402497 -0.12408606 -0.00295395 0.07725911 -0.19301402 -0.01361181 -0.01276514 0.04205005 -0.06986840 0.14244205 0.18486451 0.18367561 0.10869096 -0.33553234 -0.29729610 -0.13281718 -0.08179290 -0.21178750 -0.08623407 -0.12150959 -0.11748585 -0.07750505 0.17068960 -0.08893095 0.08434912 -0.12070131 -0.21647840 -0.25457916 -0.03039588 -0.01447748 -0.15520983 -0.08318150 -0.00981509 -0.13948453 0.00186079 -0.18041154 -0.36243212 -0.29675557 0.17692475 0.12642439 0.21528769 0.19931407 0.33854080 0.43720380 0.08215268 0.24158602 1.00000000 0.20382292 0.23890300 0.06393925 0.16320300 0.09398408 -0.13370044 -0.05497120 -0.12409686 0.04375074 -0.07338517 0.05535806 -0.14169645 -0.00986509 -0.07177547 -0.07295706 -0.05338525 0.07437218
-0.30227224 -0.18169494 0.00915150 0.19024529 -0.02243165 -0.03492545 -0.20654684 0.10544565 0.10025294 -0.17874303 0.05445718 -0.14348581 -0.19766756 -0.08967352 0.06945325 0.13129632 -0.05904321 0.21282856 0.16580689 -0.00330425 0.07884175 0.08027340 0.14614037 0.08721215 0.00011362 0.36028973 0.29850392 -0.07946693 0.07448884 0.22418805 -0.00161612 0.15677650 0.14729660 0.02105736 0.17307295 -0.07178141 0.00298299 0.16046904 0.14300114 -0.04071648 -0.26097247 -0.12285236 0.10610954 -0.22457826 0.07420653 0.08681203 0.10392688 0.11003393 0.02547037 -0.06855683 -0.19146609 -0.05586002 -0.01250034 0.11614992 0.17735925 0.03726794 0.27170960 0.36334871 0.01262478 0.09475726 0.20382292 1.00000000 0.06724656 0.10040460 0.24343467 -0.12931108 0.03051086 -0.14773321 -0.09195166 0.12854167 -0.13639047 -0.01266777 -0.09380704 -0.02537585 -0.01538486 -0.16133266 -0.17721220 0.09835762
-0.07443209 0.18838338 0.06668508 -0.02329563 -0.07478867 0.02207596 0.14462979 0.11654246 0.02988539 0.08316736 0.09535203 0.01492689 -0.10357783 -0.12138260 -0.02279687 0.05542923 -0.09030812 0.15064152 -0.16261459 0.09028526 -0.14659397 -0.13597448 -0.12489762 0.15936094 -0.06275823 0.11641499 0.02029258 -0.08393136 -0.39991008 0.18895869 -0.04460928 -0.25743087 -0.07473556 -0.12352101 0.09375564 -0.11687169 0.03871070 -0.04590041 -0.05449441 -0.05290468 -0.05218947 -0.12884827 -0.02097570 0.10773771 0.10899553 -0.21411484 -0.13131144 -0.26476134 0.14321715 0.06302564 -0.20022049 0.06108817 0.31542583 0.04614422 0.09839756 0.28422398 -0.01257585 0.13973107 0.02171963 0.25073702 0.23890300 0.06724656 1.00000000 0.18868510 0.17486801 0.04452738 -0.27992285 0.01545839 0.15357397 0.02057000 -0.24922201 -0.07283507 -0.25501956 -0.02797277 -0.30567589 -0.14505008 -0.03176650 -0.02434733
0.04313420 0.18722020 -0.12063313 0.09347792 -0.09232158 -0.09099803 0.18081389 0.11720332 -0.15477840 -0.04016976 0.05438997 -0.12772727 -0.12293490 -0.20196612 0.07967214 0.04141858 0.13684927 0.20179968 -0.14953053 0.02537452 0.08537185 0.00739302 -0.09957111 0.11031570 -0.05492115 0.06663264 -0.20482436 -0.02519188 -0.02723932 0.02183784 -0.09270048 -0.17926913 -0.16048392 -0.09908177 -0.06272216 -0.11209523 0.08250105 -0.11062924 -0.27195628 0.08760852 -0.04864497 0.09795596 0.07427334 -0.07786156 0.14183500 0.05443943 0.06447458 -0.04746326 0.13254993 0.03867415 0.00271189 0.15880502 0.10228207 0.18133601 0.00481193 0.21192370 0.03002844 0.02396832 0.04072930 0.12469067 0.06393925 0.10040460 0.18868510 1.00000000 0.06147286 0.04155706 -0.02090080 -0.24669501 -0.07735926 -0.06453581 -0.13911332 -0.23024246 -0.21099960 -0.07334950 -0.08218958 -0.08859466 -0.20996818 -0.08227688
0.10020248 0.08438295 0.08719225 0.41324593 -0.03617473 0.04456677 -0.11270152 0.01720197 0.13313823 0.08636499 0.09496967 -0.20190797 0.02419586 -0.13636672 0.26577897 0.08783668 -0.02207252 0.12567097 -0.12612471 -0.11201321 0.10155330 -0.24629779 0.10973893 0.03543023 -0.03257185 0.04433971 0.11227757 0.03523661 0.00147497 -0.06692741 -0.19933246 -0.09229472 0.09878184 -0.08981601 -0.11035010 -0.19442858 -0.24221680 0.15640582 0.07586124 -0.21257019 -0.04625684 -0.24149517 -0.04351868 0.02143011 0.07699098 -0.00110802 -0.02139431 -0.06458007 0.19109986 -0.16812085 -0.05785014 -0.09658290 0.22093397 0.26260586 0.21030151 0.28101059 0.29340985 0.25174638 -0.02070533 0.14631600 0.16320300 0.24343467 0.17486801 0.06147286 1.00000000 0.00273611 -0.22201130 0.06748985 0.12821303 -0.05139138 -0.24093763 -0.12440522 -0.06975840 -0.10994532 -0.11129178 -0.11167605 -0.03465568 0.11441102
0.26711235 0.33136510 -0.00039540 -0.24894847 0.02441848 0.13606859 -0.04289787 0.08058539 0.26480411 0.06660074 0.06506384 0.02981769 -0.08457577 -0.03399565 0.09688239 -0.21362355 -0.14694231 -0.06020636 -0.04957867 -0.09108331 0.04297307 0.00239034 -0.08397363 -0.08774723 0.11291184 -0.27426370 -0.11055951 0.15513152 -0.03418202 0.01472283 -0.00457423 -0.23086219 0.04395057 0.06663604 0.07303982 0.22653020 0.07483416 -0.01534768 -0.01810977 0.03158600 0.08630729 0.21604571 0.15658685 0.04961936 -0.09226009 -0.01922100 0.13115969 -0.12980989 0.13857292 0.08415362 -0.26869352 0.29149214 0.07014132 0.27143532 0.09690502 -0.05150605 0.00301951 -0.12044998 0.18189864 0.18347989 0.09398408 -0.12931108 0.04452738 0.04155706 0.00273611 1.00000000 0.08121555 0.04271681 0.16509130 0.14869685 0.14248577 0.32323963 0.35095251 0.37473069 0.27987820 0.49141145 0.20008404 0.31424889
0.02949229 -0.19648825 -0.04305466 -0.02388754 -0.01369139 -0.01479831 -0.02793416 -0.15891967 0.07738317 0.10655942 0.05251063 -0.08822153 0.09532455 0.14137199 0.08549669 0.03047030 0.06447167 0.04285056 0.07689233 0.03696132 -0.06837161 0.17681594 0.15226436 0.09541993 -0.00893931 0.02748889 0.06711468 0.11520097 0.20744246 0.06417032 0.19821067 0.09687806 0.08872914 -0.18901338 0.18729829 0.20707890 0.20518162 -0.20771200 0.06879376 0.10987927 -0.13315137 -0.02339677 0.06641572 -0.02748639 -0.10696815 0.03921577 0.09053136 -0.06466906 -0.21438963 -0.13425148 -0.00041896 0.10136648 -0.15318504 -0.01982561 -0.00028861 -0.10647856 -0.04007475 0.02569240 0.15586565 -0.15086391 -0.13370044 0.03051086 -0.27992285 -0.02090080 -0.22201130 0.08121555 1.00000000 0.04815096 0.10851518 0.19003376 0.45710280 0.16276522 0.08053029 0.32024187 0.10828490 0.26854604 0.08262055 0.17039891
0.02442659 -0.09672479 -0.00514014 -0.10139121 -0.10594350 0.04376025 -0.21685813 0.03470717 -0.01990986 -0.10726334 -0.10491035 0.04997556 0.04655071 0.33318912 0.04337968 0.06625298 -0.04400760 -0.29489168 0.18900535 -0.06656012 0.00880586 -0.03004968 -0.03189808 0.04789641 0.01785271 0.02971441 -0.07396232 0.10549782 -0.17910376 -0.00794556 0.05091257 0.02742886 0.15052899 0.09593875 0.22096864 0.02557570 -0.03101525 -0.02128187 0.08451131 -0.06200863 0.02476148 -0.17694339 0.01278245 0.16612299 -0.07056295 -0.04324676 0.03752962 0.20874090 -0.03454242 0.05746181 0.03716756 0.01880573 0.08648394 0.08395545 0.10597199 0.07066620 -0.13143595 -0.07376586 -0.00902233 -0.01007197 -0.05497120 -0.14773321 0.01545839 -0.24669501 0.06748985 0.04271681 0.04815096 1.00000000 0.11627560 0.06971158 0.21403198 0.03303141 0.09974000 0.23128809 0.20549627 0.10482848 0.08958332 0.24865623
0.05032068 0.04417876 0.03527367 -0.05059090 -0.06025755 0.09291987 -0.07247240 -0.03497457 0.14642999 0.10647660 0.06576064 0.00148826 0.10460389 0.00636228 0.15263926 0.01484315 -0.03872984 0.01078409 -0.04941836 0.13332071 0.01221108 0.02820084 0.10711869 0.16064295 0.02533546 0.00984078 0.00735989 0.19624068 -0.05962690 0.17650591 -0.06716851 -0.09438466 0.19835531 -0.00352542 0.04114729 -0.00931995 0.07279278 0.03581747 -0.01069608 -0.05851920 0.16460630 -0.05912100 0.02653023 0.10848840 -0.07960440 -0.02097727 0.04842829 -0.09602593 0.05730671 0.06145126 -0.11501115 0.07314109 0.18896684 -0.02411736 -0.16185475 -0.13211973 -0.12315020 -0.18201566 0.04488168 -0.02741633 -0.12409686 -0.09195166 0.15357397 -0.07735926 0.12821303 0.16509130 0.10851518 0.11627560 1.00000000 0.10788630 0.03863088 0.09815287 0.06633893 0.28279676 -0.13466335 0.17623593 0.16346627 0.17319744
-0.11369896 -0.09396888 0.02743520 -0.03240461 0.04123331 0.03660911 0.04158105 -0.02415923 0.27034158 0.20114578 0.06565754 0.00884222 -0.01250529 0.07046746 -0.01871570 0.09258152 -0.14414752 -0.13740225 -0.01429673 -0.06919596 -0.08244483 -0.02806681 -0.03756639 -0.01327963 -0.14238161 -0.10450645 0.22275237 0.01540499 -0.06965315 0.28389259 0.12041048 0.15413454 0.14837010 0.01333111 0.38838105 0.13966740 0.16872138 0.12235572 0.19763459 -0.21423137 0.08269790 0.01385730 -0.07262801 0.03863607 -0.10298932 -0.17140187 -0.01583976 -0.06089946 -0.13199547 -0.03786072 -0.16829851 0.09784341 -0.07060501 0.14691915 -0.09586835 -0.32384396 -0.13884320 -0.01843524 0.10267517 0.17008775 0.04375074 0.12854167 0.02057000 -0.06453581 -0.05139138 0.14869685 0.19003376 0.06971158 0.10788630 1.00000000 0.27193228 0.33151706 0.32994221 0.14591750 0.05749956 0.38210702 0.21839369 0.28324779
0.14570298 -0.08616346 -0.05410230 -0.14949491 -0.09570245 0.23222265 -0.00388835 0.21371932 -0.04754239 0.15859110 -0.04917430 0.02824493 0.04667526 0.39553327 -0.08006973 -0.03626733 0.03575016 -0.06453525 0.02914852 -0.02640436 -0.05164558 0.03537305 0.02525318 0.12095348 0.11597793 -0.02684337 -0.16497935 0.11763785 0.09395304 0.08009156 0.36344866 0.12153047 -0.08031510 -0.09216439 -0.05969721 -0.00115072 0.28641698 -0.13604588 0.08769254 0.02916112 0.04928831 -0.03142174 0.07168963 0.22771299 -0.01358502 0.20843492 0.12229562 0.07943097 0.02815221 0.06141861 -0.00419017 0.05785778 -0.27111249 0.10322017 -0.08210548 -0.27966727 -0.15982547 -0.10385729 0.20093945 0.02803029 -0.07338517 -0.13639047 -0.24922201 -0.13911332 -0.24093763 0.14248577 0.45710280 0.21403198 0.03863088 0.27193228 1.00000000 0.28575000 0.20720846 0.41873122 0.06532472 0.31004721 0.26270300 0.22470380
0.02068734 0.06135135 0.15842172 -0.24767092 0.04816204 0.11148629 -0.02014575 -0.02578049 0.30219697 0.06818107 -0.05973426 0.09978986 0.14159279 0.11325117 -0.26100714 -0.06515722 -0.10011225 -0.26943907 -0.05409555 -0.33783916 -0.10891049 0.12221862 -0.11118783 0.01104762 0.02273159 -0.26112708 0.02451134 0.02479145 0.05405593 0.05901430 0.07909022 0.09393007 0.15257034 0.18477997 0.17714219 0.20624604 0.25027070 0.26529663 0.23406105 -0.03390725 0.08741205 0.19832037 0.16520962 0.00614384 -0.19594831 0.10350967 0.05285908 -0.04834977 -0.14934947 0.01926838 -0.29253923 0.20226569 0.05077743 0.10044607 -0.01343495 -0.31283583 0.11513512 0.00602298 0.00128144 0.07543616 0.05535806 -0.01266777 -0.07283507 -0.23024246 -0.12440522 0.32323963 0.16276522 0.03303141 0.09815287 0.33151706 0.28575000 1.00000000 0.54015802 0.22731699 0.27084141 0.31195288 0.03312318 0.21997483
0.09033430 0.10238579 0.04340303 -0.40341912 0.11232221 0.05015663 -0.09481997 -0.02494179 0.37924057 0.04223101 -0.05213234 0.07328824 0.10678136 0.18157735 -0.18550759 -0.05744838 -0.20707866 -0.35169757 0.06036634 -0.29721178 0.05530818 0.04528381 -0.12666017 -0.24931607 -0.06381523 -0.39760895 -0.08648283 0.06309189 0.03235270 0.14647385 -0.11712411 0.06563588 0.14537406 0.17714687 0.13099669 0.18233237 0.00969697 0.12948849 0.08273100 -0.10319400 0.10169028 0.38604873 0.02306351 0.03639159 -0.12523750 -0.12690264 -0.04429093 -0.09189357 0.00828330 0.10451430 -0.08772728 0.31560323 -0.09163947 0.01857330 -0.06526078 -0.27684787 -0.13103182 -0.24247387 0.00201880 0.11630180 -0.14169645 -0.09380704 -0.25501956 -0.21099960 -0.06975840 0.35095251 0.08053029 0.09974000 0.06633893 0.32994221 0.20720846 0.54015802 1.00000000 0.15465807 0.39113093 0.41501041 0.23762519 0.22683253
0.13919583 -0.02683252 -0.25208118 -0.18963145 -0.03297538 0.00114403 -0.09218203 0.00586823 0.09392208 0.11192240 -0.13049817 -0.03434263 -0.14314540 0.37582039 0.04110678 -0.18023351 -0.00535596 0.02411959 0.06847768 0.11429603 0.21876876 0.24548491 0.19614701 0.17547571 0.32938162 0.02178681 0.04103528 0.12182151 -0.07335629 -0.03535333 0.17147835 -0.07308840 0.06717752 0.05515788 -0.03359217 0.06936734 0.24865540 -0.17221874 0.09090030 0.03112500 0.10830283 0.06454228 0.18100337 0.23489361 -0.08453245 -0.06175039 0.29259721 -0.09769355 -0.06580319 -0.03382528 -0.15589950 0.26447193 0.07686053 0.10902330 0.02087429 -0.07889718 -0.06344777 -0.05910229 0.13595158 0.20058523 -0.00986509 -0.02537585 -0.02797277 -0.07334950 -0.10994532 0.37473069 0.32024187 0.23128809 0.28279676 0.14591750 0.41873122 0.22731699 0.15465807 1.00000000 0.14871278 0.30412142 0.15984821 0.26088475
-0.01656919 -0.03314556 -0.16140568 -0.15565135 -0.04680993 -0.23494685 -0.23645196 0.00969088 0.02044453 -0.18851389 -0.24569011 -0.24699792 -0.07858490 0.23175742 0.11713587 -0.07807647 -0.04944199 -0.12941006 0.28045629 -0.02093916 0.06486188 0.07871167 -0.03065783 -0.11419184 0.02599333 -0.25406043 -0.04864863 0.00279279 0.13749399 -0.09208354 -0.09583006 0.17375700 0.06469243 0.09785071 -0.04405112 -0.03792231 -0.22755787 0.12156102 -0.02289793 0.20218822 0.04397239 0.19394425 -0.01296439 -0.11624281 -0.02019971 -0.05142899 0.23486762 0.11518275 -0.22191863 -0.09538861 0.02705776 0.19612072 -0.10702903 0.15625978 0.15538396 -0.00164342 -0.10491276 0.03940538 -0.10874569 0.08207071 -0.07177547 -0.01538486 -0.30567589 -0.08218958 -0.11129178 0.27987820 0.10828490 0.20549627 -0.13466335 0.05749956 0.06532472 0.27084141 0.39113093 0.14871278 1.00000000 0.32809614 0.10796544 0.16403892
0.09636107 0.21473297 -0.13468977 -0.18894773 -0.10993503 0.16245998 -0.06516020 0.01458485 0.26504472 0.10219654 0.06882732 0.01839277 -0.10203971 0.14554422 0.09778487 -0.03512136 -0.04841046 -0.15430381 0.14830208 -0.08925602 -0.10145394 0.06301281 -0.01486155 -0.01574163 0.00271511 -0.37123020 -0.10593133 0.03340051 0.03736876 0.01849675 0.05181066 0.01608139 0.13453494 -0.04439015 0.09041808 0.06062221 0.09389868 0.00357870 -0.23866714 0.04183459 0.09108165 0.27770269 -0.01093913 0.16207970 -0.12160533 -0.08536298 -0.02051032 -0.12740307 -0.03057990 0.10239288 -0.27433484 0.36732754 -0.17858563 0.14276944 -0.09698481 -0.22295998 -0.30521188 -0.30486179 0.13495318 -0.00187277 -0.07295706 -0.16133266 -0.14505008 -0.08859466 -0.11167605 0.49141145 0.26854604 0.10482848 0.17623593 0.38210702 0.31004721 0.31195288 0.41501041 0.30412142 0.32809614 1.00000000 0.24327025 0.36604799
-0.09186933 -0.08519952 -0.03620433 -0.18046754 0.03077870 -0.00191983 0.04082131 0.01300579 0.08261145 -0.08530458 -0.13184047 0.10383182 -0.04320857 0.28896332 0.05498569 -0.07535918 -0.18045876 0.03233935 0.16237720 0.20245998 -0.07302087 -0.04772606 0.07979121 0.08529182 0.06952238 -0.04192886 0.09830668 0.02992067 -0.13794383 0.19983672 0.18811988 -0.06893244 -0.05090337 0.00532238 -0.06399440 0.09783763 0.04016664 -0.11184870 0.16878600 -0.31943713 0.02838088 -0.05757961 0.10450414 -0.02137693 0.11677494 -0.06446144 -0.12635229 -0.08601245 0.06277873 -0.09785420 0.03865122 0.00080004 -0.15073170 -0.14183656 -0.11904057 -0.26416959 -0.11647578 -0.20595092 0.04825277 -0.17900117 -0.05338525 -0.17721220 -0.03176650 -0.20996818 -0.03465568 0.20008404 0.08262055 0.08958332 0.16346627 0.21839369 0.26270300 0.03312318 0.23762519 0.15984821 0.10796544 0.24327025 1.00000000 0.17790880
0.20695207 0.04287357 -0.11213363 0.05475366 -0.04393827 0.04184149 -0.27122892 0.10035495 0.17853944 0.01674969 0.14552606 0.05667137 0.07243929 0.05897911 0.14371945 -0.18126372 -0.14737389 -0.05098610 0.06158257 -0.09859083 -0.12439615 -0.03646954 0.10410994 -0.11519235 -0.01912102 -0.08365099 -0.16056388 0.14644612 0.09139517 0.10246486 0.15017380 0.01341549 0.09445920 -0.02369523 0.14615355 -0.01763579 0.08588200 -0.20177421 0.00609854 -0.08613789 -0.01548603 -0.06819523 0.03461763 0.06069994 0.01673921 -0.00554808 0.25863596 0.07763787 -0.11373516 0.11232588 -0.18506509 0.27231830 -0.00914021 0.35734483 0.05799555 -0.14283528 -0.00912586 -0.04212213 0.00595267 -0.09254823 0.07437218 0.09835762 -0.02434733 -0.08227688 0.11441102 0.31424889 0.17039891 0.24865623 0.17319744 0.28324779 0.22470380 0.21997483 0.22683253 0.26088475 0.16403892 0.36604799 0.17790880 1.00000000
