1.00000000 0.10744635 0.11917788 0.22908488 0.07113019 0.12086126 0.05474392 0.23847038 0.14683726 0.20614216 0.11454627 0.11865943 0.23922029 0.02460600 0.02831811 0.05929856 -0.01769160 0.00868734 -0.10055215 0.01861128 -0.05223427 -0.04055084 -0.05052140 -0.05493372 -0.00924022 -0.07941054 -0.03196458 -0.05410432 -0.00753681 -0.03630753 0.03419325 0.07252985 0.01997630 0.04005376 0.04090054 0.06683881 0.03691491 -0.05480655 0.00462511 0.01601705 0.03679762 -0.01335855 -0.00967118 0.02314888 0.03062654 0.02449065 0.00850211 0.03387038 0.07100313 0.01058127 -0.00462570 0.01932738 0.02580437 0.04596535 0.03328563 -0.00961732 0.03028717 0.07843576 0.06059974 0.01520271 -0.03443864 0.04210463 0.02180711 -0.01196715 0.04584179 0.00959078 0.04783787 0.03156785 -0.00922360 0.01965183 0.01770498 -0.02304832 -0.01861449 0.01272629 0.04131115 0.04046910 -0.01291743 0.02469494
0.10744635 1.00000000 0.19336382 0.22175111 0.19977206 0.07488847 0.06432207 0.14117765 0.17475642 0.14913395 0.10867976 0.15245764 0.14496821 -0.00829902 0.03045117 -0.00076298 0.01525223 -0.00462600 -0.02281156 0.05585500 -0.00794920 -0.06738004 0.09491057 -0.00933097 -0.05215648 -0.01385887 -0.10476625 0.03218984 0.00676548 -0.04416871 0.00542960 -0.02001713 -0.05442332 -0.07822507 0.00179112 0.02619004 -0.07556263 -0.01910272 0.02462144 -0.06640046 -0.03533898 0.02515421 -0.00544643 -0.04217830 0.01926856 -0.00359208 0.02144816 -0.00366993 0.01767288 -0.05113399 0.02662169 0.03032716 0.03765567 0.03441618 0.07097809 0.08577217 0.03109058 0.03101570 0.03193980 0.01847710 0.04135534 0.07788400 0.06778729 0.02645094 0.05396079 -0.05150140 0.05484783 0.00858307 -0.01249320 0.05326991 0.07891157 0.01063556 -0.02501998 0.00017573 0.06352107 0.01349968 0.01356699 0.01616675
0.11917788 0.19336382 1.00000000 0.27422252 0.12681566 0.14076345 0.01024250 0.12216501 0.14078820 0.25195783 0.13418823 0.13881149 0.07667294 0.05713280 0.01406681 0.04886406 0.03683087 0.06885506 0.00525375 0.06947804 0.03022330 0.00923056 -0.01026681 -0.04956703 0.03123410 0.06027030 0.01457519 -0.01272737 0.09836680 -0.02208154 -0.05391681 -0.07595557 -0.00951275 0.00917571 0.02655211 0.08824544 -0.01762808 0.04260063 0.05753873 -0.00412230 -0.07224672 -0.05358394 -0.05040277 -0.02337982 0.00713303 0.04328356 0.01615831 -0.01745815 0.00138754 -0.06780943 -0.00784203 -0.09026197 0.05861937 -0.04673462 0.06185464 0.07381956 0.03555463 -0.01246250 0.04428202 0.01707732 0.07581633 0.08545321 0.09160000 -0.01533347 0.03789193 -0.05673468 0.04080864 -0.07978981 0.02475016 -0.03975095 -0.01334806 0.03078522 -0.05014514 -0.06417042 0.02310079 0.04233946 -0.06244033 0.00374559
0.22908488 0.22175111 0.27422252 1.00000000 0.14108881 0.08950565 0.08769649 0.10926298 0.04462740 0.26003306 0.11966806 0.14705018 0.17378991 0.01227849 0.05875320 0.09485711 0.02485714 0.03209311 -0.04984235 0.06307259 0.05719500 -0.06717582 0.03407892 -0.00500966 0.03081597 0.08197514 -0.04420845 0.00011520 0.03923316 -0.00646406 -0.00835602 -0.06887340 0.03517257 0.07427090 -0.00042914 0.05821134 -0.01331180 0.03969742 0.04005766 -0.02000431 -0.03692518 -0.11109062 0.00130741 -0.02295643 -0.02549804 -0.02676151 -0.02403899 0.02361471 0.05800441 -0.05895384 0.04330990 -0.08359148 0.08760644 -0.02041544 0.01641018 0.04791644 0.03634149 0.05620531 0.06526411 0.01744182 0.01136786 0.04588010 -0.01232931 -0.02282122 0.05273632 -0.06648022 -0.02365708 -0.03005850 -0.01292329 0.00330755 -0.03168587 -0.08015985 -0.07117164 -0.05677781 -0.01658749 -0.07450326 -0.03004449 -0.04644280
0.07113019 0.19977206 0.12681566 0.14108881 1.00000000 0.12489637 0.28219266 0.10650286 0.13766982 0.15813212 0.13311707 0.16787445 0.25608499 0.05375298 0.09576417 0.01405363 -0.03195792 0.01650217 -0.01098428 0.04215221 0.05883362 0.03354533 0.01518244 0.05310062 0.03193230 0.02121597 0.01749171 0.09509393 0.09265078 0.07706055 0.00664804 0.02889510 0.01708402 -0.00847433 0.04320854 -0.00638465 0.04579110 -0.00298878 0.07247989 0.01941807 -0.10787375 0.00377807 -0.05438107 0.00158059 0.03216667 0.04916246 0.00944516 0.01761480 0.12366702 -0.06303032 -0.02173594 -0.02413994 0.03582970 0.04645881 0.00994337 -0.02465070 -0.00243403 0.08287377 0.01267467 -0.00646822 0.00132207 0.02080894 -0.00726163 -0.03114531 -0.00872847 0.03040778 0.01162720 0.02245563 -0.00099354 -0.00204475 0.05636448 -0.00968171 -0.09729406 -0.07541937 0.02018548 0.01317371 0.01285183 -0.03064305
0.12086126 0.07488847 0.14076345 0.08950565 0.12489637 1.00000000 0.17741137 0.21461257 0.21987094 0.08714732 0.09493912 0.19119239 0.20074046 0.01475685 0.00222922 -0.01549008 0.01227752 0.01061360 0.00668314 0.01822235 0.02679454 0.02472395 -0.09109854 -0.01577521 0.02698558 -0.00329436 0.02248464 -0.05984140 -0.04342525 -0.00129149 0.02598263 -0.04765864 -0.01490992 -0.01286878 0.01667020 -0.04644720 0.02260352 -0.05346859 -0.02877247 -0.08269292 0.04496204 0.05522728 -0.07266344 -0.10460459 -0.03260401 -0.08636027 -0.00933786 -0.06725522 0.02620304 -0.07915303 -0.02396446 -0.03107826 -0.01055984 -0.01404907 0.05339921 -0.01395267 -0.01902435 -0.03393933 0.00592388 0.04747445 0.02689158 -0.04170135 -0.06593767 0.00083673 -0.03532602 0.03321136 0.07234601 -0.02251601 -0.03774213 0.03351813 0.07399977 0.03391715 0.10617849 -0.02286329 0.05537569 0.01626463 -0.01046217 0.06897147
0.05474392 0.06432207 0.01024250 0.08769649 0.28219266 0.17741137 1.00000000 0.08019304 0.24473892 0.12921100 0.14378254 0.14724252 -0.00397945 -0.05789478 0.06955205 -0.01871320 0.02228660 0.07009431 0.03496097 0.06074778 0.02840305 0.01639122 -0.01665002 -0.01593634 -0.01965088 -0.05641462 0.05696630 0.03643401 0.04790205 0.06979236 0.04142462 0.09084117 0.00551167 -0.03986638 0.03547828 -0.02586937 0.09659624 -0.00668214 -0.08694620 0.06842886 -0.06468761 0.15060736 0.02132385 -0.02476092 0.03726467 0.02906747 0.02489106 0.05769540 0.09419284 -0.02781558 0.05809286 0.08878542 -0.00337779 0.03109020 0.02652880 -0.06194939 -0.05657779 0.03987229 0.09708482 0.06578593 -0.07069288 0.10231646 -0.03143882 0.04372802 -0.00083586 -0.00514673 -0.05018136 -0.09037505 -0.04231061 -0.02891936 0.03424141 -0.06919836 -0.04345936 -0.00446327 -0.00808931 0.02078087 -0.09676369 0.02749272
0.23847038 0.14117765 0.12216501 0.10926298 0.10650286 0.21461257 0.08019304 1.00000000 0.07109400 0.06427533 0.03099516 0.13552279 0.18378574 -0.05695350 -0.06111528 -0.04171699 -0.02616758 -0.03050944 -0.01277980 -0.01084876 0.02057076 0.02690498 -0.01600659 -0.08288151 0.00997239 -0.07330165 0.00212603 0.05236981 -0.01351576 -0.02502572 -0.01757002 0.07719357 -0.01610447 0.03532876 0.05014859 0.06038174 0.04762217 0.01902538 0.06268559 0.00240378 -0.02099335 0.00399695 -0.00873554 -0.05266700 -0.04500719 -0.08296936 0.05477417 -0.10000010 -0.02930350 -0.01934672 -0.05518189 0.05429004 0.06261420 0.01189654 0.00780373 0.04136618 0.09645674 0.01597645 0.01285182 0.01771370 0.05753325 0.08012797 0.01746139 0.00098053 0.07546083 0.05262135 0.06988326 0.05195680 0.01811568 0.05122997 0.11390237 0.07432883 0.10097314 0.02186290 0.06380722 0.04013804 0.02439074 0.02890024
0.14683726 0.17475642 0.14078820 0.04462740 0.13766982 0.21987094 0.24473892 0.07109400 1.00000000 0.15568409 0.25444975 0.18352349 0.10609726 -0.05020847 -0.01971776 0.02709875 0.03136960 0.00582127 -0.02355724 0.01639848 0.03505803 -0.01388517 -0.03503733 -0.00120397 -0.03925094 -0.03065923 -0.08530134 -0.01407889 0.00821935 0.06152206 -0.04174436 -0.02862308 0.02942359 -0.04292898 0.02260770 0.03937511 0.02765554 0.01325860 0.04646260 -0.02790356 0.03692719 -0.00008046 -0.05393059 -0.07004259 0.01731035 -0.02759165 -0.02401967 0.08531548 0.04201834 -0.04268820 -0.02715789 -0.00375913 0.05541355 0.02777332 0.03811647 -0.01708912 -0.03254273 -0.01627787 -0.01130693 -0.02907342 0.03048558 0.05658088 -0.00629431 -0.01859333 -0.03258487 -0.02611501 -0.04198997 -0.00159532 -0.04513877 -0.01204008 0.05306436 -0.04367516 -0.01618682 -0.03359849 -0.04791563 -0.04735962 -0.08215380 0.03496641
0.20614216 0.14913395 0.25195783 0.26003306 0.15813212 0.08714732 0.12921100 0.06427533 0.15568409 1.00000000 0.11751174 0.06345577 0.27622680 0.05225787 0.01264192 0.04913734 0.00338008 -0.01471733 -0.09715511 -0.00363764 0.00422240 0.00498952 -0.01275384 0.06951120 0.08254997 -0.03524839 -0.05818359 -0.02985982 0.04065594 -0.00491572 -0.00386886 0.01899714 0.00460721 0.00515867 0.07164238 0.02226317 -0.01939572 0.03971812 0.00080072 0.03364096 -0.02431755 -0.05385176 0.01492615 -0.01784062 -0.02823636 -0.01525028 -0.05904315 0.04344830 0.02921269 0.02308115 0.01997272 -0.03495537 0.02037724 0.02874733 0.02524703 0.01101278 0.00902102 0.10932404 0.07106441 0.02313990 0.02977595 0.11571918 -0.05465447 0.05015828 0.06598085 -0.03257207 -0.01444308 -0.04031279 -0.07813542 0.01852877 0.06166103 -0.04782543 -0.05089779 -0.04412406 0.02266027 -0.05265104 -0.05920618 -0.02964301
0.11454627 0.10867976 0.13418823 0.11966806 0.13311707 0.09493912 0.14378254 0.03099516 0.25444975 0.11751174 1.00000000 0.05401358 0.09609154 0.04292317 0.05149305 0.01287740 0.06358808 0.04239699 0.05028222 0.01822949 0.06379477 0.10634658 0.06617949 0.00056754 0.08222577 -0.00385230 -0.02156264 0.01600814 0.07543668 0.02906945 -0.01340011 -0.04718766 -0.05842963 -0.08538373 -0.00221795 -0.05227921 -0.05704645 0.00715875 0.01586251 -0.06144663 -0.07325614 -0.00743178 0.01218154 -0.04929550 0.06505296 -0.04650221 -0.03035488 0.02609047 0.05246653 -0.01697608 -0.02174688 -0.11621293 0.08382494 0.02159750 0.04576873 -0.07217414 0.04350019 0.01440533 -0.01042338 0.00114401 -0.01025145 0.06907413 -0.00466159 0.00099888 0.06253722 -0.00934586 0.03048898 -0.06265293 -0.01384646 0.01521060 0.02136159 -0.02649110 -0.05530916 -0.10769474 -0.07498766 -0.01159900 0.01149926 0.00158886
0.11865943 0.15245764 0.13881149 0.14705018 0.16787445 0.19119239 0.14724252 0.13552279 0.18352349 0.06345577 0.05401358 1.00000000 0.23021519 -0.04650461 0.00002001 0.03168193 0.01458611 0.05978184 -0.05223213 0.03306110 0.08985350 -0.01955833 0.01182085 -0.00037867 0.02100934 0.02172630 -0.00859192 0.02090549 0.03115890 0.01756522 -0.05557807 -0.05808099 -0.05179364 0.03171454 -0.00173324 0.06808144 0.09444489 0.06130509 0.02566085 -0.01885641 -0.00563097 0.03534779 -0.06400585 -0.07625477 0.00752973 -0.08839347 0.04986961 0.01889605 -0.03118989 -0.02111906 -0.03377337 0.00443950 0.08960941 0.02191016 -0.03192715 -0.01157871 0.00862471 0.04112984 0.00647929 0.02065222 0.04571673 0.09628633 -0.01688801 0.04876625 -0.03822315 0.02063256 0.04233056 -0.02964305 0.00927342 0.03990183 0.04965469 -0.00628513 -0.02784399 -0.03969679 0.03467911 -0.02369462 -0.02469539 0.04334482
0.23922029 0.14496821 0.07667294 0.17378991 0.25608499 0.20074046 -0.00397945 0.18378574 0.10609726 0.27622680 0.09609154 0.23021519 1.00000000 0.06345236 -0.01234865 0.00952599 -0.00355576 0.02940259 -0.08486420 -0.00272882 0.03975049 0.00106399 -0.04901179 0.02721514 0.00238508 0.01462928 0.01262275 -0.01512182 0.04164005 0.04610041 0.09649164 0.05320751 0.02758476 0.02042741 0.05404205 0.00838859 0.00634561 -0.00074688 0.03169242 0.01489653 0.00970864 -0.07786156 -0.07293810 0.00844206 -0.04036899 -0.10656941 -0.03461487 0.01551164 0.01433933 -0.07453119 -0.07397688 -0.06457870 0.02910896 0.00170520 -0.01379915 0.05242982 0.08019771 0.06714816 0.03771671 0.02444071 0.03945608 -0.00665931 -0.05539204 0.00544244 0.02997060 -0.03291279 0.02411847 0.00033704 0.00285798 0.02801677 0.05058701 -0.05166625 -0.02081609 -0.03598210 0.01033969 -0.08100344 0.00945315 -0.08005539
0.02460600 -0.00829902 0.05713280 0.01227849 0.05375298 0.01475685 -0.05789478 -0.05695350 -0.05020847 0.05225787 0.04292317 -0.04650461 0.06345236 1.00000000 0.27935672 0.22728558 0.19514965 0.20825888 0.21692894 0.14420584 0.12313480 0.27058197 0.16273789 0.26616932 0.27277078 0.20194272 -0.05837075 -0.02911907 0.00655116 -0.01186757 0.00664060 -0.02394048 -0.01752816 -0.03401451 -0.02793805 -0.05055516 -0.01982687 -0.06295103 -0.06048317 -0.00326117 -0.04324968 -0.02974002 -0.04567256 -0.06682132 -0.00961824 -0.03463699 -0.02910227 -0.01612868 -0.00962087 0.02946073 0.03011163 -0.05969568 -0.04558475 -0.02983395 -0.01463668 -0.05507279 -0.03432678 -0.05037811 -0.03464306 -0.00069792 -0.01876845 -0.04828503 -0.08932090 -0.05572366 -0.04045386 0.02813228 0.00066485 -0.02729672 -0.07324714 0.05829077 0.05030084 -0.01097710 -0.03940220 -0.00989637 -0.07306739 0.06856325 0.05499431 0.04228422
0.02831811 0.03045117 0.01406681 0.05875320 0.09576417 0.00222922 0.06955205 -0.06111528 -0.01971776 0.01264192 0.05149305 0.00002001 -0.01234865 0.27935672 1.00000000 0.14088251 0.11982905 0.28222464 0.18682058 0.15284878 0.22699828 0.12941719 0.16962527 0.15900390 0.23064892 0.28409950 -0.06590066 -0.02368773 -0.00917690 -0.06122853 -0.05916925 -0.07358774 -0.09818341 -0.05677608 0.02524994 -0.06186891 -0.02641092 -0.03783491 -0.02416891 0.01497596 -0.04725353 0.05278011 -0.10115973 -0.05949439 0.07375885 0.02994845 -0.06246673 0.06087887 0.03584874 -0.01397952 0.06650265 -0.05895341 -0.01661268 -0.04949735 0.02996042 0.01954311 0.01921879 -0.02881957 -0.00351476 0.05581022 0.00994936 0.04573188 0.00040336 0.00748566 0.00098756 -0.03574404 -0.09826127 -0.12286038 -0.06216474 -0.05982849 -0.05656851 -0.04484236 -0.09803024 -0.07108392 -0.12524085 0.02900517 -0.01062508 -0.08144663
0.05929856 -0.00076298 0.04886406 0.09485711 0.01405363 -0.01549008 -0.01871320 -0.04171699 0.02709875 0.04913734 0.01287740 0.03168193 0.00952599 0.22728558 0.14088251 1.00000000 0.24640295 0.19554274 0.22557577 0.19815569 0.18447085 0.29277945 0.22546361 0.24506218 0.18354171 0.18412054 -0.07739935 -0.00692390 0.01198175 -0.06051472 -0.05749805 -0.05192220 -0.02388108 -0.03486250 0.00156240 0.04548514 -0.04405154 -0.02196457 -0.09460489 -0.03335744 -0.06881990 -0.00210256 0.05162141 -0.01277339 0.00105229 -0.01090027 -0.03619875 0.00851429 0.00293860 0.04680691 0.01901127 -0.03568234 0.00799479 0.02792299 -0.06224608 -0.03199004 -0.04327503 -0.04154509 -0.01094445 -0.03091116 0.00539054 -0.01181907 0.03242453 0.04716842 0.03051352 0.05851401 -0.02586769 -0.00245588 0.04629471 -0.00983103 0.01069461 -0.02206315 -0.02148834 -0.00211430 -0.02774861 0.05928634 0.01995754 -0.02072843
-0.01769160 0.01525223 0.03683087 0.02485714 -0.03195792 0.01227752 0.02228660 -0.02616758 0.03136960 0.00338008 0.06358808 0.01458611 -0.00355576 0.19514965 0.11982905 0.24640295 1.00000000 0.26784229 0.13138970 0.22213369 0.14461829 0.22405249 0.17795326 0.24856348 0.25050008 0.25379154 -0.08747684 -0.05126858 0.05141728 0.02565160 -0.05427586 -0.08163173 0.00103254 0.03555646 -0.02444904 0.04393106 -0.01605495 0.04573543 -0.02054627 -0.14960502 -0.09283388 -0.06724028 -0.03098572 -0.02651472 0.00208962 -0.00120357 -0.07476254 -0.02903089 0.00402912 -0.09792216 0.03070724 -0.09048523 -0.00018300 -0.05973589 0.01232435 -0.04816283 -0.03402059 -0.03131166 -0.04537729 -0.03798243 0.03355548 0.06029126 -0.04418224 -0.01843238 0.06427159 0.03923209 -0.02029779 -0.02738715 0.05514257 0.02293263 -0.00773707 0.02783162 -0.02851462 -0.01075895 -0.01856939 -0.01479645 0.07837807 -0.01551322
0.00868734 -0.00462600 0.06885506 0.03209311 0.01650217 0.01061360 0.07009431 -0.03050944 0.00582127 -0.01471733 0.04239699 0.05978184 0.02940259 0.20825888 0.28222464 0.19554274 0.26784229 1.00000000 0.19222779 0.28994956 0.20703400 0.23862437 0.19373510 0.13414256 0.26758212 0.32395685 0.00602703 -0.01880762 0.04998865 -0.00903076 -0.00627537 -0.02566332 0.01336949 0.05584173 0.00519183 0.03280225 -0.04250024 0.06699635 -0.04197709 -0.03272261 -0.07480277 0.04505700 -0.04954880 -0.06986649 0.03310508 -0.07732799 -0.01592594 -0.05680229 -0.06302425 -0.09592318 0.00150461 -0.13784763 -0.05525824 -0.00187437 0.01393161 -0.05083353 0.00032592 -0.06791178 -0.02591110 0.01644280 -0.09944330 0.00935952 -0.03712524 -0.02764673 -0.00347634 -0.02551018 0.00680194 -0.07923744 0.02580375 0.02446327 -0.01444247 0.00202130 -0.03891463 -0.01157975 -0.00080752 0.06396929 0.02753138 0.03503929
-0.10055215 -0.02281156 0.00525375 -0.04984235 -0.01098428 0.00668314 0.03496097 -0.01277980 -0.02355724 -0.09715511 0.05028222 -0.05223213 -0.08486420 0.21692894 0.18682058 0.22557577 0.13138970 0.19222779 1.00000000 0.19511823 0.14581094 0.17798330 0.29251696 0.19502598 0.09005148 0.19379212 -0.01053354 -0.03099923 0.04518049 0.00481554 -0.02734411 -0.00690456 -0.01126263 0.05584575 -0.03186015 0.00754710 -0.01279583 -0.09608582 -0.06313811 -0.01870648 -0.05101507 0.05733515 -0.03062839 -0.06091032 0.05651628 -0.03322880 0.05109640 -0.04393072 0.02672976 0.00340446 0.04167821 0.01740999 -0.01938859 -0.04843831 -0.00146637 -0.08453402 0.00415969 -0.03500265 -0.01784612 0.00752578 -0.06914084 -0.09269901 -0.07894419 0.02773766 0.01254075 0.02233241 0.02865771 -0.03249940 0.00003983 -0.02361696 -0.00887810 0.01274847 -0.02688469 -0.06223792 0.00140073 0.02807553 0.03066109 0.05186872
0.01861128 0.05585500 0.06947804 0.06307259 0.04215221 0.01822235 0.06074778 -0.01084876 0.01639848 -0.00363764 0.01822949 0.03306110 -0.00272882 0.14420584 0.15284878 0.19815569 0.22213369 0.28994956 0.19511823 1.00000000 0.20176376 0.18082970 0.23445010 0.10514974 0.18335525 0.08759437 0.01862067 0.05787893 0.03915227 -0.00698978 0.00958361 -0.04896417 0.06084861 0.04698464 0.05279009 0.12488493 -0.01403654 0.02377666 0.05687815 -0.09282421 -0.10238360 -0.10678123 0.02198504 -0.01519332 0.00500939 0.01195435 -0.01135253 -0.03726664 -0.01524283 -0.10017420 0.06110181 -0.04286630 0.03099277 -0.02639628 -0.00813378 0.02217547 -0.00560977 -0.06412910 -0.06713485 0.02356989 0.06898556 0.01675040 -0.01688777 0.04732241 0.04315319 -0.04813643 0.02103794 -0.06857764 0.00776684 -0.06158594 -0.00064631 -0.06934135 0.02047085 -0.01263897 -0.03826837 0.03811029 0.01364004 0.03385801
-0.05223427 -0.00794920 0.03022330 0.05719500 0.05883362 0.02679454 0.02840305 0.02057076 0.03505803 0.00422240 0.06379477 0.08985350 0.03975049 0.12313480 0.22699828 0.18447085 0.14461829 0.20703400 0.14581094 0.20176376 1.00000000 0.19719582 0.19155787 0.24676066 0.26103482 0.26908008 -0.00086188 -0.02473425 -0.00986526 -0.02462596 -0.02629229 -0.04308496 0.02143267 -0.03084736 0.02055106 0.00617478 0.00587299 0.02919923 0.09817897 -0.05750460 -0.09057565 -0.06192203 -0.01661556 -0.09137425 0.03548769 -0.04321068 0.02343523 -0.01687413 -0.03276699 -0.02597834 -0.02778301 -0.06787120 0.02648892 0.00617041 -0.08130361 0.02250263 0.03638477 -0.09893800 -0.04960743 -0.10827569 0.02703921 -0.00616518 0.01999421 -0.01463867 0.08387989 -0.03309874 0.04169029 -0.09680332 0.02248988 -0.03625337 -0.05485105 0.05261359 -0.01247446 0.01642874 -0.05305515 -0.03948200 0.04474738 -0.05669950
-0.04055084 -0.06738004 0.00923056 -0.06717582 0.03354533 0.02472395 0.01639122 0.02690498 -0.01388517 0.00498952 0.10634658 -0.01955833 0.00106399 0.27058197 0.12941719 0.29277945 0.22405249 0.23862437 0.17798330 0.18082970 0.19719582 1.00000000 0.22473004 0.24474912 0.20908495 0.16232764 -0.00621966 0.01930591 0.08384032 0.10949762 0.02745971 0.01038389 0.01783632 -0.01038646 0.04190834 0.04130836 0.00660670 0.01375348 0.01145669 0.06994365 -0.01962643 0.02363538 0.06381179 -0.00224892 -0.02096013 -0.02074681 -0.01914101 -0.00913811 -0.01430921 0.06196555 -0.03408857 -0.00716735 -0.02620210 -0.03526914 -0.02884576 -0.07148910 -0.08787733 -0.08750497 -0.01562431 -0.03224962 0.01192424 -0.03516470 -0.10726324 -0.03744668 0.01830817 0.09101872 0.12712356 0.04490512 -0.02835478 0.05881177 0.06831841 0.06500182 0.08066493 0.03653099 0.03697844 0.09639858 0.03266076 0.05509930
-0.05052140 0.09491057 -0.01026681 0.03407892 0.01518244 -0.09109854 -0.01665002 -0.01600659 -0.03503733 -0.01275384 0.06617949 0.01182085 -0.04901179 0.16273789 0.16962527 0.22546361 0.17795326 0.19373510 0.29251696 0.23445010 0.19155787 0.22473004 1.00000000 0.25790297 0.25699946 0.20873628 -0.01189416 -0.01960939 0.05616719 -0.02579609 -0.01440961 -0.02482083 0.02006002 -0.01669452 0.01620471 -0.00244299 -0.05129632 0.05181392 -0.00327525 -0.02380062 -0.03326091 0.01169771 0.00788077 -0.01216059 0.00660353 -0.01684685 0.00696344 -0.03548771 -0.02229221 -0.02546346 -0.00265860 -0.03097786 0.03657059 -0.01604717 -0.00427807 0.01418205 -0.00417029 -0.06585682 -0.07810976 -0.00291042 0.03053232 0.01177400 -0.00511809 0.04032194 0.00497285 0.08018409 0.02281226 -0.01997365 0.06456057 0.05298072 -0.00880165 0.05954872 0.01665050 -0.05137244 0.02342871 0.02408372 0.03561775 0.03820116
-0.05493372 -0.00933097 -0.04956703 -0.00500966 0.05310062 -0.01577521 -0.01593634 -0.08288151 -0.00120397 0.06951120 0.00056754 -0.00037867 0.02721514 0.26616932 0.15900390 0.24506218 0.24856348 0.13414256 0.19502598 0.10514974 0.24676066 0.24474912 0.25790297 1.00000000 0.19251384 0.17871941 -0.07193972 0.04778944 0.01825244 -0.00599005 -0.04021682 0.03799488 -0.02648702 -0.02643139 0.06269996 -0.00744657 -0.00422353 0.00261373 0.00008251 0.03039733 0.03569650 0.08576878 0.02692798 -0.09902332 0.03502125 -0.05250840 -0.00262563 0.06870322 0.05552958 0.05623430 0.02097942 0.00259369 -0.03162012 -0.00804776 -0.04385299 -0.02744177 -0.02528278 -0.00393318 -0.05498890 -0.05173624 0.06953577 0.02045176 -0.10575922 0.01428309 0.01948280 0.00619955 0.03320300 -0.08999393 0.01011356 0.08133127 -0.00551223 0.01874120 -0.04344707 -0.02560338 -0.06886587 0.00499484 0.01664337 -0.00262038
-0.00924022 -0.05215648 0.03123410 0.03081597 0.03193230 0.02698558 -0.01965088 0.00997239 -0.03925094 0.08254997 0.08222577 0.02100934 0.00238508 0.27277078 0.23064892 0.18354171 0.25050008 0.26758212 0.09005148 0.18335525 0.26103482 0.20908495 0.25699946 0.19251384 1.00000000 0.20395977 -0.00637981 0.03034285 0.05585918 0.01315739 0.00340239 -0.02588600 -0.02380401 0.00941154 0.03914877 0.00363952 -0.02931533 0.05344153 0.03314095 -0.07882083 -0.07618819 -0.03067059 0.00484221 -0.11111250 -0.02567306 -0.11387644 -0.10185197 -0.11313333 -0.01442331 -0.02230281 -0.09316965 -0.09221764 0.01935983 -0.04897882 -0.05750271 -0.05096673 -0.00957146 -0.08948559 -0.07797270 0.01307728 0.00409346 0.01633903 0.02853913 -0.02557489 -0.00875185 -0.00723057 -0.00607259 -0.08904177 0.00615987 0.05164923 -0.04462691 -0.00194473 0.02555294 -0.09399838 -0.06699674 0.00937913 0.00940808 -0.07026042
-0.07941054 -0.01385887 0.06027030 0.08197514 0.02121597 -0.00329436 -0.05641462 -0.07330165 -0.03065923 -0.03524839 -0.00385230 0.02172630 0.01462928 0.20194272 0.28409950 0.18412054 0.25379154 0.32395685 0.19379212 0.08759437 0.26908008 0.16232764 0.20873628 0.17871941 0.20395977 1.00000000 -0.03960199 -0.06009735 0.02835861 -0.05452067 -0.07422613 -0.10602211 -0.03020581 0.01500422 -0.06304566 0.00548719 -0.06343523 0.05694036 0.02690132 -0.10350049 -0.09769922 -0.04817518 -0.14576170 -0.03037465 0.04770233 -0.05284110 -0.01460957 -0.04463089 -0.02521049 -0.07412350 -0.00521166 -0.16485724 -0.00120547 -0.09805067 -0.06166205 0.04419601 0.02408969 0.03688466 0.02509394 -0.05282246 0.04414023 -0.02116799 0.00656226 0.03643050 0.03613803 -0.01439120 -0.04446197 -0.04594678 -0.00463314 -0.05628315 -0.10206687 0.01716782 -0.10809336 -0.13755448 -0.09677062 -0.00114796 0.06599141 -0.11087459
-0.03196458 -0.10476625 0.01457519 -0.04420845 0.01749171 0.02248464 0.05696630 0.00212603 -0.08530134 -0.05818359 -0.02156264 -0.00859192 0.01262275 -0.05837075 -0.06590066 -0.07739935 -0.08747684 0.00602703 -0.01053354 0.01862067 -0.00086188 -0.00621966 -0.01189416 -0.07193972 -0.00637981 -0.03960199 1.00000000 -0.00603651 0.12400105 0.08355998 0.19037978 0.18110676 0.30246140 0.15010167 0.19504989 0.15287136 0.26935673 0.13903629 0.26373429 0.05433603 0.04151108 0.02024427 0.05934820 0.00305081 0.08887022 0.01560339 -0.04330886 -0.00223515 0.04035982 0.02072034 0.02472787 0.07761165 -0.02722434 -0.05793655 -0.07376285 -0.03893551 -0.05963225 0.00726430 -0.00098999 0.06551938 -0.03539237 -0.01484577 -0.02658624 -0.03340127 -0.00454094 0.00717054 0.01495807 0.06054870 0.06640819 -0.06269259 -0.05570075 -0.01567154 0.04273681 0.00690399 -0.02417249 0.00743114 -0.01410592 -0.03448121
-0.05410432 0.03218984 -0.01272737 0.00011520 0.09509393 -0.05984140 0.03643401 0.05236981 -0.01407889 -0.02985982 0.01600814 0.02090549 -0.01512182 -0.02911907 -0.02368773 -0.00692390 -0.05126858 -0.01880762 -0.03099923 0.05787893 -0.02473425 0.01930591 -0.01960939 0.04778944 0.03034285 -0.06009735 -0.00603651 1.00000000 0.20050484 0.21022637 0.18493995 0.18112688 0.18068482 0.15594204 0.11331988 0.24655851 0.12915616 0.06906722 0.19680617 -0.00490342 0.02741938 0.01116922 -0.04531344 0.05090824 -0.00183561 0.05152187 -0.03182806 0.09136250 -0.03595243 0.02295575 -0.00840783 -0.03998957 0.01911312 0.05779427 -0.05324776 -0.00723525 -0.02492662 -0.00547725 -0.00129089 0.00348256 -0.01145151 0.08312443 -0.02814433 0.02289075 -0.01376413 -0.01756345 0.02161434 0.02942224 0.04722048 -0.03762157 -0.03099329 -0.02713487 -0.03457953 0.00288195 -0.00112511 0.05580561 -0.07973205 0.02880342
-0.00753681 0.00676548 0.09836680 0.03923316 0.09265078 -0.04342525 0.04790205 -0.01351576 0.00821935 0.04065594 0.07543668 0.03115890 0.04164005 0.00655116 -0.00917690 0.01198175 0.05141728 0.04998865 0.04518049 0.03915227 -0.00986526 0.08384032 0.05616719 0.01825244 0.05585918 0.02835861 0.12400105 0.20050484 1.00000000 0.24118523 0.09523972 0.18825863 0.11753037 0.06534281 0.15736297 0.16428431 0.18117753 0.12951215 0.18857585 0.05775928 -0.04739314 0.02090058 0.01245976 0.04128426 0.02101129 0.02015473 0.04176029 -0.00063702 0.03620982 0.01010672 0.03377441 0.05142688 0.07163239 0.02562580 -0.07386498 0.02641858 -0.02810795 0.05958696 0.00928704 -0.00248704 -0.07449773 0.03941410 -0.05495951 -0.08206467 0.06955329 0.00806868 -0.01455510 0.02855630 0.00693693 -0.01686950 -0.01862137 0.05079122 -0.04492546 -0.00801903 0.00866461 0.02018132 -0.05883085 0.01453758
-0.03630753 -0.04416871 -0.02208154 -0.00646406 0.07706055 -0.00129149 0.06979236 -0.02502572 0.06152206 -0.00491572 0.02906945 0.01756522 0.04610041 -0.01186757 -0.06122853 -0.06051472 0.02565160 -0.00903076 0.00481554 -0.00698978 -0.02462596 0.10949762 -0.02579609 -0.00599005 0.01315739 -0.05452067 0.08355998 0.21022637 0.24118523 1.00000000 0.23267612 0.11498849 0.26605324 0.10160381 0.15165603 0.06667180 0.13889330 0.07969636 0.10822979 -0.02545767 -0.03602666 0.05661338 -0.03818577 0.02567867 0.13143859 0.01550971 -0.02079047 0.02788700 0.09457096 0.00866398 -0.03407441 0.00239465 0.02430952 0.03176662 0.05355797 0.04084346 -0.00609665 0.06659761 0.03311601 0.05153621 -0.01083625 0.09519095 -0.12320130 -0.02944836 0.00163363 0.06957154 -0.01837192 0.10679904 -0.03361855 0.05209470 0.04818761 0.10180719 -0.00065378 0.03185384 0.05903907 0.05664695 0.00249023 0.01237869
0.03419325 0.00542960 -0.05391681 -0.00835602 0.00664804 0.02598263 0.04142462 -0.01757002 -0.04174436 -0.00386886 -0.01340011 -0.05557807 0.09649164 0.00664060 -0.05916925 -0.05749805 -0.05427586 -0.00627537 -0.02734411 0.00958361 -0.02629229 0.02745971 -0.01440961 -0.04021682 0.00340239 -0.07422613 0.19037978 0.18493995 0.09523972 0.23267612 1.00000000 0.28853883 0.21251751 0.14070663 0.18808609 0.05971418 0.12216201 0.05092930 0.08942243 -0.04889278 0.04138239 0.05010307 0.01591650 0.07251112 0.06448453 0.07996305 0.00999937 0.07913725 0.05787651 0.01602394 0.02062686 0.04409629 -0.06904413 -0.03937782 -0.01793984 0.01630357 0.01896658 -0.03392061 -0.01232259 0.03608835 -0.00518601 0.00864081 -0.02901793 -0.02979850 0.01280491 0.03299037 0.02266445 0.07786779 0.00351710 -0.03050688 0.00396091 0.00709596 0.05631657 0.03685172 -0.01178422 0.08082138 -0.03498486 0.00381038
0.07252985 -0.02001713 -0.07595557 -0.06887340 0.02889510 -0.04765864 0.09084117 0.07719357 -0.02862308 0.01899714 -0.04718766 -0.05808099 0.05320751 -0.02394048 -0.07358774 -0.05192220 -0.08163173 -0.02566332 -0.00690456 -0.04896417 -0.04308496 0.01038389 -0.02482083 0.03799488 -0.02588600 -0.10602211 0.18110676 0.18112688 0.18825863 0.11498849 0.28853883 1.00000000 0.10796031 0.05003686 0.17636106 0.07671123 0.15224438 0.07895948 0.08055033 0.03272576 0.09903647 0.06840533 -0.05704630 0.02781693 0.00506481 -0.01841103 0.04771597 0.01007507 -0.04558423 -0.00773553 0.00873347 0.08995372 -0.02035663 0.00982346 -0.10887807 -0.04180432 -0.04601067 0.01966315 -0.00906049 0.03202774 -0.06285089 -0.02774691 -0.09379725 -0.01932022 -0.02899473 0.03469686 0.01734701 0.03937338 0.01085879 0.06986077 0.02554315 0.00431054 0.08428203 0.08571710 -0.03571783 0.08118238 -0.08501772 -0.02791673
0.01997630 -0.05442332 -0.00951275 0.03517257 0.01708402 -0.01490992 0.00551167 -0.01610447 0.02942359 0.00460721 -0.05842963 -0.05179364 0.02758476 -0.01752816 -0.09818341 -0.02388108 0.00103254 0.01336949 -0.01126263 0.06084861 0.02143267 0.01783632 0.02006002 -0.02648702 -0.02380401 -0.03020581 0.30246140 0.18068482 0.11753037 0.26605324 0.21251751 0.10796031 1.00000000 0.22391619 0.24631324 0.19248311 0.19860928 0.13095996 0.16279431 0.02015530 0.00319132 -0.05077178 -0.00257302 0.05834704 0.04119440 -0.00314070 -0.00188973 -0.02993894 0.00519736 -0.01708731 -0.04127617 -0.01181441 0.05890425 0.04522986 -0.03635419 0.00619313 0.02803055 0.04251924 0.03718318 0.03588160 0.02430614 0.00419711 -0.01460680 0.00828063 0.09031970 -0.04068721 -0.02243575 0.08189937 0.04982222 -0.03998458 0.01866909 0.04276145 0.01019722 0.06965711 -0.01052668 0.00278677 0.02058358 0.01679350
0.04005376 -0.07822507 0.00917571 0.07427090 -0.00847433 -0.01286878 -0.03986638 0.03532876 -0.04292898 0.00515867 -0.08538373 0.03171454 0.02042741 -0.03401451 -0.05677608 -0.03486250 0.03555646 0.05584173 0.05584575 0.04698464 -0.03084736 -0.01038646 -0.01669452 -0.02643139 0.00941154 0.01500422 0.15010167 0.15594204 0.06534281 0.10160381 0.14070663 0.05003686 0.22391619 1.00000000 0.07554480 0.23833141 0.12748085 0.16064671 0.22491614 -0.09387175 0.03027016 -0.03111794 0.00040144 0.04454033 0.05045939 0.05319324 0.02634171 0.01676658 -0.01018944 -0.00929495 0.03020384 -0.08157222 -0.00444780 -0.00914504 0.00455681 -0.02895313 0.03292505 -0.02187931 0.04357795 0.01857189 0.06396124 0.02440863 -0.04785237 -0.02933645 -0.00196314 -0.03318281 -0.04278657 0.01997227 0.00238791 -0.07331355 -0.01555195 -0.06110181 -0.02072330 0.02782224 -0.07704186 -0.01688607 0.00044498 0.02755962
0.04090054 0.00179112 0.02655211 -0.00042914 0.04320854 0.01667020 0.03547828 0.05014859 0.02260770 0.07164238 -0.00221795 -0.00173324 0.05404205 -0.02793805 0.02524994 0.00156240 -0.02444904 0.00519183 -0.03186015 0.05279009 0.02055106 0.04190834 0.01620471 0.06269996 0.03914877 -0.06304566 0.19504989 0.11331988 0.15736297 0.15165603 0.18808609 0.17636106 0.24631324 0.07554480 1.00000000 0.21681929 0.13824557 0.10758390 0.27585222 0.04951845 0.02027423 -0.04811002 -0.04219216 0.02816822 0.01683421 -0.00026416 -0.05327880 0.05189327 0.01433003 -0.07160199 -0.02897697 0.01734018 0.02260368 0.04337533 -0.04226639 -0.03251576 -0.00393062 0.02994029 -0.07682672 0.05542298 0.02458720 -0.02712695 -0.00446565 0.07633494 0.04419404 0.09191756 0.02480966 0.02008797 0.04608742 -0.05220767 0.05304632 0.02831824 0.08133553 0.05240741 0.02123063 0.01223701 0.02160895 -0.04798056
0.06683881 0.02619004 0.08824544 0.05821134 -0.00638465 -0.04644720 -0.02586937 0.06038174 0.03937511 0.02226317 -0.05227921 0.06808144 0.00838859 -0.05055516 -0.06186891 0.04548514 0.04393106 0.03280225 0.00754710 0.12488493 0.00617478 0.04130836 -0.00244299 -0.00744657 0.00363952 0.00548719 0.15287136 0.24655851 0.16428431 0.06667180 0.05971418 0.07671123 0.19248311 0.23833141 0.21681929 1.00000000 0.28333477 0.16684696 0.24097190 0.05050972 -0.00067050 -0.03900202 0.04914382 -0.00930254 -0.00102014 -0.04254137 -0.00738104 0.00592557 -0.01233760 -0.02360062 0.06988223 -0.00955716 0.01355027 0.03735306 -0.07818492 -0.04346461 -0.05621019 -0.01821432 -0.09594197 -0.00623052 0.00144680 0.03677245 -0.00208854 -0.01780745 0.01343135 0.02379964 0.00441883 -0.01422167 0.02598611 -0.03258739 0.01429737 -0.03580151 0.01115763 0.03750158 0.01617010 0.03937792 -0.01650456 0.02856224
0.03691491 -0.07556263 -0.01762808 -0.01331180 0.04579110 0.02260352 0.09659624 0.04762217 0.02765554 -0.01939572 -0.05704645 0.09444489 0.00634561 -0.01982687 -0.02641092 -0.04405154 -0.01605495 -0.04250024 -0.01279583 -0.01403654 0.00587299 0.00660670 -0.05129632 -0.00422353 -0.02931533 -0.06343523 0.26935673 0.12915616 0.18117753 0.13889330 0.12216201 0.15224438 0.19860928 0.12748085 0.13824557 0.28333477 1.00000000 0.16700255 0.09882116 0.09978400 0.04870112 0.05553268 -0.05680113 0.06566912 -0.06560327 -0.03147827 0.05143484 0.05773953 -0.04283545 0.10516077 0.03163454 0.09525396 0.00679422 0.02628322 -0.08268471 -0.06492446 -0.07551296 0.03727678 -0.06429993 -0.01256513 -0.09164716 -0.01904612 -0.06716296 -0.06938026 0.02203226 0.05565259 -0.00428576 0.07245194 -0.03705002 -0.03042854 0.03951536 0.01769940 0.02938706 0.09032070 0.01616515 0.05131561 -0.06912025 -0.00005729
-0.05480655 -0.01910272 0.04260063 0.03969742 -0.00298878 -0.05346859 -0.00668214 0.01902538 0.01325860 0.03971812 0.00715875 0.06130509 -0.00074688 -0.06295103 -0.03783491 -0.02196457 0.04573543 0.06699635 -0.09608582 0.02377666 0.02919923 0.01375348 0.05181392 0.00261373 0.05344153 0.05694036 0.13903629 0.06906722 0.12951215 0.07969636 0.05092930 0.07895948 0.13095996 0.16064671 0.10758390 0.16684696 0.16700255 1.00000000 0.06310147 -0.08627734 -0.04760518 -0.13027172 -0.10582255 0.01184060 0.00506604 -0.01853082 -0.05078707 -0.11079948 -0.00394242 -0.11723273 -0.01560479 -0.10346092 0.02891756 -0.02802894 -0.01498168 0.02830869 0.11839637 0.04550441 -0.02687942 -0.03799776 0.05616338 0.04550186 0.06313225 0.02153381 0.07599033 -0.01998366 -0.08370111 0.03743117 0.02175115 -0.05966077 -0.09375930 -0.02650056 -0.06332097 -0.05337062 -0.04623612 -0.09668651 0.03681327 -0.00355683
0.00462511 0.02462144 0.05753873 0.04005766 0.07247989 -0.02877247 -0.08694620 0.06268559 0.04646260 0.00080072 0.01586251 0.02566085 0.03169242 -0.06048317 -0.02416891 -0.09460489 -0.02054627 -0.04197709 -0.06313811 0.05687815 0.09817897 0.01145669 -0.00327525 0.00008251 0.03314095 0.02690132 0.26373429 0.19680617 0.18857585 0.10822979 0.08942243 0.08055033 0.16279431 0.22491614 0.27585222 0.24097190 0.09882116 0.06310147 1.00000000 0.01561372 0.03649252 -0.05270285 -0.01792630 -0.08019664 0.09111980 -0.00699058 -0.04727688 -0.00761516 0.06218728 0.00952486 0.01541479 -0.02800007 0.09632317 -0.04083287 -0.05942159 0.02942556 0.00436344 -0.04669151 -0.01141567 -0.00981366 0.03077513 0.00098682 -0.02529687 0.00310842 -0.00635821 -0.01902100 0.00974988 0.00999912 -0.00470701 -0.08970793 -0.04451151 -0.04998638 -0.05375073 -0.04972706 -0.11092657 -0.01789223 -0.00119142 -0.07644820
0.01601705 -0.06640046 -0.00412230 -0.02000431 0.01941807 -0.08269292 0.06842886 0.00240378 -0.02790356 0.03364096 -0.06144663 -0.01885641 0.01489653 -0.00326117 0.01497596 -0.03335744 -0.14960502 -0.03272261 -0.01870648 -0.09282421 -0.05750460 0.06994365 -0.02380062 0.03039733 -0.07882083 -0.10350049 0.05433603 -0.00490342 0.05775928 -0.02545767 -0.04889278 0.03272576 0.02015530 -0.09387175 0.04951845 0.05050972 0.09978400 -0.08627734 0.01561372 1.00000000 0.24768723 0.16978673 0.21229904 0.12402559 0.05334012 -0.01454122 0.31159598 0.15982097 0.09539825 0.15123089 0.11206816 0.29528205 -0.02311617 0.08981738 -0.02699463 -0.07745454 -0.04642935 0.05145861 0.02311616 0.02716437 -0.09447040 -0.03249129 -0.07272478 -0.06112295 -0.01618427 -0.01178702 0.04140701 -0.00546566 0.03098429 0.03384117 0.02871036 0.01116872 0.04258682 0.11725836 0.06158158 0.00118234 -0.06438037 0.06651269
0.03679762 -0.03533898 -0.07224672 -0.03692518 -0.10787375 0.04496204 -0.06468761 -0.02099335 0.03692719 -0.02431755 -0.07325614 -0.00563097 0.00970864 -0.04324968 -0.04725353 -0.06881990 -0.09283388 -0.07480277 -0.05101507 -0.10238360 -0.09057565 -0.01962643 -0.03326091 0.03569650 -0.07618819 -0.09769922 0.04151108 0.02741938 -0.04739314 -0.03602666 0.04138239 0.09903647 0.00319132 0.03027016 0.02027423 -0.00067050 0.04870112 -0.04760518 0.03649252 0.24768723 1.00000000 0.22044294 0.14429820 0.22698460 -0.02700099 0.04645747 0.23565397 0.10858197 0.04612983 0.20065362 0.10539273 0.13621178 -0.06603789 0.03081501 -0.07769491 -0.06339966 -0.05684981 0.00225700 -0.04530310 0.02503597 0.05669965 -0.00916256 -0.03806391 -0.06896973 -0.09577305 0.11824418 0.09631613 0.06108451 0.02718132 0.10292707 0.05571838 0.04083672 0.08436498 0.13893526 0.02604501 0.06831774 0.01195169 0.09223163
-0.01335855 0.02515421 -0.05358394 -0.11109062 0.00377807 0.05522728 0.15060736 0.00399695 -0.00008046 -0.05385176 -0.00743178 0.03534779 -0.07786156 -0.02974002 0.05278011 -0.00210256 -0.06724028 0.04505700 0.05733515 -0.10678123 -0.06192203 0.02363538 0.01169771 0.08576878 -0.03067059 -0.04817518 0.02024427 0.01116922 0.02090058 0.05661338 0.05010307 0.06840533 -0.05077178 -0.03111794 -0.04811002 -0.03900202 0.05553268 -0.13027172 -0.05270285 0.16978673 0.22044294 1.00000000 0.17074832 0.10509322 0.14354269 0.04278286 0.17238402 0.08635419 0.23490128 0.33188404 0.09034602 0.19763743 -0.07548768 0.01538910 0.06755455 -0.05876200 -0.04794827 0.00384118 0.02490900 0.08316182 -0.07307665 0.02944190 -0.05148134 -0.03043550 -0.00463743 0.12131518 -0.00295703 -0.00663148 -0.05791043 0.10328018 0.07503946 0.03372823 0.08747783 0.07024695 0.03968667 0.10661894 -0.09862004 0.10333549
-0.00967118 -0.00544643 -0.05040277 0.00130741 -0.05438107 -0.07266344 0.02132385 -0.00873554 -0.05393059 0.01492615 0.01218154 -0.06400585 -0.07293810 -0.04567256 -0.10115973 0.05162141 -0.03098572 -0.04954880 -0.03062839 0.02198504 -0.01661556 0.06381179 0.00788077 0.02692798 0.00484221 -0.14576170 0.05934820 -0.04531344 0.01245976 -0.03818577 0.01591650 -0.05704630 -0.00257302 0.00040144 -0.04219216 0.04914382 -0.05680113 -0.10582255 -0.01792630 0.21229904 0.14429820 0.17074832 1.00000000 0.10666455 0.10357899 0.15401316 0.17379278 0.14690833 0.19566500 0.16310853 0.10657843 0.14674756 -0.03880448 0.09639089 -0.02612187 -0.04382854 -0.01870372 0.02590997 -0.00948580 0.06584269 -0.02455907 -0.01054099 -0.01728082 -0.00466072 -0.02067599 0.08202188 0.00556357 -0.05661409 0.04484538 -0.00810243 -0.02239228 0.02240978 0.08337402 0.10554899 0.01233910 -0.03112878 -0.03606849 0.08726080
0.02314888 -0.04217830 -0.02337982 -0.02295643 0.00158059 -0.10460459 -0.02476092 -0.05266700 -0.07004259 -0.01784062 -0.04929550 -0.07625477 0.00844206 -0.06682132 -0.05949439 -0.01277339 -0.02651472 -0.06986649 -0.06091032 -0.01519332 -0.09137425 -0.00224892 -0.01216059 -0.09902332 -0.11111250 -0.03037465 0.00305081 0.05090824 0.04128426 0.02567867 0.07251112 0.02781693 0.05834704 0.04454033 0.02816822 -0.00930254 0.06566912 0.01184060 -0.08019664 0.12402559 0.22698460 0.10509322 0.10666455 1.00000000 0.00843250 0.27447615 0.20874587 0.15657553 0.03457466 0.13082098 0.17817341 0.20785948 -0.04358226 0.08836274 -0.00731894 0.04983469 0.03166705 0.07059407 0.07105639 0.03734956 0.04805497 0.05230457 0.05586109 0.03344724 0.01222007 0.05813332 0.02614105 0.00202391 0.05548577 -0.02897117 -0.00383993 0.01958701 0.04906313 0.08859322 0.02287726 0.03468195 -0.03973940 0.11306885
0.03062654 0.01926856 0.00713303 -0.02549804 0.03216667 -0.03260401 0.03726467 -0.04500719 0.01731035 -0.02823636 0.06505296 0.00752973 -0.04036899 -0.00961824 0.07375885 0.00105229 0.00208962 0.03310508 0.05651628 0.00500939 0.03548769 -0.02096013 0.00660353 0.03502125 -0.02567306 0.04770233 0.08887022 -0.00183561 0.02101129 0.13143859 0.06448453 0.00506481 0.04119440 0.05045939 0.01683421 -0.00102014 -0.06560327 0.00506604 0.09111980 0.05334012 -0.02700099 0.14354269 0.10357899 0.00843250 1.00000000 0.20100211 0.03764553 0.19376580 0.15653660 0.07181428 0.19383138 0.03605371 0.03798413 0.04321050 0.08943356 -0.00651570 0.10289503 0.06737767 0.09620075 0.09168018 -0.05007619 0.10542946 0.05889021 0.07218981 0.06213843 -0.05238234 -0.06873569 -0.05335028 0.07394990 -0.03755804 0.00011871 0.08905378 -0.04052169 -0.01950378 -0.11223966 -0.05466223 0.01737115 -0.01296060
0.02449065 -0.00359208 0.04328356 -0.02676151 0.04916246 -0.08636027 0.02906747 -0.08296936 -0.02759165 -0.01525028 -0.04650221 -0.08839347 -0.10656941 -0.03463699 0.02994845 -0.01090027 -0.00120357 -0.07732799 -0.03322880 0.01195435 -0.04321068 -0.02074681 -0.01684685 -0.05250840 -0.11387644 -0.05284110 0.01560339 0.05152187 0.02015473 0.01550971 0.07996305 -0.01841103 -0.00314070 0.05319324 -0.00026416 -0.04254137 -0.03147827 -0.01853082 -0.00699058 -0.01454122 0.04645747 0.04278286 0.15401316 0.27447615 0.20100211 1.00000000 0.09906327 0.26844065 0.22623575 0.09799439 0.23991430 0.09390748 -0.01779577 -0.00751435 -0.00282019 0.04424928 0.02378939 -0.00373773 0.02970254 0.01861538 -0.01838426 0.00674927 0.08876136 0.05950679 -0.07108135 0.00140726 -0.10646339 0.02014774 -0.01758898 -0.12497272 -0.06642130 -0.01319619 -0.00723383 0.01533345 -0.02182464 0.01853976 -0.01952583 0.00440183
0.00850211 0.02144816 0.01615831 -0.02403899 0.00944516 -0.00933786 0.02489106 0.05477417 -0.02401967 -0.05904315 -0.03035488 0.04986961 -0.03461487 -0.02910227 -0.06246673 -0.03619875 -0.07476254 -0.01592594 0.05109640 -0.01135253 0.02343523 -0.01914101 0.00696344 -0.00262563 -0.10185197 -0.01460957 -0.04330886 -0.03182806 0.04176029 -0.02079047 0.00999937 0.04771597 -0.00188973 0.02634171 -0.05327880 -0.00738104 0.05143484 -0.05078707 -0.04727688 0.31159598 0.23565397 0.17238402 0.17379278 0.20874587 0.03764553 0.09906327 1.00000000 0.04806717 0.01655149 0.09872040 0.17864826 0.29624476 0.01727464 0.11699385 0.02500464 0.02449805 0.06610747 0.08245790 0.06033592 0.06087786 -0.00063293 0.08873426 0.02513968 0.08369146 0.09334891 0.09288484 0.01077501 -0.02022344 0.01777828 0.01600906 0.05037322 0.02561455 0.03001574 0.11659251 0.00874170 0.07589966 -0.00608560 0.08012496
0.03387038 -0.00366993 -0.01745815 0.02361471 0.01761480 -0.06725522 0.05769540 -0.10000010 0.08531548 0.04344830 0.02609047 0.01889605 0.01551164 -0.01612868 0.06087887 0.00851429 -0.02903089 -0.05680229 -0.04393072 -0.03726664 -0.01687413 -0.00913811 -0.03548771 0.06870322 -0.11313333 -0.04463089 -0.00223515 0.09136250 -0.00063702 0.02788700 0.07913725 0.01007507 -0.02993894 0.01676658 0.05189327 0.00592557 0.05773953 -0.11079948 -0.00761516 0.15982097 0.10858197 0.08635419 0.14690833 0.15657553 0.19376580 0.26844065 0.04806717 1.00000000 0.10759771 0.26398948 0.19353048 0.04767715 -0.00643856 0.05134645 0.00765430 -0.03765758 0.01957988 0.12786264 -0.00475937 -0.00233421 -0.10816753 0.00517753 -0.05441104 -0.02377998 -0.00054790 0.03277664 0.00117774 0.00196668 -0.00526451 -0.05714011 0.05998814 0.10058129 -0.00054273 0.06259786 -0.00527109 0.00746492 -0.00492420 0.09409946
0.07100313 0.01767288 0.00138754 0.05800441 0.12366702 0.02620304 0.09419284 -0.02930350 0.04201834 0.02921269 0.05246653 -0.03118989 0.01433933 -0.00962087 0.03584874 0.00293860 0.00402912 -0.06302425 0.02672976 -0.01524283 -0.03276699 -0.01430921 -0.02229221 0.05552958 -0.01442331 -0.02521049 0.04035982 -0.03595243 0.03620982 0.09457096 0.05787651 -0.04558423 0.00519736 -0.01018944 0.01433003 -0.01233760 -0.04283545 -0.00394242 0.06218728 0.09539825 0.04612983 0.23490128 0.19566500 0.03457466 0.15653660 0.22623575 0.01655149 0.10759771 1.00000000 0.12159849 0.15203440 0.07160030 0.02807085 -0.03439011 0.01961027 -0.02597685 -0.03608555 -0.01381011 -0.00842788 0.00655335 -0.02852226 -0.01359789 0.07245978 0.02333745 -0.01573445 -0.04955190 -0.08948672 -0.01511774 -0.04828921 -0.02293225 -0.10400655 -0.01626202 -0.09553587 -0.07594019 -0.00781426 -0.08857514 0.01678595 -0.06180356
0.01058127 -0.05113399 -0.06780943 -0.05895384 -0.06303032 -0.07915303 -0.02781558 -0.01934672 -0.04268820 0.02308115 -0.01697608 -0.02111906 -0.07453119 0.02946073 -0.01397952 0.04680691 -0.09792216 -0.09592318 0.00340446 -0.10017420 -0.02597834 0.06196555 -0.02546346 0.05623430 -0.02230281 -0.07412350 0.02072034 0.02295575 0.01010672 0.00866398 0.01602394 -0.00773553 -0.01708731 -0.00929495 -0.07160199 -0.02360062 0.10516077 -0.11723273 0.00952486 0.15123089 0.20065362 0.33188404 0.16310853 0.13082098 0.07181428 0.09799439 0.09872040 0.26398948 0.12159849 1.00000000 0.07769324 0.18205421 -0.05176470 -0.03441041 -0.09420135 -0.08336757 -0.11726346 -0.04893194 -0.02597621 -0.02609911 -0.07280825 -0.02926276 -0.02334391 -0.07604865 -0.11659972 0.09025300 0.03447155 0.10449764 -0.07223858 0.12543867 0.09060539 0.08421078 0.08396166 0.13797820 -0.00653906 0.06424219 -0.01361037 0.14395532
-0.00462570 0.02662169 -0.00784203 0.04330990 -0.02173594 -0.02396446 0.05809286 -0.05518189 -0.02715789 0.01997272 -0.02174688 -0.03377337 -0.07397688 0.03011163 0.06650265 0.01901127 0.03070724 0.00150461 0.04167821 0.06110181 -0.02778301 -0.03408857 -0.00265860 0.02097942 -0.09316965 -0.00521166 0.02472787 -0.00840783 0.03377441 -0.03407441 0.02062686 0.00873347 -0.04127617 0.03020384 -0.02897697 0.06988223 0.03163454 -0.01560479 0.01541479 0.11206816 0.10539273 0.09034602 0.10657843 0.17817341 0.19383138 0.23991430 0.17864826 0.19353048 0.15203440 0.07769324 1.00000000 0.20637625 -0.00075066 0.08593304 0.01984586 -0.00092047 -0.00053241 0.02107341 0.02980711 -0.01496024 -0.04192531 0.04382627 -0.01249311 0.04417065 0.02013242 -0.04287714 -0.06727327 -0.09264438 0.02659162 -0.08359286 -0.08411271 -0.00571231 -0.06498964 0.00887353 -0.04566157 -0.02575958 0.05242085 -0.03704696
0.01932738 0.03032716 -0.09026197 -0.08359148 -0.02413994 -0.03107826 0.08878542 0.05429004 -0.00375913 -0.03495537 -0.11621293 0.00443950 -0.06457870 -0.05969568 -0.05895341 -0.03568234 -0.09048523 -0.13784763 0.01740999 -0.04286630 -0.06787120 -0.00716735 -0.03097786 0.00259369 -0.09221764 -0.16485724 0.07761165 -0.03998957 0.05142688 0.00239465 0.04409629 0.08995372 -0.01181441 -0.08157222 0.01734018 -0.00955716 0.09525396 -0.10346092 -0.02800007 0.29528205 0.13621178 0.19763743 0.14674756 0.20785948 0.03605371 0.09390748 0.29624476 0.04767715 0.07160030 0.18205421 0.20637625 1.00000000 -0.01417036 0.11362017 0.02566699 0.03652585 -0.03557405 0.03269544 0.04304408 0.11318148 0.02615237 0.01102804 -0.02139897 0.05021984 0.01506691 0.08949061 0.03421684 0.03519631 -0.01426788 0.03587470 0.01984448 0.02636206 0.11553370 0.12845966 0.01516196 -0.02937708 -0.12814126 0.07177564
0.02580437 0.03765567 0.05861937 0.08760644 0.03582970 -0.01055984 -0.00337779 0.06261420 0.05541355 0.02037724 0.08382494 0.08960941 0.02910896 -0.04558475 -0.01661268 0.00799479 -0.00018300 -0.05525824 -0.01938859 0.03099277 0.02648892 -0.02620210 0.03657059 -0.03162012 0.01935983 -0.00120547 -0.02722434 0.01911312 0.07163239 0.02430952 -0.06904413 -0.02035663 0.05890425 -0.00444780 0.02260368 0.01355027 0.00679422 0.02891756 0.09632317 -0.02311617 -0.06603789 -0.07548768 -0.03880448 -0.04358226 0.03798413 -0.01779577 0.01727464 -0.00643856 0.02807085 -0.05176470 -0.00075066 -0.01417036 1.00000000 0.21152044 0.14755784 0.24044079 0.22543284 0.22559410 0.19602677 0.12989974 0.24597679 0.15215206 0.27945477 0.26650575 0.34270760 -0.06243256 -0.07815330 -0.06013159 0.07810767 -0.04721289 -0.06086769 0.01669822 -0.09167234 -0.05750088 -0.08785031 -0.03060352 -0.00449776 -0.08360082
0.04596535 0.03441618 -0.04673462 -0.02041544 0.04645881 -0.01404907 0.03109020 0.01189654 0.02777332 0.02874733 0.02159750 0.02191016 0.00170520 -0.02983395 -0.04949735 0.02792299 -0.05973589 -0.00187437 -0.04843831 -0.02639628 0.00617041 -0.03526914 -0.01604717 -0.00804776 -0.04897882 -0.09805067 -0.05793655 0.05779427 0.02562580 0.03176662 -0.03937782 0.00982346 0.04522986 -0.00914504 0.04337533 0.03735306 0.02628322 -0.02802894 -0.04083287 0.08981738 0.03081501 0.01538910 0.09639089 0.08836274 0.04321050 -0.00751435 0.11699385 0.05134645 -0.03439011 -0.03441041 0.08593304 0.11362017 0.21152044 1.00000000 0.26190207 0.15282275 0.23904820 0.15388016 0.22989693 0.28763109 0.16102067 0.19968940 0.19611315 0.20175228 0.27537140 0.03240266 0.08149466 -0.03372682 0.06789835 -0.02046268 0.09913084 0.02626386 0.02337359 0.05902832 0.04739777 0.02654771 -0.06883923 0.03053295
0.03328563 0.07097809 0.06185464 0.01641018 0.00994337 0.05339921 0.02652880 0.00780373 0.03811647 0.02524703 0.04576873 -0.03192715 -0.01379915 -0.01463668 0.02996042 -0.06224608 0.01232435 0.01393161 -0.00146637 -0.00813378 -0.08130361 -0.02884576 -0.00427807 -0.04385299 -0.05750271 -0.06166205 -0.07376285 -0.05324776 -0.07386498 0.05355797 -0.01793984 -0.10887807 -0.03635419 0.00455681 -0.04226639 -0.07818492 -0.08268471 -0.01498168 -0.05942159 -0.02699463 -0.07769491 0.06755455 -0.02612187 -0.00731894 0.08943356 -0.00282019 0.02500464 0.00765430 0.01961027 -0.09420135 0.01984586 0.02566699 0.14755784 0.26190207 1.00000000 0.27910090 0.21895641 0.18389527 0.29158799 0.27493019 0.25384922 0.27463482 0.16523896 0.20252701 0.25503097 -0.04770382 0.06338013 0.05596733 0.03671100 -0.00232537 -0.02854460 0.05739930 -0.00016526 0.00594063 0.04962894 0.06737981 0.02689661 0.05624070
-0.00961732 0.08577217 0.07381956 0.04791644 -0.02465070 -0.01395267 -0.06194939 0.04136618 -0.01708912 0.01101278 -0.07217414 -0.01157871 0.05242982 -0.05507279 0.01954311 -0.03199004 -0.04816283 -0.05083353 -0.08453402 0.02217547 0.02250263 -0.07148910 0.01418205 -0.02744177 -0.05096673 0.04419601 -0.03893551 -0.00723525 0.02641858 0.04084346 0.01630357 -0.04180432 0.00619313 -0.02895313 -0.03251576 -0.04346461 -0.06492446 0.02830869 0.02942556 -0.07745454 -0.06339966 -0.05876200 -0.04382854 0.04983469 -0.00651570 0.04424928 0.02449805 -0.03765758 -0.02597685 -0.08336757 -0.00092047 0.03652585 0.24044079 0.15282275 0.27910090 1.00000000 0.34029070 0.18264135 0.35140525 0.22908525 0.30676568 0.20339586 0.25170232 0.37478223 0.26495295 -0.06019213 -0.00896213 -0.07201912 -0.02437396 -0.11331897 -0.06465817 -0.00721510 -0.05080233 -0.06341371 -0.06852942 -0.06772724 0.04357372 -0.12111939
0.03028717 0.03109058 0.03555463 0.03634149 -0.00243403 -0.01902435 -0.05657779 0.09645674 -0.03254273 0.00902102 0.04350019 0.00862471 0.08019771 -0.03432678 0.01921879 -0.04327503 -0.03402059 0.00032592 0.00415969 -0.00560977 0.03638477 -0.08787733 -0.00417029 -0.02528278 -0.00957146 0.02408969 -0.05963225 -0.02492662 -0.02810795 -0.00609665 0.01896658 -0.04601067 0.02803055 0.03292505 -0.00393062 -0.05621019 -0.07551296 0.11839637 0.00436344 -0.04642935 -0.05684981 -0.04794827 -0.01870372 0.03166705 0.10289503 0.02378939 0.06610747 0.01957988 -0.03608555 -0.11726346 -0.00053241 -0.03557405 0.22543284 0.23904820 0.21895641 0.34029070 1.00000000 0.22522574 0.33713137 0.19844013 0.18686938 0.22602983 0.28607283 0.23649490 0.35023994 -0.03227958 -0.05407740 -0.04442790 0.05781783 -0.05539176 -0.03074740 0.02532380 -0.06487564 -0.02923539 -0.06744588 -0.04515587 0.05561415 -0.06622907
0.07843576 0.03101570 -0.01246250 0.05620531 0.08287377 -0.03393933 0.03987229 0.01597645 -0.01627787 0.10932404 0.01440533 0.04112984 0.06714816 -0.05037811 -0.02881957 -0.04154509 -0.03131166 -0.06791178 -0.03500265 -0.06412910 -0.09893800 -0.08750497 -0.06585682 -0.00393318 -0.08948559 0.03688466 0.00726430 -0.00547725 0.05958696 0.06659761 -0.03392061 0.01966315 0.04251924 -0.02187931 0.02994029 -0.01821432 0.03727678 0.04550441 -0.04669151 0.05145861 0.00225700 0.00384118 0.02590997 0.07059407 0.06737767 -0.00373773 0.08245790 0.12786264 -0.01381011 -0.04893194 0.02107341 0.03269544 0.22559410 0.15388016 0.18389527 0.18264135 0.22522574 1.00000000 0.27264111 0.16448028 0.07958325 0.31457573 0.13349045 0.16287126 0.29635149 0.00036108 -0.08819363 0.02214681 0.02780192 -0.05942321 0.00458163 0.08384794 -0.04691056 0.00555753 0.00048330 -0.03909610 -0.01292763 -0.04497028
0.06059974 0.03193980 0.04428202 0.06526411 0.01267467 0.00592388 0.09708482 0.01285182 -0.01130693 0.07106441 -0.01042338 0.00647929 0.03771671 -0.03464306 -0.00351476 -0.01094445 -0.04537729 -0.02591110 -0.01784612 -0.06713485 -0.04960743 -0.01562431 -0.07810976 -0.05498890 -0.07797270 0.02509394 -0.00098999 -0.00129089 0.00928704 0.03311601 -0.01232259 -0.00906049 0.03718318 0.04357795 -0.07682672 -0.09594197 -0.06429993 -0.02687942 -0.01141567 0.02311616 -0.04530310 0.02490900 -0.00948580 0.07105639 0.09620075 0.02970254 0.06033592 -0.00475937 -0.00842788 -0.02597621 0.02980711 0.04304408 0.19602677 0.22989693 0.29158799 0.35140525 0.33713137 0.27264111 1.00000000 0.26181489 0.14823914 0.27030898 0.15515599 0.20590727 0.24422815 -0.06024258 -0.06579860 -0.05127428 0.01542649 -0.03889775 -0.00167212 -0.02434943 -0.10014354 -0.06281989 0.03126463 0.01073846 -0.03671909 -0.05253713
0.01520271 0.01847710 0.01707732 0.01744182 -0.00646822 0.04747445 0.06578593 0.01771370 -0.02907342 0.02313990 0.00114401 0.02065222 0.02444071 -0.00069792 0.05581022 -0.03091116 -0.03798243 0.01644280 0.00752578 0.02356989 -0.10827569 -0.03224962 -0.00291042 -0.05173624 0.01307728 -0.05282246 0.06551938 0.00348256 -0.00248704 0.05153621 0.03608835 0.03202774 0.03588160 0.01857189 0.05542298 -0.00623052 -0.01256513 -0.03799776 -0.00981366 0.02716437 0.02503597 0.08316182 0.06584269 0.03734956 0.09168018 0.01861538 0.06087786 -0.00233421 0.00655335 -0.02609911 -0.01496024 0.11318148 0.12989974 0.28763109 0.27493019 0.22908525 0.19844013 0.16448028 0.26181489 1.00000000 0.13842331 0.25300125 0.15170330 0.26600082 0.25065829 0.03622489 -0.00784280 -0.05094005 -0.00700192 -0.05156789 0.00518815 -0.08863661 0.01377138 -0.00763506 -0.06881471 0.02109916 -0.09258515 0.05857415
-0.03443864 0.04135534 0.07581633 0.01136786 0.00132207 0.02689158 -0.07069288 0.05753325 0.03048558 0.02977595 -0.01025145 0.04571673 0.03945608 -0.01876845 0.00994936 0.00539054 0.03355548 -0.09944330 -0.06914084 0.06898556 0.02703921 0.01192424 0.03053232 0.06953577 0.00409346 0.04414023 -0.03539237 -0.01145151 -0.07449773 -0.01083625 -0.00518601 -0.06285089 0.02430614 0.06396124 0.02458720 0.00144680 -0.09164716 0.05616338 0.03077513 -0.09447040 0.05669965 -0.07307665 -0.02455907 0.04805497 -0.05007619 -0.01838426 -0.00063293 -0.10816753 -0.02852226 -0.07280825 -0.04192531 0.02615237 0.24597679 0.16102067 0.25384922 0.30676568 0.18686938 0.07958325 0.14823914 0.13842331 1.00000000 0.21464707 0.21782901 0.26482160 0.15343534 0.03769166 0.00257245 -0.04400979 -0.01915706 -0.08656748 -0.07114690 -0.03903674 0.04839532 -0.03589908 -0.02187897 0.00522345 0.02796212 -0.03289209
0.04210463 0.07788400 0.08545321 0.04588010 0.02080894 -0.04170135 0.10231646 0.08012797 0.05658088 0.11571918 0.06907413 0.09628633 -0.00665931 -0.04828503 0.04573188 -0.01181907 0.06029126 0.00935952 -0.09269901 0.01675040 -0.00616518 -0.03516470 0.01177400 0.02045176 0.01633903 -0.02116799 -0.01484577 0.08312443 0.03941410 0.09519095 0.00864081 -0.02774691 0.00419711 0.02440863 -0.02712695 0.03677245 -0.01904612 0.04550186 0.00098682 -0.03249129 -0.00916256 0.02944190 -0.01054099 0.05230457 0.10542946 0.00674927 0.08873426 0.00517753 -0.01359789 -0.02926276 0.04382627 0.01102804 0.15215206 0.19968940 0.27463482 0.20339586 0.22602983 0.31457573 0.27030898 0.25300125 0.21464707 1.00000000 0.19148443 0.23513071 0.31199270 -0.02676774 -0.04460826 -0.08088386 0.02856583 0.00173168 0.01204912 0.00618969 -0.03652358 -0.06655375 -0.02935658 -0.03773209 -0.06775402 -0.05149231
0.02180711 0.06778729 0.09160000 -0.01232931 -0.00726163 -0.06593767 -0.03143882 0.01746139 -0.00629431 -0.05465447 -0.00466159 -0.01688801 -0.05539204 -0.08932090 0.00040336 0.03242453 -0.04418224 -0.03712524 -0.07894419 -0.01688777 0.01999421 -0.10726324 -0.00511809 -0.10575922 0.02853913 0.00656226 -0.02658624 -0.02814433 -0.05495951 -0.12320130 -0.02901793 -0.09379725 -0.01460680 -0.04785237 -0.00446565 -0.00208854 -0.06716296 0.06313225 -0.02529687 -0.07272478 -0.03806391 -0.05148134 -0.01728082 0.05586109 0.05889021 0.08876136 0.02513968 -0.05441104 0.07245978 -0.02334391 -0.01249311 -0.02139897 0.27945477 0.19611315 0.16523896 0.25170232 0.28607283 0.13349045 0.15515599 0.15170330 0.21782901 0.19148443 1.00000000 0.22881354 0.22307748 -0.06725537 -0.05602920 -0.02001944 0.07687561 -0.10752013 -0.08527474 0.06664561 -0.09419178 -0.06409050 -0.07910158 -0.07508708 0.03999960 -0.09934107
-0.01196715 0.02645094 -0.01533347 -0.02282122 -0.03114531 0.00083673 0.04372802 0.00098053 -0.01859333 0.05015828 0.00099888 0.04876625 0.00544244 -0.05572366 0.00748566 0.04716842 -0.01843238 -0.02764673 0.02773766 0.04732241 -0.01463867 -0.03744668 0.04032194 0.01428309 -0.02557489 0.03643050 -0.03340127 0.02289075 -0.08206467 -0.02944836 -0.02979850 -0.01932022 0.00828063 -0.02933645 0.07633494 -0.01780745 -0.06938026 0.02153381 0.00310842 -0.06112295 -0.06896973 -0.03043550 -0.00466072 0.03344724 0.07218981 0.05950679 0.08369146 -0.02377998 0.02333745 -0.07604865 0.04417065 0.05021984 0.26650575 0.20175228 0.20252701 0.37478223 0.23649490 0.16287126 0.20590727 0.26600082 0.26482160 0.23513071 0.22881354 1.00000000 0.22666819 0.00871092 -0.07242326 -0.10616415 0.03101462 -0.15191055 -0.09086306 -0.02543617 -0.07021238 -0.09891433 -0.12669190 -0.03202846 -0.04213177 -0.03236695
0.04584179 0.05396079 0.03789193 0.05273632 -0.00872847 -0.03532602 -0.00083586 0.07546083 -0.03258487 0.06598085 0.06253722 -0.03822315 0.02997060 -0.04045386 0.00098756 0.03051352 0.06427159 -0.00347634 0.01254075 0.04315319 0.08387989 0.01830817 0.00497285 0.01948280 -0.00875185 0.03613803 -0.00454094 -0.01376413 0.06955329 0.00163363 0.01280491 -0.02899473 0.09031970 -0.00196314 0.04419404 0.01343135 0.02203226 0.07599033 -0.00635821 -0.01618427 -0.09577305 -0.00463743 -0.02067599 0.01222007 0.06213843 -0.07108135 0.09334891 -0.00054790 -0.01573445 -0.11659972 0.02013242 0.01506691 0.34270760 0.27537140 0.25503097 0.26495295 0.35023994 0.29635149 0.24422815 0.25065829 0.15343534 0.31199270 0.22307748 0.22666819 1.00000000 -0.07983589 -0.02868287 0.00727938 0.06348365 -0.10304603 -0.00190298 0.03764112 -0.06763984 0.00331302 -0.02803469 -0.04986077 0.04355938 -0.06961266
0.00959078 -0.05150140 -0.05673468 -0.06648022 0.03040778 0.03321136 -0.00514673 0.05262135 -0.02611501 -0.03257207 -0.00934586 0.02063256 -0.03291279 0.02813228 -0.03574404 0.05851401 0.03923209 -0.02551018 0.02233241 -0.04813643 -0.03309874 0.09101872 0.08018409 0.00619955 -0.00723057 -0.01439120 0.00717054 -0.01756345 0.00806868 0.06957154 0.03299037 0.03469686 -0.04068721 -0.03318281 0.09191756 0.02379964 0.05565259 -0.01998366 -0.01902100 -0.01178702 0.11824418 0.12131518 0.08202188 0.05813332 -0.05238234 0.00140726 0.09288484 0.03277664 -0.04955190 0.09025300 -0.04287714 0.08949061 -0.06243256 0.03240266 -0.04770382 -0.06019213 -0.03227958 0.00036108 -0.06024258 0.03622489 0.03769166 -0.02676774 -0.06725537 0.00871092 -0.07983589 1.00000000 0.15710057 0.13245780 0.19264573 0.13868657 0.20204657 0.25815218 0.25210452 0.22421717 0.18779656 0.31274636 0.10141216 0.30716904
0.04783787 0.05484783 0.04080864 -0.02365708 0.01162720 0.07234601 -0.05018136 0.06988326 -0.04198997 -0.01444308 0.03048898 0.04233056 0.02411847 0.00066485 -0.09826127 -0.02586769 -0.02029779 0.00680194 0.02865771 0.02103794 0.04169029 0.12712356 0.02281226 0.03320300 -0.00607259 -0.04446197 0.01495807 0.02161434 -0.01455510 -0.01837192 0.02266445 0.01734701 -0.02243575 -0.04278657 0.02480966 0.00441883 -0.00428576 -0.08370111 0.00974988 0.04140701 0.09631613 -0.00295703 0.00556357 0.02614105 -0.06873569 -0.10646339 0.01077501 0.00117774 -0.08948672 0.03447155 -0.06727327 0.03421684 -0.07815330 0.08149466 0.06338013 -0.00896213 -0.05407740 -0.08819363 -0.06579860 -0.00784280 0.00257245 -0.04460826 -0.05602920 -0.07242326 -0.02868287 0.15710057 1.00000000 0.23566109 0.17989649 0.24462094 0.10981250 0.16118965 0.16238047 0.13126607 0.24746610 0.20882283 0.08102798 0.24984757
0.03156785 0.00858307 -0.07978981 -0.03005850 0.02245563 -0.02251601 -0.09037505 0.05195680 -0.00159532 -0.04031279 -0.06265293 -0.02964305 0.00033704 -0.02729672 -0.12286038 -0.00245588 -0.02738715 -0.07923744 -0.03249940 -0.06857764 -0.09680332 0.04490512 -0.01997365 -0.08999393 -0.08904177 -0.04594678 0.06054870 0.02942224 0.02855630 0.10679904 0.07786779 0.03937338 0.08189937 0.01997227 0.02008797 -0.01422167 0.07245194 0.03743117 0.00999912 -0.00546566 0.06108451 -0.00663148 -0.05661409 0.00202391 -0.05335028 0.02014774 -0.02022344 0.00196668 -0.01511774 0.10449764 -0.09264438 0.03519631 -0.06013159 -0.03372682 0.05596733 -0.07201912 -0.04442790 0.02214681 -0.05127428 -0.05094005 -0.04400979 -0.08088386 -0.02001944 -0.10616415 0.00727938 0.13245780 0.23566109 1.00000000 0.14775256 0.18158951 0.18698725 0.14783515 0.17356797 0.19984819 0.25227234 0.11228046 0.12870666 0.14784076
-0.00922360 -0.01249320 0.02475016 -0.01292329 -0.00099354 -0.03774213 -0.04231061 0.01811568 -0.04513877 -0.07813542 -0.01384646 0.00927342 0.00285798 -0.07324714 -0.06216474 0.04629471 0.05514257 0.02580375 0.00003983 0.00776684 0.02248988 -0.02835478 0.06456057 0.01011356 0.00615987 -0.00463314 0.06640819 0.04722048 0.00693693 -0.03361855 0.00351710 0.01085879 0.04982222 0.00238791 0.04608742 0.02598611 -0.03705002 0.02175115 -0.00470701 0.03098429 0.02718132 -0.05791043 0.04484538 0.05548577 0.07394990 -0.01758898 0.01777828 -0.00526451 -0.04828921 -0.07223858 0.02659162 -0.01426788 0.07810767 0.06789835 0.03671100 -0.02437396 0.05781783 0.02780192 0.01542649 -0.00700192 -0.01915706 0.02856583 0.07687561 0.03101462 0.06348365 0.19264573 0.17989649 0.14775256 1.00000000 0.09965885 0.05209965 0.23253741 0.14558411 0.19213897 0.11026381 0.16597333 0.15530275 0.20922876
0.01965183 0.05326991 -0.03975095 0.00330755 -0.00204475 0.03351813 -0.02891936 0.05122997 -0.01204008 0.01852877 0.01521060 0.03990183 0.02801677 0.05829077 -0.05982849 -0.00983103 0.02293263 0.02446327 -0.02361696 -0.06158594 -0.03625337 0.05881177 0.05298072 0.08133127 0.05164923 -0.05628315 -0.06269259 -0.03762157 -0.01686950 0.05209470 -0.03050688 0.06986077 -0.03998458 -0.07331355 -0.05220767 -0.03258739 -0.03042854 -0.05966077 -0.08970793 0.03384117 0.10292707 0.10328018 -0.00810243 -0.02897117 -0.03755804 -0.12497272 0.01600906 -0.05714011 -0.02293225 0.12543867 -0.08359286 0.03587470 -0.04721289 -0.02046268 -0.00232537 -0.11331897 -0.05539176 -0.05942321 -0.03889775 -0.05156789 -0.08656748 0.00173168 -0.10752013 -0.15191055 -0.10304603 0.13868657 0.24462094 0.18158951 0.09965885 1.00000000 0.31405157 0.15277762 0.14693235 0.14480022 0.17036631 0.10781287 0.05115843 0.16840024
0.01770498 0.07891157 -0.01334806 -0.03168587 0.05636448 0.07399977 0.03424141 0.11390237 0.05306436 0.06166103 0.02136159 0.04965469 0.05058701 0.05030084 -0.05656851 0.01069461 -0.00773707 -0.01444247 -0.00887810 -0.00064631 -0.05485105 0.06831841 -0.00880165 -0.00551223 -0.04462691 -0.10206687 -0.05570075 -0.03099329 -0.01862137 0.04818761 0.00396091 0.02554315 0.01866909 -0.01555195 0.05304632 0.01429737 0.03951536 -0.09375930 -0.04451151 0.02871036 0.05571838 0.07503946 -0.02239228 -0.00383993 0.00011871 -0.06642130 0.05037322 0.05998814 -0.10400655 0.09060539 -0.08411271 0.01984448 -0.06086769 0.09913084 -0.02854460 -0.06465817 -0.03074740 0.00458163 -0.00167212 0.00518815 -0.07114690 0.01204912 -0.08527474 -0.09086306 -0.00190298 0.20204657 0.10981250 0.18698725 0.05209965 0.31405157 1.00000000 0.08391843 0.13365985 0.23950289 0.11991747 0.22301611 0.03513206 0.16527930
-0.02304832 0.01063556 0.03078522 -0.08015985 -0.00968171 0.03391715 -0.06919836 0.07432883 -0.04367516 -0.04782543 -0.02649110 -0.00628513 -0.05166625 -0.01097710 -0.04484236 -0.02206315 0.02783162 0.00202130 0.01274847 -0.06934135 0.05261359 0.06500182 0.05954872 0.01874120 -0.00194473 0.01716782 -0.01567154 -0.02713487 0.05079122 0.10180719 0.00709596 0.00431054 0.04276145 -0.06110181 0.02831824 -0.03580151 0.01769940 -0.02650056 -0.04998638 0.01116872 0.04083672 0.03372823 0.02240978 0.01958701 0.08905378 -0.01319619 0.02561455 0.10058129 -0.01626202 0.08421078 -0.00571231 0.02636206 0.01669822 0.02626386 0.05739930 -0.00721510 0.02532380 0.08384794 -0.02434943 -0.08863661 -0.03903674 0.00618969 0.06664561 -0.02543617 0.03764112 0.25815218 0.16118965 0.14783515 0.23253741 0.15277762 0.08391843 1.00000000 0.23736719 0.20173035 0.15227380 0.11012113 0.23415699 0.19137761
-0.01861449 -0.02501998 -0.05014514 -0.07117164 -0.09729406 0.10617849 -0.04345936 0.10097314 -0.01618682 -0.05089779 -0.05530916 -0.02784399 -0.02081609 -0.03940220 -0.09803024 -0.02148834 -0.02851462 -0.03891463 -0.02688469 0.02047085 -0.01247446 0.08066493 0.01665050 -0.04344707 0.02555294 -0.10809336 0.04273681 -0.03457953 -0.04492546 -0.00065378 0.05631657 0.08428203 0.01019722 -0.02072330 0.08133553 0.01115763 0.02938706 -0.06332097 -0.05375073 0.04258682 0.08436498 0.08747783 0.08337402 0.04906313 -0.04052169 -0.00723383 0.03001574 -0.00054273 -0.09553587 0.08396166 -0.06498964 0.11553370 -0.09167234 0.02337359 -0.00016526 -0.05080233 -0.06487564 -0.04691056 -0.10014354 0.01377138 0.04839532 -0.03652358 -0.09419178 -0.07021238 -0.06763984 0.25210452 0.16238047 0.17356797 0.14558411 0.14693235 0.13365985 0.23736719 1.00000000 0.20780065 0.24602133 0.10275703 0.15443191 0.23495058
0.01272629 0.00017573 -0.06417042 -0.05677781 -0.07541937 -0.02286329 -0.00446327 0.02186290 -0.03359849 -0.04412406 -0.10769474 -0.03969679 -0.03598210 -0.00989637 -0.07108392 -0.00211430 -0.01075895 -0.01157975 -0.06223792 -0.01263897 0.01642874 0.03653099 -0.05137244 -0.02560338 -0.09399838 -0.13755448 0.00690399 0.00288195 -0.00801903 0.03185384 0.03685172 0.08571710 0.06965711 0.02782224 0.05240741 0.03750158 0.09032070 -0.05337062 -0.04972706 0.11725836 0.13893526 0.07024695 0.10554899 0.08859322 -0.01950378 0.01533345 0.11659251 0.06259786 -0.07594019 0.13797820 0.00887353 0.12845966 -0.05750088 0.05902832 0.00594063 -0.06341371 -0.02923539 0.00555753 -0.06281989 -0.00763506 -0.03589908 -0.06655375 -0.06409050 -0.09891433 0.00331302 0.22421717 0.13126607 0.19984819 0.19213897 0.14480022 0.23950289 0.20173035 0.20780065 1.00000000 0.15092313 0.20492660 0.00163089 0.31838678
0.04131115 0.06352107 0.02310079 -0.01658749 0.02018548 0.05537569 -0.00808931 0.06380722 -0.04791563 0.02266027 -0.07498766 0.03467911 0.01033969 -0.07306739 -0.12524085 -0.02774861 -0.01856939 -0.00080752 0.00140073 -0.03826837 -0.05305515 0.03697844 0.02342871 -0.06886587 -0.06699674 -0.09677062 -0.02417249 -0.00112511 0.00866461 0.05903907 -0.01178422 -0.03571783 -0.01052668 -0.07704186 0.02123063 0.01617010 0.01616515 -0.04623612 -0.11092657 0.06158158 0.02604501 0.03968667 0.01233910 0.02287726 -0.11223966 -0.02182464 0.00874170 -0.00527109 -0.00781426 -0.00653906 -0.04566157 0.01516196 -0.08785031 0.04739777 0.04962894 -0.06852942 -0.06744588 0.00048330 0.03126463 -0.06881471 -0.02187897 -0.02935658 -0.07910158 -0.12669190 -0.02803469 0.18779656 0.24746610 0.25227234 0.11026381 0.17036631 0.11991747 0.15227380 0.24602133 0.15092313 1.00000000 0.25699062 0.06346584 0.22307288
0.04046910 0.01349968 0.04233946 -0.07450326 0.01317371 0.01626463 0.02078087 0.04013804 -0.04735962 -0.05265104 -0.01159900 -0.02369462 -0.08100344 0.06856325 0.02900517 0.05928634 -0.01479645 0.06396929 0.02807553 0.03811029 -0.03948200 0.09639858 0.02408372 0.00499484 0.00937913 -0.00114796 0.00743114 0.05580561 0.02018132 0.05664695 0.08082138 0.08118238 0.00278677 -0.01688607 0.01223701 0.03937792 0.05131561 -0.09668651 -0.01789223 0.00118234 0.06831774 0.10661894 -0.03112878 0.03468195 -0.05466223 0.01853976 0.07589966 0.00746492 -0.08857514 0.06424219 -0.02575958 -0.02937708 -0.03060352 0.02654771 0.06737981 -0.06772724 -0.04515587 -0.03909610 0.01073846 0.02109916 0.00522345 -0.03773209 -0.07508708 -0.03202846 -0.04986077 0.31274636 0.20882283 0.11228046 0.16597333 0.10781287 0.22301611 0.11012113 0.10275703 0.20492660 0.25699062 1.00000000 0.12699059 0.22821658
-0.01291743 0.01356699 -0.06244033 -0.03004449 0.01285183 -0.01046217 -0.09676369 0.02439074 -0.08215380 -0.05920618 0.01149926 -0.02469539 0.00945315 0.05499431 -0.01062508 0.01995754 0.07837807 0.02753138 0.03066109 0.01364004 0.04474738 0.03266076 0.03561775 0.01664337 0.00940808 0.06599141 -0.01410592 -0.07973205 -0.05883085 0.00249023 -0.03498486 -0.08501772 0.02058358 0.00044498 0.02160895 -0.01650456 -0.06912025 0.03681327 -0.00119142 -0.06438037 0.01195169 -0.09862004 -0.03606849 -0.03973940 0.01737115 -0.01952583 -0.00608560 -0.00492420 0.01678595 -0.01361037 0.05242085 -0.12814126 -0.00449776 -0.06883923 0.02689661 0.04357372 0.05561415 -0.01292763 -0.03671909 -0.09258515 0.02796212 -0.06775402 0.03999960 -0.04213177 0.04355938 0.10141216 0.08102798 0.12870666 0.15530275 0.05115843 0.03513206 0.23415699 0.15443191 0.00163089 0.06346584 0.12699059 1.00000000 -0.02898641
0.02469494 0.01616675 0.00374559 -0.04644280 -0.03064305 0.06897147 0.02749272 0.02890024 0.03496641 -0.02964301 0.00158886 0.04334482 -0.08005539 0.04228422 -0.08144663 -0.02072843 -0.01551322 0.03503929 0.05186872 0.03385801 -0.05669950 0.05509930 0.03820116 -0.00262038 -0.07026042 -0.11087459 -0.03448121 0.02880342 0.01453758 0.01237869 0.00381038 -0.02791673 0.01679350 0.02755962 -0.04798056 0.02856224 -0.00005729 -0.00355683 -0.07644820 0.06651269 0.09223163 0.10333549 0.08726080 0.11306885 -0.01296060 0.00440183 0.08012496 0.09409946 -0.06180356 0.14395532 -0.03704696 0.07177564 -0.08360082 0.03053295 0.05624070 -0.12111939 -0.06622907 -0.04497028 -0.05253713 0.05857415 -0.03289209 -0.05149231 -0.09934107 -0.03236695 -0.06961266 0.30716904 0.24984757 0.14784076 0.20922876 0.16840024 0.16527930 0.19137761 0.23495058 0.31838678 0.22307288 0.22821658 -0.02898641 1.00000000
