1.00000000 0.57091995 0.51473883 0.69139370 0.59006728 0.67069439 0.68622504 0.62331727 0.61328862 0.55127247 0.57367166 0.65833076 0.60454574 0.41034206 0.57256873 0.47877426 0.55452419 0.60012762 0.55961411 0.56659561 0.48566857 0.15178662 0.57027925 0.42007543 0.37254594 0.51504576 0.30788766 0.34914267 0.31402387 0.42744891 0.46471880 0.46266723 0.34206816 0.32102258 0.26814322 0.39725537 0.08153831 0.32743175 0.57858286 0.22343735 -0.01006049 -0.16712013 0.30954568 0.21585739 0.51952763 0.47553855 0.25934501 0.34257217 0.46337010 -0.00423170 0.22821134 0.31170131 0.54650282 0.48707715 0.40249889 0.49405139 0.59181839 0.59984976 0.49638223 0.50001856 0.51355177 0.49670389 0.51125346 0.52066590 0.50796683 0.43060895 0.42117517 0.02947205 0.48376704 0.07265748 0.18589676 0.40415663 0.33692547 0.03806367 0.19010211 0.19699232 0.19634373 0.22829740
0.57091995 1.00000000 0.49300931 0.53852083 0.61246336 0.54467447 0.66064912 0.56513924 0.57766126 0.48150643 0.55684465 0.69570564 0.56881194 0.58081648 0.53573713 0.33776789 0.54910639 0.43318773 0.60724825 0.55402180 0.43983677 0.40845315 0.49558858 0.41971121 0.41031285 0.40245969 0.25902055 0.41405557 0.50162299 0.29901939 0.39012497 0.37049403 0.30081834 0.30626255 0.28861613 0.29987696 0.23565937 0.24010148 0.39612303 0.27718204 0.15010837 -0.18179863 0.28139928 0.38377799 0.32520731 0.47336695 0.34438165 0.32332800 0.36209919 -0.02372079 0.38559240 0.38232205 0.53570568 0.52295619 0.32118596 0.34530234 0.38962335 0.57479869 0.29207536 0.42002391 0.44069700 0.35695730 0.46395218 0.56940242 0.53923060 0.34698482 0.36516017 0.17802436 0.34416074 -0.00952663 0.02895749 0.36375465 0.27243547 0.20979196 0.37145178 0.27692675 0.09820383 0.36872025
0.51473883 0.49300931 1.00000000 0.70867149 0.48821744 0.67180772 0.56076545 0.73842981 0.40913105 0.65472804 0.70067507 0.61172515 0.64536204 0.43859014 0.60906613 0.66422627 0.67227839 0.63744650 0.50660937 0.53882519 0.68387572 0.14292573 0.58548731 0.59063498 0.61486816 0.66110345 0.33190866 0.25269378 0.20889894 0.43271062 0.48079029 0.31140452 0.32367697 0.31358233 -0.03978043 0.35034647 0.06756541 0.43066284 0.61369819 -0.07224217 -0.16881233 0.07665497 0.21634914 0.11483024 0.53928441 0.33023564 0.16197090 0.24463253 0.63288115 0.19659966 0.01905210 0.05992358 0.38193098 0.32436097 0.35249255 0.50502725 0.52808842 0.49733249 0.52582479 0.33463359 0.41029679 0.55867041 0.59915940 0.50335041 0.41990367 0.30390960 0.41208551 0.12750725 0.54331768 0.16644121 0.26152833 0.36546087 0.28237371 0.04655475 0.30919705 0.41967977 0.39920177 0.00200374
0.69139370 0.53852083 0.70867149 1.00000000 0.55696381 0.74546400 0.70423409 0.67213830 0.60086564 0.69940507 0.71869967 0.66375050 0.68150429 0.45865947 0.65660387 0.66507763 0.73853154 0.68162446 0.60853093 0.68246253 0.71104128 0.18447741 0.64198966 0.61433491 0.59278311 0.74072921 0.39140995 0.36103284 0.32997463 0.59002329 0.51048490 0.40534801 0.48627955 0.38529029 0.20792105 0.46398115 0.15084061 0.46444923 0.67356181 0.08654487 -0.16056243 -0.03597005 0.38584940 0.12645408 0.66027626 0.47194091 0.24365310 0.37940541 0.64524924 0.11151279 0.16731118 0.20929707 0.51605951 0.45476510 0.47187004 0.63342283 0.62953355 0.59475692 0.62337045 0.47844697 0.59267443 0.57431854 0.64830483 0.59680207 0.53125721 0.42291637 0.51082769 0.03250242 0.65748413 0.08602202 0.24621551 0.46006163 0.34163874 0.08637923 0.20290986 0.40014484 0.40826393 0.12331009
0.59006728 0.61246336 0.48821744 0.55696381 1.00000000 0.59244419 0.59460351 0.53784335 0.51704156 0.55043415 0.51794804 0.64412773 0.64125940 0.46325972 0.50626507 0.42150405 0.49191319 0.50873081 0.52210868 0.47831902 0.45509845 0.25150213 0.53497426 0.32911860 0.44773981 0.48431711 0.28124653 0.26263148 0.32073714 0.28964726 0.41892796 0.34809394 0.27156297 0.24571952 0.17767757 0.33774365 0.08110784 0.30872358 0.41706430 0.12058473 -0.03687080 -0.12575180 0.15681848 0.23044049 0.42935455 0.35421224 0.17802351 0.21886815 0.42658772 -0.09721309 0.24348027 0.19569888 0.46822513 0.39216474 0.31823378 0.39684086 0.48212575 0.56220166 0.38753891 0.45124708 0.39730309 0.44302943 0.38838978 0.49867314 0.49550878 0.33178501 0.33224636 0.14599030 0.36303880 0.11601054 0.14381185 0.31513421 0.28004031 0.03748415 0.27244714 0.17640062 0.12168257 0.22902247
0.67069439 0.54467447 0.67180772 0.74546400 0.59244419 1.00000000 0.67134996 0.73413413 0.60812227 0.65426855 0.60412413 0.63270973 0.64363931 0.44768406 0.61715909 0.59974954 0.65837270 0.65831588 0.59837893 0.59624822 0.65439456 0.17524878 0.62249759 0.56839030 0.50827169 0.63852583 0.36171192 0.29871884 0.33728644 0.50592275 0.57696403 0.43204768 0.39924774 0.36592146 0.19496082 0.46100532 0.10489131 0.35353372 0.60111593 0.13838653 -0.04060539 -0.05279773 0.36442399 0.20446400 0.56895822 0.47119923 0.26839258 0.38059178 0.56540651 0.08361952 0.17183620 0.23409540 0.49889402 0.46820311 0.40741978 0.49468980 0.58541662 0.59903103 0.50807439 0.47629456 0.47972310 0.51553384 0.54495307 0.52372505 0.49254744 0.33591757 0.49525358 0.01951252 0.50727000 0.04008225 0.21012181 0.36155007 0.31305167 0.06688587 0.21342733 0.27624115 0.31282508 0.16801054
0.68622504 0.66064912 0.56076545 0.70423409 0.59460351 0.67134996 1.00000000 0.61864204 0.72122934 0.53848804 0.69397820 0.72876577 0.53089479 0.49384702 0.63976899 0.44017565 0.64110704 0.63655586 0.60711774 0.62390255 0.57097204 0.28287757 0.57425944 0.54019927 0.38303302 0.51167373 0.24591575 0.42071857 0.42104799 0.49619323 0.44860331 0.41296253 0.33058723 0.34804410 0.38266159 0.45320201 0.15775182 0.28860610 0.57932011 0.23572865 -0.02643010 -0.19143472 0.43833107 0.26698862 0.52377394 0.59428728 0.28843418 0.46457630 0.47343273 0.02091493 0.29262721 0.35610151 0.59076216 0.55404402 0.48553795 0.49828111 0.57128972 0.63502290 0.47107231 0.51783287 0.54723436 0.48724738 0.58568180 0.60429433 0.55054202 0.40231011 0.46004812 0.01028335 0.48573622 -0.06089422 0.07419860 0.38765729 0.30311532 0.13626460 0.18234404 0.25735313 0.20922263 0.25834515
0.62331727 0.56513924 0.73842981 0.67213830 0.53784335 0.73413413 0.61864204 1.00000000 0.53916686 0.64095829 0.58356129 0.64652699 0.62442525 0.44939932 0.53740211 0.59762985 0.59933539 0.60466663 0.56206740 0.48594742 0.63276817 0.17005380 0.53276283 0.59815329 0.51715987 0.57864743 0.39209861 0.27147941 0.29595127 0.44624348 0.52682985 0.39280200 0.36541139 0.37616732 0.11317234 0.44266582 0.14214540 0.36323608 0.59243185 0.10860109 0.00594231 0.05002446 0.29908237 0.19466761 0.50944123 0.41016637 0.30823646 0.36842383 0.55516455 0.22976603 0.13635357 0.16577003 0.44242101 0.39481638 0.38105443 0.45263498 0.52730922 0.55762834 0.45953828 0.46539403 0.42976707 0.51016631 0.52923987 0.51481815 0.44249596 0.34109365 0.47979247 0.10361864 0.55203516 0.11289217 0.24947924 0.45344012 0.37069984 0.12790651 0.30761327 0.33443763 0.32551368 0.15261359
0.61328862 0.57766126 0.40913105 0.60086564 0.51704156 0.60812227 0.72122934 0.53916686 1.00000000 0.48436572 0.65014485 0.64949957 0.44499384 0.34004953 0.50686879 0.36950595 0.42961515 0.51492757 0.51716006 0.48309070 0.43481618 0.18429081 0.39894357 0.44468139 0.28598095 0.40035487 0.25761117 0.35237056 0.35060619 0.45462728 0.35076083 0.36894836 0.34095506 0.35571125 0.43977248 0.49519949 0.13393735 0.30312978 0.51707228 0.26305099 0.02312824 -0.16785973 0.39745780 0.14782626 0.46528163 0.50485058 0.22684974 0.48830112 0.36538099 0.01615071 0.28566660 0.25370815 0.52809667 0.47587937 0.44221037 0.43855083 0.49674152 0.56515979 0.41184922 0.51194064 0.49526105 0.35921897 0.44341654 0.53097954 0.43152888 0.32551317 0.44619034 0.01872104 0.48513362 -0.06376844 0.06965266 0.41946690 0.28356266 0.14608715 0.09892744 0.19014148 0.20755526 0.23701956
0.55127247 0.48150643 0.65472804 0.69940507 0.55043415 0.65426855 0.53848804 0.64095829 0.48436572 1.00000000 0.58189318 0.57837331 0.59563393 0.40433049 0.51640111 0.58986952 0.57951659 0.56689666 0.54245881 0.49497373 0.59209921 0.14643557 0.54790630 0.53580229 0.55941637 0.62866118 0.36672995 0.23112053 0.24956052 0.43657170 0.47440981 0.31678788 0.37371385 0.31331261 0.15456724 0.45514751 0.14782853 0.37141082 0.50545525 0.11900009 -0.08478128 0.02050416 0.31804726 0.15335506 0.51462911 0.37433044 0.23372268 0.35319921 0.58508908 0.15034896 0.18658058 0.12241610 0.41203839 0.35253402 0.35298123 0.44605857 0.49066099 0.50545617 0.48630197 0.44179008 0.39882647 0.45788966 0.47235542 0.52895776 0.38804961 0.31677607 0.47451902 0.05352263 0.53787810 0.07857392 0.18239989 0.40470248 0.32259419 0.08055613 0.28160571 0.32628529 0.35279126 0.13570567
0.57367166 0.55684465 0.70067507 0.71869967 0.51794804 0.60412413 0.69397820 0.58356129 0.65014485 0.58189318 1.00000000 0.67040901 0.59288090 0.39651209 0.64441606 0.55187144 0.60148923 0.63449323 0.54961791 0.54648489 0.59603297 0.13242265 0.52804301 0.57150050 0.47893283 0.58710912 0.24993974 0.39954553 0.26322222 0.46859465 0.38306498 0.28432344 0.27468998 0.36371630 0.22856428 0.40720792 0.10843432 0.43953717 0.62651327 0.06943862 -0.19617774 -0.07593048 0.31729629 0.06131204 0.55021394 0.39971353 0.14756837 0.33414524 0.55806511 0.03810456 0.10465173 0.13402235 0.48260537 0.43363515 0.46801527 0.52812110 0.54138808 0.54709137 0.53377348 0.44095203 0.50895936 0.51338508 0.61921968 0.60047046 0.44308683 0.35222917 0.43168403 0.08275542 0.59053988 0.05419958 0.12891947 0.42059467 0.27959739 0.08897140 0.19938295 0.36345873 0.33333419 0.09234720
0.65833076 0.69570564 0.61172515 0.66375050 0.64412773 0.63270973 0.72876577 0.64652699 0.64949957 0.57837331 0.67040901 1.00000000 0.62216040 0.53390818 0.64453262 0.47699600 0.63556524 0.61870466 0.61995582 0.58759646 0.58659508 0.27542946 0.60050295 0.54845007 0.49644462 0.56104427 0.26162824 0.34658716 0.39912239 0.43007730 0.44041744 0.37006568 0.28773255 0.33901155 0.24835621 0.44429612 0.12422155 0.36219060 0.55124288 0.16015411 -0.03056283 -0.17578162 0.33765044 0.25549647 0.50617058 0.51614423 0.26475125 0.37787073 0.51909775 0.02583562 0.29107780 0.29005598 0.56333474 0.48711143 0.41966628 0.47501088 0.54503680 0.62832251 0.46417123 0.49247695 0.47588735 0.46970743 0.55441194 0.63069387 0.53935149 0.36099917 0.41778903 0.07679361 0.48741944 -0.01423524 0.04101567 0.39033442 0.28374847 0.08300788 0.27213406 0.29769982 0.21888978 0.22800872
0.60454574 0.56881194 0.64536204 0.68150429 0.64125940 0.64363931 0.53089479 0.62442525 0.44499384 0.59563393 0.59288090 0.62216040 1.00000000 0.42641447 0.53083809 0.59167434 0.58400803 0.52551321 0.50826691 0.50032001 0.55351335 0.15689236 0.57581848 0.40981884 0.62037000 0.68403151 0.38838220 0.26399508 0.26856618 0.28474994 0.37982738 0.36866748 0.43378420 0.35024067 -0.06963549 0.23513991 0.04862112 0.55740556 0.52727043 -0.07628501 -0.14944556 0.05560838 0.07147587 0.07515424 0.52586644 0.20009464 0.11321046 0.08020457 0.51247423 -0.01046023 0.17037527 0.04956279 0.39859208 0.24312567 0.34604271 0.52924650 0.51092376 0.49289990 0.49370111 0.32331135 0.40975024 0.52199570 0.53342119 0.48160707 0.47855847 0.35283080 0.27410504 0.21077157 0.51889662 0.25928786 0.29146972 0.39456339 0.32366236 0.00197724 0.32982907 0.32578858 0.35798263 0.05283485
0.41034206 0.58081648 0.43859014 0.45865947 0.46325972 0.44768406 0.49384702 0.44939932 0.34004953 0.40433049 0.39651209 0.53390818 0.42641447 1.00000000 0.59735527 0.35224865 0.66118212 0.46188000 0.75802858 0.60388216 0.60586409 0.64905746 0.60183405 0.61239520 0.52520235 0.48205325 0.23864364 0.36297068 0.52809781 0.33633632 0.37582444 0.24246320 0.27054759 0.23301540 0.30599943 0.26476861 0.29495255 0.09317182 0.32610190 0.33114547 0.13109221 -0.15397496 0.40877199 0.48036772 0.32369381 0.48375109 0.40921084 0.34600356 0.35031855 0.06246610 0.34266360 0.46531923 0.52469225 0.50272335 0.25887557 0.23640514 0.27735415 0.49686290 0.18844147 0.24829984 0.38081096 0.26439920 0.44034285 0.54839382 0.41316049 0.38594015 0.36420797 0.08978256 0.22203671 -0.11679278 0.06181865 0.29893837 0.26181336 0.31235066 0.35032747 0.36136620 0.12764242 0.45811036
0.57256873 0.53573713 0.60906613 0.65660387 0.50626507 0.61715909 0.63976899 0.53740211 0.50686879 0.51640111 0.64441606 0.64453262 0.53083809 0.59735527 1.00000000 0.56677882 0.75595554 0.82115499 0.71345544 0.69640046 0.75580924 0.22084031 0.73958733 0.71501759 0.59014567 0.76981057 0.16499097 0.33134468 0.31436819 0.52539767 0.50335050 0.22687071 0.19928121 0.28078960 0.27799787 0.48142085 -0.06116980 0.31767788 0.63720018 0.07982838 -0.22271247 -0.24277790 0.44202315 0.18477504 0.66062425 0.56398716 0.13145022 0.41705272 0.63369649 -0.08848811 0.09272676 0.25619764 0.58556075 0.58983585 0.47997726 0.46886130 0.60734522 0.61619602 0.54545615 0.40251230 0.47245341 0.52116459 0.61864416 0.58480763 0.50556514 0.30957579 0.51300596 -0.16607674 0.43973609 -0.17366438 -0.01488024 0.23932720 0.12185502 -0.01036960 0.05062957 0.25888145 0.31641375 0.16152076
0.47877426 0.33776789 0.66422627 0.66507763 0.42150405 0.59974954 0.44017565 0.59762985 0.36950595 0.58986952 0.55187144 0.47699600 0.59167434 0.35224865 0.56677882 1.00000000 0.62121009 0.61160277 0.50246864 0.53580544 0.64687881 0.07363411 0.57506226 0.55487486 0.63376224 0.70907660 0.38939631 0.24873804 0.15328211 0.41202127 0.47013692 0.32176514 0.40242011 0.37782968 -0.06344763 0.34542694 -0.00741531 0.46582750 0.57828104 -0.14891451 -0.23127271 0.14779199 0.13314474 -0.02470939 0.55319231 0.20884400 0.08873669 0.17267864 0.57396680 0.15019142 -0.06764724 -0.06290978 0.31903659 0.25564940 0.41856483 0.59935253 0.60830342 0.46346896 0.62143337 0.39526782 0.43693396 0.60973605 0.54152973 0.45549911 0.43474175 0.24828063 0.34111309 0.05463108 0.56911201 0.21526982 0.29871409 0.31398195 0.25928227 -0.09316705 0.13667149 0.35368044 0.40223581 -0.11978427
0.55452419 0.54910639 0.67227839 0.73853154 0.49191319 0.65837270 0.64110704 0.59933539 0.42961515 0.57951659 0.60148923 0.63556524 0.58400803 0.66118212 0.75595554 0.62121009 1.00000000 0.73433024 0.73248625 0.81152385 0.83696411 0.43255149 0.78631647 0.69184028 0.66620302 0.76278769 0.29725113 0.36014472 0.44239893 0.54767667 0.53950087 0.36800069 0.38064042 0.34884282 0.20494478 0.39355999 0.21114908 0.29505257 0.58548230 0.13250296 -0.13033797 -0.13520976 0.47228778 0.36074532 0.62463963 0.58712221 0.35658290 0.35350622 0.62526914 0.05147381 0.21460729 0.40191655 0.54633706 0.49597589 0.42177221 0.53531908 0.55655952 0.60556693 0.51545448 0.37114738 0.53680572 0.54908738 0.68150710 0.62615344 0.55231078 0.45768734 0.46367157 -0.02513128 0.47966820 -0.05373898 0.16802175 0.31482650 0.30271067 0.14581464 0.27741030 0.41947102 0.35456454 0.24657129
0.60012762 0.43318773 0.63744650 0.68162446 0.50873081 0.65831588 0.63655586 0.60466663 0.51492757 0.56689666 0.63449323 0.61870466 0.52551321 0.46188000 0.82115499 0.61160277 0.73433024 1.00000000 0.68369159 0.66936147 0.74629286 0.14219240 0.72256637 0.67631086 0.53085161 0.72997750 0.25779193 0.33524688 0.25855921 0.60976216 0.54112670 0.32325593 0.27375200 0.36505567 0.26935637 0.55281632 -0.06165855 0.34726939 0.70009694 0.08797159 -0.22832713 -0.16567666 0.46191673 0.18006100 0.70768618 0.59064481 0.15485644 0.43994060 0.64685605 -0.03480507 0.10203525 0.23097215 0.53059357 0.50981567 0.52075711 0.51444582 0.67453677 0.64233994 0.59483680 0.48423121 0.44315445 0.55862350 0.59149657 0.54280663 0.49648029 0.28809803 0.49609358 -0.19485163 0.50605993 -0.12442714 0.06670327 0.25701190 0.16507581 -0.03755196 0.07177976 0.22323322 0.31850467 0.13090805
0.55961411 0.60724825 0.50660937 0.60853093 0.52210868 0.59837893 0.60711774 0.56206740 0.51716006 0.54245881 0.54961791 0.61995582 0.50826691 0.75802858 0.71345544 0.50246864 0.73248625 0.68369159 1.00000000 0.73088885 0.71060188 0.52676744 0.74305808 0.66452674 0.54370380 0.61535759 0.28210934 0.39837146 0.53480675 0.48339694 0.52945936 0.38696150 0.36220866 0.37848049 0.41452294 0.43438966 0.21814429 0.18047747 0.50631403 0.34909189 0.01966753 -0.19541739 0.53535588 0.47750488 0.53219756 0.64126420 0.44102125 0.46772839 0.48050735 0.03618867 0.36987492 0.50291194 0.62909779 0.57461394 0.40994209 0.38833948 0.50093217 0.68085443 0.39823209 0.44062836 0.47983816 0.42300834 0.56173271 0.65033901 0.52990314 0.42361635 0.45445052 -0.02046619 0.37242016 -0.16351551 0.07438122 0.34832464 0.31616516 0.24584604 0.30516905 0.33826176 0.19666335 0.42167969
0.56659561 0.55402180 0.53882519 0.68246253 0.47831902 0.59624822 0.62390255 0.48594742 0.48309070 0.49497373 0.54648489 0.58759646 0.50032001 0.60388216 0.69640046 0.53580544 0.81152385 0.66936147 0.73088885 1.00000000 0.72631442 0.50623204 0.73963206 0.55936487 0.52451329 0.66385978 0.26079910 0.40299455 0.50835187 0.54671494 0.53137538 0.40208655 0.41981598 0.36129872 0.29506382 0.39267327 0.21706524 0.21897157 0.52303799 0.23106086 -0.08353569 -0.22408342 0.50921137 0.43842511 0.58022953 0.65865634 0.40108724 0.35475953 0.54662320 -0.01777760 0.28790049 0.50910944 0.57013322 0.54605435 0.43766266 0.53393319 0.55894941 0.65746967 0.53080474 0.43287173 0.60188558 0.52922395 0.63191276 0.66512375 0.61690540 0.48380810 0.42822920 -0.03857823 0.41673156 -0.10591240 0.17353651 0.28236649 0.28670320 0.15921068 0.26126139 0.40919758 0.23600189 0.30277957
0.48566857 0.43983677 0.68387572 0.71104128 0.45509845 0.65439456 0.57097204 0.63276817 0.43481618 0.59209921 0.59603297 0.58659508 0.55351335 0.60586409 0.75580924 0.64687881 0.83696411 0.74629286 0.71060188 0.72631442 1.00000000 0.34026643 0.75881253 0.75147561 0.69141708 0.79733242 0.26337686 0.27349235 0.31911301 0.55490050 0.50760130 0.25485582 0.34645983 0.35704775 0.16238763 0.42608673 0.08952062 0.32390392 0.60226657 0.05256688 -0.19549743 -0.06891944 0.45313655 0.23648724 0.66389834 0.51910559 0.26754835 0.36236934 0.65439502 0.08807217 0.11559120 0.25323252 0.49238992 0.43612221 0.43500298 0.52045919 0.55500538 0.56113829 0.53998292 0.35825051 0.49240739 0.52785526 0.63951028 0.57774364 0.44670629 0.35951813 0.48127784 -0.07575764 0.52270713 -0.05729181 0.15783680 0.34038926 0.28587020 0.08881643 0.18533652 0.38550868 0.40874280 0.14107043
0.15178662 0.40845315 0.14292573 0.18447741 0.25150213 0.17524878 0.28287757 0.17005380 0.18429081 0.14643557 0.13242265 0.27542946 0.15689236 0.64905746 0.22084031 0.07363411 0.43255149 0.14219240 0.52676744 0.50623204 0.34026643 1.00000000 0.35482554 0.24697504 0.23225719 0.13597070 0.12510845 0.26928798 0.49035165 0.15766001 0.21260248 0.17756138 0.21235829 0.13392437 0.33959667 0.04512998 0.40022980 -0.14594815 0.03527680 0.40301073 0.24689495 -0.22817003 0.37439191 0.58736946 0.09358758 0.45222629 0.49725866 0.23723962 0.08043440 0.01958230 0.40352415 0.56969073 0.37673873 0.35416629 0.05759298 0.03113067 0.04679267 0.36216185 -0.01581125 0.15157562 0.28909960 0.06907632 0.22435875 0.42518317 0.34043562 0.32769807 0.14515016 0.12998097 -0.02460445 -0.14431262 0.04885316 0.15739480 0.25285903 0.43384870 0.35298462 0.29286082 -0.08866772 0.51296317
0.57027925 0.49558858 0.58548731 0.64198966 0.53497426 0.62249759 0.57425944 0.53276283 0.39894357 0.54790630 0.52804301 0.60050295 0.57581848 0.60183405 0.73958733 0.57506226 0.78631647 0.72256637 0.74305808 0.73963206 0.75881253 0.35482554 1.00000000 0.55511947 0.58413629 0.71371563 0.21570843 0.29579937 0.39509256 0.47638932 0.53288539 0.34752416 0.32221796 0.31476546 0.15100759 0.33866773 0.04379452 0.25225854 0.56338688 0.12041955 -0.16173868 -0.15992993 0.39459626 0.38278999 0.60241162 0.53978052 0.30078517 0.26698863 0.59103999 -0.01387893 0.20249772 0.39448028 0.51176364 0.45882406 0.40060991 0.48368967 0.57987518 0.62100984 0.52289367 0.38280177 0.44595024 0.55385251 0.60507886 0.55678010 0.52795536 0.37951151 0.38438557 -0.02697474 0.39734512 -0.03667747 0.14940099 0.23413978 0.25905424 0.03372577 0.28189425 0.31741250 0.29675354 0.22705442
0.42007543 0.41971121 0.59063498 0.61433491 0.32911860 0.56839030 0.54019927 0.59815329 0.44468139 0.53580229 0.57150050 0.54845007 0.40981884 0.61239520 0.71501759 0.55487486 0.69184028 0.67631086 0.66452674 0.55936487 0.75147561 0.24697504 0.55511947 1.00000000 0.55773739 0.66916476 0.30664368 0.34500935 0.35655723 0.55977606 0.45977445 0.20236798 0.29688815 0.34103535 0.27257949 0.49645886 0.14519561 0.27172241 0.55121710 0.14538464 -0.09593076 -0.01866890 0.49434373 0.12123381 0.52689699 0.45116153 0.21716541 0.48434142 0.55058988 0.20128773 0.10189988 0.18242457 0.46966667 0.46115923 0.45953634 0.40599889 0.45262089 0.46568673 0.42525778 0.31030641 0.39114576 0.38420375 0.55948715 0.52830678 0.34063280 0.27016084 0.50439503 -0.13151924 0.49423236 -0.16885390 -0.00322151 0.36140902 0.17527198 0.10368167 0.06456968 0.34852251 0.39491925 0.13184150
0.37254594 0.41031285 0.61486816 0.59278311 0.44773981 0.50827169 0.38303302 0.51715987 0.28598095 0.55941637 0.47893283 0.49644462 0.62037000 0.52520235 0.59014567 0.63376224 0.66620302 0.53085161 0.54370380 0.52451329 0.69141708 0.23225719 0.58413629 0.55773739 1.00000000 0.74837209 0.39156092 0.12615576 0.19581259 0.34646617 0.34082940 0.19923710 0.39773411 0.27470109 -0.07546897 0.23928615 0.05030383 0.52159748 0.48537995 -0.11275250 -0.17500491 0.12530725 0.16115478 0.07210476 0.52163034 0.21897801 0.08254353 0.19414906 0.54538602 0.10054730 0.14791831 -0.01737656 0.35501865 0.23200864 0.30032730 0.49619440 0.45485918 0.41524846 0.47985345 0.24928352 0.37677130 0.43521727 0.47725982 0.50161308 0.38960254 0.25255192 0.30445823 0.11336688 0.49124841 0.14088545 0.23739807 0.32503676 0.21806044 0.00894228 0.23929796 0.38741547 0.37781636 -0.01367896
0.51504576 0.40245969 0.66110345 0.74072921 0.48431711 0.63852583 0.51167373 0.57864743 0.40035487 0.62866118 0.58710912 0.56104427 0.68403151 0.48205325 0.76981057 0.70907660 0.76278769 0.72997750 0.61535759 0.66385978 0.79733242 0.13597070 0.71371563 0.66916476 0.74837209 1.00000000 0.34020117 0.21512015 0.22447150 0.48996127 0.49378704 0.23321118 0.40887586 0.34469280 0.00216795 0.40957214 -0.07183152 0.52243930 0.64207374 -0.12677538 -0.31031049 -0.01410924 0.29931578 0.03055246 0.72159166 0.35870358 0.07009634 0.24995715 0.71281958 0.00684215 0.04428943 0.03728269 0.45309749 0.37198172 0.45092267 0.61439854 0.62631605 0.53187024 0.65515615 0.35962486 0.46300661 0.58185708 0.61406491 0.53846305 0.50222401 0.30551436 0.43006242 -0.06782560 0.56156833 0.03949623 0.18683658 0.29720915 0.18712572 -0.09788429 0.10544734 0.34430943 0.48736084 -0.04613090
0.30788766 0.25902055 0.33190866 0.39140995 0.28124653 0.36171192 0.24591575 0.39209861 0.25761117 0.36672995 0.24993974 0.26162824 0.38838220 0.23864364 0.16499097 0.38939631 0.29725113 0.25779193 0.28210934 0.26079910 0.26337686 0.12510845 0.21570843 0.30664368 0.39156092 0.34020117 1.00000000 0.32088487 0.25385220 0.33749327 0.30680675 0.43435734 0.59054403 0.42726918 0.01866239 0.32108279 0.28957588 0.36015823 0.36533261 0.09320993 0.07194504 0.23616533 0.13543863 0.06120134 0.24645169 0.10814261 0.17675375 0.20672800 0.29615370 0.23161008 0.16291729 0.02890118 0.17333530 0.12738254 0.25499766 0.38280880 0.29629667 0.27183025 0.29233786 0.27031410 0.27336815 0.30999567 0.24942858 0.28498719 0.32639898 0.21370247 0.21155695 0.17066286 0.34765761 0.18058065 0.27456123 0.33464604 0.23654530 0.08675532 0.22255140 0.29866616 0.24592987 0.02097642
0.34914267 0.41405557 0.25269378 0.36103284 0.26263148 0.29871884 0.42071857 0.27147941 0.35237056 0.23112053 0.39954553 0.34658716 0.26399508 0.36297068 0.33134468 0.24873804 0.36014472 0.33524688 0.39837146 0.40299455 0.27349235 0.26928798 0.29579937 0.34500935 0.12615576 0.21512015 0.32088487 1.00000000 0.47531391 0.46068343 0.26641889 0.36665954 0.36653358 0.46629108 0.32436199 0.36393438 0.32477028 0.07144073 0.33688583 0.28102789 0.06420333 -0.00160715 0.34609987 0.29330386 0.23273926 0.34380504 0.31192822 0.28308612 0.19813727 0.06168842 0.20372476 0.35980926 0.25827848 0.39916003 0.42345997 0.36138272 0.32175608 0.36737235 0.26343200 0.35456752 0.39359062 0.35427696 0.31961195 0.40698571 0.42186703 0.28503727 0.23436725 0.03412476 0.26256841 -0.02237444 0.13799938 0.22508415 0.20792958 0.18586423 0.20294056 0.37013954 0.01448780 0.27114434
0.31402387 0.50162299 0.20889894 0.32997463 0.32073714 0.33728644 0.42104799 0.29595127 0.35060619 0.24956052 0.26322222 0.39912239 0.26856618 0.52809781 0.31436819 0.15328211 0.44239893 0.25855921 0.53480675 0.50835187 0.31911301 0.49035165 0.39509256 0.35655723 0.19581259 0.22447150 0.25385220 0.47531391 1.00000000 0.34348729 0.43770989 0.44549413 0.34295072 0.39458512 0.39549948 0.33926107 0.44124271 0.06619349 0.20351881 0.41541461 0.20585577 -0.16225938 0.40479764 0.50636113 0.18417098 0.47676714 0.46893347 0.31216804 0.17528077 0.04783743 0.46748299 0.53257880 0.40644182 0.43611642 0.28796119 0.18326099 0.23488479 0.42204983 0.09789835 0.25830341 0.31419856 0.17249647 0.35411997 0.41336492 0.38005510 0.37580903 0.21692897 0.15400128 0.12143117 -0.13899859 0.03029828 0.23251067 0.23129911 0.28751823 0.32991567 0.28412828 0.01481057 0.43158080
0.42744891 0.29901939 0.43271062 0.59002329 0.28964726 0.50592275 0.49619323 0.44624348 0.45462728 0.43657170 0.46859465 0.43007730 0.28474994 0.33633632 0.52539767 0.41202127 0.54767667 0.60976216 0.48339694 0.54671494 0.55490050 0.15766001 0.47638932 0.55977606 0.34646617 0.48996127 0.33749327 0.46068343 0.34348729 1.00000000 0.47526824 0.31365003 0.48614081 0.42303099 0.37423651 0.58859206 0.13806050 0.20313402 0.58182164 0.19124716 -0.10195412 0.01413362 0.59518693 0.19882408 0.55762302 0.52986036 0.20235024 0.48635943 0.50150381 0.21508780 0.12300898 0.29317208 0.33560462 0.50446196 0.51848782 0.47367292 0.48546978 0.49458557 0.51861394 0.47232995 0.45923445 0.42108125 0.41085287 0.45767356 0.39645672 0.22887800 0.50386546 -0.12819741 0.45053766 -0.13150637 0.17593791 0.23792749 0.12510777 0.09461470 0.08123799 0.38031570 0.26278619 0.17768013
0.46471880 0.39012497 0.48079029 0.51048490 0.41892796 0.57696403 0.44860331 0.52682985 0.35076083 0.47440981 0.38306498 0.44041744 0.37982738 0.37582444 0.50335050 0.47013692 0.53950087 0.54112670 0.52945936 0.53137538 0.50760130 0.21260248 0.53288539 0.45977445 0.34082940 0.49378704 0.30680675 0.26641889 0.43770989 0.47526824 1.00000000 0.46471059 0.31745599 0.38773457 0.23057535 0.43929366 0.11971243 0.15524011 0.49261617 0.17431139 -0.03584658 -0.17865215 0.32362396 0.25806864 0.48376921 0.47674143 0.30133783 0.31469915 0.52524398 0.06027147 0.14026458 0.28347742 0.46129613 0.48398584 0.29712719 0.34916997 0.52834798 0.57296899 0.45600674 0.44397400 0.36300773 0.43873057 0.43095288 0.44459760 0.47214298 0.32945451 0.47185924 0.01305730 0.37154984 0.01221389 0.13378119 0.22319836 0.24778191 0.04246370 0.18558214 0.24385960 0.21557071 0.17938580
0.46266723 0.37049403 0.31140452 0.40534801 0.34809394 0.43204768 0.41296253 0.39280200 0.36894836 0.31678788 0.28432344 0.37006568 0.36866748 0.24246320 0.22687071 0.32176514 0.36800069 0.32325593 0.38696150 0.40208655 0.25485582 0.17756138 0.34752416 0.20236798 0.19923710 0.23321118 0.43435734 0.36665954 0.44549413 0.31365003 0.46471059 1.00000000 0.42624706 0.38581949 0.23693317 0.34503527 0.35162905 0.24634115 0.37839064 0.24173975 0.11830965 0.03554806 0.21869176 0.28447901 0.29497581 0.35784361 0.33764808 0.24269996 0.26165929 0.12360003 0.28418283 0.32980385 0.35183176 0.28171259 0.26390357 0.35081315 0.39366972 0.42499809 0.28865760 0.34972561 0.34478271 0.35831399 0.37710536 0.31821613 0.39498343 0.35001062 0.22368142 0.15372378 0.31638659 0.13914278 0.23347865 0.32732096 0.35128060 0.10966397 0.28390326 0.21395784 0.12598662 0.21617892
0.34206816 0.30081834 0.32367697 0.48627955 0.27156297 0.39924774 0.33058723 0.36541139 0.34095506 0.37371385 0.27468998 0.28773255 0.43378420 0.27054759 0.19928121 0.40242011 0.38064042 0.27375200 0.36220866 0.41981598 0.34645983 0.21235829 0.32221796 0.29688815 0.39773411 0.40887586 0.59054403 0.36653358 0.34295072 0.48614081 0.31745599 0.42624706 1.00000000 0.46349078 0.10086035 0.31688596 0.28471548 0.37109727 0.38695041 0.10462213 0.02740983 0.20172192 0.23735405 0.14130887 0.32828240 0.23712211 0.23215046 0.22255906 0.26863605 0.21788907 0.23482363 0.14781105 0.19526916 0.20639440 0.34575813 0.47756825 0.35368345 0.33506873 0.38808291 0.32694580 0.40027058 0.34039193 0.29796481 0.37152062 0.36693577 0.29149270 0.24568864 0.19892760 0.40346523 0.19981349 0.39423402 0.37270868 0.30234127 0.16752365 0.26768315 0.40869522 0.23776490 0.09711119
0.32102258 0.30626255 0.31358233 0.38529029 0.24571952 0.36592146 0.34804410 0.37616732 0.35571125 0.31331261 0.36371630 0.33901155 0.35024067 0.23301540 0.28078960 0.37782968 0.34884282 0.36505567 0.37848049 0.36129872 0.35704775 0.13392437 0.31476546 0.34103535 0.27470109 0.34469280 0.42726918 0.46629108 0.39458512 0.42303099 0.38773457 0.38581949 0.46349078 1.00000000 0.14898655 0.36898971 0.15751404 0.33298001 0.42497259 0.09691568 -0.04290822 0.04731563 0.24704645 0.12669820 0.37114012 0.27154317 0.18885319 0.22420325 0.31704246 0.04355058 0.17459456 0.14954727 0.26955876 0.20912087 0.42361463 0.41625176 0.44133445 0.40012734 0.39529843 0.36706725 0.29268984 0.38174924 0.37664769 0.35607266 0.36270020 0.18136443 0.16557843 0.05775739 0.38342639 0.03727389 0.15661766 0.23377818 0.22039966 -0.02506935 0.14315015 0.22414886 0.18802627 0.01086716
0.26814322 0.28861613 -0.03978043 0.20792105 0.17767757 0.19496082 0.38266159 0.11317234 0.43977248 0.15456724 0.22856428 0.24835621 -0.06963549 0.30599943 0.27799787 -0.06344763 0.20494478 0.26935637 0.41452294 0.29506382 0.16238763 0.33959667 0.15100759 0.27257949 -0.07546897 0.00216795 0.01866239 0.32436199 0.39549948 0.37423651 0.23057535 0.23693317 0.10086035 0.14898655 1.00000000 0.47618795 0.34553671 -0.14200212 0.21307592 0.58490344 0.21114807 -0.34409383 0.53140364 0.32409948 0.14760146 0.56184097 0.34547645 0.54469824 0.04076055 -0.02782057 0.35422227 0.47474551 0.43568032 0.50679444 0.19440563 -0.00848622 0.12285569 0.33973477 -0.00813005 0.32720144 0.29428522 -0.04937872 0.14864464 0.31350205 0.15678808 0.26111946 0.38112849 -0.14497998 0.10273948 -0.37618888 -0.16794501 0.21864015 0.17318587 0.37168668 -0.03263885 -0.01385037 -0.09059761 0.52416702
0.39725537 0.29987696 0.35034647 0.46398115 0.33774365 0.46100532 0.45320201 0.44266582 0.49519949 0.45514751 0.40720792 0.44429612 0.23513991 0.26476861 0.48142085 0.34542694 0.39355999 0.55281632 0.43438966 0.39267327 0.42608673 0.04512998 0.33866773 0.49645886 0.23928615 0.40957214 0.32108279 0.36393438 0.33926107 0.58859206 0.43929366 0.34503527 0.31688596 0.36898971 0.47618795 1.00000000 0.16016406 0.23097697 0.49262326 0.21213906 -0.06997604 -0.08770235 0.45476831 0.11844071 0.44733996 0.47394577 0.14038200 0.51337573 0.44493897 0.09783673 0.17443488 0.15552247 0.37153290 0.45768816 0.44926751 0.35605700 0.44464828 0.44305922 0.39045927 0.49047304 0.35834161 0.32359230 0.34757800 0.40440059 0.32236190 0.20876469 0.49856168 -0.17841748 0.39465281 -0.18475687 -0.02285701 0.25683652 0.12644207 0.06868397 -0.02729778 0.16733443 0.26355556 0.16032948
0.08153831 0.23565937 0.06756541 0.15084061 0.08110784 0.10489131 0.15775182 0.14214540 0.13393735 0.14782853 0.10843432 0.12422155 0.04862112 0.29495255 -0.06116980 -0.00741531 0.21114908 -0.06165855 0.21814429 0.21706524 0.08952062 0.40022980 0.04379452 0.14519561 0.05030383 -0.07183152 0.28957588 0.32477028 0.44124271 0.13806050 0.11971243 0.35162905 0.28471548 0.15751404 0.34553671 0.16016406 1.00000000 -0.05022902 -0.01921177 0.43108695 0.30561444 0.04140422 0.23925536 0.36462658 -0.06549680 0.22091944 0.47809602 0.19697094 -0.02956384 0.24326865 0.33798720 0.38979148 0.15614692 0.14441935 -0.01440701 -0.00092781 -0.09575759 0.08754697 -0.13980573 0.04733538 0.19339518 -0.01884993 0.16071280 0.19613108 0.07277880 0.37930474 0.19824330 0.24938408 0.10404093 0.05818781 0.17788691 0.33083449 0.37562838 0.52262749 0.38032373 0.30689506 0.06202026 0.44238798
0.32743175 0.24010148 0.43066284 0.46444923 0.30872358 0.35353372 0.28860610 0.36323608 0.30312978 0.37141082 0.43953717 0.36219060 0.55740556 0.09317182 0.31767788 0.46582750 0.29505257 0.34726939 0.18047747 0.21897157 0.32390392 -0.14594815 0.25225854 0.27172241 0.52159748 0.52243930 0.36015823 0.07144073 0.06619349 0.20313402 0.15524011 0.24634115 0.37109727 0.33298001 -0.14200212 0.23097697 -0.05022902 1.00000000 0.51202492 -0.23128489 -0.23440787 0.12688663 -0.10060192 -0.29140954 0.44148569 -0.01088197 -0.16519459 0.00786769 0.40740507 -0.04217087 0.03938514 -0.29507038 0.24630807 -0.00586593 0.23693567 0.42185247 0.39517257 0.22698860 0.41920342 0.13813039 0.24209409 0.32621642 0.42618929 0.24628340 0.19180182 0.17845348 0.14007443 0.18657441 0.55717550 0.31571151 0.21333309 0.39168847 0.20464875 -0.16131924 0.07396719 0.13945701 0.45913439 -0.24735856
0.57858286 0.39612303 0.61369819 0.67356181 0.41706430 0.60111593 0.57932011 0.59243185 0.51707228 0.50545525 0.62651327 0.55124288 0.52727043 0.32610190 0.63720018 0.57828104 0.58548230 0.70009694 0.50631403 0.52303799 0.60226657 0.03527680 0.56338688 0.55121710 0.48537995 0.64207374 0.36533261 0.33688583 0.20351881 0.58182164 0.49261617 0.37839064 0.38695041 0.42497259 0.21307592 0.49262326 -0.01921177 0.51202492 1.00000000 0.02180015 -0.21320208 -0.05371150 0.30633678 0.00037315 0.65070853 0.43016288 0.11298583 0.35020541 0.60649464 0.07240669 0.03806114 0.10229503 0.52096326 0.40955847 0.45762709 0.58433903 0.66534888 0.57816856 0.62367531 0.44586842 0.48505349 0.57168807 0.64714297 0.51300016 0.44645139 0.35888446 0.48275074 -0.03517230 0.66617824 0.08334217 0.17176531 0.42677229 0.29471679 -0.04986310 0.06577717 0.23914980 0.44646469 0.02885086
0.22343735 0.27718204 -0.07224217 0.08654487 0.12058473 0.13838653 0.23572865 0.10860109 0.26305099 0.11900009 0.06943862 0.16015411 -0.07628501 0.33114547 0.07982838 -0.14891451 0.13250296 0.08797159 0.34909189 0.23106086 0.05256688 0.40301073 0.12041955 0.14538464 -0.11275250 -0.12677538 0.09320993 0.28102789 0.41541461 0.19124716 0.17431139 0.24173975 0.10462213 0.09691568 0.58490344 0.21213906 0.43108695 -0.23128489 0.02180015 1.00000000 0.54040118 -0.30413981 0.47120370 0.53268860 -0.04748638 0.51795819 0.67179010 0.45011870 -0.05851480 0.12673332 0.43728520 0.67922314 0.34740795 0.43427563 -0.02850931 -0.16778469 -0.04676216 0.24644737 -0.16745837 0.21674309 0.20763414 -0.13485541 0.03423980 0.22946119 0.09648076 0.36096337 0.30546347 0.06960393 -0.02771215 -0.17219814 -0.00265127 0.26592030 0.31738814 0.51533655 0.26735079 0.06198995 -0.20658479 0.67341420
-0.01006049 0.15010837 -0.16881233 -0.16056243 -0.03687080 -0.04060539 -0.02643010 0.00594231 0.02312824 -0.08478128 -0.19617774 -0.03056283 -0.14944556 0.13109221 -0.22271247 -0.23127271 -0.13033797 -0.22832713 0.01966753 -0.08353569 -0.19549743 0.24689495 -0.16173868 -0.09593076 -0.17500491 -0.31031049 0.07194504 0.06420333 0.20585577 -0.10195412 -0.03584658 0.11830965 0.02740983 -0.04290822 0.21114807 -0.06997604 0.30561444 -0.23440787 -0.21320208 0.54040118 1.00000000 -0.01440248 0.12005887 0.37879875 -0.37923592 0.13708284 0.47514478 0.17416785 -0.28768094 0.31358988 0.29321445 0.36785761 0.06013028 0.18065858 -0.29777402 -0.30486898 -0.26295052 -0.02350807 -0.33709670 0.04360121 0.02268364 -0.31340116 -0.24155374 -0.04474041 -0.05620530 0.05748851 0.06881935 0.22920047 -0.20311339 0.00229606 0.03693767 0.12137363 0.12674627 0.40681599 0.25778096 0.00817347 -0.38299801 0.42142747
-0.16712013 -0.18179863 0.07665497 -0.03597005 -0.12575180 -0.05279773 -0.19143472 0.05002446 -0.16785973 0.02050416 -0.07593048 -0.17578162 0.05560838 -0.15397496 -0.24277790 0.14779199 -0.13520976 -0.16567666 -0.19541739 -0.22408342 -0.06891944 -0.22817003 -0.15992993 -0.01866890 0.12530725 -0.01410924 0.23616533 -0.00160715 -0.16225938 0.01413362 -0.17865215 0.03554806 0.20172192 0.04731563 -0.34409383 -0.08770235 0.04140422 0.12688663 -0.05371150 -0.30413981 -0.01440248 1.00000000 -0.06732002 -0.19329179 -0.01402963 -0.43503269 -0.13780601 -0.11631343 0.00486804 0.48795141 -0.11621750 -0.30116475 -0.40380493 -0.29854713 0.11056055 0.13574937 -0.08356365 -0.26684494 0.00989812 -0.10103280 -0.13370341 0.04903431 -0.11155720 -0.17674263 -0.16259819 -0.20467245 -0.17275770 0.10259576 0.04290958 0.23980606 0.24989319 -0.04651649 -0.07527223 -0.07115130 0.06288064 0.21693301 0.08846952 -0.28940447
0.30954568 0.28139928 0.21634914 0.38584940 0.15681848 0.36442399 0.43833107 0.29908237 0.39745780 0.31804726 0.31729629 0.33765044 0.07147587 0.40877199 0.44202315 0.13314474 0.47228778 0.46191673 0.53535588 0.50921137 0.45313655 0.37439191 0.39459626 0.49434373 0.16115478 0.29931578 0.13543863 0.34609987 0.40479764 0.59518693 0.32362396 0.21869176 0.23735405 0.24704645 0.53140364 0.45476831 0.23925536 -0.10060192 0.30633678 0.47120370 0.12005887 -0.06732002 1.00000000 0.49322793 0.45854242 0.71788734 0.43288079 0.67300492 0.39016153 0.23520688 0.34738908 0.62803116 0.37783654 0.54244640 0.41451763 0.20393005 0.28256908 0.42374100 0.21873136 0.36161131 0.32975506 0.18056597 0.32363819 0.43135681 0.29246472 0.23987589 0.43970695 -0.25289329 0.18060186 -0.44157896 -0.06188394 0.12153146 0.08995713 0.28403041 0.06430076 0.29494110 0.10997751 0.44115567
0.21585739 0.38377799 0.11483024 0.12645408 0.23044049 0.20446400 0.26698862 0.19466761 0.14782626 0.15335506 0.06131204 0.25549647 0.07515424 0.48036772 0.18477504 -0.02470939 0.36074532 0.18006100 0.47750488 0.43842511 0.23648724 0.58736946 0.38278999 0.12123381 0.07210476 0.03055246 0.06120134 0.29330386 0.50636113 0.19882408 0.25806864 0.28447901 0.14130887 0.12669820 0.32409948 0.11844071 0.36462658 -0.29140954 0.00037315 0.53268860 0.37879875 -0.19329179 0.49322793 1.00000000 0.05832397 0.60302607 0.66741628 0.31676877 0.07644108 0.13577611 0.47428602 0.78117736 0.30564563 0.40609126 0.06869152 -0.00354619 0.07238346 0.36546459 -0.03503860 0.21720402 0.19875451 0.09815575 0.16002712 0.32434601 0.32355705 0.29268479 0.17123576 0.05928881 -0.10812307 -0.24294334 0.02547562 0.05113747 0.19046400 0.38179773 0.43456000 0.24633553 -0.19626856 0.59874254
0.51952763 0.32520731 0.53928441 0.66027626 0.42935455 0.56895822 0.52377394 0.50944123 0.46528163 0.51462911 0.55021394 0.50617058 0.52586644 0.32369381 0.66062425 0.55319231 0.62463963 0.70768618 0.53219756 0.58022953 0.66389834 0.09358758 0.60241162 0.52689699 0.52163034 0.72159166 0.24645169 0.23273926 0.18417098 0.55762302 0.48376921 0.29497581 0.32828240 0.37114012 0.14760146 0.44733996 -0.06549680 0.44148569 0.65070853 -0.04748638 -0.37923592 -0.01402963 0.45854242 0.05832397 1.00000000 0.50794396 0.07054514 0.40241083 0.77624305 -0.05089040 0.11445316 0.14530647 0.49250592 0.37683842 0.56035584 0.60596649 0.68948593 0.57666597 0.66463982 0.41682599 0.44682768 0.59435836 0.63694380 0.50171108 0.46995127 0.30468238 0.45591251 -0.19212473 0.59094967 -0.04395975 0.16191149 0.26712000 0.18596376 -0.13116313 0.02438482 0.23710837 0.50775726 0.01064994
0.47553855 0.47336695 0.33023564 0.47194091 0.35421224 0.47119923 0.59428728 0.41016637 0.50485058 0.37433044 0.39971353 0.51614423 0.20009464 0.48375109 0.56398716 0.20884400 0.58712221 0.59064481 0.64126420 0.65865634 0.51910559 0.45222629 0.53978052 0.45116153 0.21897801 0.35870358 0.10814261 0.34380504 0.47676714 0.52986036 0.47674143 0.35784361 0.23712211 0.27154317 0.56184097 0.47394577 0.22091944 -0.01088197 0.43016288 0.51795819 0.13708284 -0.43503269 0.71788734 0.60302607 0.50794396 1.00000000 0.52706926 0.67032983 0.44961541 0.04240565 0.41555110 0.68211589 0.63757712 0.65608491 0.34552534 0.26388415 0.45243218 0.65963174 0.33913359 0.49874730 0.45302417 0.30355624 0.46075156 0.56035812 0.48627188 0.38752801 0.51974021 -0.13003555 0.29408987 -0.34267496 -0.06603362 0.26272395 0.23856201 0.27593835 0.17760042 0.19682101 0.05507772 0.52043047
0.25934501 0.34438165 0.16197090 0.24365310 0.17802351 0.26839258 0.28843418 0.30823646 0.22684974 0.23372268 0.14756837 0.26475125 0.11321046 0.40921084 0.13145022 0.08873669 0.35658290 0.15485644 0.44102125 0.40108724 0.26754835 0.49725866 0.30078517 0.21716541 0.08254353 0.07009634 0.17675375 0.31192822 0.46893347 0.20235024 0.30133783 0.33764808 0.23215046 0.18885319 0.34547645 0.14038200 0.47809602 -0.16519459 0.11298583 0.67179010 0.47514478 -0.13780601 0.43288079 0.66741628 0.07054514 0.52706926 1.00000000 0.30412488 0.09940136 0.23488451 0.36256172 0.71273518 0.33735497 0.40005216 0.02292738 0.04468828 0.08063127 0.34591966 0.00087977 0.26022278 0.35242739 0.10559383 0.22463184 0.35443973 0.27807490 0.46066121 0.31100692 0.15700651 0.08568168 -0.01399050 0.19772509 0.29552393 0.45398630 0.54102493 0.45964483 0.26173136 -0.09392127 0.58545426
0.34257217 0.32332800 0.24463253 0.37940541 0.21886815 0.38059178 0.46457630 0.36842383 0.48830112 0.35319921 0.33414524 0.37787073 0.08020457 0.34600356 0.41705272 0.17267864 0.35350622 0.43994060 0.46772839 0.35475953 0.36236934 0.23723962 0.26698863 0.48434142 0.19414906 0.24995715 0.20672800 0.28308612 0.31216804 0.48635943 0.31469915 0.24269996 0.22255906 0.22420325 0.54469824 0.51337573 0.19697094 0.00786769 0.35020541 0.45011870 0.17416785 -0.11631343 0.67300492 0.31676877 0.40241083 0.67032983 0.30412488 1.00000000 0.35033496 0.30882164 0.37138629 0.40201184 0.45969084 0.56032169 0.34205281 0.19530482 0.32728134 0.44352288 0.22150645 0.44781756 0.33060185 0.14121119 0.25790454 0.39915817 0.29488988 0.16726868 0.53090500 -0.13547834 0.29135559 -0.34105639 -0.08908653 0.26052523 0.10502723 0.24143376 -0.01525622 0.19974230 0.08015213 0.36737636
0.46337010 0.36209919 0.63288115 0.64524924 0.42658772 0.56540651 0.47343273 0.55516455 0.36538099 0.58508908 0.55806511 0.51909775 0.51247423 0.35031855 0.63369649 0.57396680 0.62526914 0.64685605 0.48050735 0.54662320 0.65439502 0.08043440 0.59103999 0.55058988 0.54538602 0.71281958 0.29615370 0.19813727 0.17528077 0.50150381 0.52524398 0.26165929 0.26863605 0.31704246 0.04076055 0.44493897 -0.02956384 0.40740507 0.60649464 -0.05851480 -0.28768094 0.00486804 0.39016153 0.07644108 0.77624305 0.44961541 0.09940136 0.35033496 1.00000000 0.06883217 0.08585109 0.11405541 0.43727069 0.38082575 0.44020561 0.55986742 0.61558787 0.52886310 0.64022274 0.40101406 0.40449675 0.57285168 0.61289121 0.51509764 0.46147124 0.28926428 0.48797718 -0.06906939 0.56957383 0.04124051 0.14343297 0.27371770 0.18412748 -0.08835121 0.13189182 0.33612797 0.49282739 -0.00461044
-0.00423170 -0.02372079 0.19659966 0.11151279 -0.09721309 0.08361952 0.02091493 0.22976603 0.01615071 0.15034896 0.03810456 0.02583562 -0.01046023 0.06246610 -0.08848811 0.15019142 0.05147381 -0.03480507 0.03618867 -0.01777760 0.08807217 0.01958230 -0.01387893 0.20128773 0.10054730 0.00684215 0.23161008 0.06168842 0.04783743 0.21508780 0.06027147 0.12360003 0.21788907 0.04355058 -0.02782057 0.09783673 0.24326865 -0.04217087 0.07240669 0.12673332 0.31358988 0.48795141 0.23520688 0.13577611 -0.05089040 0.04240565 0.23488451 0.30882164 0.06883217 1.00000000 -0.00084275 0.08069278 -0.08266275 0.09046240 0.00901029 0.05826807 -0.03928645 -0.02836298 0.03448575 0.09458965 0.07158767 0.00762469 0.00258619 0.04745857 -0.05881428 -0.02779282 0.15242290 0.16677821 0.10601703 0.09725917 0.18275589 0.15691138 0.05651598 0.21612922 0.17389605 0.36262761 0.00301567 0.04463608
0.22821134 0.38559240 0.01905210 0.16731118 0.24348027 0.17183620 0.29262721 0.13635357 0.28566660 0.18658058 0.10465173 0.29107780 0.17037527 0.34266360 0.09272676 -0.06764724 0.21460729 0.10203525 0.36987492 0.28790049 0.11559120 0.40352415 0.20249772 0.10189988 0.14791831 0.04428943 0.16291729 0.20372476 0.46748299 0.12300898 0.14026458 0.28418283 0.23482363 0.17459456 0.35422227 0.17443488 0.33798720 0.03938514 0.03806114 0.43728520 0.29321445 -0.11621750 0.34738908 0.47428602 0.11445316 0.41555110 0.36256172 0.37138629 0.08585109 -0.00084275 1.00000000 0.48132769 0.34263664 0.22385907 0.10006669 0.02348543 0.07916828 0.29118334 -0.04708811 0.17659194 0.12521786 -0.04952295 0.15329518 0.28927383 0.25369540 0.22535824 0.10820817 0.12868135 0.07407182 -0.17625643 -0.08644070 0.20340916 0.19251135 0.27613265 0.27297945 0.10743771 -0.01263870 0.44102858
0.31170131 0.38232205 0.05992358 0.20929707 0.19569888 0.23409540 0.35610151 0.16577003 0.25370815 0.12241610 0.13402235 0.29005598 0.04956279 0.46531923 0.25619764 -0.06290978 0.40191655 0.23097215 0.50291194 0.50910944 0.25323252 0.56969073 0.39448028 0.18242457 -0.01737656 0.03728269 0.02890118 0.35980926 0.53257880 0.29317208 0.28347742 0.32980385 0.14781105 0.14954727 0.47474551 0.15552247 0.38979148 -0.29507038 0.10229503 0.67922314 0.36785761 -0.30116475 0.62803116 0.78117736 0.14530647 0.68211589 0.71273518 0.40201184 0.11405541 0.08069278 0.48132769 1.00000000 0.40807688 0.50773800 0.13022169 0.02193876 0.11411470 0.40847504 -0.00539491 0.24868372 0.31026635 0.10274183 0.25447495 0.36217023 0.33581797 0.41984699 0.27559395 0.00093063 -0.03577961 -0.26245370 0.01598745 0.12395390 0.25121200 0.43359866 0.35909550 0.22295801 -0.15785544 0.68911941
0.54650282 0.53570568 0.38193098 0.51605951 0.46822513 0.49889402 0.59076216 0.44242101 0.52809667 0.41203839 0.48260537 0.56333474 0.39859208 0.52469225 0.58556075 0.31903659 0.54633706 0.53059357 0.62909779 0.57013322 0.49238992 0.37673873 0.51176364 0.46966667 0.35501865 0.45309749 0.17333530 0.25827848 0.40644182 0.33560462 0.46129613 0.35183176 0.19526916 0.26955876 0.43568032 0.37153290 0.15614692 0.24630807 0.52096326 0.34740795 0.06013028 -0.40380493 0.37783654 0.30564563 0.49250592 0.63757712 0.33735497 0.45969084 0.43727069 -0.08266275 0.34263664 0.40807688 1.00000000 0.64518900 0.25581232 0.35028656 0.55803643 0.75077893 0.45087668 0.47551295 0.55417571 0.38203120 0.67109772 0.67299028 0.55656964 0.46760539 0.50252409 0.00384120 0.47334808 -0.12997353 -0.04921552 0.44363419 0.35406649 0.15218289 0.15884755 0.08485846 0.21293059 0.37917266
0.48707715 0.52295619 0.32436097 0.45476510 0.39216474 0.46820311 0.55404402 0.39481638 0.47587937 0.35253402 0.43363515 0.48711143 0.24312567 0.50272335 0.58983585 0.25564940 0.49597589 0.50981567 0.57461394 0.54605435 0.43612221 0.35416629 0.45882406 0.46115923 0.23200864 0.37198172 0.12738254 0.39916003 0.43611642 0.50446196 0.48398584 0.28171259 0.20639440 0.20912087 0.50679444 0.45768816 0.14441935 -0.00586593 0.40955847 0.43427563 0.18065858 -0.29854713 0.54244640 0.40609126 0.37683842 0.65608491 0.40005216 0.56032169 0.38082575 0.09046240 0.22385907 0.50773800 0.64518900 1.00000000 0.38079452 0.33459975 0.50107159 0.67032510 0.39944535 0.64185225 0.58655035 0.37121890 0.38898567 0.62833872 0.59791926 0.34144279 0.58824813 -0.03145690 0.26302776 -0.20598199 0.02376851 0.22126037 0.16752111 0.25120062 0.12593015 0.27261837 -0.05100888 0.45858975
0.40249889 0.32118596 0.35249255 0.47187004 0.31823378 0.40741978 0.48553795 0.38105443 0.44221037 0.35298123 0.46801527 0.41966628 0.34604271 0.25887557 0.47997726 0.41856483 0.42177221 0.52075711 0.40994209 0.43766266 0.43500298 0.05759298 0.40060991 0.45953634 0.30032730 0.45092267 0.25499766 0.42345997 0.28796119 0.51848782 0.29712719 0.26390357 0.34575813 0.42361463 0.19440563 0.44926751 -0.01440701 0.23693567 0.45762709 -0.02850931 -0.29777402 0.11056055 0.41451763 0.06869152 0.56035584 0.34552534 0.02292738 0.34205281 0.44020561 0.00901029 0.10006669 0.13022169 0.25581232 0.38079452 1.00000000 0.71161480 0.65447898 0.52031516 0.60251471 0.55538959 0.41221169 0.65447533 0.50874005 0.50873846 0.51876286 0.09500836 0.24231323 -0.21912011 0.42198197 -0.16705703 0.04184290 0.11102924 -0.01431263 -0.20531472 -0.07013387 0.27805148 0.29414503 -0.07879901
0.49405139 0.34530234 0.50502725 0.63342283 0.39684086 0.49468980 0.49828111 0.45263498 0.43855083 0.44605857 0.52812110 0.47501088 0.52924650 0.23640514 0.46886130 0.59935253 0.53531908 0.51444582 0.38833948 0.53393319 0.52045919 0.03113067 0.48368967 0.40599889 0.49619440 0.61439854 0.38280880 0.36138272 0.18326099 0.47367292 0.34916997 0.35081315 0.47756825 0.41625176 -0.00848622 0.35605700 -0.00092781 0.42185247 0.58433903 -0.16778469 -0.30486898 0.13574937 0.20393005 -0.00354619 0.60596649 0.26388415 0.04468828 0.19530482 0.55986742 0.05826807 0.02348543 0.02193876 0.35028656 0.33459975 0.71161480 1.00000000 0.77979972 0.58521638 0.82220247 0.58281559 0.60039951 0.78979119 0.62082849 0.61092891 0.66601751 0.24245598 0.29503602 -0.03048438 0.63131044 0.13191324 0.26190357 0.26005561 0.15878361 -0.22710413 0.07166604 0.37188420 0.34917738 -0.18244281
0.59181839 0.38962335 0.52808842 0.62953355 0.48212575 0.58541662 0.57128972 0.52730922 0.49674152 0.49066099 0.54138808 0.54503680 0.51092376 0.27735415 0.60734522 0.60830342 0.55655952 0.67453677 0.50093217 0.55894941 0.55500538 0.04679267 0.57987518 0.45262089 0.45485918 0.62631605 0.29629667 0.32175608 0.23488479 0.48546978 0.52834798 0.39366972 0.35368345 0.44133445 0.12285569 0.44464828 -0.09575759 0.39517257 0.66534888 -0.04676216 -0.26295052 -0.08356365 0.28256908 0.07238346 0.68948593 0.45243218 0.08063127 0.32728134 0.61558787 -0.03928645 0.07916828 0.11411470 0.55803643 0.50107159 0.65447898 0.77979972 1.00000000 0.75438727 0.83667278 0.67593068 0.55386248 0.77147737 0.66214678 0.60724605 0.69357679 0.25893450 0.39864690 -0.12931875 0.61702539 0.01615063 0.13732023 0.24415770 0.18347413 -0.25729208 0.00659604 0.19452980 0.31590548 -0.08339364
0.59984976 0.57479869 0.49733249 0.59475692 0.56220166 0.59903103 0.63502290 0.55762834 0.56515979 0.50545617 0.54709137 0.62832251 0.49289990 0.49686290 0.61619602 0.46346896 0.60556693 0.64233994 0.68085443 0.65746967 0.56113829 0.36216185 0.62100984 0.46568673 0.41524846 0.53187024 0.27183025 0.36737235 0.42204983 0.49458557 0.57296899 0.42499809 0.33506873 0.40012734 0.33973477 0.44305922 0.08754697 0.22698860 0.57816856 0.24644737 -0.02350807 -0.26684494 0.42374100 0.36546459 0.57666597 0.65963174 0.34591966 0.44352288 0.52886310 -0.02836298 0.29118334 0.40847504 0.75077893 0.67032510 0.52031516 0.58521638 0.75438727 1.00000000 0.66991647 0.73785889 0.60648815 0.67147654 0.63261615 0.75147751 0.78261035 0.35010262 0.46311474 -0.01923929 0.48409122 -0.11120720 0.05482383 0.30585537 0.25962514 0.02753445 0.22734076 0.22260403 0.13212269 0.25867497
0.49638223 0.29207536 0.52582479 0.62337045 0.38753891 0.50807439 0.47107231 0.45953828 0.41184922 0.48630197 0.53377348 0.46417123 0.49370111 0.18844147 0.54545615 0.62143337 0.51545448 0.59483680 0.39823209 0.53080474 0.53998292 -0.01581125 0.52289367 0.42525778 0.47985345 0.65515615 0.29233786 0.26343200 0.09789835 0.51861394 0.45600674 0.28865760 0.38808291 0.39529843 -0.00813005 0.39045927 -0.13980573 0.41920342 0.62367531 -0.16745837 -0.33709670 0.00989812 0.21873136 -0.03503860 0.66463982 0.33913359 0.00087977 0.22150645 0.64022274 0.03448575 -0.04708811 -0.00539491 0.45087668 0.39944535 0.60251471 0.82220247 0.83667278 0.66991647 1.00000000 0.63601405 0.57594855 0.78531454 0.61122870 0.60710273 0.63970898 0.19465197 0.36571113 -0.09088164 0.64377865 0.08418064 0.20344459 0.22909898 0.11898879 -0.28982847 0.00901687 0.29137325 0.34850310 -0.21246253
0.50001856 0.42002391 0.33463359 0.47844697 0.45124708 0.47629456 0.51783287 0.46539403 0.51194064 0.44179008 0.44095203 0.49247695 0.32331135 0.24829984 0.40251230 0.39526782 0.37114738 0.48423121 0.44062836 0.43287173 0.35825051 0.15157562 0.38280177 0.31030641 0.24928352 0.35962486 0.27031410 0.35456752 0.25830341 0.47232995 0.44397400 0.34972561 0.32694580 0.36706725 0.32720144 0.49047304 0.04733538 0.13813039 0.44586842 0.21674309 0.04360121 -0.10103280 0.36161131 0.21720402 0.41682599 0.49874730 0.26022278 0.44781756 0.40101406 0.09458965 0.17659194 0.24868372 0.47551295 0.64185225 0.55538959 0.58281559 0.67593068 0.73785889 0.63601405 1.00000000 0.58297507 0.58635838 0.35492114 0.64848247 0.71277237 0.18343926 0.41755429 -0.02821129 0.42603570 -0.06625749 0.08786913 0.21770296 0.17913574 0.00065825 0.09002421 0.20584377 -0.05662954 0.14504675
0.51355177 0.44069700 0.41029679 0.59267443 0.39730309 0.47972310 0.54723436 0.42976707 0.49526105 0.39882647 0.50895936 0.47588735 0.40975024 0.38081096 0.47245341 0.43693396 0.53680572 0.44315445 0.47983816 0.60188558 0.49240739 0.28909960 0.44595024 0.39114576 0.37677130 0.46300661 0.27336815 0.39359062 0.31419856 0.45923445 0.36300773 0.34478271 0.40027058 0.29268984 0.29428522 0.35834161 0.19339518 0.24209409 0.48505349 0.20763414 0.02268364 -0.13370341 0.32975506 0.19875451 0.44682768 0.45302417 0.35242739 0.33060185 0.40449675 0.07158767 0.12521786 0.31026635 0.55417571 0.58655035 0.41221169 0.60039951 0.55386248 0.60648815 0.57594855 0.58297507 1.00000000 0.53528171 0.52002995 0.65601429 0.60845761 0.47742966 0.45630189 0.10019809 0.49535048 0.10033964 0.29259827 0.39136362 0.36323186 0.21569871 0.17066931 0.37377911 0.13011822 0.21342468
0.49670389 0.35695730 0.55867041 0.57431854 0.44302943 0.51553384 0.48724738 0.51016631 0.35921897 0.45788966 0.51338508 0.46970743 0.52199570 0.26439920 0.52116459 0.60973605 0.54908738 0.55862350 0.42300834 0.52922395 0.52785526 0.06907632 0.55385251 0.38420375 0.43521727 0.58185708 0.30999567 0.35427696 0.17249647 0.42108125 0.43873057 0.35831399 0.34039193 0.38174924 -0.04937872 0.32359230 -0.01884993 0.32621642 0.57168807 -0.13485541 -0.31340116 0.04903431 0.18056597 0.09815575 0.59435836 0.30355624 0.10559383 0.14121119 0.57285168 0.00762469 -0.04952295 0.10274183 0.38203120 0.37121890 0.65447533 0.78979119 0.77147737 0.67147654 0.78531454 0.58635838 0.53528171 1.00000000 0.65298348 0.58919506 0.68242116 0.25871169 0.30394701 -0.07617190 0.53606538 0.11685311 0.23859004 0.20766062 0.17750735 -0.23669769 0.14192516 0.31510987 0.32203492 -0.13081111
0.51125346 0.46395218 0.59915940 0.64830483 0.38838978 0.54495307 0.58568180 0.52923987 0.44341654 0.47235542 0.61921968 0.55441194 0.53342119 0.44034285 0.61864416 0.54152973 0.68150710 0.59149657 0.56173271 0.63191276 0.63951028 0.22435875 0.60507886 0.55948715 0.47725982 0.61406491 0.24942858 0.31961195 0.35411997 0.41085287 0.43095288 0.37710536 0.29796481 0.37664769 0.14864464 0.34757800 0.16071280 0.42618929 0.64714297 0.03423980 -0.24155374 -0.11155720 0.32363819 0.16002712 0.63694380 0.46075156 0.22463184 0.25790454 0.61289121 0.00258619 0.15329518 0.25447495 0.67109772 0.38898567 0.50874005 0.62082849 0.66214678 0.63261615 0.61122870 0.35492114 0.52002995 0.65298348 1.00000000 0.62657335 0.52206153 0.47602135 0.40294321 -0.04133004 0.63730951 0.00024741 0.10133536 0.42306983 0.35358672 -0.01487519 0.17129370 0.27928245 0.55225449 0.08506213
0.52066590 0.56940242 0.50335041 0.59680207 0.49867314 0.52372505 0.60429433 0.51481815 0.53097954 0.52895776 0.60047046 0.63069387 0.48160707 0.54839382 0.58480763 0.45549911 0.62615344 0.54280663 0.65033901 0.66512375 0.57774364 0.42518317 0.55678010 0.52830678 0.50161308 0.53846305 0.28498719 0.40698571 0.41336492 0.45767356 0.44459760 0.31821613 0.37152062 0.35607266 0.31350205 0.40440059 0.19613108 0.24628340 0.51300016 0.22946119 -0.04474041 -0.17674263 0.43135681 0.32434601 0.50171108 0.56035812 0.35443973 0.39915817 0.51509764 0.04745857 0.28927383 0.36217023 0.67299028 0.62833872 0.50873846 0.61092891 0.60724605 0.75147751 0.60710273 0.64848247 0.65601429 0.58919506 0.62657335 1.00000000 0.69431954 0.40940054 0.45439926 0.04316801 0.51004474 -0.07433769 0.09828080 0.37799314 0.30141736 0.14481647 0.26793096 0.40271818 0.18449652 0.25806541
0.50796683 0.53923060 0.41990367 0.53125721 0.49550878 0.49254744 0.55054202 0.44249596 0.43152888 0.38804961 0.44308683 0.53935149 0.47855847 0.41316049 0.50556514 0.43474175 0.55231078 0.49648029 0.52990314 0.61690540 0.44670629 0.34043562 0.52795536 0.34063280 0.38960254 0.50222401 0.32639898 0.42186703 0.38005510 0.39645672 0.47214298 0.39498343 0.36693577 0.36270020 0.15678808 0.32236190 0.07277880 0.19180182 0.44645139 0.09648076 -0.05620530 -0.16259819 0.29246472 0.32355705 0.46995127 0.48627188 0.27807490 0.29488988 0.46147124 -0.05881428 0.25369540 0.33581797 0.55656964 0.59791926 0.51876286 0.66601751 0.69357679 0.78261035 0.63970898 0.71277237 0.60845761 0.68242116 0.52206153 0.69431954 1.00000000 0.28798280 0.31188770 0.03363588 0.38775048 -0.04110744 0.11088834 0.15976344 0.15978719 -0.03768597 0.21036819 0.32783485 0.06121051 0.13578854
0.43060895 0.34698482 0.30390960 0.42291637 0.33178501 0.33591757 0.40231011 0.34109365 0.32551317 0.31677607 0.35222917 0.36099917 0.35283080 0.38594015 0.30957579 0.24828063 0.45768734 0.28809803 0.42361635 0.48380810 0.35951813 0.32769807 0.37951151 0.27016084 0.25255192 0.30551436 0.21370247 0.28503727 0.37580903 0.22887800 0.32945451 0.35001062 0.29149270 0.18136443 0.26111946 0.20876469 0.37930474 0.17845348 0.35888446 0.36096337 0.05748851 -0.20467245 0.23987589 0.29268479 0.30468238 0.38752801 0.46066121 0.16726868 0.28926428 -0.02779282 0.22535824 0.41984699 0.46760539 0.34144279 0.09500836 0.24245598 0.25893450 0.35010262 0.19465197 0.18343926 0.47742966 0.25871169 0.47602135 0.40940054 0.28798280 1.00000000 0.45508669 0.24483386 0.41751435 0.27983169 0.37775677 0.59394077 0.68756682 0.45926144 0.36876564 0.29054769 0.29678612 0.50418481
0.42117517 0.36516017 0.41208551 0.51082769 0.33224636 0.49525358 0.46004812 0.47979247 0.44619034 0.47451902 0.43168403 0.41778903 0.27410504 0.36420797 0.51300596 0.34111309 0.46367157 0.49609358 0.45445052 0.42822920 0.48127784 0.14515016 0.38438557 0.50439503 0.30445823 0.43006242 0.21155695 0.23436725 0.21692897 0.50386546 0.47185924 0.22368142 0.24568864 0.16557843 0.38112849 0.49856168 0.19824330 0.14007443 0.48275074 0.30546347 0.06881935 -0.17275770 0.43970695 0.17123576 0.45591251 0.51974021 0.31100692 0.53090500 0.48797718 0.15242290 0.10820817 0.27559395 0.50252409 0.58824813 0.24231323 0.29503602 0.39864690 0.46311474 0.36571113 0.41755429 0.45630189 0.30394701 0.40294321 0.45439926 0.31188770 0.45508669 1.00000000 -0.00579752 0.56189530 -0.00879444 0.21007103 0.50128713 0.37959541 0.34338868 0.17068673 0.28039991 0.32945824 0.41720929
0.02947205 0.17802436 0.12750725 0.03250242 0.14599030 0.01951252 0.01028335 0.10361864 0.01872104 0.05352263 0.08275542 0.07679361 0.21077157 0.08978256 -0.16607674 0.05463108 -0.02513128 -0.19485163 -0.02046619 -0.03857823 -0.07575764 0.12998097 -0.02697474 -0.13151924 0.11336688 -0.06782560 0.17066286 0.03412476 0.15400128 -0.12819741 0.01305730 0.15372378 0.19892760 0.05775739 -0.14497998 -0.17841748 0.24938408 0.18657441 -0.03517230 0.06960393 0.22920047 0.10259576 -0.25289329 0.05928881 -0.19212473 -0.13003555 0.15700651 -0.13547834 -0.06906939 0.16677821 0.12868135 0.00093063 0.00384120 -0.03145690 -0.21912011 -0.03048438 -0.12931875 -0.01923929 -0.09088164 -0.02821129 0.10019809 -0.07617190 -0.04133004 0.04316801 0.03363588 0.24483386 -0.00579752 1.00000000 0.09648419 0.58777456 0.38481030 0.32258171 0.35977713 0.32932205 0.47301581 0.33029720 -0.03181691 0.17044688
0.48376704 0.34416074 0.54331768 0.65748413 0.36303880 0.50727000 0.48573622 0.55203516 0.48513362 0.53787810 0.59053988 0.48741944 0.51889662 0.22203671 0.43973609 0.56911201 0.47966820 0.50605993 0.37242016 0.41673156 0.52270713 -0.02460445 0.39734512 0.49423236 0.49124841 0.56156833 0.34765761 0.26256841 0.12143117 0.45053766 0.37154984 0.31638659 0.40346523 0.38342639 0.10273948 0.39465281 0.10404093 0.55717550 0.66617824 -0.02771215 -0.20311339 0.04290958 0.18060186 -0.10812307 0.59094967 0.29408987 0.08568168 0.29135559 0.56957383 0.10601703 0.07407182 -0.03577961 0.47334808 0.26302776 0.42198197 0.63131044 0.61702539 0.48409122 0.64377865 0.42603570 0.49535048 0.53606538 0.63730951 0.51004474 0.38775048 0.41751435 0.56189530 0.09648419 1.00000000 0.25342669 0.28819438 0.64005287 0.44384827 0.00495726 0.14740104 0.29080964 0.55729783 -0.01512356
0.07265748 -0.00952663 0.16644121 0.08602202 0.11601054 0.04008225 -0.06089422 0.11289217 -0.06376844 0.07857392 0.05419958 -0.01423524 0.25928786 -0.11679278 -0.17366438 0.21526982 -0.05373898 -0.12442714 -0.16351551 -0.10591240 -0.05729181 -0.14431262 -0.03667747 -0.16885390 0.14088545 0.03949623 0.18058065 -0.02237444 -0.13899859 -0.13150637 0.01221389 0.13914278 0.19981349 0.03727389 -0.37618888 -0.18475687 0.05818781 0.31571151 0.08334217 -0.17219814 0.00229606 0.23980606 -0.44157896 -0.24294334 -0.04395975 -0.34267496 -0.01399050 -0.34105639 0.04124051 0.09725917 -0.17625643 -0.26245370 -0.12997353 -0.20598199 -0.16705703 0.13191324 0.01615063 -0.11120720 0.08418064 -0.06625749 0.10033964 0.11685311 0.00024741 -0.07433769 -0.04110744 0.27983169 -0.00879444 0.58777456 0.25342669 1.00000000 0.60654295 0.32943052 0.41289373 0.08316019 0.32061187 0.20115555 0.12140067 -0.12436412
0.18589676 0.02895749 0.26152833 0.24621551 0.14381185 0.21012181 0.07419860 0.24947924 0.06965266 0.18239989 0.12891947 0.04101567 0.29146972 0.06181865 -0.01488024 0.29871409 0.16802175 0.06670327 0.07438122 0.17353651 0.15783680 0.04885316 0.14940099 -0.00322151 0.23739807 0.18683658 0.27456123 0.13799938 0.03029828 0.17593791 0.13378119 0.23347865 0.39423402 0.15661766 -0.16794501 -0.02285701 0.17788691 0.21333309 0.17176531 -0.00265127 0.03693767 0.24989319 -0.06188394 0.02547562 0.16191149 -0.06603362 0.19772509 -0.08908653 0.14343297 0.18275589 -0.08644070 0.01598745 -0.04921552 0.02376851 0.04184290 0.26190357 0.13732023 0.05482383 0.20344459 0.08786913 0.29259827 0.23859004 0.10133536 0.09828080 0.11088834 0.37775677 0.21007103 0.38481030 0.28819438 0.60654295 1.00000000 0.29502855 0.46439740 0.28754535 0.35824533 0.42388547 0.17091812 0.08196542
0.40415663 0.36375465 0.36546087 0.46006163 0.31513421 0.36155007 0.38765729 0.45344012 0.41946690 0.40470248 0.42059467 0.39033442 0.39456339 0.29893837 0.23932720 0.31398195 0.31482650 0.25701190 0.34832464 0.28236649 0.34038926 0.15739480 0.23413978 0.36140902 0.32503676 0.29720915 0.33464604 0.22508415 0.23251067 0.23792749 0.22319836 0.32732096 0.37270868 0.23377818 0.21864015 0.25683652 0.33083449 0.39168847 0.42677229 0.26592030 0.12137363 -0.04651649 0.12153146 0.05113747 0.26712000 0.26272395 0.29552393 0.26052523 0.27371770 0.15691138 0.20340916 0.12395390 0.44363419 0.22126037 0.11102924 0.26005561 0.24415770 0.30585537 0.22909898 0.21770296 0.39136362 0.20766062 0.42306983 0.37799314 0.15976344 0.59394077 0.50128713 0.32258171 0.64005287 0.32943052 0.29502855 1.00000000 0.63101167 0.36556242 0.33592993 0.24244058 0.37757831 0.31649071
0.33692547 0.27243547 0.28237371 0.34163874 0.28004031 0.31305167 0.30311532 0.37069984 0.28356266 0.32259419 0.27959739 0.28374847 0.32366236 0.26181336 0.12185502 0.25928227 0.30271067 0.16507581 0.31616516 0.28670320 0.28587020 0.25285903 0.25905424 0.17527198 0.21806044 0.18712572 0.23654530 0.20792958 0.23129911 0.12510777 0.24778191 0.35128060 0.30234127 0.22039966 0.17318587 0.12644207 0.37562838 0.20464875 0.29471679 0.31738814 0.12674627 -0.07527223 0.08995713 0.19046400 0.18596376 0.23856201 0.45398630 0.10502723 0.18412748 0.05651598 0.19251135 0.25121200 0.35406649 0.16752111 -0.01431263 0.15878361 0.18347413 0.25962514 0.11898879 0.17913574 0.36323186 0.17750735 0.35358672 0.30141736 0.15978719 0.68756682 0.37959541 0.35977713 0.44384827 0.41289373 0.46439740 0.63101167 1.00000000 0.49482471 0.43395872 0.19511457 0.25565280 0.42340520
0.03806367 0.20979196 0.04655475 0.08637923 0.03748415 0.06688587 0.13626460 0.12790651 0.14608715 0.08055613 0.08897140 0.08300788 0.00197724 0.31235066 -0.01036960 -0.09316705 0.14581464 -0.03755196 0.24584604 0.15921068 0.08881643 0.43384870 0.03372577 0.10368167 0.00894228 -0.09788429 0.08675532 0.18586423 0.28751823 0.09461470 0.04246370 0.10966397 0.16752365 -0.02506935 0.37168668 0.06868397 0.52262749 -0.16131924 -0.04986310 0.51533655 0.40681599 -0.07115130 0.28403041 0.38179773 -0.13116313 0.27593835 0.54102493 0.24143376 -0.08835121 0.21612922 0.27613265 0.43359866 0.15218289 0.25120062 -0.20531472 -0.22710413 -0.25729208 0.02753445 -0.28982847 0.00065825 0.21569871 -0.23669769 -0.01487519 0.14481647 -0.03768597 0.45926144 0.34338868 0.32932205 0.00495726 0.08316019 0.28754535 0.36556242 0.49482471 1.00000000 0.46150400 0.28823096 -0.08321619 0.68477816
0.19010211 0.37145178 0.30919705 0.20290986 0.27244714 0.21342733 0.18234404 0.30761327 0.09892744 0.28160571 0.19938295 0.27213406 0.32982907 0.35032747 0.05062957 0.13667149 0.27741030 0.07177976 0.30516905 0.26126139 0.18533652 0.35298462 0.28189425 0.06456968 0.23929796 0.10544734 0.22255140 0.20294056 0.32991567 0.08123799 0.18558214 0.28390326 0.26768315 0.14315015 -0.03263885 -0.02729778 0.38032373 0.07396719 0.06577717 0.26735079 0.25778096 0.06288064 0.06430076 0.43456000 0.02438482 0.17760042 0.45964483 -0.01525622 0.13189182 0.17389605 0.27297945 0.35909550 0.15884755 0.12593015 -0.07013387 0.07166604 0.00659604 0.22734076 0.00901687 0.09002421 0.17066931 0.14192516 0.17129370 0.26793096 0.21036819 0.36876564 0.17068673 0.47301581 0.14740104 0.32061187 0.35824533 0.33592993 0.43395872 0.46150400 1.00000000 0.43536252 -0.01404090 0.44184592
0.19699232 0.27692675 0.41967977 0.40014484 0.17640062 0.27624115 0.25735313 0.33443763 0.19014148 0.32628529 0.36345873 0.29769982 0.32578858 0.36136620 0.25888145 0.35368044 0.41947102 0.22323322 0.33826176 0.40919758 0.38550868 0.29286082 0.31741250 0.34852251 0.38741547 0.34430943 0.29866616 0.37013954 0.28412828 0.38031570 0.24385960 0.21395784 0.40869522 0.22414886 -0.01385037 0.16733443 0.30689506 0.13945701 0.23914980 0.06198995 0.00817347 0.21693301 0.29494110 0.24633553 0.23710837 0.19682101 0.26173136 0.19974230 0.33612797 0.36262761 0.10743771 0.22295801 0.08485846 0.27261837 0.27805148 0.37188420 0.19452980 0.22260403 0.29137325 0.20584377 0.37377911 0.31510987 0.27928245 0.40271818 0.32783485 0.29054769 0.28039991 0.33029720 0.29080964 0.20115555 0.42388547 0.24244058 0.19511457 0.28823096 0.43536252 1.00000000 0.20360628 0.15367024
0.19634373 0.09820383 0.39920177 0.40826393 0.12168257 0.31282508 0.20922263 0.32551368 0.20755526 0.35279126 0.33333419 0.21888978 0.35798263 0.12764242 0.31641375 0.40223581 0.35456454 0.31850467 0.19666335 0.23600189 0.40874280 -0.08866772 0.29675354 0.39491925 0.37781636 0.48736084 0.24592987 0.01448780 0.01481057 0.26278619 0.21557071 0.12598662 0.23776490 0.18802627 -0.09059761 0.26355556 0.06202026 0.45913439 0.44646469 -0.20658479 -0.38299801 0.08846952 0.10997751 -0.19626856 0.50775726 0.05507772 -0.09392127 0.08015213 0.49282739 0.00301567 -0.01263870 -0.15785544 0.21293059 -0.05100888 0.29414503 0.34917738 0.31590548 0.13212269 0.34850310 -0.05662954 0.13011822 0.32203492 0.55225449 0.18449652 0.06121051 0.29678612 0.32945824 -0.03181691 0.55729783 0.12140067 0.17091812 0.37757831 0.25565280 -0.08321619 -0.01404090 0.20360628 1.00000000 -0.16897367
0.22829740 0.36872025 0.00200374 0.12331009 0.22902247 0.16801054 0.25834515 0.15261359 0.23701956 0.13570567 0.09234720 0.22800872 0.05283485 0.45811036 0.16152076 -0.11978427 0.24657129 0.13090805 0.42167969 0.30277957 0.14107043 0.51296317 0.22705442 0.13184150 -0.01367896 -0.04613090 0.02097642 0.27114434 0.43158080 0.17768013 0.17938580 0.21617892 0.09711119 0.01086716 0.52416702 0.16032948 0.44238798 -0.24735856 0.02885086 0.67341420 0.42142747 -0.28940447 0.44115567 0.59874254 0.01064994 0.52043047 0.58545426 0.36737636 -0.00461044 0.04463608 0.44102858 0.68911941 0.37917266 0.45858975 -0.07879901 -0.18244281 -0.08339364 0.25867497 -0.21246253 0.14504675 0.21342468 -0.13081111 0.08506213 0.25806541 0.13578854 0.50418481 0.41720929 0.17044688 -0.01512356 -0.12436412 0.08196542 0.31649071 0.42340520 0.68477816 0.44184592 0.15367024 -0.16897367 1.00000000
