1.00000000 0.20625466 0.02290547 0.09882367 -0.09840163 0.02825996 0.06993673 0.30147522 0.16620294 0.03771100 0.19105585 0.16048789 0.11398388 0.01610990 0.00865376 0.00906058 0.08389668 -0.05225927 0.09372244 0.08602422 -0.10667379 -0.05225530 0.06545580 -0.06038844 -0.10488091 -0.07645638 -0.09651477 -0.06774336 0.10440142 -0.05259936 0.08352988 -0.06884005 -0.00575601 -0.00566586 0.04142936 -0.08799081 -0.09598806 -0.15039965 0.00550450 0.05958036 0.06830465 0.09834393 -0.00166042 -0.07915408 0.05792653 -0.14687565 0.15611894 0.01292797 0.01068908 0.13613682 -0.02106654 0.07931393 -0.01430371 0.13208788 -0.07571443 0.04172130 -0.07023398 -0.15221819 -0.10384243 0.01230501 0.10043499 -0.07397442 0.01733044 0.00811531 0.00557051 0.16124077 0.00860986 0.07822841 -0.11913340 0.02497732 0.12562818 -0.00298815 0.00378336 0.06220792 0.12206948 0.14639424 -0.05911622 0.11732022
0.20625466 1.00000000 0.05196138 0.31387737 0.22740125 0.07312624 0.09634473 0.17521311 0.01758776 0.23684167 0.30267259 0.28731732 0.22386861 0.10356998 0.14530032 0.15403968 0.13137078 -0.04378006 0.08710007 0.17983007 0.03156116 0.00556362 0.02780619 -0.04229726 0.08747295 0.25793106 0.07571613 -0.13311893 0.01487667 -0.09329298 -0.05888327 -0.16480907 0.04212522 -0.04200064 0.07092134 -0.06547096 -0.16447679 -0.03142706 -0.19772526 -0.05467371 0.16951917 0.05205205 -0.12872608 -0.18740258 -0.05428278 -0.25144390 -0.02626119 -0.11699860 -0.08997324 0.07260078 -0.00762660 -0.05166585 -0.11762384 0.05781259 -0.03264246 0.02115597 -0.04010881 -0.00251836 0.06758507 -0.04865516 0.14863992 -0.05924886 -0.02425781 0.04107580 -0.04814087 -0.01596751 -0.01907568 0.13771147 -0.10685413 0.07393718 0.14432309 -0.01933935 -0.08756113 -0.00466284 0.02871625 0.13263474 0.06572196 -0.00927895
0.02290547 0.05196138 1.00000000 0.03076834 0.16834375 0.17769853 0.32522180 0.41304279 0.19935163 0.13164446 0.08565837 0.38322365 0.00406293 -0.13087942 -0.00584833 -0.07446436 -0.28872615 0.11927257 -0.25701270 -0.20131143 0.07597367 0.02219571 -0.01758971 0.18915219 -0.17876188 -0.23403272 -0.08280588 0.22682938 -0.15766302 -0.06146923 0.05871681 0.27547764 -0.11188706 0.05293243 -0.11761783 -0.02161085 0.14088305 0.06996830 0.31735157 -0.03062446 -0.19953334 0.09669782 -0.07344118 0.14446483 0.11136345 0.24656539 -0.03081632 0.17069955 0.13651693 0.07163343 -0.12148177 -0.01700092 -0.00493141 -0.22008829 -0.09304255 -0.25408637 -0.05686707 -0.14853002 -0.16042088 0.11925044 -0.21173821 -0.12593038 0.06584177 -0.17951723 -0.31829262 0.05722873 -0.02974037 0.00354822 0.18775673 -0.05847312 -0.05291288 0.12427906 0.35299141 0.12263314 -0.01619214 -0.08114766 -0.01464927 0.10389448
0.09882367 0.31387737 0.03076834 1.00000000 0.34622191 0.27173257 0.07601705 -0.09745639 0.11171534 0.33067641 0.10150666 0.15730621 0.39427190 0.12254914 0.30758688 0.22362975 0.35516895 0.14405272 0.16984824 0.32563936 0.07507035 0.04732476 -0.14306377 -0.03019991 0.27459405 0.52530045 0.12674458 -0.29565750 -0.15515392 -0.15716707 -0.16301235 -0.21922780 0.13129024 -0.14831552 0.15735393 0.24382989 -0.13059578 0.19772661 -0.13108462 -0.25503184 0.04434151 -0.12790491 -0.14559145 -0.28095422 0.07068820 -0.22357935 -0.24649852 -0.26789399 0.05773398 -0.20443004 0.17101664 -0.21047300 0.06760044 0.18421770 0.10003479 0.21836248 0.13451953 0.08948775 0.24214005 -0.06703481 0.13344842 0.09963372 0.03110783 0.11325649 0.29486833 -0.18196778 -0.10000025 -0.01983773 0.00550241 -0.01351408 -0.00321673 -0.15931454 -0.22467697 -0.16730415 0.00347812 0.09525952 0.21177656 -0.21323622
-0.09840163 0.22740125 0.16834375 0.34622191 1.00000000 0.16420277 0.32992794 0.09606222 0.19393524 0.15612263 0.00531914 0.42793895 0.42863742 0.05327004 0.35635465 0.13057606 0.13175697 0.32080055 0.01325127 0.24586458 0.13107672 0.03546014 -0.02049445 -0.04641164 0.15711665 0.32082329 0.11056976 -0.12527683 -0.18250638 -0.08081753 -0.05287589 -0.00654102 0.13560751 0.01992940 0.09587155 0.27018697 -0.03352832 0.26556147 0.01091360 -0.21121665 -0.09326027 -0.11873730 -0.24867112 -0.16750316 0.24022435 -0.04416059 -0.26737590 -0.14331387 0.10460389 -0.24957833 0.06112935 -0.12641390 0.04014370 -0.03677150 0.06725134 0.14498268 0.16371244 0.06319303 0.18753559 -0.11169505 -0.02434111 0.15808336 0.13227837 0.03192038 0.14331507 -0.08212461 -0.05790745 -0.05168471 0.21542570 -0.05819980 -0.06917558 -0.09967551 -0.00700139 -0.16624906 -0.03491010 -0.02063495 0.17450062 -0.08438338
0.02825996 0.07312624 0.17769853 0.27173257 0.16420277 1.00000000 0.16501220 0.02529532 0.27470744 0.26595189 0.02079770 0.17011807 0.20392286 0.06716622 0.15099577 0.14809057 0.15318896 0.25214237 -0.01403293 0.09844622 0.23932202 0.00045484 -0.18721703 0.16049756 0.07847715 0.18942925 0.00864086 -0.11484468 -0.17336840 -0.01877933 -0.10375007 -0.03712072 -0.08232146 -0.05437805 -0.08118791 0.11364893 -0.02538108 0.19706050 0.01862470 -0.31601407 -0.24215403 -0.11625490 -0.09781819 -0.18927456 0.17221303 0.06852574 -0.31222971 -0.02954280 0.09451654 -0.25933917 0.04840917 -0.29570339 -0.00756053 -0.17691056 0.13148606 0.08526204 0.07672707 -0.05090328 0.12213518 -0.06512092 -0.15122687 -0.01909539 -0.08205657 -0.04501274 0.04959198 -0.18901565 -0.07294781 -0.12238572 -0.06098959 -0.14677031 -0.13325756 -0.10711660 -0.06820534 -0.08449464 0.00696548 -0.06660137 0.12657186 -0.26073859
0.06993673 0.09634473 0.32522180 0.07601705 0.32992794 0.16501220 1.00000000 0.26560306 0.28863208 0.14933460 0.05908424 0.41797715 0.08712830 -0.04427622 0.07377979 -0.05096053 -0.08195002 0.17220173 -0.15291231 -0.02110805 0.10388411 0.12868451 0.07293026 0.00558600 -0.00402428 -0.03816995 0.04318593 0.08880430 -0.06662139 0.02635082 0.07973072 0.18424802 0.01259296 0.07453622 -0.03444537 0.11461584 0.16831871 0.14170845 0.16627670 -0.22411296 -0.25759719 0.02935552 -0.10754342 -0.14767654 0.23788402 0.07039914 -0.20566010 0.12133860 0.14937352 0.00723740 -0.12847355 -0.20780175 0.03354661 -0.13493187 -0.05019607 -0.12108270 0.05843403 -0.16682393 -0.08756598 -0.16236880 -0.27034571 -0.14068709 0.12745040 -0.11415642 -0.18779615 -0.02253685 -0.07962586 -0.15156006 0.09601550 -0.09636361 -0.08461830 -0.02901005 0.11893216 -0.00960243 -0.03827661 -0.06899705 0.03649384 0.08039705
0.30147522 0.17521311 0.41304279 -0.09745639 0.09606222 0.02529532 0.26560306 1.00000000 0.20068845 0.02215497 0.10857182 0.31991739 -0.04282431 -0.08757822 -0.05075694 -0.17349938 -0.25405486 0.06259655 -0.02881416 -0.10901816 -0.05932993 -0.07120659 0.05398088 0.02309791 -0.19996960 -0.24245492 -0.02896187 0.10857690 0.06372519 -0.00768911 0.09702416 0.13143296 -0.08325856 0.05380674 -0.05950096 -0.12245059 0.02609227 -0.06917895 0.15250034 0.11837108 -0.04137655 0.14679260 -0.04727763 0.11876434 0.05502871 0.13456705 0.08854652 0.18219093 0.05979345 0.10449450 -0.07650556 0.10398194 -0.01437640 -0.08145845 -0.06174613 -0.02510281 -0.07809956 -0.07293783 -0.10673234 0.05451675 -0.05337898 -0.04682355 0.04364279 -0.04681678 -0.21826417 0.09486042 0.02411120 0.03061384 0.05692522 -0.05586021 -0.03108066 0.16188126 0.20438802 0.05808961 -0.01211752 -0.08263814 -0.09874900 0.22308962
0.16620294 0.01758776 0.19935163 0.11171534 0.19393524 0.27470744 0.28863208 0.20068845 1.00000000 0.01723632 0.21050674 0.30462113 0.07394447 0.05797162 0.17607250 0.00997363 0.06975481 0.21078620 -0.01660580 0.12136094 0.16800116 0.14149635 0.09792406 0.08465385 0.03555684 0.00234965 0.08752300 0.01771906 -0.10916912 0.01194855 0.05963674 0.06018016 0.02826503 0.01109976 0.01478246 0.07291845 -0.02619378 0.06841765 0.16641120 -0.13318011 -0.20910574 -0.10861333 -0.07439771 -0.00886934 0.15755332 0.08930980 -0.05681665 0.09039533 0.16662776 -0.14252289 -0.04559425 -0.09944191 0.03391599 -0.06599091 0.06771639 0.10388533 0.11675410 -0.08580179 -0.05806234 -0.03375170 -0.09925815 0.03570528 0.06468451 -0.01990123 0.02092294 0.06645160 -0.01831142 -0.04591694 0.10768036 -0.10347934 -0.13069253 0.02540554 0.11929716 -0.02027498 0.04688258 -0.08832189 0.03243174 0.02607668
0.03771100 0.23684167 0.13164446 0.33067641 0.15612263 0.26595189 0.14933460 0.02215497 0.01723632 1.00000000 0.16951892 0.09842427 0.23393872 0.05795419 0.07791260 0.14370862 0.08825517 0.01101890 0.10306432 0.09157171 0.06843798 0.07081867 -0.11433808 0.08533304 0.15140784 0.22923650 0.07215349 -0.06864454 -0.06510617 -0.03262682 -0.06175988 -0.08500082 -0.02955286 -0.10954786 -0.02975981 0.00559623 0.01931138 0.16802530 -0.10478436 -0.11088267 0.06077444 -0.04874078 -0.10532501 -0.19340776 0.03813614 -0.14308129 -0.15342022 -0.15497927 0.02661874 -0.02231515 0.06527202 -0.16383149 -0.02288137 0.02191165 -0.08633406 0.01891840 -0.03555178 -0.02571876 0.13073422 -0.10964885 0.01745556 -0.14393975 -0.05013080 0.02162221 0.05673337 -0.06407962 -0.01832430 -0.01174962 -0.00277983 0.02702858 0.02195239 -0.02022054 -0.02125624 0.01872281 -0.01527011 0.14569990 0.09111847 -0.06161934
0.19105585 0.30267259 0.08565837 0.10150666 0.00531914 0.02079770 0.05908424 0.10857182 0.21050674 0.16951892 1.00000000 0.08969149 0.02892740 0.05995299 0.06557965 0.03078616 0.07839328 0.03527495 0.09757982 0.15160882 0.07363840 0.04884565 0.05586489 0.10049710 -0.02443616 0.08260378 0.00207159 0.01956001 0.12674091 0.01783825 0.06500953 -0.07219658 -0.06663816 -0.08375972 0.12516825 -0.03932467 -0.09492487 -0.14938863 -0.08913161 0.01357530 0.16900686 0.11360051 0.13110200 -0.04200591 -0.07323805 -0.15109131 0.05422445 -0.01222954 -0.02349941 0.16512102 -0.04516245 0.02338473 -0.09831548 0.07091365 -0.00023680 -0.06342873 -0.08539837 -0.02247023 -0.10588411 0.00241710 0.04039171 -0.13695340 -0.14663138 0.06000333 -0.15637337 0.17619256 0.05305608 0.15494006 -0.11394248 0.07418463 0.12945721 0.02938811 0.04693020 0.11775908 -0.03627388 0.12736575 -0.01855656 0.10997310
0.16048789 0.28731732 0.38322365 0.15730621 0.42793895 0.17011807 0.41797715 0.31991739 0.30462113 0.09842427 0.08969149 1.00000000 0.27103329 -0.08935630 0.26812232 0.01076613 -0.06273732 0.22328967 -0.11249162 0.06140493 0.11836448 0.07162867 0.07113368 -0.03692331 -0.09916359 -0.01925800 0.01412426 0.02681416 -0.12800307 -0.11542523 0.02107964 0.13487006 0.00394508 0.07913099 -0.02234840 0.03760351 -0.00417028 0.03311461 0.21220489 -0.11170797 -0.19769629 -0.05160369 -0.22069229 -0.07090673 0.19950393 0.03713778 -0.15097690 0.09905462 0.02176045 -0.03841187 -0.11831963 -0.12875291 -0.01396035 -0.09236830 -0.01444479 -0.06921291 0.04794828 -0.05467389 0.02501601 -0.02409140 -0.12645318 0.00250944 0.07412972 -0.08827404 -0.12268585 -0.02082135 -0.01346877 -0.02388948 0.17408213 -0.02259837 -0.04438297 0.03395233 0.16291580 -0.10477639 -0.01143494 -0.08718569 0.04748749 0.03493689
0.11398388 0.22386861 0.00406293 0.39427190 0.42863742 0.20392286 0.08712830 -0.04282431 0.07394447 0.23393872 0.02892740 0.27103329 1.00000000 0.13178523 0.29212788 0.21958469 0.26574857 0.19203259 0.18938211 0.29868693 0.07985681 0.10144439 -0.04579477 -0.10971204 0.18201392 0.38923608 0.15474110 -0.22939643 -0.09430674 -0.22168967 -0.15991894 -0.09062881 0.16890868 -0.01535138 0.10258788 0.20751503 -0.04635455 0.28748212 -0.24082295 -0.16310827 -0.13420093 -0.13604627 -0.16057533 -0.26466448 0.21365043 -0.15385893 -0.21913793 -0.30562527 0.01903854 -0.28486919 0.17713960 -0.05879617 -0.04748149 0.04205212 0.06574025 0.16394444 0.18479716 -0.01834690 0.20483390 -0.11767010 0.04082252 0.10563156 0.04267924 0.06352754 0.26365458 -0.07525348 -0.02508925 -0.04554977 0.06602245 -0.12067092 -0.09943239 -0.13556148 -0.13285680 -0.21919264 -0.03850644 -0.00256466 0.05684763 -0.08989970
0.01610990 0.10356998 -0.13087942 0.12254914 0.05327004 0.06716622 -0.04427622 -0.08757822 0.05797162 0.05795419 0.05995299 -0.08935630 0.13178523 1.00000000 0.28272756 0.16259134 0.21202192 0.15944431 0.34187240 0.31513832 0.02264386 0.17693518 0.18258270 -0.01060316 0.31058086 0.35708758 0.05434601 -0.21147296 0.04999154 0.03482739 -0.05996408 -0.16301852 0.08713298 -0.06022463 0.11604262 0.03237835 -0.11056124 0.04091893 -0.11901897 0.00640164 -0.00983723 -0.08138878 -0.03389664 0.09575532 0.13237782 0.02450671 0.01485188 -0.08736583 0.07963986 -0.12456216 0.07651498 0.09358348 0.01908292 0.07856468 0.01707991 0.13187118 -0.02431068 0.01020716 0.11160306 -0.04591452 0.17915218 0.05727337 0.00084541 0.04691803 0.07158255 0.03080566 0.04998260 -0.06233582 -0.02523100 -0.04924442 0.01658739 -0.02945847 -0.11333719 -0.01311523 -0.00261912 0.06571438 0.00894788 -0.06900445
0.00865376 0.14530032 -0.00584833 0.30758688 0.35635465 0.15099577 0.07377979 -0.05075694 0.17607250 0.07791260 0.06557965 0.26812232 0.29212788 0.28272756 1.00000000 0.27980391 0.34985723 0.46742406 0.23941100 0.48177455 0.19553868 0.10686748 0.20761269 -0.00639082 0.35073850 0.45089426 0.06454846 -0.17520590 -0.17406616 -0.06310130 -0.08868773 -0.07840171 0.14670445 0.00137585 0.10470068 0.26177729 -0.07097090 0.17537194 0.00047222 -0.21348380 -0.09058823 -0.15854081 -0.15415905 -0.11639020 0.28406913 -0.00044987 -0.21052527 -0.14639242 0.14628336 -0.28814626 0.04313438 -0.10237510 0.02203791 0.07131282 0.10256148 0.14868564 0.10900351 0.04906060 0.20710952 -0.10963796 0.02639924 0.15856099 0.11369369 0.13350158 0.14123602 -0.08839389 -0.01280631 -0.08987632 0.11895105 -0.09158636 -0.02712234 -0.10091312 -0.10568448 -0.17379069 -0.03797374 -0.02238730 0.12094851 -0.10462823
0.00906058 0.15403968 -0.07446436 0.22362975 0.13057606 0.14809057 -0.05096053 -0.17349938 0.00997363 0.14370862 0.03078616 0.01076613 0.21958469 0.16259134 0.27980391 1.00000000 0.32213882 0.14614153 0.20147755 0.27985626 0.15328782 0.12989892 0.13844777 0.24222644 0.22547828 0.44605760 0.09676525 -0.11723442 -0.15703915 -0.07239249 0.02867824 -0.06413300 0.12408012 0.08407279 0.13323477 0.20096961 -0.04990039 0.12765625 -0.02273218 -0.21183177 0.12318890 -0.04531781 -0.02338732 -0.15950449 0.05462902 -0.09973496 -0.11822939 -0.08376094 -0.00255387 -0.08898717 0.07048618 -0.22846809 0.10668523 0.04606723 0.12973794 0.07525646 0.19659632 0.08313858 0.13824678 0.02387565 0.04601969 0.08359310 0.01979347 0.12255221 0.14460452 -0.13406855 -0.07024309 0.02259182 0.05169566 0.05852698 0.01084649 -0.10110626 -0.20453559 -0.11815752 -0.15834270 0.05809351 0.19450710 -0.25993990
0.08389668 0.13137078 -0.28872615 0.35516895 0.13175697 0.15318896 -0.08195002 -0.25405486 0.06975481 0.08825517 0.07839328 -0.06273732 0.26574857 0.21202192 0.34985723 0.32213882 1.00000000 0.28383012 0.26583491 0.47367546 0.13323785 0.12244029 0.14584908 0.03204813 0.34512444 0.52925592 0.11415767 -0.21776099 -0.03608751 0.00509144 -0.15191942 -0.19828986 0.20198006 -0.01157069 0.24275022 0.30973918 -0.17754409 0.11887400 -0.18086984 -0.31167196 -0.00676185 -0.19492802 -0.07239381 -0.38186402 0.03399287 -0.24323551 -0.26747254 -0.22135341 0.02644558 -0.26578834 0.16080944 -0.25621213 -0.01409041 0.11134192 0.08238564 0.24126856 0.17129652 -0.00902925 0.20942497 -0.14457527 0.16287319 0.13523639 -0.01018477 0.06589545 0.33484895 -0.10695610 -0.15486817 -0.08182686 -0.03753706 0.01115901 0.02675475 -0.14350683 -0.27832193 -0.27368663 -0.01239172 0.10231067 0.13121043 -0.26216712
-0.05225927 -0.04378006 0.11927257 0.14405272 0.32080055 0.25214237 0.17220173 0.06259655 0.21078620 0.01101890 0.03527495 0.22328967 0.19203259 0.15944431 0.46742406 0.14614153 0.28383012 1.00000000 0.08429363 0.37059491 0.32637124 0.16859723 0.05450538 0.15598385 0.23240452 0.32790154 0.07060577 -0.01619783 -0.12925033 0.03845216 -0.14230651 0.01064095 0.04340283 0.09017249 0.03617050 0.22738803 -0.00312364 0.29837726 0.16548413 -0.38499817 -0.35499398 -0.25655321 -0.13845218 -0.11492082 0.37617610 0.23340850 -0.39924894 -0.00057255 0.23824694 -0.45037437 0.20836566 -0.25168537 0.08244490 -0.15855383 0.27566935 0.13663905 0.34207868 0.05113730 0.19636172 -0.12540061 -0.22679171 0.19661013 0.12391505 0.07145161 0.13294921 -0.19594711 -0.12116047 -0.27849736 0.32120363 -0.24309157 -0.28592178 -0.10346530 -0.09160825 -0.29479990 -0.13737256 -0.27962489 0.20813578 -0.22743761
0.09372244 0.08710007 -0.25701270 0.16984824 0.01325127 -0.01403293 -0.15291231 -0.02881416 -0.01660580 0.10306432 0.09757982 -0.11249162 0.18938211 0.34187240 0.23941100 0.20147755 0.26583491 0.08429363 1.00000000 0.39096177 0.12163463 0.20022443 0.27383321 -0.00259932 0.27644875 0.38914391 0.02047464 -0.15001011 0.15633968 0.00150113 -0.06011138 -0.16673709 0.05100078 -0.06298571 0.12015004 -0.02588371 -0.16195028 -0.12484776 -0.17295783 0.10730963 0.12072286 -0.08171119 0.09975144 0.07191737 -0.02586178 -0.05254238 0.05402245 -0.12230257 0.02826314 -0.09020068 0.15013627 0.15460886 0.04961116 0.22372630 0.04523840 0.15458889 0.02569563 0.06850076 0.10965359 -0.09052185 0.25210506 0.10846976 -0.01540366 0.16668957 0.11182460 0.01819951 0.08929985 0.04870265 -0.10884909 -0.03035501 -0.01152896 -0.05306745 -0.16246341 0.03968070 0.02922500 -0.00259559 -0.12051666 0.04595589
0.08602422 0.17983007 -0.20131143 0.32563936 0.24586458 0.09844622 -0.02110805 -0.10901816 0.12136094 0.09157171 0.15160882 0.06140493 0.29868693 0.31513832 0.48177455 0.27985626 0.47367546 0.37059491 0.39096177 1.00000000 0.14804813 0.25078172 0.19215513 -0.01245113 0.29118747 0.45662333 0.08989472 -0.22392257 0.02926877 -0.02154922 -0.08757117 -0.17839122 0.10207181 -0.02182369 0.14291882 0.22485076 -0.15516488 0.09806730 -0.20945897 -0.14174341 0.02126283 -0.10383599 -0.15641450 -0.17105907 0.12160066 -0.11003407 -0.11293019 -0.11837445 0.07531735 -0.25985107 0.13420225 -0.06031720 0.05063255 0.13905767 0.12630417 0.27193691 0.17288486 0.08622577 0.29674896 -0.12773141 0.19995041 0.14714759 0.02819348 0.14541873 0.27151723 -0.10156831 -0.07736888 -0.05480663 0.02429799 0.00482833 -0.03925951 -0.09446277 -0.21729186 -0.16441486 -0.09672427 -0.02074967 0.07543382 -0.12743280
-0.10667379 0.03156116 0.07597367 0.07507035 0.13107672 0.23932202 0.10388411 -0.05932993 0.16800116 0.06843798 0.07363840 0.11836448 0.07985681 0.02264386 0.19553868 0.15328782 0.13323785 0.32637124 0.12163463 0.14804813 1.00000000 0.12037603 0.03872002 0.28903231 0.32461771 0.31415998 -0.05687214 0.01850524 -0.10191980 0.10258813 -0.10388807 -0.00787282 -0.10097814 0.01614109 -0.02172434 0.06963413 0.04148905 0.09425261 0.05471403 -0.24822758 -0.23162924 -0.21430992 0.04919538 -0.08635321 0.01737946 0.14871827 -0.28103134 0.01081102 0.06369255 -0.22591339 -0.02955651 -0.31972825 0.05971674 -0.18881487 0.07211003 -0.15297365 0.09916150 0.01677855 -0.02485108 -0.15363331 -0.16359365 -0.02319286 -0.12741504 -0.05647548 -0.03870815 -0.20703182 -0.05262974 -0.11701676 -0.00299660 -0.07085044 -0.15178298 -0.07983973 0.01908657 -0.09210189 -0.16060539 -0.15888012 0.06563750 -0.21496642
-0.05225530 0.00556362 0.02219571 0.04732476 0.03546014 0.00045484 0.12868451 -0.07120659 0.14149635 0.07081867 0.04884565 0.07162867 0.10144439 0.17693518 0.10686748 0.12989892 0.12244029 0.16859723 0.20022443 0.25078172 0.12037603 1.00000000 0.20955596 0.09264414 0.07671445 0.09905036 -0.11559173 0.08086939 0.00731372 0.00625850 -0.10403439 -0.00807265 -0.05614910 -0.05562998 0.03435663 -0.12776870 0.04296969 -0.04248143 0.02865742 0.02666594 -0.07123406 -0.08634525 -0.11891645 0.11286799 0.13091614 0.05112999 0.00024791 0.01888839 0.02307692 -0.08310744 0.01567905 0.12822813 0.04301739 0.03749291 0.09042563 0.04693720 0.18758518 0.02514602 0.05636393 0.03159442 -0.00358702 -0.05777862 0.08442637 0.10240958 0.04076363 0.03011381 -0.00153314 0.05486441 0.08152458 -0.03142081 -0.05406476 0.05048794 0.03501398 0.05577158 -0.01111751 -0.11151375 -0.10897997 0.07711757
0.06545580 0.02780619 -0.01758971 -0.14306377 -0.02049445 -0.18721703 0.07293026 0.05398088 0.09792406 -0.11433808 0.05586489 0.07113368 -0.04579477 0.18258270 0.20761269 0.13844777 0.14584908 0.05450538 0.27383321 0.19215513 0.03872002 0.20955596 1.00000000 0.06293456 0.04361985 -0.00011978 -0.11722837 0.09531115 0.07070787 0.07788743 0.21105556 0.09120730 0.02267948 0.06722756 0.18826885 0.00390015 -0.10297847 -0.14746172 0.10228452 0.14565859 -0.00517122 -0.03085646 -0.10662210 0.16619901 0.01263925 0.01266854 0.19416617 0.03903546 -0.05478007 0.10605822 -0.02417372 0.19096392 -0.03824754 0.06460034 -0.10763170 -0.04574737 -0.00114006 -0.06296780 -0.07534879 -0.00529563 0.07096651 -0.04804044 0.05291506 0.03947173 -0.07932804 0.16150420 0.06612837 0.04662680 -0.00725764 -0.00517739 0.10227830 0.03931138 0.08130745 0.17929202 0.06633092 -0.04140576 -0.20576586 0.23542351
-0.06038844 -0.04229726 0.18915219 -0.03019991 -0.04641164 0.16049756 0.00558600 0.02309791 0.08465385 0.08533304 0.10049710 -0.03692331 -0.10971204 -0.01060316 -0.00639082 0.24222644 0.03204813 0.15598385 -0.00259932 -0.01245113 0.28903231 0.09264414 0.06293456 1.00000000 0.01667778 -0.00353335 -0.00560097 0.17725216 -0.02460233 0.21145725 0.05313349 0.09361080 -0.03922955 0.00788224 0.03514063 0.04574587 0.05925338 0.04081281 0.19615619 -0.12174486 -0.02066393 0.03901013 0.08482955 -0.05810060 -0.08015957 0.09372377 -0.04271360 0.21166325 -0.00012541 0.05767849 -0.12403434 -0.16721081 0.17683902 -0.07416176 -0.01552473 -0.15023287 0.05494346 0.04270639 -0.08625226 -0.01137966 -0.09053383 -0.03850967 -0.02896653 -0.03529983 -0.13714850 -0.10979630 -0.06796645 -0.12752926 0.02806484 -0.05286024 -0.11482666 -0.05198200 0.01144040 0.01164301 -0.13366687 -0.05845857 0.03977927 -0.08894608
-0.10488091 0.08747295 -0.17876188 0.27459405 0.15711665 0.07847715 -0.00402428 -0.19996960 0.03555684 0.15140784 -0.02443616 -0.09916359 0.18201392 0.31058086 0.35073850 0.22547828 0.34512444 0.23240452 0.27644875 0.29118747 0.32461771 0.07671445 0.04361985 0.01667778 1.00000000 0.55668064 0.04073328 -0.20913637 -0.01917400 -0.00840837 -0.14404540 -0.11971437 0.02746806 -0.10787618 0.13793355 0.14266956 -0.06333581 0.19112412 -0.13171040 -0.24410126 -0.14236758 -0.21417835 -0.03213030 -0.24170867 0.04284317 -0.03819197 -0.31225349 -0.15606754 0.03759437 -0.27794415 0.18324830 -0.19670428 0.04792489 -0.00097317 0.05985896 0.11187518 0.03909131 0.07776927 0.18539590 -0.20558144 0.15384958 0.07801312 -0.03778128 0.08716288 0.08599310 -0.22988452 -0.08743212 -0.10763133 0.02510371 -0.07578301 -0.06261841 -0.18609490 -0.18391165 -0.17366319 -0.02584961 -0.05742014 0.12165718 -0.22205280
-0.07645638 0.25793106 -0.23403272 0.52530045 0.32082329 0.18942925 -0.03816995 -0.24245492 0.00234965 0.22923650 0.08260378 -0.01925800 0.38923608 0.35708758 0.45089426 0.44605760 0.52925592 0.32790154 0.38914391 0.45662333 0.31415998 0.09905036 -0.00011978 -0.00353335 0.55668064 1.00000000 0.16183286 -0.35824867 -0.12217933 -0.06425554 -0.18752494 -0.27222975 0.14381458 -0.05958320 0.17276472 0.28263594 -0.14652238 0.28115385 -0.27166475 -0.37050805 -0.03447877 -0.17413515 -0.01637828 -0.35072912 0.12183786 -0.20292043 -0.40865861 -0.29426075 0.16048017 -0.36424613 0.24306934 -0.30361051 -0.00446382 0.09590461 0.13636579 0.19757018 0.15944154 0.06855592 0.29167811 -0.17000547 0.13747556 0.13727219 -0.06492123 0.17391367 0.28937104 -0.25402030 -0.16332996 -0.06026976 0.00389271 -0.00583735 -0.05389942 -0.18504043 -0.33736798 -0.29222241 -0.08097155 0.06868470 0.30604757 -0.34219377
-0.09651477 0.07571613 -0.08280588 0.12674458 0.11056976 0.00864086 0.04318593 -0.02896187 0.08752300 0.07215349 0.00207159 0.01412426 0.15474110 0.05434601 0.06454846 0.09676525 0.11415767 0.07060577 0.02047464 0.08989472 -0.05687214 -0.11559173 -0.11722837 -0.00560097 0.04073328 0.16183286 1.00000000 -0.05659806 0.11721232 0.07632034 -0.00064888 -0.03208472 0.28584420 0.08997968 0.19929118 0.22705319 0.12662939 0.28567843 -0.11341291 -0.08828479 -0.02361216 0.02004312 -0.01019944 -0.13408656 0.09469030 -0.14333566 -0.09334134 -0.11790834 0.09229515 -0.20011227 0.05504102 -0.12888585 0.01580797 0.08608026 0.05613397 0.16069245 0.15217500 0.06883331 0.16780316 -0.12038340 0.00863983 0.17183083 0.03113673 0.03090961 0.19308170 -0.14121398 -0.10776448 -0.05675070 0.09166960 -0.04229016 -0.09958015 -0.02430087 -0.08386815 -0.24277475 0.03127393 0.00055140 0.17217163 -0.09304630
-0.06774336 -0.13311893 0.22682938 -0.29565750 -0.12527683 -0.11484468 0.08880430 0.10857690 0.01771906 -0.06864454 0.01956001 0.02681416 -0.22939643 -0.21147296 -0.17520590 -0.11723442 -0.21776099 -0.01619783 -0.15001011 -0.22392257 0.01850524 0.08086939 0.09531115 0.17725216 -0.20913637 -0.35824867 -0.05659806 1.00000000 0.31134179 0.38454276 0.35722194 0.46859436 0.10887124 0.20148126 0.15161537 0.04042512 0.40227307 -0.00495019 0.38468311 0.07811176 -0.05077027 0.11495572 0.04308982 0.20263027 -0.04923947 0.13803526 0.18567166 0.23669921 0.03766635 0.19959076 -0.20311689 0.13366260 0.12450413 -0.03140099 -0.13713987 -0.20250971 -0.08173904 -0.07262252 -0.27542459 0.09303977 -0.13051315 -0.14832029 0.00800691 -0.18080966 -0.17971141 0.21904369 0.07957340 0.03172726 0.21294474 -0.01014794 0.06959426 0.23499359 0.30636548 0.26396492 0.09216105 -0.03110634 -0.12636122 0.24336693
0.10440142 0.01487667 -0.15766302 -0.15515392 -0.18250638 -0.17336840 -0.06662139 0.06372519 -0.10916912 -0.06510617 0.12674091 -0.12800307 -0.09430674 0.04999154 -0.17406616 -0.15703915 -0.03608751 -0.12925033 0.15633968 0.02926877 -0.10191980 0.00731372 0.07070787 -0.02460233 -0.01917400 -0.12217933 0.11721232 0.31134179 1.00000000 0.26416311 0.25294660 0.13265925 0.02889228 0.14886711 0.26986958 -0.03999682 0.09141181 -0.06899279 0.06128556 0.23340097 0.10538814 0.01133616 0.02482526 0.04471434 -0.19234044 -0.14711880 0.19396364 0.05737406 -0.12098224 0.18314559 -0.09450154 0.18391737 0.03965985 0.11403987 -0.08879218 -0.01395966 -0.07964052 0.01484807 -0.02317170 -0.01268605 0.15138206 -0.11405373 -0.06242612 -0.08080214 -0.00121385 0.12127529 0.06697320 0.02486428 -0.09244030 0.09939269 0.09962687 0.18256507 0.02764577 0.08462216 0.06147531 0.08346359 -0.12432678 0.12216955
-0.05259936 -0.09329298 -0.06146923 -0.15716707 -0.08081753 -0.01877933 0.02635082 -0.00768911 0.01194855 -0.03262682 0.01783825 -0.11542523 -0.22168967 0.03482739 -0.06310130 -0.07239249 0.00509144 0.03845216 0.00150113 -0.02154922 0.10258813 0.00625850 0.07788743 0.21145725 -0.00840837 -0.06425554 0.07632034 0.38454276 0.26416311 1.00000000 0.31102955 0.24401812 0.19018269 0.16142135 0.22443510 0.07402367 0.27381619 -0.06565425 0.29883391 0.00815967 0.06833757 0.05282579 0.04344171 0.01520365 -0.07489388 0.03733084 0.04942050 0.09472105 0.05291948 0.15340363 -0.15444042 -0.01238824 0.17512766 0.04368432 -0.07198068 -0.07377416 0.00517371 -0.05599239 -0.09927435 -0.04632343 -0.01758370 -0.08672106 0.03038871 -0.15275061 -0.02797064 0.13974758 0.00827639 -0.10751927 -0.09344937 0.00420757 0.02134644 0.14261188 0.09599971 0.18710586 -0.05467343 -0.02187208 -0.06434707 0.14504575
0.08352988 -0.05888327 0.05871681 -0.16301235 -0.05287589 -0.10375007 0.07973072 0.09702416 0.05963674 -0.06175988 0.06500953 0.02107964 -0.15991894 -0.05996408 -0.08868773 0.02867824 -0.15191942 -0.14230651 -0.06011138 -0.08757117 -0.10388807 -0.10403439 0.21105556 0.05313349 -0.14404540 -0.18752494 -0.00064888 0.35722194 0.25294660 0.31102955 1.00000000 0.46474141 0.18158389 0.32151831 0.24922905 0.10749907 0.24204708 -0.06796767 0.34380127 0.08845298 0.07320067 0.06213281 0.00911307 0.10751801 -0.05219459 0.01833939 0.17776663 0.20516559 -0.00353468 0.22648256 -0.18479616 0.09201041 0.09998323 0.09787502 -0.15980196 -0.05548773 -0.01595152 -0.03754749 -0.12890269 0.00546798 0.03932554 -0.13788817 0.00318376 -0.07707972 -0.07721880 0.22491358 0.07786165 -0.05296802 -0.03962923 0.11014439 0.11399095 0.11316555 0.08639456 0.17684646 -0.01944898 0.06713645 -0.12263701 0.21283224
-0.06884005 -0.16480907 0.27547764 -0.21922780 -0.00654102 -0.03712072 0.18424802 0.13143296 0.06018016 -0.08500082 -0.07219658 0.13487006 -0.09062881 -0.16301852 -0.07840171 -0.06413300 -0.19828986 0.01064095 -0.16673709 -0.17839122 -0.00787282 -0.00807265 0.09120730 0.09361080 -0.11971437 -0.27222975 -0.03208472 0.46859436 0.13265925 0.24401812 0.46474141 1.00000000 0.16605342 0.37722785 0.13366449 0.15292036 0.36205442 0.15251878 0.43141857 0.02877699 -0.12449105 0.06542484 0.02526116 0.17229786 0.08652739 0.17929598 0.09178592 0.23540460 0.11524865 0.14441313 -0.08567712 0.09526666 0.09754623 -0.15128587 -0.10731823 -0.07420641 -0.01939151 -0.07262221 -0.21747644 0.00783747 -0.14330857 -0.07571730 0.15084730 -0.18291168 -0.13962813 0.14428474 0.07358115 -0.03932354 0.18591119 -0.02521324 -0.02210438 0.10741064 0.26931001 0.10480769 0.00313544 -0.16444795 -0.05619809 0.16622160
-0.00575601 0.04212522 -0.11188706 0.13129024 0.13560751 -0.08232146 0.01259296 -0.08325856 0.02826503 -0.02955286 -0.06663816 0.00394508 0.16890868 0.08713298 0.14670445 0.12408012 0.20198006 0.04340283 0.05100078 0.10207181 -0.10097814 -0.05614910 0.02267948 -0.03922955 0.02746806 0.14381458 0.28584420 0.10887124 0.02889228 0.19018269 0.18158389 0.16605342 1.00000000 0.26981727 0.33616761 0.38107605 0.18514829 0.21646224 0.00586266 -0.02751659 0.06631174 0.01197721 0.02230865 -0.03086095 0.07617350 -0.08684135 0.01625758 -0.03078642 0.11239217 -0.08535859 0.03192079 0.06134322 0.11452317 0.20680701 -0.03000453 0.09849991 0.11293760 0.00958522 0.07844402 -0.05576324 0.03515962 0.09714494 0.09443134 0.05483949 0.24226805 0.14872151 -0.00023798 0.01606264 0.15062583 -0.01968623 0.05927142 -0.00324507 -0.04106683 -0.00760234 0.11620703 0.09168998 0.03711130 0.04759575
-0.00566586 -0.04200064 0.05293243 -0.14831552 0.01992940 -0.05437805 0.07453622 0.05380674 0.01109976 -0.10954786 -0.08375972 0.07913099 -0.01535138 -0.06022463 0.00137585 0.08407279 -0.01157069 0.09017249 -0.06298571 -0.02182369 0.01614109 -0.05562998 0.06722756 0.00788224 -0.10787618 -0.05958320 0.08997968 0.20148126 0.14886711 0.16142135 0.32151831 0.37722785 0.26981727 1.00000000 0.07171922 0.24129298 0.17826723 0.15409405 0.26557200 -0.12788804 -0.03547178 -0.00879791 -0.00088008 0.05849091 0.10418338 0.08674209 -0.02172634 0.12276352 0.00040783 -0.01149626 0.08333795 -0.03228340 0.03290831 -0.08910982 0.00471055 -0.01592427 0.10240658 -0.05810270 -0.11825966 0.03042749 -0.07624167 0.01316488 0.02700368 -0.15712125 -0.00542733 0.14195350 -0.07233751 -0.05270921 0.14791631 0.05533076 0.02861113 0.02648055 0.11478201 -0.05114111 -0.05305324 -0.05811383 0.08370061 0.02009067
0.04142936 0.07092134 -0.11761783 0.15735393 0.09587155 -0.08118791 -0.03444537 -0.05950096 0.01478246 -0.02975981 0.12516825 -0.02234840 0.10258788 0.11604262 0.10470068 0.13323477 0.24275022 0.03617050 0.12015004 0.14291882 -0.02172434 0.03435663 0.18826885 0.03514063 0.13793355 0.17276472 0.19929118 0.15161537 0.26986958 0.22443510 0.24922905 0.13366449 0.33616761 0.07171922 1.00000000 0.29285723 0.17889699 0.05364942 0.11640321 0.09264929 0.08275824 -0.04837407 -0.12802449 -0.06323345 -0.04563882 -0.28336040 0.10385761 -0.06517358 -0.00873490 -0.04471775 -0.03501693 0.08199867 0.12464749 0.26409770 -0.00797188 0.12684579 0.12900919 0.08449787 0.04903511 -0.03249051 0.18366337 0.10043906 0.06986784 0.07667593 0.24614197 0.16969168 0.06808022 0.01851907 0.09043908 0.03255903 0.07323347 0.03254917 -0.11127467 0.01934951 0.11853585 0.09211060 -0.03899743 0.13654934
-0.08799081 -0.06547096 -0.02161085 0.24382989 0.27018697 0.11364893 0.11461584 -0.12245059 0.07291845 0.00559623 -0.03932467 0.03760351 0.20751503 0.03237835 0.26177729 0.20096961 0.30973918 0.22738803 -0.02588371 0.22485076 0.06963413 -0.12776870 0.00390015 0.04574587 0.14266956 0.28263594 0.22705319 0.04042512 -0.03999682 0.07402367 0.10749907 0.15292036 0.38107605 0.24129298 0.29285723 1.00000000 0.16694741 0.38190910 0.04255407 -0.33426643 -0.16496767 -0.14624385 -0.04002776 -0.25723300 0.20557975 -0.01713768 -0.26703728 0.01491446 0.18032495 -0.31989287 0.06403517 -0.27748032 0.19070872 0.06265758 0.05868037 0.11096406 0.27764225 0.09488522 0.18285744 -0.14845257 -0.13355060 0.17799713 0.13957570 0.03768068 0.25264799 -0.06914047 -0.10997180 -0.21184511 0.15134580 -0.10141621 -0.08229574 -0.14992830 -0.11094076 -0.23760850 -0.07954268 0.01570058 0.24422124 -0.22035821
-0.09598806 -0.16447679 0.14088305 -0.13059578 -0.03352832 -0.02538108 0.16831871 0.02609227 -0.02619378 0.01931138 -0.09492487 -0.00417028 -0.04635455 -0.11056124 -0.07097090 -0.04990039 -0.17754409 -0.00312364 -0.16195028 -0.15516488 0.04148905 0.04296969 -0.10297847 0.05925338 -0.06333581 -0.14652238 0.12662939 0.40227307 0.09141181 0.27381619 0.24204708 0.36205442 0.18514829 0.17826723 0.17889699 0.16694741 1.00000000 0.24157218 0.24088256 0.01763209 -0.12668781 0.03915967 0.00735375 0.03420237 0.07919595 0.11135631 0.03198724 0.15246444 0.11109959 0.04361564 -0.14653129 0.01471235 0.09188965 -0.05145520 -0.08183831 -0.08925773 -0.02733514 -0.07200309 -0.15653596 -0.06524270 -0.25631437 -0.12416932 0.09147861 -0.16942585 -0.09553951 0.08585101 0.11822976 -0.15247807 0.20404687 -0.08166006 -0.03792168 0.14206301 0.23009937 0.08062808 0.06838939 -0.04945858 -0.01992443 0.19003419
-0.15039965 -0.03142706 0.06996830 0.19772661 0.26556147 0.19706050 0.14170845 -0.06917895 0.06841765 0.16802530 -0.14938863 0.03311461 0.28748212 0.04091893 0.17537194 0.12765625 0.11887400 0.29837726 -0.12484776 0.09806730 0.09425261 -0.04248143 -0.14746172 0.04081281 0.19112412 0.28115385 0.28567843 -0.00495019 -0.06899279 -0.06565425 -0.06796767 0.15251878 0.21646224 0.15409405 0.05364942 0.38190910 0.24157218 1.00000000 0.06675001 -0.39205742 -0.39868017 -0.22051429 -0.15752485 -0.21138709 0.34561718 0.09889826 -0.38057176 -0.01501388 0.19255647 -0.41434119 0.23834924 -0.30674825 0.02825116 -0.23444384 0.13291410 0.22305079 0.27587431 0.00759050 0.17662002 -0.15640365 -0.25881845 0.13545071 0.10557910 0.09629219 0.25908109 -0.29563665 -0.14762727 -0.19056427 0.31402931 -0.17969701 -0.25137401 -0.04482717 -0.08850957 -0.41131920 0.00529289 -0.14006102 0.33290251 -0.31443844
0.00550450 -0.19772526 0.31735157 -0.13108462 0.01091360 0.01862470 0.16627670 0.15250034 0.16641120 -0.10478436 -0.08913161 0.21220489 -0.24082295 -0.11901897 0.00047222 -0.02273218 -0.18086984 0.16548413 -0.17295783 -0.20945897 0.05471403 0.02865742 0.10228452 0.19615619 -0.13171040 -0.27166475 -0.11341291 0.38468311 0.06128556 0.29883391 0.34380127 0.43141857 0.00586266 0.26557200 0.11640321 0.04255407 0.24088256 0.06675001 1.00000000 -0.01938378 -0.14273297 -0.02508727 -0.02096758 0.10895418 0.06103759 0.16707324 0.05992626 0.25856959 0.06799528 0.10948758 -0.04200152 -0.00339153 0.09742653 -0.12523924 -0.04440942 -0.13329092 0.04146414 -0.09801530 -0.20810259 0.08549677 -0.21672442 -0.05759102 0.07802556 -0.22811233 -0.15148071 0.11212817 -0.04290201 -0.10161317 0.19821809 0.02212548 -0.02885719 0.11094159 0.23440879 0.06589334 0.01935539 -0.11324807 0.01640820 0.09736288
0.05958036 -0.05467371 -0.03062446 -0.25503184 -0.21121665 -0.31601407 -0.22411296 0.11837108 -0.13318011 -0.11088267 0.01357530 -0.11170797 -0.16310827 0.00640164 -0.21348380 -0.21183177 -0.31167196 -0.38499817 0.10730963 -0.14174341 -0.24822758 0.02666594 0.14565859 -0.12174486 -0.24410126 -0.37050805 -0.08828479 0.07811176 0.23340097 0.00815967 0.08845298 0.02877699 -0.02751659 -0.12788804 0.09264929 -0.33426643 0.01763209 -0.39205742 -0.01938378 1.00000000 0.38079678 0.18106207 0.14009394 0.56061192 -0.18765297 0.04864771 0.73473088 0.13917969 -0.04214659 0.38909846 -0.06399686 0.73276888 -0.10417710 0.29844219 -0.07540987 -0.03978240 -0.30590620 0.00933218 -0.09511745 0.24288235 0.33503648 -0.04960340 0.00991299 0.09081213 -0.09460953 0.41423197 0.31956258 0.22133094 -0.12502868 0.16163999 0.25470348 0.24105204 0.19759894 0.41783512 0.21764035 0.13239142 -0.37995397 0.45386589
0.06830465 0.16951917 -0.19953334 0.04434151 -0.09326027 -0.24215403 -0.25759719 -0.04137655 -0.20910574 0.06077444 0.16900686 -0.19769629 -0.13420093 -0.00983723 -0.09058823 0.12318890 -0.00676185 -0.35499398 0.12072286 0.02126283 -0.23162924 -0.07123406 -0.00517122 -0.02066393 -0.14236758 -0.03447877 -0.02361216 -0.05077027 0.10538814 0.06833757 0.07320067 -0.12449105 0.06631174 -0.03547178 0.08275824 -0.16496767 -0.12668781 -0.39868017 -0.14273297 0.38079678 1.00000000 0.29548276 0.26312949 0.13711994 -0.36866504 -0.30374315 0.45472857 -0.10597346 -0.19752203 0.49438906 -0.06740570 0.29903203 0.03264671 0.39074330 -0.09589438 -0.02817408 -0.22117114 0.10422113 0.01218449 0.18050478 0.40110073 -0.15264596 -0.07842981 -0.00422497 -0.01589763 0.24565682 0.10480664 0.29903487 -0.26506180 0.28750671 0.33828759 -0.02776606 -0.04117088 0.30510722 0.02976075 0.35366981 -0.16160622 0.15457203
0.09834393 0.05205205 0.09669782 -0.12790491 -0.11873730 -0.11625490 0.02935552 0.14679260 -0.10861333 -0.04874078 0.11360051 -0.05160369 -0.13604627 -0.08138878 -0.15854081 -0.04531781 -0.19492802 -0.25655321 -0.08171119 -0.10383599 -0.21430992 -0.08634525 -0.03085646 0.03901013 -0.21417835 -0.17413515 0.02004312 0.11495572 0.01133616 0.05282579 0.06213281 0.06542484 0.01197721 -0.00879791 -0.04837407 -0.14624385 0.03915967 -0.22051429 -0.02508727 0.18106207 0.29548276 1.00000000 0.19252970 0.01036156 0.04862016 -0.21378150 0.29006012 0.04851248 0.12745486 0.46547445 -0.13216909 0.13557339 -0.07500363 0.04692861 -0.28712791 -0.26619885 -0.19425804 -0.12752849 -0.14788604 -0.02993389 -0.02570663 -0.27708468 0.08423621 -0.18528279 -0.25562409 0.19673507 -0.07573817 0.17064308 -0.12638481 0.21796144 0.26380133 -0.00749159 0.14690702 0.22912047 0.20067322 0.26610786 -0.08547349 0.25676707
-0.00166042 -0.12872608 -0.07344118 -0.14559145 -0.24867112 -0.09781819 -0.10754342 -0.04727763 -0.07439771 -0.10532501 0.13110200 -0.22069229 -0.16057533 -0.03389664 -0.15415905 -0.02338732 -0.07239381 -0.13845218 0.09975144 -0.15641450 0.04919538 -0.11891645 -0.10662210 0.08482955 -0.03213030 -0.01637828 -0.01019944 0.04308982 0.02482526 0.04344171 0.00911307 0.02526116 0.02230865 -0.00088008 -0.12802449 -0.04002776 0.00735375 -0.15752485 -0.02096758 0.14009394 0.26312949 0.19252970 1.00000000 0.21059104 -0.12837116 0.22546749 0.14815304 0.20281416 0.13944703 0.21135763 0.10074872 0.19958212 0.04789870 0.07203748 0.06294460 -0.12617857 -0.12399284 -0.04262059 -0.15567181 0.15230196 0.03043615 -0.03241612 -0.17377674 -0.05314605 -0.12191942 0.12654916 0.22691515 0.04152353 -0.08695778 -0.04335608 0.07243989 -0.03699317 0.07132675 0.27507150 0.02598627 0.00897698 -0.11007972 0.05601209
-0.07915408 -0.18740258 0.14446483 -0.28095422 -0.16750316 -0.18927456 -0.14767654 0.11876434 -0.00886934 -0.19340776 -0.04200591 -0.07090673 -0.26466448 0.09575532 -0.11639020 -0.15950449 -0.38186402 -0.11492082 0.07191737 -0.17105907 -0.08635321 0.11286799 0.16619901 -0.05810060 -0.24170867 -0.35072912 -0.13408656 0.20263027 0.04471434 0.01520365 0.10751801 0.17229786 -0.03086095 0.05849091 -0.06323345 -0.25723300 0.03420237 -0.21138709 0.10895418 0.56061192 0.13711994 0.01036156 0.21059104 1.00000000 -0.00410319 0.48788434 0.53164389 0.24679945 0.12227743 0.13195154 0.00570695 0.65317450 -0.01299199 0.03481367 0.08444995 -0.02801471 -0.24437233 0.05640024 -0.15703051 0.29167897 0.16927552 0.13002911 -0.04178919 0.13013716 -0.16612604 0.26386142 0.32680545 0.15697007 0.04288675 -0.07924358 0.08744082 0.21103256 0.22240237 0.38189207 0.10728648 -0.19228859 -0.35492029 0.33724607
0.05792653 -0.05428278 0.11136345 0.07068820 0.24022435 0.17221303 0.23788402 0.05502871 0.15755332 0.03813614 -0.07323805 0.19950393 0.21365043 0.13237782 0.28406913 0.05462902 0.03399287 0.37617610 -0.02586178 0.12160066 0.01737946 0.13091614 0.01263925 -0.08015957 0.04284317 0.12183786 0.09469030 -0.04923947 -0.19234044 -0.07489388 -0.05219459 0.08652739 0.07617350 0.10418338 -0.04563882 0.20557975 0.07919595 0.34561718 0.06103759 -0.18765297 -0.36866504 0.04862016 -0.12837116 -0.00410319 1.00000000 0.27497050 -0.18470557 0.17855772 0.50771420 -0.36649618 0.23699253 -0.04209721 -0.06776322 -0.13269655 0.11305993 0.07789662 0.22208420 -0.08005238 0.15158213 -0.14506057 -0.26904347 0.15926753 0.17192868 0.09766642 0.08548768 -0.10905863 -0.03695911 -0.23452112 0.22297880 -0.23526976 -0.21583183 -0.08090128 -0.04001201 -0.28965391 -0.00705142 -0.16751715 0.17995806 -0.12927033
-0.14687565 -0.25144390 0.24656539 -0.22357935 -0.04416059 0.06852574 0.07039914 0.13456705 0.08930980 -0.14308129 -0.15109131 0.03713778 -0.15385893 0.02450671 -0.00044987 -0.09973496 -0.24323551 0.23340850 -0.05254238 -0.11003407 0.14871827 0.05112999 0.01266854 0.09372377 -0.03819197 -0.20292043 -0.14333566 0.13803526 -0.14711880 0.03733084 0.01833939 0.17929598 -0.08684135 0.08674209 -0.28336040 -0.01713768 0.11135631 0.09889826 0.16707324 0.04864771 -0.30374315 -0.21378150 0.22546749 0.48788434 0.27497050 1.00000000 -0.05615071 0.44128865 0.33619374 -0.21021111 0.09951005 0.15279332 0.06971306 -0.27354780 0.22586384 -0.07628606 -0.00756187 0.08332329 -0.05367425 0.09641799 -0.22611191 0.16438495 0.03028192 0.06149718 -0.16669833 -0.11337805 0.15509913 -0.24614573 0.14509728 -0.39118612 -0.33601388 0.04097328 0.09162032 0.04927743 -0.17965211 -0.45059506 -0.13275969 -0.02516518
0.15611894 -0.02626119 -0.03081632 -0.24649852 -0.26737590 -0.31222971 -0.20566010 0.08854652 -0.05681665 -0.15342022 0.05422445 -0.15097690 -0.21913793 0.01485188 -0.21052527 -0.11822939 -0.26747254 -0.39924894 0.05402245 -0.11293019 -0.28103134 0.00024791 0.19416617 -0.04271360 -0.31225349 -0.40865861 -0.09334134 0.18567166 0.19396364 0.04942050 0.17776663 0.09178592 0.01625758 -0.02172634 0.10385761 -0.26703728 0.03198724 -0.38057176 0.05992626 0.73473088 0.45472857 0.29006012 0.14815304 0.53164389 -0.18470557 -0.05615071 1.00000000 0.16358548 -0.12056575 0.53218275 -0.11136186 0.68116683 -0.07764346 0.30045849 -0.14107997 -0.08337000 -0.31731059 -0.05402094 -0.19558925 0.23414979 0.37296439 -0.08597080 0.01862675 0.06489355 -0.16286390 0.47914898 0.24277456 0.30416814 -0.12417161 0.23649653 0.39542719 0.18998496 0.23108603 0.47128927 0.29859066 0.28673304 -0.29663872 0.44350230
0.01292797 -0.11699860 0.17069955 -0.26789399 -0.14331387 -0.02954280 0.12133860 0.18219093 0.09039533 -0.15497927 -0.01222954 0.09905462 -0.30562527 -0.08736583 -0.14639242 -0.08376094 -0.22135341 -0.00057255 -0.12230257 -0.11837445 0.01081102 0.01888839 0.03903546 0.21166325 -0.15606754 -0.29426075 -0.11790834 0.23669921 0.05737406 0.09472105 0.20516559 0.23540460 -0.03078642 0.12276352 -0.06517358 0.01491446 0.15246444 -0.01501388 0.25856959 0.13917969 -0.10597346 0.04851248 0.20281416 0.24679945 0.17855772 0.44128865 0.16358548 1.00000000 0.24642623 0.16606826 -0.04502274 0.05800802 0.21540452 -0.00493839 0.08485305 -0.09161377 0.04981623 0.12209846 -0.00935334 0.13017205 -0.09192394 0.07218588 -0.00215634 0.02272381 -0.11246232 -0.00502068 0.12192306 -0.13558340 0.07396021 -0.12689913 -0.12801480 0.09905210 0.14653031 0.03555325 -0.08456799 -0.19111840 0.00117540 0.05941770
0.01068908 -0.08997324 0.13651693 0.05773398 0.10460389 0.09451654 0.14937352 0.05979345 0.16662776 0.02661874 -0.02349941 0.02176045 0.01903854 0.07963986 0.14628336 -0.00255387 0.02644558 0.23824694 0.02826314 0.07531735 0.06369255 0.02307692 -0.05478007 -0.00012541 0.03759437 0.16048017 0.09229515 0.03766635 -0.12098224 0.05291948 -0.00353468 0.11524865 0.11239217 0.00040783 -0.00873490 0.18032495 0.11109959 0.19255647 0.06799528 -0.04214659 -0.19752203 0.12745486 0.13944703 0.12227743 0.50771420 0.33619374 -0.12056575 0.24642623 1.00000000 -0.25280743 0.21896005 0.02405302 0.00018801 -0.05659646 0.04460250 0.00680677 0.05599253 -0.09167818 0.06657427 -0.10792756 -0.18086810 0.07338857 0.00419560 -0.01061182 0.04237019 -0.06009984 0.07671873 -0.21246363 0.13986324 -0.26225111 -0.16588097 -0.05565490 -0.03398352 -0.08619542 0.04003110 -0.16787401 0.03738684 -0.01688728
0.13613682 0.07260078 0.07163343 -0.20443004 -0.24957833 -0.25933917 0.00723740 0.10449450 -0.14252289 -0.02231515 0.16512102 -0.03841187 -0.28486919 -0.12456216 -0.28814626 -0.08898717 -0.26578834 -0.45037437 -0.09020068 -0.25985107 -0.22591339 -0.08310744 0.10605822 0.05767849 -0.27794415 -0.36424613 -0.20011227 0.19959076 0.18314559 0.15340363 0.22648256 0.14441313 -0.08535859 -0.01149626 -0.04471775 -0.31989287 0.04361564 -0.41434119 0.10948758 0.38909846 0.49438906 0.46547445 0.21135763 0.13195154 -0.36649618 -0.21021111 0.53218275 0.16606826 -0.25280743 1.00000000 -0.31413663 0.25435826 -0.00158403 0.17572893 -0.30632282 -0.30552338 -0.32609687 -0.08698466 -0.29784420 0.17020687 0.13474651 -0.41584481 0.02841239 -0.19198619 -0.40141449 0.37765825 0.10005891 0.32643166 -0.23255307 0.31917072 0.45343732 0.13366343 0.31850990 0.49954673 0.13331947 0.38734260 -0.20215264 0.39049587
-0.02106654 -0.00762660 -0.12148177 0.17101664 0.06112935 0.04840917 -0.12847355 -0.07650556 -0.04559425 0.06527202 -0.04516245 -0.11831963 0.17713960 0.07651498 0.04313438 0.07048618 0.16080944 0.20836566 0.15013627 0.13420225 -0.02955651 0.01567905 -0.02417372 -0.12403434 0.18324830 0.24306934 0.05504102 -0.20311689 -0.09450154 -0.15444042 -0.18479616 -0.08567712 0.03192079 0.08333795 -0.03501693 0.06403517 -0.14653129 0.23834924 -0.04200152 -0.06399686 -0.06740570 -0.13216909 0.10074872 0.00570695 0.23699253 0.09951005 -0.11136186 -0.04502274 0.21896005 -0.31413663 1.00000000 0.05747501 -0.08988834 -0.03525633 0.17218667 0.22147108 0.05813232 0.03784306 0.11684186 -0.00017062 0.07698129 0.25459545 -0.11321956 0.15457200 0.20288368 -0.13139879 0.00360922 -0.03800553 0.09767227 -0.12985783 -0.18717490 -0.11191299 -0.22965631 -0.19876091 -0.02967695 -0.16600262 0.09007693 -0.15108276
0.07931393 -0.05166585 -0.01700092 -0.21047300 -0.12641390 -0.29570339 -0.20780175 0.10398194 -0.09944191 -0.16383149 0.02338473 -0.12875291 -0.05879617 0.09358348 -0.10237510 -0.22846809 -0.25621213 -0.25168537 0.15460886 -0.06031720 -0.31972825 0.12822813 0.19096392 -0.16721081 -0.19670428 -0.30361051 -0.12888585 0.13366260 0.18391737 -0.01238824 0.09201041 0.09526666 0.06134322 -0.03228340 0.08199867 -0.27748032 0.01471235 -0.30674825 -0.00339153 0.73276888 0.29903203 0.13557339 0.19958212 0.65317450 -0.04209721 0.15279332 0.68116683 0.05800802 0.02405302 0.25435826 0.05747501 1.00000000 -0.07239092 0.28500926 -0.01207320 0.02032043 -0.26315034 -0.04848814 -0.09580060 0.28070644 0.35666665 0.04699480 0.00558842 0.13545978 -0.10147802 0.41497843 0.38226440 0.21439766 -0.02022003 0.00091704 0.23003713 0.14840401 0.15850309 0.42477353 0.25137633 0.06109763 -0.43865799 0.45288489
-0.01430371 -0.11762384 -0.00493141 0.06760044 0.04014370 -0.00756053 0.03354661 -0.01437640 0.03391599 -0.02288137 -0.09831548 -0.01396035 -0.04748149 0.01908292 0.02203791 0.10668523 -0.01409041 0.08244490 0.04961116 0.05063255 0.05971674 0.04301739 -0.03824754 0.17683902 0.04792489 -0.00446382 0.01580797 0.12450413 0.03965985 0.17512766 0.09998323 0.09754623 0.11452317 0.03290831 0.12464749 0.19070872 0.09188965 0.02825116 0.09742653 -0.10417710 0.03264671 -0.07500363 0.04789870 -0.01299199 -0.06776322 0.06971306 -0.07764346 0.21540452 0.00018801 -0.00158403 -0.08988834 -0.07239092 1.00000000 0.33182586 0.18010286 0.12715500 0.29732864 0.48635617 0.30055155 0.18053634 0.04785016 0.21802651 0.33486213 0.13279682 0.25008429 -0.12781575 -0.10097797 -0.25771034 0.14425286 -0.13280396 -0.21189395 -0.07433358 -0.15500258 -0.08149642 -0.20344405 -0.11747436 0.12508645 -0.10616213
0.13208788 0.05781259 -0.22008829 0.18421770 -0.03677150 -0.17691056 -0.13493187 -0.08145845 -0.06599091 0.02191165 0.07091365 -0.09236830 0.04205212 0.07856468 0.07131282 0.04606723 0.11134192 -0.15855383 0.22372630 0.13905767 -0.18881487 0.03749291 0.06460034 -0.07416176 -0.00097317 0.09590461 0.08608026 -0.03140099 0.11403987 0.04368432 0.09787502 -0.15128587 0.20680701 -0.08910982 0.26409770 0.06265758 -0.05145520 -0.23444384 -0.12523924 0.29844219 0.39074330 0.04692861 0.07203748 0.03481367 -0.13269655 -0.27354780 0.30045849 -0.00493839 -0.05659646 0.17572893 -0.03525633 0.28500926 0.33182586 1.00000000 -0.00455386 0.19773936 0.03866686 0.29560569 0.26105034 0.18513329 0.41271970 0.17120656 0.09360343 0.22243873 0.29184926 0.16930181 0.15145097 0.07617378 -0.00435687 0.06951704 0.20027960 -0.10922377 -0.12792794 0.13615609 0.03098435 0.29241741 -0.08300711 0.17368989
-0.07571443 -0.03264246 -0.09304255 0.10003479 0.06725134 0.13148606 -0.05019607 -0.06174613 0.06771639 -0.08633406 -0.00023680 -0.01444479 0.06574025 0.01707991 0.10256148 0.12973794 0.08238564 0.27566935 0.04523840 0.12630417 0.07211003 0.09042563 -0.10763170 -0.01552473 0.05985896 0.13636579 0.05613397 -0.13713987 -0.08879218 -0.07198068 -0.15980196 -0.10731823 -0.03000453 0.00471055 -0.00797188 0.05868037 -0.08183831 0.13291410 -0.04440942 -0.07540987 -0.09589438 -0.28712791 0.06294460 0.08444995 0.11305993 0.22586384 -0.14107997 0.08485305 0.04460250 -0.30632282 0.17218667 -0.01207320 0.18010286 -0.00455386 1.00000000 0.45610328 0.32474417 0.32738287 0.31949717 0.33760352 0.09850634 0.49155756 0.18639928 0.43824042 0.37290616 -0.21448749 0.01951619 -0.13835498 0.22782337 -0.23129156 -0.28085506 -0.03305006 -0.22469852 -0.24052136 -0.14605722 -0.23803216 0.20780880 -0.18142082
0.04172130 0.02115597 -0.25408637 0.21836248 0.14498268 0.08526204 -0.12108270 -0.02510281 0.10388533 0.01891840 -0.06342873 -0.06921291 0.16394444 0.13187118 0.14868564 0.07525646 0.24126856 0.13663905 0.15458889 0.27193691 -0.15297365 0.04693720 -0.04574737 -0.15023287 0.11187518 0.19757018 0.16069245 -0.20250971 -0.01395966 -0.07377416 -0.05548773 -0.07420641 0.09849991 -0.01592427 0.12684579 0.11096406 -0.08925773 0.22305079 -0.13329092 -0.03978240 -0.02817408 -0.26619885 -0.12617857 -0.02801471 0.07789662 -0.07628606 -0.08337000 -0.09161377 0.00680677 -0.30552338 0.22147108 0.02032043 0.12715500 0.19773936 0.45610328 1.00000000 0.29111550 0.24326642 0.39441675 0.20261443 0.26969439 0.47605649 0.20319914 0.41263495 0.54982969 -0.11066788 0.01438942 -0.07131434 0.15708730 -0.07466348 -0.13294456 0.01300069 -0.29349630 -0.25157790 -0.02706459 -0.03480308 0.18566688 -0.06884567
-0.07023398 -0.04010881 -0.05686707 0.13451953 0.16371244 0.07672707 0.05843403 -0.07809956 0.11675410 -0.03555178 -0.08539837 0.04794828 0.18479716 -0.02431068 0.10900351 0.19659632 0.17129652 0.34207868 0.02569563 0.17288486 0.09916150 0.18758518 -0.00114006 0.05494346 0.03909131 0.15944154 0.15217500 -0.08173904 -0.07964052 0.00517371 -0.01595152 -0.01939151 0.11293760 0.10240658 0.12900919 0.27764225 -0.02733514 0.27587431 0.04146414 -0.30590620 -0.22117114 -0.19425804 -0.12399284 -0.24437233 0.22208420 -0.00756187 -0.31731059 0.04981623 0.05599253 -0.32609687 0.05813232 -0.26315034 0.29732864 0.03866686 0.32474417 0.29111550 1.00000000 0.17558411 0.42666223 0.01116414 -0.25544107 0.19133017 0.33098335 0.15735041 0.40945129 -0.13965135 -0.21025297 -0.26982127 0.21914621 -0.16082262 -0.29312233 -0.10907697 -0.16461178 -0.33545839 -0.12063249 -0.11900359 0.25106661 -0.19617834
-0.15221819 -0.00251836 -0.14853002 0.08948775 0.06319303 -0.05090328 -0.16682393 -0.07293783 -0.08580179 -0.02571876 -0.02247023 -0.05467389 -0.01834690 0.01020716 0.04906060 0.08313858 -0.00902925 0.05113730 0.06850076 0.08622577 0.01677855 0.02514602 -0.06296780 0.04270639 0.07776927 0.06855592 0.06883331 -0.07262252 0.01484807 -0.05599239 -0.03754749 -0.07262221 0.00958522 -0.05810270 0.08449787 0.09488522 -0.07200309 0.00759050 -0.09801530 0.00933218 0.10422113 -0.12752849 -0.04262059 0.05640024 -0.08005238 0.08332329 -0.05402094 0.12209846 -0.09167818 -0.08698466 0.03784306 -0.04848814 0.48635617 0.29560569 0.32738287 0.24326642 0.17558411 1.00000000 0.42349021 0.20831074 0.16950370 0.47440979 0.25284362 0.36130598 0.28355455 -0.22865897 0.00875947 -0.16790337 0.13606301 -0.14993332 -0.23889664 -0.05035027 -0.28092044 -0.17180036 -0.23613282 -0.14217166 0.09213530 -0.16143942
-0.10384243 0.06758507 -0.16042088 0.24214005 0.18753559 0.12213518 -0.08756598 -0.10673234 -0.05806234 0.13073422 -0.10588411 0.02501601 0.20483390 0.11160306 0.20710952 0.13824678 0.20942497 0.19636172 0.10965359 0.29674896 -0.02485108 0.05636393 -0.07534879 -0.08625226 0.18539590 0.29167811 0.16780316 -0.27542459 -0.02317170 -0.09927435 -0.12890269 -0.21747644 0.07844402 -0.11825966 0.04903511 0.18285744 -0.15653596 0.17662002 -0.20810259 -0.09511745 0.01218449 -0.14788604 -0.15567181 -0.15703051 0.15158213 -0.05367425 -0.19558925 -0.00935334 0.06657427 -0.29784420 0.11684186 -0.09580060 0.30055155 0.26105034 0.31949717 0.39441675 0.42666223 0.42349021 1.00000000 0.05252493 0.16394151 0.33723990 0.23116746 0.31927080 0.40776169 -0.32115053 -0.13289417 -0.32882299 0.06156320 -0.16564964 -0.27427200 -0.08370982 -0.40561499 -0.33015735 -0.21857257 -0.09168384 0.10899075 -0.30656202
0.01230501 -0.04865516 0.11925044 -0.06703481 -0.11169505 -0.06512092 -0.16236880 0.05451675 -0.03375170 -0.10964885 0.00241710 -0.02409140 -0.11767010 -0.04591452 -0.10963796 0.02387565 -0.14457527 -0.12540061 -0.09052185 -0.12773141 -0.15363331 0.03159442 -0.00529563 -0.01137966 -0.20558144 -0.17000547 -0.12038340 0.09303977 -0.01268605 -0.04632343 0.00546798 0.00783747 -0.05576324 0.03042749 -0.03249051 -0.14845257 -0.06524270 -0.15640365 0.08549677 0.24288235 0.18050478 -0.02993389 0.15230196 0.29167897 -0.14506057 0.09641799 0.23414979 0.13017205 -0.10792756 0.17020687 -0.00017062 0.28070644 0.18053634 0.18513329 0.33760352 0.20261443 0.01116414 0.20831074 0.05252493 1.00000000 0.26680746 0.22725317 0.02752448 0.26021543 0.14458470 0.09282579 0.12305217 0.17983083 0.11273286 0.10872169 0.07734072 0.16724946 0.09198951 0.17180989 -0.00831749 0.03247184 -0.02508486 0.06819000
0.10043499 0.14863992 -0.21173821 0.13344842 -0.02434111 -0.15122687 -0.27034571 -0.05337898 -0.09925815 0.01745556 0.04039171 -0.12645318 0.04082252 0.17915218 0.02639924 0.04601969 0.16287319 -0.22679171 0.25210506 0.19995041 -0.16359365 -0.00358702 0.07096651 -0.09053383 0.15384958 0.13747556 0.00863983 -0.13051315 0.15138206 -0.01758370 0.03932554 -0.14330857 0.03515962 -0.07624167 0.18366337 -0.13355060 -0.25631437 -0.25881845 -0.21672442 0.33503648 0.40110073 -0.02570663 0.03043615 0.16927552 -0.26904347 -0.22611191 0.37296439 -0.09192394 -0.18086810 0.13474651 0.07698129 0.35666665 0.04785016 0.41271970 0.09850634 0.26969439 -0.25544107 0.16950370 0.16394151 0.26680746 1.00000000 0.20648073 -0.02125538 0.28723125 0.22007066 0.13850471 0.14109288 0.19526085 -0.15817455 0.15700567 0.24313217 -0.01642378 -0.10044899 0.17650638 0.07171280 0.20412660 -0.12879971 0.09879686
-0.07397442 -0.05924886 -0.12593038 0.09963372 0.15808336 -0.01909539 -0.14068709 -0.04682355 0.03570528 -0.14393975 -0.13695340 0.00250944 0.10563156 0.05727337 0.15856099 0.08359310 0.13523639 0.19661013 0.10846976 0.14714759 -0.02319286 -0.05777862 -0.04804044 -0.03850967 0.07801312 0.13727219 0.17183083 -0.14832029 -0.11405373 -0.08672106 -0.13788817 -0.07571730 0.09714494 0.01316488 0.10043906 0.17799713 -0.12416932 0.13545071 -0.05759102 -0.04960340 -0.15264596 -0.27708468 -0.03241612 0.13002911 0.15926753 0.16438495 -0.08597080 0.07218588 0.07338857 -0.41584481 0.25459545 0.04699480 0.21802651 0.17120656 0.49155756 0.47605649 0.19133017 0.47440979 0.33723990 0.22725317 0.20648073 1.00000000 0.11684706 0.41695945 0.41856228 -0.23413177 0.06123617 -0.16512252 0.25861660 -0.23112069 -0.33086670 -0.08460856 -0.28842849 -0.41946173 -0.20417754 -0.30640961 0.10200710 -0.22690012
0.01733044 -0.02425781 0.06584177 0.03110783 0.13227837 -0.08205657 0.12745040 0.04364279 0.06468451 -0.05013080 -0.14663138 0.07412972 0.04267924 0.00084541 0.11369369 0.01979347 -0.01018477 0.12391505 -0.01540366 0.02819348 -0.12741504 0.08442637 0.05291506 -0.02896653 -0.03778128 -0.06492123 0.03113673 0.00800691 -0.06242612 0.03038871 0.00318376 0.15084730 0.09443134 0.02700368 0.06986784 0.13957570 0.09147861 0.10557910 0.07802556 0.00991299 -0.07842981 0.08423621 -0.17377674 -0.04178919 0.17192868 0.03028192 0.01862675 -0.00215634 0.00419560 0.02841239 -0.11321956 0.00558842 0.33486213 0.09360343 0.18639928 0.20319914 0.33098335 0.25284362 0.23116746 0.02752448 -0.02125538 0.11684706 1.00000000 0.10064132 0.13858230 -0.02152015 -0.14666795 -0.20262893 0.16184748 -0.15220101 -0.10110809 -0.06561409 -0.04392396 -0.06937418 0.00082478 -0.02646321 0.11476970 0.05805598
0.00811531 0.04107580 -0.17951723 0.11325649 0.03192038 -0.04501274 -0.11415642 -0.04681678 -0.01990123 0.02162221 0.06000333 -0.08827404 0.06352754 0.04691803 0.13350158 0.12255221 0.06589545 0.07145161 0.16668957 0.14541873 -0.05647548 0.10240958 0.03947173 -0.03529983 0.08716288 0.17391367 0.03090961 -0.18080966 -0.08080214 -0.15275061 -0.07707972 -0.18291168 0.05483949 -0.15712125 0.07667593 0.03768068 -0.16942585 0.09629219 -0.22811233 0.09081213 -0.00422497 -0.18528279 -0.05314605 0.13013716 0.09766642 0.06149718 0.06489355 0.02272381 -0.01061182 -0.19198619 0.15457200 0.13545978 0.13279682 0.22243873 0.43824042 0.41263495 0.15735041 0.36130598 0.31927080 0.26021543 0.28723125 0.41695945 0.10064132 1.00000000 0.35935541 -0.12180361 0.11505291 0.00785782 0.14180437 -0.08924944 -0.11745194 0.08246072 -0.20421421 -0.12692992 -0.05839489 -0.01675610 0.07842837 -0.06779449
0.00557051 -0.04814087 -0.31829262 0.29486833 0.14331507 0.04959198 -0.18779615 -0.21826417 0.02092294 0.05673337 -0.15637337 -0.12268585 0.26365458 0.07158255 0.14123602 0.14460452 0.33484895 0.13294921 0.11182460 0.27151723 -0.03870815 0.04076363 -0.07932804 -0.13714850 0.08599310 0.28937104 0.19308170 -0.17971141 -0.00121385 -0.02797064 -0.07721880 -0.13962813 0.24226805 -0.00542733 0.24614197 0.25264799 -0.09553951 0.25908109 -0.15148071 -0.09460953 -0.01589763 -0.25562409 -0.12191942 -0.16612604 0.08548768 -0.16669833 -0.16286390 -0.11246232 0.04237019 -0.40141449 0.20288368 -0.10147802 0.25008429 0.29184926 0.37290616 0.54982969 0.40945129 0.28355455 0.40776169 0.14458470 0.22007066 0.41856228 0.13858230 0.35935541 1.00000000 -0.19297934 -0.01401993 -0.15950002 0.12366618 -0.12777910 -0.23059899 -0.10814057 -0.36533457 -0.34977222 -0.08759801 -0.06070443 0.18992594 -0.28976285
0.16124077 -0.01596751 0.05722873 -0.18196778 -0.08212461 -0.18901565 -0.02253685 0.09486042 0.06645160 -0.06407962 0.17619256 -0.02082135 -0.07525348 0.03080566 -0.08839389 -0.13406855 -0.10695610 -0.19594711 0.01819951 -0.10156831 -0.20703182 0.03011381 0.16150420 -0.10979630 -0.22988452 -0.25402030 -0.14121398 0.21904369 0.12127529 0.13974758 0.22491358 0.14428474 0.14872151 0.14195350 0.16969168 -0.06914047 0.08585101 -0.29563665 0.11212817 0.41423197 0.24565682 0.19673507 0.12654916 0.26386142 -0.10905863 -0.11337805 0.47914898 -0.00502068 -0.06009984 0.37765825 -0.13139879 0.41497843 -0.12781575 0.16930181 -0.21448749 -0.11066788 -0.13965135 -0.22865897 -0.32115053 0.09282579 0.13850471 -0.23413177 -0.02152015 -0.12180361 -0.19297934 1.00000000 0.19485403 0.35109728 -0.03506171 0.30017435 0.48234444 0.24980875 0.40882640 0.51490322 0.31667064 0.41771520 -0.12840941 0.62139368
0.00860986 -0.01907568 -0.02974037 -0.10000025 -0.05790745 -0.07294781 -0.07962586 0.02411120 -0.01831142 -0.01832430 0.05305608 -0.01346877 -0.02508925 0.04998260 -0.01280631 -0.07024309 -0.15486817 -0.12116047 0.08929985 -0.07736888 -0.05262974 -0.00153314 0.06612837 -0.06796645 -0.08743212 -0.16332996 -0.10776448 0.07957340 0.06697320 0.00827639 0.07786165 0.07358115 -0.00023798 -0.07233751 0.06808022 -0.10997180 0.11822976 -0.14762727 -0.04290201 0.31956258 0.10480664 -0.07573817 0.22691515 0.32680545 -0.03695911 0.15509913 0.24277456 0.12192306 0.07671873 0.10005891 0.00360922 0.38226440 -0.10097797 0.15145097 0.01951619 0.01438942 -0.21025297 0.00875947 -0.13289417 0.12305217 0.14109288 0.06123617 -0.14666795 0.11505291 -0.01401993 0.19485403 1.00000000 0.13890739 0.08556740 -0.26567704 0.08166683 -0.01349620 0.20041843 0.37188698 0.12687467 -0.05017639 -0.36174920 0.33172819
0.07822841 0.13771147 0.00354822 -0.01983773 -0.05168471 -0.12238572 -0.15156006 0.03061384 -0.04591694 -0.01174962 0.15494006 -0.02388948 -0.04554977 -0.06233582 -0.08987632 0.02259182 -0.08182686 -0.27849736 0.04870265 -0.05480663 -0.11701676 0.05486441 0.04662680 -0.12752926 -0.10763133 -0.06026976 -0.05675070 0.03172726 0.02486428 -0.10751927 -0.05296802 -0.03932354 0.01606264 -0.05270921 0.01851907 -0.21184511 -0.15247807 -0.19056427 -0.10161317 0.22133094 0.29903487 0.17064308 0.04152353 0.15697007 -0.23452112 -0.24614573 0.30416814 -0.13558340 -0.21246363 0.32643166 -0.03800553 0.21439766 -0.25771034 0.07617378 -0.13835498 -0.07131434 -0.26982127 -0.16790337 -0.32882299 0.17983083 0.19526085 -0.16512252 -0.20262893 0.00785782 -0.15950002 0.35109728 0.13890739 1.00000000 -0.08859081 0.49150763 0.55493520 0.25860977 0.34360738 0.35424489 0.34082982 0.39037354 0.00275968 0.34329050
-0.11913340 -0.10685413 0.18775673 0.00550241 0.21542570 -0.06098959 0.09601550 0.05692522 0.10768036 -0.00277983 -0.11394248 0.17408213 0.06602245 -0.02523100 0.11895105 0.05169566 -0.03753706 0.32120363 -0.10884909 0.02429799 -0.00299660 0.08152458 -0.00725764 0.02806484 0.02510371 0.00389271 0.09166960 0.21294474 -0.09244030 -0.09344937 -0.03962923 0.18591119 0.15062583 0.14791631 0.09043908 0.15134580 0.20404687 0.31402931 0.19821809 -0.12502868 -0.26506180 -0.12638481 -0.08695778 0.04288675 0.22297880 0.14509728 -0.12417161 0.07396021 0.13986324 -0.23255307 0.09767227 -0.02022003 0.14425286 -0.00435687 0.22782337 0.15708730 0.21914621 0.13606301 0.06156320 0.11273286 -0.15817455 0.25861660 0.16184748 0.14180437 0.12366618 -0.03506171 0.08556740 -0.08859081 1.00000000 -0.12725326 -0.13931200 0.16880637 0.10700577 -0.20076405 0.08603464 -0.10889909 0.29227521 0.00073724
0.02497732 0.07393718 -0.05847312 -0.01351408 -0.05819980 -0.14677031 -0.09636361 -0.05586021 -0.10347934 0.02702858 0.07418463 -0.02259837 -0.12067092 -0.04924442 -0.09158636 0.05852698 0.01115901 -0.24309157 -0.03035501 0.00482833 -0.07085044 -0.03142081 -0.00517739 -0.05286024 -0.07578301 -0.00583735 -0.04229016 -0.01014794 0.09939269 0.00420757 0.11014439 -0.02521324 -0.01968623 0.05533076 0.03255903 -0.10141621 -0.08166006 -0.17969701 0.02212548 0.16163999 0.28750671 0.21796144 -0.04335608 -0.07924358 -0.23526976 -0.39118612 0.23649653 -0.12689913 -0.26225111 0.31917072 -0.12985783 0.00091704 -0.13280396 0.06951704 -0.23129156 -0.07466348 -0.16082262 -0.14993332 -0.16564964 0.10872169 0.15700567 -0.23112069 -0.15220101 -0.08924944 -0.12777910 0.30017435 -0.26567704 0.49150763 -0.12725326 1.00000000 0.59797272 0.32981899 0.24538341 0.12259801 0.19359766 0.48352472 0.18774549 0.16507016
0.12562818 0.14432309 -0.05291288 -0.00321673 -0.06917558 -0.13325756 -0.08461830 -0.03108066 -0.13069253 0.02195239 0.12945721 -0.04438297 -0.09943239 0.01658739 -0.02712234 0.01084649 0.02675475 -0.28592178 -0.01152896 -0.03925951 -0.15178298 -0.05406476 0.10227830 -0.11482666 -0.06261841 -0.05389942 -0.09958015 0.06959426 0.09962687 0.02134644 0.11399095 -0.02210438 0.05927142 0.02861113 0.07323347 -0.08229574 -0.03792168 -0.25137401 -0.02885719 0.25470348 0.33828759 0.26380133 0.07243989 0.08744082 -0.21583183 -0.33601388 0.39542719 -0.12801480 -0.16588097 0.45343732 -0.18717490 0.23003713 -0.21189395 0.20027960 -0.28085506 -0.13294456 -0.29312233 -0.23889664 -0.27427200 0.07734072 0.24313217 -0.33086670 -0.10110809 -0.11745194 -0.23059899 0.48234444 0.08166683 0.55493520 -0.13931200 0.59797272 1.00000000 0.13913073 0.34797283 0.47110691 0.41809776 0.57257260 0.00116178 0.34938305
-0.00298815 -0.01933935 0.12427906 -0.15931454 -0.09967551 -0.10711660 -0.02901005 0.16188126 0.02540554 -0.02022054 0.02938811 0.03395233 -0.13556148 -0.02945847 -0.10091312 -0.10110626 -0.14350683 -0.10346530 -0.05306745 -0.09446277 -0.07983973 0.05048794 0.03931138 -0.05198200 -0.18609490 -0.18504043 -0.02430087 0.23499359 0.18256507 0.14261188 0.11316555 0.10741064 -0.00324507 0.02648055 0.03254917 -0.14992830 0.14206301 -0.04482717 0.11094159 0.24105204 -0.02776606 -0.00749159 -0.03699317 0.21103256 -0.08090128 0.04097328 0.18998496 0.09905210 -0.05565490 0.13366343 -0.11191299 0.14840401 -0.07433358 -0.10922377 -0.03305006 0.01300069 -0.10907697 -0.05035027 -0.08370982 0.16724946 -0.01642378 -0.08460856 -0.06561409 0.08246072 -0.10814057 0.24980875 -0.01349620 0.25860977 0.16880637 0.32981899 0.13913073 1.00000000 0.19266805 0.16611542 0.14784369 0.05730805 0.08758603 0.28738242
0.00378336 -0.08756113 0.35299141 -0.22467697 -0.00700139 -0.06820534 0.11893216 0.20438802 0.11929716 -0.02125624 0.04693020 0.16291580 -0.13285680 -0.11333719 -0.10568448 -0.20453559 -0.27832193 -0.09160825 -0.16246341 -0.21729186 0.01908657 0.03501398 0.08130745 0.01144040 -0.18391165 -0.33736798 -0.08386815 0.30636548 0.02764577 0.09599971 0.08639456 0.26931001 -0.04106683 0.11478201 -0.11127467 -0.11094076 0.23009937 -0.08850957 0.23440879 0.19759894 -0.04117088 0.14690702 0.07132675 0.22240237 -0.04001201 0.09162032 0.23108603 0.14653031 -0.03398352 0.31850990 -0.22965631 0.15850309 -0.15500258 -0.12792794 -0.22469852 -0.29349630 -0.16461178 -0.28092044 -0.40561499 0.09198951 -0.10044899 -0.28842849 -0.04392396 -0.20421421 -0.36533457 0.40882640 0.20041843 0.34360738 0.10700577 0.24538341 0.34797283 0.19266805 1.00000000 0.35974394 0.24021066 0.19158162 -0.04543406 0.36145477
0.06220792 -0.00466284 0.12263314 -0.16730415 -0.16624906 -0.08449464 -0.00960243 0.05808961 -0.02027498 0.01872281 0.11775908 -0.10477639 -0.21919264 -0.01311523 -0.17379069 -0.11815752 -0.27368663 -0.29479990 0.03968070 -0.16441486 -0.09210189 0.05577158 0.17929202 0.01164301 -0.17366319 -0.29222241 -0.24277475 0.26396492 0.08462216 0.18710586 0.17684646 0.10480769 -0.00760234 -0.05114111 0.01934951 -0.23760850 0.08062808 -0.41131920 0.06589334 0.41783512 0.30510722 0.22912047 0.27507150 0.38189207 -0.28965391 0.04927743 0.47128927 0.03555325 -0.08619542 0.49954673 -0.19876091 0.42477353 -0.08149642 0.13615609 -0.24052136 -0.25157790 -0.33545839 -0.17180036 -0.33015735 0.17180989 0.17650638 -0.41946173 -0.06937418 -0.12692992 -0.34977222 0.51490322 0.37188698 0.35424489 -0.20076405 0.12259801 0.47110691 0.16611542 0.35974394 1.00000000 0.31752869 0.30846371 -0.36634877 0.61282587
0.12206948 0.02871625 -0.01619214 0.00347812 -0.03491010 0.00696548 -0.03827661 -0.01211752 0.04688258 -0.01527011 -0.03627388 -0.01143494 -0.03850644 -0.00261912 -0.03797374 -0.15834270 -0.01239172 -0.13737256 0.02922500 -0.09672427 -0.16060539 -0.01111751 0.06633092 -0.13366687 -0.02584961 -0.08097155 0.03127393 0.09216105 0.06147531 -0.05467343 -0.01944898 0.00313544 0.11620703 -0.05305324 0.11853585 -0.07954268 0.06838939 0.00529289 0.01935539 0.21764035 0.02976075 0.20067322 0.02598627 0.10728648 -0.00705142 -0.17965211 0.29859066 -0.08456799 0.04003110 0.13331947 -0.02967695 0.25137633 -0.20344405 0.03098435 -0.14605722 -0.02706459 -0.12063249 -0.23613282 -0.21857257 -0.00831749 0.07171280 -0.20417754 0.00082478 -0.05839489 -0.08759801 0.31667064 0.12687467 0.34082982 0.08603464 0.19359766 0.41809776 0.14784369 0.24021066 0.31752869 1.00000000 0.38480174 -0.02058261 0.39019049
0.14639424 0.13263474 -0.08114766 0.09525952 -0.02063495 -0.06660137 -0.06899705 -0.08263814 -0.08832189 0.14569990 0.12736575 -0.08718569 -0.00256466 0.06571438 -0.02238730 0.05809351 0.10231067 -0.27962489 -0.00259559 -0.02074967 -0.15888012 -0.11151375 -0.04140576 -0.05845857 -0.05742014 0.06868470 0.00055140 -0.03110634 0.08346359 -0.02187208 0.06713645 -0.16444795 0.09168998 -0.05811383 0.09211060 0.01570058 -0.04945858 -0.14006102 -0.11324807 0.13239142 0.35366981 0.26610786 0.00897698 -0.19228859 -0.16751715 -0.45059506 0.28673304 -0.19111840 -0.16787401 0.38734260 -0.16600262 0.06109763 -0.11747436 0.29241741 -0.23803216 -0.03480308 -0.11900359 -0.14217166 -0.09168384 0.03247184 0.20412660 -0.30640961 -0.02646321 -0.01675610 -0.06070443 0.41771520 -0.05017639 0.39037354 -0.10889909 0.48352472 0.57257260 0.05730805 0.19158162 0.30846371 0.38480174 1.00000000 0.20984624 0.24486047
-0.05911622 0.06572196 -0.01464927 0.21177656 0.17450062 0.12657186 0.03649384 -0.09874900 0.03243174 0.09111847 -0.01855656 0.04748749 0.05684763 0.00894788 0.12094851 0.19450710 0.13121043 0.20813578 -0.12051666 0.07543382 0.06563750 -0.10897997 -0.20576586 0.03977927 0.12165718 0.30604757 0.17217163 -0.12636122 -0.12432678 -0.06434707 -0.12263701 -0.05619809 0.03711130 0.08370061 -0.03899743 0.24422124 -0.01992443 0.33290251 0.01640820 -0.37995397 -0.16160622 -0.08547349 -0.11007972 -0.35492029 0.17995806 -0.13275969 -0.29663872 0.00117540 0.03738684 -0.20215264 0.09007693 -0.43865799 0.12508645 -0.08300711 0.20780880 0.18566688 0.25106661 0.09213530 0.10899075 -0.02508486 -0.12879971 0.10200710 0.11476970 0.07842837 0.18992594 -0.12840941 -0.36174920 0.00275968 0.29227521 0.18774549 0.00116178 0.08758603 -0.04543406 -0.36634877 -0.02058261 0.20984624 1.00000000 -0.31044089
0.11732022 -0.00927895 0.10389448 -0.21323622 -0.08438338 -0.26073859 0.08039705 0.22308962 0.02607668 -0.06161934 0.10997310 0.03493689 -0.08989970 -0.06900445 -0.10462823 -0.25993990 -0.26216712 -0.22743761 0.04595589 -0.12743280 -0.21496642 0.07711757 0.23542351 -0.08894608 -0.22205280 -0.34219377 -0.09304630 0.24336693 0.12216955 0.14504575 0.21283224 0.16622160 0.04759575 0.02009067 0.13654934 -0.22035821 0.19003419 -0.31443844 0.09736288 0.45386589 0.15457203 0.25676707 0.05601209 0.33724607 -0.12927033 -0.02516518 0.44350230 0.05941770 -0.01688728 0.39049587 -0.15108276 0.45288489 -0.10616213 0.17368989 -0.18142082 -0.06884567 -0.19617834 -0.16143942 -0.30656202 0.06819000 0.09879686 -0.22690012 0.05805598 -0.06779449 -0.28976285 0.62139368 0.33172819 0.34329050 0.00073724 0.16507016 0.34938305 0.28738242 0.36145477 0.61282587 0.39019049 0.24486047 -0.31044089 1.00000000
