1.00000000 0.31114490 0.08516483 0.06126496 0.18764678 0.27689697 0.22108496 0.17351204 0.12744194 0.23397081 0.25347513 0.16315347 0.20738670 -0.17460981 -0.27109014 -0.14944392 0.02312543 -0.24234973 0.03173682 0.02851430 -0.15061785 -0.27067901 -0.16488496 -0.05912471 0.08218097 -0.11275577 0.06340610 -0.03559848 0.03281610 0.14095490 0.00270528 -0.03654719 -0.05403094 0.03224196 -0.06292195 0.15578463 0.05598107 -0.10251313 -0.10387762 -0.07649599 0.13325195 0.02199773 -0.09625078 -0.08269445 0.03434391 0.06779854 -0.10486940 0.06222499 -0.07420083 -0.06370216 -0.12550295 -0.13432494 -0.12256829 0.13812015 0.06880142 -0.07816127 0.01423525 -0.19431290 0.03605570 -0.11472004 -0.13928994 -0.20187110 -0.09923446 -0.00287490 0.03438821 0.02622542 -0.08420623 0.09275888 0.16823977 0.03121065 0.05293576 0.02179765 -0.06339338 0.04729660 0.05153478 -0.01917002 -0.05433961 -0.03403563
0.31114490 1.00000000 0.27020030 0.14719661 0.16774479 -0.01607367 0.23528376 0.22395448 0.21856486 0.19588101 0.15157031 0.11710637 0.18369312 -0.05798516 -0.23280695 -0.12177996 0.11771173 -0.23810173 0.12043805 0.00470945 -0.08777214 -0.25482600 -0.06969394 0.03131853 0.13062982 -0.07017172 0.00207024 -0.06278054 -0.07346928 0.00336590 -0.03065369 -0.12633583 -0.06181946 -0.01307603 0.02608662 0.17666569 0.02242458 -0.19538536 -0.07578724 -0.05923732 0.12117640 -0.15769249 -0.08973665 -0.16141691 -0.07906684 -0.04254160 -0.17282424 -0.02810942 -0.11965988 -0.07181709 -0.02384196 -0.11758051 -0.11539483 0.04244400 0.03112550 -0.00452355 -0.03311500 -0.19044173 -0.01973314 0.03777390 -0.02784569 -0.12424991 -0.17947693 0.04942009 -0.12758371 0.08318250 0.11123891 0.12943330 0.06006435 0.02052873 0.08401395 0.01846946 0.15405426 0.02997843 0.09438713 0.16892272 0.11869592 0.10319058
0.08516483 0.27020030 1.00000000 0.16483606 0.14631416 0.08265434 0.02952988 0.09828525 0.21325368 0.15443962 0.26875836 0.18293991 0.14976671 0.05245517 -0.01968450 0.05373511 0.15144201 -0.05450414 0.06766507 0.18456865 0.06286627 -0.04057268 -0.03846131 0.01211132 0.13792589 -0.07988935 -0.05096549 0.03190677 -0.13287602 -0.01132494 0.07639832 -0.04578654 -0.02967292 0.09651489 0.04699421 0.02225634 0.04340028 -0.02863664 -0.03953369 0.09041112 0.01468076 -0.09293199 -0.05279213 -0.13625108 0.05081576 0.02813552 0.02187565 -0.00237067 -0.11702291 -0.11581219 -0.03583374 -0.05286714 0.03976583 0.02994812 0.07688129 -0.02564349 -0.03151774 -0.02941012 0.05746413 0.06637761 -0.04865763 -0.15164116 0.03170173 0.03927233 -0.02025417 -0.00000183 0.12138164 -0.03819959 -0.06424271 0.06063312 0.07868449 0.10472731 0.02552395 -0.02647908 -0.04704777 0.09414936 -0.00162288 0.10627270
0.06126496 0.14719661 0.16483606 1.00000000 0.11217463 0.21132639 0.14881627 0.25485758 0.32730002 0.12677409 0.19377267 0.20737795 0.32993200 -0.09921550 -0.08020197 -0.06890498 -0.15089767 -0.12055536 0.12733456 0.07552842 -0.07532323 -0.15190062 -0.05747253 -0.04335786 0.04724840 -0.10227231 -0.00805015 0.05643640 -0.05490710 -0.11560162 0.12012540 -0.15465200 -0.03321448 -0.02646325 0.09715609 -0.02747193 0.08148445 -0.13253712 0.15659468 0.05140378 0.05870254 -0.14838112 -0.07625971 -0.06905781 -0.00771498 -0.14638277 -0.10629123 -0.20384410 -0.10208266 0.01612650 0.04848961 -0.05315590 0.01259199 0.02103005 -0.07111312 0.06398554 -0.00987688 0.03888375 -0.04490422 0.13163720 0.14793505 0.10723528 0.00199524 -0.06640216 -0.02550809 0.08553856 0.11482669 0.05482903 0.06666607 0.12568385 0.12514837 0.08372173 0.14291104 0.04697777 0.09230625 0.19191199 0.20141961 0.05140101
0.18764678 0.16774479 0.14631416 0.11217463 1.00000000 0.19396552 0.21334731 0.02088045 0.09547683 0.23049686 0.10416376 0.14812146 0.08334394 -0.06589685 -0.20339715 -0.16260374 0.01646130 -0.09039211 0.11862258 0.04060953 -0.16710120 -0.21391770 -0.06088742 -0.05468626 0.07862466 -0.13688395 0.01197025 -0.01602963 -0.06273088 0.05863731 0.05659293 -0.13856091 -0.02915564 -0.04814228 -0.00626220 -0.03708288 0.10780474 -0.14834337 0.03866156 0.11031660 0.16808930 0.01546698 -0.18023663 -0.04335624 -0.00340963 0.02290931 -0.06287006 -0.03488635 -0.01508876 -0.08083705 -0.06662587 -0.15396949 0.04283102 -0.07829967 -0.19960631 -0.05523280 -0.03313713 -0.17337824 -0.00051550 -0.07218156 -0.09338671 -0.03834974 -0.08797759 -0.10864091 -0.11575280 0.04359165 0.06021826 -0.06245386 0.03105363 0.12006900 0.10818818 0.12171921 0.08734601 0.20743017 0.13148788 0.06138229 0.09456844 -0.03418780
0.27689697 -0.01607367 0.08265434 0.21132639 0.19396552 1.00000000 0.21938644 0.18235971 0.07315328 0.06018248 0.23800616 0.00851188 0.23105470 -0.02983020 -0.14170510 -0.02585849 -0.03402286 -0.03290003 -0.05341783 0.02900442 -0.02401360 -0.05628180 -0.08188691 -0.03907216 -0.01993995 -0.00664387 0.05956730 0.06157776 -0.11684655 0.09468238 0.18138819 0.04839238 0.18689858 0.15635102 -0.11436357 0.05808361 0.05742734 0.06502586 0.03623944 -0.10890252 -0.02191281 0.01288205 -0.05099656 -0.03029989 -0.03371692 0.03352208 -0.03381408 -0.03218898 -0.03538989 -0.06561474 -0.17785722 -0.08135053 -0.04432349 0.04529833 -0.04483352 -0.03341449 0.00928355 -0.08716948 0.03239602 -0.11616162 -0.05489377 -0.08738712 0.05502188 0.05146563 0.11028839 0.05495982 -0.09326544 0.06657813 -0.00070340 -0.00714377 0.04697342 -0.03304574 -0.13402613 -0.09690073 0.06604237 -0.05863384 -0.08555117 -0.01475042
0.22108496 0.23528376 0.02952988 0.14881627 0.21334731 0.21938644 1.00000000 0.24100573 0.31827802 0.15684223 0.23447074 0.15862151 0.12809298 -0.03074384 -0.07742270 -0.02002598 0.03274537 0.00825203 0.04783503 -0.06635386 -0.05213215 -0.05407397 -0.03362847 -0.05735589 0.12395330 -0.02759908 -0.08707465 -0.05621467 0.07370377 -0.00256358 -0.14898209 -0.06673831 -0.09298422 -0.02022975 -0.06372998 0.03444493 0.05699505 -0.02797432 -0.13431541 -0.00992688 0.02618291 -0.04085290 0.07101751 -0.08613308 0.06673118 0.08042291 -0.08282127 0.09412236 -0.15053863 -0.09773663 -0.02799479 -0.03083271 -0.05986927 0.10053571 -0.00384051 0.01959966 0.12492639 0.05289225 0.06286136 0.14322216 0.08776231 0.05640988 -0.00554759 -0.07884095 0.02961535 -0.05651924 -0.10316388 -0.04584032 0.06150358 -0.16716009 -0.03269337 -0.13871144 -0.06301125 -0.06494944 0.00222388 0.01536005 -0.05208541 -0.03980744
0.17351204 0.22395448 0.09828525 0.25485758 0.02088045 0.18235971 0.24100573 1.00000000 0.29977283 0.11552768 0.09792350 0.08252767 0.17376719 -0.07287588 -0.08306914 -0.03548519 0.16040500 -0.05573389 -0.06147408 0.10172723 -0.08932100 -0.03057855 -0.06206481 0.10146141 0.00753574 -0.06352224 0.09853045 -0.02140271 -0.06029674 -0.06979225 0.02740313 -0.02652558 -0.11864818 0.03560851 -0.06784798 0.11322508 -0.06244061 0.00699093 -0.10202325 -0.04291721 -0.01980418 -0.05407218 0.01838966 -0.09228976 0.08211747 0.06195019 0.04794832 -0.00022380 -0.04334658 -0.01936992 -0.09640345 0.05500577 -0.12814219 -0.04020949 -0.02893168 -0.03958506 -0.00156475 -0.08809695 0.03718496 0.10539163 0.00986299 0.01269080 -0.01728258 -0.02470052 -0.02252279 -0.03860573 -0.10032595 -0.01277781 -0.01262838 -0.10807241 -0.03140003 -0.05462382 -0.07602762 -0.19357572 -0.14379651 0.03987431 -0.09267617 0.03365529
0.12744194 0.21856486 0.21325368 0.32730002 0.09547683 0.07315328 0.31827802 0.29977283 1.00000000 0.17720416 0.14345972 0.09811951 0.25680125 -0.09058609 -0.19125671 -0.15531852 -0.06587117 -0.14479930 0.19688264 0.04476938 -0.09199128 -0.12369830 -0.03404136 -0.04973790 0.17286660 -0.20432575 0.03032356 -0.09974888 0.06663007 -0.04316622 0.12910344 -0.12382903 -0.17983409 0.07136364 0.05369957 0.05125517 0.28507247 -0.05256624 0.04385407 0.03999691 -0.06881123 -0.19548175 -0.15984918 -0.10589680 -0.07853690 0.04859120 -0.04923084 -0.18823291 -0.20804391 -0.01727224 -0.00356975 -0.03821298 -0.03995292 0.10440987 -0.09758854 0.12364143 0.12307059 -0.00452970 -0.01860805 0.16747996 0.11976501 -0.06577507 -0.01760295 -0.00020974 -0.05679277 0.02360176 0.18827478 0.06526438 -0.08538223 0.08156268 0.19287414 0.14051184 0.19261480 -0.00831835 0.05638313 0.24893435 0.16147045 0.11541800
0.23397081 0.19588101 0.15443962 0.12677409 0.23049686 0.06018248 0.15684223 0.11552768 0.17720416 1.00000000 0.05241276 0.16976699 0.18051531 -0.18177801 -0.16258410 -0.19799430 0.06086496 -0.31273711 0.22523500 -0.05940818 -0.19670266 -0.27031461 0.07921612 0.08328319 0.12576987 -0.19890374 -0.01696551 0.02069511 0.06912925 -0.05447121 -0.06624279 -0.31442812 -0.17184748 -0.03669545 0.01928267 -0.00676590 -0.09258911 -0.17397275 -0.09516752 0.11613148 0.07147908 -0.00876240 -0.18669040 0.02643908 0.03817667 -0.00375727 0.07025170 -0.12774421 0.14721776 0.08754419 0.14863221 0.07159678 0.01456598 0.09650779 0.06674321 0.17424538 -0.08559919 -0.13945230 -0.10831283 0.14017183 -0.07415326 0.01056083 -0.04306536 0.02582058 -0.02083657 0.17278751 0.13046006 -0.03772500 -0.19439086 0.02084658 0.13332347 0.00893105 0.03570676 0.09772176 0.05170477 0.05513872 0.17438267 0.03850643
0.25347513 0.15157031 0.26875836 0.19377267 0.10416376 0.23800616 0.23447074 0.09792350 0.14345972 0.05241276 1.00000000 0.05434877 0.18139256 0.04063066 -0.09226522 0.04601818 0.00668927 -0.02111195 -0.13119639 -0.09928668 0.04654006 -0.05782916 -0.06562637 0.00216817 0.05991834 0.03064360 0.01284724 0.06171461 -0.03621589 0.16881314 0.09649924 0.01362917 0.10185942 0.03432225 0.05527191 0.00126480 -0.00697615 0.05615112 -0.07463070 -0.03073232 0.04682219 0.01367224 -0.03797882 -0.03174939 0.03086185 0.02530974 -0.03045899 -0.01223644 -0.05238603 -0.01240956 -0.03604474 -0.07997796 0.00370770 0.07971069 0.05565829 -0.01768667 -0.06670836 -0.07674337 0.02325565 -0.03732866 0.01222173 -0.16037558 -0.01421634 0.00567497 0.05083594 0.03717264 0.06572249 -0.00500187 0.01510632 0.06666792 0.06088070 0.07345983 -0.00568019 0.05510821 0.04871688 -0.00938140 0.02447066 0.10116969
0.16315347 0.11710637 0.18293991 0.20737795 0.14812146 0.00851188 0.15862151 0.08252767 0.09811951 0.16976699 0.05434877 1.00000000 0.18087240 -0.21101320 -0.12821516 -0.12598854 -0.03940000 -0.15985937 0.07810290 0.00356956 -0.14764913 -0.11270597 -0.08854493 -0.06066681 0.06899188 -0.10814316 0.00328108 0.02084766 -0.00754161 -0.02655287 -0.02837516 -0.14450647 -0.05023117 0.08768014 -0.01820464 -0.07108518 -0.07694324 -0.09248748 -0.01155808 0.08154579 0.11872300 -0.01536523 -0.06384741 -0.00159446 0.16173271 -0.05448338 -0.00625449 -0.00987733 0.03834467 -0.00578870 0.06471275 -0.05443981 0.09599206 0.05386025 0.01401196 -0.03947064 -0.13288161 0.00332807 0.00357523 0.08516870 0.03425771 0.03990359 -0.07264110 -0.06647170 -0.03508355 -0.01919320 -0.04198107 -0.07076057 0.04822603 0.10004537 -0.00109728 0.01765266 0.09618499 0.09252132 0.02547408 -0.02338901 0.07192436 -0.00753483
0.20738670 0.18369312 0.14976671 0.32993200 0.08334394 0.23105470 0.12809298 0.17376719 0.25680125 0.18051531 0.18139256 0.18087240 1.00000000 -0.06560103 -0.11300730 -0.00224770 0.00923947 -0.14245550 0.09908017 0.09138606 -0.03719217 -0.09094504 -0.11113039 0.04087071 0.08587361 -0.05994748 0.09809447 -0.07597324 0.00754126 -0.10965661 -0.03134542 -0.11256452 -0.03360600 -0.06700029 0.07947915 -0.03601760 0.00756263 -0.05697948 -0.02412989 -0.05804275 -0.10306306 -0.15378419 -0.15086399 0.01010549 0.00541183 0.00994328 -0.13993185 -0.08559181 -0.08639010 0.00652443 0.05416860 -0.06303609 0.03451651 -0.00426772 -0.01726302 -0.02178994 -0.00174561 -0.02381011 -0.04543311 0.02196106 -0.03636178 -0.02367512 -0.08852197 -0.07803154 -0.09015107 0.15918768 0.12779372 0.17261243 0.09113670 0.15362172 0.10480250 -0.02881066 0.01238375 0.03651330 0.09440341 0.07673651 0.14115417 0.15237209
-0.17460981 -0.05798516 0.05245517 -0.09921550 -0.06589685 -0.02983020 -0.03074384 -0.07287588 -0.09058609 -0.18177801 0.04063066 -0.21101320 -0.06560103 1.00000000 0.58769326 0.63956484 0.11063286 0.65743755 -0.20777368 0.03553922 0.56688730 0.62627438 0.22363419 0.15966221 0.03151022 0.66622088 -0.01493445 -0.02531063 -0.09835737 0.21358358 0.08179926 0.39465705 0.33458682 0.04652175 -0.04500703 -0.10158805 -0.08057665 -0.02210621 0.07300729 -0.18744683 -0.18294326 -0.00546452 0.33255693 0.06370250 -0.13200315 -0.03789572 -0.02684710 0.25105877 -0.09657002 0.01166482 0.00900239 -0.01936705 -0.03420488 -0.17005047 -0.00702796 -0.08608177 0.07183275 0.16514680 -0.05512504 -0.14910045 -0.01357075 0.17736723 0.07934204 -0.00402566 0.05729700 -0.19450184 -0.11508003 -0.03853501 0.16860989 -0.08741457 -0.28293908 -0.16228069 -0.19586454 -0.09122379 -0.00619231 -0.19369503 -0.20469024 -0.05738459
-0.27109014 -0.23280695 -0.01968450 -0.08020197 -0.20339715 -0.14170510 -0.07742270 -0.08306914 -0.19125671 -0.16258410 -0.09226522 -0.12821516 -0.11300730 0.58769326 1.00000000 0.63403559 0.04559900 0.67746871 -0.19303553 -0.08512042 0.52590534 0.52110984 0.32225111 0.25100702 0.05319100 0.63813255 -0.22548924 -0.08217845 0.03110366 0.04283006 -0.12296233 0.28133885 0.17928796 -0.08393953 -0.18237925 -0.18442531 -0.05757645 0.01497970 0.07707218 -0.19325226 -0.17659885 0.02646300 0.35123244 0.03657696 -0.06809227 -0.08853369 0.08159477 0.27889542 0.08289107 0.02241312 0.03656707 0.05374379 0.08657644 -0.17621202 0.01974691 0.08190578 0.00682340 0.25270867 -0.13922835 -0.01405762 0.10634372 0.30241417 0.13200015 0.06182085 0.13902794 -0.12707865 -0.19002561 -0.15224259 0.18357689 -0.01257879 -0.26098722 -0.08847478 -0.26195693 -0.17786180 -0.14229051 -0.21277849 -0.16592796 -0.12677657
-0.14944392 -0.12177996 0.05373511 -0.06890498 -0.16260374 -0.02585849 -0.02002598 -0.03548519 -0.15531852 -0.19799430 0.04601818 -0.12598854 -0.00224770 0.63956484 0.63403559 1.00000000 0.12900312 0.70022804 -0.29784753 0.00705886 0.52520248 0.64093257 0.19232102 0.20841473 0.07056077 0.69332820 -0.07892308 -0.03535435 -0.06355436 0.20120634 0.03513647 0.41973102 0.36549319 -0.01551759 -0.01855419 -0.17008872 -0.09943663 0.04028704 0.04692864 -0.24495158 -0.13541546 0.03200672 0.40436328 0.10321542 -0.11107272 0.00012554 0.01200473 0.31490768 -0.05355535 0.00735913 -0.03288636 0.01429689 0.02403637 -0.16336177 0.12372308 -0.11320077 -0.02838823 0.11622723 -0.00050936 -0.12308279 -0.02105722 0.12834475 0.11551398 -0.04924304 0.10558524 -0.18150799 -0.17830698 -0.06202928 0.21851893 -0.04071790 -0.41552262 -0.21461975 -0.27832090 -0.15451230 -0.11905698 -0.22090669 -0.24584516 -0.05638682
0.02312543 0.11771173 0.15144201 -0.15089767 0.01646130 -0.03402286 0.03274537 0.16040500 -0.06587117 0.06086496 0.00668927 -0.03940000 0.00923947 0.11063286 0.04559900 0.12900312 1.00000000 -0.00048827 0.02199794 0.23816491 0.07460069 0.04985254 0.02429165 0.39291241 0.14620350 0.16869069 0.03585791 -0.01890525 0.03211510 0.06211878 -0.00841767 0.00227880 -0.08583626 -0.01845852 -0.08593948 0.24527460 -0.13410217 0.00710183 -0.11514233 0.02888073 0.09395142 0.04628105 0.02075109 0.16106952 0.07116436 0.12062753 0.03676527 0.06476246 0.10439463 -0.05614983 -0.15644922 0.03339753 0.07323232 -0.00768896 0.10393565 -0.14616808 -0.18237847 -0.15839749 0.02915327 -0.07746169 -0.22585489 -0.10439682 0.02573996 -0.01723369 -0.02462983 -0.03383473 -0.05764807 -0.04172063 0.07500731 0.03207906 -0.05358655 -0.01625278 -0.04648946 -0.02669791 -0.07209477 -0.01568764 -0.03745558 0.06389592
-0.24234973 -0.23810173 -0.05450414 -0.12055536 -0.09039211 -0.03290003 0.00825203 -0.05573389 -0.14479930 -0.31273711 -0.02111195 -0.15985937 -0.14245550 0.65743755 0.67746871 0.70022804 -0.00048827 1.00000000 -0.37483764 -0.01992293 0.61559209 0.73002754 0.21494835 0.05327957 -0.02330535 0.74813972 -0.01970021 -0.09995865 -0.01088769 0.15071374 -0.02554611 0.43613334 0.32742843 0.02587395 -0.10152490 -0.18802054 -0.11323391 0.06741171 0.18129923 -0.32265794 -0.18691104 -0.05301024 0.44691422 0.09305380 -0.15267304 0.00277474 -0.02985429 0.47043780 -0.07322535 0.01101521 -0.07580420 0.01568894 -0.02357852 -0.22337503 -0.02223570 -0.13151344 0.00647582 0.20176565 -0.05604732 -0.11897584 0.01506007 0.18725789 0.05328745 -0.11709816 0.09898783 -0.18739745 -0.24042358 -0.14513942 0.26169177 -0.12861100 -0.37674682 -0.19864901 -0.24990247 -0.09546901 -0.06430506 -0.25670667 -0.28109888 -0.10574348
0.03173682 0.12043805 0.06766507 0.12733456 0.11862258 -0.05341783 0.04783503 -0.06147408 0.19688264 0.22523500 -0.13119639 0.07810290 0.09908017 -0.20777368 -0.19303553 -0.29784753 0.02199794 -0.37483764 1.00000000 0.22068076 -0.11000491 -0.36300634 0.17270401 0.15163145 0.25785996 -0.25033944 -0.09842675 0.01959077 0.06103310 -0.10953530 -0.01466746 -0.43185958 -0.25561399 -0.00532796 0.01981716 0.07308335 0.11089685 -0.10651835 0.04949895 0.21805564 0.24768705 -0.08193446 -0.30334390 0.08121688 0.07068473 -0.04445330 0.03473353 -0.27742595 0.07076508 -0.07074013 0.16837177 -0.11238261 0.19098385 0.04194321 -0.01848955 0.19601659 0.16324475 0.04522955 0.03518761 0.19703765 -0.05861291 0.04471732 0.04728889 0.04678870 -0.10678183 -0.04537113 0.26906785 0.07526239 -0.11143238 0.14645004 0.25148558 0.20768344 0.29761190 0.14467837 0.09759175 0.26677560 0.27335385 0.04034612
0.02851430 0.00470945 0.18456865 0.07552842 0.04060953 0.02900442 -0.06635386 0.10172723 0.04476938 -0.05940818 -0.09928668 0.00356956 0.09138606 0.03553922 -0.08512042 0.00705886 0.23816491 -0.01992293 0.22068076 1.00000000 0.13652921 -0.01158243 0.05700440 0.13035780 0.07416880 -0.00566214 0.11852935 0.06563935 -0.04889241 0.02233975 0.10759215 -0.03984373 -0.08191628 0.07578144 0.12435487 0.06256196 -0.03687259 0.03146282 0.00004919 0.01519808 0.13518854 -0.13769241 -0.15602313 0.03099778 0.04345542 0.04671977 0.04170710 0.02413052 -0.07901012 -0.01303458 -0.15845087 -0.01873866 0.02787169 0.00628656 0.05603379 0.00381660 0.08951343 -0.08524536 0.09133457 0.06281107 -0.11210987 0.03208610 0.09973055 0.04260395 -0.04109977 0.05940277 0.04190267 0.04753813 0.03012516 -0.11622432 -0.01557309 0.00176415 0.00574077 0.05002853 -0.03619890 0.17442145 0.02237303 0.14735794
-0.15061785 -0.08777214 0.06286627 -0.07532323 -0.16710120 -0.02401360 -0.05213215 -0.08932100 -0.09199128 -0.19670266 0.04654006 -0.14764913 -0.03719217 0.56688730 0.52590534 0.52520248 0.07460069 0.61559209 -0.11000491 0.13652921 1.00000000 0.49585628 0.29068183 0.15177703 0.18138106 0.62504201 -0.01886735 -0.07887946 -0.05995555 0.08282162 -0.06646058 0.23903421 0.19086473 0.04896746 -0.06500667 -0.14473107 -0.11860241 0.09178712 0.03737921 -0.14735070 -0.15534790 -0.07986612 0.26561769 0.00811165 -0.02288960 -0.05881392 0.04894340 0.28574892 -0.04447348 -0.01618276 0.02184985 0.08807046 0.01417359 -0.05563983 0.00783721 -0.02861012 0.02469707 0.13058165 -0.11217610 -0.07628183 0.07481989 0.10191030 0.09742688 -0.06413154 0.09750762 -0.05725396 -0.09282296 -0.04436484 0.18258393 -0.13847138 -0.31175117 -0.12827316 -0.16258634 -0.11294254 -0.02445086 -0.17026622 -0.18612728 0.09590294
-0.27067901 -0.25482600 -0.04057268 -0.15190062 -0.21391770 -0.05628180 -0.05407397 -0.03057855 -0.12369830 -0.27031461 -0.05782916 -0.11270597 -0.09094504 0.62627438 0.52110984 0.64093257 0.04985254 0.73002754 -0.36300634 -0.01158243 0.49585628 1.00000000 0.09586006 0.07474674 -0.14435984 0.58489143 -0.01738903 -0.13231052 0.01013001 0.10602839 -0.00232728 0.48484830 0.33869974 0.09335539 -0.04026825 -0.22689505 -0.08656171 0.14959755 0.10814458 -0.19741353 -0.27922523 -0.01374622 0.47266191 0.05159853 -0.06099357 0.06547421 -0.00921160 0.31995776 -0.04153825 0.09299897 0.02035331 0.09754841 -0.02313501 -0.03733647 -0.01585462 -0.12480583 -0.00978062 0.17181309 -0.01251515 -0.08912417 0.07372032 0.11939191 0.07832907 -0.07577756 0.06506047 -0.16211022 -0.19772923 -0.12585154 0.04648766 -0.14098319 -0.39151810 -0.29850519 -0.26555305 -0.14892471 -0.12067779 -0.25500205 -0.33510282 -0.04621358
-0.16488496 -0.06969394 -0.03846131 -0.05747253 -0.06088742 -0.08188691 -0.03362847 -0.06206481 -0.03404136 0.07921612 -0.06562637 -0.08854493 -0.11113039 0.22363419 0.32225111 0.19232102 0.02429165 0.21494835 0.17270401 0.05700440 0.29068183 0.09586006 1.00000000 0.27108569 0.24925395 0.28896994 -0.05796749 0.07076790 0.04503509 0.03199175 -0.17705538 -0.16108839 -0.04453949 -0.00904652 0.06524225 0.00800228 -0.06559880 -0.00388754 0.14800294 0.02095698 -0.01435618 0.09722507 -0.04400302 0.13059501 -0.09934435 -0.13510544 0.13493543 0.02803626 0.28945620 -0.02421968 0.14216237 0.15217983 0.07379616 -0.14874045 -0.06937130 0.04936730 -0.01400267 -0.02774855 -0.15442621 0.00478841 -0.08772559 0.15921615 0.01322824 0.03282175 0.03180177 -0.02733021 0.03979431 -0.01143555 0.02323124 -0.04964021 -0.07883808 0.05498122 -0.05670756 -0.03717516 -0.12347428 -0.06910968 0.03604952 -0.00395615
-0.05912471 0.03131853 0.01211132 -0.04335786 -0.05468626 -0.03907216 -0.05735589 0.10146141 -0.04973790 0.08328319 0.00216817 -0.06066681 0.04087071 0.15966221 0.25100702 0.20841473 0.39291241 0.05327957 0.15163145 0.13035780 0.15177703 0.07474674 0.27108569 1.00000000 0.18502259 0.28946693 -0.03634853 0.03940143 -0.01852876 -0.01397654 -0.07177176 -0.14638394 -0.13902804 -0.06765389 0.02211073 0.16756384 -0.13150639 -0.03912826 -0.06727255 0.08077573 0.02508225 0.08091054 -0.00064790 0.09120573 -0.01185246 -0.09089758 0.07522908 0.03747310 0.22269920 0.07637138 0.11750749 0.10914364 0.11854007 0.02222383 0.05523274 -0.07721919 -0.06263632 -0.09956410 -0.08082950 0.02277247 -0.06411391 0.04627444 0.03218324 -0.01953411 0.05435819 -0.05484064 0.04806220 -0.08810397 -0.02862970 0.09612011 -0.12549460 -0.00220142 -0.00517205 -0.01602067 -0.25286462 -0.05639729 -0.03314311 -0.00418871
0.08218097 0.13062982 0.13792589 0.04724840 0.07862466 -0.01993995 0.12395330 0.00753574 0.17286660 0.12576987 0.05991834 0.06899188 0.08587361 0.03151022 0.05319100 0.07056077 0.14620350 -0.02330535 0.25785996 0.07416880 0.18138106 -0.14435984 0.24925395 0.18502259 1.00000000 0.04911008 -0.04605749 -0.02151434 0.09574386 -0.08787985 -0.02673929 -0.19866559 -0.10885824 -0.04706007 0.04117051 0.11135717 -0.01273731 -0.09089690 -0.03736365 -0.07116382 0.09850505 0.03474963 -0.04295867 0.05282312 0.00210098 -0.06273766 0.05479259 0.03529375 -0.04851848 0.01308147 0.05187638 0.00724069 0.01941124 -0.02661302 -0.05394565 0.12657606 0.04075298 -0.01455429 -0.00955267 0.07732767 0.06550655 0.00824713 0.04734084 0.07728801 0.08936664 -0.01388480 0.07933851 -0.00164908 0.04581795 -0.05441581 0.02777843 0.06764320 0.13773262 0.04946305 0.00208668 0.07425108 0.13938657 0.12219519
-0.11275577 -0.07017172 -0.07988935 -0.10227231 -0.13688395 -0.00664387 -0.02759908 -0.06352224 -0.20432575 -0.19890374 0.03064360 -0.10814316 -0.05994748 0.66622088 0.63813255 0.69332820 0.16869069 0.74813972 -0.25033944 -0.00566214 0.62504201 0.58489143 0.28896994 0.28946693 0.04911008 1.00000000 -0.06324175 -0.01271517 -0.04649174 0.17047396 -0.10546067 0.39854860 0.29375679 0.04348859 -0.09878773 -0.06697345 -0.18454559 0.02531588 0.07548756 -0.30174150 -0.08983766 -0.06103817 0.35968200 0.12056527 -0.14290317 -0.03753803 -0.00489600 0.37546064 0.04944200 0.01004057 -0.03966616 -0.00256125 -0.01351168 -0.15235188 0.12309752 -0.10073009 -0.04795044 0.14912568 -0.11458764 -0.12071386 -0.01055311 0.12946398 0.06997939 -0.01030874 0.08287978 -0.09279448 -0.23506241 -0.07867596 0.24611686 -0.12555511 -0.36426324 -0.16176810 -0.22250674 -0.11355340 -0.14043388 -0.31157040 -0.26145764 -0.06807488
0.06340610 0.00207024 -0.05096549 -0.00805015 0.01197025 0.05956730 -0.08707465 0.09853045 0.03032356 -0.01696551 0.01284724 0.00328108 0.09809447 -0.01493445 -0.22548924 -0.07892308 0.03585791 -0.01970021 -0.09842675 0.11852935 -0.01886735 -0.01738903 -0.05796749 -0.03634853 -0.04605749 -0.06324175 1.00000000 0.12833622 0.03024172 0.24956358 0.22744333 0.07040993 0.10106861 0.21670536 0.09486015 0.13342791 0.07971639 0.14001197 0.18262035 -0.00932792 0.00900195 -0.00375596 -0.15835075 0.08199496 0.06021698 0.06376141 0.00144944 0.09938955 0.00051246 0.06499360 0.01813741 0.04296675 -0.13608071 -0.03189248 0.02700632 -0.14760813 0.05788436 -0.08201830 0.12928328 -0.13585357 -0.04221266 -0.06998163 -0.10839908 -0.10510708 -0.02930243 -0.04373157 -0.00237192 0.10205266 -0.00889603 0.04321614 0.02604536 0.06349774 -0.08948845 0.09819551 0.14364335 0.12064047 0.10972944 0.13780337
-0.03559848 -0.06278054 0.03190677 0.05643640 -0.01602963 0.06157776 -0.05621467 -0.02140271 -0.09974888 0.02069511 0.06171461 0.02084766 -0.07597324 -0.02531063 -0.08217845 -0.03535435 -0.01890525 -0.09995865 0.01959077 0.06563935 -0.07887946 -0.13231052 0.07076790 0.03940143 -0.02151434 -0.01271517 0.12833622 1.00000000 0.01752245 0.02575313 0.18899081 0.09390363 0.09749333 0.34610644 0.14707692 0.11184442 0.05018032 0.10829913 0.09636799 -0.04695077 0.19112237 0.09488811 -0.11861401 -0.02700442 -0.02956536 0.07894463 0.04235868 -0.03493288 0.05547646 0.03488045 0.01660112 -0.00717190 -0.00841957 0.02509970 0.13830741 -0.01755059 -0.05359812 -0.01736030 0.04257207 -0.09428556 -0.04790456 0.07463652 0.13854956 0.12142398 0.03994631 0.06938351 0.03915237 0.05642775 -0.02291255 -0.05152671 -0.05112055 0.07558528 -0.00524971 -0.04295188 -0.13073786 0.09254084 -0.03189735 0.00655914
0.03281610 -0.07346928 -0.13287602 -0.05490710 -0.06273088 -0.11684655 0.07370377 -0.06029674 0.06663007 0.06912925 -0.03621589 -0.00754161 0.00754126 -0.09835737 0.03110366 -0.06355436 0.03211510 -0.01088769 0.06103310 -0.04889241 -0.05995555 0.01013001 0.04503509 -0.01852876 0.09574386 -0.04649174 0.03024172 0.01752245 1.00000000 0.11075968 -0.10008907 0.08494900 -0.01344427 0.01577633 0.02748933 0.14078135 0.07503267 0.13438490 0.14749561 -0.07739997 0.02141906 0.03520504 0.00243951 0.18059558 0.07706189 0.06043265 0.00236459 0.01116417 -0.00849143 -0.02814577 -0.05171095 0.04463310 0.10971841 0.14813976 0.03966821 0.12415969 0.06749725 0.12511962 0.01895865 0.11964929 0.05068356 0.08470357 0.06300445 0.09111202 0.21097133 0.01753454 0.05855406 0.00210332 0.00767379 -0.13490299 0.04995793 -0.01905572 0.06780152 0.03350362 -0.01154648 0.13671382 0.01070087 0.03812584
0.14095490 0.00336590 -0.01132494 -0.11560162 0.05863731 0.09468238 -0.00256358 -0.06979225 -0.04316622 -0.05447121 0.16881314 -0.02655287 -0.10965661 0.21358358 0.04283006 0.20120634 0.06211878 0.15071374 -0.10953530 0.02233975 0.08282162 0.10602839 0.03199175 -0.01397654 -0.08787985 0.17047396 0.24956358 0.02575313 0.11075968 1.00000000 0.26345590 0.21540221 0.22280147 0.17535171 -0.04293751 0.04615372 0.07631427 -0.01744605 0.14984855 0.03873249 0.03383843 0.03481837 0.02062051 0.05303952 -0.02496150 -0.02532946 -0.02318221 0.04350683 -0.01264097 0.07102474 -0.09645593 -0.01288104 -0.10654916 -0.04629653 0.01962176 -0.26020811 -0.02274274 -0.10051074 0.08492731 -0.21834409 -0.20388334 -0.15753009 -0.22618604 -0.13115144 -0.15717202 -0.09910094 0.01605889 0.08052048 0.15233741 0.09129947 0.03288754 0.06934565 -0.11628872 0.05630225 0.05707394 0.00159505 -0.07838024 -0.01756451
0.00270528 -0.03065369 0.07639832 0.12012540 0.05659293 0.18138819 -0.14898209 0.02740313 0.12910344 -0.06624279 0.09649924 -0.02837516 -0.03134542 0.08179926 -0.12296233 0.03513647 -0.00841767 -0.02554611 -0.01466746 0.10759215 -0.06646058 -0.00232728 -0.17705538 -0.07177176 -0.02673929 -0.10546067 0.22744333 0.18899081 -0.10008907 0.26345590 1.00000000 0.19456784 0.38834232 0.09792481 0.06292649 0.10660930 0.29113223 0.12846308 0.24476671 0.00345420 0.08669823 -0.11202940 -0.12549997 -0.07821324 -0.10077255 -0.09408964 -0.07058868 -0.12579838 -0.17472399 0.01480828 -0.20338032 -0.20964056 0.00779333 -0.09663704 -0.10273481 -0.05230257 0.07970078 0.06619518 0.16946497 -0.12570449 -0.00728622 -0.01720518 -0.01574182 -0.02085295 -0.02015971 -0.04537202 0.02476705 0.01681961 0.01345321 0.19051141 0.10332359 0.16271194 0.09970487 0.04189272 0.09811848 0.15163554 0.10447193 0.03383285
-0.03654719 -0.12633583 -0.04578654 -0.15465200 -0.13856091 0.04839238 -0.06673831 -0.02652558 -0.12382903 -0.31442812 0.01362917 -0.14450647 -0.11256452 0.39465705 0.28133885 0.41973102 0.00227880 0.43613334 -0.43185958 -0.03984373 0.23903421 0.48484830 -0.16108839 -0.14638394 -0.19866559 0.39854860 0.07040993 0.09390363 0.08494900 0.21540221 0.19456784 1.00000000 0.59998567 0.26006172 -0.00793546 0.01319753 0.19541072 0.26290772 0.17455017 -0.31692886 -0.16010523 -0.05863405 0.36054628 -0.05326535 -0.12819768 0.18900232 -0.13464104 0.24459687 -0.25550377 -0.03685815 -0.23602609 -0.13572844 -0.17649994 -0.07050906 0.02277174 -0.20798490 -0.02007798 0.17657453 0.15614651 -0.27110030 0.06017016 -0.10996016 0.02149569 0.04342838 0.06256429 0.02870485 -0.29647937 0.06528090 0.14597288 -0.17195943 -0.24862219 -0.16056630 -0.25898097 -0.21221298 0.06829287 -0.17003051 -0.31468591 -0.02622177
-0.05403094 -0.06181946 -0.02967292 -0.03321448 -0.02915564 0.18689858 -0.09298422 -0.11864818 -0.17983409 -0.17184748 0.10185942 -0.05023117 -0.03360600 0.33458682 0.17928796 0.36549319 -0.08583626 0.32742843 -0.25561399 -0.08191628 0.19086473 0.33869974 -0.04453949 -0.13902804 -0.10885824 0.29375679 0.10106861 0.09749333 -0.01344427 0.22280147 0.38834232 0.59998567 1.00000000 0.14160145 0.08026863 0.01459488 0.05168713 0.17447522 0.15119792 -0.19170617 -0.03456948 -0.01051290 0.22642265 -0.04110502 -0.15432506 0.06237187 -0.15462971 0.17475829 -0.21692855 -0.01887806 -0.18987318 -0.13828111 -0.07871792 -0.13960601 0.05928028 -0.18537801 -0.03344671 0.13203846 0.10961014 -0.29043254 -0.09616688 -0.07788467 -0.02714357 0.02578892 0.04967330 -0.04952695 -0.17599992 0.16514784 0.12249554 -0.01913648 -0.16939951 -0.05130259 -0.09892564 -0.10350875 0.17602900 -0.18926623 -0.14480262 -0.06251104
0.03224196 -0.01307603 0.09651489 -0.02646325 -0.04814228 0.15635102 -0.02022975 0.03560851 0.07136364 -0.03669545 0.03432225 0.08768014 -0.06700029 0.04652175 -0.08393953 -0.01551759 -0.01845852 0.02587395 -0.00532796 0.07578144 0.04896746 0.09335539 -0.00904652 -0.06765389 -0.04706007 0.04348859 0.21670536 0.34610644 0.01577633 0.17535171 0.09792481 0.26006172 0.14160145 1.00000000 0.10400924 0.14634627 0.19883355 0.21935670 0.11772453 -0.03741507 0.05005761 0.02352011 0.03965632 -0.06459909 -0.03008009 0.09383507 0.10289747 0.03382948 0.05107382 -0.00500345 -0.03879734 0.04798593 -0.07438826 0.02235986 0.05329192 -0.08721300 -0.01588205 -0.04610236 0.07566369 -0.03064362 0.08437213 -0.17808742 0.03882917 0.03265149 -0.00145021 0.04225246 -0.03678281 0.05915482 -0.04524746 -0.02052994 -0.08218962 0.02880890 -0.05155496 -0.12935292 0.04776729 -0.03046671 -0.17438785 0.00062035
-0.06292195 0.02608662 0.04699421 0.09715609 -0.00626220 -0.11436357 -0.06372998 -0.06784798 0.05369957 0.01928267 0.05527191 -0.01820464 0.07947915 -0.04500703 -0.18237925 -0.01855419 -0.08593948 -0.10152490 0.01981716 0.12435487 -0.06500667 -0.04026825 0.06524225 0.02211073 0.04117051 -0.09878773 0.09486015 0.14707692 0.02748933 -0.04293751 0.06292649 -0.00793546 0.08026863 0.10400924 1.00000000 0.07581638 0.00804677 -0.00529246 0.05809428 0.10046379 -0.09160401 0.04552309 -0.16836957 -0.06069949 -0.22575698 0.11954279 0.00731182 -0.12063944 0.00238532 0.14183381 0.11182028 0.09195144 -0.00380396 0.13072379 -0.01374121 -0.09944528 0.07501545 0.07761560 -0.04789083 0.08942418 0.06382383 -0.00392897 0.04993038 -0.09417459 -0.09421306 0.11107010 0.25228740 0.11642543 -0.06055730 0.04429577 -0.00651007 -0.02110750 0.14777530 0.11684122 0.08419488 0.15084657 0.07841386 0.10915091
0.15578463 0.17666569 0.02225634 -0.02747193 -0.03708288 0.05808361 0.03444493 0.11322508 0.05125517 -0.00676590 0.00126480 -0.07108518 -0.03601760 -0.10158805 -0.18442531 -0.17008872 0.24527460 -0.18802054 0.07308335 0.06256196 -0.14473107 -0.22689505 0.00800228 0.16756384 0.11135717 -0.06697345 0.13342791 0.11184442 0.14078135 0.04615372 0.10660930 0.01319753 0.01459488 0.14634627 0.07581638 1.00000000 0.05858369 0.13671518 0.02156677 -0.01658632 0.22891670 0.01879509 0.04378920 0.10377805 -0.01353692 0.09618371 -0.05292898 0.09668875 -0.02934509 -0.00294778 -0.15496100 -0.00345265 -0.03688698 0.07033918 0.08527395 -0.12311120 0.03168495 -0.00217047 0.05048235 0.06452915 -0.03370155 -0.04635077 -0.03684299 0.18201516 0.05704771 0.04979010 -0.02783215 0.06339919 -0.03344235 -0.08143620 0.02853841 0.08678778 0.09250287 -0.04287029 -0.00556816 0.11135366 -0.00020901 0.02890710
0.05598107 0.02242458 0.04340028 0.08148445 0.10780474 0.05742734 0.05699505 -0.06244061 0.28507247 -0.09258911 -0.00697615 -0.07694324 0.00756263 -0.08057665 -0.05757645 -0.09943663 -0.13410217 -0.11323391 0.11089685 -0.03687259 -0.11860241 -0.08656171 -0.06559880 -0.13150639 -0.01273731 -0.18454559 0.07971639 0.05018032 0.07503267 0.07631427 0.29113223 0.19541072 0.05168713 0.19883355 0.00804677 0.05858369 1.00000000 0.19404947 0.32849786 -0.00110041 -0.01956163 -0.12286734 -0.02653046 -0.08959165 -0.05937368 0.02219440 -0.04624925 -0.15303021 -0.12022245 -0.03861363 -0.07557643 -0.16560200 -0.01700518 -0.04054328 -0.14021759 -0.00475395 0.05194565 0.07874865 0.12516639 -0.05763499 0.17337981 -0.09218327 0.00796479 -0.01689972 0.03340325 -0.02389624 0.00653854 0.10381275 0.07168984 0.15799070 0.22735799 0.19407144 0.10794346 -0.04676091 0.09672699 0.19720688 0.04388086 0.02288455
-0.10251313 -0.19538536 -0.02863664 -0.13253712 -0.14834337 0.06502586 -0.02797432 0.00699093 -0.05256624 -0.17397275 0.05615112 -0.09248748 -0.05697948 -0.02210621 0.01497970 0.04028704 0.00710183 0.06741171 -0.10651835 0.03146282 0.09178712 0.14959755 -0.00388754 -0.03912826 -0.09089690 0.02531588 0.14001197 0.10829913 0.13438490 -0.01744605 0.12846308 0.26290772 0.17447522 0.21935670 -0.00529246 0.13671518 0.19404947 1.00000000 0.15256742 -0.11279884 -0.04302015 -0.10571121 0.14251382 0.02566911 0.02074480 0.09233012 0.11308835 0.05315935 0.00755305 -0.11833178 -0.03556994 0.01838082 0.00336072 0.03087650 0.07018585 -0.03469611 0.07203357 0.14865760 0.20290696 0.01104139 0.08605439 -0.04758353 0.11115372 0.07120514 0.07974645 0.12350948 0.03614269 0.13001203 -0.05340287 -0.12278944 0.00649607 -0.02815425 -0.01831616 -0.17325292 -0.01345300 0.16193076 -0.08703472 0.16884587
-0.10387762 -0.07578724 -0.03953369 0.15659468 0.03866156 0.03623944 -0.13431541 -0.10202325 0.04385407 -0.09516752 -0.07463070 -0.01155808 -0.02412989 0.07300729 0.07707218 0.04692864 -0.11514233 0.18129923 0.04949895 0.00004919 0.03737921 0.10814458 0.14800294 -0.06727255 -0.03736365 0.07548756 0.18262035 0.09636799 0.14749561 0.14984855 0.24476671 0.17455017 0.15119792 0.11772453 0.05809428 0.02156677 0.32849786 0.15256742 1.00000000 -0.07929720 -0.01846833 -0.17719890 -0.02682677 0.05721939 -0.20508828 -0.08205353 -0.06920194 -0.04197070 -0.18566788 -0.03012707 -0.03528613 -0.12068715 -0.05439639 -0.13181697 -0.13656807 -0.04331841 -0.01573729 0.13624840 0.06506311 -0.05109021 0.03150142 0.09606554 -0.00631212 -0.06638574 0.00818679 -0.04137904 0.04184527 -0.12418403 0.00914817 0.06347411 0.04385933 0.08752385 0.09897477 -0.00406277 0.01703362 0.12589483 -0.00204953 0.01591647
-0.07649599 -0.05923732 0.09041112 0.05140378 0.11031660 -0.10890252 -0.00992688 -0.04291721 0.03999691 0.11613148 -0.03073232 0.08154579 -0.05804275 -0.18744683 -0.19325226 -0.24495158 0.02888073 -0.32265794 0.21805564 0.01519808 -0.14735070 -0.19741353 0.02095698 0.08077573 -0.07116382 -0.30174150 -0.00932792 -0.04695077 -0.07739997 0.03873249 0.00345420 -0.31692886 -0.19170617 -0.03741507 0.10046379 -0.01658632 -0.00110041 -0.11279884 -0.07929720 1.00000000 0.06181293 0.24252071 -0.19083468 0.05136434 0.29783242 0.00950815 0.16228828 -0.30267477 0.30382802 0.25293757 0.28732112 0.24016470 0.10668885 0.09630593 -0.10659163 -0.10429499 -0.08322617 -0.12362635 -0.01652288 -0.01644565 -0.09041847 -0.10524839 -0.07251938 -0.20855068 -0.16073832 -0.01294833 0.37003920 0.06727090 -0.23071143 0.24822898 0.21509247 0.17098101 0.16855988 0.15139075 0.03409310 0.20455174 0.16245040 0.10106174
0.13325195 0.12117640 0.01468076 0.05870254 0.16808930 -0.02191281 0.02618291 -0.01980418 -0.06881123 0.07147908 0.04682219 0.11872300 -0.10306306 -0.18294326 -0.17659885 -0.13541546 0.09395142 -0.18691104 0.24768705 0.13518854 -0.15534790 -0.27922523 -0.01435618 0.02508225 0.09850505 -0.08983766 0.00900195 0.19112237 0.02141906 0.03383843 0.08669823 -0.16010523 -0.03456948 0.05005761 -0.09160401 0.22891670 -0.01956163 -0.04302015 -0.01846833 0.06181293 1.00000000 0.14114510 -0.00209349 0.26016576 0.23047654 0.09608086 0.10915099 0.11160833 0.12777114 0.04610788 -0.00318333 -0.01294374 0.06223227 0.02486965 0.09067098 0.09885384 -0.02949513 -0.07915054 0.08423049 -0.00820043 -0.07130400 0.03942619 -0.03566112 0.16491959 0.08553608 -0.02236873 -0.04024874 -0.01855557 -0.03233826 -0.04984106 0.08429113 0.16413056 0.12602812 0.15453790 -0.04568541 0.07001282 0.08791656 -0.05448392
0.02199773 -0.15769249 -0.09293199 -0.14838112 0.01546698 0.01288205 -0.04085290 -0.05407218 -0.19548175 -0.00876240 0.01367224 -0.01536523 -0.15378419 -0.00546452 0.02646300 0.03200672 0.04628105 -0.05301024 -0.08193446 -0.13769241 -0.07986612 -0.01374622 0.09722507 0.08091054 0.03474963 -0.06103817 -0.00375596 0.09488811 0.03520504 0.03481837 -0.11202940 -0.05863405 -0.01051290 0.02352011 0.04552309 0.01879509 -0.12286734 -0.10571121 -0.17719890 0.24252071 0.14114510 1.00000000 0.03720869 0.35156219 0.27042267 0.09453486 0.35029117 0.07798205 0.35807718 0.37766996 0.29807439 0.33229712 0.09418486 0.23687993 0.07884391 0.10964340 -0.09626851 -0.12474242 0.03066615 -0.06019049 -0.08006269 0.05267169 0.14124568 0.05063954 0.17157217 -0.05364399 0.05618427 0.01273883 -0.16651946 0.01811611 -0.02892142 -0.01610478 -0.02816484 0.13604995 -0.01869614 -0.06037402 -0.01644555 -0.00086791
-0.09625078 -0.08973665 -0.05279213 -0.07625971 -0.18023663 -0.05099656 0.07101751 0.01838966 -0.15984918 -0.18669040 -0.03797882 -0.06384741 -0.15086399 0.33255693 0.35123244 0.40436328 0.02075109 0.44691422 -0.30334390 -0.15602313 0.26561769 0.47266191 -0.04400302 -0.00064790 -0.04295867 0.35968200 -0.15835075 -0.11861401 0.00243951 0.02062051 -0.12549997 0.36054628 0.22642265 0.03965632 -0.16836957 0.04378920 -0.02653046 0.14251382 -0.02682677 -0.19083468 -0.00209349 0.03720869 1.00000000 -0.03836631 0.12903234 0.10167438 -0.03400658 0.39041882 0.00995627 0.15091196 0.02052962 0.18010040 -0.04525283 -0.03792102 -0.03289955 -0.11421460 -0.04188516 0.19277624 -0.06451510 -0.05622374 0.13161223 0.01944233 -0.05897868 0.06981652 0.07546877 -0.16085524 -0.31142215 -0.10449414 0.15615477 -0.19702968 -0.23735871 -0.26545047 -0.16492084 -0.21629500 -0.08027305 -0.17256432 -0.23748511 -0.10398007
-0.08269445 -0.16141691 -0.13625108 -0.06905781 -0.04335624 -0.03029989 -0.08613308 -0.09228976 -0.10589680 0.02643908 -0.03174939 -0.00159446 0.01010549 0.06370250 0.03657696 0.10321542 0.16106952 0.09305380 0.08121688 0.03099778 0.00811165 0.05159853 0.13059501 0.09120573 0.05282312 0.12056527 0.08199496 -0.02700442 0.18059558 0.05303952 -0.07821324 -0.05326535 -0.04110502 -0.06459909 -0.06069949 0.10377805 -0.08959165 0.02566911 0.05721939 0.05136434 0.26016576 0.35156219 -0.03836631 1.00000000 0.16215924 0.14901433 0.22583886 0.15532754 0.29294428 0.31409164 0.27867949 0.23543482 0.06394045 0.03208035 0.07248539 0.01004406 0.03737407 -0.03770463 -0.05472426 -0.04696055 -0.17382306 0.11306268 0.05169703 -0.00140373 0.20407961 0.00432651 0.01385862 -0.00381801 -0.09036365 0.00253982 0.08450199 0.06188660 0.02018659 0.19090799 0.01785393 0.02456793 0.08120400 0.02937552
0.03434391 -0.07906684 0.05081576 -0.00771498 -0.00340963 -0.03371692 0.06673118 0.08211747 -0.07853690 0.03817667 0.03086185 0.16173271 0.00541183 -0.13200315 -0.06809227 -0.11107272 0.07116436 -0.15267304 0.07068473 0.04345542 -0.02288960 -0.06099357 -0.09934435 -0.01185246 0.00210098 -0.14290317 0.06021698 -0.02956536 0.07706189 -0.02496150 -0.10077255 -0.12819768 -0.15432506 -0.03008009 -0.22575698 -0.01353692 -0.05937368 0.02074480 -0.20508828 0.29783242 0.23047654 0.27042267 0.12903234 0.16215924 1.00000000 0.13720854 0.25011855 0.03685553 0.25770641 0.26888061 0.09028337 0.25583567 0.07161775 0.08773618 0.10837340 0.03628969 -0.09120670 -0.06077756 0.10314357 0.07394936 0.05989968 -0.02919807 -0.02962151 -0.00155927 0.04267022 -0.01549617 -0.03261409 -0.00881250 -0.03645907 -0.08907794 0.01372957 -0.11366616 -0.02650849 -0.02902739 0.01427602 -0.00521677 0.00997298 -0.00539389
0.06779854 -0.04254160 0.02813552 -0.14638277 0.02290931 0.03352208 0.08042291 0.06195019 0.04859120 -0.00375727 0.02530974 -0.05448338 0.00994328 -0.03789572 -0.08853369 0.00012554 0.12062753 0.00277474 -0.04445330 0.04671977 -0.05881392 0.06547421 -0.13510544 -0.09089758 -0.06273766 -0.03753803 0.06376141 0.07894463 0.06043265 -0.02532946 -0.09408964 0.18900232 0.06237187 0.09383507 0.11954279 0.09618371 0.02219440 0.09233012 -0.08205353 0.00950815 0.09608086 0.09453486 0.10167438 0.14901433 0.13720854 1.00000000 0.02585344 0.24637726 -0.01774472 0.16325341 0.07876083 0.10510732 -0.07035733 0.03474500 0.09198072 -0.07948200 0.03922969 -0.02437714 0.04128236 0.00648339 -0.01133164 -0.10680021 0.03607070 -0.02006325 -0.03822143 0.11853759 -0.10107818 0.04975160 -0.10978011 -0.20325174 -0.09083398 -0.12828043 -0.19988485 -0.03110150 0.08478714 0.02074450 -0.14429143 0.01775091
-0.10486940 -0.17282424 0.02187565 -0.10629123 -0.06287006 -0.03381408 -0.08282127 0.04794832 -0.04923084 0.07025170 -0.03045899 -0.00625449 -0.13993185 -0.02684710 0.08159477 0.01200473 0.03676527 -0.02985429 0.03473353 0.04170710 0.04894340 -0.00921160 0.13493543 0.07522908 0.05479259 -0.00489600 0.00144944 0.04235868 0.00236459 -0.02318221 -0.07058868 -0.13464104 -0.15462971 0.10289747 0.00731182 -0.05292898 -0.04624925 0.11308835 -0.06920194 0.16228828 0.10915099 0.35029117 -0.03400658 0.22583886 0.25011855 0.02585344 1.00000000 0.05655241 0.37012940 0.22558936 0.21983123 0.34972194 0.12414783 0.12826390 0.09174684 0.20404498 0.01420251 0.00630015 0.09695800 0.07891722 0.03152675 0.23599275 0.17084594 0.14454005 0.23406662 0.03325282 0.00759781 -0.03748815 -0.20300729 -0.10700293 -0.06452482 0.05417595 0.02620156 0.00207634 -0.11083204 -0.04048106 -0.05517458 0.10127776
0.06222499 -0.02810942 -0.00237067 -0.20384410 -0.03488635 -0.03218898 0.09412236 -0.00022380 -0.18823291 -0.12774421 -0.01223644 -0.00987733 -0.08559181 0.25105877 0.27889542 0.31490768 0.06476246 0.47043780 -0.27742595 0.02413052 0.28574892 0.31995776 0.02803626 0.03747310 0.03529375 0.37546064 0.09938955 -0.03493288 0.01116417 0.04350683 -0.12579838 0.24459687 0.17475829 0.03382948 -0.12063944 0.09668875 -0.15303021 0.05315935 -0.04197070 -0.30267477 0.11160833 0.07798205 0.39041882 0.15532754 0.03685553 0.24637726 0.05655241 1.00000000 -0.04546054 0.06098579 -0.03567619 0.15687140 -0.00669692 -0.05652547 0.11785809 -0.09611655 0.03890953 0.09681756 0.04537300 -0.08021722 -0.01904776 0.14392356 -0.07021598 0.06375670 0.25343050 -0.07440964 -0.37718882 -0.11061838 0.24603983 -0.27522195 -0.33929531 -0.24207524 -0.31365416 -0.02468130 -0.04998744 -0.21335858 -0.21332871 -0.10919435
-0.07420083 -0.11965988 -0.11702291 -0.10208266 -0.01508876 -0.03538989 -0.15053863 -0.04334658 -0.20804391 0.14721776 -0.05238603 0.03834467 -0.08639010 -0.09657002 0.08289107 -0.05355535 0.10439463 -0.07322535 0.07076508 -0.07901012 -0.04447348 -0.04153825 0.28945620 0.22269920 -0.04851848 0.04944200 0.00051246 0.05547646 -0.00849143 -0.01264097 -0.17472399 -0.25550377 -0.21692855 0.05107382 0.00238532 -0.02934509 -0.12022245 0.00755305 -0.18566788 0.30382802 0.12777114 0.35807718 0.00995627 0.29294428 0.25770641 -0.01774472 0.37012940 -0.04546054 1.00000000 0.32723778 0.35389171 0.33657704 0.16669313 0.00832332 0.05565295 0.13898094 -0.19908847 -0.15661361 -0.12643549 0.03460559 -0.12769052 0.05530257 0.03105511 0.04321461 0.02075860 -0.02260865 0.12326242 0.01376437 -0.10001840 0.11934464 0.05354570 0.09049235 0.02232913 0.08047940 -0.12258974 -0.09572666 0.01811137 -0.05191319
-0.06370216 -0.07181709 -0.11581219 0.01612650 -0.08083705 -0.06561474 -0.09773663 -0.01936992 -0.01727224 0.08754419 -0.01240956 -0.00578870 0.00652443 0.01166482 0.02241312 0.00735913 -0.05614983 0.01101521 -0.07074013 -0.01303458 -0.01618276 0.09299897 -0.02421968 0.07637138 0.01308147 0.01004057 0.06499360 0.03488045 -0.02814577 0.07102474 0.01480828 -0.03685815 -0.01887806 -0.00500345 0.14183381 -0.00294778 -0.03861363 -0.11833178 -0.03012707 0.25293757 0.04610788 0.37766996 0.15091196 0.31409164 0.26888061 0.16325341 0.22558936 0.06098579 0.32723778 1.00000000 0.34425625 0.44039141 0.13846857 0.15160967 0.08205132 0.12429990 0.00205228 0.01019645 -0.04703256 0.03554869 0.04537916 0.06219438 -0.04665144 -0.00687910 0.02713876 0.05505093 0.11370967 0.04973299 -0.06313615 0.07874594 0.11904190 0.01198851 0.09589642 0.12423217 0.03038101 0.00691257 0.11871081 0.06273447
-0.12550295 -0.02384196 -0.03583374 0.04848961 -0.06662587 -0.17785722 -0.02799479 -0.09640345 -0.00356975 0.14863221 -0.03604474 0.06471275 0.05416860 0.00900239 0.03656707 -0.03288636 -0.15644922 -0.07580420 0.16837177 -0.15845087 0.02184985 0.02035331 0.14216237 0.11750749 0.05187638 -0.03966616 0.01813741 0.01660112 -0.05171095 -0.09645593 -0.20338032 -0.23602609 -0.18987318 -0.03879734 0.11182028 -0.15496100 -0.07557643 -0.03556994 -0.03528613 0.28732112 -0.00318333 0.29807439 0.02052962 0.27867949 0.09028337 0.07876083 0.21983123 -0.03567619 0.35389171 0.34425625 1.00000000 0.28814588 0.00648013 0.12771852 -0.03736989 0.14344778 0.08287423 0.06421825 -0.11987074 0.14531591 0.00887894 0.19426281 0.03754574 -0.07429234 0.04981966 -0.03594562 0.29775255 -0.02957631 -0.17984343 0.09011058 0.00560912 0.09206547 0.07584718 0.16406494 -0.05010117 0.08192442 0.08424651 0.06465200
-0.13432494 -0.11758051 -0.05286714 -0.05315590 -0.15396949 -0.08135053 -0.03083271 0.05500577 -0.03821298 0.07159678 -0.07997796 -0.05443981 -0.06303609 -0.01936705 0.05374379 0.01429689 0.03339753 0.01568894 -0.11238261 -0.01873866 0.08807046 0.09754841 0.15217983 0.10914364 0.00724069 -0.00256125 0.04296675 -0.00717190 0.04463310 -0.01288104 -0.20964056 -0.13572844 -0.13828111 0.04798593 0.09195144 -0.00345265 -0.16560200 0.01838082 -0.12068715 0.24016470 -0.01294374 0.33229712 0.18010040 0.23543482 0.25583567 0.10510732 0.34972194 0.15687140 0.33657704 0.44039141 0.28814588 1.00000000 0.09624232 0.17788605 0.06143978 0.08694924 -0.04609289 0.02430069 -0.06939420 0.16605604 0.06264222 0.09480442 -0.01508116 0.07974573 0.12013546 0.02763201 0.13249133 0.02918005 -0.13644435 -0.09268411 0.00840752 -0.02551251 -0.04736001 0.05724234 -0.12143106 -0.03235288 -0.01285575 0.09769935
-0.12256829 -0.11539483 0.03976583 0.01259199 0.04283102 -0.04432349 -0.05986927 -0.12814219 -0.03995292 0.01456598 0.00370770 0.09599206 0.03451651 -0.03420488 0.08657644 0.02403637 0.07323232 -0.02357852 0.19098385 0.02787169 0.01417359 -0.02313501 0.07379616 0.11854007 0.01941124 -0.01351168 -0.13608071 -0.00841957 0.10971841 -0.10654916 0.00779333 -0.17649994 -0.07871792 -0.07438826 -0.00380396 -0.03688698 -0.01700518 0.00336072 -0.05439639 0.10668885 0.06223227 0.09418486 -0.04525283 0.06394045 0.07161775 -0.07035733 0.12414783 -0.00669692 0.16669313 0.13846857 0.00648013 0.09624232 1.00000000 0.20051308 0.22608262 0.28513962 0.14105918 0.27424776 0.10857179 0.18079200 0.04435137 0.25270246 0.31875466 0.23847767 0.26438391 -0.12027401 0.09798034 -0.05593672 -0.02899929 0.14444213 0.03347721 -0.03271566 0.07505541 0.09107649 -0.00846347 0.07920995 0.18931955 -0.01343273
0.13812015 0.04244400 0.02994812 0.02103005 -0.07829967 0.04529833 0.10053571 -0.04020949 0.10440987 0.09650779 0.07971069 0.05386025 -0.00426772 -0.17005047 -0.17621202 -0.16336177 -0.00768896 -0.22337503 0.04194321 0.00628656 -0.05563983 -0.03733647 -0.14874045 0.02222383 -0.02661302 -0.15235188 -0.03189248 0.02509970 0.14813976 -0.04629653 -0.09663704 -0.07050906 -0.13960601 0.02235986 0.13072379 0.07033918 -0.04054328 0.03087650 -0.13181697 0.09630593 0.02486965 0.23687993 -0.03792102 0.03208035 0.08773618 0.03474500 0.12826390 -0.05652547 0.00832332 0.15160967 0.12771852 0.17788605 0.20051308 1.00000000 0.26787102 0.26416698 0.16293842 0.05257619 0.23263879 0.27042185 0.19887382 0.05994716 0.28364721 0.26752652 0.24887862 0.19241834 0.11778273 0.00768603 -0.25973677 -0.12779008 0.07965153 -0.13746837 0.03445762 0.07011293 -0.04564610 0.07666286 0.00060433 0.15855170
0.06880142 0.03112550 0.07688129 -0.07111312 -0.19960631 -0.04483352 -0.00384051 -0.02893168 -0.09758854 0.06674321 0.05565829 0.01401196 -0.01726302 -0.00702796 0.01974691 0.12372308 0.10393565 -0.02223570 -0.01848955 0.05603379 0.00783721 -0.01585462 -0.06937130 0.05523274 -0.05394565 0.12309752 0.02700632 0.13830741 0.03966821 0.01962176 -0.10273481 0.02277174 0.05928028 0.05329192 -0.01374121 0.08527395 -0.14021759 0.07018585 -0.13656807 -0.10659163 0.09067098 0.07884391 -0.03289955 0.07248539 0.10837340 0.09198072 0.09174684 0.11785809 0.05565295 0.08205132 -0.03736989 0.06143978 0.22608262 0.26787102 1.00000000 0.19833351 0.09607829 0.16538615 0.20214071 0.12813265 0.12356198 0.14050260 0.27944862 0.29760450 0.26133092 0.09006154 -0.05050173 0.08974897 0.01121375 -0.14098010 -0.06277118 -0.08109421 -0.01544588 -0.05663303 0.04908486 -0.01737352 -0.02552053 0.08710781
-0.07816127 -0.00452355 -0.02564349 0.06398554 -0.05523280 -0.03341449 0.01959966 -0.03958506 0.12364143 0.17424538 -0.01768667 -0.03947064 -0.02178994 -0.08608177 0.08190578 -0.11320077 -0.14616808 -0.13151344 0.19601659 0.00381660 -0.02861012 -0.12480583 0.04936730 -0.07721919 0.12657606 -0.10073009 -0.14760813 -0.01755059 0.12415969 -0.26020811 -0.05230257 -0.20798490 -0.18537801 -0.08721300 -0.09944528 -0.12311120 -0.00475395 -0.03469611 -0.04331841 -0.10429499 0.09885384 0.10964340 -0.11421460 0.01004406 0.03628969 -0.07948200 0.20404498 -0.09611655 0.13898094 0.12429990 0.14344778 0.08694924 0.28513962 0.26416698 0.19833351 1.00000000 0.23816972 0.16613640 0.11699159 0.40355636 0.36568688 0.39642194 0.38120589 0.48849827 0.26919106 0.06269634 0.07462705 -0.12865042 -0.18071660 -0.07601234 0.08948017 0.02529986 0.11989700 0.01784911 -0.03343714 0.10638484 0.16266393 0.06257272
0.01423525 -0.03311500 -0.03151774 -0.00987688 -0.03313713 0.00928355 0.12492639 -0.00156475 0.12307059 -0.08559919 -0.06670836 -0.13288161 -0.00174561 0.07183275 0.00682340 -0.02838823 -0.18237847 0.00647582 0.16324475 0.08951343 0.02469707 -0.00978062 -0.01400267 -0.06263632 0.04075298 -0.04795044 0.05788436 -0.05359812 0.06749725 -0.02274274 0.07970078 -0.02007798 -0.03344671 -0.01588205 0.07501545 0.03168495 0.05194565 0.07203357 -0.01573729 -0.08322617 -0.02949513 -0.09626851 -0.04188516 0.03737407 -0.09120670 0.03922969 0.01420251 0.03890953 -0.19908847 0.00205228 0.08287423 -0.04609289 0.14105918 0.16293842 0.09607829 0.23816972 1.00000000 0.33263343 0.25219723 0.27417153 0.29176725 0.30401644 0.16622456 0.18900749 0.28441962 -0.00972552 0.04555458 -0.04923625 -0.04813725 -0.12377484 0.01291226 -0.01099538 -0.05335905 0.04844653 0.06005962 0.15799108 0.05477304 0.04241506
-0.19431290 -0.19044173 -0.02941012 0.03888375 -0.17337824 -0.08716948 0.05289225 -0.08809695 -0.00452970 -0.13945230 -0.07674337 0.00332807 -0.02381011 0.16514680 0.25270867 0.11622723 -0.15839749 0.20176565 0.04522955 -0.08524536 0.13058165 0.17181309 -0.02774855 -0.09956410 -0.01455429 0.14912568 -0.08201830 -0.01736030 0.12511962 -0.10051074 0.06619518 0.17657453 0.13203846 -0.04610236 0.07761560 -0.00217047 0.07874865 0.14865760 0.13624840 -0.12362635 -0.07915054 -0.12474242 0.19277624 -0.03770463 -0.06077756 -0.02437714 0.00630015 0.09681756 -0.15661361 0.01019645 0.06421825 0.02430069 0.27424776 0.05257619 0.16538615 0.16613640 0.33263343 1.00000000 0.15673710 0.22526657 0.37044631 0.32137183 0.27367799 0.16394116 0.21675180 -0.17046059 -0.09123734 -0.09252601 0.12637624 -0.09546267 -0.09607441 -0.10442753 -0.02617729 -0.08517383 0.09468556 0.00709120 0.00802622 -0.04725248
0.03605570 -0.01973314 0.05746413 -0.04490422 -0.00051550 0.03239602 0.06286136 0.03718496 -0.01860805 -0.10831283 0.02325565 0.00357523 -0.04543311 -0.05512504 -0.13922835 -0.00050936 0.02915327 -0.05604732 0.03518761 0.09133457 -0.11217610 -0.01251515 -0.15442621 -0.08082950 -0.00955267 -0.11458764 0.12928328 0.04257207 0.01895865 0.08492731 0.16946497 0.15614651 0.10961014 0.07566369 -0.04789083 0.05048235 0.12516639 0.20290696 0.06506311 -0.01652288 0.08423049 0.03066615 -0.06451510 -0.05472426 0.10314357 0.04128236 0.09695800 0.04537300 -0.12643549 -0.04703256 -0.11987074 -0.06939420 0.10857179 0.23263879 0.20214071 0.11699159 0.25219723 0.15673710 1.00000000 0.13164348 0.22079790 0.10179650 0.23897496 0.12232728 0.29985613 0.02710940 -0.07231013 -0.01440339 -0.06560305 -0.11353064 -0.03962328 -0.10026554 -0.01529884 -0.09909139 0.02317718 0.07306384 -0.18411953 0.00648826
-0.11472004 0.03777390 0.06637761 0.13163720 -0.07218156 -0.11616162 0.14322216 0.10539163 0.16747996 0.14017183 -0.03732866 0.08516870 0.02196106 -0.14910045 -0.01405762 -0.12308279 -0.07746169 -0.11897584 0.19703765 0.06281107 -0.07628183 -0.08912417 0.00478841 0.02277247 0.07732767 -0.12071386 -0.13585357 -0.09428556 0.11964929 -0.21834409 -0.12570449 -0.27110030 -0.29043254 -0.03064362 0.08942418 0.06452915 -0.05763499 0.01104139 -0.05109021 -0.01644565 -0.00820043 -0.06019049 -0.05622374 -0.04696055 0.07394936 0.00648339 0.07891722 -0.08021722 0.03460559 0.03554869 0.14531591 0.16605604 0.18079200 0.27042185 0.12813265 0.40355636 0.27417153 0.22526657 0.13164348 1.00000000 0.36448753 0.27007367 0.18656675 0.26305518 0.12701781 0.10278449 0.15289693 -0.18214704 -0.22168802 -0.07238079 0.02130016 -0.10489747 0.11899154 -0.07428478 -0.13514634 0.11003969 0.07778506 0.02796969
-0.13928994 -0.02784569 -0.04865763 0.14793505 -0.09338671 -0.05489377 0.08776231 0.00986299 0.11976501 -0.07415326 0.01222173 0.03425771 -0.03636178 -0.01357075 0.10634372 -0.02105722 -0.22585489 0.01506007 -0.05861291 -0.11210987 0.07481989 0.07372032 -0.08772559 -0.06411391 0.06550655 -0.01055311 -0.04221266 -0.04790456 0.05068356 -0.20388334 -0.00728622 0.06017016 -0.09616688 0.08437213 0.06382383 -0.03370155 0.17337981 0.08605439 0.03150142 -0.09041847 -0.07130400 -0.08006269 0.13161223 -0.17382306 0.05989968 -0.01133164 0.03152675 -0.01904776 -0.12769052 0.04537916 0.00887894 0.06264222 0.04435137 0.19887382 0.12356198 0.36568688 0.29176725 0.37044631 0.22079790 0.36448753 1.00000000 0.23651499 0.32265870 0.27177958 0.23179407 0.15854418 -0.03723930 -0.07052974 -0.03393953 -0.07238251 -0.01244764 -0.07081121 0.12046271 -0.11388774 0.04241545 0.14523975 -0.04041376 0.12813081
-0.20187110 -0.12424991 -0.15164116 0.10723528 -0.03834974 -0.08738712 0.05640988 0.01269080 -0.06577507 0.01056083 -0.16037558 0.03990359 -0.02367512 0.17736723 0.30241417 0.12834475 -0.10439682 0.18725789 0.04471732 0.03208610 0.10191030 0.11939191 0.15921615 0.04627444 0.00824713 0.12946398 -0.06998163 0.07463652 0.08470357 -0.15753009 -0.01720518 -0.10996016 -0.07788467 -0.17808742 -0.00392897 -0.04635077 -0.09218327 -0.04758353 0.09606554 -0.10524839 0.03942619 0.05267169 0.01944233 0.11306268 -0.02919807 -0.10680021 0.23599275 0.14392356 0.05530257 0.06219438 0.19426281 0.09480442 0.25270246 0.05994716 0.14050260 0.39642194 0.30401644 0.32137183 0.10179650 0.27007367 0.23651499 1.00000000 0.29185024 0.32906837 0.41140195 0.02083338 -0.03959886 -0.23284025 0.00265723 -0.12800686 -0.06779260 -0.03791981 -0.00371973 0.09263497 -0.08457087 0.06870369 0.04504743 -0.01604282
-0.09923446 -0.17947693 0.03170173 0.00199524 -0.08797759 0.05502188 -0.00554759 -0.01728258 -0.01760295 -0.04306536 -0.01421634 -0.07264110 -0.08852197 0.07934204 0.13200015 0.11551398 0.02573996 0.05328745 0.04728889 0.09973055 0.09742688 0.07832907 0.01322824 0.03218324 0.04734084 0.06997939 -0.10839908 0.13854956 0.06300445 -0.22618604 -0.01574182 0.02149569 -0.02714357 0.03882917 0.04993038 -0.03684299 0.00796479 0.11115372 -0.00631212 -0.07251938 -0.03566112 0.14124568 -0.05897868 0.05169703 -0.02962151 0.03607070 0.17084594 -0.07021598 0.03105511 -0.04665144 0.03754574 -0.01508116 0.31875466 0.28364721 0.27944862 0.38120589 0.16622456 0.27367799 0.23897496 0.18656675 0.32265870 0.29185024 1.00000000 0.27435948 0.38048087 0.03829897 0.04118116 -0.05263622 -0.12640234 -0.12017235 -0.17264530 -0.12990461 -0.06282686 -0.11503107 -0.07904553 0.07216782 -0.11831142 0.08151496
-0.00287490 0.04942009 0.03927233 -0.06640216 -0.10864091 0.05146563 -0.07884095 -0.02470052 -0.00020974 0.02582058 0.00567497 -0.06647170 -0.07803154 -0.00402566 0.06182085 -0.04924304 -0.01723369 -0.11709816 0.04678870 0.04260395 -0.06413154 -0.07577756 0.03282175 -0.01953411 0.07728801 -0.01030874 -0.10510708 0.12142398 0.09111202 -0.13115144 -0.02085295 0.04342838 0.02578892 0.03265149 -0.09417459 0.18201516 -0.01689972 0.07120514 -0.06638574 -0.20855068 0.16491959 0.05063954 0.06981652 -0.00140373 -0.00155927 -0.02006325 0.14454005 0.06375670 0.04321461 -0.00687910 -0.07429234 0.07974573 0.23847767 0.26752652 0.29760450 0.48849827 0.18900749 0.16394116 0.12232728 0.26305518 0.27177958 0.32906837 0.27435948 1.00000000 0.31679053 0.13654054 -0.10355467 -0.01669750 -0.14650078 -0.27052364 0.01052683 0.01617763 0.01021682 -0.17673114 -0.15162903 0.02649147 0.01596710 0.00351447
0.03438821 -0.12758371 -0.02025417 -0.02550809 -0.11575280 0.11028839 0.02961535 -0.02252279 -0.05679277 -0.02083657 0.05083594 -0.03508355 -0.09015107 0.05729700 0.13902794 0.10558524 -0.02462983 0.09898783 -0.10678183 -0.04109977 0.09750762 0.06506047 0.03180177 0.05435819 0.08936664 0.08287978 -0.02930243 0.03994631 0.21097133 -0.15717202 -0.02015971 0.06256429 0.04967330 -0.00145021 -0.09421306 0.05704771 0.03340325 0.07974645 0.00818679 -0.16073832 0.08553608 0.17157217 0.07546877 0.20407961 0.04267022 -0.03822143 0.23406662 0.25343050 0.02075860 0.02713876 0.04981966 0.12013546 0.26438391 0.24887862 0.26133092 0.26919106 0.28441962 0.21675180 0.29985613 0.12701781 0.23179407 0.41140195 0.38048087 0.31679053 1.00000000 0.00289737 -0.11489699 -0.10947826 0.04334868 -0.18565763 -0.09948974 -0.05913019 -0.08145500 -0.00379208 -0.08520776 0.00388293 -0.16421940 -0.02139303
0.02622542 0.08318250 -0.00000183 0.08553856 0.04359165 0.05495982 -0.05651924 -0.03860573 0.02360176 0.17278751 0.03717264 -0.01919320 0.15918768 -0.19450184 -0.12707865 -0.18150799 -0.03383473 -0.18739745 -0.04537113 0.05940277 -0.05725396 -0.16211022 -0.02733021 -0.05484064 -0.01388480 -0.09279448 -0.04373157 0.06938351 0.01753454 -0.09910094 -0.04537202 0.02870485 -0.04952695 0.04225246 0.11107010 0.04979010 -0.02389624 0.12350948 -0.04137904 -0.01294833 -0.02236873 -0.05364399 -0.16085524 0.00432651 -0.01549617 0.11853759 0.03325282 -0.07440964 -0.02260865 0.05505093 -0.03594562 0.02763201 -0.12027401 0.19241834 0.09006154 0.06269634 -0.00972552 -0.17046059 0.02710940 0.10278449 0.15854418 0.02083338 0.03829897 0.13654054 0.00289737 1.00000000 0.13290128 0.19237588 -0.07183096 -0.04640055 0.22792321 0.00169635 0.08407334 0.07873894 0.26297246 0.13908035 0.07319027 0.33282608
-0.08420623 0.11123891 0.12138164 0.11482669 0.06021826 -0.09326544 -0.10316388 -0.10032595 0.18827478 0.13046006 0.06572249 -0.04198107 0.12779372 -0.11508003 -0.19002561 -0.17830698 -0.05764807 -0.24042358 0.26906785 0.04190267 -0.09282296 -0.19772923 0.03979431 0.04806220 0.07933851 -0.23506241 -0.00237192 0.03915237 0.05855406 0.01605889 0.02476705 -0.29647937 -0.17599992 -0.03678281 0.25228740 -0.02783215 0.00653854 0.03614269 0.04184527 0.37003920 -0.04024874 0.05618427 -0.31142215 0.01385862 -0.03261409 -0.10107818 0.00759781 -0.37718882 0.12326242 0.11370967 0.29775255 0.13249133 0.09798034 0.11778273 -0.05050173 0.07462705 0.04555458 -0.09123734 -0.07231013 0.15289693 -0.03723930 -0.03959886 0.04118116 -0.10355467 -0.11489699 0.13290128 1.00000000 0.28986038 -0.15925294 0.43767818 0.30147891 0.29983718 0.46817054 0.29119032 0.11760990 0.50253926 0.32593048 0.39460403
0.09275888 0.12943330 -0.03819959 0.05482903 -0.06245386 0.06657813 -0.04584032 -0.01277781 0.06526438 -0.03772500 -0.00500187 -0.07076057 0.17261243 -0.03853501 -0.15224259 -0.06202928 -0.04172063 -0.14513942 0.07526239 0.04753813 -0.04436484 -0.12585154 -0.01143555 -0.08810397 -0.00164908 -0.07867596 0.10205266 0.05642775 0.00210332 0.08052048 0.01681961 0.06528090 0.16514784 0.05915482 0.11642543 0.06339919 0.10381275 0.13001203 -0.12418403 0.06727090 -0.01855557 0.01273883 -0.10449414 -0.00381801 -0.00881250 0.04975160 -0.03748815 -0.11061838 0.01376437 0.04973299 -0.02957631 0.02918005 -0.05593672 0.00768603 0.08974897 -0.12865042 -0.04923625 -0.09252601 -0.01440339 -0.18214704 -0.07052974 -0.23284025 -0.05263622 -0.01669750 -0.10947826 0.19237588 0.28986038 1.00000000 0.14172082 0.19357624 0.23497384 0.21950353 0.19166337 0.23565994 0.25103193 0.23027975 0.22346637 0.36261125
0.16823977 0.06006435 -0.06424271 0.06666607 0.03105363 -0.00070340 0.06150358 -0.01262838 -0.08538223 -0.19439086 0.01510632 0.04822603 0.09113670 0.16860989 0.18357689 0.21851893 0.07500731 0.26169177 -0.11143238 0.03012516 0.18258393 0.04648766 0.02323124 -0.02862970 0.04581795 0.24611686 -0.00889603 -0.02291255 0.00767379 0.15233741 0.01345321 0.14597288 0.12249554 -0.04524746 -0.06055730 -0.03344235 0.07168984 -0.05340287 0.00914817 -0.23071143 -0.03233826 -0.16651946 0.15615477 -0.09036365 -0.03645907 -0.10978011 -0.20300729 0.24603983 -0.10001840 -0.06313615 -0.17984343 -0.13644435 -0.02899929 -0.25973677 0.01121375 -0.18071660 -0.04813725 0.12637624 -0.06560305 -0.22168802 -0.03393953 0.00265723 -0.12640234 -0.14650078 0.04334868 -0.07183096 -0.15925294 0.14172082 1.00000000 0.24562590 0.02023680 0.13413931 0.00403677 0.15303854 0.07283046 -0.01980826 0.05144402 -0.02517027
0.03121065 0.02052873 0.06063312 0.12568385 0.12006900 -0.00714377 -0.16716009 -0.10807241 0.08156268 0.02084658 0.06666792 0.10004537 0.15362172 -0.08741457 -0.01257879 -0.04071790 0.03207906 -0.12861100 0.14645004 -0.11622432 -0.13847138 -0.14098319 -0.04964021 0.09612011 -0.05441581 -0.12555511 0.04321614 -0.05152671 -0.13490299 0.09129947 0.19051141 -0.17195943 -0.01913648 -0.02052994 0.04429577 -0.08143620 0.15799070 -0.12278944 0.06347411 0.24822898 -0.04984106 0.01811611 -0.19702968 0.00253982 -0.08907794 -0.20325174 -0.10700293 -0.27522195 0.11934464 0.07874594 0.09011058 -0.09268411 0.14444213 -0.12779008 -0.14098010 -0.07601234 -0.12377484 -0.09546267 -0.11353064 -0.07238079 -0.07238251 -0.12800686 -0.12017235 -0.27052364 -0.18565763 -0.04640055 0.43767818 0.19357624 0.24562590 1.00000000 0.35841459 0.43881305 0.35185474 0.26972937 0.18787568 0.28038634 0.30131937 0.21664384
0.05293576 0.08401395 0.07868449 0.12514837 0.10818818 0.04697342 -0.03269337 -0.03140003 0.19287414 0.13332347 0.06088070 -0.00109728 0.10480250 -0.28293908 -0.26098722 -0.41552262 -0.05358655 -0.37674682 0.25148558 -0.01557309 -0.31175117 -0.39151810 -0.07883808 -0.12549460 0.02777843 -0.36426324 0.02604536 -0.05112055 0.04995793 0.03288754 0.10332359 -0.24862219 -0.16939951 -0.08218962 -0.00651007 0.02853841 0.22735799 0.00649607 0.04385933 0.21509247 0.08429113 -0.02892142 -0.23735871 0.08450199 0.01372957 -0.09083398 -0.06452482 -0.33929531 0.05354570 0.11904190 0.00560912 0.00840752 0.03347721 0.07965153 -0.06277118 0.08948017 0.01291226 -0.09607441 -0.03962328 0.02130016 -0.01244764 -0.06779260 -0.17264530 0.01052683 -0.09948974 0.22792321 0.30147891 0.23497384 0.02023680 0.35841459 1.00000000 0.42759439 0.43874558 0.26197191 0.31536030 0.42483138 0.42681359 0.23209465
0.02179765 0.01846946 0.10472731 0.08372173 0.12171921 -0.03304574 -0.13871144 -0.05462382 0.14051184 0.00893105 0.07345983 0.01765266 -0.02881066 -0.16228069 -0.08847478 -0.21461975 -0.01625278 -0.19864901 0.20768344 0.00176415 -0.12827316 -0.29850519 0.05498122 -0.00220142 0.06764320 -0.16176810 0.06349774 0.07558528 -0.01905572 0.06934565 0.16271194 -0.16056630 -0.05130259 0.02880890 -0.02110750 0.08678778 0.19407144 -0.02815425 0.08752385 0.17098101 0.16413056 -0.01610478 -0.26545047 0.06188660 -0.11366616 -0.12828043 0.05417595 -0.24207524 0.09049235 0.01198851 0.09206547 -0.02551251 -0.03271566 -0.13746837 -0.08109421 0.02529986 -0.01099538 -0.10442753 -0.10026554 -0.10489747 -0.07081121 -0.03791981 -0.12990461 0.01617763 -0.05913019 0.00169635 0.29983718 0.21950353 0.13413931 0.43881305 0.42759439 1.00000000 0.36417789 0.26990113 0.03360648 0.23475388 0.32183818 0.20712833
-0.06339338 0.15405426 0.02552395 0.14291104 0.08734601 -0.13402613 -0.06301125 -0.07602762 0.19261480 0.03570676 -0.00568019 0.09618499 0.01238375 -0.19586454 -0.26195693 -0.27832090 -0.04648946 -0.24990247 0.29761190 0.00574077 -0.16258634 -0.26555305 -0.05670756 -0.00517205 0.13773262 -0.22250674 -0.08948845 -0.00524971 0.06780152 -0.11628872 0.09970487 -0.25898097 -0.09892564 -0.05155496 0.14777530 0.09250287 0.10794346 -0.01831616 0.09897477 0.16855988 0.12602812 -0.02816484 -0.16492084 0.02018659 -0.02650849 -0.19988485 0.02620156 -0.31365416 0.02232913 0.09589642 0.07584718 -0.04736001 0.07505541 0.03445762 -0.01544588 0.11989700 -0.05335905 -0.02617729 -0.01529884 0.11899154 0.12046271 -0.00371973 -0.06282686 0.01021682 -0.08145500 0.08407334 0.46817054 0.19166337 0.00403677 0.35185474 0.43874558 0.36417789 1.00000000 0.26476127 0.19529769 0.37805873 0.38063540 0.29507273
0.04729660 0.02997843 -0.02647908 0.04697777 0.20743017 -0.09690073 -0.06494944 -0.19357572 -0.00831835 0.09772176 0.05510821 0.09252132 0.03651330 -0.09122379 -0.17786180 -0.15451230 -0.02669791 -0.09546901 0.14467837 0.05002853 -0.11294254 -0.14892471 -0.03717516 -0.01602067 0.04946305 -0.11355340 0.09819551 -0.04295188 0.03350362 0.05630225 0.04189272 -0.21221298 -0.10350875 -0.12935292 0.11684122 -0.04287029 -0.04676091 -0.17325292 -0.00406277 0.15139075 0.15453790 0.13604995 -0.21629500 0.19090799 -0.02902739 -0.03110150 0.00207634 -0.02468130 0.08047940 0.12423217 0.16406494 0.05724234 0.09107649 0.07011293 -0.05663303 0.01784911 0.04844653 -0.08517383 -0.09909139 -0.07428478 -0.11388774 0.09263497 -0.11503107 -0.17673114 -0.00379208 0.07873894 0.29119032 0.23565994 0.15303854 0.26972937 0.26197191 0.26990113 0.26476127 1.00000000 0.18795831 0.13123816 0.36434267 0.22834133
0.05153478 0.09438713 -0.04704777 0.09230625 0.13148788 0.06604237 0.00222388 -0.14379651 0.05638313 0.05170477 0.04871688 0.02547408 0.09440341 -0.00619231 -0.14229051 -0.11905698 -0.07209477 -0.06430506 0.09759175 -0.03619890 -0.02445086 -0.12067779 -0.12347428 -0.25286462 0.00208668 -0.14043388 0.14364335 -0.13073786 -0.01154648 0.05707394 0.09811848 0.06829287 0.17602900 0.04776729 0.08419488 -0.00556816 0.09672699 -0.01345300 0.01703362 0.03409310 -0.04568541 -0.01869614 -0.08027305 0.01785393 0.01427602 0.08478714 -0.11083204 -0.04998744 -0.12258974 0.03038101 -0.05010117 -0.12143106 -0.00846347 -0.04564610 0.04908486 -0.03343714 0.06005962 0.09468556 0.02317718 -0.13514634 0.04241545 -0.08457087 -0.07904553 -0.15162903 -0.08520776 0.26297246 0.11760990 0.25103193 0.07283046 0.18787568 0.31536030 0.03360648 0.19529769 0.18795831 1.00000000 0.15737170 0.28745275 0.18545803
-0.01917002 0.16892272 0.09414936 0.19191199 0.06138229 -0.05863384 0.01536005 0.03987431 0.24893435 0.05513872 -0.00938140 -0.02338901 0.07673651 -0.19369503 -0.21277849 -0.22090669 -0.01568764 -0.25670667 0.26677560 0.17442145 -0.17026622 -0.25500205 -0.06910968 -0.05639729 0.07425108 -0.31157040 0.12064047 0.09254084 0.13671382 0.00159505 0.15163554 -0.17003051 -0.18926623 -0.03046671 0.15084657 0.11135366 0.19720688 0.16193076 0.12589483 0.20455174 0.07001282 -0.06037402 -0.17256432 0.02456793 -0.00521677 0.02074450 -0.04048106 -0.21335858 -0.09572666 0.00691257 0.08192442 -0.03235288 0.07920995 0.07666286 -0.01737352 0.10638484 0.15799108 0.00709120 0.07306384 0.11003969 0.14523975 0.06870369 0.07216782 0.02649147 0.00388293 0.13908035 0.50253926 0.23027975 -0.01980826 0.28038634 0.42483138 0.23475388 0.37805873 0.13123816 0.15737170 1.00000000 0.33439298 0.41359516
-0.05433961 0.11869592 -0.00162288 0.20141961 0.09456844 -0.08555117 -0.05208541 -0.09267617 0.16147045 0.17438267 0.02447066 0.07192436 0.14115417 -0.20469024 -0.16592796 -0.24584516 -0.03745558 -0.28109888 0.27335385 0.02237303 -0.18612728 -0.33510282 0.03604952 -0.03314311 0.13938657 -0.26145764 0.10972944 -0.03189735 0.01070087 -0.07838024 0.10447193 -0.31468591 -0.14480262 -0.17438785 0.07841386 -0.00020901 0.04388086 -0.08703472 -0.00204953 0.16245040 0.08791656 -0.01644555 -0.23748511 0.08120400 0.00997298 -0.14429143 -0.05517458 -0.21332871 0.01811137 0.11871081 0.08424651 -0.01285575 0.18931955 0.00060433 -0.02552053 0.16266393 0.05477304 0.00802622 -0.18411953 0.07778506 -0.04041376 0.04504743 -0.11831142 0.01596710 -0.16421940 0.07319027 0.32593048 0.22346637 0.05144402 0.30131937 0.42681359 0.32183818 0.38063540 0.36434267 0.28745275 0.33439298 1.00000000 0.27046994
-0.03403563 0.10319058 0.10627270 0.05140101 -0.03418780 -0.01475042 -0.03980744 0.03365529 0.11541800 0.03850643 0.10116969 -0.00753483 0.15237209 -0.05738459 -0.12677657 -0.05638682 0.06389592 -0.10574348 0.04034612 0.14735794 0.09590294 -0.04621358 -0.00395615 -0.00418871 0.12219519 -0.06807488 0.13780337 0.00655914 0.03812584 -0.01756451 0.03383285 -0.02622177 -0.06251104 0.00062035 0.10915091 0.02890710 0.02288455 0.16884587 0.01591647 0.10106174 -0.05448392 -0.00086791 -0.10398007 0.02937552 -0.00539389 0.01775091 0.10127776 -0.10919435 -0.05191319 0.06273447 0.06465200 0.09769935 -0.01343273 0.15855170 0.08710781 0.06257272 0.04241506 -0.04725248 0.00648826 0.02796969 0.12813081 -0.01604282 0.08151496 0.00351447 -0.02139303 0.33282608 0.39460403 0.36261125 -0.02517027 0.21664384 0.23209465 0.20712833 0.29507273 0.22834133 0.18545803 0.41359516 0.27046994 1.00000000
