1.00000000 0.23550992 0.15779199 0.07655595 0.13787787 0.22815366 0.25366226 0.20754108 0.13177421 0.25429577 0.22201030 0.25579862 0.26086255 -0.06479103 -0.08025349 -0.06513124 0.11226425 -0.09443570 0.07785591 0.00669919 -0.06103133 -0.08452810 0.00347076 0.08444808 0.03106226 -0.02585368 -0.00516655 0.07147881 0.00080156 0.02700607 0.00329052 -0.06645572 -0.00011586 0.07185314 -0.02626892 0.06789187 -0.02432257 -0.05511724 -0.07264333 0.02087265 0.05492221 0.04311111 -0.05971604 0.04288455 0.05398006 0.06210458 0.03458853 0.01403617 0.06881166 0.05871769 -0.02556359 0.07164694 0.03488372 0.01096619 0.07522232 0.00481453 -0.04023306 -0.05400640 -0.03093941 -0.01221676 -0.04490025 -0.05558476 -0.00917586 0.00391284 -0.05089068 0.05961433 0.03349028 0.00333617 -0.00150523 0.05278231 0.01871667 0.03662012 0.00264820 0.02103924 0.07136382 0.01002321 0.02670323 0.01567861
0.23550992 1.00000000 0.34173786 0.25837451 0.30283438 0.19820675 0.22117533 0.29840755 0.28577489 0.29094823 0.27878105 0.17957951 0.26648619 -0.13930376 -0.14097868 -0.10381957 0.15211182 -0.16610717 0.14821088 0.07412387 -0.11039873 -0.14187525 -0.00350643 0.14661958 0.11026541 -0.13382466 -0.01393720 0.07385521 0.02620019 0.03054465 -0.02334495 -0.15709483 -0.07374866 0.03402619 0.00334473 0.09726777 0.00525208 0.05098694 0.02481707 0.03889530 0.01139757 0.01498888 -0.12112226 0.09121709 0.08000776 0.00890694 0.04297115 -0.10153353 0.06037232 0.00752151 0.01849537 0.04771758 0.07124769 0.10396014 0.09961864 0.10269983 0.06291964 -0.08591908 0.03019009 0.10346234 0.05297355 0.03443547 0.08597585 0.09210865 0.05111541 0.02922810 0.12474425 0.03095470 -0.08449000 0.01579864 0.05662051 0.00958167 0.07878737 0.04523334 0.01853535 0.11115248 0.04361351 0.09934866
0.15779199 0.34173786 1.00000000 0.25607070 0.33480981 0.27240145 0.11140115 0.24091950 0.24597537 0.22589208 0.36416013 0.21012789 0.23972908 -0.13672482 -0.15693002 -0.10473182 0.16237862 -0.16101595 0.11170353 0.10055615 -0.10759553 -0.12480353 -0.03718395 0.13438814 0.10659164 -0.13376396 0.06081103 0.05623556 0.01905211 0.02472559 0.02836849 -0.13579296 -0.13207633 0.05059191 0.06915019 0.15240128 0.01692801 0.04448794 0.04483598 0.07237668 0.01102814 0.02840980 -0.07361398 0.06161708 0.08417027 0.04957310 0.05332680 -0.08943235 0.05707375 0.00245749 0.02399952 0.08303840 0.06578116 0.11259994 0.07259006 0.05197908 0.03449054 -0.05775832 0.07974676 0.07546533 0.06963775 0.01776935 0.08781152 0.06016803 0.06328316 0.09760381 0.13539856 0.08342715 -0.11106975 0.02654557 0.03381180 0.00170888 0.07680825 0.06372756 0.03762536 0.11955563 0.05627335 0.14038810
0.07655595 0.25837451 0.25607070 1.00000000 0.17057982 0.19818270 0.20535847 0.25069549 0.35298539 0.17684371 0.24451924 0.21810414 0.24248977 -0.19431796 -0.15395376 -0.14864289 0.06899053 -0.16824937 0.11795340 0.07010771 -0.15411008 -0.14462066 -0.06585118 0.00751207 0.11819615 -0.19326622 -0.00196108 -0.00455192 0.06277216 -0.03358568 -0.01129405 -0.15122595 -0.13081529 -0.05205332 0.04847098 0.07784396 0.06676836 0.04927786 0.06476562 0.09659059 0.01488456 0.03729898 -0.08080975 0.10088141 0.07556620 0.01476867 0.03447667 -0.15999734 0.06264971 0.00300780 0.04775341 0.02280081 0.10905464 0.14139176 0.07910926 0.10935988 0.06425944 -0.02454041 0.06357144 0.11267455 0.11882330 0.06538959 0.07489931 0.10047316 0.07510889 0.09993814 0.12917660 0.05666667 -0.10838663 0.06298188 0.11899227 0.07672945 0.11486471 0.06408816 0.06174015 0.14935956 0.08371047 0.10899792
0.13787787 0.30283438 0.33480981 0.17057982 1.00000000 0.20697266 0.23786065 0.26349340 0.20631386 0.24481224 0.26129106 0.20059446 0.21970889 -0.20130943 -0.19133198 -0.18969233 0.11906639 -0.22589400 0.15014057 0.10087337 -0.16517753 -0.19756056 -0.07407394 0.08335391 0.12220863 -0.20935307 0.02184834 0.03579992 0.04433556 0.02307895 -0.00737445 -0.21190499 -0.15211092 0.02966469 0.07045291 0.10446722 0.05271808 0.06159428 0.02557142 0.09674222 0.02192462 0.02436501 -0.11891353 0.05956927 0.07089501 0.03817145 0.05101821 -0.16118846 0.09105514 -0.00490481 0.05508931 0.08554108 0.06971648 0.12975093 0.06512680 0.10630474 0.09480730 -0.08182495 0.06879683 0.14989192 0.11109204 0.02662260 0.09259268 0.09667494 0.09656971 0.09115691 0.18556496 0.07266903 -0.13898311 0.02441437 0.07711370 0.03748592 0.11370958 0.03223263 0.04053829 0.16461181 0.07679221 0.11948606
0.22815366 0.19820675 0.27240145 0.19818270 0.20697266 1.00000000 0.23899604 0.23491376 0.08536474 0.24850571 0.27744464 0.16360025 0.31990533 -0.09634539 -0.12807678 -0.10445183 0.09581597 -0.12628450 0.03005358 0.04255932 -0.10887968 -0.11148294 -0.02881820 0.07922927 0.04540317 -0.09221535 0.01130239 0.02762723 -0.03275572 -0.00541017 0.02218363 -0.11838622 -0.05698229 0.01127327 0.03503862 0.08238289 0.00310947 -0.00467156 0.01390633 0.05564822 0.05521326 0.07635769 -0.04827145 0.07295866 0.05225158 0.04160107 0.03067934 -0.04442207 0.06912362 0.04630125 0.02554205 0.05542520 0.02027548 0.05576264 0.03319880 0.01726302 0.00963321 -0.04558600 0.04661497 -0.00404210 0.00849596 -0.02755955 0.05801911 0.02142854 0.03773422 0.09472651 0.06745125 0.06642938 -0.01698519 0.05520474 0.04119603 0.03637487 0.04980892 0.01377012 0.08060852 0.06700795 0.03877805 0.09806126
0.25366226 0.22117533 0.11140115 0.20535847 0.23786065 0.23899604 1.00000000 0.18521651 0.25389079 0.27509490 0.28843731 0.27343856 0.29625516 -0.06955156 -0.05243689 -0.06230072 0.09565012 -0.07344463 0.10173955 -0.00701499 -0.06008757 -0.06935004 0.03419920 0.12001099 0.07535510 -0.04040883 -0.03461521 0.08404175 0.03166211 -0.00752127 -0.03526825 -0.10434463 -0.04770815 0.05387963 0.01280578 0.07531882 -0.02618379 0.02645995 -0.01314944 0.02623465 0.04564576 0.06203074 -0.03886659 0.12025288 0.05970229 0.05306819 0.02817676 0.01037374 0.09445828 0.05912428 0.05613348 0.09099036 0.08565425 0.08707755 0.07524100 0.06658867 0.01442671 -0.01748372 0.02464958 0.08513559 0.03299139 0.03659598 0.05431606 0.04957172 0.04737262 0.06384052 0.07371757 0.05271347 -0.01173724 0.01633161 0.03085257 0.04490809 0.02922484 0.04929190 0.03687925 0.07736688 0.07148970 0.05315117
0.20754108 0.29840755 0.24091950 0.25069549 0.26349340 0.23491376 0.18521651 1.00000000 0.32486328 0.26942686 0.22378653 0.16844736 0.32233259 -0.07698116 -0.09792368 -0.04547803 0.16366491 -0.08541340 0.05183430 0.13232908 -0.02947769 -0.05427189 -0.02196138 0.14891171 0.08415976 -0.07201941 0.10777690 0.02854820 -0.01774927 0.02548487 0.02121846 -0.10468828 -0.10293101 0.00538326 0.09470334 0.13868623 -0.06771793 0.09245221 0.07436551 0.07065885 -0.01101917 0.00797857 0.00999830 0.10768827 0.05871530 0.05131688 0.03030598 -0.05590289 0.08420006 0.00442783 0.05210445 0.11059918 0.07478025 0.17418941 0.09451403 0.11132346 0.08992449 -0.02283204 0.09593836 0.13141537 0.13037253 0.08343281 0.16283033 0.13959300 0.12982346 0.11861214 0.11866400 0.06707498 -0.11805100 -0.02713313 0.05495126 -0.00370298 0.07364771 0.06099990 0.01996202 0.17222305 0.07854718 0.14055987
0.13177421 0.28577489 0.24597537 0.35298539 0.20631386 0.08536474 0.25389079 0.32486328 1.00000000 0.19004909 0.15134050 0.22159365 0.21005835 -0.10215609 -0.06008877 -0.06070541 -0.01410693 -0.07268350 0.06767807 0.07223731 -0.06576166 -0.03068941 -0.09859146 -0.03498887 0.05503738 -0.14169822 0.01469027 -0.05651635 0.01860504 -0.04544722 -0.01825355 -0.05359086 -0.08494447 -0.07307647 0.09317097 0.03701640 0.04358589 0.04905668 0.03925046 0.01860694 -0.00455870 -0.03558339 -0.00849916 0.02424009 0.03728722 0.00069477 0.05112939 -0.09815512 0.04526660 -0.05621885 0.02977719 0.04381001 0.08750294 0.12023626 0.04587345 0.12355916 0.04995030 -0.02040308 0.07369219 0.13618751 0.14108340 0.07422326 0.08224608 0.07001328 0.08007316 0.07139128 0.08471906 -0.00272227 -0.13129857 -0.02476355 0.08475162 0.02793199 0.03697244 0.02550363 0.00645588 0.10868205 0.04534446 0.05972115
0.25429577 0.29094823 0.22589208 0.17684371 0.24481224 0.24850571 0.27509490 0.26942686 0.19004909 1.00000000 0.23288065 0.25622239 0.22101832 -0.07271901 -0.06018822 -0.06025769 0.15103236 -0.09332655 0.07288217 0.03879128 -0.05649616 -0.09096116 0.04108855 0.16034484 0.09341350 -0.05810470 0.03357704 0.10997104 0.03591772 -0.00248779 -0.02764424 -0.09355036 -0.04158949 0.03526085 0.01987358 0.06386962 -0.01033204 0.03037881 0.03646169 0.02560423 0.04640733 0.05085169 -0.04117332 0.09423743 0.05353255 0.06289660 0.04781378 -0.00694899 0.10053852 0.04069980 0.03151729 0.08060219 0.08965774 0.07821788 0.08438449 0.06336991 0.02575273 -0.03462523 0.05187932 0.05598027 0.02768912 0.04943459 0.07178036 0.07185068 0.04974297 0.07992599 0.06949914 0.01631909 -0.03750460 0.00978168 0.02018832 0.02436702 0.02000165 0.02215201 0.03414601 0.08159317 0.04325152 0.08409316
0.22201030 0.27878105 0.36416013 0.24451924 0.26129106 0.27744464 0.28843731 0.22378653 0.15134050 0.23288065 1.00000000 0.14581382 0.26556575 -0.16241329 -0.15963399 -0.12158204 0.17154211 -0.16966078 0.11638206 0.04726704 -0.14263423 -0.13959537 0.00601420 0.13628943 0.11397259 -0.11450833 0.00825119 0.07716898 0.01458243 -0.01252569 -0.00876800 -0.16118830 -0.12681612 0.07247822 0.04325108 0.14196904 0.03315437 0.05470998 -0.01960766 0.06782416 0.04000066 0.09199081 -0.11218789 0.09283397 0.08945724 0.07636982 0.03558106 -0.06541751 0.08693986 0.08699785 0.02527338 0.07678216 0.05345305 0.08723492 0.06171415 0.06138615 -0.01819937 -0.06375496 0.00409831 0.03615493 -0.01181338 -0.01804815 0.04212451 0.03616588 0.02580994 0.07227656 0.09914711 0.06627810 -0.06314606 0.06584253 0.07811453 0.04062310 0.07754423 0.06772514 0.08502504 0.11977683 0.07472766 0.11919841
0.25579862 0.17957951 0.21012789 0.21810414 0.20059446 0.16360025 0.27343856 0.16844736 0.22159365 0.25622239 0.14581382 1.00000000 0.25072765 -0.02373824 0.01948876 -0.00179095 0.02542437 -0.01315268 0.03031204 -0.01039406 0.00669832 0.00241186 0.05398926 0.03963033 0.04393641 0.00343836 -0.01060413 0.03175867 0.03780483 -0.01192355 -0.03427173 -0.03100348 -0.03489047 0.03341603 0.01533505 0.04016554 -0.02860406 0.03124483 0.00869502 0.00527112 -0.01338623 0.01186210 0.01715065 0.00800893 0.04128303 -0.02249593 0.03520844 0.02510441 0.02520622 0.00869650 0.03237364 0.05205156 0.04575158 0.04648090 0.04825131 0.00429483 0.01957326 -0.02487356 0.01253731 0.07290592 0.06012560 0.04232462 0.02304921 0.00760603 0.02383947 0.02569125 0.01922814 -0.01798967 0.00448679 -0.04467010 -0.01990097 -0.03022002 0.01024031 -0.02023037 0.00423881 0.02561368 -0.02539959 -0.00035477
0.26086255 0.26648619 0.23972908 0.24248977 0.21970889 0.31990533 0.29625516 0.32233259 0.21005835 0.22101832 0.26556575 0.25072765 1.00000000 -0.09133906 -0.09230024 -0.08417813 0.10124805 -0.10254831 0.09223725 0.09314305 -0.06301944 -0.09950906 0.03665391 0.08663356 0.07054804 -0.08055005 0.01243891 0.03686800 0.00527542 -0.01508413 0.00118779 -0.11807654 -0.05103008 0.02976832 0.01426925 0.08190655 -0.03333196 0.02822629 0.03439495 0.04510132 0.01071127 0.04320724 -0.05473639 0.06709543 0.06473963 0.04339066 0.07910138 -0.01118444 0.07209915 0.06936363 0.02890667 0.11523464 0.05614788 0.07877364 0.06532280 0.01993312 0.02069813 -0.06366021 -0.00226125 0.04136859 0.00596384 0.00057268 0.04136251 0.01329112 0.03949085 0.04806688 0.04635668 0.03905587 -0.03648330 0.00337674 0.01492707 -0.02693681 0.00974265 0.00343880 0.01721075 0.06040995 0.01118134 0.06526408
-0.06479103 -0.13930376 -0.13672482 -0.19431796 -0.20130943 -0.09634539 -0.06955156 -0.07698116 -0.10215609 -0.07271901 -0.16241329 -0.02373824 -0.09133906 1.00000000 0.79175955 0.76491823 -0.25842948 0.81514630 -0.45916320 -0.20926581 0.75598946 0.74223226 0.22153413 -0.02693820 -0.31648268 0.80114507 0.00457613 -0.00872849 -0.05767372 0.01841713 -0.01896570 0.60199179 0.51371102 0.02411599 -0.08302972 -0.25657928 -0.22156131 -0.02273751 -0.01135769 -0.33681981 -0.06718541 -0.21343063 0.44898713 -0.11514243 -0.16121108 -0.11837915 -0.12712819 0.56849981 -0.22760993 -0.07293113 -0.07007277 -0.10477707 -0.11043966 -0.18999289 -0.08479142 -0.12812409 -0.06388075 0.21500551 -0.01503099 -0.15800018 -0.13426146 -0.02579181 0.01970098 -0.07997749 -0.00077442 -0.23249228 -0.39863797 -0.18920165 0.42422978 -0.21607607 -0.33799763 -0.17783647 -0.33159629 -0.18966205 -0.30047622 -0.34504634 -0.27994383 -0.21295954
-0.08025349 -0.14097868 -0.15693002 -0.15395376 -0.19133198 -0.12807678 -0.05243689 -0.09792368 -0.06008877 -0.06018822 -0.15963399 0.01948876 -0.09230024 0.79175955 1.00000000 0.78559068 -0.32671392 0.85804159 -0.48333080 -0.28655809 0.78065284 0.75133004 0.17755273 -0.09820210 -0.38778270 0.80158885 -0.04168187 -0.02972942 -0.02105082 -0.02571087 -0.05534178 0.62725637 0.51341921 -0.00640210 -0.08626574 -0.30833365 -0.25272327 -0.04513805 -0.03607150 -0.36893179 -0.07981024 -0.22563088 0.45875377 -0.15370523 -0.18873342 -0.13898516 -0.13278445 0.58840947 -0.23900947 -0.09801753 -0.06988507 -0.13503807 -0.07572396 -0.19971396 -0.09430966 -0.11812890 -0.07721380 0.24095253 -0.05492685 -0.14251630 -0.15191224 -0.01595140 -0.00751280 -0.10642666 -0.00281413 -0.24701215 -0.43504521 -0.20442635 0.46710216 -0.22579191 -0.33170212 -0.17023555 -0.35177358 -0.16825087 -0.31285839 -0.37618886 -0.28702045 -0.22827226
-0.06513124 -0.10381957 -0.10473182 -0.14864289 -0.18969233 -0.10445183 -0.06230072 -0.04547803 -0.06070541 -0.06025769 -0.12158204 -0.00179095 -0.08417813 0.76491823 0.78559068 1.00000000 -0.22305166 0.81942129 -0.46354003 -0.22194930 0.73530636 0.75697020 0.21014962 -0.02041175 -0.32685009 0.78323633 -0.00227625 -0.00834124 -0.03053891 0.01985015 -0.02935651 0.60255159 0.49555695 0.02812679 -0.04929148 -0.23404403 -0.23404101 -0.01550916 -0.01706350 -0.31361621 -0.07093744 -0.19714292 0.46762944 -0.10684737 -0.16447368 -0.11897729 -0.13123175 0.56092806 -0.22500228 -0.06381581 -0.04638212 -0.10929131 -0.07453666 -0.16993554 -0.04462466 -0.12207746 -0.04571380 0.21191113 -0.02421420 -0.13108793 -0.14392459 -0.00531216 0.04762875 -0.07347201 0.04436864 -0.21013239 -0.38239067 -0.17164020 0.43175724 -0.20125914 -0.32497836 -0.16535498 -0.30423332 -0.16163074 -0.29587543 -0.30367222 -0.27316017 -0.16441105
0.11226425 0.15211182 0.16237862 0.06899053 0.11906639 0.09581597 0.09565012 0.16366491 -0.01410693 0.15103236 0.17154211 0.02542437 0.10124805 -0.25842948 -0.32671392 -0.22305166 1.00000000 -0.36927661 0.30625419 0.34886793 -0.22562224 -0.22855049 0.06373001 0.49868558 0.43012843 -0.23448028 0.08041249 0.09395011 -0.01086664 0.05492394 0.01357537 -0.28808562 -0.25239653 0.06077843 0.02478080 0.26394777 0.08618526 0.09924494 0.03142303 0.18569608 0.01767169 0.15344740 -0.22174852 0.19359490 0.09224529 0.09161256 0.09926997 -0.24098749 0.19439919 0.10231388 0.09440711 0.16461055 0.05062985 0.13703771 0.11975688 0.04952160 0.05351548 -0.13961645 0.07069361 0.07372855 0.06706623 0.03135907 0.09932038 0.14681503 0.09884867 0.14251063 0.27637485 0.16513681 -0.20774859 0.11488063 0.13362770 0.09103635 0.20445361 0.05530889 0.12709836 0.29397506 0.14709324 0.23497025
-0.09443570 -0.16610717 -0.16101595 -0.16824937 -0.22589400 -0.12628450 -0.07344463 -0.08541340 -0.07268350 -0.09332655 -0.16966078 -0.01315268 -0.10254831 0.81514630 0.85804159 0.81942129 -0.36927661 1.00000000 -0.53986972 -0.32447623 0.80940233 0.82709253 0.18770491 -0.15472704 -0.39231013 0.84252216 -0.00623562 -0.03018752 -0.03270352 -0.02025023 -0.02677465 0.67983466 0.54947701 -0.00271602 -0.05595749 -0.29105565 -0.24182447 -0.02193592 -0.01664663 -0.35830274 -0.08427135 -0.24776051 0.52554766 -0.14646372 -0.19409591 -0.14956907 -0.15699705 0.62697763 -0.27411529 -0.08004365 -0.06653293 -0.13911670 -0.09945910 -0.19935413 -0.11204154 -0.11941685 -0.07421264 0.25746697 -0.05367068 -0.14603193 -0.14560834 -0.02652810 0.00625749 -0.11813847 0.01823913 -0.24450939 -0.45505344 -0.19015424 0.51332195 -0.24740723 -0.35385621 -0.18220071 -0.38133528 -0.17978897 -0.32634104 -0.36231001 -0.30152033 -0.21259555
0.07785591 0.14821088 0.11170353 0.11795340 0.15014057 0.03005358 0.10173955 0.05183430 0.06767807 0.07288217 0.11638206 0.03031204 0.09223725 -0.45916320 -0.48333080 -0.46354003 0.30625419 -0.53986972 1.00000000 0.32613377 -0.45043929 -0.46253298 0.10831999 0.25853672 0.43857945 -0.45786356 -0.00928313 0.05665241 0.09164409 0.02698778 0.00747499 -0.46540287 -0.35909304 0.03577670 0.01768905 0.20645501 0.14851334 0.03490517 -0.01035757 0.24310978 0.05642902 0.14040289 -0.33551439 0.12787619 0.16947084 0.10189181 0.13967547 -0.37541556 0.20933123 0.07673164 0.07627510 0.10271481 0.10968781 0.11418281 0.05976743 0.08562205 0.04010162 -0.14769764 -0.00023843 0.12679009 0.07024649 0.02856803 -0.04761754 0.05503513 -0.01131894 0.14276504 0.29097507 0.13409535 -0.29624249 0.14176354 0.23887731 0.13789751 0.24183794 0.13737348 0.16638798 0.23313693 0.22059105 0.13945607
0.00669919 0.07412387 0.10055615 0.07010771 0.10087337 0.04255932 -0.00701499 0.13232908 0.07223731 0.03879128 0.04726704 -0.01039406 0.09314305 -0.20926581 -0.28655809 -0.22194930 0.34886793 -0.32447623 0.32613377 1.00000000 -0.16226502 -0.21866579 0.02387974 0.23657849 0.28608409 -0.27447442 0.09606616 -0.05280608 -0.03944456 0.04543455 0.07200126 -0.29015605 -0.26639005 -0.04782188 0.04826561 0.15356056 0.08241444 0.06031751 0.04141407 0.16502077 -0.00842339 0.04251132 -0.20953687 0.06172632 0.08960211 0.05181741 0.09374370 -0.28942543 0.09756546 0.02456294 0.01145290 0.12315165 0.02867555 0.15894760 0.05744016 0.09082876 0.11171159 -0.12599433 0.09019376 0.12369867 0.19319578 0.03814969 0.05685754 0.12766010 0.05631578 0.08736943 0.24769875 0.11552327 -0.25411646 0.06999693 0.12138076 0.01338625 0.18541836 -0.02574876 0.08884591 0.21947337 0.10692473 0.12685256
-0.06103133 -0.11039873 -0.10759553 -0.15411008 -0.16517753 -0.10887968 -0.06008757 -0.02947769 -0.06576166 -0.05649616 -0.14263423 0.00669832 -0.06301944 0.75598946 0.78065284 0.73530636 -0.22562224 0.80940233 -0.45043929 -0.16226502 1.00000000 0.75838114 0.17521017 -0.05905130 -0.27229052 0.76674155 0.01875757 -0.01577940 -0.05235282 0.00366163 -0.02345708 0.57792940 0.48176958 0.01891904 -0.04273038 -0.22867663 -0.24964766 -0.02375066 -0.01294136 -0.32301868 -0.08018003 -0.20849311 0.44769769 -0.11617209 -0.15467777 -0.11293772 -0.12131568 0.54896295 -0.22230468 -0.04332520 -0.04217699 -0.07351704 -0.09329474 -0.15073024 -0.05344210 -0.11473042 -0.04531994 0.21330729 -0.00621739 -0.10385937 -0.09358245 -0.01331935 0.03033490 -0.06390257 0.03360520 -0.19990864 -0.38414864 -0.18136980 0.40973078 -0.23136950 -0.33652484 -0.18793481 -0.32276135 -0.18000924 -0.29251705 -0.30626006 -0.27427587 -0.17016075
-0.08452810 -0.14187525 -0.12480353 -0.14462066 -0.19756056 -0.11148294 -0.06935004 -0.05427189 -0.03068941 -0.09096116 -0.13959537 0.00241186 -0.09950906 0.74223226 0.75133004 0.75697020 -0.22855049 0.82709253 -0.46253298 -0.21866579 0.75838114 1.00000000 0.15930046 -0.07600934 -0.32711990 0.74767087 0.01801353 -0.02498545 -0.03402556 -0.01814275 0.00327235 0.60097684 0.48121402 0.01306801 -0.03098037 -0.23690804 -0.20461267 -0.00245078 0.00546038 -0.30133483 -0.08598242 -0.19969106 0.45996240 -0.11575488 -0.16289557 -0.10517908 -0.14000241 0.55687941 -0.23870067 -0.05836641 -0.03304184 -0.10338124 -0.10336756 -0.15830523 -0.09576586 -0.11520254 -0.06486953 0.21259927 -0.02346957 -0.11429177 -0.09838523 -0.01179236 0.04387944 -0.06998578 0.03740633 -0.19245794 -0.39417105 -0.17913993 0.41684791 -0.20105904 -0.32549372 -0.15603334 -0.31796504 -0.16924823 -0.27040731 -0.28413829 -0.26629473 -0.18315736
0.00347076 -0.00350643 -0.03718395 -0.06585118 -0.07407394 -0.02881820 0.03419920 -0.02196138 -0.09859146 0.04108855 0.00601420 0.05398926 0.03665391 0.22153413 0.17755273 0.21014962 0.06373001 0.18770491 0.10831999 0.02387974 0.17521017 0.15930046 1.00000000 0.20130377 0.16036129 0.31388266 -0.02763649 0.10875999 0.07812267 0.05897260 -0.03275298 0.03143364 0.07236702 0.06983170 -0.08450964 -0.00868464 -0.09979317 0.01577574 -0.01208320 -0.11290603 0.00151754 -0.02891088 0.09703335 0.02856698 -0.00141076 0.01018958 0.02058102 0.18767143 0.01024482 0.02353386 0.00121206 -0.00601080 0.02837835 -0.09358290 -0.01115040 -0.06120357 -0.01785997 0.07144953 -0.03912335 -0.02949052 -0.11480006 0.04834671 -0.05738975 -0.05028299 -0.01254372 -0.08206435 -0.11353002 -0.08345316 0.11403979 -0.03813767 -0.12705238 -0.06161438 -0.06431841 -0.02792911 -0.10665580 -0.14929652 -0.06705330 -0.08039471
0.08444808 0.14661958 0.13438814 0.00751207 0.08335391 0.07922927 0.12001099 0.14891171 -0.03498887 0.16034484 0.13628943 0.03963033 0.08663356 -0.02693820 -0.09820210 -0.02041175 0.49868558 -0.15472704 0.25853672 0.23657849 -0.05905130 -0.07600934 0.20130377 1.00000000 0.27615565 0.03381585 0.07213853 0.15655016 0.00820888 0.08027060 0.00181468 -0.18342782 -0.12103225 0.12429523 -0.02499317 0.20029814 -0.06562680 0.10581504 0.01850900 0.07971147 0.01045497 0.09701855 -0.09255457 0.18948064 0.06766752 0.05948365 0.09482563 -0.04971117 0.16092961 0.07763360 0.10285049 0.15834919 0.05902897 0.10680013 0.13203206 0.01239809 0.06148412 -0.09914731 0.08761432 0.05876371 0.01495354 0.06093757 0.13452728 0.13704910 0.12858234 0.08177607 0.16714470 0.08366137 -0.08777555 0.00859879 0.00145729 0.00326535 0.09411457 0.00170193 0.01972365 0.15441505 0.08889858 0.16387789
0.03106226 0.11026541 0.10659164 0.11819615 0.12220863 0.04540317 0.07535510 0.08415976 0.05503738 0.09341350 0.11397259 0.04393641 0.07054804 -0.31648268 -0.38778270 -0.32685009 0.43012843 -0.39231013 0.43857945 0.28608409 -0.27229052 -0.32711990 0.16036129 0.27615565 1.00000000 -0.34280692 0.04551538 0.00964577 0.06161305 0.01508487 -0.00109454 -0.37131285 -0.35062313 0.01365515 0.04995716 0.19473919 0.14588813 0.08064487 0.03669128 0.17814472 0.02361902 0.07565896 -0.25136454 0.08410234 0.08159765 0.04523495 0.09078773 -0.31728007 0.14027252 0.03044295 0.07132286 0.06320032 0.06384370 0.10327973 0.03603346 0.05213334 0.02881975 -0.10960941 0.03735150 0.13140815 0.06940172 0.04245177 -0.01574986 0.05699634 0.00884912 0.11971710 0.25337868 0.12742249 -0.25969863 0.10416057 0.16626473 0.07263553 0.20007163 0.08229812 0.10774075 0.22452227 0.14830588 0.15095443
-0.02585368 -0.13382466 -0.13376396 -0.19326622 -0.20935307 -0.09221535 -0.04040883 -0.07201941 -0.14169822 -0.05810470 -0.11450833 0.00343836 -0.08055005 0.80114507 0.80158885 0.78323633 -0.23448028 0.84252216 -0.45786356 -0.27447442 0.76674155 0.74767087 0.31388266 0.03381585 -0.34280692 1.00000000 -0.00289095 0.03286488 -0.03220703 0.01634561 -0.03594611 0.59687705 0.51818568 0.04617594 -0.10050681 -0.24220416 -0.26580024 -0.04827401 -0.04469818 -0.33863596 -0.05836363 -0.19093411 0.46040264 -0.10641450 -0.15312806 -0.09453975 -0.13346053 0.63431352 -0.22207970 -0.03395196 -0.04655110 -0.08850588 -0.09145395 -0.20671404 -0.05750039 -0.13740090 -0.08078614 0.24327167 -0.02837467 -0.16949725 -0.18968286 -0.01665141 0.00669442 -0.09633041 0.01314332 -0.23196192 -0.42180899 -0.19461479 0.48750407 -0.21278199 -0.36235434 -0.17897014 -0.35675258 -0.17875490 -0.29800303 -0.37287461 -0.28394877 -0.19178768
-0.00516655 -0.01393720 0.06081103 -0.00196108 0.02184834 0.01130239 -0.03461521 0.10777690 0.01469027 0.03357704 0.00825119 -0.01060413 0.01243891 0.00457613 -0.04168187 -0.00227625 0.08041249 -0.00623562 -0.00928313 0.09606616 0.01875757 0.01801353 -0.02763649 0.07213853 0.04551538 -0.00289095 1.00000000 0.10062207 0.11275889 0.17175473 0.18867095 0.07693459 0.07543695 0.10254905 0.13538648 0.16594826 0.08169074 0.15047951 0.24985299 0.06599194 -0.03666283 0.01729460 0.02175584 0.01624753 0.01125538 -0.01045547 0.01054581 -0.01591993 0.02986095 0.00368268 0.06206417 0.04336714 -0.00235688 0.11102339 0.03690927 0.00316823 0.05572064 -0.02844772 0.07734326 0.02919070 0.05541483 0.02568306 0.10251374 0.06889333 0.07710370 0.03516686 0.07490095 0.03500514 -0.05595232 -0.00962567 0.02302573 -0.00892969 0.01903060 -0.00475393 -0.01407822 0.10982973 0.02208533 0.07935381
0.07147881 0.07385521 0.05623556 -0.00455192 0.03579992 0.02762723 0.08404175 0.02854820 -0.05651635 0.10997104 0.07716898 0.03175867 0.03686800 -0.00872849 -0.02972942 -0.00834124 0.09395011 -0.03018752 0.05665241 -0.05280608 -0.01577940 -0.02498545 0.10875999 0.15655016 0.00964577 0.03286488 0.10062207 1.00000000 0.19811058 0.14116439 0.12258960 0.02130724 0.09195673 0.28884313 0.08825554 0.18838063 0.00780305 0.07745430 0.08664559 0.03679263 0.04184810 0.08734274 0.01997343 0.13522143 0.04140613 0.05636948 0.01491059 0.06612296 0.12043038 0.09924418 0.01500816 0.05998751 0.06203440 0.03594287 0.07702185 -0.01063703 0.00358727 -0.01166084 0.02225525 0.00209338 -0.05960121 0.00555717 0.03899290 0.02353099 0.02580908 0.07725831 0.05221025 0.03106997 0.06253203 0.04777833 0.00396470 0.03762459 0.03232652 0.06959426 0.02695610 0.03394557 0.06178035 0.05748756
0.00080156 0.02620019 0.01905211 0.06277216 0.04433556 -0.03275572 0.03166211 -0.01774927 0.01860504 0.03591772 0.01458243 0.03780483 0.00527542 -0.05767372 -0.02105082 -0.03053891 -0.01086664 -0.03270352 0.09164409 -0.03944456 -0.05235282 -0.03402556 0.07812267 0.00820888 0.06161305 -0.03220703 0.11275889 0.19811058 1.00000000 0.21084046 -0.01264011 0.03952365 0.00975516 0.21286393 0.12529845 0.13512020 0.08732842 0.16450304 0.13735565 0.03065512 -0.01062704 0.00227554 -0.03846855 0.07198360 -0.02191526 0.00917226 0.00574937 -0.01144829 0.04867845 0.03025524 0.04388695 -0.00400198 0.06044745 0.07216147 0.02097687 0.00760764 0.04906161 0.01740718 0.00003895 0.04851864 0.03454891 0.04278311 0.01043868 0.00048291 0.04555164 0.03139546 0.05581424 0.06983993 0.00557801 0.02839017 0.05549604 0.02618145 0.05250683 0.09728595 0.03261015 0.05173973 0.06289568 0.04323659
0.02700607 0.03054465 0.02472559 -0.03358568 0.02307895 -0.00541017 -0.00752127 0.02548487 -0.04544722 -0.00248779 -0.01252569 -0.01192355 -0.01508413 0.01841713 -0.02571087 0.01985015 0.05492394 -0.02025023 0.02698778 0.04543455 0.00366163 -0.01814275 0.05897260 0.08027060 0.01508487 0.01634561 0.17175473 0.14116439 0.21084046 1.00000000 0.21062383 0.06357211 0.06165354 0.18774956 0.04201177 0.18122358 0.09240999 0.09344542 0.14078868 -0.00797867 0.00233668 0.01823378 -0.03104408 0.04787201 0.00198227 -0.00129176 -0.01729995 -0.01676594 0.03328203 0.02336704 0.03935346 0.01150952 0.03885198 0.06999153 0.05379735 0.02299812 0.05717275 -0.03504204 0.08898611 0.01443790 0.03278683 0.00792079 0.06973670 0.01238512 0.05585213 -0.01494677 0.03512811 0.04828233 0.00067294 0.00293585 0.01508690 -0.00217569 0.02013275 -0.00721693 -0.00338304 0.03029490 0.04154287 0.03335245
0.00329052 -0.02334495 0.02836849 -0.01129405 -0.00737445 0.02218363 -0.03526825 0.02121846 -0.01825355 -0.02764424 -0.00876800 -0.03427173 0.00118779 -0.01896570 -0.05534178 -0.02935651 0.01357537 -0.02677465 0.00747499 0.07200126 -0.02345708 0.00327235 -0.03275298 0.00181468 -0.00109454 -0.03594611 0.18867095 0.12258960 -0.01264011 0.21062383 1.00000000 0.01318883 0.18181609 0.04380691 0.10373213 0.13399170 0.12750217 0.07831602 0.08214156 0.04223807 0.03840368 -0.01484728 0.00059107 -0.00501356 0.00302794 0.00857225 -0.00299633 -0.03798346 -0.01889613 -0.01304439 -0.01138103 0.00643709 -0.01753689 0.02064624 0.04219431 0.00218511 0.04482303 -0.03628442 0.03430369 -0.00129138 0.07176926 -0.00728176 0.03031082 0.04576407 0.03368200 0.02903729 -0.02162803 -0.00719891 -0.05246626 -0.01043346 0.01246978 -0.00611784 0.00794008 -0.08309196 0.04446050 0.00190155 0.00864777 0.02538817
-0.06645572 -0.15709483 -0.13579296 -0.15122595 -0.21190499 -0.11838622 -0.10434463 -0.10468828 -0.05359086 -0.09355036 -0.16118830 -0.03100348 -0.11807654 0.60199179 0.62725637 0.60255159 -0.28808562 0.67983466 -0.46540287 -0.29015605 0.57792940 0.60097684 0.03143364 -0.18342782 -0.37131285 0.59687705 0.07693459 0.02130724 0.03952365 0.06357211 0.01318883 1.00000000 0.55598418 0.06667063 -0.02703378 -0.20109345 -0.02450376 -0.00436550 0.07597915 -0.25148080 -0.07605886 -0.12982433 0.38528839 -0.13504333 -0.18339678 -0.11509929 -0.16926553 0.47209481 -0.21281779 -0.03521232 -0.06981318 -0.12555871 -0.11712774 -0.15981407 -0.08238151 -0.12448585 -0.07104890 0.16979250 -0.05258283 -0.16120769 -0.12115370 -0.06870336 0.00112366 -0.10152309 -0.00317682 -0.17195208 -0.37777267 -0.12924661 0.37043627 -0.14632131 -0.22731677 -0.09790768 -0.32806958 -0.11682645 -0.21380848 -0.25077306 -0.21098471 -0.17760365
-0.00011586 -0.07374866 -0.13207633 -0.13081529 -0.15211092 -0.05698229 -0.04770815 -0.10293101 -0.08494447 -0.04158949 -0.12681612 -0.03489047 -0.05103008 0.51371102 0.51341921 0.49555695 -0.25239653 0.54947701 -0.35909304 -0.26639005 0.48176958 0.48121402 0.07236702 -0.12103225 -0.35062313 0.51818568 0.07543695 0.09195673 0.00975516 0.06165354 0.18181609 0.55598418 1.00000000 0.05928441 0.01498746 -0.15384079 -0.12620851 0.06314919 0.07924823 -0.21717332 -0.00722233 -0.09149123 0.31953962 -0.06872598 -0.07398080 -0.05024666 -0.10759951 0.41767957 -0.15958237 -0.01567200 -0.06531461 -0.08323750 -0.07969431 -0.15306024 -0.04824420 -0.11892880 -0.03525978 0.13773082 -0.02075510 -0.15737242 -0.13572095 -0.05401193 0.02544215 -0.11480826 -0.02405141 -0.13101420 -0.32273155 -0.11904111 0.33247884 -0.11663502 -0.19619593 -0.08866690 -0.23003978 -0.10676487 -0.14076614 -0.26675505 -0.19171809 -0.13877963
0.07185314 0.03402619 0.05059191 -0.05205332 0.02966469 0.01127327 0.05387963 0.00538326 -0.07307647 0.03526085 0.07247822 0.03341603 0.02976832 0.02411599 -0.00640210 0.02812679 0.06077843 -0.00271602 0.03577670 -0.04782188 0.01891904 0.01306801 0.06983170 0.12429523 0.01365515 0.04617594 0.10254905 0.28884313 0.21286393 0.18774956 0.04380691 0.06667063 0.05928441 1.00000000 0.17356017 0.21786575 0.11849311 0.13379512 0.05860538 0.00265294 0.01511900 0.01594921 -0.00750088 0.06454063 0.01427283 0.02360109 0.02046479 0.04830306 0.03639440 0.04248050 0.02460365 0.03833298 0.03105959 0.05240352 0.03390094 -0.02713283 0.05230464 -0.03618664 -0.01792960 0.00309630 -0.04844250 0.00455965 0.01412690 0.01702749 0.04102751 0.01205411 0.01265115 0.04247449 -0.00119154 -0.01636145 0.02000773 0.01880334 -0.01639309 0.02403572 0.00982200 0.03928659 0.02206718 0.04238778
-0.02626892 0.00334473 0.06915019 0.04847098 0.07045291 0.03503862 0.01280578 0.09470334 0.09317097 0.01987358 0.04325108 0.01533505 0.01426925 -0.08302972 -0.08626574 -0.04929148 0.02478080 -0.05595749 0.01768905 0.04826561 -0.04273038 -0.03098037 -0.08450964 -0.02499317 0.04995716 -0.10050681 0.13538648 0.08825554 0.12529845 0.04201177 0.10373213 -0.02703378 0.01498746 0.17356017 1.00000000 0.18173540 0.12185352 0.22790147 0.11158363 0.06682919 0.01407212 -0.00771678 -0.03414395 0.04352135 0.01935346 0.02609142 0.00919237 -0.08045738 0.01557967 0.00389968 0.02454854 0.00076823 0.02173673 0.07833780 0.03332733 0.01761186 0.03862622 0.01196370 0.01417923 0.04173846 0.11285443 0.02614358 0.09441658 0.00142486 0.07571708 0.07690259 0.06923202 0.06550187 -0.07564501 0.02985764 0.05787627 0.06175312 0.04507776 0.04140445 0.04163954 0.09141209 0.06641961 0.07880865
0.06789187 0.09726777 0.15240128 0.07784396 0.10446722 0.08238289 0.07531882 0.13868623 0.03701640 0.06386962 0.14196904 0.04016554 0.08190655 -0.25657928 -0.30833365 -0.23404403 0.26394777 -0.29105565 0.20645501 0.15356056 -0.22867663 -0.23690804 -0.00868464 0.20029814 0.19473919 -0.24220416 0.16594826 0.18838063 0.13512020 0.18122358 0.13399170 -0.20109345 -0.15384079 0.21786575 0.18173540 1.00000000 0.15324215 0.25080041 0.07730563 0.14328702 0.04410593 0.10521444 -0.14678048 0.15040061 0.08414272 0.08914923 0.09989461 -0.17379659 0.13804712 0.08455382 0.06658963 0.12061689 0.07417122 0.15532627 0.07631603 0.04985194 0.05128907 -0.10849842 0.05325253 0.09035043 0.08062593 0.07820340 0.05804317 0.09358839 0.11148666 0.18062888 0.21217631 0.13758621 -0.13646864 0.10218632 0.13891657 0.06450794 0.16010679 0.11289028 0.10663843 0.22430201 0.17628555 0.16434249
-0.02432257 0.00525208 0.01692801 0.06676836 0.05271808 0.00310947 -0.02618379 -0.06771793 0.04358589 -0.01033204 0.03315437 -0.02860406 -0.03333196 -0.22156131 -0.25272327 -0.23404101 0.08618526 -0.24182447 0.14851334 0.08241444 -0.24964766 -0.20461267 -0.09979317 -0.06562680 0.14588813 -0.26580024 0.08169074 0.00780305 0.08732842 0.09240999 0.12750217 -0.02450376 -0.12620851 0.11849311 0.12185352 0.15324215 1.00000000 0.11773357 0.19705073 0.14080560 0.05016530 0.02528272 -0.13524020 0.01880270 0.02280223 0.01978122 0.01256435 -0.23653478 0.05107512 -0.01713457 0.03201142 -0.02244943 -0.01953664 0.04919475 0.01966509 -0.00076740 0.03654225 -0.04069435 0.01001156 -0.00034645 0.08626012 0.00676194 -0.02083279 -0.01636820 0.02180872 0.00926083 0.18973183 0.12283972 -0.12051384 0.15053042 0.20598028 0.17789442 0.17737756 0.08863730 0.12620837 0.20191553 0.13208674 0.10581931
-0.05511724 0.05098694 0.04448794 0.04927786 0.06159428 -0.00467156 0.02645995 0.09245221 0.04905668 0.03037881 0.05470998 0.03124483 0.02822629 -0.02273751 -0.04513805 -0.01550916 0.09924494 -0.02193592 0.03490517 0.06031751 -0.02375066 -0.00245078 0.01577574 0.10581504 0.08064487 -0.04827401 0.15047951 0.07745430 0.16450304 0.09344542 0.07831602 -0.00436550 0.06314919 0.13379512 0.22790147 0.25080041 0.11773357 1.00000000 0.18180464 0.07185854 -0.00710359 0.02678856 0.00740256 0.07627111 0.02657128 0.01305003 0.03221115 -0.03366309 0.06745788 0.03406646 0.04905207 0.05322873 0.05433429 0.09477812 0.03836739 0.03330589 0.04619345 -0.01999113 0.06499445 0.07860251 0.08900509 0.10818909 0.10048061 0.06067953 0.12080580 0.06884378 0.06509293 0.03191198 -0.06388880 -0.03405705 -0.00850484 0.01862433 0.03789656 0.02721350 0.00087517 0.09963409 0.05929956 0.11660483
-0.07264333 0.02481707 0.04483598 0.06476562 0.02557142 0.01390633 -0.01314944 0.07436551 0.03925046 0.03646169 -0.01960766 0.00869502 0.03439495 -0.01135769 -0.03607150 -0.01706350 0.03142303 -0.01664663 -0.01035757 0.04141407 -0.01294136 0.00546038 -0.01208320 0.01850900 0.03669128 -0.04469818 0.24985299 0.08664559 0.13735565 0.14078868 0.08214156 0.07597915 0.07924823 0.05860538 0.11158363 0.07730563 0.19705073 0.18180464 1.00000000 0.03102618 -0.01784118 -0.01021669 0.02448064 0.03879473 -0.01352120 0.00365561 0.01181769 -0.00498601 0.02728560 -0.01325210 0.01712870 0.00204385 0.02163184 0.11013678 0.04496753 0.04419781 0.05522184 0.00439548 0.04364743 0.04503102 0.06332633 0.01361019 0.08154506 0.05184948 0.08746261 0.01613198 0.05038852 0.06293107 -0.03222227 -0.01173641 0.02890834 0.03560671 0.01966365 0.02099201 -0.01641057 0.07418586 0.02369456 0.07197464
0.02087265 0.03889530 0.07237668 0.09659059 0.09674222 0.05564822 0.02623465 0.07065885 0.01860694 0.02560423 0.06782416 0.00527112 0.04510132 -0.33681981 -0.36893179 -0.31361621 0.18569608 -0.35830274 0.24310978 0.16502077 -0.32301868 -0.30133483 -0.11290603 0.07971147 0.17814472 -0.33863596 0.06599194 0.03679263 0.03065512 -0.00797867 0.04223807 -0.25148080 -0.21717332 0.00265294 0.06682919 0.14328702 0.14080560 0.07185854 0.03102618 1.00000000 0.18542758 0.22619699 -0.10701612 0.22890265 0.24256674 0.23487427 0.24046932 -0.19692593 0.29960018 0.22117722 0.31191310 0.20755807 0.04573413 0.12605873 0.03133109 0.06602994 0.07478568 -0.09262338 0.08971799 0.09233193 0.11812018 0.00111764 0.05407067 0.05907678 0.04871379 0.09952272 0.29412568 0.17080446 -0.18349253 0.16268225 0.20678077 0.13120463 0.21495320 0.09972602 0.16094760 0.26370031 0.18329705 0.16308996
0.05492221 0.01139757 0.01102814 0.01488456 0.02192462 0.05521326 0.04564576 -0.01101917 -0.00455870 0.04640733 0.04000066 -0.01338623 0.01071127 -0.06718541 -0.07981024 -0.07093744 0.01767169 -0.08427135 0.05642902 -0.00842339 -0.08018003 -0.08598242 0.00151754 0.01045497 0.02361902 -0.05836363 -0.03666283 0.04184810 -0.01062704 0.00233668 0.03840368 -0.07605886 -0.00722233 0.01511900 0.01407212 0.04410593 0.05016530 -0.00710359 -0.01784118 0.18542758 1.00000000 0.22295777 0.11903673 0.19867040 0.15846887 0.22262233 0.22175175 0.14640821 0.15696692 0.14087257 0.11661261 0.17034677 0.03712029 0.02191001 0.03554131 0.05127961 0.00247237 -0.00417306 0.03865453 -0.00368847 0.02877070 -0.00415247 0.02197317 0.03958171 -0.01865795 0.00867712 0.00970614 0.06408993 0.00912777 0.04879158 0.06121987 0.08366870 0.06155624 0.02355260 0.08860454 0.02511140 0.05857847 0.02116906
0.04311111 0.01498888 0.02840980 0.03729898 0.02436501 0.07635769 0.06203074 0.00797857 -0.03558339 0.05085169 0.09199081 0.01186210 0.04320724 -0.21343063 -0.22563088 -0.19714292 0.15344740 -0.24776051 0.14040289 0.04251132 -0.20849311 -0.19969106 -0.02891088 0.09701855 0.07565896 -0.19093411 0.01729460 0.08734274 0.00227554 0.01823378 -0.01484728 -0.12982433 -0.09149123 0.01594921 -0.00771678 0.10521444 0.02528272 0.02678856 -0.01021669 0.22619699 0.22295777 1.00000000 0.04356291 0.32101789 0.20092913 0.17920305 0.13686569 0.02752617 0.25747683 0.38934180 0.19960718 0.21604998 0.01969239 0.06261999 0.03006666 0.01613055 -0.03674711 -0.07228366 0.01581286 -0.01252433 -0.00115578 -0.01084379 0.04469737 0.09268635 0.01907290 0.14154547 0.09697097 0.12148313 -0.12389630 0.08601408 0.13146846 0.10937946 0.06924001 0.08249937 0.14227480 0.14394599 0.08522497 0.11651499
-0.05971604 -0.12112226 -0.07361398 -0.08080975 -0.11891353 -0.04827145 -0.03886659 0.00999830 -0.00849916 -0.04117332 -0.11218789 0.01715065 -0.05473639 0.44898713 0.45875377 0.46762944 -0.22174852 0.52554766 -0.33551439 -0.20953687 0.44769769 0.45996240 0.09703335 -0.09255457 -0.25136454 0.46040264 0.02175584 0.01997343 -0.03846855 -0.03104408 0.00059107 0.38528839 0.31953962 -0.00750088 -0.03414395 -0.14678048 -0.13524020 0.00740256 0.02448064 -0.10701612 0.11903673 0.04356291 1.00000000 0.01121185 0.05194327 0.11406596 0.07999622 0.52957853 -0.03449219 0.10708866 0.13388648 0.09375185 -0.05021093 -0.05577968 -0.01552188 -0.05746542 -0.05974094 0.18162131 -0.00331866 -0.08224473 -0.04116421 0.01983424 0.09178517 -0.00672585 0.05069981 -0.08090555 -0.26434159 -0.08466526 0.28109403 -0.13691882 -0.18238952 -0.09108969 -0.20415106 -0.08349338 -0.16586095 -0.15360398 -0.16921258 -0.07189238
0.04288455 0.09121709 0.06161708 0.10088141 0.05956927 0.07295866 0.12025288 0.10768827 0.02424009 0.09423743 0.09283397 0.00800893 0.06709543 -0.11514243 -0.15370523 -0.10684737 0.19359490 -0.14646372 0.12787619 0.06172632 -0.11617209 -0.11575488 0.02856698 0.18948064 0.08410234 -0.10641450 0.01624753 0.13522143 0.07198360 0.04787201 -0.00501356 -0.13504333 -0.06872598 0.06454063 0.04352135 0.15040061 0.01880270 0.07627111 0.03879473 0.22890265 0.19867040 0.32101789 0.01121185 1.00000000 0.21918881 0.23615458 0.22065715 0.00170988 0.34012782 0.28162773 0.25930671 0.24758899 0.10823095 0.16226913 0.10341264 0.08432110 0.04088050 0.00117626 0.11707134 0.08774851 0.06077993 0.07780100 0.16684231 0.12051058 0.14173762 0.12293627 0.18391142 0.15676380 -0.01562360 0.09716945 0.11686370 0.11351347 0.15004676 0.12133223 0.12705366 0.22333075 0.15983606 0.19615534
0.05398006 0.08000776 0.08417027 0.07556620 0.07089501 0.05225158 0.05970229 0.05871530 0.03728722 0.05353255 0.08945724 0.04128303 0.06473963 -0.16121108 -0.18873342 -0.16447368 0.09224529 -0.19409591 0.16947084 0.08960211 -0.15467777 -0.16289557 -0.00141076 0.06766752 0.08159765 -0.15312806 0.01125538 0.04140613 -0.02191526 0.00198227 0.00302794 -0.18339678 -0.07398080 0.01427283 0.01935346 0.08414272 0.02280223 0.02657128 -0.01352120 0.24256674 0.15846887 0.20092913 0.05194327 0.21918881 1.00000000 0.28731369 0.27932886 -0.06829645 0.28352288 0.21900402 0.15743542 0.28470122 0.10918956 0.07913823 0.07138157 0.09726424 0.03202234 -0.03423632 0.05433091 0.09429899 0.07997497 0.05425607 0.05356382 0.08012894 -0.00210824 0.09577879 0.11431675 0.05739146 -0.13309636 0.07575865 0.09115370 0.06603573 0.10139867 0.06855001 0.08822268 0.09544027 0.08464553 0.06276309
0.06210458 0.00890694 0.04957310 0.01476867 0.03817145 0.04160107 0.05306819 0.05131688 0.00069477 0.06289660 0.07636982 -0.02249593 0.04339066 -0.11837915 -0.13898516 -0.11897729 0.09161256 -0.14956907 0.10189181 0.05181741 -0.11293772 -0.10517908 0.01018958 0.05948365 0.04523495 -0.09453975 -0.01045547 0.05636948 0.00917226 -0.00129176 0.00857225 -0.11509929 -0.05024666 0.02360109 0.02609142 0.08914923 0.01978122 0.01305003 0.00365561 0.23487427 0.22262233 0.17920305 0.11406596 0.23615458 0.28731369 1.00000000 0.23258108 0.12642044 0.22641849 0.25681126 0.20821780 0.27342179 0.02965472 0.04156817 0.04884882 0.02868647 -0.01260863 -0.01680819 0.01564748 -0.00797505 0.02471039 0.02089091 0.01572800 0.06876121 -0.01049055 0.12688829 0.07211346 0.09777022 -0.07626275 0.08066624 0.08264013 0.06753838 0.08224363 0.08844775 0.10968123 0.05732457 0.04736125 0.04149921
0.03458853 0.04297115 0.05332680 0.03447667 0.05101821 0.03067934 0.02817676 0.03030598 0.05112939 0.04781378 0.03558106 0.03520844 0.07910138 -0.12712819 -0.13278445 -0.13123175 0.09926997 -0.15699705 0.13967547 0.09374370 -0.12131568 -0.14000241 0.02058102 0.09482563 0.09078773 -0.13346053 0.01054581 0.01491059 0.00574937 -0.01729995 -0.00299633 -0.16926553 -0.10759951 0.02046479 0.00919237 0.09989461 0.01256435 0.03221115 0.01181769 0.24046932 0.22175175 0.13686569 0.07999622 0.22065715 0.27932886 0.23258108 1.00000000 0.10232723 0.32145673 0.12524900 0.12499053 0.31813079 0.05396029 0.04545761 0.04361937 0.08462798 -0.00937823 -0.04980239 0.03185315 0.06141002 0.04537861 0.03816935 0.00547046 0.08535491 0.00506081 0.12013754 0.05485390 0.01772366 -0.14034666 0.01631815 0.04667673 0.00777471 0.04246293 0.05774041 0.06744302 0.05446784 0.04034815 0.05164026
0.01403617 -0.10153353 -0.08943235 -0.15999734 -0.16118846 -0.04442207 0.01037374 -0.05590289 -0.09815512 -0.00694899 -0.06541751 0.02510441 -0.01118444 0.56849981 0.58840947 0.56092806 -0.24098749 0.62697763 -0.37541556 -0.28942543 0.54896295 0.55687941 0.18767143 -0.04971117 -0.31728007 0.63431352 -0.01591993 0.06612296 -0.01144829 -0.01676594 -0.03798346 0.47209481 0.41767957 0.04830306 -0.08045738 -0.17379659 -0.23653478 -0.03366309 -0.00498601 -0.19692593 0.14640821 0.02752617 0.52957853 0.00170988 -0.06829645 0.12642044 0.10232723 1.00000000 -0.02815002 0.10097954 0.06844294 0.05840654 -0.06721440 -0.16597900 -0.01918220 -0.08870442 -0.13869984 0.18203776 -0.06924491 -0.17047967 -0.18014168 -0.03946577 0.01244218 -0.07964330 -0.00404734 -0.12523891 -0.37940356 -0.15477166 0.40003798 -0.19013671 -0.29083597 -0.13264908 -0.32017935 -0.09633293 -0.20409403 -0.31007180 -0.24304683 -0.14449984
0.06881166 0.06037232 0.05707375 0.06264971 0.09105514 0.06912362 0.09445828 0.08420006 0.04526660 0.10053852 0.08693986 0.02520622 0.07209915 -0.22760993 -0.23900947 -0.22500228 0.19439919 -0.27411529 0.20933123 0.09756546 -0.22230468 -0.23870067 0.01024482 0.16092961 0.14027252 -0.22207970 0.02986095 0.12043038 0.04867845 0.03328203 -0.01889613 -0.21281779 -0.15958237 0.03639440 0.01557967 0.13804712 0.05107512 0.06745788 0.02728560 0.29960018 0.15696692 0.25747683 -0.03449219 0.34012782 0.28352288 0.22641849 0.32145673 -0.02815002 1.00000000 0.22994384 0.26826664 0.25359221 0.12882038 0.10300041 0.08640582 0.07435752 0.02465836 -0.09390583 0.03397577 0.08857556 0.03250909 0.05788117 0.07656127 0.10311376 0.06107128 0.15967009 0.19705179 0.10197184 -0.16981218 0.09608244 0.12503399 0.08234973 0.12785966 0.14508827 0.10259985 0.18785383 0.15662961 0.15228188
0.05871769 0.00752151 0.00245749 0.00300780 -0.00490481 0.04630125 0.05912428 0.00442783 -0.05621885 0.04069980 0.08699785 0.00869650 0.06936363 -0.07293113 -0.09801753 -0.06381581 0.10231388 -0.08004365 0.07673164 0.02456294 -0.04332520 -0.05836641 0.02353386 0.07763360 0.03044295 -0.03395196 0.00368268 0.09924418 0.03025524 0.02336704 -0.01304439 -0.03521232 -0.01567200 0.04248050 0.00389968 0.08455382 -0.01713457 0.03406646 -0.01325210 0.22117722 0.14087257 0.38934180 0.10708866 0.28162773 0.21900402 0.25681126 0.12524900 0.10097954 0.22994384 1.00000000 0.13708776 0.27625627 -0.02717266 0.00544099 0.01791817 0.00481176 -0.01756364 -0.06775717 0.01563819 -0.07133808 -0.03125267 -0.01368647 0.00525677 0.05755984 0.01187476 0.05781723 0.03263949 0.05957912 0.03909821 0.07558299 0.03014530 0.04129390 0.01099208 0.03445755 0.05535106 0.05491942 0.01496551 0.02929186
-0.02556359 0.01849537 0.02399952 0.04775341 0.05508931 0.02554205 0.05613348 0.05210445 0.02977719 0.03151729 0.02527338 0.03237364 0.02890667 -0.07007277 -0.06988507 -0.04638212 0.09440711 -0.06653293 0.07627510 0.01145290 -0.04217699 -0.03304184 0.00121206 0.10285049 0.07132286 -0.04655110 0.06206417 0.01500816 0.04388695 0.03935346 -0.01138103 -0.06981318 -0.06531461 0.02460365 0.02454854 0.06658963 0.03201142 0.04905207 0.01712870 0.31191310 0.11661261 0.19960718 0.13388648 0.25930671 0.15743542 0.20821780 0.12499053 0.06844294 0.26826664 0.13708776 1.00000000 0.22882034 0.05290254 0.09867614 0.02098062 0.04188095 0.03358540 -0.00519061 0.06122580 0.06145336 0.04980186 0.03825954 0.07884077 0.03621185 0.09514779 0.05344667 0.12834092 0.06807929 -0.02891954 0.06355558 0.07396814 0.05346859 0.06122412 0.05411568 0.02574931 0.15300776 0.09520144 0.10089578
0.07164694 0.04771758 0.08303840 0.02280081 0.08554108 0.05542520 0.09099036 0.11059918 0.04381001 0.08060219 0.07678216 0.05205156 0.11523464 -0.10477707 -0.13503807 -0.10929131 0.16461055 -0.13911670 0.10271481 0.12315165 -0.07351704 -0.10338124 -0.00601080 0.15834919 0.06320032 -0.08850588 0.04336714 0.05998751 -0.00400198 0.01150952 0.00643709 -0.12555871 -0.08323750 0.03833298 0.00076823 0.12061689 -0.02244943 0.05322873 0.00204385 0.20755807 0.17034677 0.21604998 0.09375185 0.24758899 0.28470122 0.27342179 0.31813079 0.05840654 0.25359221 0.27625627 0.22882034 1.00000000 0.04366078 0.06366901 0.07354893 0.02893591 0.02435475 -0.07119611 0.04419031 0.02067882 0.02524896 0.04113199 0.05332325 0.13800388 0.07474368 0.12961696 0.07362394 0.02436475 -0.13213357 -0.02969234 -0.00575904 -0.06285563 -0.00130045 0.01011911 0.01897498 0.07128750 0.00214231 0.06034451
0.03488372 0.07124769 0.06578116 0.10905464 0.06971648 0.02027548 0.08565425 0.07478025 0.08750294 0.08965774 0.05345305 0.04575158 0.05614788 -0.11043966 -0.07572396 -0.07453666 0.05062985 -0.09945910 0.10968781 0.02867555 -0.09329474 -0.10336756 0.02837835 0.05902897 0.06384370 -0.09145395 -0.00235688 0.06203440 0.06044745 0.03885198 -0.01753689 -0.11712774 -0.07969431 0.03105959 0.02173673 0.07417122 -0.01953664 0.05433429 0.02163184 0.04573413 0.03712029 0.01969239 -0.05021093 0.10823095 0.10918956 0.02965472 0.05396029 -0.06721440 0.12882038 -0.02717266 0.05290254 0.04366078 1.00000000 0.25413677 0.21871380 0.23334545 0.17297080 0.14789407 0.23279499 0.25622012 0.16528905 0.20839526 0.22901808 0.22835245 0.24855185 0.07283087 0.10942086 0.06472745 -0.05525363 0.03115737 0.04493212 0.03774198 0.04765549 0.07411934 0.06271342 0.06944928 0.10564402 0.08433763
0.01096619 0.10396014 0.11259994 0.14139176 0.12975093 0.05576264 0.08707755 0.17418941 0.12023626 0.07821788 0.08723492 0.04648090 0.07877364 -0.18999289 -0.19971396 -0.16993554 0.13703771 -0.19935413 0.11418281 0.15894760 -0.15073024 -0.15830523 -0.09358290 0.10680013 0.10327973 -0.20671404 0.11102339 0.03594287 0.07216147 0.06999153 0.02064624 -0.15981407 -0.15306024 0.05240352 0.07833780 0.15532627 0.04919475 0.09477812 0.11013678 0.12605873 0.02191001 0.06261999 -0.05577968 0.16226913 0.07913823 0.04156817 0.04545761 -0.16597900 0.10300041 0.00544099 0.09867614 0.06366901 0.25413677 1.00000000 0.31630778 0.29052366 0.28408753 0.07721245 0.28745541 0.34385317 0.26719468 0.17424972 0.31686479 0.24366728 0.32219798 0.19725053 0.25180010 0.14678236 -0.15754580 0.02654051 0.13419752 0.03147534 0.16841299 0.04320983 0.09846041 0.26354401 0.14085105 0.22113923
0.07522232 0.09961864 0.07259006 0.07910926 0.06512680 0.03319880 0.07524100 0.09451403 0.04587345 0.08438449 0.06171415 0.04825131 0.06532280 -0.08479142 -0.09430966 -0.04462466 0.11975688 -0.11204154 0.05976743 0.05744016 -0.05344210 -0.09576586 -0.01115040 0.13203206 0.03603346 -0.05750039 0.03690927 0.07702185 0.02097687 0.05379735 0.04219431 -0.08238151 -0.04824420 0.03390094 0.03332733 0.07631603 0.01966509 0.03836739 0.04496753 0.03133109 0.03554131 0.03006666 -0.01552188 0.10341264 0.07138157 0.04884882 0.04361937 -0.01918220 0.08640582 0.01791817 0.02098062 0.07354893 0.21871380 0.31630778 1.00000000 0.22035381 0.18526256 0.09473486 0.25607469 0.14357521 0.16432800 0.20207187 0.26288726 0.23565583 0.26989024 0.08354549 0.10190517 0.07017690 -0.06305023 0.00961161 0.01095070 0.01541939 0.05200109 0.02039374 0.02811606 0.07206781 0.04434631 0.12025890
0.00481453 0.10269983 0.05197908 0.10935988 0.10630474 0.01726302 0.06658867 0.11132346 0.12355916 0.06336991 0.06138615 0.00429483 0.01993312 -0.12812409 -0.11812890 -0.12207746 0.04952160 -0.11941685 0.08562205 0.09082876 -0.11473042 -0.11520254 -0.06120357 0.01239809 0.05213334 -0.13740090 0.00316823 -0.01063703 0.00760764 0.02299812 0.00218511 -0.12448585 -0.11892880 -0.02713283 0.01761186 0.04985194 -0.00076740 0.03330589 0.04419781 0.06602994 0.05127961 0.01613055 -0.05746542 0.08432110 0.09726424 0.02868647 0.08462798 -0.08870442 0.07435752 0.00481176 0.04188095 0.02893591 0.23334545 0.29052366 0.22035381 1.00000000 0.20504819 0.05058576 0.18718442 0.28494889 0.34343643 0.21805332 0.29750140 0.35168104 0.22591341 0.11482770 0.06345847 0.03245212 -0.10510309 -0.00793604 0.06627558 0.04767350 0.07451055 0.03279033 0.07344018 0.11414439 0.08339294 0.09924693
-0.04023306 0.06291964 0.03449054 0.06425944 0.09480730 0.00963321 0.01442671 0.08992449 0.04995030 0.02575273 -0.01819937 0.01957326 0.02069813 -0.06388075 -0.07721380 -0.04571380 0.05351548 -0.07421264 0.04010162 0.11171159 -0.04531994 -0.06486953 -0.01785997 0.06148412 0.02881975 -0.08078614 0.05572064 0.00358727 0.04906161 0.05717275 0.04482303 -0.07104890 -0.03525978 0.05230464 0.03862622 0.05128907 0.03654225 0.04619345 0.05522184 0.07478568 0.00247237 -0.03674711 -0.05974094 0.04088050 0.03202234 -0.01260863 -0.00937823 -0.13869984 0.02465836 -0.01756364 0.03358540 0.02435475 0.17297080 0.28408753 0.18526256 0.20504819 1.00000000 0.16006758 0.27240127 0.29683832 0.29685427 0.25243827 0.26130702 0.25171275 0.28473318 0.02458873 0.14914141 0.06906986 -0.11807181 -0.05784163 0.04523833 -0.03306898 0.09820631 -0.02509576 0.00282557 0.11773500 0.07665608 0.11679219
-0.05400640 -0.08591908 -0.05775832 -0.02454041 -0.08182495 -0.04558600 -0.01748372 -0.02283204 -0.02040308 -0.03462523 -0.06375496 -0.02487356 -0.06366021 0.21500551 0.24095253 0.21191113 -0.13961645 0.25746697 -0.14769764 -0.12599433 0.21330729 0.21259927 0.07144953 -0.09914731 -0.10960941 0.24327167 -0.02844772 -0.01166084 0.01740718 -0.03504204 -0.03628442 0.16979250 0.13773082 -0.03618664 0.01196370 -0.10849842 -0.04069435 -0.01999113 0.00439548 -0.09262338 -0.00417306 -0.07228366 0.18162131 0.00117626 -0.03423632 -0.01680819 -0.04980239 0.18203776 -0.09390583 -0.06775717 -0.00519061 -0.07119611 0.14789407 0.07721245 0.09473486 0.05058576 0.16006758 1.00000000 0.21326811 0.13954704 0.12198636 0.22635320 0.20894808 0.10938127 0.19902178 -0.02172950 -0.06666132 -0.01060115 0.16370609 -0.00602922 -0.03828202 0.00715216 -0.02796400 0.00992208 -0.06283454 -0.08279873 -0.02744570 -0.01280434
-0.03093941 0.03019009 0.07974676 0.06357144 0.06879683 0.04661497 0.02464958 0.09593836 0.07369219 0.05187932 0.00409831 0.01253731 -0.00226125 -0.01503099 -0.05492685 -0.02421420 0.07069361 -0.05367068 -0.00023843 0.09019376 -0.00621739 -0.02346957 -0.03912335 0.08761432 0.03735150 -0.02837467 0.07734326 0.02225525 0.00003895 0.08898611 0.03430369 -0.05258283 -0.02075510 -0.01792960 0.01417923 0.05325253 0.01001156 0.06499445 0.04364743 0.08971799 0.03865453 0.01581286 -0.00331866 0.11707134 0.05433091 0.01564748 0.03185315 -0.06924491 0.03397577 0.01563819 0.06122580 0.04419031 0.23279499 0.28745541 0.25607469 0.18718442 0.27240127 0.21326811 1.00000000 0.27233976 0.29190564 0.26964142 0.29935221 0.22471757 0.26959638 0.04606458 0.13799851 0.09032763 -0.04706535 0.01945482 0.03385713 0.01515370 0.09644654 -0.04967295 0.00582127 0.13553927 0.05875394 0.11305775
-0.01221676 0.10346234 0.07546533 0.11267455 0.14989192 -0.00404210 0.08513559 0.13141537 0.13618751 0.05598027 0.03615493 0.07290592 0.04136859 -0.15800018 -0.14251630 -0.13108793 0.07372855 -0.14603193 0.12679009 0.12369867 -0.10385937 -0.11429177 -0.02949052 0.05876371 0.13140815 -0.16949725 0.02919070 0.00209338 0.04851864 0.01443790 -0.00129138 -0.16120769 -0.15737242 0.00309630 0.04173846 0.09035043 -0.00034645 0.07860251 0.04503102 0.09233193 -0.00368847 -0.01252433 -0.08224473 0.08774851 0.09429899 -0.00797505 0.06141002 -0.17047967 0.08857556 -0.07133808 0.06145336 0.02067882 0.25622012 0.34385317 0.14357521 0.28494889 0.29683832 0.13954704 0.27233976 1.00000000 0.34027083 0.19734723 0.21219755 0.29166205 0.22883418 0.11097462 0.19067857 0.06857349 -0.18756207 -0.04598662 0.06077114 -0.01581704 0.12971931 0.02749920 0.02979110 0.17346003 0.11240682 0.14381187
-0.04490025 0.05297355 0.06963775 0.11882330 0.11109204 0.00849596 0.03299139 0.13037253 0.14108340 0.02768912 -0.01181338 0.06012560 0.00596384 -0.13426146 -0.15191224 -0.14392459 0.06706623 -0.14560834 0.07024649 0.19319578 -0.09358245 -0.09838523 -0.11480006 0.01495354 0.06940172 -0.18968286 0.05541483 -0.05960121 0.03454891 0.03278683 0.07176926 -0.12115370 -0.13572095 -0.04844250 0.11285443 0.08062593 0.08626012 0.08900509 0.06332633 0.11812018 0.02877070 -0.00115578 -0.04116421 0.06077993 0.07997497 0.02471039 0.04537861 -0.18014168 0.03250909 -0.03125267 0.04980186 0.02524896 0.16528905 0.26719468 0.16432800 0.34343643 0.29685427 0.12198636 0.29190564 0.34027083 1.00000000 0.19105951 0.30264341 0.27912691 0.25670721 0.13971457 0.16918963 0.09379203 -0.17388525 -0.01670049 0.11390342 0.03142487 0.16595390 0.01393028 0.10969951 0.23926815 0.14385806 0.16098721
-0.05558476 0.03443547 0.01776935 0.06538959 0.02662260 -0.02755955 0.03659598 0.08343281 0.07422326 0.04943459 -0.01804815 0.04232462 0.00057268 -0.02579181 -0.01595140 -0.00531216 0.03135907 -0.02652810 0.02856803 0.03814969 -0.01331935 -0.01179236 0.04834671 0.06093757 0.04245177 -0.01665141 0.02568306 0.00555717 0.04278311 0.00792079 -0.00728176 -0.06870336 -0.05401193 0.00455965 0.02614358 0.07820340 0.00676194 0.10818909 0.01361019 0.00111764 -0.00415247 -0.01084379 0.01983424 0.07780100 0.05425607 0.02089091 0.03816935 -0.03946577 0.05788117 -0.01368647 0.03825954 0.04113199 0.20839526 0.17424972 0.20207187 0.21805332 0.25243827 0.22635320 0.26964142 0.19734723 0.19105951 1.00000000 0.22251650 0.38970267 0.34148743 0.09447399 0.07672679 0.02702473 -0.03223526 -0.00712863 0.03419676 -0.00672887 0.07055603 0.02869770 -0.01033024 0.08238059 0.09515820 0.09137613
-0.00917586 0.08597585 0.08781152 0.07489931 0.09259268 0.05801911 0.05431606 0.16283033 0.08224608 0.07178036 0.04212451 0.02304921 0.04136251 0.01970098 -0.00751280 0.04762875 0.09932038 0.00625749 -0.04761754 0.05685754 0.03033490 0.04387944 -0.05738975 0.13452728 -0.01574986 0.00669442 0.10251374 0.03899290 0.01043868 0.06973670 0.03031082 0.00112366 0.02544215 0.01412690 0.09441658 0.05804317 -0.02083279 0.10048061 0.08154506 0.05407067 0.02197317 0.04469737 0.09178517 0.16684231 0.05356382 0.01572800 0.00547046 0.01244218 0.07656127 0.00525677 0.07884077 0.05332325 0.22901808 0.31686479 0.26288726 0.29750140 0.26130702 0.20894808 0.29935221 0.21219755 0.30264341 0.22251650 1.00000000 0.27423404 0.40157606 0.08311135 0.12781349 0.08674117 -0.02874781 -0.03851566 0.01709335 0.02147487 0.12278159 0.02483021 0.01700787 0.16622380 0.08944540 0.16892950
0.00391284 0.09210865 0.06016803 0.10047316 0.09667494 0.02142854 0.04957172 0.13959300 0.07001328 0.07185068 0.03616588 0.00760603 0.01329112 -0.07997749 -0.10642666 -0.07347201 0.14681503 -0.11813847 0.05503513 0.12766010 -0.06390257 -0.06998578 -0.05028299 0.13704910 0.05699634 -0.09633041 0.06889333 0.02353099 0.00048291 0.01238512 0.04576407 -0.10152309 -0.11480826 0.01702749 0.00142486 0.09358839 -0.01636820 0.06067953 0.05184948 0.05907678 0.03958171 0.09268635 -0.00672585 0.12051058 0.08012894 0.06876121 0.08535491 -0.07964330 0.10311376 0.05755984 0.03621185 0.13800388 0.22835245 0.24366728 0.23565583 0.35168104 0.25171275 0.10938127 0.22471757 0.29166205 0.27912691 0.38970267 0.27423404 1.00000000 0.27787162 0.13665377 0.14515068 0.06576361 -0.15032370 -0.04795938 0.06094396 0.01227028 0.07158154 -0.05435787 0.03622713 0.17922907 0.08252527 0.16663630
-0.05089068 0.05111541 0.06328316 0.07510889 0.09656971 0.03773422 0.04737262 0.12982346 0.08007316 0.04974297 0.02580994 0.02383947 0.03949085 -0.00077442 -0.00281413 0.04436864 0.09884867 0.01823913 -0.01131894 0.05631578 0.03360520 0.03740633 -0.01254372 0.12858234 0.00884912 0.01314332 0.07710370 0.02580908 0.04555164 0.05585213 0.03368200 -0.00317682 -0.02405141 0.04102751 0.07571708 0.11148666 0.02180872 0.12080580 0.08746261 0.04871379 -0.01865795 0.01907290 0.05069981 0.14173762 -0.00210824 -0.01049055 0.00506081 -0.00404734 0.06107128 0.01187476 0.09514779 0.07474368 0.24855185 0.32219798 0.26989024 0.22591341 0.28473318 0.19902178 0.26959638 0.22883418 0.25670721 0.34148743 0.40157606 0.27787162 1.00000000 0.09556411 0.12724533 0.06437745 -0.02492451 -0.02101752 0.00474489 -0.00987768 0.07827789 0.02368898 -0.00091490 0.16857332 0.07351580 0.18179095
0.05961433 0.02922810 0.09760381 0.09993814 0.09115691 0.09472651 0.06384052 0.11861214 0.07139128 0.07992599 0.07227656 0.02569125 0.04806688 -0.23249228 -0.24701215 -0.21013239 0.14251063 -0.24450939 0.14276504 0.08736943 -0.19990864 -0.19245794 -0.08206435 0.08177607 0.11971710 -0.23196192 0.03516686 0.07725831 0.03139546 -0.01494677 0.02903729 -0.17195208 -0.13101420 0.01205411 0.07690259 0.18062888 0.00926083 0.06884378 0.01613198 0.09952272 0.00867712 0.14154547 -0.08090555 0.12293627 0.09577879 0.12688829 0.12013754 -0.12523891 0.15967009 0.05781723 0.05344667 0.12961696 0.07283087 0.19725053 0.08354549 0.11482770 0.02458873 -0.02172950 0.04606458 0.11097462 0.13971457 0.09447399 0.08311135 0.13665377 0.09556411 1.00000000 0.17687839 0.16800026 -0.12095113 0.12739295 0.22077224 0.14675246 0.18177154 0.24227015 0.26787998 0.20318792 0.24326530 0.31461797
0.03349028 0.12474425 0.13539856 0.12917660 0.18556496 0.06745125 0.07371757 0.11866400 0.08471906 0.06949914 0.09914711 0.01922814 0.04635668 -0.39863797 -0.43504521 -0.38239067 0.27637485 -0.45505344 0.29097507 0.24769875 -0.38414864 -0.39417105 -0.11353002 0.16714470 0.25337868 -0.42180899 0.07490095 0.05221025 0.05581424 0.03512811 -0.02162803 -0.37777267 -0.32273155 0.01265115 0.06923202 0.21217631 0.18973183 0.06509293 0.05038852 0.29412568 0.00970614 0.09697097 -0.26434159 0.18391142 0.11431675 0.07211346 0.05485390 -0.37940356 0.19705179 0.03263949 0.12834092 0.07362394 0.10942086 0.25180010 0.10190517 0.06345847 0.14914141 -0.06666132 0.13799851 0.19067857 0.16918963 0.07672679 0.12781349 0.14515068 0.12724533 0.17687839 1.00000000 0.36515910 -0.17922010 0.37446860 0.34675050 0.27487267 0.47473047 0.25269452 0.26848544 0.49967922 0.30732087 0.38131076
0.00333617 0.03095470 0.08342715 0.05666667 0.07266903 0.06642938 0.05271347 0.06707498 -0.00272227 0.01631909 0.06627810 -0.01798967 0.03905587 -0.18920165 -0.20442635 -0.17164020 0.16513681 -0.19015424 0.13409535 0.11552327 -0.18136980 -0.17913993 -0.08345316 0.08366137 0.12742249 -0.19461479 0.03500514 0.03106997 0.06983993 0.04828233 -0.00719891 -0.12924661 -0.11904111 0.04247449 0.06550187 0.13758621 0.12283972 0.03191198 0.06293107 0.17080446 0.06408993 0.12148313 -0.08466526 0.15676380 0.05739146 0.09777022 0.01772366 -0.15477166 0.10197184 0.05957912 0.06807929 0.02436475 0.06472745 0.14678236 0.07017690 0.03245212 0.06906986 -0.01060115 0.09032763 0.06857349 0.09379203 0.02702473 0.08674117 0.06576361 0.06437745 0.16800026 0.36515910 1.00000000 0.12351731 0.22566410 0.33658224 0.27677144 0.32149834 0.24074805 0.21720427 0.32954141 0.33440807 0.36680296
-0.00150523 -0.08449000 -0.11106975 -0.10838663 -0.13898311 -0.01698519 -0.01173724 -0.11805100 -0.13129857 -0.03750460 -0.06314606 0.00448679 -0.03648330 0.42422978 0.46710216 0.43175724 -0.20774859 0.51332195 -0.29624249 -0.25411646 0.40973078 0.41684791 0.11403979 -0.08777555 -0.25969863 0.48750407 -0.05595232 0.06253203 0.00557801 0.00067294 -0.05246626 0.37043627 0.33247884 -0.00119154 -0.07564501 -0.13646864 -0.12051384 -0.06388880 -0.03222227 -0.18349253 0.00912777 -0.12389630 0.28109403 -0.01562360 -0.13309636 -0.07626275 -0.14034666 0.40003798 -0.16981218 0.03909821 -0.02891954 -0.13213357 -0.05525363 -0.15754580 -0.06305023 -0.10510309 -0.11807181 0.16370609 -0.04706535 -0.18756207 -0.17388525 -0.03223526 -0.02874781 -0.15032370 -0.02492451 -0.12095113 -0.17922010 0.12351731 1.00000000 0.16680888 -0.09205101 0.04759637 -0.12164992 0.02022681 -0.07814243 -0.13032347 -0.08954087 -0.00079963
0.05278231 0.01579864 0.02654557 0.06298188 0.02441437 0.05520474 0.01633161 -0.02713313 -0.02476355 0.00978168 0.06584253 -0.04467010 0.00337674 -0.21607607 -0.22579191 -0.20125914 0.11488063 -0.24740723 0.14176354 0.06999693 -0.23136950 -0.20105904 -0.03813767 0.00859879 0.10416057 -0.21278199 -0.00962567 0.04777833 0.02839017 0.00293585 -0.01043346 -0.14632131 -0.11663502 -0.01636145 0.02985764 0.10218632 0.15053042 -0.03405705 -0.01173641 0.16268225 0.04879158 0.08601408 -0.13691882 0.09716945 0.07575865 0.08066624 0.01631815 -0.19013671 0.09608244 0.07558299 0.06355558 -0.02969234 0.03115737 0.02654051 0.00961161 -0.00793604 -0.05784163 -0.00602922 0.01945482 -0.04598662 -0.01670049 -0.00712863 -0.03851566 -0.04795938 -0.02101752 0.12739295 0.37446860 0.22566410 0.16680888 1.00000000 0.28006710 0.43848895 0.25619441 0.23302897 0.27249019 0.29701489 0.21970168 0.18536056
0.01871667 0.05662051 0.03381180 0.11899227 0.07711370 0.04119603 0.03085257 0.05495126 0.08475162 0.02018832 0.07811453 -0.01990097 0.01492707 -0.33799763 -0.33170212 -0.32497836 0.13362770 -0.35385621 0.23887731 0.12138076 -0.33652484 -0.32549372 -0.12705238 0.00145729 0.16626473 -0.36235434 0.02302573 0.00396470 0.05549604 0.01508690 0.01246978 -0.22731677 -0.19619593 0.02000773 0.05787627 0.13891657 0.20598028 -0.00850484 0.02890834 0.20678077 0.06121987 0.13146846 -0.18238952 0.11686370 0.09115370 0.08264013 0.04667673 -0.29083597 0.12503399 0.03014530 0.07396814 -0.00575904 0.04493212 0.13419752 0.01095070 0.06627558 0.04523833 -0.03828202 0.03385713 0.06077114 0.11390342 0.03419676 0.01709335 0.06094396 0.00474489 0.22077224 0.34675050 0.33658224 -0.09205101 0.28006710 1.00000000 0.38488931 0.33738534 0.24308979 0.35016522 0.41409975 0.33421540 0.27265222
0.03662012 0.00958167 0.00170888 0.07672945 0.03748592 0.03637487 0.04490809 -0.00370298 0.02793199 0.02436702 0.04062310 -0.03022002 -0.02693681 -0.17783647 -0.17023555 -0.16535498 0.09103635 -0.18220071 0.13789751 0.01338625 -0.18793481 -0.15603334 -0.06161438 0.00326535 0.07263553 -0.17897014 -0.00892969 0.03762459 0.02618145 -0.00217569 -0.00611784 -0.09790768 -0.08866690 0.01880334 0.06175312 0.06450794 0.17789442 0.01862433 0.03560671 0.13120463 0.08366870 0.10937946 -0.09108969 0.11351347 0.06603573 0.06753838 0.00777471 -0.13264908 0.08234973 0.04129390 0.05346859 -0.06285563 0.03774198 0.03147534 0.01541939 0.04767350 -0.03306898 0.00715216 0.01515370 -0.01581704 0.03142487 -0.00672887 0.02147487 0.01227028 -0.00987768 0.14675246 0.27487267 0.27677144 0.04759637 0.43848895 0.38488931 1.00000000 0.27292038 0.26166929 0.27512522 0.30854471 0.33212800 0.24769490
0.00264820 0.07878737 0.07680825 0.11486471 0.11370958 0.04980892 0.02922484 0.07364771 0.03697244 0.02000165 0.07754423 0.01024031 0.00974265 -0.33159629 -0.35177358 -0.30423332 0.20445361 -0.38133528 0.24183794 0.18541836 -0.32276135 -0.31796504 -0.06431841 0.09411457 0.20007163 -0.35675258 0.01903060 0.03232652 0.05250683 0.02013275 0.00794008 -0.32806958 -0.23003978 -0.01639309 0.04507776 0.16010679 0.17737756 0.03789656 0.01966365 0.21495320 0.06155624 0.06924001 -0.20415106 0.15004676 0.10139867 0.08224363 0.04246293 -0.32017935 0.12785966 0.01099208 0.06122412 -0.00130045 0.04765549 0.16841299 0.05200109 0.07451055 0.09820631 -0.02796400 0.09644654 0.12971931 0.16595390 0.07055603 0.12278159 0.07158154 0.07827789 0.18177154 0.47473047 0.32149834 -0.12164992 0.25619441 0.33738534 0.27292038 1.00000000 0.29269307 0.36196405 0.45642103 0.34649806 0.29843638
0.02103924 0.04523334 0.06372756 0.06408816 0.03223263 0.01377012 0.04929190 0.06099990 0.02550363 0.02215201 0.06772514 -0.02023037 0.00343880 -0.18966205 -0.16825087 -0.16163074 0.05530889 -0.17978897 0.13737348 -0.02574876 -0.18000924 -0.16924823 -0.02792911 0.00170193 0.08229812 -0.17875490 -0.00475393 0.06959426 0.09728595 -0.00721693 -0.08309196 -0.11682645 -0.10676487 0.02403572 0.04140445 0.11289028 0.08863730 0.02721350 0.02099201 0.09972602 0.02355260 0.08249937 -0.08349338 0.12133223 0.06855001 0.08844775 0.05774041 -0.09633293 0.14508827 0.03445755 0.05411568 0.01011911 0.07411934 0.04320983 0.02039374 0.03279033 -0.02509576 0.00992208 -0.04967295 0.02749920 0.01393028 0.02869770 0.02483021 -0.05435787 0.02368898 0.24227015 0.25269452 0.24074805 0.02022681 0.23302897 0.24308979 0.26166929 0.29269307 1.00000000 0.26277087 0.22388879 0.30364140 0.21634918
0.07136382 0.01853535 0.03762536 0.06174015 0.04053829 0.08060852 0.03687925 0.01996202 0.00645588 0.03414601 0.08502504 0.00423881 0.01721075 -0.30047622 -0.31285839 -0.29587543 0.12709836 -0.32634104 0.16638798 0.08884591 -0.29251705 -0.27040731 -0.10665580 0.01972365 0.10774075 -0.29800303 -0.01407822 0.02695610 0.03261015 -0.00338304 0.04446050 -0.21380848 -0.14076614 0.00982200 0.04163954 0.10663843 0.12620837 0.00087517 -0.01641057 0.16094760 0.08860454 0.14227480 -0.16586095 0.12705366 0.08822268 0.10968123 0.06744302 -0.20409403 0.10259985 0.05535106 0.02574931 0.01897498 0.06271342 0.09846041 0.02811606 0.07344018 0.00282557 -0.06283454 0.00582127 0.02979110 0.10969951 -0.01033024 0.01700787 0.03622713 -0.00091490 0.26787998 0.26848544 0.21720427 -0.07814243 0.27249019 0.35016522 0.27512522 0.36196405 0.26277087 1.00000000 0.30224856 0.32624135 0.19514763
0.01002321 0.11115248 0.11955563 0.14935956 0.16461181 0.06700795 0.07736688 0.17222305 0.10868205 0.08159317 0.11977683 0.02561368 0.06040995 -0.34504634 -0.37618886 -0.30367222 0.29397506 -0.36231001 0.23313693 0.21947337 -0.30626006 -0.28413829 -0.14929652 0.15441505 0.22452227 -0.37287461 0.10982973 0.03394557 0.05173973 0.03029490 0.00190155 -0.25077306 -0.26675505 0.03928659 0.09141209 0.22430201 0.20191553 0.09963409 0.07418586 0.26370031 0.02511140 0.14394599 -0.15360398 0.22333075 0.09544027 0.05732457 0.05446784 -0.31007180 0.18785383 0.05491942 0.15300776 0.07128750 0.06944928 0.26354401 0.07206781 0.11414439 0.11773500 -0.08279873 0.13553927 0.17346003 0.23926815 0.08238059 0.16622380 0.17922907 0.16857332 0.20318792 0.49967922 0.32954141 -0.13032347 0.29701489 0.41409975 0.30854471 0.45642103 0.22388879 0.30224856 1.00000000 0.38336298 0.47579457
0.02670323 0.04361351 0.05627335 0.08371047 0.07679221 0.03877805 0.07148970 0.07854718 0.04534446 0.04325152 0.07472766 -0.02539959 0.01118134 -0.27994383 -0.28702045 -0.27316017 0.14709324 -0.30152033 0.22059105 0.10692473 -0.27427587 -0.26629473 -0.06705330 0.08889858 0.14830588 -0.28394877 0.02208533 0.06178035 0.06289568 0.04154287 0.00864777 -0.21098471 -0.19171809 0.02206718 0.06641961 0.17628555 0.13208674 0.05929956 0.02369456 0.18329705 0.05857847 0.08522497 -0.16921258 0.15983606 0.08464553 0.04736125 0.04034815 -0.24304683 0.15662961 0.01496551 0.09520144 0.00214231 0.10564402 0.14085105 0.04434631 0.08339294 0.07665608 -0.02744570 0.05875394 0.11240682 0.14385806 0.09515820 0.08944540 0.08252527 0.07351580 0.24326530 0.30732087 0.33440807 -0.08954087 0.21970168 0.33421540 0.33212800 0.34649806 0.30364140 0.32624135 0.38336298 1.00000000 0.29683038
0.01567861 0.09934866 0.14038810 0.10899792 0.11948606 0.09806126 0.05315117 0.14055987 0.05972115 0.08409316 0.11919841 -0.00035477 0.06526408 -0.21295954 -0.22827226 -0.16441105 0.23497025 -0.21259555 0.13945607 0.12685256 -0.17016075 -0.18315736 -0.08039471 0.16387789 0.15095443 -0.19178768 0.07935381 0.05748756 0.04323659 0.03335245 0.02538817 -0.17760365 -0.13877963 0.04238778 0.07880865 0.16434249 0.10581931 0.11660483 0.07197464 0.16308996 0.02116906 0.11651499 -0.07189238 0.19615534 0.06276309 0.04149921 0.05164026 -0.14449984 0.15228188 0.02929186 0.10089578 0.06034451 0.08433763 0.22113923 0.12025890 0.09924693 0.11679219 -0.01280434 0.11305775 0.14381187 0.16098721 0.09137613 0.16892950 0.16663630 0.18179095 0.31461797 0.38131076 0.36680296 -0.00079963 0.18536056 0.27265222 0.24769490 0.29843638 0.21634918 0.19514763 0.47579457 0.29683038 1.00000000
