1.00000000 0.19926401 0.19979984 0.29208624 0.27223516 0.15907798 0.31223132 0.24727825 0.22209880 0.18774497 0.21753092 0.23044317 0.24371127 -0.03287292 0.01191217 -0.07854956 0.04971389 0.06408470 0.05408095 -0.00282947 -0.05456990 0.07906419 -0.09957393 -0.00132063 -0.09699864 0.09632259 -0.08531783 0.08585464 0.01993203 -0.01467893 0.04834425 -0.02151880 0.05061267 -0.01344432 0.06819861 0.07269150 -0.00381321 -0.00371659 -0.02151725 0.00756526 -0.05819832 0.02200781 0.05292895 -0.02821292 -0.05845644 0.07199965 -0.12331056 -0.06999286 -0.02782464 0.06641305 0.05519919 -0.07360832 0.04251732 0.04664689 0.03811741 0.10710299 0.12213890 0.10188046 -0.00252126 0.03557483 0.12943847 0.07041644 0.02214042 0.05584494 0.06768212 -0.05071705 0.03038082 0.04879683 -0.03173801 0.01832239 0.00901358 0.01119615 -0.01736751 0.09312522 -0.08613230 0.12292734 -0.05775748 0.05381319
0.19926401 1.00000000 0.28607332 0.14376960 0.16010680 0.15598813 0.20507723 0.25668783 0.32511628 0.28626031 0.19829583 0.24096737 0.26596203 0.12435457 -0.06049684 0.09190457 -0.08322956 -0.08439911 0.01574151 0.10330719 -0.01869551 0.09786683 0.06697075 0.07033390 0.05184524 0.02880643 0.07355244 0.01984150 -0.07197861 0.05853351 0.18602719 0.00168720 0.13456419 0.05470506 0.06902007 -0.03082091 0.11135246 -0.05986585 -0.04127208 -0.10934940 0.03853990 -0.06171104 -0.11970865 -0.03356037 -0.06171770 0.05865301 -0.07890242 0.05491456 0.12706759 0.09913828 -0.05644869 -0.00564886 0.11368739 0.03452956 0.04102001 0.23549359 0.04628706 0.17853392 0.14099687 -0.03103516 -0.01779301 0.02946864 0.06020377 -0.01115101 0.10251908 0.07828056 0.04135692 0.16274962 0.09398610 0.11725977 0.15328667 -0.13062223 0.12286851 0.07344620 0.03645116 0.13287147 0.10739829 -0.01173197
0.19979984 0.28607332 1.00000000 0.24962594 0.31815677 0.30983885 0.34498200 0.30772060 0.32258821 0.26678590 0.14680930 0.37010948 0.31236956 -0.02496364 -0.07324919 0.02674918 -0.00629536 -0.06157635 0.03373391 0.00227050 0.10752961 0.09835025 0.02923893 0.09699290 0.00868638 0.06153710 0.10924819 -0.00922266 0.03031465 0.09184269 0.05830782 -0.04214195 -0.00185072 0.00687263 0.03988226 -0.04035753 -0.01410940 -0.03997159 0.02126940 -0.08379206 -0.05700462 -0.09491094 -0.08845684 -0.04129249 0.01861645 -0.01581298 0.00522800 0.03506919 -0.05488651 0.00733366 -0.08331990 -0.04387642 0.06377386 0.06238090 0.03978187 0.06852335 -0.01464843 0.05950585 0.06081225 0.09529038 0.08455807 0.02193377 0.02435456 0.01888404 0.04952497 0.17742192 0.19793408 0.21101460 0.14199153 0.24667346 0.11402054 -0.09331963 -0.00190289 -0.01756571 -0.09477163 0.15063246 0.07180822 0.01515707
0.29208624 0.14376960 0.24962594 1.00000000 0.28827522 0.16642227 0.30985241 0.32086568 0.20767969 0.17706957 0.18971979 0.29526128 0.22304820 -0.02275276 0.08076911 -0.12054946 0.11345533 0.07656704 0.10961024 -0.07987975 -0.03626951 0.00087999 -0.10523533 0.11031040 -0.09970479 0.15890393 -0.09553531 0.06547854 -0.02612525 0.09730377 -0.00332134 0.00812733 -0.04430333 -0.08007713 0.05203434 -0.01851772 0.00930219 -0.04024845 -0.05827155 -0.00826613 -0.12753433 0.03063107 -0.02181564 0.01288639 0.06050747 0.14293480 0.00406741 -0.04011187 -0.03054639 0.05282806 -0.11506277 -0.10818780 0.04481785 0.08969237 0.07756942 0.03528693 0.12426554 0.04016481 -0.03406462 0.07217604 0.15156947 0.05138533 0.03209399 0.11856618 -0.01805583 -0.05327902 0.11914734 0.08563229 0.05428744 0.06746131 -0.05551387 -0.04235228 -0.03001913 0.02754577 -0.07837896 0.08812764 0.00458002 -0.00648521
0.27223516 0.16010680 0.31815677 0.28827522 1.00000000 0.24705526 0.31496084 0.28534868 0.23941398 0.24969804 0.27254468 0.22771087 0.26877666 -0.03829644 -0.04543922 -0.02069853 0.09068538 -0.09541223 0.06491324 0.06544225 -0.01620408 0.20437910 0.06035225 0.07912019 0.01954125 0.12056199 -0.11075183 0.02339887 -0.07108846 0.07360624 0.07244090 -0.03003746 0.00252686 -0.10312328 0.03634973 -0.02005209 -0.04400460 -0.09776643 -0.06762930 -0.07438824 -0.07806927 -0.09423780 -0.09490185 -0.09782501 -0.05627900 0.05592944 -0.09754673 -0.03675464 -0.04045420 0.03012826 -0.09233446 -0.07203700 -0.04008724 0.00081869 -0.04820621 0.03542498 0.00987432 0.02157374 -0.00904432 0.04925999 0.06161159 0.00118398 -0.02888585 -0.05870180 -0.02631782 0.08137056 0.23234811 0.22528886 0.04016160 0.19202170 0.09350636 -0.03777254 -0.02333230 0.02917744 -0.12778030 0.20170912 0.01021980 -0.01880645
0.15907798 0.15598813 0.30983885 0.16642227 0.24705526 1.00000000 0.26373264 0.23015583 0.25469952 0.14001229 0.16716829 0.07892627 0.23545097 -0.12009743 -0.14487440 -0.03871087 0.13194889 0.08965161 -0.02584353 -0.06846616 0.05590392 0.02295629 0.14702760 0.05258741 0.12460768 -0.05567041 0.04892403 -0.01932059 0.11661217 0.04050697 -0.04575880 0.02996663 0.00770161 0.07110678 -0.04671307 -0.01559834 -0.03733072 0.02814254 0.14686714 -0.12583172 -0.00565346 -0.13400037 0.02621811 0.04748513 0.04615686 0.00953731 0.04656302 -0.00609538 -0.03556459 0.04881083 -0.12108133 -0.06539865 0.13990841 0.07087672 0.05720683 0.08877509 0.04651597 0.01627282 0.08394747 0.10269677 0.17257542 0.04730429 -0.01396446 0.04225957 0.11285660 0.14763863 0.02887390 0.06180068 0.14595047 0.14833562 0.02745744 -0.02445591 0.01819693 0.04030579 -0.07983831 0.15584327 0.17463469 0.08551583
0.31223132 0.20507723 0.34498200 0.30985241 0.31496084 0.26373264 1.00000000 0.25731517 0.21319278 0.10969383 0.16406316 0.26759379 0.25224368 -0.02384305 -0.07519841 -0.06457741 0.07163434 0.08276406 0.12192769 -0.00574851 0.08351891 0.16759446 0.06383033 0.12680444 0.01756449 0.09592449 0.03453611 -0.05463463 -0.11057392 0.05189868 0.01388348 -0.19199094 -0.04851533 -0.07240867 -0.06238951 0.07441023 0.03499924 -0.18246917 0.02757165 -0.09687827 -0.03915311 0.02650475 -0.02685896 -0.04354574 0.04189293 0.02961160 -0.03047979 -0.05209141 -0.04717211 0.01438308 -0.08113754 -0.01956854 0.02794273 0.13708232 0.06808490 0.12145124 0.04873349 0.01848078 0.15621826 0.18587280 0.12843436 0.11945850 0.03920273 0.06025662 0.05724877 0.11495991 0.20374589 0.16499274 0.13885160 0.21536048 0.07813190 0.01143213 0.00139155 0.04665330 -0.17851371 0.19730819 -0.02260460 0.05812609
0.24727825 0.25668783 0.30772060 0.32086568 0.28534868 0.23015583 0.25731517 1.00000000 0.30918284 0.26406386 0.19598944 0.31854171 0.40792797 0.03600023 0.03005964 0.09991051 0.07370954 -0.04125222 0.08811254 0.06080881 0.07710736 0.06216246 0.14895809 0.08016455 -0.05308848 0.02914162 0.03317889 -0.04185952 -0.14545909 0.06892222 0.08169005 -0.12872534 0.04265242 -0.02857811 0.03144943 0.00075407 -0.01842216 -0.02671265 0.04535326 -0.01693357 -0.12177511 -0.10922823 -0.09691478 -0.08406309 -0.02446285 0.05470211 -0.04418732 -0.06433622 -0.02741526 0.00592388 -0.06972227 0.01691848 0.05228347 0.09632226 0.05240142 0.08122351 0.04815944 0.06801562 -0.00366668 0.03999449 0.05976883 0.05421955 0.02645595 0.01615559 0.01751658 0.08641379 0.16673400 0.16427859 0.11685512 0.19597062 0.11545341 0.02090578 0.01421558 -0.02415284 -0.08431119 0.07653505 0.04109929 -0.06873447
0.22209880 0.32511628 0.32258821 0.20767969 0.23941398 0.25469952 0.21319278 0.30918284 1.00000000 0.34546786 0.10072742 0.28507372 0.24657937 -0.00188538 -0.02443629 0.03013759 0.04938751 -0.03882027 -0.02166823 -0.05609938 0.03883238 -0.01962091 0.06669675 0.08942018 -0.01167468 0.04802217 -0.02560878 -0.05039540 -0.01080652 0.05055088 0.09443851 0.03245966 0.02440181 0.16548717 -0.00311862 -0.02891428 -0.00277980 0.08236278 0.07937601 -0.08474154 0.00585677 -0.11369739 -0.02957977 0.00350845 -0.06333977 0.08382952 -0.00165182 -0.02150397 -0.04525940 0.07493725 -0.07303227 -0.05812176 0.07220808 0.02121705 0.02693376 0.13748609 0.06352138 0.11545426 0.00747133 0.15057667 0.14616139 -0.00939251 0.01672248 -0.00198372 0.11435221 0.04592663 0.09345886 0.13882983 0.15202631 0.11337660 0.09797133 0.02399781 0.06733409 0.00675387 0.01481390 0.09612897 0.11442345 0.10030406
0.18774497 0.28626031 0.26678590 0.17706957 0.24969804 0.14001229 0.10969383 0.26406386 0.34546786 1.00000000 0.29695021 0.23871515 0.23886463 0.09080253 0.04397367 0.04213108 -0.01203901 -0.15560736 -0.11687166 0.01439145 0.03979107 -0.08650907 -0.01680197 0.09454429 -0.04363244 0.00979509 -0.19759785 -0.05394233 0.03461222 -0.07404697 0.06811949 0.02809629 -0.06644540 0.04574989 0.02681880 -0.10399348 -0.05425671 0.02915252 -0.06457396 0.04010534 0.00501418 0.01036162 -0.01499765 -0.06172001 -0.07831357 0.03264179 -0.01549270 -0.03309652 -0.04418213 -0.02902990 -0.00813668 0.01026155 -0.00961425 0.11312377 -0.00710048 -0.00242333 -0.04328287 0.01213424 -0.06385294 0.04365883 -0.02989413 -0.05130729 -0.00585197 0.00416115 -0.05126232 0.04361275 0.04867964 0.01927345 0.11076040 0.03085148 0.03023297 -0.01553696 -0.04060459 0.04531866 0.00214402 0.06803475 0.05847198 0.08933120
0.21753092 0.19829583 0.14680930 0.18971979 0.27254468 0.16716829 0.16406316 0.19598944 0.10072742 0.29695021 1.00000000 0.15819148 0.13324695 0.05359019 0.09019250 -0.06623687 0.04780452 0.05293518 0.01317863 -0.01541089 -0.12234695 -0.05944850 -0.08101032 -0.08911860 -0.08589200 0.08892137 -0.04849518 0.01685899 -0.01233235 -0.04613888 0.04035251 0.00296882 -0.00344038 0.08392408 0.08382870 0.03681124 0.00505033 0.08565577 -0.04264046 0.10517788 0.00421853 0.03255014 0.05070606 -0.08722917 -0.03884366 -0.00041161 -0.02679312 -0.11565978 0.04324991 0.06813645 -0.03413247 -0.07829692 0.01561851 0.09472196 -0.00331388 0.07162760 0.07117772 -0.00911684 0.00923792 -0.04335507 0.03996824 0.00888514 0.08297770 0.08850246 -0.01163791 -0.10670874 -0.02842119 -0.03862097 -0.07072182 -0.06361603 -0.07257107 0.00570610 -0.14592926 0.01997471 0.00198521 -0.05094832 -0.08551112 0.06106383
0.23044317 0.24096737 0.37010948 0.29526128 0.22771087 0.07892627 0.26759379 0.31854171 0.28507372 0.23871515 0.15819148 1.00000000 0.32809103 -0.01952599 0.00426714 -0.03113538 0.09027277 0.00645602 0.11415245 0.05773569 0.03243748 0.14516478 0.00671594 0.09111132 -0.05605487 0.12907634 -0.05796987 -0.03459607 -0.05166694 0.03640710 0.08485157 -0.13516423 -0.03866397 -0.04860195 -0.07095595 -0.02030218 -0.06305505 -0.08873013 -0.04062550 -0.09285898 -0.10050852 0.00019592 -0.09438033 -0.04095979 -0.01192279 0.06364001 -0.03374193 -0.00820370 0.00107342 0.04025936 -0.09447245 -0.03790098 0.01381378 0.07056447 0.08075848 0.16419312 0.01706709 0.08241962 -0.00126211 0.03167339 0.09613026 0.06077967 0.09528838 0.05998527 0.01711136 0.01157117 0.20110212 0.14586082 0.09451795 0.19503723 0.04670142 0.02433714 -0.00983896 -0.04212062 -0.04293571 0.11747008 -0.06336740 -0.00381174
0.24371127 0.26596203 0.31236956 0.22304820 0.26877666 0.23545097 0.25224368 0.40792797 0.24657937 0.23886463 0.13324695 0.32809103 1.00000000 -0.05030359 -0.13109602 0.01499211 0.07681321 -0.08942516 -0.02317579 0.01006540 0.14195164 0.08962013 0.06500638 0.16412414 0.13336690 -0.01794845 0.05141924 -0.11304914 -0.02827233 0.01624256 0.02801839 -0.02625568 0.01540737 0.05718305 0.00228066 -0.04533849 -0.03761936 -0.02887521 0.09641616 -0.14375357 -0.03421277 -0.06863598 -0.12436678 0.03546083 -0.06339914 -0.01792347 0.01143024 0.04247159 -0.05269590 -0.01624066 -0.09214347 0.00577073 0.13316893 0.09894920 0.04721060 0.05023340 -0.00944029 -0.07526139 0.02366691 0.11370413 -0.00673908 0.00509727 -0.08824354 -0.08410309 0.02196314 0.11970429 0.16048650 0.18901629 0.20145120 0.29722511 0.12914203 0.00652252 0.03907182 0.03784857 -0.05040010 0.12381160 0.15906479 0.08319850
-0.03287292 0.12435457 -0.02496364 -0.02275276 -0.03829644 -0.12009743 -0.02384305 0.03600023 -0.00188538 0.09080253 0.05359019 -0.01952599 -0.05030359 1.00000000 0.30293275 0.21113378 0.01461080 0.17463676 0.03142749 0.19116903 0.13908716 0.05211747 0.04171596 0.14456792 0.08053132 0.21418615 -0.05129361 0.06700116 0.09494736 0.07249748 -0.00441584 0.05195972 -0.10953160 -0.16264760 0.00995819 0.11371544 0.05921722 -0.08518390 -0.12581255 0.15220587 0.02347715 0.17463364 -0.04368810 0.03583823 0.06768570 0.02522934 -0.03868842 -0.04092692 -0.00320653 -0.06337151 0.06395473 -0.02843695 -0.05913248 0.01854423 0.02632548 0.03855091 0.01457894 0.09213088 0.06698059 -0.06801943 -0.00702640 0.06587268 0.01703842 -0.00429406 0.00877732 -0.00921168 0.02827459 -0.01305251 -0.03842920 -0.03172276 -0.05968113 0.10207294 0.09040596 -0.01341188 0.03326416 -0.00018295 -0.06959854 -0.06593115
0.01191217 -0.06049684 -0.07324919 0.08076911 -0.04543922 -0.14487440 -0.07519841 0.03005964 -0.02443629 0.04397367 0.09019250 0.00426714 -0.13109602 0.30293275 1.00000000 0.11219297 0.16049125 0.28024487 0.27454116 0.21021200 0.08349187 0.02887080 -0.07630250 0.27172962 0.03605631 0.29832252 -0.15096989 0.07219767 0.06222508 0.05563669 -0.07227018 0.00092045 -0.11763787 -0.12017713 0.12239073 0.00022875 0.02472694 0.03583503 -0.24650746 0.20097862 0.01238017 0.11740609 0.15729701 0.03541648 0.12110571 0.08676464 0.11731150 -0.02488096 0.06087260 0.08186151 0.07845311 -0.12322877 -0.02150400 -0.05824576 0.05156876 0.05033818 0.14977189 0.05946480 -0.17556882 -0.21088586 0.11355382 -0.04015888 0.14381830 0.23040993 0.01767931 -0.32188066 -0.02097258 -0.09537386 -0.19047395 -0.24137826 -0.24089254 0.14142946 -0.06693312 0.04692532 0.02404349 -0.13962658 -0.20691985 0.03177521
-0.07854956 0.09190457 0.02674918 -0.12054946 -0.02069853 -0.03871087 -0.06457741 0.09991051 0.03013759 0.04213108 -0.06623687 -0.03113538 0.01499211 0.21113378 0.11219297 1.00000000 -0.03146731 0.07598674 0.24966296 0.22438095 0.08613858 0.20076494 0.24903393 0.14980329 0.13936131 0.15897876 0.13387731 -0.04986269 -0.09813361 0.03136348 0.14003482 -0.11244825 0.22405540 -0.03266589 0.11110438 0.07805201 0.12763169 -0.03178189 -0.06384130 -0.01299208 0.03326839 0.02975834 -0.02703885 0.00069372 -0.06247334 -0.04641364 -0.03230378 -0.00577161 -0.02408149 0.00285246 0.07709597 0.11183759 -0.05257035 -0.08089156 -0.06090010 0.08560571 -0.06205860 0.10274684 0.04657855 -0.11999794 -0.10072573 -0.08636413 -0.00749509 -0.11960087 -0.08736627 0.06165643 0.06056141 0.05058928 -0.08501625 0.06165113 0.14159104 0.01742032 0.01035105 0.01520333 -0.01135212 0.02357961 -0.11729965 -0.16596263
0.04971389 -0.08322956 -0.00629536 0.11345533 0.09068538 0.13194889 0.07163434 0.07370954 0.04938751 -0.01203901 0.04780452 0.09027277 0.07681321 0.01461080 0.16049125 -0.03146731 1.00000000 0.34517173 0.15951141 0.17016962 0.10912580 0.24948370 0.04000807 0.20912550 0.32078385 0.22626678 -0.12126702 -0.13381762 -0.06995029 -0.16099640 -0.20288732 -0.12405397 -0.09490132 0.07297054 -0.06282952 -0.04659654 -0.15122649 0.08607698 0.12771901 -0.02015100 -0.05781932 0.01428346 0.09999625 0.05603974 0.06764635 0.08244768 0.04401522 -0.02967444 -0.01143567 0.05687032 -0.09718738 -0.04228955 0.12778888 0.23973083 0.15722315 0.12703444 0.10464882 -0.06485379 0.03706798 0.10698409 0.14031426 0.10583262 0.05633564 0.22496698 0.11588221 -0.06013280 -0.01649595 -0.01440799 0.02106798 -0.03512653 -0.08448092 0.03757846 0.01214864 -0.06376407 -0.10727591 -0.02848200 -0.04111396 0.07747271
0.06408470 -0.08439911 -0.06157635 0.07656704 -0.09541223 0.08965161 0.08276406 -0.04125222 -0.03882027 -0.15560736 0.05293518 0.00645602 -0.08942516 0.17463676 0.28024487 0.07598674 0.34517173 1.00000000 0.32584921 0.11491288 0.16854786 0.18292589 0.05249129 0.24630723 0.14199082 0.34439667 -0.07089077 -0.03938212 -0.01853887 -0.09878255 -0.12693202 -0.01740549 -0.06488222 0.12050968 -0.03595460 0.04178341 -0.01321555 0.15505583 0.10993313 0.09169457 0.04693968 0.20047846 0.20663848 0.10445343 0.18926374 0.09482945 0.11011714 0.01412853 0.11059692 0.17315198 0.10511892 0.03613694 0.11143117 0.20982007 0.20909741 0.17731116 0.26995533 0.07692685 0.02035843 0.06202389 0.26591696 0.18696194 0.17060300 0.26954843 0.15753520 -0.18088730 -0.06825468 -0.13003945 -0.03814143 -0.17595919 -0.15585241 0.06247904 -0.00983040 -0.02125325 -0.01181653 -0.07631656 -0.10529714 0.08883245
0.05408095 0.01574151 0.03373391 0.10961024 0.06491324 -0.02584353 0.12192769 0.08811254 -0.02166823 -0.11687166 0.01317863 0.11415245 -0.02317579 0.03142749 0.27454116 0.24966296 0.15951141 0.32584921 1.00000000 0.34839079 0.04103215 0.42738106 0.09476917 0.24017112 -0.01310980 0.47375287 0.13044483 -0.00170588 -0.27253007 0.09088665 0.12098569 -0.27640130 0.15995844 -0.08805265 0.15235212 0.25935044 0.08145329 -0.13999097 -0.03565766 0.03702505 -0.09617881 0.04093501 0.12454265 0.01554010 0.04892590 0.07853416 -0.03341171 0.03929207 0.16638681 0.22344059 -0.04145427 -0.00496325 0.08710443 0.04577793 0.13686766 0.33337577 0.19056613 0.08706131 0.14037209 -0.01187389 0.13837829 0.14592233 0.21444699 0.11800230 0.00817212 -0.14529031 0.31134100 0.27823021 -0.17272706 0.09680349 0.05349050 0.00661172 -0.05523072 -0.04432050 -0.19365924 0.10135393 -0.28832516 -0.06603012
-0.00282947 0.10330719 0.00227050 -0.07987975 0.06544225 -0.06846616 -0.00574851 0.06080881 -0.05609938 0.01439145 -0.01541089 0.05773569 0.01006540 0.19116903 0.21021200 0.22438095 0.17016962 0.11491288 0.34839079 1.00000000 0.10244410 0.32445946 0.19151554 0.24302519 0.23239105 0.36474245 0.05965926 0.03291272 -0.12538365 -0.01488102 0.00703122 -0.04865618 0.04527297 -0.10927440 0.02167726 0.06407465 0.07382786 -0.12294602 -0.15086036 -0.00395859 0.00337198 -0.00063500 0.02062746 0.01700760 0.07428964 0.03203179 0.01307448 0.06812590 0.18618293 0.12749491 0.07319665 -0.00136223 0.07594267 -0.00981281 0.05457606 0.22747494 0.11678871 0.12450433 0.09585140 -0.09349571 0.02227830 0.03242971 0.11451924 0.02811924 -0.01746038 -0.04826593 0.12763050 0.10856908 -0.09500537 -0.05260410 -0.02362141 0.01294802 0.03694315 0.05635100 0.01247956 0.07919305 -0.17832844 -0.09060404
-0.05456990 -0.01869551 0.10752961 -0.03626951 -0.01620408 0.05590392 0.08351891 0.07710736 0.03883238 0.03979107 -0.12234695 0.03243748 0.14195164 0.13908716 0.08349187 0.08613858 0.10912580 0.16854786 0.04103215 0.10244410 1.00000000 0.22985507 0.08355858 0.34954006 0.14995243 0.05487867 -0.03025829 -0.16542032 0.01487148 0.02888101 -0.10337826 -0.06112514 -0.21764251 -0.12332282 -0.17252299 -0.00044827 -0.02357430 -0.10989517 -0.02525849 -0.04337143 -0.03741183 0.00836055 -0.03960259 -0.03834218 0.00066153 -0.14999953 -0.03385844 -0.07087673 -0.13753923 -0.20894915 -0.08236438 0.00765921 -0.04496132 0.10192238 0.06312998 -0.02725723 -0.08326140 -0.04972749 0.06110398 0.12296600 0.01888380 0.07785357 -0.03652978 0.01561582 0.06665415 0.11961267 0.08500157 0.10261174 0.16541188 0.19581667 -0.02114560 0.08995540 0.06381558 0.03240282 0.01189776 0.03576847 0.05121240 0.08451320
0.07906419 0.09786683 0.09835025 0.00087999 0.20437910 0.02295629 0.16759446 0.06216246 -0.01962091 -0.08650907 -0.05944850 0.14516478 0.08962013 0.05211747 0.02887080 0.20076494 0.24948370 0.18292589 0.42738106 0.32445946 0.22985507 1.00000000 0.14599263 0.29923224 0.25689414 0.30647747 0.10479056 -0.03384562 -0.20719470 0.10739699 0.10644450 -0.20732075 0.10016018 -0.09866363 0.04928842 0.08994099 0.03346222 -0.20739822 -0.02086148 -0.14045845 -0.07468240 -0.02119031 -0.03758745 -0.00608506 0.00666551 0.05990653 0.00253929 0.08448573 0.07731098 0.09578488 -0.09338563 -0.02842749 0.14824113 -0.00302699 0.10934425 0.28605311 0.20649249 0.10592144 0.22006673 0.04436178 0.12531650 0.09980989 0.12558253 0.05944275 0.11515583 0.04321480 0.28938726 0.31430746 0.03226508 0.18956529 0.20457615 -0.10898709 0.04839059 -0.00720025 -0.10688534 0.16764643 -0.12503090 -0.08849117
-0.09957393 0.06697075 0.02923893 -0.10523533 0.06035225 0.14702760 0.06383033 0.14895809 0.06669675 -0.01680197 -0.08101032 0.00671594 0.06500638 0.04171596 -0.07630250 0.24903393 0.04000807 0.05249129 0.09476917 0.19151554 0.08355858 0.14599263 1.00000000 0.12682512 0.29962991 0.05314523 0.04870294 -0.00017700 -0.07077695 -0.01232970 0.09693749 -0.06034483 0.08420410 0.12705625 0.03277465 0.00583770 0.13718114 0.02888333 0.19458493 -0.19167591 -0.07109258 -0.02542468 0.01044578 -0.13131785 -0.01009313 0.01646494 -0.03379202 0.01319688 0.12983106 0.08939085 -0.08495149 0.13894102 0.08752522 0.02543305 0.10356259 0.12546486 0.01012656 0.02718712 0.21252847 0.08466209 -0.01450514 0.10581284 0.00612114 -0.01716835 0.05604042 0.15901607 0.07134204 0.13558566 0.09645244 0.19667866 0.21645768 -0.04383302 0.08016697 -0.01166040 0.03933407 0.16329518 0.05676393 0.06881300
-0.00132063 0.07033390 0.09699290 0.11031040 0.07912019 0.05258741 0.12680444 0.08016455 0.08942018 0.09454429 -0.08911860 0.09111132 0.16412414 0.14456792 0.27172962 0.14980329 0.20912550 0.24630723 0.24017112 0.24302519 0.34954006 0.29923224 0.12682512 1.00000000 0.17727459 0.24475951 -0.12463219 -0.09447730 0.02200853 0.08259783 -0.08420999 -0.09114415 -0.21893841 -0.17409637 -0.11094400 0.03615479 -0.01638711 -0.16749821 -0.14887786 0.00229646 -0.04712829 0.04950719 0.03900994 0.05224915 0.15010316 0.01775096 0.14167953 0.04283665 -0.05279414 -0.04967674 0.01245083 -0.10537238 0.06120961 0.05146715 0.12521850 0.17477658 0.10829627 0.11679098 -0.02795815 0.02102168 0.20184980 -0.01138744 0.12480420 0.13252913 0.04660864 -0.09488494 0.12578918 0.05751467 0.05902852 0.07848098 -0.14267265 0.06877283 0.09476825 0.00428957 -0.05058985 -0.02484520 -0.07587104 0.03359662
-0.09699864 0.05184524 0.00868638 -0.09970479 0.01954125 0.12460768 0.01756449 -0.05308848 -0.01167468 -0.04363244 -0.08589200 -0.05605487 0.13336690 0.08053132 0.03605631 0.13936131 0.32078385 0.14199082 -0.01310980 0.23239105 0.14995243 0.25689414 0.29962991 0.17727459 1.00000000 0.05433023 -0.06338308 -0.00764945 0.05890449 -0.10562415 -0.11853019 0.04712510 -0.08171064 0.12729623 -0.03012555 -0.14519461 -0.00275410 0.01390110 0.17960272 -0.10202162 0.09170873 -0.05227107 0.09609480 0.05915693 0.08589466 -0.01498897 0.15202743 0.16065877 0.08338031 0.08302534 -0.05679300 -0.01254570 0.22260267 0.07799596 0.12776252 0.12868660 0.06092690 -0.05018447 0.07543420 0.05369270 0.07868302 0.02796439 0.01116094 0.07667822 0.11934591 0.09748651 0.00243398 -0.01483400 0.14079573 0.06103605 0.12539582 -0.04130697 0.18791336 -0.01133362 0.02792145 0.07298276 0.20216580 0.05744336
0.09632259 0.02880643 0.06153710 0.15890393 0.12056199 -0.05567041 0.09592449 0.02914162 0.04802217 0.00979509 0.08892137 0.12907634 -0.01794845 0.21418615 0.29832252 0.15897876 0.22626678 0.34439667 0.47375287 0.36474245 0.05487867 0.30647747 0.05314523 0.24475951 0.05433023 1.00000000 0.04395769 0.04774677 -0.19631221 0.05444548 0.04383309 -0.19140847 0.08627042 -0.06015406 0.09436990 0.12537325 0.01749777 -0.07911191 -0.10041262 0.05512521 -0.04586181 0.14411998 0.12382161 0.02545775 0.06904931 0.11796619 -0.04569752 0.09467767 0.14543880 0.19202162 0.01149133 -0.00918927 0.04315614 0.07393153 0.19192903 0.22336617 0.18465484 0.13208571 0.06627821 -0.02033056 0.20407788 0.13904697 0.21503575 0.13916375 -0.00179533 -0.12830393 0.21982167 0.19257412 -0.05531906 0.00438094 0.00484790 0.06849893 -0.00713643 0.05389684 -0.12895279 0.14550817 -0.23140899 0.01334758
-0.08531783 0.07355244 0.10924819 -0.09553531 -0.11075183 0.04892403 0.03453611 0.03317889 -0.02560878 -0.19759785 -0.04849518 -0.05796987 0.05141924 -0.05129361 -0.15096989 0.13387731 -0.12126702 -0.07089077 0.13044483 0.05965926 -0.03025829 0.10479056 0.04870294 -0.12463219 -0.06338308 0.04395769 1.00000000 0.04735569 -0.13780786 0.27476184 0.31940075 0.01660874 0.35907649 0.22113793 0.27914897 0.24847005 0.26993172 0.05753866 0.18733888 -0.11321678 0.06704438 -0.02235088 -0.04729145 0.07207989 -0.01828584 0.00443117 -0.02066220 0.11280372 0.11134250 0.10224685 -0.05135207 0.08995091 0.12580795 -0.03668534 0.02585347 0.11451509 0.07217271 0.07420330 0.18601210 0.01139648 -0.00053510 0.08980637 0.05190577 -0.07194270 0.02054694 0.09780582 0.15846102 0.21621952 0.05232244 0.10618448 0.17920751 -0.06120583 0.04251530 0.01005576 0.01827208 0.04750369 -0.04130924 -0.08039323
0.08585464 0.01984150 -0.00922266 0.06547854 0.02339887 -0.01932059 -0.05463463 -0.04185952 -0.05039540 -0.05394233 0.01685899 -0.03459607 -0.11304914 0.06700116 0.07219767 -0.04986269 -0.13381762 -0.03938212 -0.00170588 0.03291272 -0.16542032 -0.03384562 -0.00017700 -0.09447730 -0.00764945 0.04774677 0.04735569 1.00000000 0.27606512 0.21934007 0.18010294 0.34467167 0.21672591 0.09244826 0.27641764 0.07575466 0.30923777 0.14622266 0.06204131 0.01748948 0.05523552 -0.01266697 -0.00673826 -0.06866816 -0.06066997 0.01122222 -0.01906954 -0.00240073 0.08840345 0.07453796 -0.02015788 -0.04128600 0.02110886 -0.16192576 0.01246229 0.03140913 0.20813454 0.08811312 -0.05812803 -0.08207432 0.03476829 -0.00024609 0.06744751 -0.05329866 0.01503281 -0.06699044 -0.03421495 -0.05516589 -0.14301170 -0.14113652 0.02242793 -0.07872742 -0.01617382 0.11992425 0.18055906 -0.00869852 -0.01060796 -0.04337600
0.01993203 -0.07197861 0.03031465 -0.02612525 -0.07108846 0.11661217 -0.11057392 -0.14545909 -0.01080652 0.03461222 -0.01233235 -0.05166694 -0.02827233 0.09494736 0.06222508 -0.09813361 -0.06995029 -0.01853887 -0.27253007 -0.12538365 0.01487148 -0.20719470 -0.07077695 0.02200853 0.05890449 -0.19631221 -0.13780786 0.27606512 1.00000000 0.18296838 -0.02433661 0.44257391 -0.07646383 0.06126854 0.07990441 -0.05516631 0.08843744 0.15568471 0.06525408 0.04309157 0.00213500 -0.04995372 -0.07495335 0.01727878 0.07264259 -0.03001053 0.11753067 -0.00664570 -0.14192069 -0.11499636 0.00168193 -0.16216347 -0.01956100 -0.07687185 -0.09427021 -0.14093584 -0.01588859 -0.02112468 -0.18806781 -0.14264988 -0.02863512 -0.16291977 -0.16766620 -0.03499011 0.03393604 -0.09267331 -0.16526057 -0.18087987 0.06335284 -0.08793291 -0.11912506 0.03090422 0.03057727 -0.00733979 0.15966804 -0.10878260 0.22557389 0.03184495
-0.01467893 0.05853351 0.09184269 0.09730377 0.07360624 0.04050697 0.05189868 0.06892222 0.05055088 -0.07404697 -0.04613888 0.03640710 0.01624256 0.07249748 0.05563669 0.03136348 -0.16099640 -0.09878255 0.09088665 -0.01488102 0.02888101 0.10739699 -0.01232970 0.08259783 -0.10562415 0.05444548 0.27476184 0.21934007 0.18296838 1.00000000 0.25584631 0.17497398 0.10222703 -0.18048352 0.15085867 0.17881124 0.25603592 -0.07743563 -0.10459113 -0.10863264 -0.12240482 -0.09760099 -0.08688537 -0.01031880 -0.01856192 0.04815228 -0.05222622 0.01420716 -0.10828973 -0.09915271 -0.03969708 -0.19739168 -0.00447516 -0.20076520 -0.04433128 0.01831687 0.09138549 0.09032665 0.01934066 -0.06290705 0.02215882 -0.07724665 -0.00724006 -0.05898875 -0.09062350 -0.07278478 0.12994367 0.18999035 -0.00440650 0.11482209 0.05162771 0.00911319 0.00120716 0.06669286 0.09315097 0.00375324 0.03458094 -0.11533031
0.04834425 0.18602719 0.05830782 -0.00332134 0.07244090 -0.04575880 0.01388348 0.08169005 0.09443851 0.06811949 0.04035251 0.08485157 0.02801839 -0.00441584 -0.07227018 0.14003482 -0.20288732 -0.12693202 0.12098569 0.00703122 -0.10337826 0.10644450 0.09693749 -0.08420999 -0.11853019 0.04383309 0.31940075 0.18010294 -0.02433661 0.25584631 1.00000000 -0.00677430 0.41755246 0.16915452 0.31088233 0.23988739 0.25181027 0.08246748 0.10320492 -0.04997132 -0.05291340 0.01408461 -0.09274504 -0.09445052 -0.10051583 0.04623539 -0.07003570 -0.00008620 0.06016844 0.07765208 -0.03022742 0.06680968 0.02047291 -0.05668831 -0.03966510 0.05399620 -0.00593637 0.08006199 0.07951498 -0.03505776 -0.03174579 -0.00191189 0.03450917 -0.19086656 -0.04738738 0.06923422 0.07023357 0.13811994 -0.00935278 0.11595654 0.21265028 -0.00162953 0.02460624 0.01531101 -0.00176602 0.13373218 -0.03145903 -0.07374895
-0.02151880 0.00168720 -0.04214195 0.00812733 -0.03003746 0.02996663 -0.19199094 -0.12872534 0.03245966 0.02809629 0.00296882 -0.13516423 -0.02625568 0.05195972 0.00092045 -0.11244825 -0.12405397 -0.01740549 -0.27640130 -0.04865618 -0.06112514 -0.20732075 -0.06034483 -0.09114415 0.04712510 -0.19140847 0.01660874 0.34467167 0.44257391 0.17497398 -0.00677430 1.00000000 -0.01970905 0.13151661 0.08487678 0.00641911 0.13244568 0.27619581 0.03593528 0.02343605 0.14952229 -0.00350979 -0.04254766 0.06121242 0.04598039 -0.02902772 0.04329153 0.00401650 -0.05910261 -0.05078694 0.03328913 -0.08106464 0.00563356 -0.10716282 -0.13034520 -0.13136198 0.11338920 0.01259501 -0.11712979 -0.03413423 -0.02614553 -0.14502694 -0.09442901 -0.07198894 0.04984687 -0.07709084 -0.23167459 -0.24533694 -0.08783434 -0.21968629 -0.19716242 -0.07756644 0.00211010 0.06720179 0.25939492 -0.12142020 0.22916845 -0.00763625
0.05061267 0.13456419 -0.00185072 -0.04430333 0.00252686 0.00770161 -0.04851533 0.04265242 0.02440181 -0.06644540 -0.00344038 -0.03866397 0.01540737 -0.10953160 -0.11763787 0.22405540 -0.09490132 -0.06488222 0.15995844 0.04527297 -0.21764251 0.10016018 0.08420410 -0.21893841 -0.08171064 0.08627042 0.35907649 0.21672591 -0.07646383 0.10222703 0.41755246 -0.01970905 1.00000000 0.37730438 0.45018339 0.13668076 0.09785397 0.25643614 0.24380914 -0.01391743 0.05845848 -0.03722132 0.09414388 -0.03645922 -0.15815617 0.04891049 -0.04000733 0.05994579 0.20860879 0.20571100 0.07519405 0.13075709 0.13040880 -0.02930261 0.04825491 0.12272280 0.09713936 0.08127745 0.07203155 0.03962429 -0.02895736 0.09024598 0.07566630 -0.10040679 0.02720603 0.12976231 0.01495818 0.06659305 -0.06128057 0.00255321 0.27446196 -0.12538597 -0.06449764 -0.01664941 -0.02964917 0.07773998 -0.06756958 -0.03995040
-0.01344432 0.05470506 0.00687263 -0.08007713 -0.10312328 0.07110678 -0.07240867 -0.02857811 0.16548717 0.04574989 0.08392408 -0.04860195 0.05718305 -0.16264760 -0.12017713 -0.03266589 0.07297054 0.12050968 -0.08805265 -0.10927440 -0.12332282 -0.09866363 0.12705625 -0.17409637 0.12729623 -0.06015406 0.22113793 0.09244826 0.06126854 -0.18048352 0.16915452 0.13151661 0.37730438 1.00000000 0.29069309 -0.10684906 0.04912041 0.62912672 0.55613821 -0.00382338 0.21751535 0.05326379 0.25163055 0.08611138 0.05109333 0.01791039 0.11619781 0.12963293 0.22134971 0.23998506 0.01462711 0.14926042 0.27815275 0.18306099 0.14657210 0.08184810 0.19878124 -0.04073421 0.04398139 0.15939560 0.05826273 0.13786001 0.07349410 0.15124419 0.17568504 0.07929798 -0.13956896 -0.11817582 0.12981507 -0.15227357 0.13646119 -0.05770624 0.04059687 0.03730848 0.15881015 -0.08347030 0.18042083 0.26921809
0.06819861 0.06902007 0.03988226 0.05203434 0.03634973 -0.04671307 -0.06238951 0.03144943 -0.00311862 0.02681880 0.08382870 -0.07095595 0.00228066 0.00995819 0.12239073 0.11110438 -0.06282952 -0.03595460 0.15235212 0.02167726 -0.17252299 0.04928842 0.03277465 -0.11094400 -0.03012555 0.09436990 0.27914897 0.27641764 0.07990441 0.15085867 0.31088233 0.08487678 0.45018339 0.29069309 1.00000000 0.15542631 0.18123980 0.28606574 0.17138044 0.03902535 -0.00981461 -0.04369064 0.14324367 -0.04272671 -0.05648006 0.10073974 -0.03392219 0.04611297 0.15607014 0.22851463 0.02576551 0.08007427 0.07595714 -0.01350253 0.00568314 0.04287129 0.08316880 -0.00951632 -0.04662165 -0.01182952 0.00305125 0.01245705 0.08137273 -0.00084064 -0.08010434 -0.06881738 0.04066203 0.10659395 0.00502055 -0.10289998 0.16830736 -0.02712409 -0.09759914 0.01769690 -0.03254034 -0.01746126 -0.07662113 0.00182737
0.07269150 -0.03082091 -0.04035753 -0.01851772 -0.02005209 -0.01559834 0.07441023 0.00075407 -0.02891428 -0.10399348 0.03681124 -0.02030218 -0.04533849 0.11371544 0.00022875 0.07805201 -0.04659654 0.04178341 0.25935044 0.06407465 -0.00044827 0.08994099 0.00583770 0.03615479 -0.14519461 0.12537325 0.24847005 0.07575466 -0.05516631 0.17881124 0.23988739 0.00641911 0.13668076 -0.10684906 0.15542631 1.00000000 0.11134260 -0.06012297 0.00438255 -0.00956139 -0.09864351 0.10752958 0.01954436 -0.03586378 -0.01604866 -0.08526719 -0.09402444 -0.04863368 0.00273327 -0.00489090 -0.01768900 0.04533316 -0.04022580 0.03332699 0.01702550 0.09938548 0.06681133 0.05301541 0.16002545 0.01725043 0.01009044 0.14877716 0.08300022 -0.02740407 -0.04873170 0.00542221 0.05694718 0.10939799 -0.14746095 0.04830051 0.03384811 0.07571527 -0.02105736 -0.06336447 -0.07464954 0.04187353 -0.23573950 -0.01576393
-0.00381321 0.11135246 -0.01410940 0.00930219 -0.04400460 -0.03733072 0.03499924 -0.01842216 -0.00277980 -0.05425671 0.00505033 -0.06305505 -0.03761936 0.05921722 0.02472694 0.12763169 -0.15122649 -0.01321555 0.08145329 0.07382786 -0.02357430 0.03346222 0.13718114 -0.01638711 -0.00275410 0.01749777 0.26993172 0.30923777 0.08843744 0.25603592 0.25181027 0.13244568 0.09785397 0.04912041 0.18123980 0.11134260 1.00000000 0.00199208 0.10376425 -0.04717552 -0.05228326 0.01339795 -0.04581639 -0.02255406 -0.00971001 0.01372983 -0.00036822 0.00252789 0.01479777 0.08141598 -0.01063383 0.04208883 0.03260107 -0.04573142 0.03836399 0.07883062 0.12147085 0.09086819 0.14561756 -0.04886183 -0.02650890 0.03318116 -0.01648169 -0.04508235 -0.04098588 0.00118848 0.03821334 0.06386651 -0.01708586 0.04375386 0.00689119 -0.04451621 0.03578346 0.09165675 0.07752977 0.03476849 -0.01148960 -0.02384628
-0.00371659 -0.05986585 -0.03997159 -0.04024845 -0.09776643 0.02814254 -0.18246917 -0.02671265 0.08236278 0.02915252 0.08565577 -0.08873013 -0.02887521 -0.08518390 0.03583503 -0.03178189 0.08607698 0.15505583 -0.13999097 -0.12294602 -0.10989517 -0.20739822 0.02888333 -0.16749821 0.01390110 -0.07911191 0.05753866 0.14622266 0.15568471 -0.07743563 0.08246748 0.27619581 0.25643614 0.62912672 0.28606574 -0.06012297 0.00199208 1.00000000 0.34217120 0.05475241 0.16904592 0.05153792 0.18835208 0.06605464 -0.00030420 0.01718316 0.06218925 0.01764373 0.05397014 0.12942314 0.01248831 0.06296792 0.16733844 0.15673552 0.05557420 -0.07801131 0.13853495 -0.07517381 -0.16767365 0.10554883 0.06064398 0.10671510 -0.02422566 0.10833830 0.06719975 -0.04820460 -0.23667487 -0.24173249 0.01489860 -0.26661507 -0.05513335 0.01873727 -0.01143334 0.00892667 0.18268057 -0.21373506 0.13992900 0.15857624
-0.02151725 -0.04127208 0.02126940 -0.05827155 -0.06762930 0.14686714 0.02757165 0.04535326 0.07937601 -0.06457396 -0.04264046 -0.04062550 0.09641616 -0.12581255 -0.24650746 -0.06384130 0.12771901 0.10993313 -0.03565766 -0.15086036 -0.02525849 -0.02086148 0.19458493 -0.14887786 0.17960272 -0.10041262 0.18733888 0.06204131 0.06525408 -0.10459113 0.10320492 0.03593528 0.24380914 0.55613821 0.17138044 0.00438255 0.10376425 0.34217120 1.00000000 -0.06200715 0.08803916 -0.01860577 0.12339723 0.08013930 0.04064313 0.00122843 0.06851767 0.07203205 0.13090011 0.18613373 -0.10677026 0.10999708 0.24320963 0.16375895 0.14877113 0.06100977 0.10281489 -0.06997313 0.11900898 0.19517456 0.06918294 0.11818779 -0.04247945 0.04898874 0.13478823 0.14541661 -0.03612247 0.00587472 0.18897130 0.04430751 0.13896486 -0.09515837 0.05767144 -0.01719164 0.10581043 -0.02463389 0.26205780 0.16057960
0.00756526 -0.10934940 -0.08379206 -0.00826613 -0.07438824 -0.12583172 -0.09687827 -0.01693357 -0.08474154 0.04010534 0.10517788 -0.09285898 -0.14375357 0.15220587 0.20097862 -0.01299208 -0.02015100 0.09169457 0.03702505 -0.00395859 -0.04337143 -0.14045845 -0.19167591 0.00229646 -0.10202162 0.05512521 -0.11321678 0.01748948 0.04309157 -0.10863264 -0.04997132 0.02343605 -0.01391743 -0.00382338 0.03902535 -0.00956139 -0.04717552 0.05475241 -0.06200715 1.00000000 0.21146152 0.23185609 0.32115414 0.23551557 0.19281105 0.13734269 0.28301339 0.04997726 0.09648218 0.07260773 0.31421188 0.09824518 -0.06865383 0.02235556 0.00696289 -0.05713628 0.00577442 -0.14775108 -0.22331029 -0.05829909 -0.02879558 -0.04469876 0.04018014 0.07530045 -0.06193250 -0.20515042 -0.18591329 -0.26442495 -0.19873413 -0.26310811 -0.21882688 0.09075276 -0.11315859 -0.06009728 0.01324608 -0.19734977 -0.12383404 0.06036045
-0.05819832 0.03853990 -0.05700462 -0.12753433 -0.07806927 -0.00565346 -0.03915311 -0.12177511 0.00585677 0.00501418 0.00421853 -0.10050852 -0.03421277 0.02347715 0.01238017 0.03326839 -0.05781932 0.04693968 -0.09617881 0.00337198 -0.03741183 -0.07468240 -0.07109258 -0.04712829 0.09170873 -0.04586181 0.06704438 0.05523552 0.00213500 -0.12240482 -0.05291340 0.14952229 0.05845848 0.21751535 -0.00981461 -0.09864351 -0.05228326 0.16904592 0.08803916 0.21146152 1.00000000 0.17030397 0.27985873 0.40023700 0.27578977 -0.00852834 0.30826048 0.22020801 0.17527285 0.20402538 0.31463828 0.09934642 0.15833790 -0.03718389 -0.12003684 -0.01877371 0.06826924 0.01078952 -0.01043976 -0.08626372 -0.03334111 -0.04186180 -0.05132056 0.05691300 0.13756480 -0.00443441 -0.20146268 -0.16482651 -0.08189367 -0.25603511 -0.09771375 -0.12339937 0.05513372 0.11009550 0.18253399 -0.08891074 0.11915909 0.04924008
0.02200781 -0.06171104 -0.09491094 0.03063107 -0.09423780 -0.13400037 0.02650475 -0.10922823 -0.11369739 0.01036162 0.03255014 0.00019592 -0.06863598 0.17463364 0.11740609 0.02975834 0.01428346 0.20047846 0.04093501 -0.00063500 0.00836055 -0.02119031 -0.02542468 0.04950719 -0.05227107 0.14411998 -0.02235088 -0.01266697 -0.04995372 -0.09760099 0.01408461 -0.00350979 -0.03722132 0.05326379 -0.04369064 0.10752958 0.01339795 0.05153792 -0.01860577 0.23185609 0.17030397 1.00000000 0.30904887 0.25889344 0.31298119 0.12048255 0.19426786 0.13055772 0.19014582 0.09383669 0.30074572 0.16128647 0.01100851 0.14333990 0.06295970 0.02042863 0.08346751 -0.01070874 0.02069054 0.10734706 0.03191773 0.12512114 0.14485207 0.07953633 -0.00104521 -0.08437099 -0.09839064 -0.19053091 -0.09282882 -0.15594815 -0.08969573 0.08400755 0.02223004 0.03134742 0.00514352 -0.03197915 -0.06629788 0.09515976
0.05292895 -0.11970865 -0.08845684 -0.02181564 -0.09490185 0.02621811 -0.02685896 -0.09691478 -0.02957977 -0.01499765 0.05070606 -0.09438033 -0.12436678 -0.04368810 0.15729701 -0.02703885 0.09999625 0.20663848 0.12454265 0.02062746 -0.03960259 -0.03758745 0.01044578 0.03900994 0.09609480 0.12382161 -0.04729145 -0.00673826 -0.07495335 -0.08688537 -0.09274504 -0.04254766 0.09414388 0.25163055 0.14324367 0.01954436 -0.04581639 0.18835208 0.12339723 0.32115414 0.27985873 0.30904887 1.00000000 0.25402569 0.25373988 0.17711465 0.28097615 0.11381250 0.22843949 0.23238199 0.25417579 0.12266907 0.19785122 0.14736020 0.22166392 0.09397136 0.23899031 0.07703579 0.00242772 0.10192464 0.22072449 0.15804210 0.19481068 0.31607608 0.18822407 -0.10842154 -0.10758212 -0.18016356 -0.08012474 -0.27340835 -0.06372464 0.08796742 0.03159416 0.05719462 0.06055091 -0.05238084 -0.07062692 0.21572221
-0.02821292 -0.03356037 -0.04129249 0.01288639 -0.09782501 0.04748513 -0.04354574 -0.08406309 0.00350845 -0.06172001 -0.08722917 -0.04095979 0.03546083 0.03583823 0.03541648 0.00069372 0.05603974 0.10445343 0.01554010 0.01700760 -0.03834218 -0.00608506 -0.13131785 0.05224915 0.05915693 0.02545775 0.07207989 -0.06866816 0.01727878 -0.01031880 -0.09445052 0.06121242 -0.03645922 0.08611138 -0.04272671 -0.03586378 -0.02255406 0.06605464 0.08013930 0.23551557 0.40023700 0.25889344 0.25402569 1.00000000 0.39064811 0.22564717 0.31185559 0.18915262 0.12505546 0.19151052 0.19843336 0.01889927 0.10971342 -0.02142495 0.00939021 0.05027331 0.09462996 0.04770083 -0.02949149 0.00869213 0.16118042 0.00288793 -0.00614984 0.10151688 0.15557038 -0.14560366 -0.08720993 -0.09437427 -0.10546068 -0.16776833 -0.13819187 -0.03268086 -0.02867075 0.04661900 0.02262040 -0.09180621 0.05276940 -0.04938830
-0.05845644 -0.06171770 0.01861645 0.06050747 -0.05627900 0.04615686 0.04189293 -0.02446285 -0.06333977 -0.07831357 -0.03884366 -0.01192279 -0.06339914 0.06768570 0.12110571 -0.06247334 0.06764635 0.18926374 0.04892590 0.07428964 0.00066153 0.00666551 -0.01009313 0.15010316 0.08589466 0.06904931 -0.01828584 -0.06066997 0.07264259 -0.01856192 -0.10051583 0.04598039 -0.15815617 0.05109333 -0.05648006 -0.01604866 -0.00971001 -0.00030420 0.04064313 0.19281105 0.27578977 0.31298119 0.25373988 0.39064811 1.00000000 0.15652553 0.33764509 0.34548347 0.25062311 0.20659709 0.18883539 0.07520167 0.15968637 0.02920173 0.12247415 0.10109486 0.16975347 -0.01440940 0.02178843 -0.05406856 0.21083204 0.04328372 0.11893894 0.26524528 0.18455919 -0.11512997 0.00572614 -0.06345029 -0.05582176 -0.16855457 -0.17810032 0.06257430 0.08816542 0.07034925 0.03611682 -0.00674353 -0.02738973 0.12058164
0.07199965 0.05865301 -0.01581298 0.14293480 0.05592944 0.00953731 0.02961160 0.05470211 0.08382952 0.03264179 -0.00041161 0.06364001 -0.01792347 0.02522934 0.08676464 -0.04641364 0.08244768 0.09482945 0.07853416 0.03203179 -0.14999953 0.05990653 0.01646494 0.01775096 -0.01498897 0.11796619 0.00443117 0.01122222 -0.03001053 0.04815228 0.04623539 -0.02902772 0.04891049 0.01791039 0.10073974 -0.08526719 0.01372983 0.01718316 0.00122843 0.13734269 -0.00852834 0.12048255 0.17711465 0.22564717 0.15652553 1.00000000 0.14744642 -0.00873852 0.14907090 0.21485848 0.09261065 0.03500063 0.00298986 0.07363290 0.09215629 0.09644838 0.12233647 0.09212160 -0.02897253 -0.02728674 0.14696116 0.00301234 0.11121834 0.07162610 0.04044352 -0.10928115 0.08883797 0.07705955 0.06073899 -0.01796430 0.01828088 -0.01433418 -0.00341087 0.02069288 0.02906244 0.07553768 0.02680098 -0.09330446
-0.12331056 -0.07890242 0.00522800 0.00406741 -0.09754673 0.04656302 -0.03047979 -0.04418732 -0.00165182 -0.01549270 -0.02679312 -0.03374193 0.01143024 -0.03868842 0.11731150 -0.03230378 0.04401522 0.11011714 -0.03341171 0.01307448 -0.03385844 0.00253929 -0.03379202 0.14167953 0.15202743 -0.04569752 -0.02066220 -0.01906954 0.11753067 -0.05222622 -0.07003570 0.04329153 -0.04000733 0.11619781 -0.03392219 -0.09402444 -0.00036822 0.06218925 0.06851767 0.28301339 0.30826048 0.19426786 0.28097615 0.31185559 0.33764509 0.14744642 1.00000000 0.28209405 0.19856029 0.17156143 0.26100072 0.09710369 0.24061878 0.00609134 0.08819816 0.05969429 0.13410283 -0.00820164 -0.09416746 -0.04052694 0.18105009 -0.02916496 -0.00266296 0.19219695 0.17957710 -0.07356347 -0.06258169 -0.16486560 -0.04169072 -0.14773084 -0.16370952 -0.03562848 -0.00978269 0.00449300 0.08014316 -0.09338313 0.14440969 0.08546831
-0.06999286 0.05491456 0.03506919 -0.04011187 -0.03675464 -0.00609538 -0.05209141 -0.06433622 -0.02150397 -0.03309652 -0.11565978 -0.00820370 0.04247159 -0.04092692 -0.02488096 -0.00577161 -0.02967444 0.01412853 0.03929207 0.06812590 -0.07087673 0.08448573 0.01319688 0.04283665 0.16065877 0.09467767 0.11280372 -0.00240073 -0.00664570 0.01420716 -0.00008620 0.00401650 0.05994579 0.12963293 0.04611297 -0.04863368 0.00252789 0.01764373 0.07203205 0.04997726 0.22020801 0.13055772 0.11381250 0.18915262 0.34548347 -0.00873852 0.28209405 1.00000000 0.35770011 0.17508760 0.16235113 0.22324311 0.27981853 0.02725229 0.12093782 0.20084945 0.22533163 0.03453990 0.10045435 -0.01688549 0.06992565 0.05878419 0.06894864 0.19060564 0.15768778 -0.07608172 -0.00851135 0.04012691 0.02032395 -0.08649461 0.04300674 -0.06333820 0.04013969 -0.06087965 -0.05106555 -0.03914199 0.02305256 0.04722170
-0.02782464 0.12706759 -0.05488651 -0.03054639 -0.04045420 -0.03556459 -0.04717211 -0.02741526 -0.04525940 -0.04418213 0.04324991 0.00107342 -0.05269590 -0.00320653 0.06087260 -0.02408149 -0.01143567 0.11059692 0.16638681 0.18618293 -0.13753923 0.07731098 0.12983106 -0.05279414 0.08338031 0.14543880 0.11134250 0.08840345 -0.14192069 -0.10828973 0.06016844 -0.05910261 0.20860879 0.22134971 0.15607014 0.00273327 0.01479777 0.05397014 0.13090011 0.09648218 0.17527285 0.19014582 0.22843949 0.12505546 0.25062311 0.14907090 0.19856029 0.35770011 1.00000000 0.46837500 0.12562141 0.23125286 0.24737225 0.05356857 0.12750146 0.25861389 0.22211539 0.01327391 0.19535828 -0.06676250 0.07672527 0.17284714 0.09830528 0.19809751 0.15384984 -0.05627333 0.09472401 0.03544775 -0.08042039 -0.10717274 0.10709281 -0.09698096 -0.00840588 0.03995484 0.02367803 0.02725426 -0.07790687 0.07345875
0.06641305 0.09913828 0.00733366 0.05282806 0.03012826 0.04881083 0.01438308 0.00592388 0.07493725 -0.02902990 0.06813645 0.04025936 -0.01624066 -0.06337151 0.08186151 0.00285246 0.05687032 0.17315198 0.22344059 0.12749491 -0.20894915 0.09578488 0.08939085 -0.04967674 0.08302534 0.19202162 0.10224685 0.07453796 -0.11499636 -0.09915271 0.07765208 -0.05078694 0.20571100 0.23998506 0.22851463 -0.00489090 0.08141598 0.12942314 0.18613373 0.07260773 0.20402538 0.09383669 0.23238199 0.19151052 0.20659709 0.21485848 0.17156143 0.17508760 0.46837500 1.00000000 0.05423831 0.23835202 0.26034292 0.09165317 0.11924881 0.26638318 0.24942066 0.05612986 0.10589015 0.03932231 0.12431439 0.13354467 0.12367589 0.19393285 0.19638690 -0.07130783 0.09214690 0.01116594 -0.06818724 -0.11825053 0.07716126 -0.13757556 0.03183399 -0.00239624 0.03555328 0.09498386 -0.01976440 0.07260227
0.05519919 -0.05644869 -0.08331990 -0.11506277 -0.09233446 -0.12108133 -0.08113754 -0.06972227 -0.07303227 -0.00813668 -0.03413247 -0.09447245 -0.09214347 0.06395473 0.07845311 0.07709597 -0.09718738 0.10511892 -0.04145427 0.07319665 -0.08236438 -0.09338563 -0.08495149 0.01245083 -0.05679300 0.01149133 -0.05135207 -0.02015788 0.00168193 -0.03969708 -0.03022742 0.03328913 0.07519405 0.01462711 0.02576551 -0.01768900 -0.01063383 0.01248831 -0.10677026 0.31421188 0.31463828 0.30074572 0.25417579 0.19843336 0.18883539 0.09261065 0.26100072 0.16235113 0.12562141 0.05423831 1.00000000 0.19656086 -0.04597559 -0.07188507 -0.03404636 -0.05318989 -0.00399994 0.00868779 -0.13034452 -0.07110136 -0.02868981 -0.09459422 0.05260481 -0.04538222 -0.11648378 -0.15487529 -0.17382851 -0.18887041 -0.10263771 -0.23425446 -0.09113292 0.07681712 -0.04357669 0.04815036 0.03356889 -0.02758644 -0.10162913 -0.01001411
-0.07360832 -0.00564886 -0.04387642 -0.10818780 -0.07203700 -0.06539865 -0.01956854 0.01691848 -0.05812176 0.01026155 -0.07829692 -0.03790098 0.00577073 -0.02843695 -0.12322877 0.11183759 -0.04228955 0.03613694 -0.00496325 -0.00136223 0.00765921 -0.02842749 0.13894102 -0.10537238 -0.01254570 -0.00918927 0.08995091 -0.04128600 -0.16216347 -0.19739168 0.06680968 -0.08106464 0.13075709 0.14926042 0.08007427 0.04533316 0.04208883 0.06296792 0.10999708 0.09824518 0.09934642 0.16128647 0.12266907 0.01889927 0.07520167 0.03500063 0.09710369 0.22324311 0.23125286 0.23835202 0.19656086 1.00000000 0.05563424 0.17606149 -0.00950096 0.02183832 -0.03106058 -0.05534135 0.08071327 0.12399633 -0.09768137 0.13840398 0.03810057 -0.02233813 -0.03821880 0.03141185 -0.08272763 -0.07805111 -0.08682628 -0.03537156 0.04567704 -0.00512202 -0.07506503 -0.14583817 -0.07917167 -0.07137848 -0.11055596 0.04894766
0.04251732 0.11368739 0.06377386 0.04481785 -0.04008724 0.13990841 0.02794273 0.05228347 0.07220808 -0.00961425 0.01561851 0.01381378 0.13316893 -0.05913248 -0.02150400 -0.05257035 0.12778888 0.11143117 0.08710443 0.07594267 -0.04496132 0.14824113 0.08752522 0.06120961 0.22260267 0.04315614 0.12580795 0.02110886 -0.01956100 -0.00447516 0.02047291 0.00563356 0.13040880 0.27815275 0.07595714 -0.04022580 0.03260107 0.16733844 0.24320963 -0.06865383 0.15833790 0.01100851 0.19785122 0.10971342 0.15968637 0.00298986 0.24061878 0.27981853 0.24737225 0.26034292 -0.04597559 0.05563424 1.00000000 0.21596845 0.43759914 0.38200065 0.39779548 0.10591718 0.20845300 0.20617975 0.31262822 0.29208616 0.18579379 0.33955688 0.38351682 0.01928880 0.01090085 0.02900780 0.06477041 -0.04316024 0.07382686 -0.15938172 0.17952585 -0.01313806 0.01837927 -0.04647727 0.15125556 0.14214477
0.04664689 0.03452956 0.06238090 0.08969237 0.00081869 0.07087672 0.13708232 0.09632226 0.02121705 0.11312377 0.09472196 0.07056447 0.09894920 0.01854423 -0.05824576 -0.08089156 0.23973083 0.20982007 0.04577793 -0.00981281 0.10192238 -0.00302699 0.02543305 0.05146715 0.07799596 0.07393153 -0.03668534 -0.16192576 -0.07687185 -0.20076520 -0.05668831 -0.10716282 -0.02930261 0.18306099 -0.01350253 0.03332699 -0.04573142 0.15673552 0.16375895 0.02235556 -0.03718389 0.14333990 0.14736020 -0.02142495 0.02920173 0.07363290 0.00609134 0.02725229 0.05356857 0.09165317 -0.07188507 0.17606149 0.21596845 1.00000000 0.24682232 0.16908103 0.10580406 0.03483269 0.12046197 0.34425397 0.14363976 0.31062517 0.18896185 0.28144451 0.13020261 0.14606689 -0.03152261 -0.02275056 0.19005259 0.04552550 0.05352551 0.05873806 0.01317691 -0.07516366 -0.09693932 -0.04288094 0.04101251 0.14538359
0.03811741 0.04102001 0.03978187 0.07756942 -0.04820621 0.05720683 0.06808490 0.05240142 0.02693376 -0.00710048 -0.00331388 0.08075848 0.04721060 0.02632548 0.05156876 -0.06090010 0.15722315 0.20909741 0.13686766 0.05457606 0.06312998 0.10934425 0.10356259 0.12521850 0.12776252 0.19192903 0.02585347 0.01246229 -0.09427021 -0.04433128 -0.03966510 -0.13034520 0.04825491 0.14657210 0.00568314 0.01702550 0.03836399 0.05557420 0.14877113 0.00696289 -0.12003684 0.06295970 0.22166392 0.00939021 0.12247415 0.09215629 0.08819816 0.12093782 0.12750146 0.11924881 -0.03404636 -0.00950096 0.43759914 0.24682232 1.00000000 0.26922313 0.35116651 0.15897056 0.20931645 0.24977430 0.40366055 0.30387825 0.35202062 0.31190280 0.28075432 0.00168954 0.13721526 0.08006572 0.14513961 0.01660220 0.05543400 0.05142592 0.11927725 0.06372974 -0.03293955 0.09708869 -0.01657592 0.22560445
0.10710299 0.23549359 0.06852335 0.03528693 0.03542498 0.08877509 0.12145124 0.08122351 0.13748609 -0.00242333 0.07162760 0.16419312 0.05023340 0.03855091 0.05033818 0.08560571 0.12703444 0.17731116 0.33337577 0.22747494 -0.02725723 0.28605311 0.12546486 0.17477658 0.12868660 0.22336617 0.11451509 0.03140913 -0.14093584 0.01831687 0.05399620 -0.13136198 0.12272280 0.08184810 0.04287129 0.09938548 0.07883062 -0.07801131 0.06100977 -0.05713628 -0.01877371 0.02042863 0.09397136 0.05027331 0.10109486 0.09644838 0.05969429 0.20084945 0.25861389 0.26638318 -0.05318989 0.02183832 0.38200065 0.16908103 0.26922313 1.00000000 0.36184423 0.24606456 0.23330253 0.10608271 0.32887263 0.24596339 0.32694071 0.33669181 0.24547512 -0.03658754 0.22053638 0.21159167 -0.01343817 0.04325802 0.18840222 -0.04879612 0.09963192 0.00003029 -0.08773510 0.09080796 -0.16543114 0.07956863
0.12213890 0.04628706 -0.01464843 0.12426554 0.00987432 0.04651597 0.04873349 0.04815944 0.06352138 -0.04328287 0.07117772 0.01706709 -0.00944029 0.01457894 0.14977189 -0.06205860 0.10464882 0.26995533 0.19056613 0.11678871 -0.08326140 0.20649249 0.01012656 0.10829627 0.06092690 0.18465484 0.07217271 0.20813454 -0.01588859 0.09138549 -0.00593637 0.11338920 0.09713936 0.19878124 0.08316880 0.06681133 0.12147085 0.13853495 0.10281489 0.00577442 0.06826924 0.08346751 0.23899031 0.09462996 0.16975347 0.12233647 0.13410283 0.22533163 0.22211539 0.24942066 -0.00399994 -0.03106058 0.39779548 0.10580406 0.35116651 0.36184423 1.00000000 0.29540060 0.20498144 0.17208564 0.38356123 0.27217388 0.35670253 0.37404770 0.34529614 -0.12332516 0.04745858 0.00415544 -0.04523387 -0.17971792 0.01502802 -0.07485904 0.07486341 0.08836633 0.16022306 -0.03429902 -0.05766015 0.16707036
0.10188046 0.17853392 0.05950585 0.04016481 0.02157374 0.01627282 0.01848078 0.06801562 0.11545426 0.01213424 -0.00911684 0.08241962 -0.07526139 0.09213088 0.05946480 0.10274684 -0.06485379 0.07692685 0.08706131 0.12450433 -0.04972749 0.10592144 0.02718712 0.11679098 -0.05018447 0.13208571 0.07420330 0.08811312 -0.02112468 0.09032665 0.08006199 0.01259501 0.08127745 -0.04073421 -0.00951632 0.05301541 0.09086819 -0.07517381 -0.06997313 -0.14775108 0.01078952 -0.01070874 0.07703579 0.04770083 -0.01440940 0.09212160 -0.00820164 0.03453990 0.01327391 0.05612986 0.00868779 -0.05534135 0.10591718 0.03483269 0.15897056 0.24606456 0.29540060 1.00000000 0.27885416 0.05661289 0.24271520 0.10807712 0.26481731 0.09968031 0.29037161 -0.00638766 0.05400216 0.07506827 0.05452072 0.01474093 0.06586198 -0.08813245 -0.00636721 0.06721957 0.06825015 -0.00791573 -0.05547010 -0.05055280
-0.00252126 0.14099687 0.06081225 -0.03406462 -0.00904432 0.08394747 0.15621826 -0.00366668 0.00747133 -0.06385294 0.00923792 -0.00126211 0.02366691 0.06698059 -0.17556882 0.04657855 0.03706798 0.02035843 0.14037209 0.09585140 0.06110398 0.22006673 0.21252847 -0.02795815 0.07543420 0.06627821 0.18601210 -0.05812803 -0.18806781 0.01934066 0.07951498 -0.11712979 0.07203155 0.04398139 -0.04662165 0.16002545 0.14561756 -0.16767365 0.11900898 -0.22331029 -0.01043976 0.02069054 0.00242772 -0.02949149 0.02178843 -0.02897253 -0.09416746 0.10045435 0.19535828 0.10589015 -0.13034452 0.08071327 0.20845300 0.12046197 0.20931645 0.23330253 0.20498144 0.27885416 1.00000000 0.20979607 0.12068369 0.36653435 0.23103737 0.16683191 0.29301682 0.24993710 0.14059898 0.23640949 0.11465659 0.22955555 0.21965293 -0.12032315 0.09699270 0.02510863 -0.02995371 0.11896656 -0.00516369 0.07016169
0.03557483 -0.03103516 0.09529038 0.07217604 0.04925999 0.10269677 0.18587280 0.03999449 0.15057667 0.04365883 -0.04335507 0.03167339 0.11370413 -0.06801943 -0.21088586 -0.11999794 0.10698409 0.06202389 -0.01187389 -0.09349571 0.12296600 0.04436178 0.08466209 0.02102168 0.05369270 -0.02033056 0.01139648 -0.08207432 -0.14264988 -0.06290705 -0.03505776 -0.03413423 0.03962429 0.15939560 -0.01182952 0.01725043 -0.04886183 0.10554883 0.19517456 -0.05829909 -0.08626372 0.10734706 0.10192464 0.00869213 -0.05406856 -0.02728674 -0.04052694 -0.01688549 -0.06676250 0.03932231 -0.07110136 0.12399633 0.20617975 0.34425397 0.24977430 0.10608271 0.17208564 0.05661289 0.20979607 1.00000000 0.33671201 0.36127422 0.24296026 0.11755691 0.14577517 0.18403477 0.07177340 -0.01138708 0.12236059 0.10516141 0.10661411 -0.04855729 0.05591551 -0.11269910 -0.01992306 0.05154069 0.03523540 0.15632496
0.12943847 -0.01779301 0.08455807 0.15156947 0.06161159 0.17257542 0.12843436 0.05976883 0.14616139 -0.02989413 0.03996824 0.09613026 -0.00673908 -0.00702640 0.11355382 -0.10072573 0.14031426 0.26591696 0.13837829 0.02227830 0.01888380 0.12531650 -0.01450514 0.20184980 0.07868302 0.20407788 -0.00053510 0.03476829 -0.02863512 0.02215882 -0.03174579 -0.02614553 -0.02895736 0.05826273 0.00305125 0.01009044 -0.02650890 0.06064398 0.06918294 -0.02879558 -0.03334111 0.03191773 0.22072449 0.16118042 0.21083204 0.14696116 0.18105009 0.06992565 0.07672527 0.12431439 -0.02868981 -0.09768137 0.31262822 0.14363976 0.40366055 0.32887263 0.38356123 0.24271520 0.12068369 0.33671201 1.00000000 0.25246588 0.38041160 0.40850252 0.28025139 -0.10334469 0.13073807 -0.02270965 0.03952390 -0.04644870 -0.08038875 0.04957580 0.08494912 0.04762794 -0.02467957 0.02498549 -0.10846804 0.13482464
0.07041644 0.02946864 0.02193377 0.05138533 0.00118398 0.04730429 0.11945850 0.05421955 -0.00939251 -0.05130729 0.00888514 0.06077967 0.00509727 0.06587268 -0.04015888 -0.08636413 0.10583262 0.18696194 0.14592233 0.03242971 0.07785357 0.09980989 0.10581284 -0.01138744 0.02796439 0.13904697 0.08980637 -0.00024609 -0.16291977 -0.07724665 -0.00191189 -0.14502694 0.09024598 0.13786001 0.01245705 0.14877716 0.03318116 0.10671510 0.11818779 -0.04469876 -0.04186180 0.12512114 0.15804210 0.00288793 0.04328372 0.00301234 -0.02916496 0.05878419 0.17284714 0.13354467 -0.09459422 0.13840398 0.29208616 0.31062517 0.30387825 0.24596339 0.27217388 0.10807712 0.36653435 0.36127422 0.25246588 1.00000000 0.29147790 0.24503266 0.22338800 0.07949683 0.07329758 0.07476176 0.02011449 0.04876083 0.14691753 -0.03832515 0.02486846 0.00936098 -0.00804858 0.03463670 -0.09426466 0.17477245
0.02214042 0.06020377 0.02435456 0.03209399 -0.02888585 -0.01396446 0.03920273 0.02645595 0.01672248 -0.00585197 0.08297770 0.09528838 -0.08824354 0.01703842 0.14381830 -0.00749509 0.05633564 0.17060300 0.21444699 0.11451924 -0.03652978 0.12558253 0.00612114 0.12480420 0.01116094 0.21503575 0.05190577 0.06744751 -0.16766620 -0.00724006 0.03450917 -0.09442901 0.07566630 0.07349410 0.08137273 0.08300022 -0.01648169 -0.02422566 -0.04247945 0.04018014 -0.05132056 0.14485207 0.19481068 -0.00614984 0.11893894 0.11121834 -0.00266296 0.06894864 0.09830528 0.12367589 0.05260481 0.03810057 0.18579379 0.18896185 0.35202062 0.32694071 0.35670253 0.26481731 0.23103737 0.24296026 0.38041160 0.29147790 1.00000000 0.29435426 0.25039995 -0.04133850 0.10113896 0.05884736 -0.02282046 -0.05057279 0.05374452 -0.02153780 0.02861760 -0.01113780 0.00159402 -0.02771203 -0.22593618 0.07863471
0.05584494 -0.01115101 0.01888404 0.11856618 -0.05870180 0.04225957 0.06025662 0.01615559 -0.00198372 0.00416115 0.08850246 0.05998527 -0.08410309 -0.00429406 0.23040993 -0.11960087 0.22496698 0.26954843 0.11800230 0.02811924 0.01561582 0.05944275 -0.01716835 0.13252913 0.07667822 0.13916375 -0.07194270 -0.05329866 -0.03499011 -0.05898875 -0.19086656 -0.07198894 -0.10040679 0.15124419 -0.00084064 -0.02740407 -0.04508235 0.10833830 0.04898874 0.07530045 0.05691300 0.07953633 0.31607608 0.10151688 0.26524528 0.07162610 0.19219695 0.19060564 0.19809751 0.19393285 -0.04538222 -0.02233813 0.33955688 0.28144451 0.31190280 0.33669181 0.37404770 0.09968031 0.16683191 0.11755691 0.40850252 0.24503266 0.29435426 1.00000000 0.26369523 -0.16542492 0.00886425 -0.06820747 -0.00092919 -0.20534408 -0.10762028 0.03163003 0.03604057 -0.03442908 0.01355007 -0.13484758 -0.10526601 0.21600100
0.06768212 0.10251908 0.04952497 -0.01805583 -0.02631782 0.11285660 0.05724877 0.01751658 0.11435221 -0.05126232 -0.01163791 0.01711136 0.02196314 0.00877732 0.01767931 -0.08736627 0.11588221 0.15753520 0.00817212 -0.01746038 0.06665415 0.11515583 0.05604042 0.04660864 0.11934591 -0.00179533 0.02054694 0.01503281 0.03393604 -0.09062350 -0.04738738 0.04984687 0.02720603 0.17568504 -0.08010434 -0.04873170 -0.04098588 0.06719975 0.13478823 -0.06193250 0.13756480 -0.00104521 0.18822407 0.15557038 0.18455919 0.04044352 0.17957710 0.15768778 0.15384984 0.19638690 -0.11648378 -0.03821880 0.38351682 0.13020261 0.28075432 0.24547512 0.34529614 0.29037161 0.29301682 0.14577517 0.28025139 0.22338800 0.25039995 0.26369523 1.00000000 0.09947286 0.02444466 -0.01353694 0.06212768 -0.03981127 0.06604722 -0.07749136 0.17216449 0.01657791 0.10696612 0.04205347 0.16983366 0.14119526
-0.05071705 0.07828056 0.17742192 -0.05327902 0.08137056 0.14763863 0.11495991 0.08641379 0.04592663 0.04361275 -0.10670874 0.01157117 0.11970429 -0.00921168 -0.32188066 0.06165643 -0.06013280 -0.18088730 -0.14529031 -0.04826593 0.11961267 0.04321480 0.15901607 -0.09488494 0.09748651 -0.12830393 0.09780582 -0.06699044 -0.09267331 -0.07278478 0.06923422 -0.07709084 0.12976231 0.07929798 -0.06881738 0.00542221 0.00118848 -0.04820460 0.14541661 -0.20515042 -0.00443441 -0.08437099 -0.10842154 -0.14560366 -0.11512997 -0.10928115 -0.07356347 -0.07608172 -0.05627333 -0.07130783 -0.15487529 0.03141185 0.01928880 0.14606689 0.00168954 -0.03658754 -0.12332516 -0.00638766 0.24993710 0.18403477 -0.10334469 0.07949683 -0.04133850 -0.16542492 0.09947286 1.00000000 0.13219871 0.22792172 0.30457186 0.47217327 0.40360243 0.03828079 0.29150722 0.15572912 0.14407864 0.36716552 0.28055832 0.13499279
0.03038082 0.04135692 0.19793408 0.11914734 0.23234811 0.02887390 0.20374589 0.16673400 0.09345886 0.04867964 -0.02842119 0.20110212 0.16048650 0.02827459 -0.02097258 0.06056141 -0.01649595 -0.06825468 0.31134100 0.12763050 0.08500157 0.28938726 0.07134204 0.12578918 0.00243398 0.21982167 0.15846102 -0.03421495 -0.16526057 0.12994367 0.07023357 -0.23167459 0.01495818 -0.13956896 0.04066203 0.05694718 0.03821334 -0.23667487 -0.03612247 -0.18591329 -0.20146268 -0.09839064 -0.10758212 -0.08720993 0.00572614 0.08883797 -0.06258169 -0.00851135 0.09472401 0.09214690 -0.17382851 -0.08272763 0.01090085 -0.03152261 0.13721526 0.22053638 0.04745858 0.05400216 0.14059898 0.07177340 0.13073807 0.07329758 0.10113896 0.00886425 0.02444466 0.13219871 1.00000000 0.53637177 0.24209806 0.41485415 0.31754289 0.12009401 0.18672780 0.11020309 -0.07657798 0.45265564 -0.09017801 0.02222031
0.04879683 0.16274962 0.21101460 0.08563229 0.22528886 0.06180068 0.16499274 0.16427859 0.13882983 0.01927345 -0.03862097 0.14586082 0.18901629 -0.01305251 -0.09537386 0.05058928 -0.01440799 -0.13003945 0.27823021 0.10856908 0.10261174 0.31430746 0.13558566 0.05751467 -0.01483400 0.19257412 0.21621952 -0.05516589 -0.18087987 0.18999035 0.13811994 -0.24533694 0.06659305 -0.11817582 0.10659395 0.10939799 0.06386651 -0.24173249 0.00587472 -0.26442495 -0.16482651 -0.19053091 -0.18016356 -0.09437427 -0.06345029 0.07705955 -0.16486560 0.04012691 0.03544775 0.01116594 -0.18887041 -0.07805111 0.02900780 -0.02275056 0.08006572 0.21159167 0.00415544 0.07506827 0.23640949 -0.01138708 -0.02270965 0.07476176 0.05884736 -0.06820747 -0.01353694 0.22792172 0.53637177 1.00000000 0.28439878 0.48509139 0.43861393 0.11595411 0.16522062 0.16986819 -0.00710433 0.32633585 -0.03503935 0.03118670
-0.03173801 0.09398610 0.14199153 0.05428744 0.04016160 0.14595047 0.13885160 0.11685512 0.15202631 0.11076040 -0.07072182 0.09451795 0.20145120 -0.03842920 -0.19047395 -0.08501625 0.02106798 -0.03814143 -0.17272706 -0.09500537 0.16541188 0.03226508 0.09645244 0.05902852 0.14079573 -0.05531906 0.05232244 -0.14301170 0.06335284 -0.00440650 -0.00935278 -0.08783434 -0.06128057 0.12981507 0.00502055 -0.14746095 -0.01708586 0.01489860 0.18897130 -0.19873413 -0.08189367 -0.09282882 -0.08012474 -0.10546068 -0.05582176 0.06073899 -0.04169072 0.02032395 -0.08042039 -0.06818724 -0.10263771 -0.08682628 0.06477041 0.19005259 0.14513961 -0.01343817 -0.04523387 0.05452072 0.11465659 0.12236059 0.03952390 0.02011449 -0.02282046 -0.00092919 0.06212768 0.30457186 0.24209806 0.28439878 1.00000000 0.36808489 0.25684784 0.06753625 0.15850606 0.19961535 0.04179724 0.23217342 0.32817520 0.23260711
0.01832239 0.11725977 0.24667346 0.06746131 0.19202170 0.14833562 0.21536048 0.19597062 0.11337660 0.03085148 -0.06361603 0.19503723 0.29722511 -0.03172276 -0.24137826 0.06165113 -0.03512653 -0.17595919 0.09680349 -0.05260410 0.19581667 0.18956529 0.19667866 0.07848098 0.06103605 0.00438094 0.10618448 -0.14113652 -0.08793291 0.11482209 0.11595654 -0.21968629 0.00255321 -0.15227357 -0.10289998 0.04830051 0.04375386 -0.26661507 0.04430751 -0.26310811 -0.25603511 -0.15594815 -0.27340835 -0.16776833 -0.16855457 -0.01796430 -0.14773084 -0.08649461 -0.10717274 -0.11825053 -0.23425446 -0.03537156 -0.04316024 0.04552550 0.01660220 0.04325802 -0.17971792 0.01474093 0.22955555 0.10516141 -0.04644870 0.04876083 -0.05057279 -0.20534408 -0.03981127 0.47217327 0.41485415 0.48509139 0.36808489 1.00000000 0.39554875 0.14686683 0.15432630 0.06257170 -0.06089277 0.41517317 0.20275389 0.05133111
0.00901358 0.15328667 0.11402054 -0.05551387 0.09350636 0.02745744 0.07813190 0.11545341 0.09797133 0.03023297 -0.07257107 0.04670142 0.12914203 -0.05968113 -0.24089254 0.14159104 -0.08448092 -0.15585241 0.05349050 -0.02362141 -0.02114560 0.20457615 0.21645768 -0.14267265 0.12539582 0.00484790 0.17920751 0.02242793 -0.11912506 0.05162771 0.21265028 -0.19716242 0.27446196 0.13646119 0.16830736 0.03384811 0.00689119 -0.05513335 0.13896486 -0.21882688 -0.09771375 -0.08969573 -0.06372464 -0.13819187 -0.17810032 0.01828088 -0.16370952 0.04300674 0.10709281 0.07716126 -0.09113292 0.04567704 0.07382686 0.05352551 0.05543400 0.18840222 0.01502802 0.06586198 0.21965293 0.10661411 -0.08038875 0.14691753 0.05374452 -0.10762028 0.06604722 0.40360243 0.31754289 0.43861393 0.25684784 0.39554875 1.00000000 -0.04878655 0.18008899 0.12235843 0.03552842 0.32092524 0.15088472 0.04725265
0.01119615 -0.13062223 -0.09331963 -0.04235228 -0.03777254 -0.02445591 0.01143213 0.02090578 0.02399781 -0.01553696 0.00570610 0.02433714 0.00652252 0.10207294 0.14142946 0.01742032 0.03757846 0.06247904 0.00661172 0.01294802 0.08995540 -0.10898709 -0.04383302 0.06877283 -0.04130697 0.06849893 -0.06120583 -0.07872742 0.03090422 0.00911319 -0.00162953 -0.07756644 -0.12538597 -0.05770624 -0.02712409 0.07571527 -0.04451621 0.01873727 -0.09515837 0.09075276 -0.12339937 0.08400755 0.08796742 -0.03268086 0.06257430 -0.01433418 -0.03562848 -0.06333820 -0.09698096 -0.13757556 0.07681712 -0.00512202 -0.15938172 0.05873806 0.05142592 -0.04879612 -0.07485904 -0.08813245 -0.12032315 -0.04855729 0.04957580 -0.03832515 -0.02153780 0.03163003 -0.07749136 0.03828079 0.12009401 0.11595411 0.06753625 0.14686683 -0.04878655 1.00000000 0.16669609 0.11382910 0.08050925 0.08143664 -0.06326777 0.18979186
-0.01736751 0.12286851 -0.00190289 -0.03001913 -0.02333230 0.01819693 0.00139155 0.01421558 0.06733409 -0.04060459 -0.14592926 -0.00983896 0.03907182 0.09040596 -0.06693312 0.01035105 0.01214864 -0.00983040 -0.05523072 0.03694315 0.06381558 0.04839059 0.08016697 0.09476825 0.18791336 -0.00713643 0.04251530 -0.01617382 0.03057727 0.00120716 0.02460624 0.00211010 -0.06449764 0.04059687 -0.09759914 -0.02105736 0.03578346 -0.01143334 0.05767144 -0.11315859 0.05513372 0.02223004 0.03159416 -0.02867075 0.08816542 -0.00341087 -0.00978269 0.04013969 -0.00840588 0.03183399 -0.04357669 -0.07506503 0.17952585 0.01317691 0.11927725 0.09963192 0.07486341 -0.00636721 0.09699270 0.05591551 0.08494912 0.02486846 0.02861760 0.03604057 0.17216449 0.29150722 0.18672780 0.16522062 0.15850606 0.15432630 0.18008899 0.16669609 1.00000000 0.13509256 0.24581637 0.27345607 0.28622423 0.28526467
0.09312522 0.07344620 -0.01756571 0.02754577 0.02917744 0.04030579 0.04665330 -0.02415284 0.00675387 0.04531866 0.01997471 -0.04212062 0.03784857 -0.01341188 0.04692532 0.01520333 -0.06376407 -0.02125325 -0.04432050 0.05635100 0.03240282 -0.00720025 -0.01166040 0.00428957 -0.01133362 0.05389684 0.01005576 0.11992425 -0.00733979 0.06669286 0.01531101 0.06720179 -0.01664941 0.03730848 0.01769690 -0.06336447 0.09165675 0.00892667 -0.01719164 -0.06009728 0.11009550 0.03134742 0.05719462 0.04661900 0.07034925 0.02069288 0.00449300 -0.06087965 0.03995484 -0.00239624 0.04815036 -0.14583817 -0.01313806 -0.07516366 0.06372974 0.00003029 0.08836633 0.06721957 0.02510863 -0.11269910 0.04762794 0.00936098 -0.01113780 -0.03442908 0.01657791 0.15572912 0.11020309 0.16986819 0.19961535 0.06257170 0.12235843 0.11382910 0.13509256 1.00000000 0.30498086 0.25058290 0.10339397 0.19168771
-0.08613230 0.03645116 -0.09477163 -0.07837896 -0.12778030 -0.07983831 -0.17851371 -0.08431119 0.01481390 0.00214402 0.00198521 -0.04293571 -0.05040010 0.03326416 0.02404349 -0.01135212 -0.10727591 -0.01181653 -0.19365924 0.01247956 0.01189776 -0.10688534 0.03933407 -0.05058985 0.02792145 -0.12895279 0.01827208 0.18055906 0.15966804 0.09315097 -0.00176602 0.25939492 -0.02964917 0.15881015 -0.03254034 -0.07464954 0.07752977 0.18268057 0.10581043 0.01324608 0.18253399 0.00514352 0.06055091 0.02262040 0.03611682 0.02906244 0.08014316 -0.05106555 0.02367803 0.03555328 0.03356889 -0.07917167 0.01837927 -0.09693932 -0.03293955 -0.08773510 0.16022306 0.06825015 -0.02995371 -0.01992306 -0.02467957 -0.00804858 0.00159402 0.01355007 0.10696612 0.14407864 -0.07657798 -0.00710433 0.04179724 -0.06089277 0.03552842 0.08050925 0.24581637 0.30498086 1.00000000 0.00995502 0.26870116 0.18552889
0.12292734 0.13287147 0.15063246 0.08812764 0.20170912 0.15584327 0.19730819 0.07653505 0.09612897 0.06803475 -0.05094832 0.11747008 0.12381160 -0.00018295 -0.13962658 0.02357961 -0.02848200 -0.07631656 0.10135393 0.07919305 0.03576847 0.16764643 0.16329518 -0.02484520 0.07298276 0.14550817 0.04750369 -0.00869852 -0.10878260 0.00375324 0.13373218 -0.12142020 0.07773998 -0.08347030 -0.01746126 0.04187353 0.03476849 -0.21373506 -0.02463389 -0.19734977 -0.08891074 -0.03197915 -0.05238084 -0.09180621 -0.00674353 0.07553768 -0.09338313 -0.03914199 0.02725426 0.09498386 -0.02758644 -0.07137848 -0.04647727 -0.04288094 0.09708869 0.09080796 -0.03429902 -0.00791573 0.11896656 0.05154069 0.02498549 0.03463670 -0.02771203 -0.13484758 0.04205347 0.36716552 0.45265564 0.32633585 0.23217342 0.41517317 0.32092524 0.08143664 0.27345607 0.25058290 0.00995502 1.00000000 0.13349731 0.11637721
-0.05775748 0.10739829 0.07180822 0.00458002 0.01021980 0.17463469 -0.02260460 0.04109929 0.11442345 0.05847198 -0.08551112 -0.06336740 0.15906479 -0.06959854 -0.20691985 -0.11729965 -0.04111396 -0.10529714 -0.28832516 -0.17832844 0.05121240 -0.12503090 0.05676393 -0.07587104 0.20216580 -0.23140899 -0.04130924 -0.01060796 0.22557389 0.03458094 -0.03145903 0.22916845 -0.06756958 0.18042083 -0.07662113 -0.23573950 -0.01148960 0.13992900 0.26205780 -0.12383404 0.11915909 -0.06629788 -0.07062692 0.05276940 -0.02738973 0.02680098 0.14440969 0.02305256 -0.07790687 -0.01976440 -0.10162913 -0.11055596 0.15125556 0.04101251 -0.01657592 -0.16543114 -0.05766015 -0.05547010 -0.00516369 0.03523540 -0.10846804 -0.09426466 -0.22593618 -0.10526601 0.16983366 0.28055832 -0.09017801 -0.03503935 0.32817520 0.20275389 0.15088472 -0.06326777 0.28622423 0.10339397 0.26870116 0.13349731 1.00000000 0.14169138
0.05381319 -0.01173197 0.01515707 -0.00648521 -0.01880645 0.08551583 0.05812609 -0.06873447 0.10030406 0.08933120 0.06106383 -0.00381174 0.08319850 -0.06593115 0.03177521 -0.16596263 0.07747271 0.08883245 -0.06603012 -0.09060404 0.08451320 -0.08849117 0.06881300 0.03359662 0.05744336 0.01334758 -0.08039323 -0.04337600 0.03184495 -0.11533031 -0.07374895 -0.00763625 -0.03995040 0.26921809 0.00182737 -0.01576393 -0.02384628 0.15857624 0.16057960 0.06036045 0.04924008 0.09515976 0.21572221 -0.04938830 0.12058164 -0.09330446 0.08546831 0.04722170 0.07345875 0.07260227 -0.01001411 0.04894766 0.14214477 0.14538359 0.22560445 0.07956863 0.16707036 -0.05055280 0.07016169 0.15632496 0.13482464 0.17477245 0.07863471 0.21600100 0.14119526 0.13499279 0.02222031 0.03118670 0.23260711 0.05133111 0.04725265 0.18979186 0.28526467 0.19168771 0.18552889 0.11637721 0.14169138 1.00000000
