1.00000000 0.18951224 0.24910339 0.17751269 0.17139666 0.01510825 0.19827011 0.19623482 0.13348235 0.01731458 0.11531881 0.17614403 0.15340948 0.04713308 0.06631082 0.06779477 -0.01343214 -0.08244404 -0.08518024 0.04339945 0.09003382 0.13350089 0.01139621 -0.03080559 -0.01133236 -0.01580565 0.02287287 0.04884838 -0.10167361 -0.04081090 -0.04666533 0.06060621 0.15578127 0.05190990 0.04939522 0.07987704 0.16374491 -0.00728271 0.14215960 0.20829983 0.06580690 0.14382152 0.10994398 0.12515217 -0.00919116 0.23672181 0.04084506 -0.00416279 0.17018254 0.16533595 0.15069635 -0.04439330 0.00377302 -0.05679522 0.00731380 0.07929123 0.08544381 0.09249312 -0.03740736 -0.09355418 0.02087217 0.12882969 0.01613027 0.13126341 -0.03957955 0.10742387 0.15020724 0.04755280 -0.04409931 -0.02895829 0.00921198 -0.00465791 -0.04305428 -0.03046502 -0.15066014 0.08136712 -0.04262057 -0.02863553
0.18951224 1.00000000 -0.00527174 0.14128421 0.07147994 0.03251847 -0.10118031 0.06832797 0.13103594 0.22699280 0.22792885 0.16158331 0.16829941 0.06508567 0.01820578 0.05590989 0.14626260 0.12360978 -0.15186118 0.08151388 -0.02776915 -0.01876268 0.11234544 0.02776704 0.08287029 -0.04213976 -0.06355365 -0.03776948 0.10796270 -0.03895076 0.04711939 0.20602128 -0.00777280 0.11230771 0.12588087 -0.06821059 0.03481915 0.12656369 0.01596320 -0.07470689 0.14331531 0.15475570 0.04432894 0.02292609 0.04819045 -0.03507925 0.04603225 0.07680584 0.02148001 0.17538034 0.10530203 0.07164421 -0.04879000 -0.02519502 -0.11935830 -0.06814307 -0.05179710 -0.08826276 -0.13159224 -0.11621644 -0.13455072 -0.09388949 -0.02477744 -0.13285072 -0.03502546 0.13473827 -0.01011633 -0.01097505 -0.00359917 -0.08064293 -0.04064147 -0.00204186 0.02339718 -0.00023186 0.07149809 -0.03514632 0.10191304 -0.03546893
0.24910339 -0.00527174 1.00000000 0.11713658 0.36059567 0.30325229 0.38643510 0.30787847 0.23919155 0.13222005 0.00663198 0.28028592 0.26350669 0.22295982 0.14635107 0.06003786 -0.00628931 0.04173118 0.07505420 0.00958298 0.08680016 -0.00702019 0.12186650 -0.09718207 -0.09565138 0.03233354 0.06889446 0.09036093 -0.03050856 0.07454648 -0.16184737 -0.13528986 -0.06915590 -0.01276267 0.04145176 0.08404487 0.25267541 -0.06372272 -0.08146303 0.07405982 -0.01502480 0.09108600 0.04911738 0.05568928 0.04570259 0.12407756 -0.00940011 -0.04620714 -0.03637174 -0.06794176 0.01593629 -0.13067284 -0.01049651 0.00841888 -0.06937813 0.05699725 0.02923501 -0.09604146 -0.00441636 -0.02125159 -0.00330372 0.03000928 -0.00462096 0.01566136 -0.09618889 -0.08667242 0.05407138 0.16420075 0.00051163 0.18459783 -0.04696180 0.08311129 -0.02906442 0.02574760 -0.00117933 0.10740141 0.01334509 0.11979149
0.17751269 0.14128421 0.11713658 1.00000000 0.05031697 0.02744925 0.18129612 0.22730931 0.15653112 0.20393297 0.05574018 0.23876631 0.01337398 -0.03717607 0.12473331 -0.11655127 0.05920477 0.00236750 -0.18342797 -0.01070902 -0.01381446 -0.10295009 -0.01816562 0.06944179 0.10626733 -0.01341345 -0.18365129 -0.03976499 -0.00400128 -0.16418323 -0.13372858 0.01911926 -0.05624836 0.03834498 0.02811768 -0.03111553 -0.00836632 0.02131672 -0.06101950 0.06594512 -0.10456246 0.11608266 -0.08121266 0.07392319 0.01429783 0.08923323 0.02242398 0.10781640 -0.05027478 -0.00097850 0.03428391 0.10080859 0.05841497 -0.02355369 -0.08789536 -0.01457146 -0.01327578 -0.06323851 -0.06923404 -0.00992500 -0.05211270 -0.14303483 -0.03095768 -0.09000795 0.03341638 0.08202388 -0.00755262 0.07909358 -0.03098519 -0.09978306 -0.10368950 0.14784384 -0.11806424 0.06942474 0.05924017 0.00833843 -0.07983627 0.03954051
0.17139666 0.07147994 0.36059567 0.05031697 1.00000000 0.31297845 0.27844993 0.22833275 0.00265914 0.05671053 0.19103604 0.23371016 0.31668976 0.05693517 0.00345819 -0.05230511 -0.02999315 0.05503227 0.09118339 0.14469104 -0.05988297 0.04723487 0.02798232 -0.13736627 -0.06682386 0.15036941 0.10640565 0.00770084 -0.00950287 0.10380093 -0.09642267 -0.13965633 0.03561077 -0.14082617 0.17706310 0.15255859 0.15345505 -0.13512860 -0.13980754 0.18520624 0.13784144 0.04703220 0.02415177 0.09468333 -0.05059948 0.19475037 0.06090581 -0.08178210 0.05290498 0.11376522 0.10272055 -0.03324269 -0.10444422 0.00116598 -0.03513731 -0.00256195 0.07931463 -0.08255532 -0.01687597 -0.07821488 0.06866257 0.05584624 -0.06234462 -0.05599126 -0.10624751 -0.17055424 0.06716901 0.08057163 -0.00127252 0.08359271 0.03673467 0.00060960 0.01099048 -0.10133998 -0.22295235 -0.01820290 -0.07210838 -0.05448458
0.01510825 0.03251847 0.30325229 0.02744925 0.31297845 1.00000000 0.12525188 0.23681338 0.17403621 0.19659994 0.13138081 0.04958755 0.21298317 -0.05829790 -0.05258635 -0.04557942 -0.04860851 0.04996203 -0.02209070 -0.09098550 -0.02047366 0.06511850 -0.04732227 -0.09701809 -0.13175721 0.05218630 -0.00404939 0.10577767 -0.00149471 0.12810556 -0.01110903 -0.14699072 0.02675719 -0.10250731 0.05033768 0.00053881 0.15249482 -0.08048569 -0.04344138 0.14128583 0.08946750 -0.02620517 -0.04524924 -0.05958346 -0.01433552 -0.01369798 -0.05450216 -0.02836691 0.04669208 0.02939480 0.03317731 -0.10353332 -0.12246688 0.04426766 -0.12500216 -0.08399948 0.00377039 -0.16433127 -0.00430004 -0.06008298 -0.01668523 0.09722904 -0.02240940 -0.19433469 0.03615664 -0.03199150 0.00643110 -0.05337474 0.01555831 0.20393001 0.16773737 -0.02404770 0.14480679 -0.10168414 0.04346430 0.13412156 0.14079500 0.15988612
0.19827011 -0.10118031 0.38643510 0.18129612 0.27844993 0.12525188 1.00000000 0.34281040 0.24395696 0.12074717 -0.01205142 0.34830944 0.26348612 0.11306904 0.09003571 0.03581930 0.03871318 0.09948705 0.13556430 0.09108272 0.07183917 0.18522954 -0.00492065 0.06180765 0.08298506 0.18470674 0.13023438 0.12401944 -0.13868174 -0.00895345 -0.06527739 -0.18553754 -0.11673700 -0.07916364 0.09995464 0.12690246 0.10438558 -0.01617852 -0.08671662 0.21932998 -0.07562477 0.04407245 0.08505528 0.06272716 0.01108890 0.22960543 0.09905885 -0.02186530 -0.03833247 -0.03014877 0.04785833 0.02468627 -0.00684153 0.07032536 0.02772554 0.18300143 -0.00582304 0.04047813 -0.05528538 0.17644328 0.24335039 0.10701493 -0.00417965 0.05361337 -0.03125408 -0.11054670 0.04703513 0.13231682 0.00754736 0.07307559 0.09903044 0.07056171 0.01165663 -0.02823133 -0.04250718 -0.04449846 -0.00476566 0.02160767
0.19623482 0.06832797 0.30787847 0.22730931 0.22833275 0.23681338 0.34281040 1.00000000 0.31381408 0.21630761 0.05582657 0.35975998 0.30995728 0.04070512 0.12226813 -0.00570968 0.03674306 0.08079420 0.15377081 0.10428325 0.10951025 0.13337244 0.12554525 0.08664226 0.05767758 0.08896872 0.06290818 -0.03085632 -0.04555446 0.01642997 -0.05158053 -0.09333067 -0.08655523 -0.01645748 0.05410600 0.15521960 0.19150629 -0.03749660 0.04588246 0.24164792 0.03281528 0.17569718 0.08358496 0.17016079 0.13136829 0.24721714 0.02482512 0.03799592 0.03829993 0.01671782 0.02533175 0.06104286 -0.02648366 0.09333558 -0.06463674 -0.01000678 0.02197862 -0.14348057 0.03469190 0.15541870 0.12622367 0.14052719 0.13247941 -0.05529450 0.18176738 0.14600570 0.20523537 0.05611536 0.07952023 0.17537243 0.00841914 0.09608391 0.02342149 -0.06227271 0.09205151 0.02558291 0.06872970 0.02894095
0.13348235 0.13103594 0.23919155 0.15653112 0.00265914 0.17403621 0.24395696 0.31381408 1.00000000 0.35325848 -0.20719499 0.24764333 0.17786929 0.01017242 0.06171065 -0.14694258 0.06356164 0.13009342 0.04432135 0.11363174 0.26867503 -0.11912707 0.03202575 0.00856984 0.21017650 0.05215720 -0.10247960 -0.05275688 -0.17959314 -0.23929943 -0.03226308 -0.05275034 -0.09941468 0.18159174 -0.02633904 -0.14084952 0.00276457 -0.03038862 -0.09476591 0.06664933 -0.08768598 0.01489114 -0.05662548 -0.12819691 0.09834608 0.12953604 0.07655852 0.18156237 0.00429314 -0.03857781 -0.03440794 0.06377431 -0.05632783 0.03167771 -0.11691458 0.07846841 -0.04632786 -0.10772501 0.07053752 0.08975926 0.09827672 0.03858456 -0.04933414 -0.05332651 0.14124632 0.11443290 0.12409120 0.01201897 0.14192945 0.04862476 0.01054413 -0.01370467 0.12482673 0.06346304 0.05799452 0.10098382 0.17325210 0.22487210
0.01731458 0.22699280 0.13222005 0.20393297 0.05671053 0.19659994 0.12074717 0.21630761 0.35325848 1.00000000 0.09247583 0.14740546 0.06231234 0.10461720 0.09753302 -0.10502997 0.20882799 0.10441211 -0.13821704 -0.07593837 0.02320259 -0.17654574 0.06601616 -0.00512395 0.06967406 0.01186966 -0.16554019 -0.16117187 -0.03213946 -0.19830055 -0.00671741 -0.06129385 -0.21879792 0.14397449 0.02052023 -0.26484425 -0.03300348 -0.01293911 -0.08936477 0.01938233 0.03062591 0.00248697 -0.13358585 -0.07258376 0.01964716 0.01107670 0.02234445 0.03364445 -0.15585712 -0.04707592 0.04192488 0.11145246 -0.13713690 0.05341182 -0.15131178 -0.04559827 -0.05026726 -0.12913852 -0.12873610 0.13664363 -0.01799973 -0.11899236 -0.02187715 -0.20078471 0.23927176 0.23755783 0.07360032 0.03015638 0.22150669 0.13630813 -0.02326227 0.12641734 0.25703399 0.03682782 0.14974715 0.08581864 0.14658327 0.25160338
0.11531881 0.22792885 0.00663198 0.05574018 0.19103604 0.13138081 -0.01205142 0.05582657 -0.20719499 0.09247583 1.00000000 0.01938972 0.00504413 0.02799640 0.00527790 0.20477677 0.02082612 0.04836220 -0.07213194 -0.02506011 -0.04303132 0.05431026 0.06759680 0.04616626 -0.10034408 0.01321988 -0.01078476 0.01762714 0.11796435 0.01960999 0.01874220 0.11588359 -0.03504909 0.02022771 0.19493311 -0.09127248 0.06379244 0.03407905 -0.02754047 0.01246273 0.09576635 0.08939633 -0.00181153 0.03805741 -0.02756900 -0.05823019 -0.13129080 -0.14933047 0.00336390 0.08105125 0.15082541 -0.04432669 -0.00509120 0.02726154 -0.09896170 -0.16725949 -0.08112354 -0.11163233 -0.09028819 -0.02841283 -0.10798591 -0.20003932 -0.03794595 -0.00398348 -0.07604245 0.05878107 -0.18592369 -0.13403496 -0.04584589 -0.03904259 -0.05568093 0.01561359 0.05265085 -0.07460786 0.08061858 -0.05694003 0.05964265 -0.09433655
0.17614403 0.16158331 0.28028592 0.23876631 0.23371016 0.04958755 0.34830944 0.35975998 0.24764333 0.14740546 0.01938972 1.00000000 0.31485656 0.10753541 0.16288670 0.08480535 0.07784699 0.05228708 0.18294744 0.22461249 0.09554502 0.09222799 0.23227778 0.12383789 0.02199213 0.20135253 0.14791382 -0.00154114 -0.03435350 -0.08981376 -0.02439588 0.05436053 -0.03057819 0.06516523 0.14460915 0.11427341 0.11593536 0.03357911 0.05539749 0.18008318 -0.00942668 0.10496333 0.08247658 0.07230545 0.15351824 0.11102660 0.04687523 0.00355679 -0.04480452 0.07146874 -0.07047236 0.01103332 0.01126200 -0.00791773 -0.03172631 0.14161881 0.14503381 -0.03381848 0.01430368 0.10969731 0.16482081 0.08516146 -0.04207507 0.00170444 0.01754064 0.13084975 0.06297366 0.11053818 0.05474101 0.16281475 0.07067904 0.12529348 0.08590607 0.01959569 -0.05392955 -0.09437140 0.06107787 0.01727903
0.15340948 0.16829941 0.26350669 0.01337398 0.31668976 0.21298317 0.26348612 0.30995728 0.17786929 0.06231234 0.00504413 0.31485656 1.00000000 0.10040109 -0.03162143 0.05802025 -0.01566604 0.09077372 0.01032099 0.07884792 0.12893612 0.08871284 0.11057096 0.00217088 0.07389738 0.08064632 0.10405358 0.08137549 0.07625405 -0.02063671 -0.05281640 0.00545013 0.07450672 0.11475548 0.12555952 0.15168715 0.17467468 0.00661332 0.05530009 0.04568569 0.09786992 0.12664518 0.12903076 0.09867673 0.02116375 0.10182044 0.08802824 -0.01267496 0.06136740 0.15442334 0.08111172 -0.02570413 -0.01460165 0.03390660 -0.06619035 0.03782862 -0.03149180 -0.05490060 -0.00570493 -0.06347339 0.07981495 0.06407632 -0.00279949 -0.10432072 -0.04297690 0.04097934 0.08651129 -0.01745101 0.07265821 0.01759452 0.08039842 0.10722881 -0.07014956 0.02228367 0.00899387 0.05088102 0.10021791 -0.02909466
0.04713308 0.06508567 0.22295982 -0.03717607 0.05693517 -0.05829790 0.11306904 0.04070512 0.01017242 0.10461720 0.02799640 0.10753541 0.10040109 1.00000000 0.38627994 0.24506268 0.27113763 0.28839929 0.14418902 0.15508939 0.27780246 0.25717889 0.35973068 0.11242435 0.25220266 0.19376715 0.17502181 0.05008765 0.04215089 0.10739285 -0.04592477 0.11268362 -0.11416190 -0.04362825 0.05443166 0.13646807 0.15140030 0.00997313 -0.09459700 -0.06045521 -0.05601024 0.18374581 0.09429034 0.06237242 0.00993295 -0.07513656 -0.04166165 -0.13080884 -0.04070252 0.01174338 0.08309391 0.00812253 -0.08362571 -0.03483972 -0.03095798 -0.02704733 0.01476805 0.05563482 -0.06513325 -0.03323574 0.07378646 0.01555380 0.06574469 -0.01745389 -0.03019588 -0.02148404 0.01637467 0.03987386 0.06485091 0.10770393 -0.03634234 0.25278253 -0.08166595 -0.03477630 0.00945395 -0.06450950 -0.08084429 -0.14800019
0.06631082 0.01820578 0.14635107 0.12473331 0.00345819 -0.05258635 0.09003571 0.12226813 0.06171065 0.09753302 0.00527790 0.16288670 -0.03162143 0.38627994 1.00000000 0.13585595 0.22240730 0.09879656 0.07848881 0.08670124 0.19219270 0.08462448 0.25686356 0.25270286 0.21906655 0.17694472 -0.03556874 -0.03972010 0.03578323 0.04393784 -0.05742425 0.12303498 -0.08920114 -0.00585786 0.06122176 0.04469752 0.09753620 0.06936522 -0.07430336 0.12290011 -0.00597361 0.10068296 -0.08993522 0.03946171 0.12540140 0.07971232 0.17966736 0.03982398 -0.02745973 -0.05655611 0.11233624 0.14940464 -0.08280759 -0.02258562 -0.20055194 -0.06945005 -0.07469667 -0.08107377 -0.12040098 0.10347195 -0.03042011 -0.04207216 -0.00695704 0.04786931 0.03180730 0.08893593 0.03250579 0.11710958 0.09142839 0.08917259 -0.10481309 0.23240392 -0.02508599 0.07834311 0.07449848 0.07380737 -0.02180794 0.11680915
0.06779477 0.05590989 0.06003786 -0.11655127 -0.05230511 -0.04557942 0.03581930 -0.00570968 -0.14694258 -0.10502997 0.20477677 0.08480535 0.05802025 0.24506268 0.13585595 1.00000000 0.03910093 0.05261500 0.15468175 0.07344102 0.09124193 0.21528991 0.30895275 0.29669149 0.02187930 0.22984861 0.08953855 0.10778383 0.07945433 0.11299438 0.02088302 0.05296123 0.15676069 0.08789768 0.13907860 0.06587758 0.08991563 0.08732584 0.05994753 -0.10960075 -0.20895597 0.01438046 0.08087537 -0.05911225 -0.09120606 -0.09682516 -0.26246041 -0.23988306 0.01231942 0.05413763 -0.07141363 -0.21953060 -0.08992485 -0.03188454 0.03866694 -0.09113259 -0.00130937 -0.09135979 -0.09351465 -0.02165718 0.01144965 -0.03096647 -0.01150759 0.03368721 -0.08120344 0.14819056 0.05887948 0.01095224 -0.01957981 0.09679484 -0.02798991 0.18598265 -0.03717334 0.01972906 0.05299051 0.09385234 -0.01591050 -0.00004667
-0.01343214 0.14626260 -0.00628931 0.05920477 -0.02999315 -0.04860851 0.03871318 0.03674306 0.06356164 0.20882799 0.02082612 0.07784699 -0.01566604 0.27113763 0.22240730 0.03910093 1.00000000 0.21473260 -0.01298968 0.24206377 -0.08470007 0.18305995 0.23581942 0.10018784 0.25284029 0.17081862 0.03977083 0.07037449 0.00046041 -0.13005619 0.08813385 -0.00909171 -0.07972654 0.11183099 0.06505088 0.03062672 0.00899198 0.24785406 0.05414793 -0.05000886 0.04979914 0.07657560 0.14936603 0.01769944 0.13168519 0.03801392 -0.07052083 -0.09518962 0.08639092 0.11451012 -0.02356826 0.09345588 0.04258670 0.13181434 -0.05386720 0.08244209 0.09727231 -0.01891508 -0.03609111 0.11522716 0.04747879 -0.02439876 0.02385928 -0.07015924 0.12440392 0.09234578 0.01316239 0.09342898 0.17054884 -0.07802891 0.10718832 -0.04852231 0.02324500 0.10237734 0.01905618 -0.00986768 0.03372498 0.08615456
-0.08244404 0.12360978 0.04173118 0.00236750 0.05503227 0.04996203 0.09948705 0.08079420 0.13009342 0.10441211 0.04836220 0.05228708 0.09077372 0.28839929 0.09879656 0.05261500 0.21473260 1.00000000 0.25870719 0.11480916 0.21802535 0.25998625 0.13759598 0.18253543 0.19292463 0.27584603 0.14399501 0.07456164 -0.06529460 0.05455204 -0.08712997 -0.15242181 -0.00268490 0.00945616 0.03581883 0.19979013 0.10512825 0.10484915 0.07772930 0.07619797 -0.03861974 0.04481269 0.11217688 -0.03942799 0.00008214 0.03076624 -0.00399620 0.10403997 0.09950895 0.07243414 -0.00276764 0.16061825 -0.05952480 0.01516780 0.03201092 -0.02574043 0.09474396 0.02501337 -0.05728180 0.05466884 0.11899275 0.05640813 0.00506584 -0.07001528 0.05479727 -0.03628022 0.00219241 -0.05979666 0.10443113 -0.09702380 0.07780326 0.12022631 -0.00911132 -0.05796254 -0.06674685 -0.02638042 -0.00924512 0.04599261
-0.08518024 -0.15186118 0.07505420 -0.18342797 0.09118339 -0.02209070 0.13556430 0.15377081 0.04432135 -0.13821704 -0.07213194 0.18294744 0.01032099 0.14418902 0.07848881 0.15468175 -0.01298968 0.25870719 1.00000000 0.32441566 0.10310135 0.34889337 0.22891093 0.14795421 -0.00684051 0.38044787 0.17798436 0.07964915 -0.06905744 0.20291332 -0.01986774 -0.14250218 0.05568098 -0.03570042 0.06983407 0.19805582 0.12568023 -0.06858556 0.07588479 0.12566314 -0.14215398 0.07243828 0.10399853 0.03667424 0.00026409 0.10478098 0.01532457 -0.01052246 0.04636913 0.04773577 -0.13544745 0.03349789 0.05300233 0.18766470 0.30820306 0.14965852 0.19911944 0.00710088 0.12658905 0.12194759 0.31427866 0.29591493 0.06224443 0.27096609 0.18449654 -0.02725939 0.13273987 0.09625137 0.07334592 0.20069055 0.13384941 0.03094593 0.09080289 -0.02094386 -0.16788196 -0.06521586 -0.07339307 0.01058734
0.04339945 0.08151388 0.00958298 -0.01070902 0.14469104 -0.09098550 0.09108272 0.10428325 0.11363174 -0.07593837 -0.02506011 0.22461249 0.07884792 0.15508939 0.08670124 0.07344102 0.24206377 0.11480916 0.32441566 1.00000000 0.25005489 0.39327426 0.29291785 0.18485578 0.25328934 0.27978172 0.11329204 0.15613612 0.05904011 -0.02981727 0.12056826 0.06718091 0.03161767 0.18409459 0.06551120 0.02694353 0.06363860 0.13360628 0.15379860 0.09450915 0.09090884 0.19584884 0.18214743 0.12863239 0.13308115 0.13123514 0.08645244 0.15102708 0.20470286 0.19026387 0.01493051 0.03748462 0.11586504 0.17241957 0.09979957 0.09987027 0.18991068 -0.01532765 0.05630527 0.10827209 0.08821392 0.11965993 0.03695205 0.14811723 0.14469405 0.07214477 0.18482257 0.09735309 0.14379911 0.06226762 0.13536493 -0.15187093 0.07343682 -0.05267494 -0.08890264 0.02710642 0.02813409 -0.02645454
0.09003382 -0.02776915 0.08680016 -0.01381446 -0.05988297 -0.02047366 0.07183917 0.10951025 0.26867503 0.02320259 -0.04303132 0.09554502 0.12893612 0.27780246 0.19219270 0.09124193 -0.08470007 0.21802535 0.10310135 0.25005489 1.00000000 0.25375857 0.20275770 0.22443297 0.14284204 0.21675877 -0.04794819 0.02208897 0.09278356 -0.09835280 -0.10088956 0.09423423 -0.11314061 0.11863745 -0.15779994 0.04968165 0.06818559 0.09291536 0.09160915 0.11179394 -0.16903145 0.15660854 -0.00442482 -0.05381888 0.11367438 0.01194866 0.08740012 0.12948178 -0.02110405 0.00992814 -0.03274821 -0.02864210 0.01348915 -0.02285970 -0.05456780 0.05098886 -0.01385105 -0.00454198 0.04974420 0.00607646 0.02635056 0.05863787 0.02348715 0.04287241 0.03748901 0.12730395 0.03612241 0.02479819 0.07533833 0.13112140 -0.02864844 0.19008495 0.06740535 0.02163417 -0.00329564 0.07383591 0.08067757 0.04791087
0.13350089 -0.01876268 -0.00702019 -0.10295009 0.04723487 0.06511850 0.18522954 0.13337244 -0.11912707 -0.17654574 0.05431026 0.09222799 0.08871284 0.25717889 0.08462448 0.21528991 0.18305995 0.25998625 0.34889337 0.39327426 0.25375857 1.00000000 0.18619835 0.21100212 0.17438367 0.29935119 0.19992688 0.25625968 0.05338071 0.19768528 0.07583240 -0.05859008 0.21059591 0.04802405 0.07656741 0.26606756 0.26783809 0.12783815 0.26716116 0.10502576 -0.03278480 0.16766887 0.16766763 0.09518488 -0.02494966 0.06391127 -0.04693824 -0.06837399 0.09676783 0.13308398 -0.16562320 -0.05710163 0.14858035 0.24560471 0.22022474 0.07321825 0.24098047 0.04578687 0.03752315 0.14289529 0.30168117 0.34631724 0.18156150 0.19912369 0.08985684 -0.00979914 0.05597488 0.04835038 -0.02655724 0.02614479 0.22205520 -0.07333161 -0.01182520 -0.18977920 -0.14384487 -0.19034707 -0.08379947 -0.12310449
0.01139621 0.11234544 0.12186650 -0.01816562 0.02798232 -0.04732227 -0.00492065 0.12554525 0.03202575 0.06601616 0.06759680 0.23227778 0.11057096 0.35973068 0.25686356 0.30895275 0.23581942 0.13759598 0.22891093 0.29291785 0.20275770 0.18619835 1.00000000 0.12797001 0.17729630 0.26766786 0.05436012 -0.03496126 0.03442299 -0.05659578 -0.03490507 0.17828720 -0.03015530 0.10170601 0.03375292 0.04264881 0.19396402 0.11540036 0.05816573 -0.06133947 -0.08553149 0.11804061 0.14042703 -0.04207865 0.07068189 -0.10871014 -0.05924572 -0.06417219 0.10089242 0.07036383 -0.04812290 -0.02726586 -0.09049835 -0.02912426 0.04496236 -0.00235389 0.06118728 -0.06957669 0.01118919 -0.04130850 0.03854378 -0.02814759 0.05446620 0.01405788 0.09924711 0.16705695 0.14272385 0.01507738 0.02726476 0.06856596 0.06568004 0.08610766 0.03791959 0.08388064 0.08358213 0.07539482 -0.00495414 -0.00754134
-0.03080559 0.02776704 -0.09718207 0.06944179 -0.13736627 -0.09701809 0.06180765 0.08664226 0.00856984 -0.00512395 0.04616626 0.12383789 0.00217088 0.11242435 0.25270286 0.29669149 0.10018784 0.18253543 0.14795421 0.18485578 0.22443297 0.21100212 0.12797001 1.00000000 0.08340797 0.18592580 0.00677127 0.11138735 0.07499197 0.01003106 0.11395602 0.06163954 -0.00847174 0.10402256 -0.03840303 0.04618692 0.00321147 0.07674545 0.08098665 0.03394529 -0.19989464 0.06995164 -0.08956301 -0.09160026 0.05601280 0.01269474 -0.02325979 -0.00651832 0.00030465 0.03374158 -0.04434847 0.01242442 -0.02158826 0.15629357 0.02804866 0.04997394 -0.01340374 -0.10269464 -0.01433302 0.19809105 0.08307987 0.02279308 -0.14399985 0.05127688 0.06121707 0.19318970 0.03686537 0.02232050 0.12375691 0.08450518 -0.00631032 0.14601772 0.08103857 0.09522276 0.05407595 0.14614672 -0.02173108 0.17011150
-0.01133236 0.08287029 -0.09565138 0.10626733 -0.06682386 -0.13175721 0.08298506 0.05767758 0.21017650 0.06967406 -0.10034408 0.02199213 0.07389738 0.25220266 0.21906655 0.02187930 0.25284029 0.19292463 -0.00684051 0.25328934 0.14284204 0.17438367 0.17729630 0.08340797 1.00000000 0.04400568 -0.05882767 0.01592183 -0.09186678 -0.16638455 -0.00805478 0.10315622 -0.05625631 0.16900619 -0.00860666 -0.03107629 -0.11192531 0.18905303 0.01310462 0.09458128 0.08140305 0.11821308 0.04759233 0.11688161 0.04957138 0.10175426 0.14551704 0.23750527 0.17123096 0.06881206 0.06484545 0.21098954 0.06768081 0.08418344 0.03753938 0.10964167 -0.01559910 0.02042651 -0.01011615 0.12900888 0.03170533 -0.01945886 0.04824798 -0.12607903 0.13893990 0.02631838 0.10975789 0.07130131 0.14680367 -0.14815343 0.10717102 0.08909715 0.03739143 0.09934788 0.09994570 -0.00327489 0.00277079 0.07239350
-0.01580565 -0.04213976 0.03233354 -0.01341345 0.15036941 0.05218630 0.18470674 0.08896872 0.05215720 0.01186966 0.01321988 0.20135253 0.08064632 0.19376715 0.17694472 0.22984861 0.17081862 0.27584603 0.38044787 0.27978172 0.21675877 0.29935119 0.26766786 0.18592580 0.04400568 1.00000000 0.04521060 0.01248616 -0.10205675 0.01257880 -0.05184819 -0.14202668 0.03645746 0.00360113 0.09828196 0.12801827 0.03944329 0.03337525 -0.08539413 0.24679969 -0.09678804 -0.01777136 0.06417754 0.03457094 -0.06429052 0.10847112 0.03156010 -0.08078275 -0.01585682 -0.01568413 -0.06878756 -0.06383165 -0.03888407 0.08008692 0.08722429 0.09999253 0.02598437 0.02614259 0.03509137 0.10136887 0.28635225 0.17871019 0.02188454 0.15536529 0.02841133 0.08715839 0.09890905 0.08421102 0.08129946 0.13077823 0.10574363 0.14977806 0.08244834 -0.00314902 -0.15885286 -0.01176053 -0.09530628 0.05125066
0.02287287 -0.06355365 0.06889446 -0.18365129 0.10640565 -0.00404939 0.13023438 0.06290818 -0.10247960 -0.16554019 -0.01078476 0.14791382 0.10405358 0.17502181 -0.03556874 0.08953855 0.03977083 0.14399501 0.17798436 0.11329204 -0.04794819 0.19992688 0.05436012 0.00677127 -0.05882767 0.04521060 1.00000000 0.10678717 0.04972324 0.34398758 0.25043057 -0.09691453 0.19847154 0.01158303 0.35705231 0.38008081 0.33301312 0.11425000 0.22729751 0.09907335 0.07229978 0.16811016 0.21397208 0.04093324 0.01014040 0.09978934 0.10296652 -0.08279346 0.16771754 0.14345474 0.11681572 -0.04482614 -0.01848302 0.01893026 0.03337175 0.05152630 0.18950472 -0.01667611 0.02841073 -0.03295943 0.08737043 0.10660142 0.03560649 0.10803049 -0.06175872 -0.09442363 -0.04633045 0.00481871 0.02926933 0.06749356 0.17115714 -0.07855903 -0.04167446 -0.13109004 -0.06986212 0.07543335 -0.07915968 -0.04255179
0.04884838 -0.03776948 0.09036093 -0.03976499 0.00770084 0.10577767 0.12401944 -0.03085632 -0.05275688 -0.16117187 0.01762714 -0.00154114 0.08137549 0.05008765 -0.03972010 0.10778383 0.07037449 0.07456164 0.07964915 0.15613612 0.02208897 0.25625968 -0.03496126 0.11138735 0.01592183 0.01248616 0.10678717 1.00000000 0.25168464 0.18968419 0.12920050 0.06184324 0.25268836 0.21466969 0.09828211 0.15138639 0.21158845 0.26035578 0.18516755 -0.12114300 -0.10341700 -0.02046752 0.01994501 -0.01185101 -0.14951004 -0.08125785 -0.12526424 -0.09453315 0.05100173 0.04454270 -0.05298697 -0.12538610 0.07266460 0.05741439 0.06137761 0.04286633 0.08176343 0.09925351 0.06469936 0.07374408 0.09885353 0.10411468 -0.06498147 0.01253854 0.01530955 0.03201950 -0.06560779 0.03760857 0.11726561 -0.13666889 0.24803525 -0.09335570 0.09887191 0.09763457 -0.07591897 0.02032031 0.09242288 0.04930850
-0.10167361 0.10796270 -0.03050856 -0.00400128 -0.00950287 -0.00149471 -0.13868174 -0.04555446 -0.17959314 -0.03213946 0.11796435 -0.03435350 0.07625405 0.04215089 0.03578323 0.07945433 0.00046041 -0.06529460 -0.06905744 0.05904011 0.09278356 0.05338071 0.03442299 0.07499197 -0.09186678 -0.10205675 0.04972324 0.25168464 1.00000000 0.21636402 0.20135537 0.33408502 0.05615774 0.07407168 0.03090158 0.18470992 0.13181586 0.23389547 0.18774460 -0.20893815 -0.11841623 0.05006007 0.03106035 -0.05827234 0.01524929 -0.20475801 -0.14260031 -0.15494793 -0.01173871 0.04628266 -0.00838341 -0.06982263 -0.02482427 -0.08718100 -0.03095050 -0.13512226 -0.01465710 -0.07217950 -0.05252852 -0.04495942 -0.02572184 0.00421715 -0.04324173 0.00815957 -0.15547541 0.00399182 -0.09765003 -0.02439486 -0.03163407 -0.05118969 -0.14849291 -0.08127278 -0.00147694 -0.05583994 0.00938640 -0.02005169 0.04443411 -0.09352352
-0.04081090 -0.03895076 0.07454648 -0.16418323 0.10380093 0.12810556 -0.00895345 0.01642997 -0.23929943 -0.19830055 0.01960999 -0.08981376 -0.02063671 0.10739285 0.04393784 0.11299438 -0.13005619 0.05455204 0.20291332 -0.02981727 -0.09835280 0.19768528 -0.05659578 0.01003106 -0.16638455 0.01257880 0.34398758 0.18968419 0.21636402 1.00000000 0.16596789 -0.04122329 0.25574211 -0.16316295 0.16627024 0.27176096 0.23622909 0.01775419 0.14924579 0.04656984 0.00160602 0.06886262 0.06118731 -0.04026893 -0.14379036 0.04526518 -0.03248587 -0.17217973 0.00502459 -0.07432354 -0.15276790 -0.15620779 0.00325911 0.07467372 0.14502809 -0.19023047 0.19749251 -0.01141513 -0.01732496 0.02052012 0.10518339 0.23754525 0.12342452 0.13630743 0.00294964 -0.12378350 -0.11444515 -0.00164017 -0.07872561 0.11307005 -0.05681999 0.01881980 -0.11567260 -0.19202065 -0.16760542 -0.15044884 -0.14171885 -0.09983136
-0.04666533 0.04711939 -0.16184737 -0.13372858 -0.09642267 -0.01110903 -0.06527739 -0.05158053 -0.03226308 -0.00671741 0.01874220 -0.02439588 -0.05281640 -0.04592477 -0.05742425 0.02088302 0.08813385 -0.08712997 -0.01986774 0.12056826 -0.10088956 0.07583240 -0.03490507 0.11395602 -0.00805478 -0.05184819 0.25043057 0.12920050 0.20135537 0.16596789 1.00000000 0.06771004 0.31748231 0.19001472 0.16857885 0.05466874 0.02225383 0.24145328 0.31381941 0.00590228 0.04131792 0.07260521 0.12735755 -0.11241728 0.01106958 -0.01062565 -0.02636411 0.00172115 0.03530779 0.00796585 -0.13253096 -0.05810934 -0.02940442 -0.03778819 0.05297098 -0.09913615 -0.01662238 -0.00742657 0.01846163 -0.02755028 0.02135170 0.12214746 0.00680904 -0.03823916 0.06282726 0.07579885 -0.11306636 0.01457166 -0.01019494 -0.05794025 -0.03549582 -0.12311162 0.10073349 -0.08234762 0.03535096 0.00690170 -0.09690205 -0.05383781
0.06060621 0.20602128 -0.13528986 0.01911926 -0.13965633 -0.14699072 -0.18553754 -0.09333067 -0.05275034 -0.06129385 0.11588359 0.05436053 0.00545013 0.11268362 0.12303498 0.05296123 -0.00909171 -0.15242181 -0.14250218 0.06718091 0.09423423 -0.05859008 0.17828720 0.06163954 0.10315622 -0.14202668 -0.09691453 0.06184324 0.33408502 -0.04122329 0.06771004 1.00000000 -0.00116689 0.21100433 -0.00983610 0.00425011 0.03537332 0.33117579 0.05981110 -0.23340974 -0.14124022 -0.00213768 0.01642182 0.00268770 0.09355006 -0.22177071 -0.09925663 -0.09942916 -0.02076568 -0.01243415 0.01698701 0.03606771 0.02761685 -0.21328668 -0.04714996 -0.14380674 -0.10684402 -0.02060788 -0.04336640 -0.08732725 -0.09997192 -0.09119834 0.00931040 -0.08954831 -0.11928657 0.02824804 -0.07449186 -0.07191733 -0.01554582 -0.13341402 -0.12452317 0.04568765 0.06376771 0.04213521 0.10205080 0.00272750 0.10955677 -0.11801163
0.15578127 -0.00777280 -0.06915590 -0.05624836 0.03561077 0.02675719 -0.11673700 -0.08655523 -0.09941468 -0.21879792 -0.03504909 -0.03057819 0.07450672 -0.11416190 -0.08920114 0.15676069 -0.07972654 -0.00268490 0.05568098 0.03161767 -0.11314061 0.21059591 -0.03015530 -0.00847174 -0.05625631 0.03645746 0.19847154 0.25268836 0.05615774 0.25574211 0.31748231 -0.00116689 1.00000000 0.25503032 0.19138219 0.19991444 0.11516351 0.16155103 0.35783218 0.02507262 0.01799857 -0.00343156 0.11635271 -0.03574507 -0.14932576 -0.00629982 0.00098882 -0.09805433 0.18952243 0.07897342 -0.17872741 -0.23399169 0.09257982 -0.04300218 0.20237355 -0.08579671 0.09102869 0.08045954 0.12547945 -0.14750438 0.05680823 0.24734793 -0.01381256 0.15408538 -0.02948926 -0.00346725 -0.10033497 -0.00206436 -0.13118207 -0.12656774 0.07056101 -0.20804101 0.03992003 -0.24826621 -0.15264823 0.01247984 -0.18013041 -0.11700348
0.05190990 0.11230771 -0.01276267 0.03834498 -0.14082617 -0.10250731 -0.07916364 -0.01645748 0.18159174 0.14397449 0.02022771 0.06516523 0.11475548 -0.04362825 -0.00585786 0.08789768 0.11183099 0.00945616 -0.03570042 0.18409459 0.11863745 0.04802405 0.10170601 0.10402256 0.16900619 0.00360113 0.01158303 0.21466969 0.07407168 -0.16316295 0.19001472 0.21100433 0.25503032 1.00000000 0.10226649 -0.14116159 0.13924068 0.46106826 0.36435874 -0.07743999 -0.05207739 0.07253466 -0.02789022 -0.06669326 0.07813152 -0.09129434 0.03186893 0.05817686 0.16367230 0.06697417 -0.01752601 0.00862825 0.16489618 0.09780670 0.04551378 0.12519207 0.09262475 -0.09439391 0.06570499 0.08098342 -0.07043496 0.04128675 -0.11435712 0.02094433 0.14848049 0.13026953 0.11894572 0.03488388 0.27003796 -0.06824786 0.09168797 -0.06850862 0.16170935 0.13045818 0.10272783 0.17335761 0.19790288 0.13695021
0.04939522 0.12588087 0.04145176 0.02811768 0.17706310 0.05033768 0.09995464 0.05410600 -0.02633904 0.02052023 0.19493311 0.14460915 0.12555952 0.05443166 0.06122176 0.13907860 0.06505088 0.03581883 0.06983407 0.06551120 -0.15779994 0.07656741 0.03375292 -0.03840303 -0.00860666 0.09828196 0.35705231 0.09828211 0.03090158 0.16627024 0.16857885 -0.00983610 0.19138219 0.10226649 1.00000000 0.25939809 0.32584970 0.22629981 0.12524066 0.14306221 0.18536394 0.14586425 0.21414170 0.07390757 -0.03556359 0.05163272 0.06485776 -0.03413048 -0.05601673 0.07208576 0.07789229 0.03539730 -0.06492127 -0.01153026 -0.10804052 -0.13985715 -0.05367456 -0.14043595 -0.18001569 -0.05734233 -0.00890200 -0.05309313 0.02813368 -0.05168788 -0.02949059 -0.10951369 -0.03695556 -0.00700386 -0.14346302 -0.03608368 0.13665358 0.03034318 -0.05144433 -0.07695208 -0.04573500 -0.10922070 -0.09843910 -0.07065599
0.07987704 -0.06821059 0.08404487 -0.03111553 0.15255859 0.00053881 0.12690246 0.15521960 -0.14084952 -0.26484425 -0.09127248 0.11427341 0.15168715 0.13646807 0.04469752 0.06587758 0.03062672 0.19979013 0.19805582 0.02694353 0.04968165 0.26606756 0.04264881 0.04618692 -0.03107629 0.12801827 0.38008081 0.15138639 0.18470992 0.27176096 0.05466874 0.00425011 0.19991444 -0.14116159 0.25939809 1.00000000 0.34697833 0.04234105 0.10801527 0.14078092 -0.02575967 0.04032365 0.10773633 0.15490987 -0.05655651 0.07162780 0.02253589 -0.00257144 0.06045454 0.07152350 -0.05400370 0.01237927 -0.04873842 -0.10066271 0.01262676 -0.08819462 0.05259231 -0.02147939 -0.05887778 -0.08008027 0.07314418 0.17599566 0.05492148 -0.02250430 -0.11000369 -0.15993105 -0.01014002 0.03964147 -0.07346060 -0.03460015 0.10142691 0.10730548 -0.15764608 -0.05907052 -0.15981565 -0.01687569 -0.15819992 -0.02906883
0.16374491 0.03481915 0.25267541 -0.00836632 0.15345505 0.15249482 0.10438558 0.19150629 0.00276457 -0.03300348 0.06379244 0.11593536 0.17467468 0.15140030 0.09753620 0.08991563 0.00899198 0.10512825 0.12568023 0.06363860 0.06818559 0.26783809 0.19396402 0.00321147 -0.11192531 0.03944329 0.33301312 0.21158845 0.13181586 0.23622909 0.02225383 0.03537332 0.11516351 0.13924068 0.32584970 0.34697833 1.00000000 0.16800429 0.22207314 0.03605906 0.04350834 0.08292568 -0.03394914 0.08072850 -0.05926717 -0.03709781 0.00871171 -0.09202213 -0.03571931 0.01645151 0.03646687 0.01509205 -0.05006219 0.08069092 -0.03484606 -0.06055005 0.09645543 -0.11276825 0.01972144 -0.00204419 0.11796849 0.15877229 0.10460317 0.08779749 0.05376777 -0.05675947 0.10837442 0.05485707 -0.03367651 0.04894587 0.03263897 0.10157097 -0.09116625 -0.05112487 -0.03397967 0.00721069 -0.03580723 0.05598135
-0.00728271 0.12656369 -0.06372272 0.02131672 -0.13512860 -0.08048569 -0.01617852 -0.03749660 -0.03038862 -0.01293911 0.03407905 0.03357911 0.00661332 0.00997313 0.06936522 0.08732584 0.24785406 0.10484915 -0.06858556 0.13360628 0.09291536 0.12783815 0.11540036 0.07674545 0.18905303 0.03337525 0.11425000 0.26035578 0.23389547 0.01775419 0.24145328 0.33117579 0.16155103 0.46106826 0.22629981 0.04234105 0.16800429 1.00000000 0.31327108 -0.02051174 -0.03835296 0.00605628 0.12384864 -0.07809808 0.03968230 -0.13130410 -0.06592234 -0.06032008 0.14555518 0.11170811 -0.14682018 -0.04127243 0.15087925 0.01361537 0.07049467 -0.01326318 0.09345166 0.06517034 0.10024773 0.06688284 0.05204182 0.04087721 0.01000391 -0.01786224 0.08449701 0.03487089 0.00094504 0.04715744 0.14008859 -0.20936497 0.03993857 -0.11545730 0.06913083 0.07689668 -0.01172321 -0.00679369 0.08759262 0.01718909
0.14215960 0.01596320 -0.08146303 -0.06101950 -0.13980754 -0.04344138 -0.08671662 0.04588246 -0.09476591 -0.08936477 -0.02754047 0.05539749 0.05530009 -0.09459700 -0.07430336 0.05994753 0.05414793 0.07772930 0.07588479 0.15379860 0.09160915 0.26716116 0.05816573 0.08098665 0.01310462 -0.08539413 0.22729751 0.18516755 0.18774460 0.14924579 0.31381941 0.05981110 0.35783218 0.36435874 0.12524066 0.10801527 0.22207314 0.31327108 1.00000000 0.01159256 0.09519807 0.08554517 0.08302009 -0.03831685 0.05072821 -0.06772268 -0.04866238 0.00117675 0.26093712 0.15621503 -0.12028517 -0.01378614 0.12240520 0.15090329 0.15778669 0.12730503 0.20403206 0.03046585 0.06091771 0.03478318 0.00478435 0.16668737 0.05121760 0.11945986 0.04171959 0.04765902 0.04667507 -0.08839585 0.05156047 -0.09780435 0.06266977 -0.12101386 0.07961553 -0.10497370 -0.04053267 0.02161224 0.13131274 -0.06528802
0.20829983 -0.07470689 0.07405982 0.06594512 0.18520624 0.14128583 0.21932998 0.24164792 0.06664933 0.01938233 0.01246273 0.18008318 0.04568569 -0.06045521 0.12290011 -0.10960075 -0.05000886 0.07619797 0.12566314 0.09450915 0.11179394 0.10502576 -0.06133947 0.03394529 0.09458128 0.24679969 0.09907335 -0.12114300 -0.20893815 0.04656984 0.00590228 -0.23340974 0.02507262 -0.07743999 0.14306221 0.14078092 0.03605906 -0.02051174 0.01159256 1.00000000 0.30377714 0.20649256 0.06918815 0.25880033 0.18746343 0.39444078 0.34007995 0.26895844 0.11081351 0.11708348 0.15361628 0.15334431 -0.05691422 -0.01799723 -0.07993125 0.10398823 0.04979313 0.05134851 0.05620400 0.11488834 0.11198212 0.14949886 0.11414354 0.05816549 0.01029044 0.01330696 0.01576948 -0.00884061 -0.07764058 0.06543230 0.00218099 0.07699093 0.07318714 -0.14760707 -0.09508482 -0.02008043 -0.06663525 0.05508966
0.06580690 0.14331531 -0.01502480 -0.10456246 0.13784144 0.08946750 -0.07562477 0.03281528 -0.08768598 0.03062591 0.09576635 -0.00942668 0.09786992 -0.05601024 -0.00597361 -0.20895597 0.04979914 -0.03861974 -0.14215398 0.09090884 -0.16903145 -0.03278480 -0.08553149 -0.19989464 0.08140305 -0.09678804 0.07229978 -0.10341700 -0.11841623 0.00160602 0.04131792 -0.14124022 0.01799857 -0.05207739 0.18536394 -0.02575967 0.04350834 -0.03835296 0.09519807 0.30377714 1.00000000 0.25014250 0.05165121 0.33839218 0.18701014 0.14346435 0.33559806 0.26276255 0.12465418 0.16706403 0.37174540 0.20697011 -0.02947061 -0.04469745 -0.22962462 0.00784022 0.01536937 -0.04277478 0.00990829 -0.01465483 -0.20848529 -0.06624113 -0.01361831 -0.05158308 -0.02662227 -0.06506286 -0.06457510 -0.14860175 -0.11524020 -0.05206032 -0.03437537 -0.11232838 0.02309156 -0.16594382 0.02385494 -0.09929831 -0.02268667 -0.06011247
0.14382152 0.15475570 0.09108600 0.11608266 0.04703220 -0.02620517 0.04407245 0.17569718 0.01489114 0.00248697 0.08939633 0.10496333 0.12664518 0.18374581 0.10068296 0.01438046 0.07657560 0.04481269 0.07243828 0.19584884 0.15660854 0.16766887 0.11804061 0.06995164 0.11821308 -0.01777136 0.16811016 -0.02046752 0.05006007 0.06886262 0.07260521 -0.00213768 -0.00343156 0.07253466 0.14586425 0.04032365 0.08292568 0.00605628 0.08554517 0.20649256 0.25014250 1.00000000 0.29527491 0.37651318 0.37326236 0.26592392 0.31713826 0.26966342 0.15608718 0.33581339 0.21962585 0.26998709 0.07556599 0.06190807 -0.07551870 0.08234440 0.01875539 -0.08533336 -0.04762134 -0.01393430 -0.03425587 0.02072516 0.13306035 0.10751444 0.08113598 0.01725883 0.07187759 -0.04989821 -0.03474500 -0.08472039 -0.02792650 -0.05156778 -0.05123046 -0.06529150 -0.01199015 0.01649099 -0.01372266 -0.09981361
0.10994398 0.04432894 0.04911738 -0.08121266 0.02415177 -0.04524924 0.08505528 0.08358496 -0.05662548 -0.13358585 -0.00181153 0.08247658 0.12903076 0.09429034 -0.08993522 0.08087537 0.14936603 0.11217688 0.10399853 0.18214743 -0.00442482 0.16766763 0.14042703 -0.08956301 0.04759233 0.06417754 0.21397208 0.01994501 0.03106035 0.06118731 0.12735755 0.01642182 0.11635271 -0.02789022 0.21414170 0.10773633 -0.03394914 0.12384864 0.08302009 0.06918815 0.05165121 0.29527491 1.00000000 0.16523395 0.12190014 0.22230161 0.01293367 -0.04828725 0.19773349 0.22608935 -0.01117666 -0.00350420 0.11865760 0.02827922 0.10842513 0.02393585 0.08236671 0.05751913 0.06541552 -0.06102529 0.03174482 0.07611193 0.06309978 -0.00843492 0.07609216 -0.09686847 0.03248573 0.06111166 -0.08948385 -0.06602630 0.04179663 -0.13419025 -0.10753984 -0.10746020 -0.06525786 -0.08551381 -0.08842501 -0.24345028
0.12515217 0.02292609 0.05568928 0.07392319 0.09468333 -0.05958346 0.06272716 0.17016079 -0.12819691 -0.07258376 0.03805741 0.07230545 0.09867673 0.06237242 0.03946171 -0.05911225 0.01769944 -0.03942799 0.03667424 0.12863239 -0.05381888 0.09518488 -0.04207865 -0.09160026 0.11688161 0.03457094 0.04093324 -0.01185101 -0.05827234 -0.04026893 -0.11241728 0.00268770 -0.03574507 -0.06669326 0.07390757 0.15490987 0.08072850 -0.07809808 -0.03831685 0.25880033 0.33839218 0.37651318 0.16523395 1.00000000 0.23922476 0.25017443 0.23058997 0.25445143 0.14672024 0.29290619 0.20761208 0.16606735 0.11846021 0.02029662 0.00095373 -0.00083816 0.08053856 0.04706622 -0.06710703 0.03789845 0.02509197 0.08868294 0.11468883 0.07551152 0.02864188 -0.08605458 0.04811838 -0.07731157 -0.04644870 -0.00535457 0.00110011 0.02559052 -0.08418494 -0.15883788 -0.02278701 -0.08376850 -0.10972317 -0.14523619
-0.00919116 0.04819045 0.04570259 0.01429783 -0.05059948 -0.01433552 0.01108890 0.13136829 0.09834608 0.01964716 -0.02756900 0.15351824 0.02116375 0.00993295 0.12540140 -0.09120606 0.13168519 0.00008214 0.00026409 0.13308115 0.11367438 -0.02494966 0.07068189 0.05601280 0.04957138 -0.06429052 0.01014040 -0.14951004 0.01524929 -0.14379036 0.01106958 0.09355006 -0.14932576 0.07813152 -0.03556359 -0.05655651 -0.05926717 0.03968230 0.05072821 0.18746343 0.18701014 0.37326236 0.12190014 0.23922476 1.00000000 0.11246340 0.22648193 0.21929327 0.21743613 0.27823037 0.10086415 0.12472289 0.13900048 -0.00308281 -0.19045485 0.15911130 -0.06400634 -0.13026766 0.07285704 0.06378156 -0.00498591 -0.11186441 0.06956269 0.00336645 0.00450477 0.03236136 0.07378070 0.09827394 0.02577184 0.04289411 -0.05767568 -0.05617622 0.00416342 -0.06770902 0.07697835 0.05516946 0.04586855 -0.00975626
0.23672181 -0.03507925 0.12407756 0.08923323 0.19475037 -0.01369798 0.22960543 0.24721714 0.12953604 0.01107670 -0.05823019 0.11102660 0.10182044 -0.07513656 0.07971232 -0.09682516 0.03801392 0.03076624 0.10478098 0.13123514 0.01194866 0.06391127 -0.10871014 0.01269474 0.10175426 0.10847112 0.09978934 -0.08125785 -0.20475801 0.04526518 -0.01062565 -0.22177071 -0.00629982 -0.09129434 0.05163272 0.07162780 -0.03709781 -0.13130410 -0.06772268 0.39444078 0.14346435 0.26592392 0.22230161 0.25017443 0.11246340 1.00000000 0.23447563 0.17474864 0.16358799 0.20089556 0.12942998 0.16448797 -0.02221416 0.07620132 0.06418751 0.09373402 0.14215534 0.14494750 0.04110333 0.10284257 0.12320538 0.11803175 0.05741518 0.02721821 0.13130925 -0.07892645 0.15076323 0.08872514 0.11362936 -0.06056091 0.02824965 -0.09245496 -0.08115733 -0.08857358 -0.23688027 0.00964997 -0.14699872 -0.02723740
0.04084506 0.04603225 -0.00940011 0.02242398 0.06090581 -0.05450216 0.09905885 0.02482512 0.07655852 0.02234445 -0.13129080 0.04687523 0.08802824 -0.04166165 0.17966736 -0.26246041 -0.07052083 -0.00399620 0.01532457 0.08645244 0.08740012 -0.04693824 -0.05924572 -0.02325979 0.14551704 0.03156010 0.10296652 -0.12526424 -0.14260031 -0.03248587 -0.02636411 -0.09925663 0.00098882 0.03186893 0.06485776 0.02253589 0.00871171 -0.06592234 -0.04866238 0.34007995 0.33559806 0.31713826 0.01293367 0.23058997 0.22648193 0.23447563 1.00000000 0.28187228 -0.03671971 0.16369652 0.33240731 0.43847141 0.06354675 0.02151123 -0.11529973 0.14368362 0.02765778 0.06334025 -0.03042632 0.08980247 0.00742138 -0.05891230 -0.03550397 0.11237644 0.06074023 -0.10093928 -0.03717504 -0.00792274 -0.02415192 -0.08883462 0.03457350 -0.03841548 0.05066418 -0.03634125 -0.00457976 -0.00111734 -0.01267296 0.09441178
-0.00416279 0.07680584 -0.04620714 0.10781640 -0.08178210 -0.02836691 -0.02186530 0.03799592 0.18156237 0.03364445 -0.14933047 0.00355679 -0.01267496 -0.13080884 0.03982398 -0.23988306 -0.09518962 0.10403997 -0.01052246 0.15102708 0.12948178 -0.06837399 -0.06417219 -0.00651832 0.23750527 -0.08078275 -0.08279346 -0.09453315 -0.15494793 -0.17217973 0.00172115 -0.09942916 -0.09805433 0.05817686 -0.03413048 -0.00257144 -0.09202213 -0.06032008 0.00117675 0.26895844 0.26276255 0.26966342 -0.04828725 0.25445143 0.21929327 0.17474864 0.28187228 1.00000000 0.21361501 0.16412510 0.20608507 0.34215843 0.07467950 -0.03694758 -0.14201091 0.14688062 -0.02013185 -0.08285100 0.09026009 0.09812935 -0.10632060 -0.01068652 0.00275313 0.00231358 0.15301590 -0.07615998 0.01975886 -0.05028154 0.01060736 -0.06172812 0.01996107 -0.07648635 -0.00355498 -0.05713094 0.02470208 0.12327976 0.02043093 0.11233179
0.17018254 0.02148001 -0.03637174 -0.05027478 0.05290498 0.04669208 -0.03833247 0.03829993 0.00429314 -0.15585712 0.00336390 -0.04480452 0.06136740 -0.04070252 -0.02745973 0.01231942 0.08639092 0.09950895 0.04636913 0.20470286 -0.02110405 0.09676783 0.10089242 0.00030465 0.17123096 -0.01585682 0.16771754 0.05100173 -0.01173871 0.00502459 0.03530779 -0.02076568 0.18952243 0.16367230 -0.05601673 0.06045454 -0.03571931 0.14555518 0.26093712 0.11081351 0.12465418 0.15608718 0.19773349 0.14672024 0.21743613 0.16358799 -0.03671971 0.21361501 1.00000000 0.44007636 0.05582260 0.03618343 0.15323001 0.02530528 0.05610240 0.11296562 0.10994159 0.02220609 0.04687843 -0.06305676 -0.10562313 0.10941594 -0.07185336 0.05662510 -0.03883220 -0.03971766 0.13700897 -0.04223965 0.15077943 -0.11704319 0.11491390 -0.24597635 -0.13468217 -0.07834315 -0.06074979 0.11711568 -0.00069422 -0.06013615
0.16533595 0.17538034 -0.06794176 -0.00097850 0.11376522 0.02939480 -0.03014877 0.01671782 -0.03857781 -0.04707592 0.08105125 0.07146874 0.15442334 0.01174338 -0.05655611 0.05413763 0.11451012 0.07243414 0.04773577 0.19026387 0.00992814 0.13308398 0.07036383 0.03374158 0.06881206 -0.01568413 0.14345474 0.04454270 0.04628266 -0.07432354 0.00796585 -0.01243415 0.07897342 0.06697417 0.07208576 0.07152350 0.01645151 0.11170811 0.15621503 0.11708348 0.16706403 0.33581339 0.22608935 0.29290619 0.27823037 0.20089556 0.16369652 0.16412510 0.44007636 1.00000000 0.05548383 0.21793862 0.09786110 0.07991798 0.00583186 0.07522381 0.08553106 0.02362489 -0.01217871 0.01393672 -0.00361437 0.04774071 -0.03172802 0.01977083 0.00395609 -0.07747266 0.06558811 0.03456849 0.03208969 -0.18444379 0.02633897 -0.17673687 -0.02944555 -0.10955514 -0.17053382 0.04336923 -0.07014857 -0.05276260
0.15069635 0.10530203 0.01593629 0.03428391 0.10272055 0.03317731 0.04785833 0.02533175 -0.03440794 0.04192488 0.15082541 -0.07047236 0.08111172 0.08309391 0.11233624 -0.07141363 -0.02356826 -0.00276764 -0.13544745 0.01493051 -0.03274821 -0.16562320 -0.04812290 -0.04434847 0.06484545 -0.06878756 0.11681572 -0.05298697 -0.00838341 -0.15276790 -0.13253096 0.01698701 -0.17872741 -0.01752601 0.07789229 -0.05400370 0.03646687 -0.14682018 -0.12028517 0.15361628 0.37174540 0.21962585 -0.01117666 0.20761208 0.10086415 0.12942998 0.33240731 0.20608507 0.05582260 0.05548383 1.00000000 0.24613622 -0.14548919 -0.08435946 -0.32566188 0.02649210 -0.11702091 -0.06785443 -0.17332434 -0.01117429 -0.19456134 -0.25300092 -0.11148974 -0.12315554 -0.11432638 -0.09043165 -0.01541258 -0.14801150 0.05883139 -0.09152915 -0.05791211 0.01388897 0.00781084 0.03099593 0.10411310 0.10739969 0.08687085 0.10544936
-0.04439330 0.07164421 -0.13067284 0.10080859 -0.03324269 -0.10353332 0.02468627 0.06104286 0.06377431 0.11145246 -0.04432669 0.01103332 -0.02570413 0.00812253 0.14940464 -0.21953060 0.09345588 0.16061825 0.03349789 0.03748462 -0.02864210 -0.05710163 -0.02726586 0.01242442 0.21098954 -0.06383165 -0.04482614 -0.12538610 -0.06982263 -0.15620779 -0.05810934 0.03606771 -0.23399169 0.00862825 0.03539730 0.01237927 0.01509205 -0.04127243 -0.01378614 0.15334431 0.20697011 0.26998709 -0.00350420 0.16606735 0.12472289 0.16448797 0.43847141 0.34215843 0.03618343 0.21793862 0.24613622 1.00000000 -0.08742024 0.08846679 -0.13188836 0.05141720 -0.12848469 -0.03392814 -0.19428600 0.22413603 -0.06245747 -0.15322994 0.01218805 -0.06158807 0.08516435 -0.08459180 0.02366080 -0.14264458 0.04449349 -0.21939896 0.00809924 0.04643513 0.03588929 0.08277635 -0.00725605 -0.01632311 0.06603940 0.14266669
0.00377302 -0.04879000 -0.01049651 0.05841497 -0.10444422 -0.12246688 -0.00684153 -0.02648366 -0.05632783 -0.13713690 -0.00509120 0.01126200 -0.01460165 -0.08362571 -0.08280759 -0.08992485 0.04258670 -0.05952480 0.05300233 0.11586504 0.01348915 0.14858035 -0.09049835 -0.02158826 0.06768081 -0.03888407 -0.01848302 0.07266460 -0.02482427 0.00325911 -0.02940442 0.02761685 0.09257982 0.16489618 -0.06492127 -0.04873842 -0.05006219 0.15087925 0.12240520 -0.05691422 -0.02947061 0.07556599 0.11865760 0.11846021 0.13900048 -0.02221416 0.06354675 0.07467950 0.15323001 0.09786110 -0.14548919 -0.08742024 1.00000000 0.22314876 0.27378216 0.30814986 0.26832142 0.08613469 0.27803077 0.16544743 0.10212398 0.28834210 0.06266590 0.31698906 0.22845718 -0.04435831 0.00296110 0.13250807 -0.02055260 0.08673659 0.03913687 -0.14574178 -0.07973428 -0.06544147 0.01402622 -0.04744048 0.02100865 -0.06661427
-0.05679522 -0.02519502 0.00841888 -0.02355369 0.00116598 0.04426766 0.07032536 0.09333558 0.03167771 0.05341182 0.02726154 -0.00791773 0.03390660 -0.03483972 -0.02258562 -0.03188454 0.13181434 0.01516780 0.18766470 0.17241957 -0.02285970 0.24560471 -0.02912426 0.15629357 0.08418344 0.08008692 0.01893026 0.05741439 -0.08718100 0.07467372 -0.03778819 -0.21328668 -0.04300218 0.09780670 -0.01153026 -0.10066271 0.08069092 0.01361537 0.15090329 -0.01799723 -0.04469745 0.06190807 0.02827922 0.02029662 -0.00308281 0.07620132 0.02151123 -0.03694758 0.02530528 0.07991798 -0.08435946 0.08846679 0.22314876 1.00000000 0.33349345 0.26819049 0.16278374 0.02308548 0.08178079 0.41419278 0.21305823 0.22299838 0.19081642 0.28388653 0.27195701 0.04369598 0.05366550 0.01631628 0.18860493 0.00569398 -0.03635825 0.02807895 0.05690643 0.01659402 -0.02870328 -0.00840181 -0.05243346 0.11922311
0.00731380 -0.11935830 -0.06937813 -0.08789536 -0.03513731 -0.12500216 0.02772554 -0.06463674 -0.11691458 -0.15131178 -0.09896170 -0.03172631 -0.06619035 -0.03095798 -0.20055194 0.03866694 -0.05386720 0.03201092 0.30820306 0.09979957 -0.05456780 0.22022474 0.04496236 0.02804866 0.03753938 0.08722429 0.03337175 0.06137761 -0.03095050 0.14502809 0.05297098 -0.04714996 0.20237355 0.04551378 -0.10804052 0.01262676 -0.03484606 0.07049467 0.15778669 -0.07993125 -0.22962462 -0.07551870 0.10842513 0.00095373 -0.19045485 0.06418751 -0.11529973 -0.14201091 0.05610240 0.00583186 -0.32566188 -0.13188836 0.27378216 0.33349345 1.00000000 0.17241439 0.35295101 0.33180217 0.23674691 0.18461959 0.34571010 0.40025069 0.18920165 0.30776880 0.31859855 -0.02279814 0.10650883 0.10322548 0.03502074 -0.03710284 0.01902005 -0.05617843 0.07158807 -0.13365743 -0.20302489 -0.00567134 -0.21202919 -0.14767832
0.07929123 -0.06814307 0.05699725 -0.01457146 -0.00256195 -0.08399948 0.18300143 -0.01000678 0.07846841 -0.04559827 -0.16725949 0.14161881 0.03782862 -0.02704733 -0.06945005 -0.09113259 0.08244209 -0.02574043 0.14965852 0.09987027 0.05098886 0.07321825 -0.00235389 0.04997394 0.10964167 0.09999253 0.05152630 0.04286633 -0.13512226 -0.19023047 -0.09913615 -0.14380674 -0.08579671 0.12519207 -0.13985715 -0.08819462 -0.06055005 -0.01326318 0.12730503 0.10398823 0.00784022 0.08234440 0.02393585 -0.00083816 0.15911130 0.09373402 0.14368362 0.14688062 0.11296562 0.07522381 0.02649210 0.05141720 0.30814986 0.26819049 0.17241439 1.00000000 0.14724771 0.14193494 0.22796019 0.23511854 0.19870398 0.14620386 0.17540135 0.27110625 0.16014226 -0.03833843 0.15500878 0.19414486 0.09209699 0.09296387 0.11811745 -0.00950384 0.02557125 0.11685651 -0.03446103 0.00870343 0.00763542 0.11682385
0.08544381 -0.05179710 0.02923501 -0.01327578 0.07931463 0.00377039 -0.00582304 0.02197862 -0.04632786 -0.05026726 -0.08112354 0.14503381 -0.03149180 0.01476805 -0.07469667 -0.00130937 0.09727231 0.09474396 0.19911944 0.18991068 -0.01385105 0.24098047 0.06118728 -0.01340374 -0.01559910 0.02598437 0.18950472 0.08176343 -0.01465710 0.19749251 -0.01662238 -0.10684402 0.09102869 0.09262475 -0.05367456 0.05259231 0.09645543 0.09345166 0.20403206 0.04979313 0.01536937 0.01875539 0.08236671 0.08053856 -0.06400634 0.14215534 0.02765778 -0.02013185 0.10994159 0.08553106 -0.11702091 -0.12848469 0.26832142 0.16278374 0.35295101 0.14724771 1.00000000 0.34364385 0.15711267 0.14638688 0.26141683 0.31823586 0.09134171 0.22271640 0.24619386 -0.05200154 0.03883885 0.09034676 0.14253027 0.03688671 0.03824556 -0.10841906 0.10058518 -0.17412077 -0.16745405 -0.09285220 -0.11361931 -0.07343443
0.09249312 -0.08826276 -0.09604146 -0.06323851 -0.08255532 -0.16433127 0.04047813 -0.14348057 -0.10772501 -0.12913852 -0.11163233 -0.03381848 -0.05490060 0.05563482 -0.08107377 -0.09135979 -0.01891508 0.02501337 0.00710088 -0.01532765 -0.00454198 0.04578687 -0.06957669 -0.10269464 0.02042651 0.02614259 -0.01667611 0.09925351 -0.07217950 -0.01141513 -0.00742657 -0.02060788 0.08045954 -0.09439391 -0.14043595 -0.02147939 -0.11276825 0.06517034 0.03046585 0.05134851 -0.04277478 -0.08533336 0.05751913 0.04706622 -0.13026766 0.14494750 0.06334025 -0.08285100 0.02220609 0.02362489 -0.06785443 -0.03392814 0.08613469 0.02308548 0.33180217 0.14193494 0.34364385 1.00000000 0.14064042 0.03968373 0.25626585 0.15424132 0.08599522 0.08170993 0.12889284 -0.06611030 -0.08459833 0.06417443 0.04110425 -0.19675126 0.09173261 -0.10318131 -0.00333475 -0.04674977 -0.13394348 -0.14798485 -0.16993163 -0.26416172
-0.03740736 -0.13159224 -0.00441636 -0.06923404 -0.01687597 -0.00430004 -0.05528538 0.03469190 0.07053752 -0.12873610 -0.09028819 0.01430368 -0.00570493 -0.06513325 -0.12040098 -0.09351465 -0.03609111 -0.05728180 0.12658905 0.05630527 0.04974420 0.03752315 0.01118919 -0.01433302 -0.01011615 0.03509137 0.02841073 0.06469936 -0.05252852 -0.01732496 0.01846163 -0.04336640 0.12547945 0.06570499 -0.18001569 -0.05887778 0.01972144 0.10024773 0.06091771 0.05620400 0.00990829 -0.04762134 0.06541552 -0.06710703 0.07285704 0.04110333 -0.03042632 0.09026009 0.04687843 -0.01217871 -0.17332434 -0.19428600 0.27803077 0.08178079 0.23674691 0.22796019 0.15711267 0.14064042 1.00000000 0.12330687 0.13357450 0.21048406 0.08306456 0.28143376 0.26588563 0.11016046 0.04828007 0.16149355 -0.02981141 0.14210971 0.05429073 -0.16908659 -0.02011946 0.00497862 -0.15867287 0.15242436 0.04002429 0.00986778
-0.09355418 -0.11621644 -0.02125159 -0.00992500 -0.07821488 -0.06008298 0.17644328 0.15541870 0.08975926 0.13664363 -0.02841283 0.10969731 -0.06347339 -0.03323574 0.10347195 -0.02165718 0.11522716 0.05466884 0.12194759 0.10827209 0.00607646 0.14289529 -0.04130850 0.19809105 0.12900888 0.10136887 -0.03295943 0.07374408 -0.04495942 0.02052012 -0.02755028 -0.08732725 -0.14750438 0.08098342 -0.05734233 -0.08008027 -0.00204419 0.06688284 0.03478318 0.11488834 -0.01465483 -0.01393430 -0.06102529 0.03789845 0.06378156 0.10284257 0.08980247 0.09812935 -0.06305676 0.01393672 -0.01117429 0.22413603 0.16544743 0.41419278 0.18461959 0.23511854 0.14638688 0.03968373 0.12330687 1.00000000 0.38220096 0.16596906 0.17117154 0.17789870 0.34851205 0.07256252 0.03867742 0.03721710 0.15982121 0.04636674 0.01633805 0.01749439 0.09681201 0.01081310 0.01597327 -0.05998183 0.01939256 0.25939021
0.02087217 -0.13455072 -0.00330372 -0.05211270 0.06866257 -0.01668523 0.24335039 0.12622367 0.09827672 -0.01799973 -0.10798591 0.16482081 0.07981495 0.07378646 -0.03042011 0.01144965 0.04747879 0.11899275 0.31427866 0.08821392 0.02635056 0.30168117 0.03854378 0.08307987 0.03170533 0.28635225 0.08737043 0.09885353 -0.02572184 0.10518339 0.02135170 -0.09997192 0.05680823 -0.07043496 -0.00890200 0.07314418 0.11796849 0.05204182 0.00478435 0.11198212 -0.20848529 -0.03425587 0.03174482 0.02509197 -0.00498591 0.12320538 0.00742138 -0.10632060 -0.10562313 -0.00361437 -0.19456134 -0.06245747 0.10212398 0.21305823 0.34571010 0.19870398 0.26141683 0.25626585 0.13357450 0.38220096 1.00000000 0.36004440 0.24046063 0.21845224 0.21301590 -0.06510776 0.15000280 0.19947866 -0.01003781 0.00636621 0.04901418 -0.06489903 0.13389744 -0.15137348 -0.19504740 -0.21083120 -0.25010488 -0.09233179
0.12882969 -0.09388949 0.03000928 -0.14303483 0.05584624 0.09722904 0.10701493 0.14052719 0.03858456 -0.11899236 -0.20003932 0.08516146 0.06407632 0.01555380 -0.04207216 -0.03096647 -0.02439876 0.05640813 0.29591493 0.11965993 0.05863787 0.34631724 -0.02814759 0.02279308 -0.01945886 0.17871019 0.10660142 0.10411468 0.00421715 0.23754525 0.12214746 -0.09119834 0.24734793 0.04128675 -0.05309313 0.17599566 0.15877229 0.04087721 0.16668737 0.14949886 -0.06624113 0.02072516 0.07611193 0.08868294 -0.11186441 0.11803175 -0.05891230 -0.01068652 0.10941594 0.04774071 -0.25300092 -0.15322994 0.28834210 0.22299838 0.40025069 0.14620386 0.31823586 0.15424132 0.21048406 0.16596906 0.36004440 1.00000000 0.20047104 0.30162284 0.19349636 0.00804536 0.17270926 0.12907335 0.10692270 0.20355675 0.07485930 -0.01118897 0.07282732 -0.14589349 -0.11034804 -0.05780958 -0.11280408 -0.01789025
0.01613027 -0.02477744 -0.00462096 -0.03095768 -0.06234462 -0.02240940 -0.00417965 0.13247941 -0.04933414 -0.02187715 -0.03794595 -0.04207507 -0.00279949 0.06574469 -0.00695704 -0.01150759 0.02385928 0.00506584 0.06224443 0.03695205 0.02348715 0.18156150 0.05446620 -0.14399985 0.04824798 0.02188454 0.03560649 -0.06498147 -0.04324173 0.12342452 0.00680904 0.00931040 -0.01381256 -0.11435712 0.02813368 0.05492148 0.10460317 0.01000391 0.05121760 0.11414354 -0.01361831 0.13306035 0.06309978 0.11468883 0.06956269 0.05741518 -0.03550397 0.00275313 -0.07185336 -0.03172802 -0.11148974 0.01218805 0.06266590 0.19081642 0.18920165 0.17540135 0.09134171 0.08599522 0.08306456 0.17117154 0.24046063 0.20047104 1.00000000 0.20017297 0.23272841 -0.07151426 0.09998800 0.02970086 -0.06376324 -0.00791016 -0.02331656 0.06785128 -0.07619063 -0.02714505 0.02539071 -0.15627521 -0.00274492 -0.17280986
0.13126341 -0.13285072 0.01566136 -0.09000795 -0.05599126 -0.19433469 0.05361337 -0.05529450 -0.05332651 -0.20078471 -0.00398348 0.00170444 -0.10432072 -0.01745389 0.04786931 0.03368721 -0.07015924 -0.07001528 0.27096609 0.14811723 0.04287241 0.19912369 0.01405788 0.05127688 -0.12607903 0.15536529 0.10803049 0.01253854 0.00815957 0.13630743 -0.03823916 -0.08954831 0.15408538 0.02094433 -0.05168788 -0.02250430 0.08779749 -0.01786224 0.11945986 0.05816549 -0.05158308 0.10751444 -0.00843492 0.07551152 0.00336645 0.02721821 0.11237644 0.00231358 0.05662510 0.01977083 -0.12315554 -0.06158807 0.31698906 0.28388653 0.30776880 0.27110625 0.22271640 0.08170993 0.28143376 0.17789870 0.21845224 0.30162284 0.20017297 1.00000000 0.06677931 0.01749231 -0.00615249 0.04301908 -0.05770466 0.03773472 -0.12879784 -0.01729511 -0.07267699 -0.13390295 -0.08500159 -0.04687545 -0.14666534 -0.06347788
-0.03957955 -0.03502546 -0.09618889 0.03341638 -0.10624751 0.03615664 -0.03125408 0.18176738 0.14124632 0.23927176 -0.07604245 0.01754064 -0.04297690 -0.03019588 0.03180730 -0.08120344 0.12440392 0.05479727 0.18449654 0.14469405 0.03748901 0.08985684 0.09924711 0.06121707 0.13893990 0.02841133 -0.06175872 0.01530955 -0.15547541 0.00294964 0.06282726 -0.11928657 -0.02948926 0.14848049 -0.02949059 -0.11000369 0.05376777 0.08449701 0.04171959 0.01029044 -0.02662227 0.08113598 0.07609216 0.02864188 0.00450477 0.13130925 0.06074023 0.15301590 -0.03883220 0.00395609 -0.11432638 0.08516435 0.22845718 0.27195701 0.31859855 0.16014226 0.24619386 0.12889284 0.26588563 0.34851205 0.21301590 0.19349636 0.23272841 0.06677931 1.00000000 0.09230068 0.23781400 0.20333041 0.15850878 0.08738561 0.12737275 -0.02970349 0.15334891 0.06462540 0.01841512 0.10227662 0.02329788 0.13823039
0.10742387 0.13473827 -0.08667242 0.08202388 -0.17055424 -0.03199150 -0.11054670 0.14600570 0.11443290 0.23755783 0.05878107 0.13084975 0.04097934 -0.02148404 0.08893593 0.14819056 0.09234578 -0.03628022 -0.02725939 0.07214477 0.12730395 -0.00979914 0.16705695 0.19318970 0.02631838 0.08715839 -0.09442363 0.03201950 0.00399182 -0.12378350 0.07579885 0.02824804 -0.00346725 0.13026953 -0.10951369 -0.15993105 -0.05675947 0.03487089 0.04765902 0.01330696 -0.06506286 0.01725883 -0.09686847 -0.08605458 0.03236136 -0.07892645 -0.10093928 -0.07615998 -0.03971766 -0.07747266 -0.09043165 -0.08459180 -0.04435831 0.04369598 -0.02279814 -0.03833843 -0.05200154 -0.06611030 0.11016046 0.07256252 -0.06510776 0.00804536 -0.07151426 0.01749231 0.09230068 1.00000000 0.01688880 0.05298882 0.22782359 0.30014709 0.01214537 0.19386699 0.35912820 0.27003165 0.33934346 0.25574133 0.32851583 0.30135958
0.15020724 -0.01011633 0.05407138 -0.00755262 0.06716901 0.00643110 0.04703513 0.20523537 0.12409120 0.07360032 -0.18592369 0.06297366 0.08651129 0.01637467 0.03250579 0.05887948 0.01316239 0.00219241 0.13273987 0.18482257 0.03612241 0.05597488 0.14272385 0.03686537 0.10975789 0.09890905 -0.04633045 -0.06560779 -0.09765003 -0.11444515 -0.11306636 -0.07449186 -0.10033497 0.11894572 -0.03695556 -0.01014002 0.10837442 0.00094504 0.04667507 0.01576948 -0.06457510 0.07187759 0.03248573 0.04811838 0.07378070 0.15076323 -0.03717504 0.01975886 0.13700897 0.06558811 -0.01541258 0.02366080 0.00296110 0.05366550 0.10650883 0.15500878 0.03883885 -0.08459833 0.04828007 0.03867742 0.15000280 0.17270926 0.09998800 -0.00615249 0.23781400 0.01688880 1.00000000 0.38586300 0.34393139 0.19571217 0.23314805 0.12401238 0.05384573 0.21522556 -0.03541552 0.33317528 0.07842524 0.12499207
0.04755280 -0.01097505 0.16420075 0.07909358 0.08057163 -0.05337474 0.13231682 0.05611536 0.01201897 0.03015638 -0.13403496 0.11053818 -0.01745101 0.03987386 0.11710958 0.01095224 0.09342898 -0.05979666 0.09625137 0.09735309 0.02479819 0.04835038 0.01507738 0.02232050 0.07130131 0.08421102 0.00481871 0.03760857 -0.02439486 -0.00164017 0.01457166 -0.07191733 -0.00206436 0.03488388 -0.00700386 0.03964147 0.05485707 0.04715744 -0.08839585 -0.00884061 -0.14860175 -0.04989821 0.06111166 -0.07731157 0.09827394 0.08872514 -0.00792274 -0.05028154 -0.04223965 0.03456849 -0.14801150 -0.14264458 0.13250807 0.01631628 0.10322548 0.19414486 0.09034676 0.06417443 0.16149355 0.03721710 0.19947866 0.12907335 0.02970086 0.04301908 0.20333041 0.05298882 0.38586300 1.00000000 0.23392266 0.25481281 0.14920050 0.15573929 0.12207301 0.19269451 -0.01307372 0.16667994 -0.02601956 0.11661273
-0.04409931 -0.00359917 0.00051163 -0.03098519 -0.00127252 0.01555831 0.00754736 0.07952023 0.14192945 0.22150669 -0.04584589 0.05474101 0.07265821 0.06485091 0.09142839 -0.01957981 0.17054884 0.10443113 0.07334592 0.14379911 0.07533833 -0.02655724 0.02726476 0.12375691 0.14680367 0.08129946 0.02926933 0.11726561 -0.03163407 -0.07872561 -0.01019494 -0.01554582 -0.13118207 0.27003796 -0.14346302 -0.07346060 -0.03367651 0.14008859 0.05156047 -0.07764058 -0.11524020 -0.03474500 -0.08948385 -0.04644870 0.02577184 0.11362936 -0.02415192 0.01060736 0.15077943 0.03208969 0.05883139 0.04449349 -0.02055260 0.18860493 0.03502074 0.09209699 0.14253027 0.04110425 -0.02981141 0.15982121 -0.01003781 0.10692270 -0.06376324 -0.05770466 0.15850878 0.22782359 0.34393139 0.23392266 1.00000000 0.13470214 0.25286912 0.13629346 0.30797280 0.33944433 0.11016507 0.33224023 0.29286575 0.32782328
-0.02895829 -0.08064293 0.18459783 -0.09978306 0.08359271 0.20393001 0.07307559 0.17537243 0.04862476 0.13630813 -0.03904259 0.16281475 0.01759452 0.10770393 0.08917259 0.09679484 -0.07802891 -0.09702380 0.20069055 0.06226762 0.13112140 0.02614479 0.06856596 0.08450518 -0.14815343 0.13077823 0.06749356 -0.13666889 -0.05118969 0.11307005 -0.05794025 -0.13341402 -0.12656774 -0.06824786 -0.03608368 -0.03460015 0.04894587 -0.20936497 -0.09780435 0.06543230 -0.05206032 -0.08472039 -0.06602630 -0.00535457 0.04289411 -0.06056091 -0.08883462 -0.06172812 -0.11704319 -0.18444379 -0.09152915 -0.21939896 0.08673659 0.00569398 -0.03710284 0.09296387 0.03688671 -0.19675126 0.14210971 0.04636674 0.00636621 0.20355675 -0.00791016 0.03773472 0.08738561 0.30014709 0.19571217 0.25481281 0.13470214 1.00000000 0.05842344 0.30638749 0.14563591 0.14825150 0.12942276 0.20612175 0.15385516 0.24567388
0.00921198 -0.04064147 -0.04696180 -0.10368950 0.03673467 0.16773737 0.09903044 0.00841914 0.01054413 -0.02326227 -0.05568093 0.07067904 0.08039842 -0.03634234 -0.10481309 -0.02798991 0.10718832 0.07780326 0.13384941 0.13536493 -0.02864844 0.22205520 0.06568004 -0.00631032 0.10717102 0.10574363 0.17115714 0.24803525 -0.14849291 -0.05681999 -0.03549582 -0.12452317 0.07056101 0.09168797 0.13665358 0.10142691 0.03263897 0.03993857 0.06266977 0.00218099 -0.03437537 -0.02792650 0.04179663 0.00110011 -0.05767568 0.02824965 0.03457350 0.01996107 0.11491390 0.02633897 -0.05791211 0.00809924 0.03913687 -0.03635825 0.01902005 0.11811745 0.03824556 0.09173261 0.05429073 0.01633805 0.04901418 0.07485930 -0.02331656 -0.12879784 0.12737275 0.01214537 0.23314805 0.14920050 0.25286912 0.05842344 1.00000000 -0.14660635 0.05140306 0.20061626 0.00935349 0.11261388 0.21520624 0.04476868
-0.00465791 -0.00204186 0.08311129 0.14784384 0.00060960 -0.02404770 0.07056171 0.09608391 -0.01370467 0.12641734 0.01561359 0.12529348 0.10722881 0.25278253 0.23240392 0.18598265 -0.04852231 0.12022631 0.03094593 -0.15187093 0.19008495 -0.07333161 0.08610766 0.14601772 0.08909715 0.14977806 -0.07855903 -0.09335570 -0.08127278 0.01881980 -0.12311162 0.04568765 -0.20804101 -0.06850862 0.03034318 0.10730548 0.10157097 -0.11545730 -0.12101386 0.07699093 -0.11232838 -0.05156778 -0.13419025 0.02559052 -0.05617622 -0.09245496 -0.03841548 -0.07648635 -0.24597635 -0.17673687 0.01388897 0.04643513 -0.14574178 0.02807895 -0.05617843 -0.00950384 -0.10841906 -0.10318131 -0.16908659 0.01749439 -0.06489903 -0.01118897 0.06785128 -0.01729511 -0.02970349 0.19386699 0.12401238 0.15573929 0.13629346 0.30638749 -0.14660635 1.00000000 0.05959742 0.27996274 0.18739124 0.04897580 -0.02159971 0.27131496
-0.04305428 0.02339718 -0.02906442 -0.11806424 0.01099048 0.14480679 0.01165663 0.02342149 0.12482673 0.25703399 0.05265085 0.08590607 -0.07014956 -0.08166595 -0.02508599 -0.03717334 0.02324500 -0.00911132 0.09080289 0.07343682 0.06740535 -0.01182520 0.03791959 0.08103857 0.03739143 0.08244834 -0.04167446 0.09887191 -0.00147694 -0.11567260 0.10073349 0.06376771 0.03992003 0.16170935 -0.05144433 -0.15764608 -0.09116625 0.06913083 0.07961553 0.07318714 0.02309156 -0.05123046 -0.10753984 -0.08418494 0.00416342 -0.08115733 0.05066418 -0.00355498 -0.13468217 -0.02944555 0.00781084 0.03588929 -0.07973428 0.05690643 0.07158807 0.02557125 0.10058518 -0.00333475 -0.02011946 0.09681201 0.13389744 0.07282732 -0.07619063 -0.07267699 0.15334891 0.35912820 0.05384573 0.12207301 0.30797280 0.14563591 0.05140306 0.05959742 1.00000000 0.07066147 0.24050318 0.21716263 0.32435176 0.26115632
-0.03046502 -0.00023186 0.02574760 0.06942474 -0.10133998 -0.10168414 -0.02823133 -0.06227271 0.06346304 0.03682782 -0.07460786 0.01959569 0.02228367 -0.03477630 0.07834311 0.01972906 0.10237734 -0.05796254 -0.02094386 -0.05267494 0.02163417 -0.18977920 0.08388064 0.09522276 0.09934788 -0.00314902 -0.13109004 0.09763457 -0.05583994 -0.19202065 -0.08234762 0.04213521 -0.24826621 0.13045818 -0.07695208 -0.05907052 -0.05112487 0.07689668 -0.10497370 -0.14760707 -0.16594382 -0.06529150 -0.10746020 -0.15883788 -0.06770902 -0.08857358 -0.03634125 -0.05713094 -0.07834315 -0.10955514 0.03099593 0.08277635 -0.06544147 0.01659402 -0.13365743 0.11685651 -0.17412077 -0.04674977 0.00497862 0.01081310 -0.15137348 -0.14589349 -0.02714505 -0.13390295 0.06462540 0.27003165 0.21522556 0.19269451 0.33944433 0.14825150 0.20061626 0.27996274 0.07066147 1.00000000 0.24524685 0.26518333 0.33896109 0.38770073
-0.15066014 0.07149809 -0.00117933 0.05924017 -0.22295235 0.04346430 -0.04250718 0.09205151 0.05799452 0.14974715 0.08061858 -0.05392955 0.00899387 0.00945395 0.07449848 0.05299051 0.01905618 -0.06674685 -0.16788196 -0.08890264 -0.00329564 -0.14384487 0.08358213 0.05407595 0.09994570 -0.15885286 -0.06986212 -0.07591897 0.00938640 -0.16760542 0.03535096 0.10205080 -0.15264823 0.10272783 -0.04573500 -0.15981565 -0.03397967 -0.01172321 -0.04053267 -0.09508482 0.02385494 -0.01199015 -0.06525786 -0.02278701 0.07697835 -0.23688027 -0.00457976 0.02470208 -0.06074979 -0.17053382 0.10411310 -0.00725605 0.01402622 -0.02870328 -0.20302489 -0.03446103 -0.16745405 -0.13394348 -0.15867287 0.01597327 -0.19504740 -0.11034804 0.02539071 -0.08500159 0.01841512 0.33934346 -0.03541552 -0.01307372 0.11016507 0.12942276 0.00935349 0.18739124 0.24050318 0.24524685 1.00000000 0.21124697 0.40152378 0.19127793
0.08136712 -0.03514632 0.10740141 0.00833843 -0.01820290 0.13412156 -0.04449846 0.02558291 0.10098382 0.08581864 -0.05694003 -0.09437140 0.05088102 -0.06450950 0.07380737 0.09385234 -0.00986768 -0.02638042 -0.06521586 0.02710642 0.07383591 -0.19034707 0.07539482 0.14614672 -0.00327489 -0.01176053 0.07543335 0.02032031 -0.02005169 -0.15044884 0.00690170 0.00272750 0.01247984 0.17335761 -0.10922070 -0.01687569 0.00721069 -0.00679369 0.02161224 -0.02008043 -0.09929831 0.01649099 -0.08551381 -0.08376850 0.05516946 0.00964997 -0.00111734 0.12327976 0.11711568 0.04336923 0.10739969 -0.01632311 -0.04744048 -0.00840181 -0.00567134 0.00870343 -0.09285220 -0.14798485 0.15242436 -0.05998183 -0.21083120 -0.05780958 -0.15627521 -0.04687545 0.10227662 0.25574133 0.33317528 0.16667994 0.33224023 0.20612175 0.11261388 0.04897580 0.21716263 0.26518333 0.21124697 1.00000000 0.25488050 0.37942839
-0.04262057 0.10191304 0.01334509 -0.07983627 -0.07210838 0.14079500 -0.00476566 0.06872970 0.17325210 0.14658327 0.05964265 0.06107787 0.10021791 -0.08084429 -0.02180794 -0.01591050 0.03372498 -0.00924512 -0.07339307 0.02813409 0.08067757 -0.08379947 -0.00495414 -0.02173108 0.00277079 -0.09530628 -0.07915968 0.09242288 0.04443411 -0.14171885 -0.09690205 0.10955677 -0.18013041 0.19790288 -0.09843910 -0.15819992 -0.03580723 0.08759262 0.13131274 -0.06663525 -0.02268667 -0.01372266 -0.08842501 -0.10972317 0.04586855 -0.14699872 -0.01267296 0.02043093 -0.00069422 -0.07014857 0.08687085 0.06603940 0.02100865 -0.05243346 -0.21202919 0.00763542 -0.11361931 -0.16993163 0.04002429 0.01939256 -0.25010488 -0.11280408 -0.00274492 -0.14666534 0.02329788 0.32851583 0.07842524 -0.02601956 0.29286575 0.15385516 0.21520624 -0.02159971 0.32435176 0.33896109 0.40152378 0.25488050 1.00000000 0.17299222
-0.02863553 -0.03546893 0.11979149 0.03954051 -0.05448458 0.15988612 0.02160767 0.02894095 0.22487210 0.25160338 -0.09433655 0.01727903 -0.02909466 -0.14800019 0.11680915 -0.00004667 0.08615456 0.04599261 0.01058734 -0.02645454 0.04791087 -0.12310449 -0.00754134 0.17011150 0.07239350 0.05125066 -0.04255179 0.04930850 -0.09352352 -0.09983136 -0.05383781 -0.11801163 -0.11700348 0.13695021 -0.07065599 -0.02906883 0.05598135 0.01718909 -0.06528802 0.05508966 -0.06011247 -0.09981361 -0.24345028 -0.14523619 -0.00975626 -0.02723740 0.09441178 0.11233179 -0.06013615 -0.05276260 0.10544936 0.14266669 -0.06661427 0.11922311 -0.14767832 0.11682385 -0.07343443 -0.26416172 0.00986778 0.25939021 -0.09233179 -0.01789025 -0.17280986 -0.06347788 0.13823039 0.30135958 0.12499207 0.11661273 0.32782328 0.24567388 0.04476868 0.27131496 0.26115632 0.38770073 0.19127793 0.37942839 0.17299222 1.00000000
