1.00000000 0.64697037 0.39207724 0.52675232 0.55436366 0.43431515 0.35430583 0.52336386 0.29089682 0.37653976 0.61225905 0.37326315 0.41739921 0.55720484 0.53393770 0.20323902 0.12611857 0.41563349 0.40117237 0.38884884 0.32130151 0.11339616 0.27978317 0.26178988 0.17901200 0.35624143 0.44770063 0.31339937 0.27986324 0.29936389 0.43389013 0.44228331 0.32364139 0.19343749 0.33601525 0.53893107 0.29933312 0.25721678 0.18338935 0.52280820 0.42978537 0.36601227 0.36666747 0.45618154 0.47528409 0.31102223 0.21013844 0.26865439 0.25063610 0.26989350 0.39056796 0.35064363 0.26795989 0.27257835 0.13424758 0.35274456 0.33004228 0.41402133 0.37127730 0.40357499 0.27914399 0.27414139 0.31697851 0.28231848 0.31433359 0.25664902 0.20136732 0.14212059 0.08750706 0.27424556 0.18134027 0.37298745 0.11497574 0.34342346 0.32857929 0.24124271 0.02388906 0.50690579
0.64697037 1.00000000 0.56424118 0.66336414 0.54127435 0.48021327 0.41947022 0.70040299 0.56763362 0.58343770 0.67648733 0.51307070 0.54822730 0.68416915 0.61243865 0.30418920 0.27797788 0.42016282 0.40428084 0.45160310 0.54366149 0.29916689 0.38627716 0.44454717 0.36726387 0.46641659 0.42765034 0.50605133 0.46282802 0.43205645 0.48949582 0.46706155 0.23169914 0.18414475 0.18748892 0.57609407 0.54833630 0.30504225 0.32545600 0.62229325 0.53813372 0.43674476 0.33669478 0.36558594 0.52056154 0.33081676 0.40460811 0.30036019 0.34391168 0.34233121 0.40009029 0.34932856 0.36207543 0.39657676 0.25342387 0.39245411 0.42851297 0.31655191 0.44075393 0.47097338 0.26202606 0.36673799 0.41006457 0.31642423 0.43576702 0.33176059 0.35986675 0.26395139 0.24446773 0.41180690 0.17951166 0.18819164 0.22945631 0.26679831 0.27905295 0.36126931 0.20963372 0.56017168
0.39207724 0.56424118 1.00000000 0.75905749 0.50016922 0.70138070 0.72855705 0.74306610 0.77205620 0.74044538 0.40510071 0.77516512 0.70674980 0.62343807 0.43602375 0.44206729 0.58668305 0.56729902 0.44536955 0.61179974 0.60140940 0.66242314 0.52423601 0.74202902 0.68652581 0.67313856 0.52836287 0.63314987 0.70391051 0.69060710 0.34844217 0.29017441 0.37026485 0.35549295 -0.04425897 0.40404610 0.67774383 0.57843102 0.60473092 0.55868670 0.44536802 0.44640315 0.41957584 0.34386416 0.62540531 0.59625833 0.70387430 0.44170984 0.55392868 0.50310613 0.32397730 0.32712126 0.61544018 0.43218954 0.60812812 0.58618670 0.61856734 0.21661205 0.58990622 0.56908738 0.47348602 0.60874227 0.65779483 0.59700601 0.68275462 0.64742774 0.70883163 0.62667853 0.69363260 0.62689027 0.52481617 0.25408037 0.67875970 0.49290340 0.48641396 0.69448466 0.61895424 0.60985782
0.52675232 0.66336414 0.75905749 1.00000000 0.57982267 0.61200988 0.67699981 0.72242206 0.65689059 0.62731439 0.59402808 0.73859981 0.61283950 0.64008216 0.55920830 0.42751896 0.54164613 0.57441715 0.49371143 0.64920612 0.55433977 0.53666035 0.45168198 0.67271506 0.58080663 0.57936127 0.51467381 0.59394629 0.58414447 0.65778585 0.40232388 0.38407408 0.39083073 0.26907163 0.14600217 0.45612674 0.65561011 0.47385771 0.48263046 0.59685851 0.45748569 0.42766021 0.46180465 0.38320374 0.60856573 0.60505623 0.57283392 0.35445462 0.44725070 0.44565875 0.43598290 0.33741741 0.51560996 0.39426740 0.48991561 0.54877307 0.53164068 0.24708338 0.54873580 0.50723004 0.40085125 0.50671586 0.60057065 0.53361410 0.58667974 0.51535377 0.54575558 0.46928524 0.52498537 0.47567981 0.40215968 0.34737184 0.53934228 0.45246584 0.42923539 0.58130275 0.43098264 0.60733696
0.55436366 0.54127435 0.50016922 0.57982267 1.00000000 0.41346115 0.32599936 0.44439335 0.33677846 0.53713771 0.70226586 0.46224518 0.36243677 0.39295202 0.47415789 0.13061479 0.13506152 0.33519874 0.35813315 0.32745458 0.23327366 0.12504095 0.16137536 0.28257493 0.13610783 0.23174088 0.27547611 0.28541840 0.36071786 0.39367302 0.34587454 0.47870840 0.18159485 -0.02533403 0.13930870 0.48335095 0.30651537 0.12173522 0.11894380 0.39655539 0.35921523 0.22365498 0.23194184 0.40930329 0.41371496 0.24400435 0.21542639 0.11564628 0.12794167 0.19746276 0.42251673 0.15379471 0.24152194 0.28468565 0.16517245 0.33814982 0.32242169 0.40844632 0.21601712 0.29984636 0.21494740 0.17966347 0.36082577 0.19092222 0.24485221 0.12448365 0.23030710 0.08589950 0.08677035 0.24040247 0.06576655 0.42114628 0.28208173 0.38022864 0.30637969 0.18798409 -0.00929663 0.44892009
0.43431515 0.48021327 0.70138070 0.61200988 0.41346115 1.00000000 0.64328829 0.68119695 0.65467653 0.50499582 0.42264098 0.54666001 0.71219619 0.58376953 0.39491912 0.47439215 0.54264742 0.70798638 0.57422928 0.58317760 0.44187985 0.58396056 0.60214843 0.57061349 0.62369747 0.68992637 0.65355600 0.63126071 0.57734544 0.56982862 0.38248598 0.25908713 0.57252840 0.58820187 0.24370974 0.40648325 0.53654176 0.67700050 0.63284567 0.51366683 0.50722967 0.51517252 0.56935103 0.42114535 0.62326001 0.54944735 0.53470042 0.59959876 0.68408392 0.60907640 0.23355523 0.45755543 0.58382291 0.41037282 0.53651590 0.59345285 0.58639273 0.30523142 0.60729595 0.66017992 0.64554485 0.53829408 0.57400489 0.65120188 0.70370090 0.65097360 0.64913368 0.57711521 0.57696439 0.56495056 0.55468172 0.24135142 0.59197436 0.45451309 0.49378945 0.60557198 0.56661750 0.55509988
0.35430583 0.41947022 0.72855705 0.67699981 0.32599936 0.64328829 1.00000000 0.66874109 0.59006824 0.50461335 0.29095437 0.69512131 0.73712425 0.51027512 0.25200181 0.55220760 0.65274299 0.54032053 0.44243609 0.65002676 0.48787479 0.66935787 0.63287249 0.59435487 0.72233992 0.61564214 0.49856985 0.51931146 0.52533293 0.50106466 0.25404783 0.09108732 0.41901628 0.47895603 0.08262266 0.28224011 0.58837868 0.62572013 0.64373420 0.45497199 0.39044393 0.48581452 0.47174142 0.22761402 0.49147249 0.57349711 0.59973679 0.44303092 0.60020138 0.56412007 0.18778804 0.44073903 0.47345894 0.34239444 0.50674922 0.45905043 0.44277204 0.03508168 0.53585751 0.49749490 0.39476916 0.53588838 0.52590440 0.54400116 0.62686700 0.65604768 0.59677483 0.60241665 0.66482177 0.54484999 0.51077364 0.15899138 0.56626833 0.38133948 0.38568200 0.62362205 0.67723729 0.41053312
0.52336386 0.70040299 0.74306610 0.72242206 0.44439335 0.68119695 0.66874109 1.00000000 0.74392140 0.67981168 0.55478252 0.74701725 0.75162171 0.68670821 0.46839178 0.51907579 0.57924385 0.64601678 0.60257230 0.65690117 0.68136805 0.60240985 0.63167552 0.63093325 0.67964841 0.64672122 0.56112220 0.58451457 0.60679186 0.53335963 0.46258015 0.32990184 0.37861486 0.40815256 0.12541043 0.54986716 0.67775089 0.55413118 0.62430783 0.62016136 0.50839159 0.55482896 0.45429646 0.33590440 0.63032387 0.50651244 0.62521387 0.40778452 0.60242810 0.57381709 0.36001698 0.43711883 0.51358317 0.45373696 0.48126062 0.51175394 0.55414645 0.20389875 0.57696278 0.61293930 0.41998362 0.56425461 0.56967718 0.51990934 0.61675530 0.57310247 0.58111200 0.56769543 0.54924230 0.61513559 0.47879202 0.20428645 0.54621442 0.35278752 0.37073299 0.55717143 0.55428612 0.58223871
0.29089682 0.56763362 0.77205620 0.65689059 0.33677846 0.65467653 0.59006824 0.74392140 1.00000000 0.72562290 0.35069667 0.68261407 0.68459839 0.60366049 0.34387404 0.42775583 0.59392415 0.56832323 0.43866498 0.56080621 0.70646553 0.70347905 0.51412350 0.72546078 0.68328641 0.68847663 0.46856243 0.63274833 0.67230793 0.63014109 0.31659774 0.21661695 0.28720810 0.32182199 -0.13830785 0.34388951 0.66887380 0.49682259 0.65806723 0.53835014 0.40820729 0.37347397 0.33548594 0.17719584 0.53986827 0.49137602 0.71651572 0.40812720 0.57613035 0.48279075 0.18732770 0.28894456 0.61169748 0.46088163 0.59563848 0.54518156 0.62545801 0.08777529 0.57669193 0.54936598 0.43160690 0.60197054 0.58624298 0.54443417 0.68254059 0.61771585 0.71918677 0.62639488 0.66972943 0.64863797 0.53466184 0.09728680 0.66320048 0.35283289 0.36517247 0.62377272 0.63831688 0.57216934
0.37653976 0.58343770 0.74044538 0.62731439 0.53713771 0.50499582 0.50461335 0.67981168 0.72562290 1.00000000 0.56175071 0.75330368 0.61254327 0.59033597 0.45930554 0.35527543 0.51898264 0.44196660 0.37427446 0.48262130 0.61066367 0.57099536 0.47045322 0.62969636 0.57814160 0.49980837 0.36713019 0.48615582 0.65072624 0.55412972 0.28491462 0.35738947 0.15466548 0.08951617 -0.13455983 0.46714680 0.60882764 0.36997924 0.45036646 0.51913241 0.35210951 0.30436124 0.18266023 0.17076584 0.48752976 0.36735972 0.61031167 0.16329927 0.37714606 0.38253211 0.32248286 0.20071079 0.44976881 0.37661128 0.41544120 0.41644590 0.51223303 0.09525732 0.43477372 0.42652199 0.21852924 0.47544884 0.50040907 0.35352379 0.52737188 0.37613220 0.53244104 0.39368932 0.44918736 0.53630838 0.30522577 0.13151616 0.54724706 0.26800373 0.29195626 0.46719529 0.46230717 0.49343286
0.61225905 0.67648733 0.40510071 0.59402808 0.70226586 0.42264098 0.29095437 0.55478252 0.35069667 0.56175071 1.00000000 0.50323332 0.42722204 0.48843472 0.52272377 0.23112372 0.21012565 0.37231946 0.38749011 0.43275819 0.32031570 0.12392812 0.25846592 0.27986390 0.23447458 0.23108499 0.33162189 0.34192492 0.38372353 0.34154899 0.40603725 0.55732794 0.25420030 0.07185509 0.25027887 0.57146797 0.41392589 0.21328664 0.16770619 0.48808651 0.45428123 0.36211871 0.29954478 0.38035328 0.45163201 0.21917804 0.18084661 0.09613809 0.18271012 0.29970574 0.53422738 0.24714573 0.20313788 0.28813307 0.09463860 0.34998499 0.29462259 0.36066185 0.27484486 0.35826659 0.20745094 0.18988064 0.37352651 0.20269592 0.27127965 0.09634492 0.18147199 0.03324256 0.01562051 0.19711968 0.03423125 0.33742448 0.19437046 0.25200930 0.26505040 0.20320517 0.00807169 0.43248281
0.37326315 0.51307070 0.77516512 0.73859981 0.46224518 0.54666001 0.69512131 0.74701725 0.68261407 0.75330368 0.50323332 1.00000000 0.70003875 0.53343165 0.38959328 0.53506448 0.67879425 0.56161202 0.54642021 0.71282224 0.60164317 0.65666317 0.56660625 0.66813135 0.72740383 0.54607951 0.45457543 0.50946219 0.61151068 0.56753885 0.28519207 0.30959643 0.36567500 0.25439828 -0.01367692 0.46812107 0.66006037 0.49242470 0.61879289 0.53023457 0.44110608 0.45162387 0.39637368 0.24060117 0.56471217 0.52574146 0.63456394 0.25297612 0.47724701 0.55560831 0.42494968 0.36511046 0.45802343 0.40683994 0.46127360 0.50915271 0.48633337 0.08866080 0.50035422 0.48324298 0.30655938 0.48135151 0.58444722 0.48014118 0.57806765 0.48649918 0.56288490 0.52154362 0.55958249 0.54182272 0.43967174 0.26610451 0.64870055 0.35288358 0.35509072 0.54685542 0.57784470 0.49603501
0.41739921 0.54822730 0.70674980 0.61283950 0.36243677 0.71219619 0.73712425 0.75162171 0.68459839 0.61254327 0.42722204 0.70003875 1.00000000 0.58603235 0.27518194 0.57536181 0.66035712 0.58352245 0.49901632 0.65742500 0.53937578 0.64531424 0.68672310 0.56287048 0.74370270 0.63513065 0.60976903 0.54959394 0.56329300 0.48469560 0.33760257 0.19264659 0.46632410 0.50771726 0.13121099 0.38786966 0.61456107 0.63846180 0.70284242 0.52763316 0.53311957 0.55150038 0.46781665 0.27811791 0.51264733 0.47353289 0.58479380 0.45518331 0.65986669 0.64823400 0.19777442 0.50896533 0.48512012 0.36967830 0.44090113 0.46968923 0.48274557 0.06774705 0.55917460 0.57607158 0.40749961 0.51276717 0.49761301 0.53102568 0.65950004 0.62654325 0.60160425 0.56965662 0.59746782 0.60777978 0.46694476 0.13201159 0.57979401 0.31983698 0.32405215 0.57295699 0.66376812 0.47719116
0.55720484 0.68416915 0.62343807 0.64008216 0.39295202 0.58376953 0.51027512 0.68670821 0.60366049 0.59033597 0.48843472 0.53343165 0.58603235 1.00000000 0.64189349 0.42015082 0.46517736 0.60669631 0.45301968 0.53307120 0.66920417 0.52163723 0.54681895 0.67014001 0.56727587 0.70661536 0.55459316 0.57804117 0.55969705 0.55901811 0.46840206 0.36384379 0.30667734 0.29018221 0.10411181 0.51107639 0.61283092 0.45529556 0.44701773 0.67476622 0.42872708 0.40560535 0.33870778 0.37620047 0.59510898 0.51734249 0.57194549 0.40229000 0.47411527 0.37788928 0.32655351 0.35423227 0.57421649 0.44673673 0.48931799 0.55805106 0.61618366 0.28408822 0.63625303 0.58585213 0.39727259 0.59528785 0.56376499 0.51577963 0.63050984 0.54079692 0.53371401 0.47547895 0.49781779 0.60916745 0.39314231 0.22526054 0.41676261 0.34710501 0.37634309 0.55899150 0.42062913 0.64059816
0.53393770 0.61243865 0.43602375 0.55920830 0.47415789 0.39491912 0.25200181 0.46839178 0.34387404 0.45930554 0.52272377 0.38959328 0.27518194 0.64189349 1.00000000 0.15508380 0.25790156 0.43142822 0.43585742 0.34777150 0.46437554 0.27454943 0.24131591 0.50688493 0.27557821 0.42306768 0.35731645 0.41173643 0.39797251 0.45362814 0.31209606 0.47128050 0.20351106 -0.00279493 0.19392459 0.50366151 0.38743657 0.17473736 0.14711408 0.53968036 0.35275046 0.21036161 0.24582687 0.36233622 0.48115273 0.37240402 0.34199949 0.16768004 0.14351772 0.15879426 0.42714643 0.13633674 0.34888988 0.38101000 0.27070406 0.41587088 0.42031364 0.39894623 0.38603929 0.38612043 0.26995120 0.33504801 0.41768336 0.31688453 0.35445035 0.19171430 0.30719300 0.18435513 0.17306042 0.27249314 0.12173826 0.30341165 0.18807698 0.29304288 0.28382897 0.29665300 0.04827293 0.52811923
0.20323902 0.30418920 0.44206729 0.42751896 0.13061479 0.47439215 0.55220760 0.51907579 0.42775583 0.35527543 0.23112372 0.53506448 0.57536181 0.42015082 0.15508380 1.00000000 0.67314554 0.53870785 0.52007234 0.64031688 0.44961595 0.58809526 0.68216918 0.47652502 0.70534542 0.47682630 0.48435659 0.41449263 0.43752569 0.33860863 0.26983054 0.10406906 0.44674007 0.45197628 0.16081650 0.25288098 0.52894561 0.52761289 0.59708513 0.32201119 0.33921946 0.43702709 0.38321768 0.10598804 0.36541847 0.43221798 0.45684806 0.30981697 0.56310580 0.54450195 0.19805348 0.41766460 0.32400932 0.24095170 0.34664244 0.30282746 0.29219378 -0.05011710 0.42414369 0.37885428 0.23167848 0.34526926 0.35230754 0.39097032 0.46675936 0.49687233 0.40101596 0.50529353 0.49348938 0.46945682 0.46140491 0.06997088 0.47364591 0.18844907 0.26357410 0.45045358 0.60320452 0.27105512
0.12611857 0.27797788 0.58668305 0.54164613 0.13506152 0.54264742 0.65274299 0.57924385 0.59392415 0.51898264 0.21012565 0.67879425 0.66035712 0.46517736 0.25790156 0.67314554 1.00000000 0.64354857 0.54482113 0.72445806 0.52689130 0.84761201 0.67727298 0.68712786 0.87085261 0.60115791 0.52923358 0.51087698 0.50893981 0.46777975 0.11594482 0.04890803 0.44103601 0.38248956 0.06261247 0.23129170 0.63319163 0.57250634 0.72830128 0.40118231 0.35808474 0.37905191 0.37440514 0.03689292 0.41249975 0.49848803 0.58378662 0.31683882 0.59027454 0.62155278 0.13174035 0.35051666 0.44603512 0.37770423 0.50391425 0.44022483 0.42924442 -0.11945035 0.48290937 0.46348395 0.35304061 0.46246580 0.49497756 0.51503600 0.63165125 0.55343237 0.62994678 0.58205597 0.64501657 0.51520881 0.47555250 0.02903563 0.62062707 0.22753572 0.19569313 0.56738953 0.70384391 0.31360350
0.41563349 0.42016282 0.56729902 0.57441715 0.33519874 0.70798638 0.54032053 0.64601678 0.56832323 0.44196660 0.37231946 0.56161202 0.58352245 0.60669631 0.43142822 0.53870785 0.64354857 1.00000000 0.74188951 0.68332459 0.50710431 0.61678162 0.63175929 0.59034844 0.64254155 0.69964967 0.62737208 0.59510629 0.49279722 0.50132391 0.36539701 0.26578113 0.57288784 0.50454137 0.23704345 0.45976169 0.52000431 0.58346343 0.64847096 0.52185213 0.51272333 0.50432171 0.55030005 0.40071323 0.61373405 0.52289489 0.48849366 0.50506681 0.63747066 0.60329301 0.35155629 0.45143095 0.58151855 0.47738938 0.51487979 0.60530559 0.61070205 0.30468143 0.60021097 0.65834188 0.60915943 0.52278933 0.55199712 0.62783017 0.67454016 0.55857627 0.62580987 0.50820319 0.52381567 0.51348313 0.51484887 0.27395704 0.55792150 0.43818196 0.41857010 0.51513112 0.48278498 0.56807739
0.40117237 0.40428084 0.44536955 0.49371143 0.35813315 0.57422928 0.44243609 0.60257230 0.43866498 0.37427446 0.38749011 0.54642021 0.49901632 0.45301968 0.43585742 0.52007234 0.54482113 0.74188951 1.00000000 0.67732849 0.47206029 0.49435980 0.54188227 0.45794906 0.51756843 0.53757320 0.52684023 0.45310897 0.36456389 0.41637743 0.37950769 0.27915940 0.49566432 0.37307674 0.30204966 0.52534084 0.42928899 0.43123669 0.55993789 0.45701035 0.47504402 0.49320648 0.53698325 0.36923842 0.57725232 0.42947761 0.39758935 0.35449736 0.52713564 0.57474870 0.41742373 0.46848270 0.40234512 0.47851600 0.37291882 0.47851857 0.45840889 0.28761359 0.46968031 0.54225501 0.43755649 0.35243208 0.46138454 0.46922183 0.48835673 0.39801136 0.47476366 0.45319813 0.37641281 0.45631493 0.45194477 0.35652873 0.46220873 0.37890465 0.33625541 0.36377163 0.35349946 0.49214056
0.38884884 0.45160310 0.61179974 0.64920612 0.32745458 0.58317760 0.65002676 0.65690117 0.56080621 0.48262130 0.43275819 0.71282224 0.65742500 0.53307120 0.34777150 0.64031688 0.72445806 0.68332459 0.67732849 1.00000000 0.55041441 0.63686623 0.65682351 0.60461331 0.76749289 0.62035593 0.54841621 0.56873123 0.51605873 0.50508399 0.35102543 0.31664480 0.59724377 0.46844442 0.21448894 0.43192504 0.63129151 0.57546415 0.68692909 0.52498729 0.58234746 0.57605801 0.59299958 0.34272707 0.59158639 0.58405881 0.54688979 0.43148674 0.57960734 0.65941432 0.49126681 0.53959204 0.48416768 0.43006845 0.43144975 0.57048354 0.46839746 0.19004755 0.55370246 0.56088968 0.45501674 0.43638824 0.58545446 0.54348298 0.60921210 0.57293660 0.55509499 0.52150778 0.56486258 0.49662692 0.53301749 0.35946359 0.57432569 0.44328756 0.43373408 0.55815077 0.56324677 0.52215573
0.32130151 0.54366149 0.60140940 0.55433977 0.23327366 0.44187985 0.48787479 0.68136805 0.70646553 0.61066367 0.32031570 0.60164317 0.53937578 0.66920417 0.46437554 0.44961595 0.52689130 0.50710431 0.47206029 0.55041441 1.00000000 0.62880044 0.47919671 0.71033095 0.62110353 0.62632429 0.35980339 0.47086371 0.59225145 0.50840786 0.37306898 0.27694585 0.17993058 0.20866399 -0.10438693 0.43148267 0.60329621 0.34656244 0.53427049 0.55799327 0.33785800 0.34664959 0.24567654 0.12424371 0.50331223 0.42194953 0.65848823 0.23548452 0.41637123 0.35971889 0.30735580 0.27354291 0.51139890 0.43723929 0.49196119 0.42715632 0.54188366 0.10115396 0.53373762 0.50385835 0.23394660 0.55107253 0.48538414 0.40039595 0.55816787 0.47205031 0.52180894 0.53022263 0.53123590 0.60901668 0.46814922 0.16936760 0.48231303 0.27228350 0.32277584 0.49241983 0.52799674 0.54161018
0.11339616 0.29916689 0.66242314 0.53666035 0.12504095 0.58396056 0.66935787 0.60240985 0.70347905 0.57099536 0.12392812 0.65666317 0.64531424 0.52163723 0.27454943 0.58809526 0.84761201 0.61678162 0.49435980 0.63686623 0.62880044 1.00000000 0.68397130 0.77108122 0.86261785 0.66853757 0.49321421 0.54217099 0.56647125 0.53428338 0.13025226 0.02922436 0.34629512 0.36349454 -0.07394069 0.18684905 0.63265304 0.55115902 0.73167372 0.42197548 0.28307907 0.31681929 0.32634824 0.04104954 0.45649585 0.55645463 0.70946301 0.37995931 0.61292342 0.55646857 0.04107566 0.28637001 0.53523021 0.35921230 0.61200827 0.45636144 0.51846457 -0.10805016 0.52423858 0.48085350 0.39574560 0.58606363 0.54532400 0.53314293 0.68896193 0.64979815 0.71449971 0.68528576 0.73620175 0.60161224 0.56440093 -0.03973015 0.65651127 0.27721475 0.26376407 0.64562575 0.76335500 0.34716492
0.27978317 0.38627716 0.52423601 0.45168198 0.16137536 0.60214843 0.63287249 0.63167552 0.51412350 0.47045322 0.25846592 0.56660625 0.68672310 0.54681895 0.24131591 0.68216918 0.67727298 0.63175929 0.54188227 0.65682351 0.47919671 0.68397130 1.00000000 0.48065293 0.76351026 0.56794227 0.56170812 0.47583369 0.44767585 0.31697072 0.29028455 0.10808710 0.47885120 0.53296826 0.21180842 0.32818031 0.54098376 0.64446425 0.68619408 0.40563151 0.37849155 0.49901501 0.42411852 0.16395852 0.42483271 0.43698396 0.51704662 0.42014313 0.69580632 0.63788934 0.11582064 0.50541351 0.36786319 0.24222191 0.36592264 0.30993059 0.36775954 -0.03679944 0.48944498 0.49057219 0.31717621 0.46769258 0.35627291 0.43762772 0.57804975 0.57479400 0.49043338 0.51274736 0.52747810 0.54283804 0.46421805 -0.03228492 0.47133679 0.16459946 0.26447519 0.49533086 0.66381131 0.29854961
0.26178988 0.44454717 0.74202902 0.67271506 0.28257493 0.57061349 0.59435487 0.63093325 0.72546078 0.62969636 0.27986390 0.66813135 0.56287048 0.67014001 0.50688493 0.47652502 0.68712786 0.59034844 0.45794906 0.60461331 0.71033095 0.77108122 0.48065293 1.00000000 0.72931417 0.74995596 0.49982263 0.62233680 0.68893004 0.73486006 0.23579215 0.18609735 0.33045978 0.25804995 -0.13345777 0.28775226 0.69223897 0.47228093 0.57237437 0.53825708 0.34038428 0.25336914 0.28515997 0.21539467 0.57863986 0.65953987 0.74408562 0.38398741 0.47177637 0.39974445 0.25394968 0.18431987 0.67360104 0.48926338 0.71801147 0.64305337 0.66609740 0.14885455 0.63329787 0.53126843 0.46240653 0.63467079 0.70645506 0.63252321 0.71084415 0.63686965 0.73863944 0.67545352 0.75028744 0.62940943 0.55154842 0.23261283 0.67496091 0.44255633 0.41507185 0.72272769 0.63287621 0.59924043
0.17901200 0.36726387 0.68652581 0.58080663 0.13610783 0.62369747 0.72233992 0.67964841 0.68328641 0.57814160 0.23447458 0.72740383 0.74370270 0.56727587 0.27557821 0.70534542 0.87085261 0.64254155 0.51756843 0.76749289 0.62110353 0.86261785 0.76351026 0.72931417 1.00000000 0.67149559 0.57075082 0.59360811 0.61437246 0.53669118 0.21943058 0.09839679 0.47328581 0.49220748 0.01789739 0.27109238 0.70114792 0.66659456 0.78144879 0.46247260 0.42375343 0.49097253 0.43775131 0.12700076 0.50297322 0.56075640 0.68918567 0.41980387 0.69043476 0.67667988 0.17437120 0.41942618 0.54186150 0.35550702 0.57479947 0.49280401 0.50389885 -0.06281916 0.58814989 0.53000231 0.40967678 0.56406823 0.55428554 0.58920264 0.70521460 0.67627690 0.67822203 0.70347832 0.74144466 0.62599963 0.57804832 0.03380210 0.68628728 0.27007990 0.31945695 0.66338997 0.81415308 0.39388952
0.35624143 0.46641659 0.67313856 0.57936127 0.23174088 0.68992637 0.61564214 0.64672122 0.68847663 0.49980837 0.23108499 0.54607951 0.63513065 0.70661536 0.42306768 0.47682630 0.60115791 0.69964967 0.53757320 0.62035593 0.62632429 0.66853757 0.56794227 0.74995596 0.67149559 1.00000000 0.55561358 0.62383128 0.56709855 0.59365927 0.32689080 0.12981612 0.44611589 0.49339692 0.02280873 0.30759829 0.56063916 0.59198460 0.65489748 0.57047611 0.47834999 0.42334424 0.47975934 0.34074493 0.58610383 0.59884805 0.66433405 0.56138190 0.61491598 0.51535774 0.21954775 0.45365493 0.69661701 0.52465325 0.65779527 0.66130310 0.68164515 0.22734639 0.68016324 0.66634132 0.59529069 0.64942400 0.64328926 0.69095840 0.75600956 0.71725395 0.73840884 0.65748412 0.73500777 0.66110942 0.60874832 0.23275703 0.59739563 0.48330129 0.46539749 0.68181388 0.63569710 0.64082827
0.44770063 0.42765034 0.52836287 0.51467381 0.27547611 0.65355600 0.49856985 0.56112220 0.46856243 0.36713019 0.33162189 0.45457543 0.60976903 0.55459316 0.35731645 0.48435659 0.52923358 0.62737208 0.52684023 0.54841621 0.35980339 0.49321421 0.56170812 0.49982263 0.57075082 0.55561358 1.00000000 0.61029845 0.51594992 0.54702606 0.45827736 0.28434305 0.67034973 0.62795151 0.42756131 0.38711153 0.57739894 0.67808121 0.59657582 0.47024738 0.47000901 0.47168345 0.49258410 0.39598916 0.54881315 0.52341989 0.43934352 0.56428162 0.63238900 0.56681252 0.20307326 0.42342245 0.53899330 0.36583674 0.45995496 0.55483322 0.51428883 0.30055751 0.62151407 0.58347782 0.56011055 0.48386372 0.50783152 0.62006028 0.62691263 0.59064608 0.54584154 0.50263933 0.50473422 0.49188085 0.47640932 0.20414019 0.45715362 0.36901071 0.40200158 0.53729503 0.48113299 0.48087260
0.31339937 0.50605133 0.63314987 0.59394629 0.28541840 0.63126071 0.51931146 0.58451457 0.63274833 0.48615582 0.34192492 0.50946219 0.54959394 0.57804117 0.41173643 0.41449263 0.51087698 0.59510629 0.45310897 0.56873123 0.47086371 0.54217099 0.47583369 0.62233680 0.59360811 0.62383128 0.61029845 1.00000000 0.65425612 0.72049421 0.49595785 0.32026850 0.54949643 0.54864994 0.16339367 0.35876547 0.77211260 0.70127022 0.60300407 0.49897169 0.53338141 0.47902197 0.48698858 0.35961692 0.59143040 0.56133328 0.56954459 0.55636760 0.60635137 0.52831680 0.33001469 0.38900843 0.65705216 0.47977960 0.56444404 0.62149015 0.62419328 0.30107508 0.64003679 0.56955458 0.58962986 0.52094768 0.62593510 0.64583729 0.68284756 0.62914016 0.70200517 0.53720134 0.60420028 0.52910352 0.49494722 0.21184695 0.56020801 0.43845956 0.45034997 0.65931533 0.55184679 0.58368862
0.27986324 0.46282802 0.70391051 0.58414447 0.36071786 0.57734544 0.52533293 0.60679186 0.67230793 0.65072624 0.38372353 0.61151068 0.56329300 0.55969705 0.39797251 0.43752569 0.50893981 0.49279722 0.36456389 0.51605873 0.59225145 0.56647125 0.44767585 0.68893004 0.61437246 0.56709855 0.51594992 0.65425612 1.00000000 0.75231676 0.43357750 0.45601670 0.41940344 0.33363857 -0.07294541 0.41227510 0.67091255 0.50387359 0.55118606 0.48969597 0.42032111 0.35041299 0.28526020 0.26878000 0.58120305 0.51483783 0.65591113 0.39462188 0.46941114 0.39286942 0.35717727 0.22821737 0.62715840 0.42094509 0.58896695 0.59535476 0.61934939 0.29663774 0.60218628 0.54753880 0.44568416 0.54401008 0.63603680 0.54817013 0.66023217 0.56651779 0.62643059 0.55535400 0.61873446 0.55485470 0.50549351 0.24245226 0.62176155 0.44291405 0.52753361 0.59824742 0.59765995 0.56798573
0.29936389 0.43205645 0.69060710 0.65778585 0.39367302 0.56982862 0.50106466 0.53335963 0.63014109 0.55412972 0.34154899 0.56753885 0.48469560 0.55901811 0.45362814 0.33860863 0.46777975 0.50132391 0.41637743 0.50508399 0.50840786 0.53428338 0.31697072 0.73486006 0.53669118 0.59365927 0.54702606 0.72049421 0.75231676 1.00000000 0.41644522 0.38375637 0.41232798 0.26390916 -0.04076165 0.34222707 0.68974457 0.47878991 0.46548134 0.46528650 0.36896851 0.28456327 0.32816663 0.34199853 0.60341770 0.60084194 0.61272859 0.43232770 0.42670680 0.33789227 0.35002363 0.17207875 0.66932135 0.46703675 0.64409185 0.67398783 0.65533259 0.32345234 0.62772823 0.48749400 0.50320440 0.53112540 0.69538718 0.61056401 0.63994819 0.55221413 0.67907599 0.57793440 0.64639353 0.54522571 0.49525635 0.35649937 0.62750691 0.51943249 0.48193866 0.64185595 0.49660312 0.61317770
0.43389013 0.48949582 0.34844217 0.40232388 0.34587454 0.38248598 0.25404783 0.46258015 0.31659774 0.28491462 0.40603725 0.28519207 0.33760257 0.46840206 0.31209606 0.26983054 0.11594482 0.36539701 0.37950769 0.35102543 0.37306898 0.13025226 0.29028455 0.23579215 0.21943058 0.32689080 0.45827736 0.49595785 0.43357750 0.41644522 1.00000000 0.44686413 0.39772409 0.37429768 0.28369894 0.43401687 0.43599803 0.37884375 0.28403304 0.40488275 0.38774506 0.42313678 0.34058812 0.39668319 0.49318998 0.31281931 0.29133774 0.36422340 0.35627214 0.30238811 0.37110920 0.35920368 0.39820992 0.30460116 0.26634288 0.37888951 0.41128431 0.39581185 0.45313670 0.43432193 0.29750184 0.32177247 0.34458725 0.32968954 0.35098500 0.33912525 0.29071149 0.27411857 0.25291619 0.40871953 0.31878502 0.30994997 0.25457733 0.33605122 0.39601670 0.29948974 0.20530383 0.50039299
0.44228331 0.46706155 0.29017441 0.38407408 0.47870840 0.25908713 0.09108732 0.32990184 0.21661695 0.35738947 0.55732794 0.30959643 0.19264659 0.36384379 0.47128050 0.10406906 0.04890803 0.26578113 0.27915940 0.31664480 0.27694585 0.02922436 0.10808710 0.18609735 0.09839679 0.12981612 0.28434305 0.32026850 0.45601670 0.38375637 0.44686413 1.00000000 0.25575031 0.03129284 0.20054026 0.52825371 0.31181662 0.11481377 0.06950185 0.35500948 0.39356872 0.25063792 0.21991502 0.37874547 0.41080284 0.19606333 0.16721220 0.11863215 0.04518913 0.11681587 0.58988846 0.14888093 0.20009100 0.16439458 0.01744842 0.31519172 0.26728042 0.47510624 0.22908829 0.26636295 0.15033385 0.14372105 0.29379083 0.10947950 0.19593279 0.06425791 0.09055361 -0.00783045 -0.01716991 0.10544393 0.07520914 0.35469538 0.14281104 0.31119563 0.34777034 0.12411508 -0.05205061 0.41711819
0.32364139 0.23169914 0.37026485 0.39083073 0.18159485 0.57252840 0.41901628 0.37861486 0.28720810 0.15466548 0.25420030 0.36567500 0.46632410 0.30667734 0.20351106 0.44674007 0.44103601 0.57288784 0.49566432 0.59724377 0.17993058 0.34629512 0.47885120 0.33045978 0.47328581 0.44611589 0.67034973 0.54949643 0.41940344 0.41232798 0.39772409 0.25575031 1.00000000 0.72626665 0.48737656 0.29768424 0.41660242 0.66941785 0.58320284 0.30215909 0.52065922 0.50665732 0.60250256 0.40146717 0.47609941 0.48759810 0.27415440 0.57674937 0.57064552 0.59569440 0.31748566 0.52119641 0.43723544 0.27018424 0.33690060 0.51699243 0.37765820 0.34136743 0.53029666 0.52093114 0.59588403 0.28179300 0.42987858 0.56565465 0.52191580 0.52498523 0.43175249 0.36704543 0.41461092 0.27715450 0.46542574 0.33954486 0.40464915 0.43387625 0.49848798 0.43031250 0.43705038 0.40523831
0.19343749 0.18414475 0.35549295 0.26907163 -0.02533403 0.58820187 0.47895603 0.40815256 0.32182199 0.08951617 0.07185509 0.25439828 0.50771726 0.29018221 -0.00279493 0.45197628 0.38248956 0.50454137 0.37307674 0.46844442 0.20866399 0.36349454 0.53296826 0.25804995 0.49220748 0.49339692 0.62795151 0.54864994 0.33363857 0.26390916 0.37429768 0.03129284 0.72626665 1.00000000 0.38859097 0.10141281 0.36682090 0.80592112 0.64397675 0.23977636 0.45039243 0.56267286 0.59531509 0.33824574 0.40177683 0.43971867 0.31014681 0.65810943 0.68838414 0.60858658 0.10379024 0.57120236 0.46369672 0.21757924 0.38720996 0.41405878 0.35172168 0.20742593 0.52682882 0.54806289 0.59200867 0.39799434 0.35261277 0.59919160 0.53366431 0.63006385 0.42457847 0.45890782 0.48700817 0.34685741 0.53391239 0.12103346 0.38890901 0.31568855 0.43994565 0.45327783 0.56066411 0.31007778
0.33601525 0.18748892 -0.04425897 0.14600217 0.13930870 0.24370974 0.08262266 0.12541043 -0.13830785 -0.13455983 0.25027887 -0.01367692 0.13121099 0.10411181 0.19392459 0.16081650 0.06261247 0.23704345 0.30204966 0.21448894 -0.10438693 -0.07394069 0.21180842 -0.13345777 0.01789739 0.02280873 0.42756131 0.16339367 -0.07294541 -0.04076165 0.28369894 0.20054026 0.48737656 0.38859097 1.00000000 0.21789492 0.08383026 0.32242604 0.11382204 0.08899223 0.30144542 0.31776780 0.38166327 0.24939120 0.14946651 0.09072296 -0.16014834 0.22451767 0.20567401 0.31795292 0.12941211 0.36949376 -0.08834127 -0.01587163 -0.16203482 0.01249750 -0.09369944 0.22452743 0.07125904 0.15705388 0.17219650 -0.10828744 -0.03363578 0.07671826 -0.00628618 0.06694968 -0.07095502 -0.05629570 -0.12335308 -0.04736896 0.00602893 0.15738234 -0.10989627 0.09986974 0.09792587 0.00443619 -0.08785992 0.06963557
0.53893107 0.57609407 0.40404610 0.45612674 0.48335095 0.40648325 0.28224011 0.54986716 0.34388951 0.46714680 0.57146797 0.46812107 0.38786966 0.51107639 0.50366151 0.25288098 0.23129170 0.45976169 0.52534084 0.43192504 0.43148267 0.18684905 0.32818031 0.28775226 0.27109238 0.30759829 0.38711153 0.35876547 0.41227510 0.34222707 0.43401687 0.52825371 0.29768424 0.10141281 0.21789492 1.00000000 0.40133308 0.22837671 0.28672912 0.48713824 0.40048452 0.40338432 0.33330764 0.38131203 0.48612639 0.24587414 0.26627441 0.14294922 0.26258423 0.29838496 0.50178940 0.28468466 0.23345256 0.38041010 0.13922976 0.37379095 0.35885616 0.36716325 0.36118895 0.44307265 0.25535689 0.25881450 0.37050605 0.25249282 0.32697138 0.15545767 0.28384969 0.20002954 0.09873355 0.33499418 0.16486740 0.36161001 0.22500708 0.24659828 0.29001008 0.21431044 0.10239901 0.49399181
0.29933312 0.54833630 0.67774383 0.65561011 0.30651537 0.53654176 0.58837868 0.67775089 0.66887380 0.60882764 0.41392589 0.66006037 0.61456107 0.61283092 0.38743657 0.52894561 0.63319163 0.52000431 0.42928899 0.63129151 0.60329621 0.63265304 0.54098376 0.69223897 0.70114792 0.56063916 0.57739894 0.77211260 0.67091255 0.68974457 0.43599803 0.31181662 0.41660242 0.36682090 0.08383026 0.40133308 1.00000000 0.61893340 0.60895405 0.53231936 0.43533243 0.44271599 0.35439356 0.18398703 0.53756475 0.52506383 0.64211043 0.37684822 0.55168108 0.52599431 0.33267142 0.32677528 0.54504861 0.41455162 0.51865096 0.52592504 0.52517711 0.09793428 0.57506137 0.47464819 0.36534316 0.51107750 0.59917141 0.50573147 0.62243182 0.57566415 0.64435169 0.54757169 0.61768353 0.57507104 0.41766675 0.11192851 0.56015666 0.31492906 0.33098604 0.67145318 0.59992265 0.52216417
0.25721678 0.30504225 0.57843102 0.47385771 0.12173522 0.67700050 0.62572013 0.55413118 0.49682259 0.36997924 0.21328664 0.49242470 0.63846180 0.45529556 0.17473736 0.52761289 0.57250634 0.58346343 0.43123669 0.57546415 0.34656244 0.55115902 0.64446425 0.47228093 0.66659456 0.59198460 0.67808121 0.70127022 0.50387359 0.47878991 0.37884375 0.11481377 0.66941785 0.80592112 0.32242604 0.22837671 0.61893340 1.00000000 0.70000808 0.39970580 0.47261123 0.59336611 0.59211772 0.29735113 0.50164050 0.53054764 0.50784630 0.59875836 0.73752657 0.68897127 0.17458882 0.55590422 0.52776032 0.30638530 0.47917779 0.48808298 0.45743319 0.10183823 0.60423369 0.58224481 0.56610509 0.51890666 0.49555530 0.64772456 0.65998142 0.70350965 0.59670374 0.52588912 0.60948787 0.48193261 0.53376762 0.09190229 0.50818013 0.33428498 0.42145930 0.63687782 0.66662424 0.41448867
0.18338935 0.32545600 0.60473092 0.48263046 0.11894380 0.63284567 0.64373420 0.62430783 0.65806723 0.45036646 0.16770619 0.61879289 0.70284242 0.44701773 0.14711408 0.59708513 0.72830128 0.64847096 0.55993789 0.68692909 0.53427049 0.73167372 0.68619408 0.57237437 0.78144879 0.65489748 0.59657582 0.60300407 0.55118606 0.46548134 0.28403304 0.06950185 0.58320284 0.64397675 0.11382204 0.28672912 0.60895405 0.70000808 1.00000000 0.43333204 0.50071093 0.53579864 0.53684090 0.19235297 0.48331824 0.50563424 0.60296983 0.50215306 0.73107408 0.72145415 0.16897201 0.52053096 0.54854523 0.41085664 0.52696529 0.48909229 0.50574614 0.01628802 0.55841308 0.58606963 0.49199881 0.50841082 0.50443350 0.59359929 0.69559965 0.67720516 0.67415563 0.64309225 0.67297226 0.55142472 0.59869625 0.07267727 0.64321875 0.30660099 0.34882845 0.56829703 0.75125401 0.40834943
0.52280820 0.62229325 0.55868670 0.59685851 0.39655539 0.51366683 0.45497199 0.62016136 0.53835014 0.51913241 0.48808651 0.53023457 0.52763316 0.67476622 0.53968036 0.32201119 0.40118231 0.52185213 0.45701035 0.52498729 0.55799327 0.42197548 0.40563151 0.53825708 0.46247260 0.57047611 0.47024738 0.49897169 0.48969597 0.46528650 0.40488275 0.35500948 0.30215909 0.23977636 0.08899223 0.48713824 0.53231936 0.39970580 0.43333204 1.00000000 0.55316908 0.47673120 0.42760478 0.45575645 0.63759768 0.51307670 0.60710694 0.38546830 0.45420129 0.43014699 0.44977404 0.40323466 0.47954870 0.50669432 0.42639480 0.52951975 0.54536593 0.29678427 0.51904789 0.56661687 0.40630505 0.48635945 0.54631599 0.47571472 0.57353792 0.46801812 0.48903973 0.36713601 0.39897309 0.45602297 0.34161247 0.26399611 0.35598001 0.34522713 0.36106746 0.46587725 0.33195389 0.61017150
0.42978537 0.53813372 0.44536802 0.45748569 0.35921523 0.50722967 0.39044393 0.50839159 0.40820729 0.35210951 0.45428123 0.44110608 0.53311957 0.42872708 0.35275046 0.33921946 0.35808474 0.51272333 0.47504402 0.58234746 0.33785800 0.28307907 0.37849155 0.34038428 0.42375343 0.47834999 0.47000901 0.53338141 0.42032111 0.36896851 0.38774506 0.39356872 0.52065922 0.45039243 0.30144542 0.40048452 0.43533243 0.47261123 0.50071093 0.55316908 1.00000000 0.63485833 0.61570329 0.50535395 0.54414203 0.34216032 0.37045030 0.51683898 0.49054422 0.63641983 0.47310638 0.57686487 0.41416417 0.44791441 0.25455301 0.47426211 0.39671919 0.38194654 0.41393398 0.53909509 0.47928307 0.23751830 0.41408914 0.44255302 0.45871242 0.40890739 0.44406478 0.25063345 0.33594002 0.30289983 0.30402437 0.30258223 0.34235860 0.41972428 0.38701095 0.35374084 0.29603765 0.53790232
0.36601227 0.43674476 0.44640315 0.42766021 0.22365498 0.51517252 0.48581452 0.55482896 0.37347397 0.30436124 0.36211871 0.45162387 0.55150038 0.40560535 0.21036161 0.43702709 0.37905191 0.50432171 0.49320648 0.57605801 0.34664959 0.31681929 0.49901501 0.25336914 0.49097253 0.42334424 0.47168345 0.47902197 0.35041299 0.28456327 0.42313678 0.25063792 0.50665732 0.56267286 0.31776780 0.40338432 0.44271599 0.59336611 0.53579864 0.47673120 0.63485833 1.00000000 0.74513298 0.48203737 0.58811817 0.43015297 0.36976164 0.52234980 0.68875961 0.71497360 0.42062453 0.72651165 0.32359315 0.29979172 0.26193836 0.37122158 0.31183799 0.20399687 0.45290437 0.51837739 0.42886522 0.34598981 0.36997924 0.44450948 0.44928846 0.49691829 0.39831042 0.39871625 0.37424377 0.37125017 0.42647222 0.23474287 0.33538179 0.31671955 0.38746887 0.39858295 0.44599831 0.41767739
0.36666747 0.33669478 0.41957584 0.46180465 0.23194184 0.56935103 0.47174142 0.45429646 0.33548594 0.18266023 0.29954478 0.39637368 0.46781665 0.33870778 0.24582687 0.38321768 0.37440514 0.55030005 0.53698325 0.59299958 0.24567654 0.32634824 0.42411852 0.28515997 0.43775131 0.47975934 0.49258410 0.48698858 0.28526020 0.32816663 0.34058812 0.21991502 0.60250256 0.59531509 0.38166327 0.33330764 0.35439356 0.59211772 0.53684090 0.42760478 0.61570329 0.74513298 1.00000000 0.57098606 0.56985505 0.57303326 0.36118893 0.57516285 0.65232896 0.70169189 0.42222660 0.69231880 0.36603034 0.33961841 0.31788280 0.45073869 0.33443264 0.27941069 0.44987348 0.55080588 0.55766653 0.34754357 0.42715167 0.54711055 0.48159265 0.49848702 0.42717670 0.39594842 0.37772280 0.28044501 0.49024532 0.36947359 0.36765439 0.41197509 0.45966993 0.41225752 0.38598343 0.43521528
0.45618154 0.36558594 0.34386416 0.38320374 0.40930329 0.42114535 0.22761402 0.33590440 0.17719584 0.17076584 0.38035328 0.24060117 0.27811791 0.37620047 0.36233622 0.10598804 0.03689292 0.40071323 0.36923842 0.34272707 0.12424371 0.04104954 0.16395852 0.21539467 0.12700076 0.34074493 0.39598916 0.35961692 0.26878000 0.34199853 0.39668319 0.37874547 0.40146717 0.33824574 0.24939120 0.38131203 0.18398703 0.29735113 0.19235297 0.45575645 0.50535395 0.48203737 0.57098606 1.00000000 0.62356830 0.52732940 0.26028558 0.49336285 0.36166693 0.33149105 0.47878478 0.38661629 0.39181629 0.37262686 0.31536048 0.49583064 0.42170051 0.56125020 0.37956362 0.49058148 0.54476070 0.28075644 0.44711726 0.48473747 0.36486733 0.33445738 0.31204076 0.22505383 0.23377137 0.25341944 0.35318509 0.55587087 0.26062624 0.50462885 0.52569049 0.30438008 0.09362521 0.52346379
0.47528409 0.52056154 0.62540531 0.60856573 0.41371496 0.62326001 0.49147249 0.63032387 0.53986827 0.48752976 0.45163201 0.56471217 0.51264733 0.59510898 0.48115273 0.36541847 0.41249975 0.61373405 0.57725232 0.59158639 0.50331223 0.45649585 0.42483271 0.57863986 0.50297322 0.58610383 0.54881315 0.59143040 0.58120305 0.60341770 0.49318998 0.41080284 0.47609941 0.40177683 0.14946651 0.48612639 0.53756475 0.50164050 0.48331824 0.63759768 0.54414203 0.58811817 0.56985505 0.62356830 1.00000000 0.67334112 0.61985995 0.55852345 0.55710253 0.52090875 0.50121150 0.43477910 0.60823184 0.49691275 0.54743574 0.64464164 0.62287563 0.45906424 0.61257931 0.62684366 0.57478583 0.55946180 0.64973311 0.62065375 0.62523292 0.56331403 0.57865890 0.53540799 0.52693353 0.54314074 0.57118916 0.45908444 0.54847696 0.55932381 0.58422273 0.55615307 0.43810272 0.65306958
0.31102223 0.33081676 0.59625833 0.60505623 0.24400435 0.54944735 0.57349711 0.50651244 0.49137602 0.36735972 0.21917804 0.52574146 0.47353289 0.51734249 0.37240402 0.43221798 0.49848803 0.52289489 0.42947761 0.58405881 0.42194953 0.55645463 0.43698396 0.65953987 0.56075640 0.59884805 0.52341989 0.56133328 0.51483783 0.60084194 0.31281931 0.19606333 0.48759810 0.43971867 0.09072296 0.24587414 0.52506383 0.53054764 0.50563424 0.51307670 0.34216032 0.43015297 0.57303326 0.52732940 0.67334112 1.00000000 0.67882431 0.58975268 0.56487806 0.45765457 0.36864754 0.40274774 0.59699232 0.39904900 0.64197285 0.62492314 0.55212453 0.28185482 0.60331588 0.53915496 0.56464350 0.58115419 0.67439977 0.67179811 0.63079039 0.65659673 0.59294026 0.61078236 0.65927280 0.49443312 0.62920001 0.40029413 0.57949174 0.53662859 0.57786718 0.65739636 0.55714407 0.53957159
0.21013844 0.40460811 0.70387430 0.57283392 0.21542639 0.53470042 0.59973679 0.62521387 0.71651572 0.61031167 0.18084661 0.63456394 0.58479380 0.57194549 0.34199949 0.45684806 0.58378662 0.48849366 0.39758935 0.54688979 0.65848823 0.70946301 0.51704662 0.74408562 0.68918567 0.66433405 0.43934352 0.56954459 0.65591113 0.61272859 0.29133774 0.16721220 0.27415440 0.31014681 -0.16014834 0.26627441 0.64211043 0.50784630 0.60296983 0.60710694 0.37045030 0.36976164 0.36118893 0.26028558 0.61985995 0.67882431 1.00000000 0.44517373 0.56889162 0.47039370 0.28320180 0.31378881 0.63175827 0.46877588 0.68336020 0.53446167 0.62742013 0.07628846 0.58398794 0.52188036 0.38930641 0.65114078 0.62410922 0.58629489 0.68459120 0.67358894 0.68117880 0.65936772 0.73488244 0.65998291 0.60448669 0.14350439 0.66915508 0.38554115 0.44943666 0.66230684 0.70566527 0.54357027
0.26865439 0.30036019 0.44170984 0.35445462 0.11564628 0.59959876 0.44303092 0.40778452 0.40812720 0.16329927 0.09613809 0.25297612 0.45518331 0.40229000 0.16768004 0.30981697 0.31683882 0.50506681 0.35449736 0.43148674 0.23548452 0.37995931 0.42014313 0.38398741 0.41980387 0.56138190 0.56428162 0.55636760 0.39462188 0.43232770 0.36422340 0.11863215 0.57674937 0.65810943 0.22451767 0.14294922 0.37684822 0.59875836 0.50215306 0.38546830 0.51683898 0.52234980 0.57516285 0.49336285 0.55852345 0.58975268 0.44517373 1.00000000 0.68181344 0.52636752 0.14024216 0.53986951 0.56778186 0.33595821 0.50081400 0.54897074 0.48144715 0.35329360 0.56008000 0.57150362 0.68507321 0.43567859 0.46538336 0.64063506 0.56327245 0.64854338 0.56798473 0.46817683 0.56446974 0.39651518 0.53247049 0.21029251 0.39430205 0.49603067 0.50218512 0.54111129 0.47557158 0.45931483
0.25063610 0.34391168 0.55392868 0.44725070 0.12794167 0.68408392 0.60020138 0.60242810 0.57613035 0.37714606 0.18271012 0.47724701 0.65986669 0.47411527 0.14351772 0.56310580 0.59027454 0.63747066 0.52713564 0.57960734 0.41637123 0.61292342 0.69580632 0.47177637 0.69043476 0.61491598 0.63238900 0.60635137 0.46941114 0.42670680 0.35627214 0.04518913 0.57064552 0.68838414 0.20567401 0.26258423 0.55168108 0.73752657 0.73107408 0.45420129 0.49054422 0.68875961 0.65232896 0.36166693 0.55710253 0.56487806 0.56889162 0.68181344 1.00000000 0.79208699 0.10817466 0.61794263 0.52572287 0.35194090 0.52720437 0.46845867 0.48596225 0.07774466 0.60805537 0.60394544 0.56556646 0.53609255 0.45334246 0.63765387 0.67313289 0.69979500 0.64811797 0.64046225 0.64127189 0.57216453 0.62423281 0.04116697 0.56109213 0.30324054 0.39726527 0.58969335 0.71897237 0.39442026
0.26989350 0.34233121 0.50310613 0.44565875 0.19746276 0.60907640 0.56412007 0.57381709 0.48279075 0.38253211 0.29970574 0.55560831 0.64823400 0.37788928 0.15879426 0.54450195 0.62155278 0.60329301 0.57474870 0.65941432 0.35971889 0.55646857 0.63788934 0.39974445 0.67667988 0.51535774 0.56681252 0.52831680 0.39286942 0.33789227 0.30238811 0.11681587 0.59569440 0.60858658 0.31795292 0.29838496 0.52599431 0.68897127 0.72145415 0.43014699 0.63641983 0.71497360 0.70169189 0.33149105 0.52090875 0.45765457 0.47039370 0.52636752 0.79208699 1.00000000 0.21809162 0.70757201 0.38384734 0.31092688 0.35669642 0.38921234 0.35194356 0.04171472 0.46295008 0.52784408 0.44958857 0.34379282 0.37740015 0.50836242 0.54701325 0.56918567 0.53279600 0.49202997 0.50620987 0.44983718 0.47040918 0.10891218 0.51214789 0.26682886 0.30112080 0.47148721 0.60496445 0.34535817
0.39056796 0.40009029 0.32397730 0.43598290 0.42251673 0.23355523 0.18778804 0.36001698 0.18732770 0.32248286 0.53422738 0.42494968 0.19777442 0.32655351 0.42714643 0.19805348 0.13174035 0.35155629 0.41742373 0.49126681 0.30735580 0.04107566 0.11582064 0.25394968 0.17437120 0.21954775 0.20307326 0.33001469 0.35717727 0.35002363 0.37110920 0.58988846 0.31748566 0.10379024 0.12941211 0.50178940 0.33267142 0.17458882 0.16897201 0.44977404 0.47310638 0.42062453 0.42222660 0.47878478 0.50121150 0.36864754 0.28320180 0.14024216 0.10817466 0.21809162 1.00000000 0.32028806 0.26170285 0.36390005 0.13716023 0.43337730 0.31427203 0.47511023 0.30375776 0.35696434 0.26889416 0.16682599 0.42955548 0.25902806 0.23198458 0.14241625 0.18491662 0.08960751 0.10217599 0.14043081 0.22024294 0.57274604 0.21488756 0.42753725 0.46956219 0.21009600 0.03639377 0.51473619
0.35064363 0.34932856 0.32712126 0.33741741 0.15379471 0.45755543 0.44073903 0.43711883 0.28894456 0.20071079 0.24714573 0.36511046 0.50896533 0.35423227 0.13633674 0.41766460 0.35051666 0.45143095 0.46848270 0.53959204 0.27354291 0.28637001 0.50541351 0.18431987 0.41942618 0.45365493 0.42342245 0.38900843 0.22821737 0.17207875 0.35920368 0.14888093 0.52119641 0.57120236 0.36949376 0.28468466 0.32677528 0.55590422 0.52053096 0.40323466 0.57686487 0.72651165 0.69231880 0.38661629 0.43477910 0.40274774 0.31378881 0.53986951 0.61794263 0.70757201 0.32028806 1.00000000 0.28533081 0.25291459 0.20342853 0.30041900 0.25546917 0.16280020 0.42511682 0.46466885 0.34882827 0.27234438 0.25375210 0.38825167 0.39364276 0.47554748 0.32523086 0.31992409 0.34192611 0.35907852 0.41999546 0.22152798 0.28785069 0.31429806 0.34987025 0.34219458 0.40985079 0.36519929
0.26795989 0.36207543 0.61544018 0.51560996 0.24152194 0.58382291 0.47345894 0.51358317 0.61169748 0.44976881 0.20313788 0.45802343 0.48512012 0.57421649 0.34888988 0.32400932 0.44603512 0.58151855 0.40234512 0.48416768 0.51139890 0.53523021 0.36786319 0.67360104 0.54186150 0.69661701 0.53899330 0.65705216 0.62715840 0.66932135 0.39820992 0.20009100 0.43723544 0.46369672 -0.08834127 0.23345256 0.54504861 0.52776032 0.54854523 0.47954870 0.41416417 0.32359315 0.36603034 0.39181629 0.60823184 0.59699232 0.63175827 0.56778186 0.52572287 0.38384734 0.26170285 0.28533081 1.00000000 0.63336549 0.84381813 0.81378150 0.87440644 0.45204814 0.80013054 0.70365466 0.68080049 0.77599949 0.75357082 0.81748265 0.81816264 0.66171627 0.71313502 0.59106747 0.71072205 0.60483374 0.59877841 0.31929292 0.64401925 0.56266478 0.54253605 0.64104899 0.55580059 0.66547243
0.27257835 0.39657676 0.43218954 0.39426740 0.28468565 0.41037282 0.34239444 0.45373696 0.46088163 0.37661128 0.28813307 0.40683994 0.36967830 0.44673673 0.38101000 0.24095170 0.37770423 0.47738938 0.47851600 0.43006845 0.43723929 0.35921230 0.24222191 0.48926338 0.35550702 0.52465325 0.36583674 0.47977960 0.42094509 0.46703675 0.30460116 0.16439458 0.27018424 0.21757924 -0.01587163 0.38041010 0.41455162 0.30638530 0.41085664 0.50669432 0.44791441 0.29979172 0.33961841 0.37262686 0.49691275 0.39904900 0.46877588 0.33595821 0.35194090 0.31092688 0.36390005 0.25291459 0.63336549 1.00000000 0.61455064 0.69577020 0.67731912 0.45636469 0.59115768 0.68017386 0.54517085 0.54006578 0.69194494 0.63207373 0.60443233 0.37353923 0.58432376 0.38461688 0.43435767 0.46554731 0.40512061 0.40018516 0.42130295 0.45375888 0.36037358 0.40300668 0.30157792 0.56306336
0.13424758 0.25342387 0.60812812 0.48991561 0.16517245 0.53651590 0.50674922 0.48126062 0.59563848 0.41544120 0.09463860 0.46127360 0.44090113 0.48931799 0.27070406 0.34664244 0.50391425 0.51487979 0.37291882 0.43144975 0.49196119 0.61200827 0.36592264 0.71801147 0.57479947 0.65779527 0.45995496 0.56444404 0.58896695 0.64409185 0.26634288 0.01744842 0.33690060 0.38720996 -0.16203482 0.13922976 0.51865096 0.47917779 0.52696529 0.42639480 0.25455301 0.26193836 0.31788280 0.31536048 0.54743574 0.64197285 0.68336020 0.50081400 0.52720437 0.35669642 0.13716023 0.20342853 0.84381813 0.61455064 1.00000000 0.73557557 0.79958655 0.30441415 0.72601138 0.62883936 0.63214999 0.77204339 0.76973344 0.80656380 0.77890386 0.65680594 0.73614514 0.68531353 0.76832304 0.61671382 0.63390748 0.25082641 0.67627003 0.49146945 0.47176588 0.65791960 0.62082051 0.54744302
0.35274456 0.39245411 0.58618670 0.54877307 0.33814982 0.59345285 0.45905043 0.51175394 0.54518156 0.41644590 0.34998499 0.50915271 0.46968923 0.55805106 0.41587088 0.30282746 0.44022483 0.60530559 0.47851857 0.57048354 0.42715632 0.45636144 0.30993059 0.64305337 0.49280401 0.66130310 0.55483322 0.62149015 0.59535476 0.67398783 0.37888951 0.31519172 0.51699243 0.41405878 0.01249750 0.37379095 0.52592504 0.48808298 0.48909229 0.52951975 0.47426211 0.37122158 0.45073869 0.49583064 0.64464164 0.62492314 0.53446167 0.54897074 0.46845867 0.38921234 0.43337730 0.30041900 0.81378150 0.69577020 0.73557557 1.00000000 0.79333061 0.56950153 0.77782277 0.74007048 0.76549348 0.65336791 0.83531008 0.80153096 0.77448604 0.56920043 0.68541303 0.52012930 0.61141559 0.50532426 0.53278480 0.47923103 0.56049126 0.62144640 0.56975697 0.60615254 0.42496918 0.69373390
0.33004228 0.42851297 0.61856734 0.53164068 0.32242169 0.58639273 0.44277204 0.55414645 0.62545801 0.51223303 0.29462259 0.48633337 0.48274557 0.61618366 0.42031364 0.29219378 0.42924442 0.61070205 0.45840889 0.46839746 0.54188366 0.51846457 0.36775954 0.66609740 0.50389885 0.68164515 0.51428883 0.62419328 0.61934939 0.65533259 0.41128431 0.26728042 0.37765820 0.35172168 -0.09369944 0.35885616 0.52517711 0.45743319 0.50574614 0.54536593 0.39671919 0.31183799 0.33443264 0.42170051 0.62287563 0.55212453 0.62742013 0.48144715 0.48596225 0.35194356 0.31427203 0.25546917 0.87440644 0.67731912 0.79958655 0.79333061 1.00000000 0.48373206 0.76728002 0.72702064 0.63422461 0.75827715 0.77043141 0.75816638 0.81140605 0.56952611 0.70447844 0.54828865 0.61969409 0.61726794 0.54020458 0.33391697 0.58848090 0.51418701 0.49554600 0.58775123 0.47440563 0.66999546
0.41402133 0.31655191 0.21661205 0.24708338 0.40844632 0.30523142 0.03508168 0.20389875 0.08777529 0.09525732 0.36066185 0.08866080 0.06774705 0.28408822 0.39894623 -0.05011710 -0.11945035 0.30468143 0.28761359 0.19004755 0.10115396 -0.10805016 -0.03679944 0.14885455 -0.06281916 0.22734639 0.30055751 0.30107508 0.29663774 0.32345234 0.39581185 0.47510624 0.34136743 0.20742593 0.22452743 0.36716325 0.09793428 0.10183823 0.01628802 0.29678427 0.38194654 0.20399687 0.27941069 0.56125020 0.45906424 0.28185482 0.07628846 0.35329360 0.07774466 0.04171472 0.47511023 0.16280020 0.45204814 0.45636469 0.30441415 0.56950153 0.48373206 1.00000000 0.42844110 0.48025703 0.54743706 0.27210697 0.46333090 0.39172792 0.31799728 0.15680905 0.20432201 0.08101664 0.06939683 0.12708991 0.19031489 0.56220559 0.13023165 0.53488773 0.50091254 0.17213462 -0.12610201 0.50665617
0.37127730 0.44075393 0.58990622 0.54873580 0.21601712 0.60729595 0.53585751 0.57696278 0.57669193 0.43477372 0.27484486 0.50035422 0.55917460 0.63625303 0.38603929 0.42414369 0.48290937 0.60021097 0.46968031 0.55370246 0.53373762 0.52423858 0.48944498 0.63329787 0.58814989 0.68016324 0.62151407 0.64003679 0.60218628 0.62772823 0.45313670 0.22908829 0.53029666 0.52682882 0.07125904 0.36118895 0.57506137 0.60423369 0.55841308 0.51904789 0.41393398 0.45290437 0.44987348 0.37956362 0.61257931 0.60331588 0.58398794 0.56008000 0.60805537 0.46295008 0.30375776 0.42511682 0.80013054 0.59115768 0.72601138 0.77782277 0.76728002 0.42844110 1.00000000 0.72696446 0.63171674 0.74337472 0.71397290 0.81278569 0.81093711 0.66204260 0.66730953 0.60350476 0.66390317 0.63009353 0.60537812 0.31673317 0.53842488 0.48700205 0.52714224 0.65934610 0.57924747 0.64432047
0.40357499 0.47097338 0.56908738 0.50723004 0.29984636 0.66017992 0.49749490 0.61293930 0.54936598 0.42652199 0.35826659 0.48324298 0.57607158 0.58585213 0.38612043 0.37885428 0.46348395 0.65834188 0.54225501 0.56088968 0.50385835 0.48085350 0.49057219 0.53126843 0.53000231 0.66634132 0.58347782 0.56955458 0.54753880 0.48749400 0.43432193 0.26636295 0.52093114 0.54806289 0.15705388 0.44307265 0.47464819 0.58224481 0.58606963 0.56661687 0.53909509 0.51837739 0.55080588 0.49058148 0.62684366 0.53915496 0.52188036 0.57150362 0.60394544 0.52784408 0.35696434 0.46466885 0.70365466 0.68017386 0.62883936 0.74007048 0.72702064 0.48025703 0.72696446 1.00000000 0.74910650 0.66605920 0.69681509 0.74726949 0.76129281 0.59816430 0.62863025 0.50146522 0.53714810 0.52741008 0.56659200 0.36240472 0.50152207 0.50092149 0.52119694 0.52182696 0.48596042 0.61532372
0.27914399 0.26202606 0.47348602 0.40085125 0.21494740 0.64554485 0.39476916 0.41998362 0.43160690 0.21852924 0.20745094 0.30655938 0.40749961 0.39727259 0.26995120 0.23167848 0.35304061 0.60915943 0.43755649 0.45501674 0.23394660 0.39574560 0.31717621 0.46240653 0.40967678 0.59529069 0.56011055 0.58962986 0.44568416 0.50320440 0.29750184 0.15033385 0.59588403 0.59200867 0.17219650 0.25535689 0.36534316 0.56610509 0.49199881 0.40630505 0.47928307 0.42886522 0.55766653 0.54476070 0.57478583 0.56464350 0.38930641 0.68507321 0.56556646 0.44958857 0.26889416 0.34882827 0.68080049 0.54517085 0.63214999 0.76549348 0.63422461 0.54743706 0.63171674 0.74910650 1.00000000 0.52988374 0.68518582 0.77817036 0.68379937 0.59165493 0.64705149 0.47133271 0.53839124 0.37255036 0.53738503 0.37162106 0.47126793 0.57439753 0.54948863 0.54968720 0.40293393 0.54997695
0.27414139 0.36673799 0.60874227 0.50671586 0.17966347 0.53829408 0.53588838 0.56425461 0.60197054 0.47544884 0.18988064 0.48135151 0.51276717 0.59528785 0.33504801 0.34526926 0.46246580 0.52278933 0.35243208 0.43638824 0.55107253 0.58606363 0.46769258 0.63467079 0.56406823 0.64942400 0.48386372 0.52094768 0.54401008 0.53112540 0.32177247 0.14372105 0.28179300 0.39799434 -0.10828744 0.25881450 0.51107750 0.51890666 0.50841082 0.48635945 0.23751830 0.34598981 0.34754357 0.28075644 0.55946180 0.58115419 0.65114078 0.43567859 0.53609255 0.34379282 0.16682599 0.27234438 0.77599949 0.54006578 0.77204339 0.65336791 0.75827715 0.27210697 0.74337472 0.66605920 0.52988374 1.00000000 0.69960520 0.70751694 0.77283708 0.63583941 0.60790147 0.59603692 0.63716487 0.58980428 0.55812791 0.18032658 0.55073859 0.39223787 0.43275964 0.60230084 0.56639662 0.53659156
0.31697851 0.41006457 0.65779483 0.60057065 0.36082577 0.57400489 0.52590440 0.56967718 0.58624298 0.50040907 0.37352651 0.58444722 0.49761301 0.56376499 0.41768336 0.35230754 0.49497756 0.55199712 0.46138454 0.58545446 0.48538414 0.54532400 0.35627291 0.70645506 0.55428554 0.64328926 0.50783152 0.62593510 0.63603680 0.69538718 0.34458725 0.29379083 0.42987858 0.35261277 -0.03363578 0.37050605 0.59917141 0.49555530 0.50443350 0.54631599 0.41408914 0.36997924 0.42715167 0.44711726 0.64973311 0.67439977 0.62410922 0.46538336 0.45334246 0.37740015 0.42955548 0.25375210 0.75357082 0.69194494 0.76973344 0.83531008 0.77043141 0.46333090 0.71397290 0.69681509 0.68518582 0.69960520 1.00000000 0.75383494 0.76939806 0.59255060 0.70859458 0.57091198 0.64048391 0.54681490 0.55617758 0.45471589 0.60968342 0.59722723 0.55376881 0.67194827 0.48932446 0.65328584
0.28231848 0.31642423 0.59700601 0.53361410 0.19092222 0.65120188 0.54400116 0.51990934 0.54443417 0.35352379 0.20269592 0.48014118 0.53102568 0.51577963 0.31688453 0.39097032 0.51503600 0.62783017 0.46922183 0.54348298 0.40039595 0.53314293 0.43762772 0.63252321 0.58920264 0.69095840 0.62006028 0.64583729 0.54817013 0.61056401 0.32968954 0.10947950 0.56565465 0.59919160 0.07671826 0.25249282 0.50573147 0.64772456 0.59359929 0.47571472 0.44255302 0.44450948 0.54711055 0.48473747 0.62065375 0.67179811 0.58629489 0.64063506 0.63765387 0.50836242 0.25902806 0.38825167 0.81748265 0.63207373 0.80656380 0.80153096 0.75816638 0.39172792 0.81278569 0.74726949 0.77817036 0.70751694 0.75383494 1.00000000 0.80177595 0.68798239 0.71979532 0.63043133 0.71196318 0.54969806 0.64434856 0.35743185 0.62339456 0.53711562 0.55043389 0.65899031 0.59441809 0.61900553
0.31433359 0.43576702 0.68275462 0.58667974 0.24485221 0.70370090 0.62686700 0.61675530 0.68254059 0.52737188 0.27127965 0.57806765 0.65950004 0.63050984 0.35445035 0.46675936 0.63165125 0.67454016 0.48835673 0.60921210 0.55816787 0.68896193 0.57804975 0.71084415 0.70521460 0.75600956 0.62691263 0.68284756 0.66023217 0.63994819 0.35098500 0.19593279 0.52191580 0.53366431 -0.00628618 0.32697138 0.62243182 0.65998142 0.69559965 0.57353792 0.45871242 0.44928846 0.48159265 0.36486733 0.62523292 0.63079039 0.68459120 0.56327245 0.67313289 0.54701325 0.23198458 0.39364276 0.81816264 0.60443233 0.77890386 0.77448604 0.81140605 0.31799728 0.81093711 0.76129281 0.68379937 0.77283708 0.76939806 0.80177595 1.00000000 0.72974350 0.76243715 0.65048527 0.72795721 0.64577441 0.62184865 0.21594077 0.64378973 0.46764140 0.49451304 0.69273845 0.68235975 0.61141606
0.25664902 0.33176059 0.64742774 0.51535377 0.12448365 0.65097360 0.65604768 0.57310247 0.61771585 0.37613220 0.09634492 0.48649918 0.62654325 0.54079692 0.19171430 0.49687233 0.55343237 0.55857627 0.39801136 0.57293660 0.47205031 0.64979815 0.57479400 0.63686965 0.67627690 0.71725395 0.59064608 0.62914016 0.56651779 0.55221413 0.33912525 0.06425791 0.52498523 0.63006385 0.06694968 0.15545767 0.57566415 0.70350965 0.67720516 0.46801812 0.40890739 0.49691829 0.49848702 0.33445738 0.56331403 0.65659673 0.67358894 0.64854338 0.69979500 0.56918567 0.14241625 0.47554748 0.66171627 0.37353923 0.65680594 0.56920043 0.56952611 0.15680905 0.66204260 0.59816430 0.59165493 0.63583941 0.59255060 0.68798239 0.72974350 1.00000000 0.72641439 0.73607435 0.82446582 0.67372400 0.74266722 0.20456187 0.65026537 0.53165035 0.59853263 0.78914225 0.76951653 0.56792870
0.20136732 0.35986675 0.70883163 0.54575558 0.23030710 0.64913368 0.59677483 0.58111200 0.71918677 0.53244104 0.18147199 0.56288490 0.60160425 0.53371401 0.30719300 0.40101596 0.62994678 0.62580987 0.47476366 0.55509499 0.52180894 0.71449971 0.49043338 0.73863944 0.67822203 0.73840884 0.54584154 0.70200517 0.62643059 0.67907599 0.29071149 0.09055361 0.43175249 0.42457847 -0.07095502 0.28384969 0.64435169 0.59670374 0.67415563 0.48903973 0.44406478 0.39831042 0.42717670 0.31204076 0.57865890 0.59294026 0.68117880 0.56798473 0.64811797 0.53279600 0.18491662 0.32523086 0.71313502 0.58432376 0.73614514 0.68541303 0.70447844 0.20432201 0.66730953 0.62863025 0.64705149 0.60790147 0.70859458 0.71979532 0.76243715 0.72641439 1.00000000 0.73795858 0.82815301 0.70438653 0.67181324 0.21653129 0.70429955 0.55229367 0.49195810 0.80528472 0.70207816 0.63606097
0.14212059 0.26395139 0.62667853 0.46928524 0.08589950 0.57711521 0.60241665 0.56769543 0.62639488 0.39368932 0.03324256 0.52154362 0.56965662 0.47547895 0.18435513 0.50529353 0.58205597 0.50820319 0.45319813 0.52150778 0.53022263 0.68528576 0.51274736 0.67545352 0.70347832 0.65748412 0.50263933 0.53720134 0.55535400 0.57793440 0.27411857 -0.00783045 0.36704543 0.45890782 -0.05629570 0.20002954 0.54757169 0.52588912 0.64309225 0.36713601 0.25063345 0.39871625 0.39594842 0.22505383 0.53540799 0.61078236 0.65936772 0.46817683 0.64046225 0.49202997 0.08960751 0.31992409 0.59106747 0.38461688 0.68531353 0.52012930 0.54828865 0.08101664 0.60350476 0.50146522 0.47133271 0.59603692 0.57091198 0.63043133 0.65048527 0.73607435 0.73795858 1.00000000 0.82339614 0.71548300 0.76000012 0.18684872 0.70359008 0.42732304 0.44814050 0.68561102 0.76655083 0.48172314
0.08750706 0.24446773 0.69363260 0.52498537 0.08677035 0.57696439 0.66482177 0.54924230 0.66972943 0.44918736 0.01562051 0.55958249 0.59746782 0.49781779 0.17306042 0.49348938 0.64501657 0.52381567 0.37641281 0.56486258 0.53123590 0.73620175 0.52747810 0.75028744 0.74144466 0.73500777 0.50473422 0.60420028 0.61873446 0.64639353 0.25291619 -0.01716991 0.41461092 0.48700817 -0.12335308 0.09873355 0.61768353 0.60948787 0.67297226 0.39897309 0.33594002 0.37424377 0.37772280 0.23377137 0.52693353 0.65927280 0.73488244 0.56446974 0.64127189 0.50620987 0.10217599 0.34192611 0.71072205 0.43435767 0.76832304 0.61141559 0.61969409 0.06939683 0.66390317 0.53714810 0.53839124 0.63716487 0.64048391 0.71196318 0.72795721 0.82446582 0.82815301 0.82339614 1.00000000 0.72202769 0.74562582 0.19898753 0.74585554 0.53509284 0.50649629 0.81285606 0.83395152 0.54906108
0.27424556 0.41180690 0.62689027 0.47567981 0.24040247 0.56495056 0.54484999 0.61513559 0.64863797 0.53630838 0.19711968 0.54182272 0.60777978 0.60916745 0.27249314 0.46945682 0.51520881 0.51348313 0.45631493 0.49662692 0.60901668 0.60161224 0.54283804 0.62940943 0.62599963 0.66110942 0.49188085 0.52910352 0.55485470 0.54522571 0.40871953 0.10544393 0.27715450 0.34685741 -0.04736896 0.33499418 0.57507104 0.48193261 0.55142472 0.45602297 0.30289983 0.37125017 0.28044501 0.25341944 0.54314074 0.49443312 0.65998291 0.39651518 0.57216453 0.44983718 0.14043081 0.35907852 0.60483374 0.46554731 0.61671382 0.50532426 0.61726794 0.12708991 0.63009353 0.52741008 0.37255036 0.58980428 0.54681490 0.54969806 0.64577441 0.67372400 0.70438653 0.71548300 0.72202769 1.00000000 0.64725452 0.24984409 0.64896442 0.40637088 0.41819170 0.67770985 0.67212908 0.59808668
0.18134027 0.17951166 0.52481617 0.40215968 0.06576655 0.55468172 0.51077364 0.47879202 0.53466184 0.30522577 0.03423125 0.43967174 0.46694476 0.39314231 0.12173826 0.46140491 0.47555250 0.51484887 0.45194477 0.53301749 0.46814922 0.56440093 0.46421805 0.55154842 0.57804832 0.60874832 0.47640932 0.49494722 0.50549351 0.49525635 0.31878502 0.07520914 0.46542574 0.53391239 0.00602893 0.16486740 0.41766675 0.53376762 0.59869625 0.34161247 0.30402437 0.42647222 0.49024532 0.35318509 0.57118916 0.62920001 0.60448669 0.53247049 0.62423281 0.47040918 0.22024294 0.41999546 0.59877841 0.40512061 0.63390748 0.53278480 0.54020458 0.19031489 0.60537812 0.56659200 0.53738503 0.55812791 0.55617758 0.64434856 0.62184865 0.74266722 0.67181324 0.76000012 0.74562582 0.64725452 1.00000000 0.33420954 0.65657071 0.55035181 0.64195738 0.63674947 0.71229920 0.49873932
0.37298745 0.18819164 0.25408037 0.34737184 0.42114628 0.24135142 0.15899138 0.20428645 0.09728680 0.13151616 0.33742448 0.26610451 0.13201159 0.22526054 0.30341165 0.06997088 0.02903563 0.27395704 0.35652873 0.35946359 0.16936760 -0.03973015 -0.03228492 0.23261283 0.03380210 0.23275703 0.20414019 0.21184695 0.24245226 0.35649937 0.30994997 0.35469538 0.33954486 0.12103346 0.15738234 0.36161001 0.11192851 0.09190229 0.07267727 0.26399611 0.30258223 0.23474287 0.36947359 0.55587087 0.45908444 0.40029413 0.14350439 0.21029251 0.04116697 0.10891218 0.57274604 0.22152798 0.31929292 0.40018516 0.25082641 0.47923103 0.33391697 0.56220559 0.31673317 0.36240472 0.37162106 0.18032658 0.45471589 0.35743185 0.21594077 0.20456187 0.21653129 0.18684872 0.19898753 0.24984409 0.33420954 1.00000000 0.30846366 0.63601230 0.57753677 0.21499500 0.00716378 0.53394171
0.11497574 0.22945631 0.67875970 0.53934228 0.28208173 0.59197436 0.56626833 0.54621442 0.66320048 0.54724706 0.19437046 0.64870055 0.57979401 0.41676261 0.18807698 0.47364591 0.62062707 0.55792150 0.46220873 0.57432569 0.48231303 0.65651127 0.47133679 0.67496091 0.68628728 0.59739563 0.45715362 0.56020801 0.62176155 0.62750691 0.25457733 0.14281104 0.40464915 0.38890901 -0.10989627 0.22500708 0.56015666 0.50818013 0.64321875 0.35598001 0.34235860 0.33538179 0.36765439 0.26062624 0.54847696 0.57949174 0.66915508 0.39430205 0.56109213 0.51214789 0.21488756 0.28785069 0.64401925 0.42130295 0.67627003 0.56049126 0.58848090 0.13023165 0.53842488 0.50152207 0.47126793 0.55073859 0.60968342 0.62339456 0.64378973 0.65026537 0.70429955 0.70359008 0.74585554 0.64896442 0.65657071 0.30846366 1.00000000 0.48375187 0.48234915 0.63350660 0.72689999 0.53497794
0.34342346 0.26679831 0.49290340 0.45246584 0.38022864 0.45451309 0.38133948 0.35278752 0.35283289 0.26800373 0.25200930 0.35288358 0.31983698 0.34710501 0.29304288 0.18844907 0.22753572 0.43818196 0.37890465 0.44328756 0.27228350 0.27721475 0.16459946 0.44255633 0.27007990 0.48330129 0.36901071 0.43845956 0.44291405 0.51943249 0.33605122 0.31119563 0.43387625 0.31568855 0.09986974 0.24659828 0.31492906 0.33428498 0.30660099 0.34522713 0.41972428 0.31671955 0.41197509 0.50462885 0.55932381 0.53662859 0.38554115 0.49603067 0.30324054 0.26682886 0.42753725 0.31429806 0.56266478 0.45375888 0.49146945 0.62144640 0.51418701 0.53488773 0.48700205 0.50092149 0.57439753 0.39223787 0.59722723 0.53711562 0.46764140 0.53165035 0.55229367 0.42732304 0.53509284 0.40637088 0.55035181 0.63601230 0.48375187 1.00000000 0.69990911 0.54857187 0.31656085 0.63664765
0.32857929 0.27905295 0.48641396 0.42923539 0.30637969 0.49378945 0.38568200 0.37073299 0.36517247 0.29195626 0.26505040 0.35509072 0.32405215 0.37634309 0.28382897 0.26357410 0.19569313 0.41857010 0.33625541 0.43373408 0.32277584 0.26376407 0.26447519 0.41507185 0.31945695 0.46539749 0.40200158 0.45034997 0.52753361 0.48193866 0.39601670 0.34777034 0.49848798 0.43994565 0.09792587 0.29001008 0.33098604 0.42145930 0.34882845 0.36106746 0.38701095 0.38746887 0.45966993 0.52569049 0.58422273 0.57786718 0.44943666 0.50218512 0.39726527 0.30112080 0.46956219 0.34987025 0.54253605 0.36037358 0.47176588 0.56975697 0.49554600 0.50091254 0.52714224 0.52119694 0.54948863 0.43275964 0.55376881 0.55043389 0.49451304 0.59853263 0.49195810 0.44814050 0.50649629 0.41819170 0.64195738 0.57753677 0.48234915 0.69990911 1.00000000 0.53900019 0.41180205 0.61633727
0.24124271 0.36126931 0.69448466 0.58130275 0.18798409 0.60557198 0.62362205 0.55717143 0.62377272 0.46719529 0.20320517 0.54685542 0.57295699 0.55899150 0.29665300 0.45045358 0.56738953 0.51513112 0.36377163 0.55815077 0.49241983 0.64562575 0.49533086 0.72272769 0.66338997 0.68181388 0.53729503 0.65931533 0.59824742 0.64185595 0.29948974 0.12411508 0.43031250 0.45327783 0.00443619 0.21431044 0.67145318 0.63687782 0.56829703 0.46587725 0.35374084 0.39858295 0.41225752 0.30438008 0.55615307 0.65739636 0.66230684 0.54111129 0.58969335 0.47148721 0.21009600 0.34219458 0.64104899 0.40300668 0.65791960 0.60615254 0.58775123 0.17213462 0.65934610 0.52182696 0.54968720 0.60230084 0.67194827 0.65899031 0.69273845 0.78914225 0.80528472 0.68561102 0.81285606 0.67770985 0.63674947 0.21499500 0.63350660 0.54857187 0.53900019 1.00000000 0.68114146 0.60572774
0.02388906 0.20963372 0.61895424 0.43098264 -0.00929663 0.56661750 0.67723729 0.55428612 0.63831688 0.46230717 0.00807169 0.57784470 0.66376812 0.42062913 0.04827293 0.60320452 0.70384391 0.48278498 0.35349946 0.56324677 0.52799674 0.76335500 0.66381131 0.63287621 0.81415308 0.63569710 0.48113299 0.55184679 0.59765995 0.49660312 0.20530383 -0.05205061 0.43705038 0.56066411 -0.08785992 0.10239901 0.59992265 0.66662424 0.75125401 0.33195389 0.29603765 0.44599831 0.38598343 0.09362521 0.43810272 0.55714407 0.70566527 0.47557158 0.71897237 0.60496445 0.03639377 0.40985079 0.55580059 0.30157792 0.62082051 0.42496918 0.47440563 -0.12610201 0.57924747 0.48596042 0.40293393 0.56639662 0.48932446 0.59441809 0.68235975 0.76951653 0.70207816 0.76655083 0.83395152 0.67212908 0.71229920 0.00716378 0.72689999 0.31656085 0.41180205 0.68114146 1.00000000 0.33739399
0.50690579 0.56017168 0.60985782 0.60733696 0.44892009 0.55509988 0.41053312 0.58223871 0.57216934 0.49343286 0.43248281 0.49603501 0.47719116 0.64059816 0.52811923 0.27105512 0.31360350 0.56807739 0.49214056 0.52215573 0.54161018 0.34716492 0.29854961 0.59924043 0.39388952 0.64082827 0.48087260 0.58368862 0.56798573 0.61317770 0.50039299 0.41711819 0.40523831 0.31007778 0.06963557 0.49399181 0.52216417 0.41448867 0.40834943 0.61017150 0.53790232 0.41767739 0.43521528 0.52346379 0.65306958 0.53957159 0.54357027 0.45931483 0.39442026 0.34535817 0.51473619 0.36519929 0.66547243 0.56306336 0.54744302 0.69373390 0.66999546 0.50665617 0.64432047 0.61532372 0.54997695 0.53659156 0.65328584 0.61900553 0.61141606 0.56792870 0.63606097 0.48172314 0.54906108 0.59808668 0.49873932 0.53394171 0.53497794 0.63664765 0.61633727 0.60572774 0.33739399 1.00000000
