1.00000000 0.21184120 0.18172012 0.11569051 0.15678918 0.16486391 0.29425938 0.12848840 0.16872032 0.17899008 0.25146811 0.13477035 0.27994291 0.06141017 0.07580733 0.03591863 0.06167176 0.02764874 0.06531388 0.02620840 0.05105987 -0.04903105 -0.00819975 0.03982726 0.05173328 0.06188239 0.00739913 0.05442597 -0.05297229 -0.01624475 -0.00688024 -0.00252125 0.00979039 -0.01625264 0.10307368 0.02457562 0.03290654 0.06656645 -0.01652816 0.01629191 0.05298996 0.05979614 0.00583260 -0.00117748 0.01650764 0.01643682 0.04496930 0.08230868 0.00640460 0.02592302 -0.00522903 -0.00349154 0.03581702 0.06124411 0.07351955 0.10277733 0.10351376 0.11584512 0.04663745 0.01139665 0.10300949 0.13285032 0.11675451 0.07193524 -0.00976035 0.13700768 0.03841755 0.03178504 0.04938981 0.05686736 0.06297370 0.03350953 0.00503312 0.06589748 0.06376741 -0.02695950 0.07101780 0.02610782
0.21184120 1.00000000 0.15442740 0.06296221 0.17975173 0.04211511 0.11787547 0.10606070 0.22115485 0.29892469 0.18123107 0.25969141 0.23059844 -0.00747142 0.00847281 0.04695257 0.00232353 -0.03664137 -0.04021647 0.03456212 0.07509371 -0.05805018 0.00415880 -0.03969951 -0.01787774 -0.00006219 0.07252654 0.02400786 -0.01468213 0.01054726 0.03107864 0.03400722 0.03176406 0.02514966 0.07583622 0.03271594 0.06326241 -0.01254064 0.03263004 -0.08304910 0.02400693 0.03017392 -0.06456133 -0.08209868 -0.05775031 0.04865604 -0.00974041 0.04180798 0.04955738 -0.03811589 0.01461944 0.05340256 0.01843889 0.00912626 0.04775933 0.01504829 0.08754683 0.06064595 0.03301311 0.01484707 0.00434021 0.00968912 0.03844366 0.00636893 0.06860645 0.06883715 0.05376856 -0.01731804 0.05722787 0.04802403 0.04447256 0.01762237 -0.07079283 -0.01830614 0.03696379 -0.01649098 -0.02101095 -0.01600853
0.18172012 0.15442740 1.00000000 0.13114132 0.19003027 0.28172526 0.24044864 0.18131339 0.25788564 0.18825878 0.13926929 0.18972186 0.28592393 0.05882062 0.04097501 -0.03056224 0.08228257 0.05615014 0.02887026 0.11707660 0.09261347 0.00852628 0.06592587 0.05254725 0.07035717 0.07963949 -0.09363294 -0.06167295 0.02869316 0.00315288 0.02687478 0.00239680 -0.01531213 -0.04761877 -0.04920592 0.06165789 0.01030289 -0.01458454 -0.03288397 0.03618270 0.06933023 0.06691199 0.00496142 -0.07373867 0.06161950 0.01144316 0.07050136 0.09306511 0.04739216 -0.05377957 -0.00592057 0.02862957 0.04122833 -0.02012868 0.05989136 0.06613540 0.09249699 0.02602937 0.02281605 0.01514278 0.11429088 0.05451604 0.06763622 0.07183504 -0.03658776 0.09006131 0.05524570 0.01919146 0.04753941 0.09014307 0.04702849 -0.02167228 -0.04007461 0.03969704 0.07277636 0.01472013 -0.01462832 -0.06787364
0.11569051 0.06296221 0.13114132 1.00000000 0.24730409 0.19390723 0.23639627 0.17983984 -0.06609657 0.02698735 0.10326465 0.12075790 0.01142135 -0.01665542 0.06388640 -0.01298270 -0.09731654 0.02386174 0.08223646 0.05692553 -0.06529248 0.04442186 0.06363938 0.04595781 0.02780172 -0.03507016 -0.02411487 -0.04169369 -0.06256666 0.11417695 0.00411480 -0.01551615 -0.03911247 -0.07168039 0.01886679 -0.01896357 -0.12448977 -0.01933458 -0.08425089 -0.00949884 -0.03472603 0.01314206 0.03699462 0.06779768 0.07957120 0.07497683 0.07062464 -0.02761765 0.06938900 0.07084473 0.03800463 -0.01870317 -0.04766472 -0.04538330 -0.03407746 -0.00404139 -0.00534424 -0.00964443 -0.05022664 -0.08090310 0.02951931 -0.01508455 0.04608968 -0.03966932 -0.02326778 -0.01870043 0.06006837 0.04388391 0.03605203 0.04617137 0.13388661 0.04508847 0.07459083 0.05878084 0.01836373 0.11564164 -0.00875655 -0.08018216
0.15678918 0.17975173 0.19003027 0.24730409 1.00000000 0.21696831 0.24254690 0.18119862 0.18736637 0.15325312 0.28799498 0.16719836 0.27788467 0.05397657 -0.00157729 -0.04665968 -0.05453899 0.07429103 0.07352652 0.02781600 0.04512785 0.06517408 0.01460119 -0.01159284 0.01458834 -0.02018470 -0.04030557 -0.03408323 -0.06845601 0.04603867 -0.04883809 -0.03519358 -0.09495032 -0.01270722 -0.01548351 -0.05664979 0.01554071 -0.03424537 -0.04144623 -0.01637130 -0.08321517 -0.02454184 0.06970604 -0.01923814 -0.01930666 0.02413168 0.02305100 0.00490605 0.03596798 -0.02724982 -0.01759695 -0.00143369 -0.02247544 -0.02218617 -0.01866910 0.01858286 -0.00267727 0.01207803 0.01638681 -0.07149008 0.00367614 -0.00927671 0.00096331 -0.02009718 0.02365036 0.00401720 0.12204599 0.03057600 0.08684724 0.03824930 0.10542920 0.03714150 0.06353540 0.08063012 -0.02892780 0.06092148 -0.05205445 -0.09117543
0.16486391 0.04211511 0.28172526 0.19390723 0.21696831 1.00000000 0.18301908 0.15601654 0.23398678 0.18649051 0.21625554 0.14602300 0.21184220 0.04466810 0.09223099 -0.04639937 0.03796538 -0.00084214 0.03592619 0.04528633 0.06469154 0.05062385 0.06234188 -0.01336745 0.06616065 0.07441818 -0.12439633 -0.05276561 -0.07931988 -0.06908008 -0.01427150 -0.10455711 -0.07755260 -0.03581654 -0.00376965 0.02473740 -0.02694228 -0.05153764 -0.03313176 0.01382649 0.01703491 -0.05080069 -0.05736735 -0.00332604 0.00695732 0.01132769 0.08713310 0.10655623 0.07311930 0.02478084 -0.01734813 0.01021598 0.06339766 -0.00483694 0.02775674 -0.07568927 -0.00459738 -0.00692734 0.00829599 0.01626166 0.04860616 0.05487184 0.03511203 0.01645700 -0.10190155 0.07649097 0.04132820 -0.06782862 0.03682974 0.08569691 0.03692216 0.04594455 0.02083503 0.01485033 0.08820666 0.00384079 0.04439060 -0.00727251
0.29425938 0.11787547 0.24044864 0.23639627 0.24254690 0.18301908 1.00000000 0.14047265 0.10272274 0.19434067 0.20424536 0.25548855 0.22368099 0.01438285 -0.01019468 0.03450095 -0.04505591 0.03461571 0.06344199 0.08880251 0.11934165 0.04913288 0.10386825 -0.00118733 0.13353921 0.07060122 -0.08275580 -0.00630932 -0.06909574 -0.00248778 0.00176202 -0.08032919 -0.02920762 0.02082017 -0.02130614 -0.01281787 0.02454166 0.04235104 0.02577743 0.00497190 -0.04880781 -0.04139328 -0.08065728 -0.00343529 0.02589036 -0.02455755 0.05989413 0.07664307 0.03529655 0.03338505 -0.05661958 0.04989687 0.12571004 0.05875841 0.04200568 0.14797879 0.07901235 0.01972815 0.08736232 0.05850608 0.11716821 0.06521965 0.07900956 0.11378405 0.07808865 0.08007525 0.08479458 0.02523689 0.08717182 0.07450841 0.13141254 -0.00095329 0.03615442 -0.01249653 0.06859221 -0.03299243 0.07592296 0.05750991
0.12848840 0.10606070 0.18131339 0.17983984 0.18119862 0.15601654 0.14047265 1.00000000 0.21403169 0.19416422 0.27519648 0.21872252 0.23587060 0.00140148 0.06103288 0.08614587 0.03582004 0.06168812 0.08353459 0.12565608 0.04020782 0.14390057 0.09922979 0.05221380 0.05683734 0.00372486 -0.03236767 -0.04147276 -0.06158387 -0.02687891 -0.01450199 0.02493930 0.00431622 0.01993782 -0.06305496 -0.05324633 -0.01340667 0.01047499 0.05256063 -0.00469396 -0.00389578 0.01788292 -0.00773097 -0.01220391 0.01136654 0.06179045 0.08705859 0.08711118 0.11080806 0.02309662 -0.04166822 0.03816583 0.06209877 -0.05515322 0.03416807 0.02599915 -0.00781512 0.02301699 0.01076477 -0.07985859 0.02160469 0.06035858 0.01018631 0.00892968 0.04134488 0.05223859 0.12900667 0.06821486 0.05417258 0.13172423 0.06438018 -0.00006745 0.06759398 0.04737781 0.01870166 0.06655994 0.03087990 -0.01146572
0.16872032 0.22115485 0.25788564 -0.06609657 0.18736637 0.23398678 0.10272274 0.21403169 1.00000000 0.32850486 0.02263431 0.29021744 0.29675435 0.08881192 -0.02342764 0.04799707 0.13460511 0.04580427 -0.03653304 0.08943303 0.11364532 0.11544476 0.14114184 0.01648626 0.01884465 0.09508256 -0.08058221 0.04296491 0.00177255 -0.11704112 0.02362311 -0.03427707 -0.03710833 0.02021455 -0.03845865 0.07559003 0.09421353 0.04777163 0.15870770 -0.00433204 0.07768810 0.03359735 -0.06043551 -0.07552524 -0.07232888 0.11535706 0.07404966 0.18218767 0.13449915 0.01344085 -0.08118336 0.06950328 0.17378508 0.06328385 0.15080226 0.12323142 0.05412251 0.10126991 0.11094695 0.07079820 0.20119817 -0.00615644 0.10311093 0.14846083 0.07351555 0.14954393 0.16351371 -0.00300158 0.12940133 0.14933402 0.03944795 -0.03509933 -0.03176260 0.04549094 0.05349922 0.02513088 0.03398738 0.08956212
0.17899008 0.29892469 0.18825878 0.02698735 0.15325312 0.18649051 0.19434067 0.19416422 0.32850486 1.00000000 0.26294475 0.34457821 0.27325992 0.07043357 0.03424576 0.06455286 0.00902805 0.04914589 0.04917846 0.04441979 0.20193356 0.10326512 0.15328969 0.00988842 0.05370220 0.09565628 -0.04860406 0.08337323 0.04685898 -0.02210562 0.05032485 0.04240807 -0.00668109 0.02516866 -0.01676998 0.03464227 0.07955691 0.08281368 0.05943982 0.01189131 0.07887914 -0.02090902 -0.07026185 -0.03972265 -0.02548663 0.02782483 0.04964430 0.15088405 0.10906340 0.02497389 -0.00127997 0.07381094 0.16660047 0.06592657 0.09296342 0.10936138 0.11422438 0.11101885 0.08901828 0.07289589 0.05407294 0.05102524 0.03430087 0.06403317 0.04814775 0.17134605 0.17092941 -0.02487218 0.17768066 0.16608413 0.10512360 0.07942739 0.02282031 0.06747056 0.11336088 0.06255735 0.11393534 0.05358765
0.25146811 0.18123107 0.13926929 0.10326465 0.28799498 0.21625554 0.20424536 0.27519648 0.02263431 0.26294475 1.00000000 0.21147384 0.27193916 0.01430576 0.03445360 0.03521318 0.02699660 0.02416275 0.12454987 0.05425499 0.05050509 0.02832530 0.06719291 -0.02626758 0.06865301 -0.03743247 -0.05595909 0.01338078 -0.03278694 -0.05668962 0.01839882 0.01121492 -0.01739614 0.02351237 -0.06204237 0.01272775 0.02739984 0.00358845 -0.02319321 0.00389326 0.04434540 -0.03512930 -0.00875150 0.03427378 -0.04352363 -0.00337083 0.01722630 0.08493145 0.06575058 0.04610690 0.01936027 0.03704137 0.03340541 -0.00791426 -0.03727423 0.05224742 0.01405463 -0.03229887 -0.00311141 0.01600226 -0.03875525 0.03671694 -0.05229050 -0.02597054 -0.02469891 0.07410056 0.03760464 -0.05281466 0.01682274 0.06701822 -0.03941945 -0.01043153 -0.05484048 0.02756043 0.03716874 -0.01872954 -0.04055865 -0.08000970
0.13477035 0.25969141 0.18972186 0.12075790 0.16719836 0.14602300 0.25548855 0.21872252 0.29021744 0.34457821 0.21147384 1.00000000 0.29839831 0.08391303 -0.01952000 0.02078667 -0.02065794 0.07016013 -0.02723108 0.05607188 0.14862461 0.03603390 0.12175881 -0.03223055 0.05788339 0.07559495 -0.08334238 0.01558160 -0.05864971 -0.00449036 -0.02119970 -0.02942080 0.02484617 0.01272811 0.01975269 -0.00879056 0.01189205 0.04321770 0.05515729 0.03125196 0.05408844 -0.00718084 -0.03342117 0.04753482 -0.07615124 0.07355925 0.07192219 0.11906431 0.11162309 0.02103609 0.01801230 0.03177052 0.10201887 0.03081904 0.00858429 0.10409932 -0.01081805 0.08297389 0.07906770 0.04829248 0.03861552 -0.03800584 0.06474655 0.09470599 0.02023171 0.14262378 0.14524443 0.03577466 0.18238298 0.13269105 0.03871511 0.05942589 0.04211496 0.11633423 0.05362382 0.03771977 0.01072191 0.11442701
0.27994291 0.23059844 0.28592393 0.01142135 0.27788467 0.21184220 0.22368099 0.23587060 0.29675435 0.27325992 0.27193916 0.29839831 1.00000000 0.09045672 0.04319386 0.05405256 0.08620088 0.01300779 0.06967184 0.12902090 0.11153656 0.07906131 0.21509657 0.00734858 0.12765097 0.10916671 -0.04913349 0.05333430 0.01654787 -0.01020751 -0.02423291 0.01667449 -0.01454727 0.07535760 -0.03184812 0.05192258 0.12320838 0.00989774 0.06623979 0.02747503 0.06605047 0.03952833 -0.04191810 0.05101244 0.03403673 0.10092837 0.05904889 0.15264535 0.15496861 0.07234477 -0.01619243 0.05880048 0.16879448 0.09222839 0.10420498 0.15040694 0.01261221 0.12644906 0.15539683 0.01605539 0.10020055 0.08243230 0.13189177 0.09061074 0.12140365 0.07366900 0.14914606 0.04402002 0.09668639 0.15151599 0.06339367 0.02753243 0.01217502 0.09024525 0.06031385 -0.02845643 0.03655851 0.02981807
0.06141017 -0.00747142 0.05882062 -0.01665542 0.05397657 0.04466810 0.01438285 0.00140148 0.08881192 0.07043357 0.01430576 0.08391303 0.09045672 1.00000000 0.23692866 0.11698389 0.27877561 0.31430422 0.09379173 0.13242077 0.14756894 0.15941708 0.23445945 0.16724473 0.20152547 0.13058155 0.00917021 0.03566697 0.09201128 0.00864535 0.00644979 0.00434819 -0.13791338 -0.07298569 -0.07454402 0.14389319 0.06184033 0.02100742 -0.05885351 0.05337268 0.04091809 0.04240683 0.03426985 0.00804692 0.05971450 -0.01887320 0.00878769 0.00257686 0.04024877 -0.01102105 -0.00833169 0.01264780 0.00039413 0.03195700 -0.03954121 0.07988593 0.00597966 0.03072843 0.08504466 -0.00688086 0.02962295 0.05436768 0.01604817 -0.00457833 -0.06267813 0.00750047 0.05122502 -0.01938554 0.05942352 0.02673740 -0.04271954 0.00432534 -0.01765057 0.06331624 0.07583802 0.02017722 -0.01351582 0.04763948
0.07580733 0.00847281 0.04097501 0.06388640 -0.00157729 0.09223099 -0.01019468 0.06103288 -0.02342764 0.03424576 0.03445360 -0.01952000 0.04319386 0.23692866 1.00000000 0.08543177 0.14557404 0.12552437 0.24666179 0.08539921 0.21752726 0.20880823 0.14041715 0.24238481 0.25931519 0.12227564 -0.03181579 0.02460073 0.01080206 0.08154900 -0.09491075 0.02693956 -0.04733536 -0.14139559 -0.03444453 0.06286996 -0.02256773 -0.03627722 -0.08489071 0.00316654 -0.03435540 0.01726308 -0.01602130 0.03428282 0.01249021 -0.00382715 0.07291284 -0.02413068 -0.02173514 -0.01377840 0.00155248 0.03598581 -0.07627189 0.02683658 -0.04454728 -0.09804638 0.01934639 -0.03208756 -0.08136137 -0.06086869 -0.07856100 0.02428718 0.04385767 -0.05277694 -0.10196420 -0.02533808 0.03085510 0.06536977 -0.00911480 -0.00152920 -0.04620562 0.02364957 0.01701944 -0.00604165 0.00651583 0.04983971 -0.05856690 -0.08186053
0.03591863 0.04695257 -0.03056224 -0.01298270 -0.04665968 -0.04639937 0.03450095 0.08614587 0.04799707 0.06455286 0.03521318 0.02078667 0.05405256 0.11698389 0.08543177 1.00000000 0.11776276 0.14523845 0.23685470 0.12345542 0.17402488 0.19031043 0.27177670 0.25282575 0.19256070 0.17663625 0.05799448 0.03548470 0.06382160 0.00445997 0.02079712 0.03710919 -0.00519011 0.08062460 -0.00712606 0.05199812 0.11058247 0.01129674 0.06861629 -0.00463486 0.00251454 0.06991923 -0.05669821 -0.05045089 -0.00482897 0.05415218 0.03975864 0.03592045 0.07590508 0.03614291 0.02308627 -0.00631030 0.09894872 0.08597900 0.14503457 0.12097642 0.06060800 0.06269648 0.13170555 -0.00981992 0.14442564 0.09090152 0.03791793 0.06568006 0.08745726 0.05413092 0.05004733 0.04631847 0.03470753 0.06259630 0.03274403 -0.04321665 -0.07907480 0.03613517 -0.06729809 0.05647770 -0.02389556 -0.00951727
0.06167176 0.00232353 0.08228257 -0.09731654 -0.05453899 0.03796538 -0.04505591 0.03582004 0.13460511 0.00902805 0.02699660 -0.02065794 0.08620088 0.27877561 0.14557404 0.11776276 1.00000000 0.18347769 0.03456136 0.19263090 0.07556903 0.26345822 0.07102351 0.25629729 0.23370561 0.23337262 0.02582736 0.11516047 0.08326802 -0.03034675 -0.02474122 -0.03504495 -0.01279186 0.01565310 -0.10680302 0.07951756 0.03477658 0.05624374 0.14118752 0.02739059 0.04172193 0.00361828 -0.01400884 -0.04119283 0.06276629 0.01089228 -0.04801182 0.05144855 0.08415466 0.00797705 0.02016493 0.07087075 0.08922813 0.04546676 0.08335811 0.04275222 -0.06189316 -0.06090709 0.06642390 -0.02074526 0.01123825 0.08207855 0.02649858 0.09146780 -0.00909862 0.03495529 -0.01610684 -0.01138122 0.09108011 0.02831455 -0.05773456 -0.04589321 -0.05558488 0.02865324 0.06029733 -0.05574810 0.02450004 0.00475562
0.02764874 -0.03664137 0.05615014 0.02386174 0.07429103 -0.00084214 0.03461571 0.06168812 0.04580427 0.04914589 0.02416275 0.07016013 0.01300779 0.31430422 0.12552437 0.14523845 0.18347769 1.00000000 0.21657256 0.10428679 0.15874891 0.17676021 0.17269483 0.14237045 0.13644280 0.15695627 0.02012072 -0.04422183 -0.00293954 -0.04401598 -0.02261665 -0.05291199 -0.03177380 -0.08277377 -0.09745046 0.06007959 -0.06988674 0.01465453 -0.03863735 0.03655637 0.01884327 0.01197568 0.06348064 0.02908124 0.05747174 -0.00110505 0.10961288 0.05066339 0.05610381 -0.00782295 0.03836442 0.05050962 -0.00456270 0.03203216 0.02655314 0.01558924 0.01413814 0.00818531 0.02824002 -0.00494712 0.04256348 -0.00355396 0.07135270 0.08793667 -0.01105023 0.08081231 0.09605815 0.03045795 0.12734787 0.05164436 0.02766700 -0.06029355 0.03769060 -0.07553437 -0.00287549 0.03467316 0.04732050 0.02558769
0.06531388 -0.04021647 0.02887026 0.08223646 0.07352652 0.03592619 0.06344199 0.08353459 -0.03653304 0.04917846 0.12454987 -0.02723108 0.06967184 0.09379173 0.24666179 0.23685470 0.03456136 0.21657256 1.00000000 0.22986581 0.13748711 0.22341696 0.21657830 0.18747174 0.15321865 0.26033871 -0.07690529 -0.03926040 -0.07288718 -0.04974837 -0.02537686 -0.04171317 -0.02181249 -0.05002830 -0.03762244 0.00868707 -0.04513050 -0.02830641 -0.07222857 0.02541974 -0.02580365 -0.00612436 0.02966476 -0.00200496 -0.00469896 -0.01018816 0.03093185 0.00057991 0.07720214 0.00807734 0.02791228 -0.01788199 -0.00577497 0.10583474 0.04081562 0.02235832 0.13810973 0.01229908 0.06605695 0.06364558 0.10333093 0.15014570 0.04446956 0.06351363 0.02730583 0.12081380 0.05759037 0.01918051 0.00617669 0.05387193 0.03054350 -0.01508851 0.07193135 0.03862115 -0.02249082 0.11652409 0.00478940 -0.07386567
0.02620840 0.03456212 0.11707660 0.05692553 0.02781600 0.04528633 0.08880251 0.12565608 0.08943303 0.04441979 0.05425499 0.05607188 0.12902090 0.13242077 0.08539921 0.12345542 0.19263090 0.10428679 0.22986581 1.00000000 0.17392105 0.17590205 0.33901955 0.15505800 0.31087098 0.29470008 -0.00767180 -0.02065935 0.05301602 -0.07906452 0.06644180 0.00454073 0.02206679 -0.00407129 -0.07930211 0.06646189 0.04373826 0.01349841 0.07404678 0.03347785 -0.00905106 -0.01009128 -0.02737731 -0.02384315 0.03172687 0.05999632 0.05283939 0.04997450 0.13697449 0.02884705 -0.02915565 0.05138974 0.14465220 0.08057378 0.11814881 0.08828931 -0.02164641 -0.00228636 0.08376620 0.06806015 0.10921642 0.11158815 0.03345168 0.10292978 0.04394080 0.11333591 0.02939201 -0.02045275 0.06921369 0.07295478 0.06365705 -0.05075707 0.03900841 -0.02777974 -0.01483674 -0.01722476 0.07490168 0.01419692
0.05105987 0.07509371 0.09261347 -0.06529248 0.04512785 0.06469154 0.11934165 0.04020782 0.11364532 0.20193356 0.05050509 0.14862461 0.11153656 0.14756894 0.21752726 0.17402488 0.07556903 0.15874891 0.13748711 0.17392105 1.00000000 0.33283672 0.18727152 0.27789322 0.19665101 0.22970811 -0.03487828 -0.02824196 -0.01330957 -0.02802205 -0.02806085 -0.01606022 -0.02970448 -0.00669361 -0.08811616 0.06154451 0.05080878 0.00383398 0.00583522 0.04359631 0.04588408 0.05282938 -0.11820517 -0.05598877 0.01479542 -0.00468369 0.07642956 0.05799297 0.05205845 0.14691727 -0.02043136 0.06526409 0.15662826 0.12771957 0.13593443 -0.00103334 0.07118894 0.02942998 0.20799459 0.11863890 0.13264432 0.05921112 0.04071087 0.10421780 0.08215014 0.04048817 0.06597912 -0.05688689 0.09580885 0.07597219 0.02276347 -0.02497220 -0.05747061 -0.02615526 -0.05475955 -0.06559041 0.09500183 -0.05985672
-0.04903105 -0.05805018 0.00852628 0.04442186 0.06517408 0.05062385 0.04913288 0.14390057 0.11544476 0.10326512 0.02832530 0.03603390 0.07906131 0.15941708 0.20880823 0.19031043 0.26345822 0.17676021 0.22341696 0.17590205 0.33283672 1.00000000 0.21562304 0.30190034 0.28825388 0.19043328 -0.01121668 -0.00943489 0.06110744 -0.04691303 -0.03631506 -0.01790188 -0.04519947 0.06056507 -0.08996555 0.05384084 -0.01712062 0.00829148 0.04277641 0.00989111 0.00648797 0.00799309 -0.01599982 -0.02775267 0.04499294 -0.01602212 0.09705683 0.03865750 0.12552608 0.06710560 -0.03469641 0.10841735 0.07832199 0.07209662 0.06275977 0.01135081 -0.01960706 -0.02941736 0.14389030 0.04613882 0.07225958 0.05110354 0.04820755 0.07999933 0.00091966 0.06261378 0.05450521 0.02544040 0.13911380 0.12320124 0.09686458 -0.02286484 0.02554888 -0.00501837 -0.02229948 0.05891719 0.13997892 -0.01509103
-0.00819975 0.00415880 0.06592587 0.06363938 0.01460119 0.06234188 0.10386825 0.09922979 0.14114184 0.15328969 0.06719291 0.12175881 0.21509657 0.23445945 0.14041715 0.27177670 0.07102351 0.17269483 0.21657830 0.33901955 0.18727152 0.21562304 1.00000000 0.05988033 0.32151331 0.19303985 -0.06408724 -0.03023967 0.01336735 -0.09093680 0.08889480 -0.01892240 -0.03377480 0.08434564 -0.06651117 -0.08413855 0.11106045 0.07661147 0.04129433 0.02944249 0.09054831 0.04097241 -0.08091990 0.00144816 0.01039024 0.12122306 0.08798817 0.18087368 0.17335834 0.11853130 0.00679615 0.12700274 0.19143640 0.17098147 0.12518286 0.19447430 0.08483988 0.13277745 0.20278207 0.13578546 0.16656135 0.12577471 0.14373841 0.12127661 0.07015122 0.13457373 0.08615518 -0.08775364 0.10768693 0.10356061 0.07912463 -0.12707569 -0.05296132 0.03837487 0.00421981 -0.04763921 0.03602934 -0.01626267
0.03982726 -0.03969951 0.05254725 0.04595781 -0.01159284 -0.01336745 -0.00118733 0.05221380 0.01648626 0.00988842 -0.02626758 -0.03223055 0.00734858 0.16724473 0.24238481 0.25282575 0.25629729 0.14237045 0.18747174 0.15505800 0.27789322 0.30190034 0.05988033 1.00000000 0.19382877 0.21211517 0.06935647 0.01828207 0.06134417 0.10700095 0.01238488 -0.01722470 -0.03975720 -0.04505910 -0.03901434 0.05530754 -0.03085398 0.01816087 0.00604908 0.05890023 0.01758584 0.07898833 0.04321668 0.03177150 0.08540385 0.02811919 -0.00533447 -0.05798892 -0.00764562 0.02693464 0.03275848 0.02009634 -0.00333118 0.01391987 0.02383947 0.00765624 -0.02386814 -0.01382821 0.02542469 -0.05118110 0.01087175 0.00917395 -0.03969421 0.04903925 -0.03082092 -0.09117180 0.04622055 0.10157890 -0.02904138 0.03139220 -0.00500045 0.06097611 0.05203207 -0.00397982 -0.00785356 0.00440211 0.01810405 -0.06222658
0.05173328 -0.01787774 0.07035717 0.02780172 0.01458834 0.06616065 0.13353921 0.05683734 0.01884465 0.05370220 0.06865301 0.05788339 0.12765097 0.20152547 0.25931519 0.19256070 0.23370561 0.13644280 0.15321865 0.31087098 0.19665101 0.28825388 0.32151331 0.19382877 1.00000000 0.15758323 -0.02434589 -0.01079383 0.01728129 -0.05727891 -0.01868062 0.01822107 -0.02912062 0.07563202 -0.12853077 -0.08279891 0.03252202 0.04304605 -0.01378910 -0.03133270 -0.02225871 -0.00448984 -0.07009445 -0.01097161 0.01223916 0.05846086 0.11062931 0.04774855 0.08775314 0.05067356 0.00359103 0.02612424 0.08280769 0.11461097 0.02031522 0.07239058 0.06191234 0.03355896 0.11053579 0.04128957 0.12177216 0.10425345 0.06076386 0.07858737 0.05106254 -0.00218037 0.01312167 -0.00478049 0.09312570 0.06324057 0.06029871 -0.03550063 -0.00174980 0.03815909 0.01048512 -0.07350869 0.05668026 -0.00131511
0.06188239 -0.00006219 0.07963949 -0.03507016 -0.02018470 0.07441818 0.07060122 0.00372486 0.09508256 0.09565628 -0.03743247 0.07559495 0.10916671 0.13058155 0.12227564 0.17663625 0.23337262 0.15695627 0.26033871 0.29470008 0.22970811 0.19043328 0.19303985 0.21211517 0.15758323 1.00000000 -0.00769609 0.01018563 0.05596179 -0.04677534 -0.01657142 -0.00928100 -0.02929024 -0.00236282 -0.03493742 0.14223471 -0.01137724 0.03293748 0.11071466 0.11644642 0.01822480 0.03437752 -0.01009938 -0.05190169 -0.02223285 0.03471935 0.06306171 0.08623332 0.09289926 0.04561154 0.04447455 0.09963974 0.07649187 0.03693439 0.14320455 0.04633812 0.03215074 -0.03428723 0.03616182 0.07386042 0.08623955 0.09195020 0.09551259 0.07663810 -0.03414057 0.09020991 0.07219504 -0.02651766 0.10159459 0.01608682 0.02300153 -0.00748003 -0.04352331 -0.04855323 -0.00666843 -0.04438153 0.00362175 -0.02194477
0.00739913 0.07252654 -0.09363294 -0.02411487 -0.04030557 -0.12439633 -0.08275580 -0.03236767 -0.08058221 -0.04860406 -0.05595909 -0.08334238 -0.04913349 0.00917021 -0.03181579 0.05799448 0.02582736 0.02012072 -0.07690529 -0.00767180 -0.03487828 -0.01121668 -0.06408724 0.06935647 -0.02434589 -0.00769609 1.00000000 0.10789984 0.10849749 0.16289478 0.17245542 0.13265235 0.20818882 0.15425783 0.26427314 0.16146714 0.11278033 0.03285155 0.15708284 -0.01494592 -0.04392895 0.06259337 0.10740137 0.04665876 -0.03811567 -0.02877000 -0.03064071 -0.09597617 -0.02611868 0.06399742 0.02087189 -0.05654042 -0.05014732 -0.03053137 -0.04589822 0.00511425 -0.03899915 -0.03123671 -0.05380513 -0.07471809 -0.10526507 -0.03169331 -0.10930442 -0.08595303 -0.00348396 -0.11207811 0.00945033 0.07620886 -0.05147478 -0.09552668 0.02716773 0.00313471 -0.03784324 -0.03816256 -0.06013179 -0.02163728 -0.05419658 -0.02101069
0.05442597 0.02400786 -0.06167295 -0.04169369 -0.03408323 -0.05276561 -0.00630932 -0.04147276 0.04296491 0.08337323 0.01338078 0.01558160 0.05333430 0.03566697 0.02460073 0.03548470 0.11516047 -0.04422183 -0.03926040 -0.02065935 -0.02824196 -0.00943489 -0.03023967 0.01828207 -0.01079383 0.01018563 0.10789984 1.00000000 0.20333567 0.15295468 0.12161720 0.21955510 0.14506027 0.23157183 0.16443015 0.10388783 0.34620113 0.19055839 0.28132344 0.00453589 -0.01494844 -0.02144362 0.03744788 0.00015967 -0.02393563 0.02133599 0.04127647 -0.01681965 0.00893857 -0.02319180 0.03568951 0.04316013 -0.00168478 0.02416795 0.01651199 0.07162777 0.02246510 0.03248048 0.05389512 0.01133326 -0.05742470 -0.11673224 0.04415314 -0.05975468 0.08713131 -0.02164751 0.01367771 0.10879951 -0.01315202 0.06473611 -0.02946641 0.09593694 -0.03474821 0.01291563 -0.02043994 -0.03324905 -0.08265919 0.07858546
-0.05297229 -0.01468213 0.02869316 -0.06256666 -0.06845601 -0.07931988 -0.06909574 -0.06158387 0.00177255 0.04685898 -0.03278694 -0.05864971 0.01654787 0.09201128 0.01080206 0.06382160 0.08326802 -0.00293954 -0.07288718 0.05301602 -0.01330957 0.06110744 0.01336735 0.06134417 0.01728129 0.05596179 0.10849749 0.20333567 1.00000000 0.21060595 0.21315463 0.31063248 0.19463617 0.15958910 0.10043518 0.19591810 0.11082633 0.15255491 0.17975140 0.01437398 -0.00050071 0.00776689 -0.03342099 0.08963042 0.00587013 0.00853753 0.04132171 -0.06850569 -0.00706138 0.01680027 0.02699877 0.06035234 0.00849260 -0.01844174 0.02946619 -0.00327236 -0.03127352 -0.02258561 -0.06090998 -0.04792979 -0.02808026 -0.09938856 -0.06092687 -0.06097273 -0.02377485 -0.07171011 -0.04061323 0.01320953 -0.00336972 0.04353341 0.01960912 0.01241862 -0.07786244 0.01519742 0.01864725 -0.07929721 0.08440702 -0.02330511
-0.01624475 0.01054726 0.00315288 0.11417695 0.04603867 -0.06908008 -0.00248778 -0.02687891 -0.11704112 -0.02210562 -0.05668962 -0.00449036 -0.01020751 0.00864535 0.08154900 0.00445997 -0.03034675 -0.04401598 -0.04974837 -0.07906452 -0.02802205 -0.04691303 -0.09093680 0.10700095 -0.05727891 -0.04677534 0.16289478 0.15295468 0.21060595 1.00000000 0.06694662 0.12999744 0.17017968 0.01766830 0.24195096 0.03701348 0.08363147 0.12030791 0.02645712 -0.09228083 -0.07449887 0.03398006 0.02356316 -0.00494641 0.05369230 -0.02941486 -0.01290024 -0.05122898 -0.06711818 -0.03182447 -0.02232384 -0.03507875 -0.17329775 -0.02493506 -0.05774190 0.04193721 -0.00694147 0.07389895 -0.02832622 -0.11994787 -0.08319851 -0.06639266 -0.03530697 -0.13324303 0.00392950 -0.14062007 0.01564521 0.13032631 -0.13390060 -0.01758313 -0.05686143 0.09921831 -0.01448482 0.08592159 -0.02986501 0.09132037 -0.12309838 -0.02668902
-0.00688024 0.03107864 0.02687478 0.00411480 -0.04883809 -0.01427150 0.00176202 -0.01450199 0.02362311 0.05032485 0.01839882 -0.02119970 -0.02423291 0.00644979 -0.09491075 0.02079712 -0.02474122 -0.02261665 -0.02537686 0.06644180 -0.02806085 -0.03631506 0.08889480 0.01238488 -0.01868062 -0.01657142 0.17245542 0.12161720 0.21315463 0.06694662 1.00000000 0.20223614 0.28410827 0.20957425 0.17180194 0.09523189 0.15629082 0.20120944 0.22293371 0.00395795 0.05457195 0.07157281 0.04573668 0.05565570 0.01781318 0.02698545 -0.01965265 0.00597811 -0.05473362 0.06456471 0.01100087 0.07305908 0.07297334 0.04016168 0.07299035 0.04211896 0.00349022 0.00401479 0.05460265 0.03551272 -0.03189958 0.02192517 -0.05021075 0.04203141 0.01802912 0.08646761 -0.07701546 0.02335837 -0.00022495 0.08103415 0.02305945 -0.02201965 -0.01095143 0.04729052 0.06358538 -0.00234097 0.04803747 0.04172541
-0.00252125 0.03400722 0.00239680 -0.01551615 -0.03519358 -0.10455711 -0.08032919 0.02493930 -0.03427707 0.04240807 0.01121492 -0.02942080 0.01667449 0.00434819 0.02693956 0.03710919 -0.03504495 -0.05291199 -0.04171317 0.00454073 -0.01606022 -0.01790188 -0.01892240 -0.01722470 0.01822107 -0.00928100 0.13265235 0.21955510 0.31063248 0.12999744 0.20223614 1.00000000 0.10496152 0.23184930 0.18223788 0.17146379 0.14233215 0.17047085 0.07257635 -0.06818459 0.06245480 0.05613819 0.01608593 0.04103453 -0.01594758 -0.02658210 -0.00249252 -0.12894714 -0.02337193 -0.04569559 0.03907185 0.00234296 -0.04316031 0.01340648 -0.00611532 0.05054665 0.00515189 0.02178106 -0.06238251 -0.06505456 -0.08936171 -0.07510870 0.04328981 -0.10924380 0.00151545 -0.02919010 -0.00546076 -0.00153370 -0.07869454 0.00054705 -0.00411783 -0.01287949 0.00169411 -0.01709710 -0.00396260 0.01126876 -0.05765949 -0.11460432
0.00979039 0.03176406 -0.01531213 -0.03911247 -0.09495032 -0.07755260 -0.02920762 0.00431622 -0.03710833 -0.00668109 -0.01739614 0.02484617 -0.01454727 -0.13791338 -0.04733536 -0.00519011 -0.01279186 -0.03177380 -0.02181249 0.02206679 -0.02970448 -0.04519947 -0.03377480 -0.03975720 -0.02912062 -0.02929024 0.20818882 0.14506027 0.19463617 0.17017968 0.28410827 0.10496152 1.00000000 0.34844707 0.23037212 0.10624805 0.00212353 0.16358452 0.17942808 -0.04863171 0.04628449 -0.01244069 -0.01255168 0.01860229 -0.03265168 0.00379321 0.00461599 0.01664002 0.01590458 -0.02150103 -0.03845739 0.03152889 -0.02256073 -0.00641985 0.07071182 0.07105165 0.06389988 0.09466371 -0.00492041 0.04520958 -0.00780550 -0.05291152 0.01211691 -0.02013947 0.07004783 0.06769531 -0.08500505 0.11779244 0.02016156 -0.00691254 0.08938742 -0.02146336 0.00373411 0.00125359 -0.00141826 -0.03497750 -0.01139255 0.03331443
-0.01625264 0.02514966 -0.04761877 -0.07168039 -0.01270722 -0.03581654 0.02082017 0.01993782 0.02021455 0.02516866 0.02351237 0.01272811 0.07535760 -0.07298569 -0.14139559 0.08062460 0.01565310 -0.08277377 -0.05002830 -0.00407129 -0.00669361 0.06056507 0.08434564 -0.04505910 0.07563202 -0.00236282 0.15425783 0.23157183 0.15958910 0.01766830 0.20957425 0.23184930 0.34844707 1.00000000 0.19221425 -0.04635146 0.20752245 0.34064037 0.37043386 -0.00524742 0.14915037 0.05104049 0.05545688 0.02757112 -0.03517655 0.03363228 0.06540608 0.02751233 0.09355684 -0.02958589 0.02113709 0.03334636 0.11587942 0.00379354 0.05839110 0.11446081 0.05576196 0.05646505 0.08685721 0.06892561 0.02868638 0.01479952 0.02398249 0.02598529 0.10916868 0.06425833 -0.05306758 0.03775219 0.07057764 -0.04941527 0.07851041 -0.05318376 -0.00623463 0.00230559 0.04079841 -0.07320768 0.05800887 0.05021540
0.10307368 0.07583622 -0.04920592 0.01886679 -0.01548351 -0.00376965 -0.02130614 -0.06305496 -0.03845865 -0.01676998 -0.06204237 0.01975269 -0.03184812 -0.07454402 -0.03444453 -0.00712606 -0.10680302 -0.09745046 -0.03762244 -0.07930211 -0.08811616 -0.08996555 -0.06651117 -0.03901434 -0.12853077 -0.03493742 0.26427314 0.16443015 0.10043518 0.24195096 0.17180194 0.18223788 0.23037212 0.19221425 1.00000000 0.13623486 0.18554749 0.25066488 0.18276367 0.06133973 0.04685112 0.05505384 0.13542345 0.07722432 -0.01352961 0.03150132 0.01704984 -0.03320508 -0.06705125 0.05483667 0.15829074 0.02324581 -0.13163641 -0.05640668 -0.08192370 0.00998304 0.02893689 0.05126604 -0.05003423 -0.04450482 -0.13374649 -0.00736186 -0.02930433 -0.07881820 -0.04560117 0.00773410 0.00141310 0.05626979 -0.08275958 -0.12135181 0.05461593 0.04214046 0.04774897 0.03575639 -0.03325525 0.05743539 -0.04846767 0.03463081
0.02457562 0.03271594 0.06165789 -0.01896357 -0.05664979 0.02473740 -0.01281787 -0.05324633 0.07559003 0.03464227 0.01272775 -0.00879056 0.05192258 0.14389319 0.06286996 0.05199812 0.07951756 0.06007959 0.00868707 0.06646189 0.06154451 0.05384084 -0.08413855 0.05530754 -0.08279891 0.14223471 0.16146714 0.10388783 0.19591810 0.03701348 0.09523189 0.17146379 0.10624805 -0.04635146 0.13623486 1.00000000 0.05721367 0.11028376 0.11171529 0.04312736 0.03560770 0.07777584 0.03043032 0.01160429 0.09991038 -0.02699650 0.01743638 -0.06258223 -0.01906161 0.08072248 -0.01021291 0.08360458 -0.03784684 -0.06064761 0.06163062 0.03542338 0.00940547 -0.08250595 -0.05860107 -0.01079321 -0.03540883 0.01328905 0.02221115 -0.01327126 -0.05721805 -0.01694101 0.03475839 0.01141301 -0.06839516 -0.04086684 -0.03131420 -0.05085069 -0.10193488 -0.06392874 0.04639532 0.04454936 -0.08878438 -0.00903767
0.03290654 0.06326241 0.01030289 -0.12448977 0.01554071 -0.02694228 0.02454166 -0.01340667 0.09421353 0.07955691 0.02739984 0.01189205 0.12320838 0.06184033 -0.02256773 0.11058247 0.03477658 -0.06988674 -0.04513050 0.04373826 0.05080878 -0.01712062 0.11106045 -0.03085398 0.03252202 -0.01137724 0.11278033 0.34620113 0.11082633 0.08363147 0.15629082 0.14233215 0.00212353 0.20752245 0.18554749 0.05721367 1.00000000 0.10993912 0.19788918 -0.01785473 -0.05149424 0.05165451 -0.02780413 -0.08765319 -0.00106373 -0.00486941 0.03656467 0.08956683 0.07085319 0.04268730 -0.06369591 0.06623279 0.06213776 0.04662875 0.07219245 0.11006939 -0.01359087 -0.01566245 0.17995053 0.03063391 0.06162892 0.03331585 0.01464920 0.02776883 0.04211858 0.06993985 0.03354245 0.01966694 0.01276490 0.10223335 0.02961668 0.04902770 -0.06517928 0.05052199 0.00975252 0.00242300 -0.02126426 0.07015270
0.06656645 -0.01254064 -0.01458454 -0.01933458 -0.03424537 -0.05153764 0.04235104 0.01047499 0.04777163 0.08281368 0.00358845 0.04321770 0.00989774 0.02100742 -0.03627722 0.01129674 0.05624374 0.01465453 -0.02830641 0.01349841 0.00383398 0.00829148 0.07661147 0.01816087 0.04304605 0.03293748 0.03285155 0.19055839 0.15255491 0.12030791 0.20120944 0.17047085 0.16358452 0.34064037 0.25066488 0.11028376 0.10993912 1.00000000 0.31992599 0.01756008 0.13093639 0.07779480 0.04209540 0.00520651 -0.01891884 -0.03712289 0.06645146 0.03417603 -0.01363067 0.04646421 0.02588760 0.09683739 0.01864484 -0.01118719 0.04763406 0.05921676 0.00761539 0.02172455 0.01706900 0.09109965 -0.00444303 -0.03737497 0.02077141 0.04683184 0.03773153 0.06341490 -0.04631965 0.05242804 0.01023065 -0.04893638 0.05114655 -0.08722937 -0.01588982 0.01059108 0.04260503 -0.06831456 0.07545167 0.05519450
-0.01652816 0.03263004 -0.03288397 -0.08425089 -0.04144623 -0.03313176 0.02577743 0.05256063 0.15870770 0.05943982 -0.02319321 0.05515729 0.06623979 -0.05885351 -0.08489071 0.06861629 0.14118752 -0.03863735 -0.07222857 0.07404678 0.00583522 0.04277641 0.04129433 0.00604908 -0.01378910 0.11071466 0.15708284 0.28132344 0.17975140 0.02645712 0.22293371 0.07257635 0.17942808 0.37043386 0.18276367 0.11171529 0.19788918 0.31992599 1.00000000 0.04555225 0.07366564 0.02094498 -0.01358366 -0.00047586 0.01990280 0.01914996 0.07538041 0.08578645 0.13141489 0.04645978 -0.04010228 0.11272060 0.18855006 0.04445934 0.13644683 0.06995234 0.01318346 -0.05937681 0.08114844 0.10116105 0.04304035 -0.04764208 0.02036188 0.10620843 0.12463389 0.03516536 0.02107344 0.11765847 0.06099389 -0.03470391 0.08333801 -0.14155647 -0.06352338 -0.07556833 0.00798367 -0.07486526 0.00567867 0.08104800
0.01629191 -0.08304910 0.03618270 -0.00949884 -0.01637130 0.01382649 0.00497190 -0.00469396 -0.00433204 0.01189131 0.00389326 0.03125196 0.02747503 0.05337268 0.00316654 -0.00463486 0.02739059 0.03655637 0.02541974 0.03347785 0.04359631 0.00989111 0.02944249 0.05890023 -0.03133270 0.11644642 -0.01494592 0.00453589 0.01437398 -0.09228083 0.00395795 -0.06818459 -0.04863171 -0.00524742 0.06133973 0.04312736 -0.01785473 0.01756008 0.04555225 1.00000000 0.19386436 0.09079435 0.18596972 0.21485536 0.20711670 0.19934231 0.17811760 0.18918775 0.13781691 0.21685775 0.13484107 0.20494270 0.07452053 0.04465797 0.02285315 0.03224670 0.02910490 -0.06124094 0.01000086 0.06676759 -0.04149616 -0.00013260 -0.01716871 -0.02708468 -0.02458405 0.03728211 0.01914823 0.00480244 0.03662522 -0.01631193 0.03631595 0.03259116 -0.02535859 0.04787452 -0.02354576 -0.03607679 0.08713456 0.05231684
0.05298996 0.02400693 0.06933023 -0.03472603 -0.08321517 0.01703491 -0.04880781 -0.00389578 0.07768810 0.07887914 0.04434540 0.05408844 0.06605047 0.04091809 -0.03435540 0.00251454 0.04172193 0.01884327 -0.02580365 -0.00905106 0.04588408 0.00648797 0.09054831 0.01758584 -0.02225871 0.01822480 -0.04392895 -0.01494844 -0.00050071 -0.07449887 0.05457195 0.06245480 0.04628449 0.14915037 0.04685112 0.03560770 -0.05149424 0.13093639 0.07366564 0.19386436 1.00000000 0.12113036 0.08912606 0.07418608 0.11120242 0.10506997 0.17866691 0.23157100 0.18954758 0.15867140 0.16235342 0.24368542 0.09184587 -0.03994329 0.05261137 0.05473152 0.02502695 0.04417432 0.01792378 0.05982365 -0.00383617 -0.05539182 -0.00465358 0.03903555 0.00790636 0.09024170 -0.01565043 -0.05308455 0.05800723 -0.02292167 -0.01334578 -0.03159029 -0.06029594 0.03369045 0.10411818 0.04170626 0.08530175 0.03067684
0.05979614 0.03017392 0.06691199 0.01314206 -0.02454184 -0.05080069 -0.04139328 0.01788292 0.03359735 -0.02090902 -0.03512930 -0.00718084 0.03952833 0.04240683 0.01726308 0.06991923 0.00361828 0.01197568 -0.00612436 -0.01009128 0.05282938 0.00799309 0.04097241 0.07898833 -0.00448984 0.03437752 0.06259337 -0.02144362 0.00776689 0.03398006 0.07157281 0.05613819 -0.01244069 0.05104049 0.05505384 0.07777584 0.05165451 0.07779480 0.02094498 0.09079435 0.12113036 1.00000000 0.16507701 0.09196757 0.22165109 0.14113117 0.15380481 0.14466432 0.07761394 0.10030321 0.19978674 0.17680516 -0.00928743 0.02241761 0.07304097 0.02406094 0.03413927 -0.04184216 0.05130889 0.05168445 0.05823057 0.01923679 0.01805706 0.05054187 -0.01205010 -0.06825397 -0.00529226 -0.02851986 -0.09811172 -0.06643248 -0.02181043 -0.04838886 -0.01789942 0.01938039 -0.01914393 -0.05299546 -0.05997954 -0.03267453
0.00583260 -0.06456133 0.00496142 0.03699462 0.06970604 -0.05736735 -0.08065728 -0.00773097 -0.06043551 -0.07026185 -0.00875150 -0.03342117 -0.04191810 0.03426985 -0.01602130 -0.05669821 -0.01400884 0.06348064 0.02966476 -0.02737731 -0.11820517 -0.01599982 -0.08091990 0.04321668 -0.07009445 -0.01009938 0.10740137 0.03744788 -0.03342099 0.02356316 0.04573668 0.01608593 -0.01255168 0.05545688 0.13542345 0.03043032 -0.02780413 0.04209540 -0.01358366 0.18596972 0.08912606 0.16507701 1.00000000 0.21866613 0.13781174 0.13089696 0.19403068 -0.00497145 -0.02822440 0.04998578 0.22801229 0.06690215 -0.10843566 -0.03073588 -0.03859728 0.01157673 0.02449534 -0.04102704 -0.12512068 -0.01468829 -0.12641704 0.04453189 -0.00104692 -0.05663887 -0.03362467 -0.00571544 -0.00043598 0.06745104 -0.01622032 -0.09322721 0.04327146 0.06855130 0.11435339 0.06464274 0.02193049 0.09472398 -0.05365672 0.04714416
-0.00117748 -0.08209868 -0.07373867 0.06779768 -0.01923814 -0.00332604 -0.00343529 -0.01220391 -0.07552524 -0.03972265 0.03427378 0.04753482 0.05101244 0.00804692 0.03428282 -0.05045089 -0.04119283 0.02908124 -0.00200496 -0.02384315 -0.05598877 -0.02775267 0.00144816 0.03177150 -0.01097161 -0.05190169 0.04665876 0.00015967 0.08963042 -0.00494641 0.05565570 0.04103453 0.01860229 0.02757112 0.07722432 0.01160429 -0.08765319 0.00520651 -0.00047586 0.21485536 0.07418608 0.09196757 0.21866613 1.00000000 0.19144535 0.19055222 0.18434136 0.02602677 0.03152182 0.23015055 0.16816017 0.11566594 -0.08833903 -0.07459703 -0.05910783 -0.08883459 -0.04595757 -0.00055762 -0.07114361 -0.07450797 -0.15778329 -0.09648692 0.01699296 -0.04518889 0.01515906 -0.10264815 -0.03840249 -0.07950067 -0.01765272 -0.05916631 -0.00976003 -0.03509870 0.04963330 0.04812598 0.00833524 -0.00388559 0.11036495 0.00341038
0.01650764 -0.05775031 0.06161950 0.07957120 -0.01930666 0.00695732 0.02589036 0.01136654 -0.07232888 -0.02548663 -0.04352363 -0.07615124 0.03403673 0.05971450 0.01249021 -0.00482897 0.06276629 0.05747174 -0.00469896 0.03172687 0.01479542 0.04499294 0.01039024 0.08540385 0.01223916 -0.02223285 -0.03811567 -0.02393563 0.00587013 0.05369230 0.01781318 -0.01594758 -0.03265168 -0.03517655 -0.01352961 0.09991038 -0.00106373 -0.01891884 0.01990280 0.20711670 0.11120242 0.22165109 0.13781174 0.19144535 1.00000000 0.11488213 0.15900913 0.17203687 0.07968989 0.21674746 0.07885129 0.15069486 0.02019959 0.05103385 0.00087422 0.06993532 0.02692845 0.01163842 0.05590007 0.08363545 0.08067554 0.05576052 0.08498677 0.07948925 0.08477217 -0.00378511 0.00436397 -0.02334863 -0.04293291 -0.07051818 0.02559924 -0.05605870 0.00101068 0.03257101 -0.03276259 0.01870153 -0.03072298 0.02602223
0.01643682 0.04865604 0.01144316 0.07497683 0.02413168 0.01132769 -0.02455755 0.06179045 0.11535706 0.02782483 -0.00337083 0.07355925 0.10092837 -0.01887320 -0.00382715 0.05415218 0.01089228 -0.00110505 -0.01018816 0.05999632 -0.00468369 -0.01602212 0.12122306 0.02811919 0.05846086 0.03471935 -0.02877000 0.02133599 0.00853753 -0.02941486 0.02698545 -0.02658210 0.00379321 0.03363228 0.03150132 -0.02699650 -0.00486941 -0.03712289 0.01914996 0.19934231 0.10506997 0.14113117 0.13089696 0.19055222 0.11488213 1.00000000 0.15578459 0.04739743 0.13129495 0.20807341 0.17779211 0.16301117 0.10851267 -0.00769082 0.06061517 0.03957091 0.05303315 0.03889486 0.04772145 0.04435287 0.07970006 -0.00288746 0.09261459 0.04526959 0.01417910 0.07389870 0.10559083 0.03821312 0.11361611 0.05383218 0.00858562 0.05087243 0.06774297 0.12354261 0.03573316 0.10014784 0.05083902 0.09501541
0.04496930 -0.00974041 0.07050136 0.07062464 0.02305100 0.08713310 0.05989413 0.08705859 0.07404966 0.04964430 0.01722630 0.07192219 0.05904889 0.00878769 0.07291284 0.03975864 -0.04801182 0.10961288 0.03093185 0.05283939 0.07642956 0.09705683 0.08798817 -0.00533447 0.11062931 0.06306171 -0.03064071 0.04127647 0.04132171 -0.01290024 -0.01965265 -0.00249252 0.00461599 0.06540608 0.01704984 0.01743638 0.03656467 0.06645146 0.07538041 0.17811760 0.17866691 0.15380481 0.19403068 0.18434136 0.15900913 0.15578459 1.00000000 0.24781389 0.24211382 0.22119300 0.21892076 0.29775617 0.03440388 -0.05931848 0.03328695 0.02900074 0.03113988 0.03594356 0.04571863 0.04595760 0.00366539 -0.05231472 0.08187965 0.03118455 0.04975705 0.03613681 0.06464527 0.04818534 0.10934992 0.01790487 0.08792746 -0.03238887 -0.01122501 0.07201362 0.04405722 -0.00170768 0.04789530 0.08365365
0.08230868 0.04180798 0.09306511 -0.02761765 0.00490605 0.10655623 0.07664307 0.08711118 0.18218767 0.15088405 0.08493145 0.11906431 0.15264535 0.00257686 -0.02413068 0.03592045 0.05144855 0.05066339 0.00057991 0.04997450 0.05799297 0.03865750 0.18087368 -0.05798892 0.04774855 0.08623332 -0.09597617 -0.01681965 -0.06850569 -0.05122898 0.00597811 -0.12894714 0.01664002 0.02751233 -0.03320508 -0.06258223 0.08956683 0.03417603 0.08578645 0.18918775 0.23157100 0.14466432 -0.00497145 0.02602677 0.17203687 0.04739743 0.24781389 1.00000000 0.28782891 0.10068595 0.06026375 0.31247499 0.21359191 0.05981576 0.11876848 0.13708798 0.06739775 0.04038780 0.14354493 0.04415318 0.08470236 0.09570488 0.00063395 0.16259753 0.05430277 0.16833165 0.05454355 0.00214617 0.14594935 0.10500035 0.05207426 -0.05080305 -0.04100356 0.11544908 0.03701773 -0.03678335 0.08100638 0.12446895
0.00640460 0.04955738 0.04739216 0.06938900 0.03596798 0.07311930 0.03529655 0.11080806 0.13449915 0.10906340 0.06575058 0.11162309 0.15496861 0.04024877 -0.02173514 0.07590508 0.08415466 0.05610381 0.07720214 0.13697449 0.05205845 0.12552608 0.17335834 -0.00764562 0.08775314 0.09289926 -0.02611868 0.00893857 -0.00706138 -0.06711818 -0.05473362 -0.02337193 0.01590458 0.09355684 -0.06705125 -0.01906161 0.07085319 -0.01363067 0.13141489 0.13781691 0.18954758 0.07761394 -0.02822440 0.03152182 0.07968989 0.13129495 0.24211382 0.28782891 1.00000000 0.23021763 0.02110610 0.23248705 0.19746501 0.06997987 0.13121344 0.19746580 0.03710129 0.09490820 0.14313659 0.06819334 0.13202238 0.03620545 0.06077482 0.12082570 0.16560581 0.11868269 0.12689167 0.06581201 0.17177187 0.15911887 0.09740809 -0.01668171 -0.01178427 0.10617204 0.01481166 0.02560364 0.11367695 0.12578616
0.02592302 -0.03811589 -0.05377957 0.07084473 -0.02724982 0.02478084 0.03338505 0.02309662 0.01344085 0.02497389 0.04610690 0.02103609 0.07234477 -0.01102105 -0.01377840 0.03614291 0.00797705 -0.00782295 0.00807734 0.02884705 0.14691727 0.06710560 0.11853130 0.02693464 0.05067356 0.04561154 0.06399742 -0.02319180 0.01680027 -0.03182447 0.06456471 -0.04569559 -0.02150103 -0.02958589 0.05483667 0.08072248 0.04268730 0.04646421 0.04645978 0.21685775 0.15867140 0.10030321 0.04998578 0.23015055 0.21674746 0.20807341 0.22119300 0.10068595 0.23021763 1.00000000 0.14610600 0.31864434 0.14217277 0.03856159 0.03116184 0.05837350 0.03395101 0.05454410 0.09344795 0.08589601 0.07111987 0.02636445 -0.00440548 0.05018657 0.08872293 0.00777776 0.07103400 -0.06100177 0.03900163 -0.02618062 0.02548835 -0.07399072 -0.00040427 0.09786268 0.02037971 -0.03890801 0.07484991 0.08626824
-0.00522903 0.01461944 -0.00592057 0.03800463 -0.01759695 -0.01734813 -0.05661958 -0.04166822 -0.08118336 -0.00127997 0.01936027 0.01801230 -0.01619243 -0.00833169 0.00155248 0.02308627 0.02016493 0.03836442 0.02791228 -0.02915565 -0.02043136 -0.03469641 0.00679615 0.03275848 0.00359103 0.04447455 0.02087189 0.03568951 0.02699877 -0.02232384 0.01100087 0.03907185 -0.03845739 0.02113709 0.15829074 -0.01021291 -0.06369591 0.02588760 -0.04010228 0.13484107 0.16235342 0.19978674 0.22801229 0.16816017 0.07885129 0.17779211 0.21892076 0.06026375 0.02110610 0.14610600 1.00000000 0.18268007 -0.04322996 -0.04184864 0.01087209 0.01305384 0.05440676 0.05016518 -0.01283538 0.03393829 -0.10290918 -0.00389610 0.05135101 -0.07813523 -0.00696853 -0.01264218 0.02786777 -0.02537072 0.02878955 -0.04880922 -0.06100142 0.05288087 0.04935319 0.03844400 -0.01779606 0.05955367 -0.02095889 -0.02901125
-0.00349154 0.05340256 0.02862957 -0.01870317 -0.00143369 0.01021598 0.04989687 0.03816583 0.06950328 0.07381094 0.03704137 0.03177052 0.05880048 0.01264780 0.03598581 -0.00631030 0.07087075 0.05050962 -0.01788199 0.05138974 0.06526409 0.10841735 0.12700274 0.02009634 0.02612424 0.09963974 -0.05654042 0.04316013 0.06035234 -0.03507875 0.07305908 0.00234296 0.03152889 0.03334636 0.02324581 0.08360458 0.06623279 0.09683739 0.11272060 0.20494270 0.24368542 0.17680516 0.06690215 0.11566594 0.15069486 0.16301117 0.29775617 0.31247499 0.23248705 0.31864434 0.18268007 1.00000000 0.15105011 0.03573040 0.15524226 0.12468445 0.01682557 0.01377881 0.11021773 0.03254873 0.00849548 0.01758891 0.07677835 0.04617353 0.05448619 0.04375083 0.09838360 0.03960516 0.07102805 0.05391501 0.08819194 0.02649456 -0.06349676 0.05095221 -0.00059977 -0.01500256 -0.00698478 0.03522101
0.03581702 0.01843889 0.04122833 -0.04766472 -0.02247544 0.06339766 0.12571004 0.06209877 0.17378508 0.16660047 0.03340541 0.10201887 0.16879448 0.00039413 -0.07627189 0.09894872 0.08922813 -0.00456270 -0.00577497 0.14465220 0.15662826 0.07832199 0.19143640 -0.00333118 0.08280769 0.07649187 -0.05014732 -0.00168478 0.00849260 -0.17329775 0.07297334 -0.04316031 -0.02256073 0.11587942 -0.13163641 -0.03784684 0.06213776 0.01864484 0.18855006 0.07452053 0.09184587 -0.00928743 -0.10843566 -0.08833903 0.02019959 0.10851267 0.03440388 0.21359191 0.19746501 0.14217277 -0.04322996 0.15105011 1.00000000 0.33017942 0.39257136 0.27373809 0.31478752 0.15535071 0.31916309 0.25963142 0.28065847 0.26448892 0.18796200 0.36364420 0.25141785 0.14312248 0.11823300 -0.04120747 0.22280542 0.14564514 0.02253562 -0.05455225 -0.06802044 0.00712586 0.04435002 0.01010027 0.14659057 0.11457358
0.06124411 0.00912626 -0.02012868 -0.04538330 -0.02218617 -0.00483694 0.05875841 -0.05515322 0.06328385 0.06592657 -0.00791426 0.03081904 0.09222839 0.03195700 0.02683658 0.08597900 0.04546676 0.03203216 0.10583474 0.08057378 0.12771957 0.07209662 0.17098147 0.01391987 0.11461097 0.03693439 -0.03053137 0.02416795 -0.01844174 -0.02493506 0.04016168 0.01340648 -0.00641985 0.00379354 -0.05640668 -0.06064761 0.04662875 -0.01118719 0.04445934 0.04465797 -0.03994329 0.02241761 -0.03073588 -0.07459703 0.05103385 -0.00769082 -0.05931848 0.05981576 0.06997987 0.03856159 -0.04184864 0.03573040 0.33017942 1.00000000 0.28549970 0.31799327 0.22673666 0.26095535 0.21225790 0.33291732 0.23027701 0.31516480 0.26425077 0.31494951 0.15456018 0.08954288 0.09767562 -0.03248002 0.06728184 0.07163487 0.01662445 0.02465293 -0.08286021 -0.02680455 -0.09108490 -0.00497043 -0.02760598 0.07035919
0.07351955 0.04775933 0.05989136 -0.03407746 -0.01866910 0.02775674 0.04200568 0.03416807 0.15080226 0.09296342 -0.03727423 0.00858429 0.10420498 -0.03954121 -0.04454728 0.14503457 0.08335811 0.02655314 0.04081562 0.11814881 0.13593443 0.06275977 0.12518286 0.02383947 0.02031522 0.14320455 -0.04589822 0.01651199 0.02946619 -0.05774190 0.07299035 -0.00611532 0.07071182 0.05839110 -0.08192370 0.06163062 0.07219245 0.04763406 0.13644683 0.02285315 0.05261137 0.07304097 -0.03859728 -0.05910783 0.00087422 0.06061517 0.03328695 0.11876848 0.13121344 0.03116184 0.01087209 0.15524226 0.39257136 0.28549970 1.00000000 0.30528597 0.29953026 0.26014098 0.23129613 0.25428047 0.37834174 0.31178958 0.32341476 0.33450450 0.30762234 0.13951738 0.13903597 0.03421022 0.16980422 0.12598005 0.10609363 0.00164729 -0.00861417 0.01132047 -0.03842994 0.04878173 0.07100130 0.09671501
0.10277733 0.01504829 0.06613540 -0.00404139 0.01858286 -0.07568927 0.14797879 0.02599915 0.12323142 0.10936138 0.05224742 0.10409932 0.15040694 0.07988593 -0.09804638 0.12097642 0.04275222 0.01558924 0.02235832 0.08828931 -0.00103334 0.01135081 0.19447430 0.00765624 0.07239058 0.04633812 0.00511425 0.07162777 -0.00327236 0.04193721 0.04211896 0.05054665 0.07105165 0.11446081 0.00998304 0.03542338 0.11006939 0.05921676 0.06995234 0.03224670 0.05473152 0.02406094 0.01157673 -0.08883459 0.06993532 0.03957091 0.02900074 0.13708798 0.19746580 0.05837350 0.01305384 0.12468445 0.27373809 0.31799327 0.30528597 1.00000000 0.25179965 0.29939104 0.23523360 0.20433189 0.27349592 0.15387819 0.33179559 0.24293552 0.26010474 0.11190235 0.23900031 0.13689550 0.17842191 0.16011593 0.19185914 0.03202777 -0.02872249 0.11406890 -0.07427956 0.11384387 -0.03836927 0.09551846
0.10351376 0.08754683 0.09249699 -0.00534424 -0.00267727 -0.00459738 0.07901235 -0.00781512 0.05412251 0.11422438 0.01405463 -0.01081805 0.01261221 0.00597966 0.01934639 0.06060800 -0.06189316 0.01413814 0.13810973 -0.02164641 0.07118894 -0.01960706 0.08483988 -0.02386814 0.06191234 0.03215074 -0.03899915 0.02246510 -0.03127352 -0.00694147 0.00349022 0.00515189 0.06389988 0.05576196 0.02893689 0.00940547 -0.01359087 0.00761539 0.01318346 0.02910490 0.02502695 0.03413927 0.02449534 -0.04595757 0.02692845 0.05303315 0.03113988 0.06739775 0.03710129 0.03395101 0.05440676 0.01682557 0.31478752 0.22673666 0.29953026 0.25179965 1.00000000 0.33685597 0.20074256 0.25743853 0.15231378 0.25881926 0.22995597 0.21916131 0.18387785 0.10431535 0.05806390 -0.01133373 0.07795308 0.04912822 0.09619329 0.06887647 -0.02051352 0.06593262 0.02273181 0.13157142 -0.02046898 0.03698341
0.11584512 0.06064595 0.02602937 -0.00964443 0.01207803 -0.00692734 0.01972815 0.02301699 0.10126991 0.11101885 -0.03229887 0.08297389 0.12644906 0.03072843 -0.03208756 0.06269648 -0.06090709 0.00818531 0.01229908 -0.00228636 0.02942998 -0.02941736 0.13277745 -0.01382821 0.03355896 -0.03428723 -0.03123671 0.03248048 -0.02258561 0.07389895 0.00401479 0.02178106 0.09466371 0.05646505 0.05126604 -0.08250595 -0.01566245 0.02172455 -0.05937681 -0.06124094 0.04417432 -0.04184216 -0.04102704 -0.00055762 0.01163842 0.03889486 0.03594356 0.04038780 0.09490820 0.05454410 0.05016518 0.01377881 0.15535071 0.26095535 0.26014098 0.29939104 0.33685597 1.00000000 0.34096908 0.15740088 0.23259555 0.18492521 0.26771228 0.15677802 0.25752428 0.10474530 0.15103704 0.04246179 0.11367494 0.07793185 0.11196156 0.02782112 0.03061317 0.14529262 0.01341822 0.14639202 0.03220436 0.05526053
0.04663745 0.03301311 0.02281605 -0.05022664 0.01638681 0.00829599 0.08736232 0.01076477 0.11094695 0.08901828 -0.00311141 0.07906770 0.15539683 0.08504466 -0.08136137 0.13170555 0.06642390 0.02824002 0.06605695 0.08376620 0.20799459 0.14389030 0.20278207 0.02542469 0.11053579 0.03616182 -0.05380513 0.05389512 -0.06090998 -0.02832622 0.05460265 -0.06238251 -0.00492041 0.08685721 -0.05003423 -0.05860107 0.17995053 0.01706900 0.08114844 0.01000086 0.01792378 0.05130889 -0.12512068 -0.07114361 0.05590007 0.04772145 0.04571863 0.14354493 0.14313659 0.09344795 -0.01283538 0.11021773 0.31916309 0.21225790 0.23129613 0.23523360 0.20074256 0.34096908 1.00000000 0.21045827 0.26937439 0.25355252 0.19820339 0.38258645 0.31614410 0.16159396 0.12325978 0.00794116 0.19885066 0.19336595 0.10698326 -0.03735017 -0.01470880 0.13273396 0.03325010 0.07309968 0.12174119 0.13640289
0.01139665 0.01484707 0.01514278 -0.08090310 -0.07149008 0.01626166 0.05850608 -0.07985859 0.07079820 0.07289589 0.01600226 0.04829248 0.01605539 -0.00688086 -0.06086869 -0.00981992 -0.02074526 -0.00494712 0.06364558 0.06806015 0.11863890 0.04613882 0.13578546 -0.05118110 0.04128957 0.07386042 -0.07471809 0.01133326 -0.04792979 -0.11994787 0.03551272 -0.06505456 0.04520958 0.06892561 -0.04450482 -0.01079321 0.03063391 0.09109965 0.10116105 0.06676759 0.05982365 0.05168445 -0.01468829 -0.07450797 0.08363545 0.04435287 0.04595760 0.04415318 0.06819334 0.08589601 0.03393829 0.03254873 0.25963142 0.33291732 0.25428047 0.20433189 0.25743853 0.15740088 0.21045827 1.00000000 0.33885463 0.19553462 0.32026000 0.23656536 0.22912371 0.14434171 -0.00544074 -0.11804858 0.07585205 0.00256975 -0.05320338 -0.01791945 -0.14111421 -0.04103116 -0.04382676 -0.03852720 -0.02503133 0.11274759
0.10300949 0.00434021 0.11429088 0.02951931 0.00367614 0.04860616 0.11716821 0.02160469 0.20119817 0.05407294 -0.03875525 0.03861552 0.10020055 0.02962295 -0.07856100 0.14442564 0.01123825 0.04256348 0.10333093 0.10921642 0.13264432 0.07225958 0.16656135 0.01087175 0.12177216 0.08623955 -0.10526507 -0.05742470 -0.02808026 -0.08319851 -0.03189958 -0.08936171 -0.00780550 0.02868638 -0.13374649 -0.03540883 0.06162892 -0.00444303 0.04304035 -0.04149616 -0.00383617 0.05823057 -0.12641704 -0.15778329 0.08067554 0.07970006 0.00366539 0.08470236 0.13202238 0.07111987 -0.10290918 0.00849548 0.28065847 0.23027701 0.37834174 0.27349592 0.15231378 0.23259555 0.26937439 0.33885463 1.00000000 0.22851121 0.28302029 0.33728068 0.27268532 0.13767036 0.09858712 -0.06274729 0.13672122 0.09332361 0.08771555 -0.09669512 -0.01809026 -0.02035258 -0.06504807 -0.02739372 0.03989474 0.08101426
0.13285032 0.00968912 0.05451604 -0.01508455 -0.00927671 0.05487184 0.06521965 0.06035858 -0.00615644 0.05102524 0.03671694 -0.03800584 0.08243230 0.05436768 0.02428718 0.09090152 0.08207855 -0.00355396 0.15014570 0.11158815 0.05921112 0.05110354 0.12577471 0.00917395 0.10425345 0.09195020 -0.03169331 -0.11673224 -0.09938856 -0.06639266 0.02192517 -0.07510870 -0.05291152 0.01479952 -0.00736186 0.01328905 0.03331585 -0.03737497 -0.04764208 -0.00013260 -0.05539182 0.01923679 0.04453189 -0.09648692 0.05576052 -0.00288746 -0.05231472 0.09570488 0.03620545 0.02636445 -0.00389610 0.01758891 0.26448892 0.31516480 0.31178958 0.15387819 0.25881926 0.18492521 0.25355252 0.19553462 0.22851121 1.00000000 0.22542464 0.26300392 0.15592854 0.12835718 0.02950738 -0.06712159 0.06626795 0.01585739 0.05320439 0.00527299 0.01745309 0.08523965 -0.04334372 0.04198530 0.01354848 0.06532206
0.11675451 0.03844366 0.06763622 0.04608968 0.00096331 0.03511203 0.07900956 0.01018631 0.10311093 0.03430087 -0.05229050 0.06474655 0.13189177 0.01604817 0.04385767 0.03791793 0.02649858 0.07135270 0.04446956 0.03345168 0.04071087 0.04820755 0.14373841 -0.03969421 0.06076386 0.09551259 -0.10930442 0.04415314 -0.06092687 -0.03530697 -0.05021075 0.04328981 0.01211691 0.02398249 -0.02930433 0.02221115 0.01464920 0.02077141 0.02036188 -0.01716871 -0.00465358 0.01805706 -0.00104692 0.01699296 0.08498677 0.09261459 0.08187965 0.00063395 0.06077482 -0.00440548 0.05135101 0.07677835 0.18796200 0.26425077 0.32341476 0.33179559 0.22995597 0.26771228 0.19820339 0.32026000 0.28302029 0.22542464 1.00000000 0.21143593 0.20495105 0.07154504 0.11251796 0.03108201 0.09268937 0.06272175 0.07493608 0.02457109 -0.04129699 -0.00224910 -0.00900715 0.03498985 -0.02641756 0.09026302
0.07193524 0.00636893 0.07183504 -0.03966932 -0.02009718 0.01645700 0.11378405 0.00892968 0.14846083 0.06403317 -0.02597054 0.09470599 0.09061074 -0.00457833 -0.05277694 0.06568006 0.09146780 0.08793667 0.06351363 0.10292978 0.10421780 0.07999933 0.12127661 0.04903925 0.07858737 0.07663810 -0.08595303 -0.05975468 -0.06097273 -0.13324303 0.04203141 -0.10924380 -0.02013947 0.02598529 -0.07881820 -0.01327126 0.02776883 0.04683184 0.10620843 -0.02708468 0.03903555 0.05054187 -0.05663887 -0.04518889 0.07948925 0.04526959 0.03118455 0.16259753 0.12082570 0.05018657 -0.07813523 0.04617353 0.36364420 0.31494951 0.33450450 0.24293552 0.21916131 0.15677802 0.38258645 0.23656536 0.33728068 0.26300392 0.21143593 1.00000000 0.11716617 0.16072693 0.07916993 -0.04349485 0.21498698 0.05512398 0.01417040 -0.07548716 0.00632179 0.01974964 0.01530426 0.06422651 0.07623544 0.12623386
-0.00976035 0.06860645 -0.03658776 -0.02326778 0.02365036 -0.10190155 0.07808865 0.04134488 0.07351555 0.04814775 -0.02469891 0.02023171 0.12140365 -0.06267813 -0.10196420 0.08745726 -0.00909862 -0.01105023 0.02730583 0.04394080 0.08215014 0.00091966 0.07015122 -0.03082092 0.05106254 -0.03414057 -0.00348396 0.08713131 -0.02377485 0.00392950 0.01802912 0.00151545 0.07004783 0.10916868 -0.04560117 -0.05721805 0.04211858 0.03773153 0.12463389 -0.02458405 0.00790636 -0.01205010 -0.03362467 0.01515906 0.08477217 0.01417910 0.04975705 0.05430277 0.16560581 0.08872293 -0.00696853 0.05448619 0.25141785 0.15456018 0.30762234 0.26010474 0.18387785 0.25752428 0.31614410 0.22912371 0.27268532 0.15592854 0.20495105 0.11716617 1.00000000 0.02171934 0.07607728 0.04207159 0.07731848 0.05192690 0.13422268 -0.02581350 0.01121402 0.01916640 -0.03895903 -0.00769769 0.09315905 0.12608952
0.13700768 0.06883715 0.09006131 -0.01870043 0.00401720 0.07649097 0.08007525 0.05223859 0.14954393 0.17134605 0.07410056 0.14262378 0.07366900 0.00750047 -0.02533808 0.05413092 0.03495529 0.08081231 0.12081380 0.11333591 0.04048817 0.06261378 0.13457373 -0.09117180 -0.00218037 0.09020991 -0.11207811 -0.02164751 -0.07171011 -0.14062007 0.08646761 -0.02919010 0.06769531 0.06425833 0.00773410 -0.01694101 0.06993985 0.06341490 0.03516536 0.03728211 0.09024170 -0.06825397 -0.00571544 -0.10264815 -0.00378511 0.07389870 0.03613681 0.16833165 0.11868269 0.00777776 -0.01264218 0.04375083 0.14312248 0.08954288 0.13951738 0.11190235 0.10431535 0.10474530 0.16159396 0.14434171 0.13767036 0.12835718 0.07154504 0.16072693 0.02171934 1.00000000 0.14201298 0.12040988 0.31143322 0.24359095 0.20316031 0.11863941 0.21117212 0.25555608 0.26730031 0.24708438 0.17339328 0.20912285
0.03841755 0.05376856 0.05524570 0.06006837 0.12204599 0.04132820 0.08479458 0.12900667 0.16351371 0.17092941 0.03760464 0.14524443 0.14914606 0.05122502 0.03085510 0.05004733 -0.01610684 0.09605815 0.05759037 0.02939201 0.06597912 0.05450521 0.08615518 0.04622055 0.01312167 0.07219504 0.00945033 0.01367771 -0.04061323 0.01564521 -0.07701546 -0.00546076 -0.08500505 -0.05306758 0.00141310 0.03475839 0.03354245 -0.04631965 0.02107344 0.01914823 -0.01565043 -0.00529226 -0.00043598 -0.03840249 0.00436397 0.10559083 0.06464527 0.05454355 0.12689167 0.07103400 0.02786777 0.09838360 0.11823300 0.09767562 0.13903597 0.23900031 0.05806390 0.15103704 0.12325978 -0.00544074 0.09858712 0.02950738 0.11251796 0.07916993 0.07607728 0.14201298 1.00000000 0.26800838 0.27615858 0.27086603 0.29315309 0.16688015 0.15825766 0.19454569 0.10553547 0.34286999 0.07721475 0.14781795
0.03178504 -0.01731804 0.01919146 0.04388391 0.03057600 -0.06782862 0.02523689 0.06821486 -0.00300158 -0.02487218 -0.05281466 0.03577466 0.04402002 -0.01938554 0.06536977 0.04631847 -0.01138122 0.03045795 0.01918051 -0.02045275 -0.05688689 0.02544040 -0.08775364 0.10157890 -0.00478049 -0.02651766 0.07620886 0.10879951 0.01320953 0.13032631 0.02335837 -0.00153370 0.11779244 0.03775219 0.05626979 0.01141301 0.01966694 0.05242804 0.11765847 0.00480244 -0.05308455 -0.02851986 0.06745104 -0.07950067 -0.02334863 0.03821312 0.04818534 0.00214617 0.06581201 -0.06100177 -0.02537072 0.03960516 -0.04120747 -0.03248002 0.03421022 0.13689550 -0.01133373 0.04246179 0.00794116 -0.11804858 -0.06274729 -0.06712159 0.03108201 -0.04349485 0.04207159 0.12040988 0.26800838 1.00000000 0.17487697 0.21409560 0.31414381 0.26976234 0.20598251 0.20981131 0.11228642 0.19162905 0.03936871 0.16444247
0.04938981 0.05722787 0.04753941 0.03605203 0.08684724 0.03682974 0.08717182 0.05417258 0.12940133 0.17768066 0.01682274 0.18238298 0.09668639 0.05942352 -0.00911480 0.03470753 0.09108011 0.12734787 0.00617669 0.06921369 0.09580885 0.13911380 0.10768693 -0.02904138 0.09312570 0.10159459 -0.05147478 -0.01315202 -0.00336972 -0.13390060 -0.00022495 -0.07869454 0.02016156 0.07057764 -0.08275958 -0.06839516 0.01276490 0.01023065 0.06099389 0.03662522 0.05800723 -0.09811172 -0.01622032 -0.01765272 -0.04293291 0.11361611 0.10934992 0.14594935 0.17177187 0.03900163 0.02878955 0.07102805 0.22280542 0.06728184 0.16980422 0.17842191 0.07795308 0.11367494 0.19885066 0.07585205 0.13672122 0.06626795 0.09268937 0.21498698 0.07731848 0.31143322 0.27615858 0.17487697 1.00000000 0.25302746 0.21967070 0.11564895 0.11089102 0.24718396 0.13551996 0.18513287 0.28623257 0.24127798
0.05686736 0.04802403 0.09014307 0.04617137 0.03824930 0.08569691 0.07450841 0.13172423 0.14933402 0.16608413 0.06701822 0.13269105 0.15151599 0.02673740 -0.00152920 0.06259630 0.02831455 0.05164436 0.05387193 0.07295478 0.07597219 0.12320124 0.10356061 0.03139220 0.06324057 0.01608682 -0.09552668 0.06473611 0.04353341 -0.01758313 0.08103415 0.00054705 -0.00691254 -0.04941527 -0.12135181 -0.04086684 0.10223335 -0.04893638 -0.03470391 -0.01631193 -0.02292167 -0.06643248 -0.09322721 -0.05916631 -0.07051818 0.05383218 0.01790487 0.10500035 0.15911887 -0.02618062 -0.04880922 0.05391501 0.14564514 0.07163487 0.12598005 0.16011593 0.04912822 0.07793185 0.19336595 0.00256975 0.09332361 0.01585739 0.06272175 0.05512398 0.05192690 0.24359095 0.27086603 0.21409560 0.25302746 1.00000000 0.26398209 0.32646010 0.12878001 0.14675084 0.13450819 0.13790110 0.22946769 0.20605986
0.06297370 0.04447256 0.04702849 0.13388661 0.10542920 0.03692216 0.13141254 0.06438018 0.03944795 0.10512360 -0.03941945 0.03871511 0.06339367 -0.04271954 -0.04620562 0.03274403 -0.05773456 0.02766700 0.03054350 0.06365705 0.02276347 0.09686458 0.07912463 -0.00500045 0.06029871 0.02300153 0.02716773 -0.02946641 0.01960912 -0.05686143 0.02305945 -0.00411783 0.08938742 0.07851041 0.05461593 -0.03131420 0.02961668 0.05114655 0.08333801 0.03631595 -0.01334578 -0.02181043 0.04327146 -0.00976003 0.02559924 0.00858562 0.08792746 0.05207426 0.09740809 0.02548835 -0.06100142 0.08819194 0.02253562 0.01662445 0.10609363 0.19185914 0.09619329 0.11196156 0.10698326 -0.05320338 0.08771555 0.05320439 0.07493608 0.01417040 0.13422268 0.20316031 0.29315309 0.31414381 0.21967070 0.26398209 1.00000000 0.11941278 0.23348341 0.20701361 0.16660718 0.17765186 0.22550397 0.10772814
0.03350953 0.01762237 -0.02167228 0.04508847 0.03714150 0.04594455 -0.00095329 -0.00006745 -0.03509933 0.07942739 -0.01043153 0.05942589 0.02753243 0.00432534 0.02364957 -0.04321665 -0.04589321 -0.06029355 -0.01508851 -0.05075707 -0.02497220 -0.02286484 -0.12707569 0.06097611 -0.03550063 -0.00748003 0.00313471 0.09593694 0.01241862 0.09921831 -0.02201965 -0.01287949 -0.02146336 -0.05318376 0.04214046 -0.05085069 0.04902770 -0.08722937 -0.14155647 0.03259116 -0.03159029 -0.04838886 0.06855130 -0.03509870 -0.05605870 0.05087243 -0.03238887 -0.05080305 -0.01668171 -0.07399072 0.05288087 0.02649456 -0.05455225 0.02465293 0.00164729 0.03202777 0.06887647 0.02782112 -0.03735017 -0.01791945 -0.09669512 0.00527299 0.02457109 -0.07548716 -0.02581350 0.11863941 0.16688015 0.26976234 0.11564895 0.32646010 0.11941278 1.00000000 0.23461444 0.16400193 0.14432103 0.13478094 -0.01093003 0.16563312
0.00503312 -0.07079283 -0.04007461 0.07459083 0.06353540 0.02083503 0.03615442 0.06759398 -0.03176260 0.02282031 -0.05484048 0.04211496 0.01217502 -0.01765057 0.01701944 -0.07907480 -0.05558488 0.03769060 0.07193135 0.03900841 -0.05747061 0.02554888 -0.05296132 0.05203207 -0.00174980 -0.04352331 -0.03784324 -0.03474821 -0.07786244 -0.01448482 -0.01095143 0.00169411 0.00373411 -0.00623463 0.04774897 -0.10193488 -0.06517928 -0.01588982 -0.06352338 -0.02535859 -0.06029594 -0.01789942 0.11435339 0.04963330 0.00101068 0.06774297 -0.01122501 -0.04100356 -0.01178427 -0.00040427 0.04935319 -0.06349676 -0.06802044 -0.08286021 -0.00861417 -0.02872249 -0.02051352 0.03061317 -0.01470880 -0.14111421 -0.01809026 0.01745309 -0.04129699 0.00632179 0.01121402 0.21117212 0.15825766 0.20598251 0.11089102 0.12878001 0.23348341 0.23461444 1.00000000 0.17820115 0.22762579 0.27306872 0.30788320 0.23428173
0.06589748 -0.01830614 0.03969704 0.05878084 0.08063012 0.01485033 -0.01249653 0.04737781 0.04549094 0.06747056 0.02756043 0.11633423 0.09024525 0.06331624 -0.00604165 0.03613517 0.02865324 -0.07553437 0.03862115 -0.02777974 -0.02615526 -0.00501837 0.03837487 -0.00397982 0.03815909 -0.04855323 -0.03816256 0.01291563 0.01519742 0.08592159 0.04729052 -0.01709710 0.00125359 0.00230559 0.03575639 -0.06392874 0.05052199 0.01059108 -0.07556833 0.04787452 0.03369045 0.01938039 0.06464274 0.04812598 0.03257101 0.12354261 0.07201362 0.11544908 0.10617204 0.09786268 0.03844400 0.05095221 0.00712586 -0.02680455 0.01132047 0.11406890 0.06593262 0.14529262 0.13273396 -0.04103116 -0.02035258 0.08523965 -0.00224910 0.01974964 0.01916640 0.25555608 0.19454569 0.20981131 0.24718396 0.14675084 0.20701361 0.16400193 0.17820115 1.00000000 0.23284729 0.27248183 0.12046973 0.31138183
0.06376741 0.03696379 0.07277636 0.01836373 -0.02892780 0.08820666 0.06859221 0.01870166 0.05349922 0.11336088 0.03716874 0.05362382 0.06031385 0.07583802 0.00651583 -0.06729809 0.06029733 -0.00287549 -0.02249082 -0.01483674 -0.05475955 -0.02229948 0.00421981 -0.00785356 0.01048512 -0.00666843 -0.06013179 -0.02043994 0.01864725 -0.02986501 0.06358538 -0.00396260 -0.00141826 0.04079841 -0.03325525 0.04639532 0.00975252 0.04260503 0.00798367 -0.02354576 0.10411818 -0.01914393 0.02193049 0.00833524 -0.03276259 0.03573316 0.04405722 0.03701773 0.01481166 0.02037971 -0.01779606 -0.00059977 0.04435002 -0.09108490 -0.03842994 -0.07427956 0.02273181 0.01341822 0.03325010 -0.04382676 -0.06504807 -0.04334372 -0.00900715 0.01530426 -0.03895903 0.26730031 0.10553547 0.11228642 0.13551996 0.13450819 0.16660718 0.14432103 0.22762579 0.23284729 1.00000000 0.19004058 0.24564715 0.17914470
-0.02695950 -0.01649098 0.01472013 0.11564164 0.06092148 0.00384079 -0.03299243 0.06655994 0.02513088 0.06255735 -0.01872954 0.03771977 -0.02845643 0.02017722 0.04983971 0.05647770 -0.05574810 0.03467316 0.11652409 -0.01722476 -0.06559041 0.05891719 -0.04763921 0.00440211 -0.07350869 -0.04438153 -0.02163728 -0.03324905 -0.07929721 0.09132037 -0.00234097 0.01126876 -0.03497750 -0.07320768 0.05743539 0.04454936 0.00242300 -0.06831456 -0.07486526 -0.03607679 0.04170626 -0.05299546 0.09472398 -0.00388559 0.01870153 0.10014784 -0.00170768 -0.03678335 0.02560364 -0.03890801 0.05955367 -0.01500256 0.01010027 -0.00497043 0.04878173 0.11384387 0.13157142 0.14639202 0.07309968 -0.03852720 -0.02739372 0.04198530 0.03498985 0.06422651 -0.00769769 0.24708438 0.34286999 0.19162905 0.18513287 0.13790110 0.17765186 0.13478094 0.27306872 0.27248183 0.19004058 1.00000000 0.09573837 0.16340908
0.07101780 -0.02101095 -0.01462832 -0.00875655 -0.05205445 0.04439060 0.07592296 0.03087990 0.03398738 0.11393534 -0.04055865 0.01072191 0.03655851 -0.01351582 -0.05856690 -0.02389556 0.02450004 0.04732050 0.00478940 0.07490168 0.09500183 0.13997892 0.03602934 0.01810405 0.05668026 0.00362175 -0.05419658 -0.08265919 0.08440702 -0.12309838 0.04803747 -0.05765949 -0.01139255 0.05800887 -0.04846767 -0.08878438 -0.02126426 0.07545167 0.00567867 0.08713456 0.08530175 -0.05997954 -0.05365672 0.11036495 -0.03072298 0.05083902 0.04789530 0.08100638 0.11367695 0.07484991 -0.02095889 -0.00698478 0.14659057 -0.02760598 0.07100130 -0.03836927 -0.02046898 0.03220436 0.12174119 -0.02503133 0.03989474 0.01354848 -0.02641756 0.07623544 0.09315905 0.17339328 0.07721475 0.03936871 0.28623257 0.22946769 0.22550397 -0.01093003 0.30788320 0.12046973 0.24564715 0.09573837 1.00000000 0.20684842
0.02610782 -0.01600853 -0.06787364 -0.08018216 -0.09117543 -0.00727251 0.05750991 -0.01146572 0.08956212 0.05358765 -0.08000970 0.11442701 0.02981807 0.04763948 -0.08186053 -0.00951727 0.00475562 0.02558769 -0.07386567 0.01419692 -0.05985672 -0.01509103 -0.01626267 -0.06222658 -0.00131511 -0.02194477 -0.02101069 0.07858546 -0.02330511 -0.02668902 0.04172541 -0.11460432 0.03331443 0.05021540 0.03463081 -0.00903767 0.07015270 0.05519450 0.08104800 0.05231684 0.03067684 -0.03267453 0.04714416 0.00341038 0.02602223 0.09501541 0.08365365 0.12446895 0.12578616 0.08626824 -0.02901125 0.03522101 0.11457358 0.07035919 0.09671501 0.09551846 0.03698341 0.05526053 0.13640289 0.11274759 0.08101426 0.06532206 0.09026302 0.12623386 0.12608952 0.20912285 0.14781795 0.16444247 0.24127798 0.20605986 0.10772814 0.16563312 0.23428173 0.31138183 0.17914470 0.16340908 0.20684842 1.00000000
