1.00000000 0.20063506 0.17429458 0.27297200 0.25462018 0.15586828 0.29769573 0.26633287 0.20522545 0.18713178 0.22775277 0.20673355 0.23365932 -0.03863869 0.02283696 -0.09229781 0.04171744 0.06955704 0.06935694 0.00993359 -0.06128855 0.07648023 -0.09573737 -0.02088241 -0.09890387 0.08692188 -0.08567520 0.06804713 -0.02848398 -0.01488761 0.06403799 -0.01358015 0.02049755 -0.03311042 0.04462807 0.06304303 -0.00270220 -0.01441435 -0.03480318 0.06406037 -0.05951331 0.03097894 0.04652182 -0.01028266 -0.04106972 0.09584393 -0.09907325 -0.07402632 -0.03281388 0.05675330 0.08074196 -0.07549772 -0.01337830 0.07487996 -0.00589500 0.11721183 0.12945662 0.07641190 -0.03469665 0.00392620 0.15041649 0.05722521 0.05992311 0.08649887 0.01736062 -0.06019821 0.04011719 0.03714789 -0.03124004 -0.00855416 0.00882617 0.01322118 0.02321056 0.07570948 -0.05256009 0.12547584 -0.06964470 0.04896625
0.20063506 1.00000000 0.27923654 0.15179965 0.17981001 0.16563956 0.20832493 0.20551879 0.33788636 0.28853836 0.22125978 0.22516379 0.24468233 0.16041742 -0.03610122 0.09942859 -0.06620314 -0.06988281 0.01380094 0.09501600 -0.02474077 0.08137083 0.06835386 0.06581758 0.06192358 0.03759296 0.04249689 0.02453497 -0.04003607 0.01506569 0.19174511 0.00028681 0.12585158 0.04361666 0.07201489 -0.04229906 0.10701507 -0.06044633 -0.05094441 -0.04291194 0.13366793 -0.03801165 -0.09491776 0.05080735 -0.01464134 0.08413466 0.01544921 0.07557666 0.11803979 0.07103088 0.00675756 -0.02383542 0.11828333 -0.00724238 0.02693956 0.21666832 0.02554271 0.17913776 0.09256219 -0.03270447 -0.03470450 -0.03992566 0.09853092 -0.02752300 0.05424682 0.06928339 0.01758168 0.14757898 0.06740085 0.09328410 0.09209970 -0.15435987 0.12317697 0.10695107 0.08166714 0.13069978 0.14830491 -0.01195510
0.17429458 0.27923654 1.00000000 0.22698270 0.32757440 0.29665761 0.33798943 0.30649610 0.32874041 0.27927632 0.14681112 0.34040642 0.30458207 -0.04262643 -0.05483278 0.01169279 0.03153337 -0.06441775 0.00716045 -0.01941726 0.09972419 0.06406993 0.02674675 0.11248947 0.01202544 0.01698304 0.08020940 0.00282702 0.04329916 0.07165436 0.06712687 -0.03667746 0.01009122 0.01965593 0.05997093 -0.05914025 -0.00411443 -0.01021871 0.03760019 -0.03855029 -0.04164281 -0.12573519 -0.13301390 -0.03379907 0.03672319 0.01765179 0.03732417 -0.01395065 -0.05584270 -0.01143941 -0.06439684 -0.07055922 -0.02925044 -0.00083288 0.00156870 0.04922239 -0.05712956 -0.00230956 -0.06561583 0.04895660 0.06714022 -0.06621723 -0.02570229 -0.03285124 0.00228216 0.12708335 0.21344108 0.15292544 0.12657526 0.22012240 0.05291460 -0.03767147 0.02696041 0.01445087 -0.04167173 0.15857658 0.10421299 0.05074320
0.27297200 0.15179965 0.22698270 1.00000000 0.28478076 0.14609828 0.30020970 0.33042358 0.18060107 0.15095103 0.16805135 0.27858845 0.21803774 0.00050889 0.06793720 -0.14176351 0.09808156 0.07409087 0.08749837 -0.11641306 -0.05964348 -0.02648951 -0.11424399 0.09592935 -0.10919163 0.15779549 -0.11281449 0.04440558 -0.04358732 0.06102951 0.00316468 -0.00234874 -0.04560742 -0.08059747 0.02362622 -0.04609306 -0.01752961 -0.04310644 -0.05370990 0.04919129 -0.10010614 -0.01145080 -0.04534594 0.07107444 0.07917774 0.16050330 0.07440783 -0.02071049 -0.02793797 0.07865321 -0.09667254 -0.13297579 0.00308227 0.07515487 0.04506926 0.04872002 0.11967664 -0.01151809 -0.11484444 0.03104689 0.15439776 0.03038002 0.02128794 0.12160594 -0.04069396 -0.06734349 0.11159702 0.09392151 0.05624628 0.02212252 -0.05671460 -0.00293714 -0.01312810 0.06926281 -0.04721480 0.08360111 -0.02029197 0.02073285
0.25462018 0.17981001 0.32757440 0.28478076 1.00000000 0.21588505 0.31178001 0.24517133 0.23440537 0.24371090 0.25141562 0.20826253 0.25262151 -0.04054201 -0.02473055 -0.02456652 0.08957388 -0.09412979 0.04605907 0.05494500 -0.03860248 0.16903310 0.03287896 0.09074619 0.02155813 0.10360429 -0.12878475 0.00666593 -0.08062370 0.03523604 0.08165614 -0.04848531 -0.00251070 -0.08069706 0.02541177 -0.04731989 -0.04995341 -0.09754694 -0.05254723 -0.06766540 -0.09081539 -0.13155577 -0.10001856 -0.06367206 -0.05295787 0.05651957 -0.03357481 -0.01644045 -0.04256746 0.02909118 -0.11942402 -0.07282266 0.00205644 0.02429151 -0.02766770 0.05240640 0.02941333 0.01049807 -0.06012347 0.04476944 0.04796774 -0.00628772 -0.06542530 -0.00552360 -0.01511617 0.05297414 0.23462142 0.19290834 0.01160785 0.12955583 0.04514741 -0.00205371 -0.00502839 0.02322837 -0.09650974 0.16399851 0.02223306 0.01571880
0.15586828 0.16563956 0.29665761 0.14609828 0.21588505 1.00000000 0.25548373 0.22849752 0.24794951 0.13385948 0.18927718 0.04011342 0.23816846 -0.12459774 -0.13740247 -0.03238235 0.12386580 0.07716503 -0.00725127 -0.10624827 0.06317292 -0.00655285 0.14578810 0.04060464 0.10034042 -0.08057441 0.03580958 -0.02335243 0.08378023 0.03081222 -0.04606334 -0.00089792 -0.03372215 0.04908750 -0.06478283 -0.02957466 -0.04521452 0.01164065 0.12873882 -0.06096164 0.01688158 -0.07376383 0.06064522 0.08942076 0.06905434 0.04609179 0.07038415 -0.03252861 0.00571357 0.06483842 -0.10262692 -0.08768039 0.09882542 0.06656390 0.04642706 0.06426095 0.02500303 0.00255893 0.03545551 0.05974033 0.11409904 -0.00744663 -0.03800693 -0.00373956 0.09748835 0.13379287 0.02321974 0.02234011 0.14747940 0.12105327 0.02968417 -0.03538313 0.04015298 0.03667164 -0.01635829 0.17768628 0.19044616 0.10658921
0.29769573 0.20832493 0.33798943 0.30020970 0.31178001 0.25548373 1.00000000 0.24888616 0.18406840 0.14142359 0.16539819 0.24461458 0.26149744 -0.00362916 -0.03412525 -0.05945093 0.07762611 0.09556759 0.11265671 -0.02620910 0.05565697 0.13019817 0.06218364 0.13501143 0.01803666 0.10885652 -0.00750154 -0.03763471 -0.13047051 0.02395483 -0.00047195 -0.16329548 -0.06538421 -0.06854520 -0.05396711 0.06429229 0.04072579 -0.12158051 0.03979831 -0.00057043 -0.03868977 0.04841876 -0.02473747 -0.01264890 0.09373492 0.04036108 0.03637638 -0.00960583 -0.00147860 -0.00588617 -0.00594798 -0.01944677 -0.00286985 0.12103014 0.08462652 0.13657805 0.06244535 -0.01448925 0.05350298 0.13428111 0.12853164 0.05352647 0.03190437 0.05140873 0.02657320 0.06249618 0.20274557 0.14198558 0.13787202 0.17228583 0.05055317 0.05659273 0.04281974 0.04405803 -0.11634742 0.20878722 -0.00127700 0.04882714
0.26633287 0.20551879 0.30649610 0.33042358 0.24517133 0.22849752 0.24888616 1.00000000 0.31539864 0.27146367 0.19192865 0.31842760 0.41313832 0.03285162 0.06022954 0.10301916 0.08229402 -0.01289688 0.10342774 0.05867715 0.08597901 0.05057633 0.17083817 0.07489104 -0.01242960 0.01936111 -0.01606539 -0.05178421 -0.14658469 0.04100999 0.07216762 -0.13482291 0.00716733 -0.03128487 -0.00698954 -0.01739826 -0.03766680 -0.01528186 0.01951353 -0.00444170 -0.16573094 -0.10969074 -0.08383948 -0.07958802 -0.03315063 0.05009435 -0.00381718 -0.06759542 -0.04390467 -0.01168516 -0.09937927 -0.00676232 0.03953864 0.10941172 0.05638975 0.10669395 0.05510415 0.02886695 -0.07607906 0.03983445 0.09035172 0.02857984 0.04567210 0.02567273 -0.00084880 0.11376268 0.16666989 0.12570550 0.10723474 0.18237073 0.13029113 0.02163629 0.03515094 -0.04996809 -0.05766891 0.07716100 0.06581918 -0.03870600
0.20522545 0.33788636 0.32874041 0.18060107 0.23440537 0.24794951 0.18406840 0.31539864 1.00000000 0.36070469 0.08581627 0.28299350 0.23820248 -0.00229928 -0.01215759 0.04904669 0.05525138 -0.06847706 -0.01039922 -0.07272976 0.06221257 -0.03112477 0.07239932 0.08305075 0.01157464 0.01351850 -0.04173285 -0.07201366 -0.01344011 0.03631561 0.09402408 0.02051516 -0.00234187 0.16355497 0.00711783 -0.01029356 -0.00038949 0.08584644 0.08527042 -0.02709485 0.03879784 -0.06591495 -0.01310888 0.00664605 -0.06474538 0.07981468 0.03600771 -0.05401873 -0.02677806 0.03827792 -0.03856403 -0.07789901 0.02367422 0.03677135 0.00624144 0.12136976 0.01257886 0.08275045 -0.05017160 0.09640394 0.13751025 -0.05058153 0.00838031 0.01592741 0.08004186 0.02411818 0.13915248 0.12424301 0.16506965 0.11986881 0.05800427 0.04620936 0.09356142 0.03233385 0.06427312 0.09490940 0.11967506 0.14670686
0.18713178 0.28853836 0.27927632 0.15095103 0.24371090 0.13385948 0.14142359 0.27146367 0.36070469 1.00000000 0.28536738 0.22875157 0.23921825 0.09790756 0.05752529 0.04383913 -0.02450874 -0.16738541 -0.10309914 0.01728477 0.04901768 -0.09037794 -0.01138974 0.10118762 -0.01444127 -0.00528006 -0.18718524 -0.05530698 0.01551254 -0.08224281 0.08856405 0.01601199 -0.06362197 0.05825326 0.03096911 -0.11139806 -0.03229429 -0.00112729 -0.06684696 0.04201474 -0.02085739 0.01179090 -0.13971116 -0.10393382 -0.09525490 -0.00747020 -0.03117192 -0.02295035 -0.12823290 -0.12155808 -0.01062782 -0.00770115 -0.06922993 0.08288920 -0.05749511 0.04107988 -0.08824674 -0.01534927 -0.09487997 0.04857846 -0.05386112 -0.04638823 0.01275795 -0.00845564 -0.08920526 0.04076760 0.05657920 0.06027796 0.11007458 0.09562656 -0.00254537 0.01541074 -0.02039600 0.05882114 -0.01717381 0.07118176 0.05604163 0.11443804
0.22775277 0.22125978 0.14681112 0.16805135 0.25141562 0.18927718 0.16539819 0.19192865 0.08581627 0.28536738 1.00000000 0.14625883 0.13801091 0.07629251 0.09269287 -0.03744362 0.03736292 0.07461360 0.01762822 -0.00572244 -0.13226333 -0.07350050 -0.07355036 -0.10195970 -0.08429726 0.09067711 -0.05615481 0.00568349 -0.03025904 -0.04763911 0.02743448 -0.02013198 -0.02765503 0.04408941 0.08136780 0.02368106 -0.00116868 0.04342803 -0.05555162 0.11100231 0.00690392 0.00085937 0.05756949 -0.06196446 -0.04561673 -0.01048105 -0.02325292 -0.09181014 0.02441940 0.02184763 -0.03306967 -0.04048193 -0.04257978 0.06797054 -0.04014499 0.05895333 0.04797429 -0.01152355 -0.04440189 -0.02526834 0.08239892 -0.00475597 0.08347837 0.08926928 -0.04367253 -0.10730342 -0.04054223 -0.04485973 -0.10342797 -0.08407547 -0.07913351 0.00906275 -0.12894960 0.04819238 -0.00240256 -0.06349257 -0.10849407 0.06388803
0.20673355 0.22516379 0.34040642 0.27858845 0.20826253 0.04011342 0.24461458 0.31842760 0.28299350 0.22875157 0.14625883 1.00000000 0.34192490 -0.00109486 0.04121109 0.00359825 0.06990492 0.00510611 0.13073270 0.05747006 0.03241317 0.11508565 0.05107454 0.09214634 -0.01833964 0.15580659 -0.06975142 -0.03366093 -0.04134306 0.05639368 0.10724853 -0.14233737 -0.03807887 -0.03747339 -0.05224437 -0.01659011 -0.06359065 -0.06777458 -0.01857852 -0.11191009 -0.08616202 -0.00463933 -0.05818723 -0.05209098 -0.03013161 0.10112125 -0.00199698 -0.02026507 -0.02345203 0.03966101 -0.08836809 -0.06761461 -0.02645129 0.07429779 0.07629146 0.17192663 -0.01213368 0.07396783 -0.07526943 0.01831611 0.10557707 0.02987754 0.07087695 0.03444076 -0.01605358 0.00609558 0.21533892 0.16454149 0.07553093 0.17226709 0.04902300 0.07422878 0.01316055 -0.03468098 -0.00140152 0.12961184 -0.02916267 -0.01010969
0.23365932 0.24468233 0.30458207 0.21803774 0.25262151 0.23816846 0.26149744 0.41313832 0.23820248 0.23921825 0.13801091 0.34192490 1.00000000 -0.05722385 -0.12946816 0.00702493 0.10290095 -0.08850966 -0.02696226 -0.01049738 0.15086653 0.09060086 0.07839171 0.14116609 0.14792064 -0.01339193 0.01129959 -0.11358590 -0.01217353 0.00840628 0.04078829 -0.03737172 -0.00272548 0.07595368 0.00285002 -0.03287885 -0.02092136 -0.01420812 0.12929212 -0.14457580 -0.06074556 -0.02395661 -0.16048271 0.03462358 -0.03683895 -0.00835930 0.08763332 0.04285949 -0.07976983 -0.05485831 -0.06703211 -0.00090047 0.13820446 0.12573493 0.05035517 0.06832289 -0.01423494 -0.08014831 0.00029539 0.10597833 -0.00206976 0.00014315 -0.06803555 -0.04102655 0.02857321 0.14980058 0.18577575 0.17302024 0.21927022 0.30833446 0.13075043 0.01271031 0.06499907 0.01659152 0.00479031 0.15411991 0.19852436 0.07951794
-0.03863869 0.16041742 -0.04262643 0.00050889 -0.04054201 -0.12459774 -0.00362916 0.03285162 -0.00229928 0.09790756 0.07629251 -0.00109486 -0.05722385 1.00000000 0.31584725 0.20581876 0.02112089 0.17631157 0.02373593 0.20980463 0.15838877 0.04808645 0.02485799 0.16686372 0.06307634 0.23404632 -0.07933265 0.05828998 0.10166713 0.05524499 -0.00912317 0.04558382 -0.12408450 -0.17992399 0.00346025 0.09837051 0.03358886 -0.09502384 -0.14587422 0.22531958 0.06154053 0.16451962 -0.08206443 0.05286559 0.10920153 0.02973494 0.04548908 -0.01647767 0.00739367 -0.08729571 0.12138025 -0.02946410 -0.06742731 0.03505142 0.00980958 0.08551099 0.02249093 0.03272417 -0.00687863 -0.03470029 0.01754053 0.02177288 0.06869852 -0.02272158 0.00371639 -0.03588080 -0.00525404 -0.04429190 -0.06906584 -0.01904358 -0.08622882 0.13162806 0.10849943 0.01575141 0.03106783 -0.00816822 -0.07164457 -0.03467073
0.02283696 -0.03610122 -0.05483278 0.06793720 -0.02473055 -0.13740247 -0.03412525 0.06022954 -0.01215759 0.05752529 0.09269287 0.04121109 -0.12946816 0.31584725 1.00000000 0.10121809 0.16995857 0.28837262 0.29240344 0.24797651 0.07936891 0.05468729 -0.06958423 0.31245315 0.05932003 0.30653218 -0.15361074 0.07806993 0.03326505 0.04048311 -0.06701022 -0.02535021 -0.09172855 -0.10598104 0.10059833 -0.02292017 0.04460978 0.00574920 -0.24102273 0.16471061 -0.08546672 0.07428368 0.09026157 -0.04289780 0.12112228 0.08813104 0.08518783 -0.04218907 0.01869909 0.04210097 0.08358280 -0.10417874 -0.06321032 -0.06238709 0.02250320 0.09666084 0.13656577 0.04558425 -0.19466465 -0.13428374 0.16318827 -0.02983653 0.14623362 0.22209438 -0.02524404 -0.34720318 -0.00825488 -0.04604318 -0.20849401 -0.24008485 -0.25272406 0.19930086 -0.08924445 0.07044422 0.01794855 -0.16349455 -0.26801482 0.03322599
-0.09229781 0.09942859 0.01169279 -0.14176351 -0.02456652 -0.03238235 -0.05945093 0.10301916 0.04904669 0.04383913 -0.03744362 0.00359825 0.00702493 0.20581876 0.10121809 1.00000000 -0.03952179 0.06744226 0.22860826 0.22760917 0.07590027 0.18345652 0.25660485 0.15418789 0.15952949 0.16485554 0.12356103 -0.05352938 -0.07357219 0.05549066 0.16236240 -0.11942330 0.21838891 -0.00123766 0.11248179 0.05641175 0.12777083 -0.03336429 -0.05309226 -0.04684974 -0.01418260 0.01052325 -0.05430178 -0.03867486 -0.05936848 -0.06758216 -0.07710140 0.01209038 0.04188257 0.08188161 0.01892920 0.12246572 0.01178894 -0.06133783 -0.04309467 0.12052679 -0.02956816 0.13953283 0.07181851 -0.07091694 -0.08071703 -0.03069102 0.00287227 -0.14288476 -0.05202894 0.05259562 0.07353810 0.08843776 -0.03708092 0.06595140 0.17676085 0.01410668 0.01473392 0.02173781 -0.02126799 0.01652134 -0.10334976 -0.13160734
0.04171744 -0.06620314 0.03153337 0.09808156 0.08957388 0.12386580 0.07762611 0.08229402 0.05525138 -0.02450874 0.03736292 0.06990492 0.10290095 0.02112089 0.16995857 -0.03952179 1.00000000 0.32843369 0.15216737 0.13510073 0.10261260 0.25879423 0.03806603 0.21301861 0.31208730 0.22409390 -0.11942567 -0.12606991 -0.07809971 -0.18084416 -0.20307445 -0.10398527 -0.10698414 0.06515378 -0.06418665 -0.03661660 -0.13789291 0.10826299 0.13141745 0.01687633 -0.06407316 0.00687877 0.14338860 0.04378449 0.05448016 0.04142708 0.08062494 0.00400310 0.03821593 0.10322199 -0.06781144 0.02103820 0.13706118 0.24376208 0.13950442 0.14682470 0.09282599 -0.04260525 -0.03167303 0.14200920 0.14054139 0.07888079 0.08318888 0.20316559 0.10763301 -0.03961326 -0.01407726 -0.04305716 0.01959887 -0.07732546 -0.06008310 0.05702413 0.01977573 -0.07763680 -0.06736775 -0.09799142 -0.02437642 0.10307808
0.06955704 -0.06988281 -0.06441775 0.07409087 -0.09412979 0.07716503 0.09556759 -0.01289688 -0.06847706 -0.16738541 0.07461360 0.00510611 -0.08850966 0.17631157 0.28837262 0.06744226 0.32843369 1.00000000 0.33615314 0.11861723 0.15459289 0.17053100 0.02521264 0.22411357 0.11088287 0.34205022 -0.07203198 -0.02748196 -0.03845488 -0.11676782 -0.10977918 -0.03930071 -0.06504988 0.08161209 -0.04223487 0.06103082 -0.02519897 0.15099554 0.08408795 0.13510420 0.01789948 0.13744787 0.20508908 0.09321028 0.13519038 0.05166404 0.10458731 -0.00566444 0.12602120 0.20230399 0.08092019 0.06913567 0.08056781 0.19957652 0.18779707 0.19793395 0.26892196 0.06510056 -0.06060285 0.08338659 0.27181748 0.15233375 0.18263174 0.24854756 0.12579465 -0.24225754 -0.05299244 -0.13789258 -0.06861939 -0.24469564 -0.15755913 0.07929074 -0.02398441 -0.02333067 0.00934727 -0.11258755 -0.16995460 0.09702651
0.06935694 0.01380094 0.00716045 0.08749837 0.04605907 -0.00725127 0.11265671 0.10342774 -0.01039922 -0.10309914 0.01762822 0.13073270 -0.02696226 0.02373593 0.29240344 0.22860826 0.15216737 0.33615314 1.00000000 0.35587705 0.00971633 0.42746880 0.09728488 0.23104857 -0.00020334 0.47171182 0.12461124 -0.00962816 -0.27893193 0.07866249 0.12088728 -0.30497042 0.15742073 -0.08359289 0.14145723 0.25932099 0.08987918 -0.13531903 -0.02055908 -0.02174668 -0.18809256 -0.00720732 0.15526810 -0.05060675 0.03715665 0.09514912 -0.06212263 0.08648130 0.22675321 0.27293543 -0.06551451 0.02574025 0.11383765 0.07172894 0.27102235 0.40383782 0.22020802 0.12307690 0.12283944 0.06940849 0.24202457 0.18965811 0.29136255 0.14454208 0.02662292 -0.16601185 0.35256086 0.31460199 -0.11100600 0.04948302 0.08971488 0.06861164 -0.04027836 -0.02791928 -0.13198996 0.11567846 -0.29940903 -0.01026332
0.00993359 0.09501600 -0.01941726 -0.11641306 0.05494500 -0.10624827 -0.02620910 0.05867715 -0.07272976 0.01728477 -0.00572244 0.05747006 -0.01049738 0.20980463 0.24797651 0.22760917 0.13510073 0.11861723 0.35587705 1.00000000 0.11025332 0.32872366 0.18414383 0.23974870 0.23239170 0.35826579 0.04705955 0.04934163 -0.10861109 -0.02432126 0.01116905 -0.05529639 0.06119297 -0.11055975 0.03930369 0.06195441 0.08059587 -0.11545600 -0.12572621 0.00136260 -0.04593282 -0.00593515 -0.01716255 -0.04306369 0.01333856 0.00780029 -0.02573310 0.05924667 0.18916704 0.12933023 0.05420858 0.05391414 0.08876269 -0.02368970 0.08700088 0.25413413 0.15927473 0.07793017 0.06644189 -0.01862224 0.03739570 0.02539622 0.12145046 -0.01371517 -0.08751269 -0.08755299 0.11552158 0.11546484 -0.13326826 -0.07693034 -0.02047496 0.02401659 0.02926135 0.04932221 -0.01301444 0.03305047 -0.21139715 -0.08584768
-0.06128855 -0.02474077 0.09972419 -0.05964348 -0.03860248 0.06317292 0.05565697 0.08597901 0.06221257 0.04901768 -0.13226333 0.03241317 0.15086653 0.15838877 0.07936891 0.07590027 0.10261260 0.15459289 0.00971633 0.11025332 1.00000000 0.22032047 0.05581311 0.34800030 0.12633176 0.03147295 -0.06802759 -0.17006257 0.01889390 -0.01206767 -0.09774742 -0.05872829 -0.24642707 -0.11816738 -0.19947923 0.00473144 -0.01087372 -0.07538503 -0.02809616 -0.02691669 -0.02669341 0.07467385 -0.11118227 -0.04270556 -0.00044430 -0.15407411 0.03325569 -0.08063422 -0.14165516 -0.21575081 0.00160821 0.01475632 -0.07864537 0.07127270 0.03149913 -0.08151292 -0.16151363 -0.08519498 -0.02383577 0.06279090 -0.01094780 0.00792400 -0.10983072 -0.04744475 0.00281448 0.11352218 0.06936389 0.06806970 0.15654487 0.20360417 -0.02406998 0.08577202 0.05184625 0.02250111 0.01914164 0.05999577 0.08979361 0.06749361
0.07648023 0.08137083 0.06406993 -0.02648951 0.16903310 -0.00655285 0.13019817 0.05057633 -0.03112477 -0.09037794 -0.07350050 0.11508565 0.09060086 0.04808645 0.05468729 0.18345652 0.25879423 0.17053100 0.42746880 0.32872366 0.22032047 1.00000000 0.14503188 0.28711711 0.22166611 0.32149187 0.10782377 -0.02123194 -0.17661116 0.07668915 0.10941463 -0.20519708 0.09585724 -0.09690771 0.07014397 0.10019115 0.05218026 -0.16103559 -0.00694941 -0.16466130 -0.14726399 -0.00835675 -0.02034758 -0.03798699 -0.00950628 0.04039081 -0.00152562 0.06718162 0.12044981 0.11155071 -0.08553565 0.01920811 0.13824411 -0.00796025 0.18088958 0.26443823 0.15356215 0.13374112 0.17004414 0.04293010 0.14764050 0.08225728 0.10739308 0.01786261 0.09465654 0.01973500 0.32466913 0.31073213 0.05615653 0.16079695 0.18055739 -0.07341253 0.02449899 -0.02435770 -0.12725270 0.16052908 -0.09787843 -0.10130907
-0.09573737 0.06835386 0.02674675 -0.11424399 0.03287896 0.14578810 0.06218364 0.17083817 0.07239932 -0.01138974 -0.07355036 0.05107454 0.07839171 0.02485799 -0.06958423 0.25660485 0.03806603 0.02521264 0.09728488 0.18414383 0.05581311 0.14503188 1.00000000 0.11376658 0.32645731 0.04616922 0.04579904 0.01018265 -0.06623013 -0.01778581 0.08710922 -0.06623061 0.06954762 0.15015020 0.02951461 0.00669362 0.13445457 0.05181175 0.21965733 -0.19552591 -0.04338218 0.01056935 0.02851103 -0.08848337 -0.05569584 0.04049454 0.00212794 0.04358832 0.12658478 0.13723445 -0.07200923 0.18449675 0.15383599 0.11445374 0.15030108 0.14312214 -0.04904626 0.07045216 0.19531679 0.09819564 0.00571610 0.09774525 0.00301808 -0.03046433 0.06200269 0.21481952 0.04279814 0.11499031 0.15959318 0.20524991 0.26261240 -0.04639923 0.10762528 -0.00303548 0.03058152 0.15543190 0.11762022 0.08004946
-0.02088241 0.06581758 0.11248947 0.09592935 0.09074619 0.04060464 0.13501143 0.07489104 0.08305075 0.10118762 -0.10195970 0.09214634 0.14116609 0.16686372 0.31245315 0.15418789 0.21301861 0.22411357 0.23104857 0.23974870 0.34800030 0.28711711 0.11376658 1.00000000 0.18732694 0.21120397 -0.14304577 -0.09419968 0.03626718 0.08642681 -0.06885582 -0.10077506 -0.23727887 -0.19353036 -0.07356419 0.04886335 -0.01274754 -0.17233289 -0.15629107 0.03454918 -0.07374299 0.03950117 -0.02652111 0.04561933 0.14574484 0.03575772 0.17954230 0.02867709 -0.05019632 -0.08929243 0.05972789 -0.09306831 0.04684102 0.01340851 0.08797820 0.15941370 0.05452402 0.07522698 -0.08818840 -0.01997918 0.13917310 -0.08029080 0.09396157 0.06442612 -0.01047035 -0.12763681 0.11356302 0.05993376 0.05134239 0.06553756 -0.15701127 0.07672341 0.05303942 0.02988529 -0.03119772 -0.05731022 -0.11937843 0.01373162
-0.09890387 0.06192358 0.01202544 -0.10919163 0.02155813 0.10034042 0.01803666 -0.01242960 0.01157464 -0.01444127 -0.08429726 -0.01833964 0.14792064 0.06307634 0.05932003 0.15952949 0.31208730 0.11088287 -0.00020334 0.23239170 0.12633176 0.22166611 0.32645731 0.18732694 1.00000000 0.03021510 -0.04126462 0.00360552 0.05223063 -0.13577482 -0.09069800 0.05302164 -0.07016909 0.15380869 -0.02229593 -0.12062285 0.01276540 0.04520755 0.20273654 -0.10662574 0.09003596 -0.05543667 0.06021596 0.03077351 0.07174913 -0.05483654 0.15621964 0.12107105 0.05572401 0.06385248 -0.02765492 0.01872870 0.19447046 0.04013940 0.07648587 0.13332494 0.00069227 -0.04343502 0.03984535 0.04691265 0.05080567 -0.01761587 -0.00096217 0.00026505 0.10751006 0.13787454 -0.02862083 -0.00760334 0.13214578 0.08222239 0.14345357 -0.06214530 0.17652740 -0.00672858 0.02625589 0.07347726 0.22420554 0.05138127
0.08692188 0.03759296 0.01698304 0.15779549 0.10360429 -0.08057441 0.10885652 0.01936111 0.01351850 -0.00528006 0.09067711 0.15580659 -0.01339193 0.23404632 0.30653218 0.16485554 0.22409390 0.34205022 0.47171182 0.35826579 0.03147295 0.32149187 0.04616922 0.21120397 0.03021510 1.00000000 0.06049004 0.03723831 -0.19241311 0.04894048 0.05305684 -0.20211977 0.10988953 -0.05794396 0.11366855 0.09548877 0.01031985 -0.07594489 -0.08808214 0.07863414 -0.12969597 0.11369679 0.12357332 0.02149154 0.04712284 0.14534070 -0.01695009 0.10894057 0.14656873 0.18212928 0.00838633 0.04989700 0.03752537 0.11623937 0.28614898 0.28337248 0.21198800 0.11752736 0.01196807 0.04756298 0.25752930 0.11501761 0.23915058 0.17308619 -0.04427088 -0.18752247 0.22407136 0.17298257 -0.09520789 -0.06388772 -0.04334614 0.11636350 -0.03007407 0.02361416 -0.14288191 0.08133220 -0.27027983 0.04805466
-0.08567520 0.04249689 0.08020940 -0.11281449 -0.12878475 0.03580958 -0.00750154 -0.01606539 -0.04173285 -0.18718524 -0.05615481 -0.06975142 0.01129959 -0.07933265 -0.15361074 0.12356103 -0.11942567 -0.07203198 0.12461124 0.04705955 -0.06802759 0.10782377 0.04579904 -0.14304577 -0.04126462 0.06049004 1.00000000 0.07462183 -0.12287707 0.30954553 0.31634340 0.02213044 0.35618569 0.23371466 0.28657660 0.22226745 0.27951337 0.07113845 0.20321716 -0.12135335 -0.01012354 -0.00103473 -0.00248433 0.05257374 -0.02855387 0.02014224 -0.07861774 0.09779211 0.17708069 0.10098539 -0.08576335 0.03734088 0.12366553 -0.08188207 0.04808512 0.09725958 0.07402223 0.05993900 0.22066074 -0.02302610 -0.00790278 0.05718174 0.04899493 -0.03766349 0.00990619 0.06128248 0.19218059 0.21245308 0.06536767 0.07895840 0.20263521 -0.06925158 0.08273894 0.03982069 0.02185693 0.09519574 -0.02557206 -0.09338416
0.06804713 0.02453497 0.00282702 0.04440558 0.00666593 -0.02335243 -0.03763471 -0.05178421 -0.07201366 -0.05530698 0.00568349 -0.03366093 -0.11358590 0.05828998 0.07806993 -0.05352938 -0.12606991 -0.02748196 -0.00962816 0.04934163 -0.17006257 -0.02123194 0.01018265 -0.09419968 0.00360552 0.03723831 0.07462183 1.00000000 0.28224436 0.23050345 0.17723409 0.33905357 0.22800999 0.13213858 0.27272349 0.04157718 0.29864478 0.15137740 0.07809863 0.03247421 0.10644530 -0.01504179 0.04750808 -0.02723055 -0.00023373 0.06397508 0.04846932 0.05801309 0.05884050 0.05700173 -0.01688368 -0.06627770 0.06663492 -0.16059181 0.04480829 0.05058311 0.23646774 0.11858443 -0.00336983 -0.08324305 0.05375937 -0.05278505 0.11362725 -0.01313486 0.02291813 -0.08323078 -0.03453527 -0.01653931 -0.08109517 -0.14514374 0.02311423 -0.02383762 0.01888085 0.14840989 0.18116293 0.01802267 -0.00056544 -0.01171044
-0.02848398 -0.04003607 0.04329916 -0.04358732 -0.08062370 0.08378023 -0.13047051 -0.14658469 -0.01344011 0.01551254 -0.03025904 -0.04134306 -0.01217353 0.10166713 0.03326505 -0.07357219 -0.07809971 -0.03845488 -0.27893193 -0.10861109 0.01889390 -0.17661116 -0.06623013 0.03626718 0.05223063 -0.19241311 -0.12287707 0.28224436 1.00000000 0.17609064 -0.00642836 0.44469571 -0.07364135 0.04999514 0.08669985 -0.06257326 0.10293450 0.13694239 0.05248969 -0.00677192 0.05300862 -0.04143400 -0.08793898 0.03212429 0.07472401 -0.00480600 0.17204612 -0.06275731 -0.16395897 -0.18620336 0.01524549 -0.22587605 -0.04632158 -0.12943023 -0.14359336 -0.18928574 -0.07858175 -0.02183034 -0.16373615 -0.19569523 -0.10252876 -0.18957857 -0.19463346 -0.05757328 0.01830359 -0.05849486 -0.17156668 -0.18422840 0.07895820 -0.07510822 -0.14410208 0.03315037 0.01456555 0.03426650 0.15773348 -0.06948836 0.19361297 0.01266910
-0.01488761 0.01506569 0.07165436 0.06102951 0.03523604 0.03081222 0.02395483 0.04100999 0.03631561 -0.08224281 -0.04763911 0.05639368 0.00840628 0.05524499 0.04048311 0.05549066 -0.18084416 -0.11676782 0.07866249 -0.02432126 -0.01206767 0.07668915 -0.01778581 0.08642681 -0.13577482 0.04894048 0.30954553 0.23050345 0.17609064 1.00000000 0.25450253 0.16276773 0.10020293 -0.17104658 0.14559002 0.18103740 0.26553978 -0.08430942 -0.10260494 -0.16141980 -0.17025414 -0.08171578 -0.09544905 0.00178149 -0.00791240 0.07442967 -0.07691588 -0.04368423 -0.05673637 -0.11807429 -0.07857074 -0.20637583 -0.01069407 -0.25956924 0.00357759 0.01277593 0.02475215 0.05369640 0.04892091 -0.14187505 0.03801875 -0.09127149 -0.02200474 -0.06033264 -0.11757853 -0.08549611 0.21890187 0.22460883 0.00222271 0.14598717 0.08861787 0.04087100 -0.01346989 0.10820132 0.06360089 0.07922385 -0.02188830 -0.12592827
0.06403799 0.19174511 0.06712687 0.00316468 0.08165614 -0.04606334 -0.00047195 0.07216762 0.09402408 0.08856405 0.02743448 0.10724853 0.04078829 -0.00912317 -0.06701022 0.16236240 -0.20307445 -0.10977918 0.12088728 0.01116905 -0.09774742 0.10941463 0.08710922 -0.06885582 -0.09069800 0.05305684 0.31634340 0.17723409 -0.00642836 0.25450253 1.00000000 -0.01367606 0.42265087 0.17669725 0.32706649 0.21308663 0.24266158 0.09778846 0.11393765 -0.11868604 -0.05822570 -0.02619144 -0.07371934 -0.11049566 -0.10531663 0.05048807 -0.09788362 0.00373175 0.06155998 0.08605802 -0.06149325 0.05160526 0.05213411 -0.06389491 -0.01255299 0.06693352 -0.01093375 0.11514920 0.08777895 -0.04926066 0.00326367 -0.02299339 0.03030926 -0.15978341 -0.04534071 0.08111396 0.10136021 0.18544780 0.05927782 0.13995525 0.21550611 -0.02997802 0.05597281 0.02087727 -0.00810735 0.14104218 0.01801097 -0.04091544
-0.01358015 0.00028681 -0.03667746 -0.00234874 -0.04848531 -0.00089792 -0.16329548 -0.13482291 0.02051516 0.01601199 -0.02013198 -0.14233737 -0.03737172 0.04558382 -0.02535021 -0.11942330 -0.10398527 -0.03930071 -0.30497042 -0.05529639 -0.05872829 -0.20519708 -0.06623061 -0.10077506 0.05302164 -0.20211977 0.02213044 0.33905357 0.44469571 0.16276773 -0.01367606 1.00000000 -0.01374262 0.14491454 0.06326106 -0.01507951 0.10889803 0.25218622 0.02542556 0.00719244 0.19722276 0.01200118 -0.06806402 0.07515652 0.04653230 -0.04273824 0.08232109 -0.01800449 -0.09199892 -0.11491310 -0.00284414 -0.14717866 0.03184603 -0.15516052 -0.17025567 -0.14923335 0.11048728 -0.00571999 -0.06440848 -0.06501598 -0.08190006 -0.12726654 -0.12165440 -0.03955416 -0.00424294 -0.05839877 -0.25389445 -0.23708712 -0.06021835 -0.19536674 -0.22784491 -0.06853596 0.02379127 0.08045630 0.22159702 -0.08071019 0.19762472 -0.01319430
0.02049755 0.12585158 0.01009122 -0.04560742 -0.00251070 -0.03372215 -0.06538421 0.00716733 -0.00234187 -0.06362197 -0.02765503 -0.03807887 -0.00272548 -0.12408450 -0.09172855 0.21838891 -0.10698414 -0.06504988 0.15742073 0.06119297 -0.24642707 0.09585724 0.06954762 -0.23727887 -0.07016909 0.10988953 0.35618569 0.22800999 -0.07364135 0.10020293 0.42265087 -0.01374262 1.00000000 0.39602912 0.46973041 0.11263802 0.10468861 0.27573018 0.25808194 -0.03723340 0.05669406 -0.00153663 0.16302562 -0.01169614 -0.14112523 0.09234628 -0.03449123 0.08815278 0.25482086 0.24805939 0.04069451 0.14267582 0.13232465 -0.02676529 0.04814518 0.12933990 0.14319820 0.15694384 0.10562855 0.01278963 -0.02747430 0.05385236 0.08634600 -0.06224652 0.02857435 0.10585657 0.07005483 0.12626265 0.00285933 0.00166284 0.29926081 -0.09950261 -0.05238403 0.00853831 -0.01862760 0.11162486 -0.02715598 -0.03958852
-0.03311042 0.04361666 0.01965593 -0.08059747 -0.08069706 0.04908750 -0.06854520 -0.03128487 0.16355497 0.05825326 0.04408941 -0.03747339 0.07595368 -0.17992399 -0.10598104 -0.00123766 0.06515378 0.08161209 -0.08359289 -0.11055975 -0.11816738 -0.09690771 0.15015020 -0.19353036 0.15380869 -0.05794396 0.23371466 0.13213858 0.04999514 -0.17104658 0.17669725 0.14491454 0.39602912 1.00000000 0.31233772 -0.12719550 0.06523585 0.67061595 0.56290907 -0.02321638 0.20764893 0.02280867 0.23354921 0.08000524 -0.02774811 -0.04192904 0.10983314 0.14018489 0.21347156 0.23324270 -0.01495414 0.13725906 0.25760461 0.15729045 0.10200187 0.09397810 0.18743257 0.00949921 0.00657434 0.14746488 0.05655552 0.11319381 0.03077354 0.14435026 0.19827448 0.08404598 -0.11154655 -0.09280201 0.16193264 -0.12655200 0.14695345 -0.07436207 0.07639087 0.02783322 0.14220177 -0.05994501 0.21539154 0.24809833
0.04462807 0.07201489 0.05997093 0.02362622 0.02541177 -0.06478283 -0.05396711 -0.00698954 0.00711783 0.03096911 0.08136780 -0.05224437 0.00285002 0.00346025 0.10059833 0.11248179 -0.06418665 -0.04223487 0.14145723 0.03930369 -0.19947923 0.07014397 0.02951461 -0.07356419 -0.02229593 0.11366855 0.28657660 0.27272349 0.08669985 0.14559002 0.32706649 0.06326106 0.46973041 0.31233772 1.00000000 0.12158790 0.16696612 0.26483289 0.17660524 -0.00231997 -0.03951980 -0.04191369 0.14388166 -0.03201231 -0.04454057 0.10615851 0.01828142 0.06872002 0.15215465 0.17693350 0.05379791 0.12926676 0.03444225 -0.05421114 -0.01622816 0.01111674 0.05605120 0.00195770 -0.08247828 0.02422317 0.02661106 -0.04563920 0.01525931 0.00479770 -0.08877779 -0.07558803 0.06803765 0.11835313 0.04421092 -0.06286978 0.15010551 0.01644933 -0.08765864 0.05429469 -0.00718339 0.04292865 -0.04071415 0.03154481
0.06304303 -0.04229906 -0.05914025 -0.04609306 -0.04731989 -0.02957466 0.06429229 -0.01739826 -0.01029356 -0.11139806 0.02368106 -0.01659011 -0.03287885 0.09837051 -0.02292017 0.05641175 -0.03661660 0.06103082 0.25932099 0.06195441 0.00473144 0.10019115 0.00669362 0.04886335 -0.12062285 0.09548877 0.22226745 0.04157718 -0.06257326 0.18103740 0.21308663 -0.01507951 0.11263802 -0.12719550 0.12158790 1.00000000 0.08740495 -0.07243285 -0.00526951 0.00005456 -0.11103740 0.08196381 0.06946225 -0.04394616 0.01304485 -0.09376995 -0.06482911 -0.03655521 0.03438532 -0.00489293 0.00019135 0.00854308 -0.02200864 0.02067286 0.07210213 0.11827814 0.08744863 0.06398536 0.18044269 0.03999403 0.11034230 0.14989414 0.11445615 0.03708909 -0.01955263 -0.01827912 0.08039659 0.08849624 -0.09513470 0.06046953 0.05800285 0.07872392 0.02221240 -0.04556859 -0.05359222 0.07025113 -0.21083981 0.03348772
-0.00270220 0.10701507 -0.00411443 -0.01752961 -0.04995341 -0.04521452 0.04072579 -0.03766680 -0.00038949 -0.03229429 -0.00116868 -0.06359065 -0.02092136 0.03358886 0.04460978 0.12777083 -0.13789291 -0.02519897 0.08987918 0.08059587 -0.01087372 0.05218026 0.13445457 -0.01274754 0.01276540 0.01031985 0.27951337 0.29864478 0.10293450 0.26553978 0.24266158 0.10889803 0.10468861 0.06523585 0.16696612 0.08740495 1.00000000 0.00598497 0.10332272 -0.09221784 -0.03859309 -0.01472983 -0.08385125 -0.05062525 -0.05397926 -0.02959830 -0.04293284 -0.00884835 0.02658424 0.06732066 -0.05575726 0.05400310 0.03852204 -0.05727743 0.06305082 0.08263305 0.04551410 0.09629918 0.19147122 -0.03239946 -0.04040232 0.02262985 -0.00894467 -0.06213713 -0.04054842 0.01935831 0.08884019 0.10662303 -0.00624108 0.07304373 0.03584954 -0.02514563 0.04878893 0.14859889 0.09092502 0.06918172 0.01969643 -0.03058599
-0.01441435 -0.06044633 -0.01021871 -0.04310644 -0.09754694 0.01164065 -0.12158051 -0.01528186 0.08584644 -0.00112729 0.04342803 -0.06777458 -0.01420812 -0.09502384 0.00574920 -0.03336429 0.10826299 0.15099554 -0.13531903 -0.11545600 -0.07538503 -0.16103559 0.05181175 -0.17233289 0.04520755 -0.07594489 0.07113845 0.15137740 0.13694239 -0.08430942 0.09778846 0.25218622 0.27573018 0.67061595 0.26483289 -0.07243285 0.00598497 1.00000000 0.38490584 0.08126782 0.21169340 0.07299484 0.21900157 0.11459796 -0.00816231 -0.00084657 0.08769587 0.04282973 0.10352150 0.14907526 0.00001192 0.09000858 0.18524602 0.10191537 0.01158959 -0.06593917 0.14708088 -0.10448211 -0.15860581 0.10193510 0.06323219 0.07381442 -0.05807185 0.13139621 0.12201101 -0.05027603 -0.22558539 -0.22758171 0.05265932 -0.26333978 -0.05549293 -0.00694071 0.03674988 -0.03482535 0.14085422 -0.18662202 0.18124237 0.14246547
-0.03480318 -0.05094441 0.03760019 -0.05370990 -0.05254723 0.12873882 0.03979831 0.01951353 0.08527042 -0.06684696 -0.05555162 -0.01857852 0.12929212 -0.14587422 -0.24102273 -0.05309226 0.13141745 0.08408795 -0.02055908 -0.12572621 -0.02809616 -0.00694941 0.21965733 -0.15629107 0.20273654 -0.08808214 0.20321716 0.07809863 0.05248969 -0.10260494 0.11393765 0.02542556 0.25808194 0.56290907 0.17660524 -0.00526951 0.10332272 0.38490584 1.00000000 -0.08108126 0.12657537 -0.01556665 0.12690780 0.08758725 0.01510742 -0.03419486 0.07762774 0.18406733 0.19486670 0.20480062 -0.11251068 0.07868100 0.21928996 0.18032130 0.10856943 0.07788640 0.11760757 -0.05194965 0.12585670 0.15995689 0.07653385 0.09557105 -0.03816854 0.08013130 0.19165318 0.17592796 -0.04530307 0.02931648 0.21934056 0.04472319 0.21505996 -0.11764627 0.07687357 0.00151933 0.09964452 0.00583043 0.27700124 0.17251187
0.06406037 -0.04291194 -0.03855029 0.04919129 -0.06766540 -0.06096164 -0.00057043 -0.00444170 -0.02709485 0.04201474 0.11100231 -0.11191009 -0.14457580 0.22531958 0.16471061 -0.04684974 0.01687633 0.13510420 -0.02174668 0.00136260 -0.02691669 -0.16466130 -0.19552591 0.03454918 -0.10662574 0.07863414 -0.12135335 0.03247421 -0.00677192 -0.16141980 -0.11868604 0.00719244 -0.03723340 -0.02321638 -0.00231997 0.00005456 -0.09221784 0.08126782 -0.08108126 1.00000000 0.15268815 0.21727573 0.31670060 0.17953297 0.16012959 0.15416213 0.26723959 0.03962226 0.12440682 0.07120817 0.25089168 0.10728952 -0.06828155 0.02614766 -0.01866203 -0.01367733 0.09449228 -0.10737129 -0.19860959 0.01972844 0.03612806 0.03609314 0.05039606 0.08605040 -0.01797450 -0.17009883 -0.17532794 -0.27459430 -0.22633527 -0.27354977 -0.20727087 0.07006265 -0.07869278 -0.08866551 -0.02209904 -0.16330613 -0.16854156 0.04130746
-0.05951331 0.13366793 -0.04164281 -0.10010614 -0.09081539 0.01688158 -0.03868977 -0.16573094 0.03879784 -0.02085739 0.00690392 -0.08616202 -0.06074556 0.06154053 -0.08546672 -0.01418260 -0.06407316 0.01789948 -0.18809256 -0.04593282 -0.02669341 -0.14726399 -0.04338218 -0.07374299 0.09003596 -0.12969597 -0.01012354 0.10644530 0.05300862 -0.17025414 -0.05822570 0.19722276 0.05669406 0.20764893 -0.03951980 -0.11103740 -0.03859309 0.21169340 0.12657537 0.15268815 1.00000000 0.14518261 0.22028638 0.35482070 0.27041548 -0.00112975 0.25300755 0.21587326 0.19212737 0.20199296 0.24797779 0.11221223 0.15960864 -0.05567749 -0.14225657 -0.00073717 0.12045844 0.05915535 0.07919027 -0.08801307 -0.02726904 -0.01898213 -0.06805293 0.00738552 0.19051418 0.06241010 -0.20363999 -0.16240184 -0.04980598 -0.21105283 -0.08588018 -0.15276887 0.12930546 0.10672593 0.20977324 -0.04327267 0.13964384 -0.00384829
0.03097894 -0.03801165 -0.12573519 -0.01145080 -0.13155577 -0.07376383 0.04841876 -0.10969074 -0.06591495 0.01179090 0.00085937 -0.00463933 -0.02395661 0.16451962 0.07428368 0.01052325 0.00687877 0.13744787 -0.00720732 -0.00593515 0.07467385 -0.00835675 0.01056935 0.03950117 -0.05543667 0.11369679 -0.00103473 -0.01504179 -0.04143400 -0.08171578 -0.02619144 0.01200118 -0.00153663 0.02280867 -0.04191369 0.08196381 -0.01472983 0.07299484 -0.01556665 0.21727573 0.14518261 1.00000000 0.30815021 0.25512440 0.29447221 0.12102854 0.18397332 0.11346861 0.17842187 0.05374069 0.28979102 0.16231079 0.03077924 0.12524686 0.02165605 0.04421294 0.09573625 0.00499170 0.07674686 0.13907218 0.05465352 0.14991329 0.10394758 0.05069982 0.02013342 -0.03707033 -0.09990257 -0.19004968 -0.09258129 -0.13934127 -0.09004730 0.06187793 0.04393990 -0.01733549 -0.04259801 -0.01290577 -0.04565348 0.05560788
0.04652182 -0.09491776 -0.13301390 -0.04534594 -0.10001856 0.06064522 -0.02473747 -0.08383948 -0.01310888 -0.13971116 0.05756949 -0.05818723 -0.16048271 -0.08206443 0.09026157 -0.05430178 0.14338860 0.20508908 0.15526810 -0.01716255 -0.11118227 -0.02034758 0.02851103 -0.02652111 0.06021596 0.12357332 -0.00248433 0.04750808 -0.08793898 -0.09544905 -0.07371934 -0.06806402 0.16302562 0.23354921 0.14388166 0.06946225 -0.08385125 0.21900157 0.12690780 0.31670060 0.22028638 0.30815021 1.00000000 0.24531384 0.22119374 0.18642048 0.24721761 0.09515932 0.27418867 0.27555937 0.24090100 0.14600641 0.16255886 0.10906495 0.16037976 0.10345249 0.25461876 0.08578154 0.01306296 0.10444513 0.22589941 0.19612995 0.15620524 0.28536373 0.18484857 -0.10693848 -0.12368697 -0.17961811 -0.15425654 -0.29187186 -0.05876429 0.04541703 0.03844428 -0.01137098 0.04853909 -0.05254912 -0.12053934 0.14304567
-0.01028266 0.05080735 -0.03379907 0.07107444 -0.06367206 0.08942076 -0.01264890 -0.07958802 0.00664605 -0.10393382 -0.06196446 -0.05209098 0.03462358 0.05286559 -0.04289780 -0.03867486 0.04378449 0.09321028 -0.05060675 -0.04306369 -0.04270556 -0.03798699 -0.08848337 0.04561933 0.03077351 0.02149154 0.05257374 -0.02723055 0.03212429 0.00178149 -0.11049566 0.07515652 -0.01169614 0.08000524 -0.03201231 -0.04394616 -0.05062525 0.11459796 0.08758725 0.17953297 0.35482070 0.25512440 0.24531384 1.00000000 0.40716119 0.24059165 0.28001747 0.16413677 0.14599160 0.18707668 0.17224535 0.00057852 0.10760623 -0.03027803 -0.01648540 0.05761587 0.14664704 0.06108535 0.04051039 0.01328750 0.18103980 0.04317091 -0.00477882 0.10078389 0.19494903 -0.08847089 -0.07461169 -0.07485644 -0.08966808 -0.16482514 -0.13033489 -0.04604702 0.00326351 0.03192095 0.05644212 -0.01774931 0.05524981 -0.09504339
-0.04106972 -0.01464134 0.03672319 0.07917774 -0.05295787 0.06905434 0.09373492 -0.03315063 -0.06474538 -0.09525490 -0.04561673 -0.03013161 -0.03683895 0.10920153 0.12112228 -0.05936848 0.05448016 0.13519038 0.03715665 0.01333856 -0.00044430 -0.00950628 -0.05569584 0.14574484 0.07174913 0.04712284 -0.02855387 -0.00023373 0.07472401 -0.00791240 -0.10531663 0.04653230 -0.14112523 -0.02774811 -0.04454057 0.01304485 -0.05397926 -0.00816231 0.01510742 0.16012959 0.27041548 0.29447221 0.22119374 0.40716119 1.00000000 0.14593893 0.34337570 0.33636312 0.20411326 0.14673387 0.14355428 0.05559254 0.13000673 -0.00676347 0.08018685 0.08303567 0.16342475 0.00236829 0.03869967 -0.09112508 0.19374007 0.04671327 0.04316157 0.19173003 0.19718884 -0.08570200 -0.00896288 -0.05599370 -0.05008716 -0.14374866 -0.17979637 0.05047063 0.08660817 0.05225811 0.03512174 -0.00427453 -0.02727909 0.06635037
0.09584393 0.08413466 0.01765179 0.16050330 0.05651957 0.04609179 0.04036108 0.05009435 0.07981468 -0.00747020 -0.01048105 0.10112125 -0.00835930 0.02973494 0.08813104 -0.06758216 0.04142708 0.05166404 0.09514912 0.00780029 -0.15407411 0.04039081 0.04049454 0.03575772 -0.05483654 0.14534070 0.02014224 0.06397508 -0.00480600 0.07442967 0.05048807 -0.04273824 0.09234628 -0.04192904 0.10615851 -0.09376995 -0.02959830 -0.00084657 -0.03419486 0.15416213 -0.00112975 0.12102854 0.18642048 0.24059165 0.14593893 1.00000000 0.14265152 -0.01676643 0.14243862 0.20966976 0.13121326 0.03356200 -0.01370080 0.01063774 0.07479419 0.08560683 0.10535185 0.05121483 -0.01948597 -0.05031386 0.14451748 -0.04372523 0.13051977 0.07932464 0.01276363 -0.11301130 0.10835148 0.07303599 0.05035955 -0.02374329 -0.00403976 -0.04082464 -0.02806933 -0.00507080 -0.02584892 0.09063013 -0.00337598 -0.07668369
-0.09907325 0.01544921 0.03732417 0.07440783 -0.03357481 0.07038415 0.03637638 -0.00381718 0.03600771 -0.03117192 -0.02325292 -0.00199698 0.08763332 0.04548908 0.08518783 -0.07710140 0.08062494 0.10458731 -0.06212263 -0.02573310 0.03325569 -0.00152562 0.00212794 0.17954230 0.15621964 -0.01695009 -0.07861774 0.04846932 0.17204612 -0.07691588 -0.09788362 0.08232109 -0.03449123 0.10983314 0.01828142 -0.06482911 -0.04293284 0.08769587 0.07762774 0.26723959 0.25300755 0.18397332 0.24721761 0.28001747 0.34337570 0.14265152 1.00000000 0.25873078 0.20680311 0.15599396 0.22355411 0.09139601 0.23121229 -0.00533885 0.10801787 0.05853319 0.15393945 0.00098998 -0.05381492 -0.00007868 0.20399203 0.02215215 -0.02115456 0.16161299 0.20299138 -0.01135968 -0.07087541 -0.15726693 -0.04361459 -0.11777818 -0.17344176 -0.02784849 0.02124719 -0.00290760 0.08623511 -0.02493791 0.12928139 0.07081842
-0.07402632 0.07557666 -0.01395065 -0.02071049 -0.01644045 -0.03252861 -0.00960583 -0.06759542 -0.05401873 -0.02295035 -0.09181014 -0.02026507 0.04285949 -0.01647767 -0.04218907 0.01209038 0.00400310 -0.00566444 0.08648130 0.05924667 -0.08063422 0.06718162 0.04358832 0.02867709 0.12107105 0.10894057 0.09779211 0.05801309 -0.06275731 -0.04368423 0.00373175 -0.01800449 0.08815278 0.14018489 0.06872002 -0.03655521 -0.00884835 0.04282973 0.18406733 0.03962226 0.21587326 0.11346861 0.09515932 0.16413677 0.33636312 -0.01676643 0.25873078 1.00000000 0.34730304 0.16720097 0.14669050 0.21269249 0.26720052 0.06416676 0.13168324 0.19907249 0.21159226 0.02400567 0.13309620 -0.02077962 0.03878172 0.06701948 0.04628946 0.16426668 0.17885762 -0.05296403 -0.01396961 0.03545500 0.02560304 -0.08112059 0.04699895 -0.08138743 0.07353079 -0.07810636 -0.04638418 -0.00937270 0.02522891 0.03391720
-0.03281388 0.11803979 -0.05584270 -0.02793797 -0.04256746 0.00571357 -0.00147860 -0.04390467 -0.02677806 -0.12823290 0.02441940 -0.02345203 -0.07976983 0.00739367 0.01869909 0.04188257 0.03821593 0.12602120 0.22675321 0.18916704 -0.14165516 0.12044981 0.12658478 -0.05019632 0.05572401 0.14656873 0.17708069 0.05884050 -0.16395897 -0.05673637 0.06155998 -0.09199892 0.25482086 0.21347156 0.15215465 0.03438532 0.02658424 0.10352150 0.19486670 0.12440682 0.19212737 0.17842187 0.27418867 0.14599160 0.20411326 0.14243862 0.20680311 0.34730304 1.00000000 0.46119162 0.14726569 0.22152890 0.26432734 0.08066894 0.14038468 0.27100453 0.21527626 0.04923378 0.19358267 -0.02578287 0.07096004 0.21199828 0.09464368 0.16459200 0.13793859 -0.06303517 0.06264279 0.03503450 -0.08724135 -0.15093869 0.09316898 -0.10393204 0.00278925 0.00015213 0.02127832 0.02114235 -0.07199750 0.02982925
0.05675330 0.07103088 -0.01143941 0.07865321 0.02909118 0.06483842 -0.00588617 -0.01168516 0.03827792 -0.12155808 0.02184763 0.03966101 -0.05485831 -0.08729571 0.04210097 0.08188161 0.10322199 0.20230399 0.27293543 0.12933023 -0.21575081 0.11155071 0.13723445 -0.08929243 0.06385248 0.18212928 0.10098539 0.05700173 -0.18620336 -0.11807429 0.08605802 -0.11491310 0.24805939 0.23324270 0.17693350 -0.00489293 0.06732066 0.14907526 0.20480062 0.07120817 0.20199296 0.05374069 0.27555937 0.18707668 0.14673387 0.20966976 0.15599396 0.16720097 0.46119162 1.00000000 0.04572918 0.23057302 0.26395652 0.10624838 0.15087942 0.28101037 0.23001765 0.08760704 0.13098269 0.05932825 0.11821035 0.16366405 0.11380281 0.16956244 0.17472244 -0.04113999 0.08937199 0.04246996 -0.06815400 -0.12711126 0.07575070 -0.12317051 0.04947165 0.00138888 0.01354109 0.09925105 -0.04665511 0.07639343
0.08074196 0.00675756 -0.06439684 -0.09667254 -0.11942402 -0.10262692 -0.00594798 -0.09937927 -0.03856403 -0.01062782 -0.03306967 -0.08836809 -0.06703211 0.12138025 0.08358280 0.01892920 -0.06781144 0.08092019 -0.06551451 0.05420858 0.00160821 -0.08553565 -0.07200923 0.05972789 -0.02765492 0.00838633 -0.08576335 -0.01688368 0.01524549 -0.07857074 -0.06149325 -0.00284414 0.04069451 -0.01495414 0.05379791 0.00019135 -0.05575726 0.00001192 -0.11251068 0.25089168 0.24797779 0.28979102 0.24090100 0.17224535 0.14355428 0.13121326 0.22355411 0.14669050 0.14726569 0.04572918 1.00000000 0.19475835 -0.04562566 -0.05271574 -0.02468846 -0.03190681 0.04063609 0.02977634 -0.06725744 -0.01816679 0.02459885 -0.03952026 0.06016121 -0.04593397 -0.07432268 -0.11024089 -0.11685627 -0.16923447 -0.09035566 -0.19378497 -0.07571620 0.06770693 0.02666109 0.04393704 0.02415370 0.01734331 -0.12520947 -0.03932920
-0.07549772 -0.02383542 -0.07055922 -0.13297579 -0.07282266 -0.08768039 -0.01944677 -0.00676232 -0.07789901 -0.00770115 -0.04048193 -0.06761461 -0.00090047 -0.02946410 -0.10417874 0.12246572 0.02103820 0.06913567 0.02574025 0.05391414 0.01475632 0.01920811 0.18449675 -0.09306831 0.01872870 0.04989700 0.03734088 -0.06627770 -0.22587605 -0.20637583 0.05160526 -0.14717866 0.14267582 0.13725906 0.12926676 0.00854308 0.05400310 0.09000858 0.07868100 0.10728952 0.11221223 0.16231079 0.14600641 0.00057852 0.05559254 0.03356200 0.09139601 0.21269249 0.22152890 0.23057302 0.19475835 1.00000000 0.05682444 0.16706688 0.02478130 0.04994641 -0.00781577 -0.06445289 0.08077322 0.15487447 -0.06064176 0.14595149 0.04171053 -0.02484199 -0.05565454 0.04014268 -0.04112867 -0.07253948 -0.06240096 -0.03423608 0.05841062 0.00549772 -0.05434840 -0.13324052 -0.11710125 -0.05330793 -0.10964580 0.04001563
-0.01337830 0.11828333 -0.02925044 0.00308227 0.00205644 0.09882542 -0.00286985 0.03953864 0.02367422 -0.06922993 -0.04257978 -0.02645129 0.13820446 -0.06742731 -0.06321032 0.01178894 0.13706118 0.08056781 0.11383765 0.08876269 -0.07864537 0.13824411 0.15383599 0.04684102 0.19447046 0.03752537 0.12366553 0.06663492 -0.04632158 -0.01069407 0.05213411 0.03184603 0.13232465 0.25760461 0.03444225 -0.02200864 0.03852204 0.18524602 0.21928996 -0.06828155 0.15960864 0.03077924 0.16255886 0.10760623 0.13000673 -0.01370080 0.23121229 0.26720052 0.26432734 0.26395652 -0.04562566 0.05682444 1.00000000 0.23191771 0.39071665 0.36978769 0.36459821 0.13415590 0.23698722 0.19106467 0.23352445 0.32148036 0.14521927 0.28531287 0.34641928 0.03161828 -0.01288347 0.03265755 0.05364341 -0.04986115 0.07822913 -0.17597668 0.17084014 -0.02139903 0.03486037 -0.04208450 0.13310854 0.11083576
0.07487996 -0.00724238 -0.00083288 0.07515487 0.02429151 0.06656390 0.12103014 0.10941172 0.03677135 0.08288920 0.06797054 0.07429779 0.12573493 0.03505142 -0.06238709 -0.06133783 0.24376208 0.19957652 0.07172894 -0.02368970 0.07127270 -0.00796025 0.11445374 0.01340851 0.04013940 0.11623937 -0.08188207 -0.16059181 -0.12943023 -0.25956924 -0.06389491 -0.15516052 -0.02676529 0.15729045 -0.05421114 0.02067286 -0.05727743 0.10191537 0.18032130 0.02614766 -0.05567749 0.12524686 0.10906495 -0.03027803 -0.00676347 0.01063774 -0.00533885 0.06416676 0.08066894 0.10624838 -0.05271574 0.16706688 0.23191771 1.00000000 0.23824596 0.20516515 0.10038569 0.02868988 0.12710446 0.37609770 0.13725932 0.31505776 0.16202935 0.27411839 0.11762688 0.10843184 -0.00917996 0.00000547 0.15775543 0.06250333 0.06393302 0.03797537 0.00522383 -0.08468990 -0.13719869 -0.02495291 0.01353232 0.15494294
-0.00589500 0.02693956 0.00156870 0.04506926 -0.02766770 0.04642706 0.08462652 0.05638975 0.00624144 -0.05749511 -0.04014499 0.07629146 0.05035517 0.00980958 0.02250320 -0.04309467 0.13950442 0.18779707 0.27102235 0.08700088 0.03149913 0.18088958 0.15030108 0.08797820 0.07648587 0.28614898 0.04808512 0.04480829 -0.14359336 0.00357759 -0.01255299 -0.17025567 0.04814518 0.10200187 -0.01622816 0.07210213 0.06305082 0.01158959 0.10856943 -0.01866203 -0.14225657 0.02165605 0.16037976 -0.01648540 0.08018685 0.07479419 0.10801787 0.13168324 0.14038468 0.15087942 -0.02468846 0.02478130 0.39071665 0.23824596 1.00000000 0.33597224 0.31205162 0.18323567 0.18900464 0.23073475 0.31986777 0.30806370 0.36259946 0.24414656 0.26602892 0.03368509 0.19110902 0.13176352 0.13483539 0.06372540 0.11342208 0.03852602 0.12023441 0.07506025 -0.03744432 0.13652681 -0.01859249 0.21348037
0.11721183 0.21666832 0.04922239 0.04872002 0.05240640 0.06426095 0.13657805 0.10669395 0.12136976 0.04107988 0.05895333 0.17192663 0.06832289 0.08551099 0.09666084 0.12052679 0.14682470 0.19793395 0.40383782 0.25413413 -0.08151292 0.26443823 0.14312214 0.15941370 0.13332494 0.28337248 0.09725958 0.05058311 -0.18928574 0.01277593 0.06693352 -0.14923335 0.12933990 0.09397810 0.01111674 0.11827814 0.08263305 -0.06593917 0.07788640 -0.01367733 -0.00073717 0.04421294 0.10345249 0.05761587 0.08303567 0.08560683 0.05853319 0.19907249 0.27100453 0.28101037 -0.03190681 0.04994641 0.36978769 0.20516515 0.33597224 1.00000000 0.33410840 0.22260788 0.23005440 0.13926804 0.30891718 0.24698060 0.32519145 0.30575586 0.22012150 -0.04941742 0.19381961 0.19684175 -0.01736411 -0.00331126 0.14514116 -0.04567367 0.09922926 0.00724674 -0.08240938 0.03979759 -0.15202061 0.10567957
0.12945662 0.02554271 -0.05712956 0.11967664 0.02941333 0.02500303 0.06244535 0.05510415 0.01257886 -0.08824674 0.04797429 -0.01213368 -0.01423494 0.02249093 0.13656577 -0.02956816 0.09282599 0.26892196 0.22020802 0.15927473 -0.16151363 0.15356215 -0.04904626 0.05452402 0.00069227 0.21198800 0.07402223 0.23646774 -0.07858175 0.02475215 -0.01093375 0.11048728 0.14319820 0.18743257 0.05605120 0.08744863 0.04551410 0.14708088 0.11760757 0.09449228 0.12045844 0.09573625 0.25461876 0.14664704 0.16342475 0.10535185 0.15393945 0.21159226 0.21527626 0.23001765 0.04063609 -0.00781577 0.36459821 0.10038569 0.31205162 0.33410840 1.00000000 0.31305135 0.18388731 0.13454426 0.32728247 0.25956951 0.31584416 0.35126324 0.32671671 -0.16034125 -0.00408642 -0.02787260 -0.09832963 -0.25441479 -0.03767028 -0.07200743 0.07826003 0.08595578 0.15452021 -0.05594058 -0.10224255 0.10332357
0.07641190 0.17913776 -0.00230956 -0.01151809 0.01049807 0.00255893 -0.01448925 0.02886695 0.08275045 -0.01534927 -0.01152355 0.07396783 -0.08014831 0.03272417 0.04558425 0.13953283 -0.04260525 0.06510056 0.12307690 0.07793017 -0.08519498 0.13374112 0.07045216 0.07522698 -0.04343502 0.11752736 0.05993900 0.11858443 -0.02183034 0.05369640 0.11514920 -0.00571999 0.15694384 0.00949921 0.00195770 0.06398536 0.09629918 -0.10448211 -0.05194965 -0.10737129 0.05915535 0.00499170 0.08578154 0.06108535 0.00236829 0.05121483 0.00098998 0.02400567 0.04923378 0.08760704 0.02977634 -0.06445289 0.13415590 0.02868988 0.18323567 0.22260788 0.31305135 1.00000000 0.27719773 0.03345396 0.22385132 0.09461306 0.27577484 0.08140610 0.31594820 0.03152186 0.03337278 0.06048144 0.04157815 -0.00052942 0.07308517 -0.11768073 0.04718785 0.11610413 0.12066304 0.02496783 -0.04126827 -0.05035881
-0.03469665 0.09256219 -0.06561583 -0.11484444 -0.06012347 0.03545551 0.05350298 -0.07607906 -0.05017160 -0.09487997 -0.04440189 -0.07526943 0.00029539 -0.00687863 -0.19466465 0.07181851 -0.03167303 -0.06060285 0.12283944 0.06644189 -0.02383577 0.17004414 0.19531679 -0.08818840 0.03984535 0.01196807 0.22066074 -0.00336983 -0.16373615 0.04892091 0.08777895 -0.06440848 0.10562855 0.00657434 -0.08247828 0.18044269 0.19147122 -0.15860581 0.12585670 -0.19860959 0.07919027 0.07674686 0.01306296 0.04051039 0.03869967 -0.01948597 -0.05381492 0.13309620 0.19358267 0.13098269 -0.06725744 0.08077322 0.23698722 0.12710446 0.18900464 0.23005440 0.18388731 0.27719773 1.00000000 0.15926917 0.06717568 0.32116406 0.24120456 0.13916960 0.30170687 0.23444486 0.11392314 0.22516880 0.09495465 0.16281342 0.20972570 -0.14429374 0.10539721 0.04784538 -0.00394968 0.12348254 0.02064634 0.02003648
0.00392620 -0.03270447 0.04895660 0.03104689 0.04476944 0.05974033 0.13428111 0.03983445 0.09640394 0.04857846 -0.02526834 0.01831611 0.10597833 -0.03470029 -0.13428374 -0.07091694 0.14200920 0.08338659 0.06940849 -0.01862224 0.06279090 0.04293010 0.09819564 -0.01997918 0.04691265 0.04756298 -0.02302610 -0.08324305 -0.19569523 -0.14187505 -0.04926066 -0.06501598 0.01278963 0.14746488 0.02422317 0.03999403 -0.03239946 0.10193510 0.15995689 0.01972844 -0.08801307 0.13907218 0.10444513 0.01328750 -0.09112508 -0.05031386 -0.00007868 -0.02077962 -0.02578287 0.05932825 -0.01816679 0.15487447 0.19106467 0.37609770 0.23073475 0.13926804 0.13454426 0.03345396 0.15926917 1.00000000 0.28887447 0.31106689 0.23152434 0.11851698 0.08838380 0.10951842 0.06896174 -0.01688765 0.05962864 0.08538863 0.10127380 -0.00237029 0.03674520 -0.11680724 -0.04438294 0.03730357 0.00188505 0.14993517
0.15041649 -0.03470450 0.06714022 0.15439776 0.04796774 0.11409904 0.12853164 0.09035172 0.13751025 -0.05386112 0.08239892 0.10557707 -0.00206976 0.01754053 0.16318827 -0.08071703 0.14054139 0.27181748 0.24202457 0.03739570 -0.01094780 0.14764050 0.00571610 0.13917310 0.05080567 0.25752930 -0.00790278 0.05375937 -0.10252876 0.03801875 0.00326367 -0.08190006 -0.02747430 0.05655552 0.02661106 0.11034230 -0.04040232 0.06323219 0.07653385 0.03612806 -0.02726904 0.05465352 0.22589941 0.18103980 0.19374007 0.14451748 0.20399203 0.03878172 0.07096004 0.11821035 0.02459885 -0.06064176 0.23352445 0.13725932 0.31986777 0.30891718 0.32728247 0.22385132 0.06717568 0.28887447 1.00000000 0.21167643 0.34878705 0.37414895 0.24693868 -0.15274782 0.11179380 -0.00615836 -0.05234425 -0.07501488 -0.07770157 0.04159758 0.04268528 0.04087015 -0.01571584 0.00606680 -0.16582086 0.11441395
0.05722521 -0.03992566 -0.06621723 0.03038002 -0.00628772 -0.00744663 0.05352647 0.02857984 -0.05058153 -0.04638823 -0.00475597 0.02987754 0.00014315 0.02177288 -0.02983653 -0.03069102 0.07888079 0.15233375 0.18965811 0.02539622 0.00792400 0.08225728 0.09774525 -0.08029080 -0.01761587 0.11501761 0.05718174 -0.05278505 -0.18957857 -0.09127149 -0.02299339 -0.12726654 0.05385236 0.11319381 -0.04563920 0.14989414 0.02262985 0.07381442 0.09557105 0.03609314 -0.01898213 0.14991329 0.19612995 0.04317091 0.04671327 -0.04372523 0.02215215 0.06701948 0.21199828 0.16366405 -0.03952026 0.14595149 0.32148036 0.31505776 0.30806370 0.24698060 0.25956951 0.09461306 0.32116406 0.31106689 0.21167643 1.00000000 0.26631652 0.24552747 0.20303438 0.03755844 0.07356590 0.06706463 -0.00538682 0.02337956 0.12282951 -0.00017239 0.01488791 -0.02439333 -0.01402961 0.01061598 -0.10924086 0.17714243
0.05992311 0.09853092 -0.02570229 0.02128794 -0.06542530 -0.03800693 0.03190437 0.04567210 0.00838031 0.01275795 0.08347837 0.07087695 -0.06803555 0.06869852 0.14623362 0.00287227 0.08318888 0.18263174 0.29136255 0.12145046 -0.10983072 0.10739308 0.00301808 0.09396157 -0.00096217 0.23915058 0.04899493 0.11362725 -0.19463346 -0.02200474 0.03030926 -0.12165440 0.08634600 0.03077354 0.01525931 0.11445615 -0.00894467 -0.05807185 -0.03816854 0.05039606 -0.06805293 0.10394758 0.15620524 -0.00477882 0.04316157 0.13051977 -0.02115456 0.04628946 0.09464368 0.11380281 0.06016121 0.04171053 0.14521927 0.16202935 0.36259946 0.32519145 0.31584416 0.27577484 0.24120456 0.23152434 0.34878705 0.26631652 1.00000000 0.23329489 0.22347213 -0.05149753 0.10356013 0.08845869 -0.01869413 -0.02430045 0.09656132 -0.03746149 0.03424051 -0.02975558 0.02164935 -0.02219842 -0.18023312 0.08068048
0.08649887 -0.02752300 -0.03285124 0.12160594 -0.00552360 -0.00373956 0.05140873 0.02567273 0.01592741 -0.00845564 0.08926928 0.03444076 -0.04102655 -0.02272158 0.22209438 -0.14288476 0.20316559 0.24854756 0.14454208 -0.01371517 -0.04744475 0.01786261 -0.03046433 0.06442612 0.00026505 0.17308619 -0.03766349 -0.01313486 -0.05757328 -0.06033264 -0.15978341 -0.03955416 -0.06224652 0.14435026 0.00479770 0.03708909 -0.06213713 0.13139621 0.08013130 0.08605040 0.00738552 0.05069982 0.28536373 0.10078389 0.19173003 0.07932464 0.16161299 0.16426668 0.16459200 0.16956244 -0.04593397 -0.02484199 0.28531287 0.27411839 0.24414656 0.30575586 0.35126324 0.08140610 0.13916960 0.11851698 0.37414895 0.24552747 0.23329489 1.00000000 0.25422582 -0.21523124 -0.00384090 -0.07938180 -0.07770912 -0.24746591 -0.13711238 -0.00992797 0.01119675 -0.07004380 0.01642732 -0.18243755 -0.14083236 0.19572632
0.01736062 0.05424682 0.00228216 -0.04069396 -0.01511617 0.09748835 0.02657320 -0.00084880 0.08004186 -0.08920526 -0.04367253 -0.01605358 0.02857321 0.00371639 -0.02524404 -0.05202894 0.10763301 0.12579465 0.02662292 -0.08751269 0.00281448 0.09465654 0.06200269 -0.01047035 0.10751006 -0.04427088 0.00990619 0.02291813 0.01830359 -0.11757853 -0.04534071 -0.00424294 0.02857435 0.19827448 -0.08877779 -0.01955263 -0.04054842 0.12201101 0.19165318 -0.01797450 0.19051418 0.02013342 0.18484857 0.19494903 0.19718884 0.01276363 0.20299138 0.17885762 0.13793859 0.17472244 -0.07432268 -0.05565454 0.34641928 0.11762688 0.26602892 0.22012150 0.32671671 0.31594820 0.30170687 0.08838380 0.24693868 0.20303438 0.22347213 0.25422582 1.00000000 0.11165010 0.01948591 -0.03805366 0.08971963 -0.02757829 0.06936946 -0.08082832 0.18727822 -0.01017221 0.12008995 0.05120440 0.18430027 0.10701609
-0.06019821 0.06928339 0.12708335 -0.06734349 0.05297414 0.13379287 0.06249618 0.11376268 0.02411818 0.04076760 -0.10730342 0.00609558 0.14980058 -0.03588080 -0.34720318 0.05259562 -0.03961326 -0.24225754 -0.16601185 -0.08755299 0.11352218 0.01973500 0.21481952 -0.12763681 0.13787454 -0.18752247 0.06128248 -0.08323078 -0.05849486 -0.08549611 0.08111396 -0.05839877 0.10585657 0.08404598 -0.07558803 -0.01827912 0.01935831 -0.05027603 0.17592796 -0.17009883 0.06241010 -0.03707033 -0.10693848 -0.08847089 -0.08570200 -0.11301130 -0.01135968 -0.05296403 -0.06303517 -0.04113999 -0.11024089 0.04014268 0.03161828 0.10843184 0.03368509 -0.04941742 -0.16034125 0.03152186 0.23444486 0.10951842 -0.15274782 0.03755844 -0.05149753 -0.21523124 0.11165010 1.00000000 0.12322122 0.21039319 0.35735084 0.47460440 0.42608899 0.03203795 0.29865516 0.14913232 0.16796376 0.40566015 0.33541410 0.13395370
0.04011719 0.01758168 0.21344108 0.11159702 0.23462142 0.02321974 0.20274557 0.16666989 0.13915248 0.05657920 -0.04054223 0.21533892 0.18577575 -0.00525404 -0.00825488 0.07353810 -0.01407726 -0.05299244 0.35256086 0.11552158 0.06936389 0.32466913 0.04279814 0.11356302 -0.02862083 0.22407136 0.19218059 -0.03453527 -0.17156668 0.21890187 0.10136021 -0.25389445 0.07005483 -0.11154655 0.06803765 0.08039659 0.08884019 -0.22558539 -0.04530307 -0.17532794 -0.20363999 -0.09990257 -0.12368697 -0.07461169 -0.00896288 0.10835148 -0.07087541 -0.01396961 0.06264279 0.08937199 -0.11685627 -0.04112867 -0.01288347 -0.00917996 0.19110902 0.19381961 -0.00408642 0.03337278 0.11392314 0.06896174 0.11179380 0.07356590 0.10356013 -0.00384090 0.01948591 0.12322122 1.00000000 0.52631886 0.24336967 0.41512906 0.31518058 0.13752493 0.12666551 0.11045084 -0.04676176 0.42867872 -0.06650045 0.04586197
0.03714789 0.14757898 0.15292544 0.09392151 0.19290834 0.02234011 0.14198558 0.12570550 0.12424301 0.06027796 -0.04485973 0.16454149 0.17302024 -0.04429190 -0.04604318 0.08843776 -0.04305716 -0.13789258 0.31460199 0.11546484 0.06806970 0.31073213 0.11499031 0.05993376 -0.00760334 0.17298257 0.21245308 -0.01653931 -0.18422840 0.22460883 0.18544780 -0.23708712 0.12626265 -0.09280201 0.11835313 0.08849624 0.10662303 -0.22758171 0.02931648 -0.27459430 -0.16240184 -0.19004968 -0.17961811 -0.07485644 -0.05599370 0.07303599 -0.15726693 0.03545500 0.03503450 0.04246996 -0.16923447 -0.07253948 0.03265755 0.00000547 0.13176352 0.19684175 -0.02787260 0.06048144 0.22516880 -0.01688765 -0.00615836 0.06706463 0.08845869 -0.07938180 -0.03805366 0.21039319 0.52631886 1.00000000 0.29006374 0.45163671 0.42527387 0.11289181 0.15247721 0.19363190 0.04228280 0.33660869 -0.00272993 0.06521979
-0.03124004 0.06740085 0.12657526 0.05624628 0.01160785 0.14747940 0.13787202 0.10723474 0.16506965 0.11007458 -0.10342797 0.07553093 0.21927022 -0.06906584 -0.20849401 -0.03708092 0.01959887 -0.06861939 -0.11100600 -0.13326826 0.15654487 0.05615653 0.15959318 0.05134239 0.13214578 -0.09520789 0.06536767 -0.08109517 0.07895820 0.00222271 0.05927782 -0.06021835 0.00285933 0.16193264 0.04421092 -0.09513470 -0.00624108 0.05265932 0.21934056 -0.22633527 -0.04980598 -0.09258129 -0.15425654 -0.08966808 -0.05008716 0.05035955 -0.04361459 0.02560304 -0.08724135 -0.06815400 -0.09035566 -0.06240096 0.05364341 0.15775543 0.13483539 -0.01736411 -0.09832963 0.04157815 0.09495465 0.05962864 -0.05234425 -0.00538682 -0.01869413 -0.07770912 0.08971963 0.35735084 0.24336967 0.29006374 1.00000000 0.43559013 0.33608118 0.04274305 0.15824502 0.21960873 0.07537614 0.29824308 0.36168584 0.21057198
-0.00855416 0.09328410 0.22012240 0.02212252 0.12955583 0.12105327 0.17228583 0.18237073 0.11986881 0.09562656 -0.08407547 0.17226709 0.30833446 -0.01904358 -0.24008485 0.06595140 -0.07732546 -0.24469564 0.04948302 -0.07693034 0.20360417 0.16079695 0.20524991 0.06553756 0.08222239 -0.06388772 0.07895840 -0.14514374 -0.07510822 0.14598717 0.13995525 -0.19536674 0.00166284 -0.12655200 -0.06286978 0.06046953 0.07304373 -0.26333978 0.04472319 -0.27354977 -0.21105283 -0.13934127 -0.29187186 -0.16482514 -0.14374866 -0.02374329 -0.11777818 -0.08112059 -0.15093869 -0.12711126 -0.19378497 -0.03423608 -0.04986115 0.06250333 0.06372540 -0.00331126 -0.25441479 -0.00052942 0.16281342 0.08538863 -0.07501488 0.02337956 -0.02430045 -0.24746591 -0.02757829 0.47460440 0.41512906 0.45163671 0.43559013 1.00000000 0.39626239 0.17500973 0.15570137 0.10865423 -0.01529165 0.42716011 0.29431539 0.09266038
0.00882617 0.09209970 0.05291460 -0.05671460 0.04514741 0.02968417 0.05055317 0.13029113 0.05800427 -0.00254537 -0.07913351 0.04902300 0.13075043 -0.08622882 -0.25272406 0.17676085 -0.06008310 -0.15755913 0.08971488 -0.02047496 -0.02406998 0.18055739 0.26261240 -0.15701127 0.14345357 -0.04334614 0.20263521 0.02311423 -0.14410208 0.08861787 0.21550611 -0.22784491 0.29926081 0.14695345 0.15010551 0.05800285 0.03584954 -0.05549293 0.21505996 -0.20727087 -0.08588018 -0.09004730 -0.05876429 -0.13033489 -0.17979637 -0.00403976 -0.17344176 0.04699895 0.09316898 0.07575070 -0.07571620 0.05841062 0.07822913 0.06393302 0.11342208 0.14514116 -0.03767028 0.07308517 0.20972570 0.10127380 -0.07770157 0.12282951 0.09656132 -0.13711238 0.06936946 0.42608899 0.31518058 0.42527387 0.33608118 0.39626239 1.00000000 -0.03919298 0.19960944 0.12536663 0.06828691 0.34034872 0.20382374 0.06567807
0.01322118 -0.15435987 -0.03767147 -0.00293714 -0.00205371 -0.03538313 0.05659273 0.02163629 0.04620936 0.01541074 0.00906275 0.07422878 0.01271031 0.13162806 0.19930086 0.01410668 0.05702413 0.07929074 0.06861164 0.02401659 0.08577202 -0.07341253 -0.04639923 0.07672341 -0.06214530 0.11636350 -0.06925158 -0.02383762 0.03315037 0.04087100 -0.02997802 -0.06853596 -0.09950261 -0.07436207 0.01644933 0.07872392 -0.02514563 -0.00694071 -0.11764627 0.07006265 -0.15276887 0.06187793 0.04541703 -0.04604702 0.05047063 -0.04082464 -0.02784849 -0.08138743 -0.10393204 -0.12317051 0.06770693 0.00549772 -0.17597668 0.03797537 0.03852602 -0.04567367 -0.07200743 -0.11768073 -0.14429374 -0.00237029 0.04159758 -0.00017239 -0.03746149 -0.00992797 -0.08082832 0.03203795 0.13752493 0.11289181 0.04274305 0.17500973 -0.03919298 1.00000000 0.14050382 0.11302928 0.07279487 0.08545309 -0.07155802 0.17281003
0.02321056 0.12317697 0.02696041 -0.01312810 -0.00502839 0.04015298 0.04281974 0.03515094 0.09356142 -0.02039600 -0.12894960 0.01316055 0.06499907 0.10849943 -0.08924445 0.01473392 0.01977573 -0.02398441 -0.04027836 0.02926135 0.05184625 0.02449899 0.10762528 0.05303942 0.17652740 -0.03007407 0.08273894 0.01888085 0.01456555 -0.01346989 0.05597281 0.02379127 -0.05238403 0.07639087 -0.08765864 0.02221240 0.04878893 0.03674988 0.07687357 -0.07869278 0.12930546 0.04393990 0.03844428 0.00326351 0.08660817 -0.02806933 0.02124719 0.07353079 0.00278925 0.04947165 0.02666109 -0.05434840 0.17084014 0.00522383 0.12023441 0.09922926 0.07826003 0.04718785 0.10539721 0.03674520 0.04268528 0.01488791 0.03424051 0.01119675 0.18727822 0.29865516 0.12666551 0.15247721 0.15824502 0.15570137 0.19960944 0.14050382 1.00000000 0.11744085 0.27497905 0.27207387 0.30897677 0.26946919
0.07570948 0.10695107 0.01445087 0.06926281 0.02322837 0.03667164 0.04405803 -0.04996809 0.03233385 0.05882114 0.04819238 -0.03468098 0.01659152 0.01575141 0.07044422 0.02173781 -0.07763680 -0.02333067 -0.02791928 0.04932221 0.02250111 -0.02435770 -0.00303548 0.02988529 -0.00672858 0.02361416 0.03982069 0.14840989 0.03426650 0.10820132 0.02087727 0.08045630 0.00853831 0.02783322 0.05429469 -0.04556859 0.14859889 -0.03482535 0.00151933 -0.08866551 0.10672593 -0.01733549 -0.01137098 0.03192095 0.05225811 -0.00507080 -0.00290760 -0.07810636 0.00015213 0.00138888 0.04393704 -0.13324052 -0.02139903 -0.08468990 0.07506025 0.00724674 0.08595578 0.11610413 0.04784538 -0.11680724 0.04087015 -0.02439333 -0.02975558 -0.07004380 -0.01017221 0.14913232 0.11045084 0.19363190 0.21960873 0.10865423 0.12536663 0.11302928 0.11744085 1.00000000 0.30683967 0.26469607 0.08882027 0.16061652
-0.05256009 0.08166714 -0.04167173 -0.04721480 -0.09650974 -0.01635829 -0.11634742 -0.05766891 0.06427312 -0.01717381 -0.00240256 -0.00140152 0.00479031 0.03106783 0.01794855 -0.02126799 -0.06736775 0.00934727 -0.13198996 -0.01301444 0.01914164 -0.12725270 0.03058152 -0.03119772 0.02625589 -0.14288191 0.02185693 0.18116293 0.15773348 0.06360089 -0.00810735 0.22159702 -0.01862760 0.14220177 -0.00718339 -0.05359222 0.09092502 0.14085422 0.09964452 -0.02209904 0.20977324 -0.04259801 0.04853909 0.05644212 0.03512174 -0.02584892 0.08623511 -0.04638418 0.02127832 0.01354109 0.02415370 -0.11710125 0.03486037 -0.13719869 -0.03744432 -0.08240938 0.15452021 0.12066304 -0.00394968 -0.04438294 -0.01571584 -0.01402961 0.02164935 0.01642732 0.12008995 0.16796376 -0.04676176 0.04228280 0.07537614 -0.01529165 0.06828691 0.07279487 0.27497905 0.30683967 1.00000000 0.06680480 0.23671867 0.19130036
0.12547584 0.13069978 0.15857658 0.08360111 0.16399851 0.17768628 0.20878722 0.07716100 0.09490940 0.07118176 -0.06349257 0.12961184 0.15411991 -0.00816822 -0.16349455 0.01652134 -0.09799142 -0.11258755 0.11567846 0.03305047 0.05999577 0.16052908 0.15543190 -0.05731022 0.07347726 0.08133220 0.09519574 0.01802267 -0.06948836 0.07922385 0.14104218 -0.08071019 0.11162486 -0.05994501 0.04292865 0.07025113 0.06918172 -0.18662202 0.00583043 -0.16330613 -0.04327267 -0.01290577 -0.05254912 -0.01774931 -0.00427453 0.09063013 -0.02493791 -0.00937270 0.02114235 0.09925105 0.01734331 -0.05330793 -0.04208450 -0.02495291 0.13652681 0.03979759 -0.05594058 0.02496783 0.12348254 0.03730357 0.00606680 0.01061598 -0.02219842 -0.18243755 0.05120440 0.40566015 0.42867872 0.33660869 0.29824308 0.42716011 0.34034872 0.08545309 0.27207387 0.26469607 0.06680480 1.00000000 0.21660931 0.11896904
-0.06964470 0.14830491 0.10421299 -0.02029197 0.02223306 0.19044616 -0.00127700 0.06581918 0.11967506 0.05604163 -0.10849407 -0.02916267 0.19852436 -0.07164457 -0.26801482 -0.10334976 -0.02437642 -0.16995460 -0.29940903 -0.21139715 0.08979361 -0.09787843 0.11762022 -0.11937843 0.22420554 -0.27027983 -0.02557206 -0.00056544 0.19361297 -0.02188830 0.01801097 0.19762472 -0.02715598 0.21539154 -0.04071415 -0.21083981 0.01969643 0.18124237 0.27700124 -0.16854156 0.13964384 -0.04565348 -0.12053934 0.05524981 -0.02727909 -0.00337598 0.12928139 0.02522891 -0.07199750 -0.04665511 -0.12520947 -0.10964580 0.13310854 0.01353232 -0.01859249 -0.15202061 -0.10224255 -0.04126827 0.02064634 0.00188505 -0.16582086 -0.10924086 -0.18023312 -0.14083236 0.18430027 0.33541410 -0.06650045 -0.00272993 0.36168584 0.29431539 0.20382374 -0.07155802 0.30897677 0.08882027 0.23671867 0.21660931 1.00000000 0.14409016
0.04896625 -0.01195510 0.05074320 0.02073285 0.01571880 0.10658921 0.04882714 -0.03870600 0.14670686 0.11443804 0.06388803 -0.01010969 0.07951794 -0.03467073 0.03322599 -0.13160734 0.10307808 0.09702651 -0.01026332 -0.08584768 0.06749361 -0.10130907 0.08004946 0.01373162 0.05138127 0.04805466 -0.09338416 -0.01171044 0.01266910 -0.12592827 -0.04091544 -0.01319430 -0.03958852 0.24809833 0.03154481 0.03348772 -0.03058599 0.14246547 0.17251187 0.04130746 -0.00384829 0.05560788 0.14304567 -0.09504339 0.06635037 -0.07668369 0.07081842 0.03391720 0.02982925 0.07639343 -0.03932920 0.04001563 0.11083576 0.15494294 0.21348037 0.10567957 0.10332357 -0.05035881 0.02003648 0.14993517 0.11441395 0.17714243 0.08068048 0.19572632 0.10701609 0.13395370 0.04586197 0.06521979 0.21057198 0.09266038 0.06567807 0.17281003 0.26946919 0.16061652 0.19130036 0.11896904 0.14409016 1.00000000
