1.00000000 0.65173569 0.38258896 0.51802087 0.53851612 0.40688426 0.34390188 0.51886653 0.28233553 0.36872598 0.61072604 0.36535445 0.40391317 0.53460605 0.51336841 0.21463236 0.11820422 0.39274545 0.38708154 0.38016254 0.32245330 0.11152109 0.27569692 0.24424661 0.17366693 0.34011794 0.44130985 0.30012772 0.26684561 0.28065233 0.44554376 0.45483266 0.29755189 0.17450288 0.33653463 0.53547753 0.30958481 0.25445815 0.15327796 0.51394510 0.40820727 0.35373277 0.34486733 0.42592407 0.43844129 0.29144358 0.19662921 0.23133279 0.21963067 0.24673807 0.38493463 0.32895727 0.23399282 0.24812208 0.10512004 0.31623810 0.28972218 0.38212282 0.34110518 0.36371135 0.24005156 0.24095468 0.27587580 0.24140269 0.27787622 0.22299221 0.16745337 0.11748758 0.06247584 0.24493681 0.15330194 0.33669871 0.08095085 0.28780174 0.28708254 0.22009197 0.01072838 0.47208588
0.65173569 1.00000000 0.56572607 0.67395585 0.54565658 0.47415310 0.43498640 0.71339195 0.57062858 0.58981951 0.68324962 0.53331273 0.55498467 0.66143743 0.60716426 0.33748454 0.28719057 0.41598797 0.40107024 0.46449029 0.54271037 0.30464066 0.39726382 0.43308881 0.37458599 0.45671649 0.42398614 0.51034223 0.46604192 0.43115144 0.49773489 0.47551744 0.21546796 0.17603432 0.19041252 0.55280156 0.56058966 0.31879070 0.31353928 0.60684227 0.52770590 0.42098066 0.32390227 0.33787600 0.49330221 0.31941916 0.38641127 0.27673471 0.32192169 0.32311683 0.40294784 0.33966503 0.33052225 0.36474574 0.22093230 0.37191749 0.39600001 0.29995990 0.42324129 0.42867391 0.23457011 0.33579016 0.37889414 0.28241265 0.40472732 0.29312571 0.32807653 0.23574860 0.21814622 0.36779323 0.14804865 0.16852879 0.20418176 0.23738106 0.24178526 0.33702589 0.18736717 0.52551854
0.38258896 0.56572607 1.00000000 0.75686799 0.50151680 0.69569284 0.72522450 0.74184944 0.77101777 0.74264119 0.40707736 0.77647178 0.71057843 0.62537053 0.44806164 0.46200698 0.58645511 0.55801255 0.43862308 0.61412796 0.61474423 0.66152280 0.52144301 0.73947574 0.67918571 0.66389456 0.53333395 0.65140096 0.71602001 0.69991118 0.34839802 0.28746523 0.35010427 0.34593523 -0.05538109 0.36331179 0.69559856 0.59782167 0.60670509 0.52666969 0.43142558 0.42109618 0.40139093 0.29538557 0.58896435 0.56219353 0.66582135 0.40369546 0.52602486 0.48019394 0.30756679 0.31505015 0.56390229 0.39325739 0.56935642 0.54616432 0.56749011 0.17844607 0.55328725 0.51953465 0.42445405 0.56831406 0.61091720 0.55864677 0.64169002 0.58764706 0.64431449 0.57597831 0.63913895 0.55403424 0.47494886 0.22675410 0.62552813 0.44455442 0.43934886 0.64918689 0.57106937 0.55920314
0.51802087 0.67395585 0.75686799 1.00000000 0.58176492 0.59758794 0.67189748 0.72657848 0.66288364 0.62907697 0.59650177 0.74170834 0.60689070 0.62865946 0.55958861 0.44502907 0.53252991 0.55307786 0.47276382 0.64794986 0.55797190 0.52961694 0.44944995 0.65383604 0.57685810 0.56103774 0.51458001 0.61771890 0.58466930 0.66366714 0.40849226 0.38310458 0.37067240 0.26338233 0.14699273 0.41374377 0.68130106 0.48870298 0.47763673 0.56634291 0.44316823 0.40664544 0.44722887 0.33170521 0.56439005 0.56121696 0.53366767 0.31746801 0.41533636 0.42422751 0.42658022 0.31526686 0.44904992 0.35685662 0.43020280 0.49716681 0.47176272 0.21455928 0.50049442 0.45011634 0.34864649 0.44515036 0.54069775 0.47266110 0.53050567 0.45954389 0.49219282 0.42604845 0.47107991 0.41177392 0.35039901 0.31599735 0.48283912 0.39905439 0.38079444 0.53565762 0.38767939 0.55640008
0.53851612 0.54565658 0.50151680 0.58176492 1.00000000 0.40946893 0.33114648 0.45093089 0.35095347 0.54372659 0.70083736 0.47012299 0.36916835 0.39380831 0.47245042 0.15931063 0.12913702 0.33248624 0.34914826 0.33007029 0.25621566 0.12868544 0.17345756 0.29262079 0.14443030 0.24516020 0.28025153 0.30621298 0.39001766 0.41783922 0.36048059 0.49364429 0.16709592 -0.04371377 0.12698438 0.47576559 0.32569973 0.13406641 0.12431601 0.38680881 0.33888204 0.19592554 0.21868979 0.37506414 0.39081720 0.23422971 0.21875786 0.10538440 0.12695032 0.18105995 0.41649725 0.13490251 0.22873490 0.26227375 0.16408057 0.33317712 0.31543850 0.38789809 0.22691850 0.28823805 0.21142260 0.17000000 0.33870895 0.19330202 0.25158613 0.10869290 0.19732795 0.07612674 0.07253768 0.22160714 0.05562134 0.38960986 0.24176830 0.33440510 0.28551748 0.17072449 -0.01010426 0.42570585
0.40688426 0.47415310 0.69569284 0.59758794 0.40946893 1.00000000 0.64779827 0.67707973 0.65491950 0.49537854 0.40773127 0.54396271 0.70572752 0.57251248 0.39332490 0.48447036 0.54589330 0.69580682 0.56378720 0.58380416 0.45708611 0.58275835 0.59437632 0.57087273 0.62071208 0.67840860 0.65870542 0.63502303 0.58357755 0.55321902 0.38048256 0.25814489 0.57265376 0.61110393 0.23511412 0.38493371 0.54459070 0.68978527 0.64158904 0.50673829 0.50989469 0.49234567 0.54253546 0.38512648 0.60474475 0.53430436 0.54183757 0.57612599 0.65192478 0.58155247 0.24394594 0.44159338 0.54664205 0.38725809 0.50701899 0.56070691 0.55427021 0.28325620 0.57753357 0.62575909 0.60391498 0.50601009 0.54624666 0.60768548 0.67013960 0.60737597 0.60610373 0.54319304 0.54257297 0.50962395 0.52047646 0.21301317 0.54954182 0.43025584 0.46388169 0.57544378 0.53778200 0.51932327
0.34390188 0.43498640 0.72522450 0.67189748 0.33114648 0.64779827 1.00000000 0.66917389 0.60146570 0.50075706 0.28911236 0.69034092 0.74066736 0.51763688 0.27513857 0.55270837 0.64919586 0.53223524 0.43112048 0.64328182 0.51398637 0.66664876 0.61358112 0.60290865 0.71065371 0.61472921 0.51542943 0.54233496 0.52985308 0.50042018 0.25530588 0.08170725 0.41179334 0.50226748 0.07942935 0.25060545 0.61069730 0.65408218 0.65958582 0.43522546 0.37867843 0.44224770 0.43426323 0.19104298 0.46154860 0.54783480 0.58143743 0.39461625 0.54705846 0.52520462 0.18516952 0.40248055 0.43287205 0.32189686 0.46766657 0.42498552 0.40517337 0.01250405 0.49693159 0.45334187 0.34361872 0.48694447 0.48406900 0.50212634 0.57503297 0.60150745 0.55611718 0.56814442 0.62112055 0.50297978 0.46959750 0.14608970 0.53309173 0.34877206 0.35422856 0.59525372 0.62791696 0.38677352
0.51886653 0.71339195 0.74184944 0.72657848 0.45093089 0.67707973 0.66917389 1.00000000 0.74847258 0.68007077 0.56023833 0.74928228 0.75279637 0.67564516 0.47077593 0.53709426 0.57558033 0.63901711 0.59309850 0.65176647 0.68587366 0.59662174 0.62832808 0.61825994 0.67188308 0.63469224 0.55770197 0.57881633 0.60520102 0.52452927 0.45749349 0.34532843 0.36839233 0.39406133 0.12255552 0.53871198 0.68783435 0.55158348 0.62331378 0.59137724 0.50563814 0.53591272 0.43870879 0.29617285 0.59221076 0.47122598 0.59712050 0.37842037 0.56584576 0.54803182 0.35790846 0.42287620 0.46950039 0.41868122 0.43360741 0.47173356 0.51309650 0.17867974 0.53763108 0.55835069 0.37005648 0.50707392 0.51879569 0.46659426 0.57384862 0.52563940 0.53668495 0.52450233 0.50573869 0.55832116 0.43393892 0.17635084 0.50508545 0.31267961 0.33448345 0.52246549 0.51493254 0.54481223
0.28233553 0.57062858 0.77101777 0.66288364 0.35095347 0.65491950 0.60146570 0.74847258 1.00000000 0.73062417 0.35727578 0.68718001 0.68447659 0.60509196 0.36766963 0.44865788 0.59438631 0.56932764 0.44167531 0.56456648 0.69761147 0.70015584 0.51983536 0.71229153 0.67533542 0.67516869 0.47535665 0.64315923 0.67456294 0.63145010 0.32818723 0.21353924 0.28770556 0.33044385 -0.12759654 0.30055610 0.68286664 0.50892873 0.66943626 0.49561959 0.39845043 0.35012707 0.32294515 0.14712508 0.50606659 0.46416875 0.67939205 0.38334661 0.55241298 0.45926652 0.18620918 0.27793357 0.57536505 0.43372600 0.56002496 0.51942464 0.58843102 0.07733762 0.55166561 0.50614073 0.40276959 0.57412434 0.55362138 0.51367638 0.64752515 0.56434687 0.65775787 0.57161675 0.61536215 0.57964250 0.48157874 0.07756104 0.61343155 0.32503150 0.33495108 0.58137232 0.59459341 0.52667811
0.36872598 0.58981951 0.74264119 0.62907697 0.54372659 0.49537854 0.50075706 0.68007077 0.73062417 1.00000000 0.56357412 0.75445111 0.61248313 0.58583470 0.47595121 0.36912646 0.50611882 0.43312552 0.35971308 0.47115634 0.61343119 0.55652003 0.46426889 0.62815754 0.55973185 0.49240543 0.36248229 0.49219653 0.66726737 0.56450393 0.28799773 0.36395115 0.13326955 0.04678460 -0.15289736 0.45216552 0.61855240 0.36866561 0.44952523 0.48344156 0.33765529 0.26812869 0.16833340 0.13492102 0.44393390 0.33681263 0.55918790 0.15883312 0.34858253 0.34756862 0.30175598 0.17452884 0.40703445 0.34324070 0.37493370 0.38981113 0.47136555 0.08094538 0.40821019 0.38916434 0.19289426 0.43334886 0.45376999 0.32271008 0.48925948 0.33798903 0.47767838 0.34758902 0.40609472 0.46627911 0.25432875 0.10987645 0.48055247 0.23139902 0.26541094 0.43521967 0.41737598 0.45492014
0.61072604 0.68324962 0.40707736 0.59650177 0.70083736 0.40773127 0.28911236 0.56023833 0.35727578 0.56357412 1.00000000 0.51268590 0.42050892 0.47520673 0.51755328 0.25191821 0.20571683 0.36680356 0.37624662 0.43036533 0.33215442 0.12379685 0.26661179 0.27842595 0.23910874 0.23338780 0.33441965 0.33088800 0.38124654 0.32885309 0.41223327 0.58123620 0.24152414 0.02742185 0.25435494 0.58958607 0.42165095 0.19565575 0.15180158 0.49292172 0.44161625 0.33782381 0.28542603 0.35416447 0.42727804 0.20830463 0.18912199 0.08902300 0.16993848 0.27856868 0.53629279 0.22836639 0.18923898 0.27368257 0.08168923 0.33764884 0.28581931 0.35120734 0.27432210 0.33556367 0.19512203 0.16693889 0.34790683 0.18845682 0.26431421 0.08271730 0.15801884 0.02069919 0.00863023 0.16954618 0.01658516 0.31141122 0.15559954 0.21252489 0.25022193 0.17795345 0.00775708 0.40911398
0.36535445 0.53331273 0.77647178 0.74170834 0.47012299 0.54396271 0.69034092 0.74928228 0.68718001 0.75445111 0.51268590 1.00000000 0.70124615 0.53968427 0.41645370 0.54606978 0.67101428 0.55686890 0.52990983 0.69774641 0.61528317 0.65329837 0.56036054 0.66975289 0.71523168 0.54462221 0.44921129 0.50744665 0.60931165 0.55162412 0.28173424 0.30814445 0.34503714 0.22975150 -0.02357959 0.44885161 0.66693490 0.49147801 0.62180028 0.49544723 0.42147673 0.41477695 0.37107585 0.19349297 0.52118679 0.48855566 0.59746991 0.22138855 0.44103167 0.51487520 0.40293786 0.32785559 0.42169893 0.37252186 0.42692326 0.47140154 0.45461852 0.06930936 0.47191815 0.43214335 0.27064723 0.44540599 0.53390755 0.44660186 0.53790553 0.44526251 0.51421879 0.47730353 0.51525265 0.47839606 0.39255380 0.22762460 0.58784413 0.30569135 0.31601024 0.51153563 0.52947560 0.46334048
0.40391317 0.55498467 0.71057843 0.60689070 0.36916835 0.70572752 0.74066736 0.75279637 0.68447659 0.61248313 0.42050892 0.70124615 1.00000000 0.58334103 0.29908679 0.57586955 0.65487795 0.57464023 0.49225238 0.64493583 0.55531904 0.64449671 0.67231429 0.56954327 0.72941022 0.63120746 0.60882170 0.54384593 0.55653362 0.46164602 0.33064803 0.18584351 0.45126192 0.50746865 0.12020873 0.36732479 0.61330042 0.64403936 0.70952525 0.50093413 0.50893750 0.50088413 0.42609656 0.23273613 0.47866002 0.45217458 0.57471021 0.41658851 0.59961750 0.59287022 0.18852346 0.46748102 0.45150806 0.34681098 0.40861418 0.43430955 0.45212317 0.04373262 0.51733806 0.52891030 0.35814157 0.47653069 0.46123821 0.48288820 0.61033876 0.56885881 0.55227916 0.52157954 0.55186672 0.54980695 0.41566664 0.10957489 0.52707212 0.28645889 0.29502558 0.53207448 0.60472888 0.45193719
0.53460605 0.66143743 0.62537053 0.62865946 0.39380831 0.57251248 0.51763688 0.67564516 0.60509196 0.58583470 0.47520673 0.53968427 0.58334103 1.00000000 0.64098944 0.45005638 0.48442351 0.59662937 0.44177764 0.53664610 0.68776569 0.54954030 0.55451996 0.68514837 0.58460851 0.70622496 0.55992691 0.58822934 0.56817005 0.56384717 0.46615747 0.35374771 0.29434498 0.31413739 0.09924182 0.45506497 0.61631883 0.48021653 0.44380383 0.64753970 0.41422037 0.38276131 0.31815507 0.33457645 0.57921108 0.51402995 0.56348974 0.38976549 0.44937260 0.35852726 0.29660119 0.32635523 0.55055766 0.41963566 0.47461337 0.53661298 0.58086695 0.24465846 0.61056340 0.55814732 0.36540257 0.57254215 0.54516985 0.48756824 0.60999282 0.51626582 0.50874133 0.45523056 0.47932109 0.56387451 0.37409903 0.21636318 0.40584443 0.33769290 0.35845112 0.54772898 0.40967474 0.60888890
0.51336841 0.60716426 0.44806164 0.55958861 0.47245042 0.39332490 0.27513857 0.47077593 0.36766963 0.47595121 0.51755328 0.41645370 0.29908679 0.64098944 1.00000000 0.18650691 0.27268991 0.43363527 0.43242850 0.36359595 0.47352491 0.29940506 0.25374836 0.51715761 0.29586178 0.42730032 0.38103267 0.44411073 0.41307464 0.47942035 0.32834076 0.46800920 0.20125672 0.02957167 0.19789307 0.45636723 0.41596433 0.21562642 0.15900333 0.52640542 0.36041780 0.21498920 0.24175509 0.33621909 0.46868263 0.35536966 0.32805445 0.15379929 0.14911298 0.16722678 0.41634482 0.12886899 0.34039352 0.37598058 0.27215452 0.41591360 0.41057276 0.37644478 0.38812432 0.38167298 0.26094955 0.33511492 0.41308864 0.31010894 0.35765538 0.16879800 0.28956943 0.17333152 0.16023648 0.25791640 0.11612974 0.28786423 0.18184519 0.27487261 0.25649254 0.27943514 0.04972523 0.49772666
0.21463236 0.33748454 0.46200698 0.44502907 0.15931063 0.48447036 0.55270837 0.53709426 0.44865788 0.36912646 0.25191821 0.54606978 0.57586955 0.45005638 0.18650691 1.00000000 0.67513735 0.54737937 0.52173170 0.64689528 0.48257163 0.59567448 0.69643703 0.49290053 0.71151273 0.50307759 0.48111072 0.39760763 0.41823105 0.30618701 0.26589673 0.12128594 0.43806944 0.44947152 0.15807874 0.25859022 0.51818351 0.52106912 0.59129428 0.31764280 0.35161787 0.43134357 0.37924110 0.09746337 0.35948304 0.42630603 0.45573028 0.30233496 0.53923587 0.52555199 0.20009500 0.41584485 0.33754152 0.25409147 0.34418220 0.30705299 0.30222560 -0.03824431 0.42468345 0.38506443 0.22462889 0.35698589 0.35567622 0.38653632 0.46886078 0.48155025 0.39287310 0.48464875 0.48118595 0.43553555 0.43013270 0.05997692 0.46200842 0.18933480 0.26408210 0.44524656 0.58212731 0.27616694
0.11820422 0.28719057 0.58645511 0.53252991 0.12913702 0.54589330 0.64919586 0.57558033 0.59438631 0.50611882 0.20571683 0.67101428 0.65487795 0.48442351 0.27268991 0.67513735 1.00000000 0.64433353 0.53702707 0.72764103 0.55407459 0.85196071 0.68097051 0.69486061 0.87722867 0.61719155 0.52816728 0.49218799 0.49281282 0.44201258 0.10288863 0.05087485 0.43727409 0.38916560 0.07860277 0.20814458 0.61945869 0.57265195 0.72456765 0.37453783 0.35901321 0.36118066 0.36610021 0.03314703 0.40040006 0.48153575 0.56587556 0.31670973 0.56451740 0.59796867 0.12280407 0.33305203 0.44646344 0.36865979 0.49466345 0.43537767 0.42943530 -0.10941303 0.48166015 0.45233841 0.34410953 0.45575914 0.48713203 0.49863249 0.62117433 0.53738079 0.60849887 0.56301357 0.62657694 0.48333784 0.45162585 0.02363333 0.59313828 0.22774744 0.20094363 0.55906374 0.67630791 0.30221706
0.39274545 0.41598797 0.55801255 0.55307786 0.33248624 0.69580682 0.53223524 0.63901711 0.56932764 0.43312552 0.36680356 0.55686890 0.57464023 0.59662937 0.43363527 0.54737937 0.64433353 1.00000000 0.74723894 0.68505807 0.52955493 0.61643081 0.63337787 0.59185108 0.64263264 0.70601023 0.62273388 0.57366875 0.47884058 0.47142836 0.36169117 0.26179305 0.57050922 0.51592476 0.24917739 0.44252392 0.51557044 0.57807800 0.65173871 0.50529383 0.51759235 0.49615815 0.54509341 0.37203908 0.60102112 0.49559659 0.49314345 0.48258106 0.61215985 0.59024420 0.34022260 0.43657978 0.56284195 0.47049624 0.49817302 0.58647645 0.59068025 0.28980140 0.57738262 0.64287719 0.58212502 0.50488269 0.54045246 0.59533037 0.65937909 0.53413699 0.60384501 0.48643799 0.49709860 0.47764585 0.50066658 0.24589144 0.53250088 0.41693933 0.40817441 0.50125534 0.47057464 0.54548617
0.38708154 0.40107024 0.43862308 0.47276382 0.34914826 0.56378720 0.43112048 0.59309850 0.44167531 0.35971308 0.37624662 0.52990983 0.49225238 0.44177764 0.43242850 0.52173170 0.53702707 0.74723894 1.00000000 0.67453571 0.47520388 0.49185469 0.54174906 0.45012472 0.51349951 0.54190959 0.51536002 0.42950445 0.34570140 0.38525752 0.37423184 0.28696031 0.49381253 0.37034769 0.30967431 0.51486095 0.41423044 0.41706294 0.55261083 0.44035924 0.47976931 0.49278451 0.53541373 0.35640715 0.56402003 0.41458666 0.40618655 0.35718301 0.51840652 0.55834524 0.40586350 0.46234306 0.40853713 0.47478762 0.36776227 0.47750226 0.45917788 0.28111452 0.46608425 0.53398223 0.43152194 0.35170050 0.44976611 0.45544003 0.48789626 0.38801198 0.46180921 0.43661510 0.36305403 0.43708169 0.44345783 0.33125524 0.43991621 0.36668018 0.32654103 0.35235887 0.35178239 0.48033144
0.38016254 0.46449029 0.61412796 0.64794986 0.33007029 0.58380416 0.64328182 0.65176647 0.56456648 0.47115634 0.43036533 0.69774641 0.64493583 0.53664610 0.36359595 0.64689528 0.72764103 0.68505807 0.67453571 1.00000000 0.56821534 0.64882857 0.66181278 0.61836720 0.77366771 0.63567507 0.55386323 0.55870249 0.50620491 0.48812067 0.34783331 0.31193473 0.59409334 0.47579202 0.22197179 0.39747907 0.62047226 0.58084727 0.68058431 0.50007314 0.57876925 0.54936973 0.57184939 0.31867900 0.56972156 0.56587678 0.54686788 0.41369177 0.54754162 0.62609990 0.47168335 0.50686112 0.47508090 0.42122968 0.41789632 0.55419822 0.45343800 0.18063360 0.53589074 0.53454272 0.43118704 0.42385582 0.56595179 0.51898842 0.59125452 0.55498877 0.53755999 0.50102978 0.54686332 0.46568856 0.49787108 0.33775177 0.55344789 0.42656741 0.42184259 0.54850247 0.53906652 0.50788596
0.32245330 0.54271037 0.61474423 0.55797190 0.25621566 0.45708611 0.51398637 0.68587366 0.69761147 0.61343119 0.33215442 0.61528317 0.55531904 0.68776569 0.47352491 0.48257163 0.55407459 0.52955493 0.47520388 0.56821534 1.00000000 0.65275530 0.50780358 0.72178524 0.64315747 0.64200562 0.38113606 0.46491099 0.58136152 0.50119814 0.37292599 0.27221068 0.18536796 0.23203682 -0.08526961 0.39264454 0.60482667 0.36189899 0.53614891 0.53184716 0.34914317 0.34341538 0.25490811 0.10525258 0.49039339 0.41183703 0.64119074 0.22982776 0.40892203 0.35942599 0.29598929 0.27252041 0.50201155 0.42470669 0.48369877 0.42466310 0.52559319 0.09657960 0.52076673 0.48859398 0.23114485 0.54788206 0.47868022 0.39481440 0.55148404 0.46011110 0.50712852 0.51054012 0.51594870 0.57445701 0.43787032 0.16117183 0.48829246 0.26709180 0.30719285 0.48209652 0.51455974 0.52128963
0.11152109 0.30464066 0.66152280 0.52961694 0.12868544 0.58275835 0.66664876 0.59662174 0.70015584 0.55652003 0.12379685 0.65329837 0.64449671 0.54954030 0.29940506 0.59567448 0.85196071 0.61643081 0.49185469 0.64882857 0.65275530 1.00000000 0.68268638 0.78634242 0.86680812 0.68244843 0.49630605 0.53898356 0.56023676 0.52353065 0.12397458 0.02746216 0.34055768 0.37538138 -0.07264882 0.15180984 0.62677131 0.56413699 0.72677746 0.39923751 0.29961956 0.30992530 0.32323092 0.02854804 0.43849017 0.53794063 0.68324421 0.37111023 0.58100620 0.53457417 0.04522399 0.27509784 0.52073067 0.35309490 0.59128406 0.44798010 0.50015803 -0.10886926 0.51172021 0.46983056 0.37891416 0.56845027 0.53294608 0.51589386 0.67032164 0.62691888 0.68578698 0.65507083 0.70945546 0.56034418 0.53589633 -0.03023978 0.63950173 0.28406124 0.26002723 0.63317459 0.72933416 0.33601128
0.27569692 0.39726382 0.52144301 0.44944995 0.17345756 0.59437632 0.61358112 0.62832808 0.51983536 0.46426889 0.26661179 0.56036054 0.67231429 0.55451996 0.25374836 0.69643703 0.68097051 0.63337787 0.54174906 0.66181278 0.50780358 0.68268638 1.00000000 0.49269852 0.76370181 0.58148838 0.54574194 0.45052855 0.43372012 0.28875020 0.27938599 0.12459096 0.46566125 0.52307596 0.19730645 0.32529415 0.52977643 0.63645424 0.67697445 0.39911390 0.37672679 0.47348777 0.40063116 0.13469903 0.41593262 0.42915852 0.51057935 0.39823888 0.64573280 0.60676786 0.11191502 0.47451086 0.36711801 0.24164194 0.35342116 0.30806936 0.35860766 -0.04434683 0.48128787 0.48435129 0.29982405 0.45244377 0.34378427 0.41565265 0.55966982 0.55843228 0.46742984 0.48999675 0.51272236 0.51023525 0.44480171 -0.03002490 0.45170970 0.16896844 0.26568761 0.49501529 0.63111599 0.30103463
0.24424661 0.43308881 0.73947574 0.65383604 0.29262079 0.57087273 0.60290865 0.61825994 0.71229153 0.62815754 0.27842595 0.66975289 0.56954327 0.68514837 0.51715761 0.49290053 0.69486061 0.59185108 0.45012472 0.61836720 0.72178524 0.78634242 0.49269852 1.00000000 0.74000767 0.75043793 0.50297617 0.62199364 0.68322463 0.72370016 0.22883697 0.17853928 0.31907121 0.27587863 -0.13380444 0.23641464 0.68751279 0.48418468 0.56642334 0.50837643 0.34498858 0.24230677 0.28009327 0.19539703 0.55443494 0.62759214 0.70180302 0.36651261 0.44961114 0.38515047 0.24367609 0.16862621 0.64284073 0.46687072 0.69343711 0.62093980 0.63134820 0.12738342 0.60470352 0.50350748 0.43912788 0.61296046 0.68519866 0.61135270 0.68851758 0.60237015 0.69672021 0.64158881 0.71285181 0.57542341 0.51766951 0.22576873 0.65326574 0.42997202 0.39737134 0.69031633 0.60721583 0.55854838
0.17366693 0.37458599 0.67918571 0.57685810 0.14443030 0.62071208 0.71065371 0.67188308 0.67533542 0.55973185 0.23910874 0.71523168 0.72941022 0.58460851 0.29586178 0.71151273 0.87722867 0.64263264 0.51349951 0.77366771 0.64315747 0.86680812 0.76370181 0.74000767 1.00000000 0.68310306 0.56447580 0.57431091 0.59123289 0.50246985 0.20347606 0.09708845 0.46552150 0.49626590 0.02200036 0.24713942 0.68597256 0.66574703 0.77232388 0.43779267 0.42118674 0.46548680 0.42361495 0.10392654 0.48126104 0.54088765 0.66334368 0.40212703 0.64808939 0.64539705 0.16446972 0.39808732 0.52871521 0.34619462 0.55417124 0.48082190 0.48606105 -0.07097784 0.56947767 0.51126313 0.38542885 0.54720869 0.54025295 0.56311347 0.68413808 0.64881132 0.64607547 0.66331621 0.71070854 0.57744846 0.53989982 0.03003237 0.65597114 0.26591323 0.31147581 0.64853206 0.77540892 0.37460429
0.34011794 0.45671649 0.66389456 0.56103774 0.24516020 0.67840860 0.61472921 0.63469224 0.67516869 0.49240543 0.23338780 0.54462221 0.63120746 0.70622496 0.42730032 0.50307759 0.61719155 0.70601023 0.54190959 0.63567507 0.64200562 0.68244843 0.58148838 0.75043793 0.68310306 1.00000000 0.56039712 0.63442484 0.56512540 0.58341851 0.32832808 0.11483949 0.43462368 0.53539695 0.02852305 0.25096757 0.55915865 0.62029264 0.65674416 0.54430060 0.47891348 0.41561577 0.46219252 0.31734878 0.56876350 0.57661339 0.64140371 0.53070068 0.58144720 0.49378020 0.21102718 0.43027694 0.67080337 0.50923865 0.64344368 0.64507335 0.65210211 0.21024747 0.65325078 0.64252996 0.56752351 0.62979443 0.63001756 0.66599581 0.73426375 0.67711665 0.69946176 0.62807523 0.69307680 0.61340129 0.58046909 0.23052235 0.58165100 0.47331322 0.44905858 0.65535487 0.60374151 0.60750008
0.44130985 0.42398614 0.53333395 0.51458001 0.28025153 0.65870542 0.51542943 0.55770197 0.47535665 0.36248229 0.33441965 0.44921129 0.60882170 0.55992691 0.38103267 0.48111072 0.52816728 0.62273388 0.51536002 0.55386323 0.38113606 0.49630605 0.54574194 0.50297617 0.56447580 0.56039712 1.00000000 0.60851704 0.52208806 0.54498910 0.44227337 0.29825519 0.66856301 0.61969830 0.42664079 0.37259268 0.58202857 0.67266500 0.58251500 0.46344187 0.47484029 0.45592907 0.48091639 0.37224442 0.52942146 0.51183422 0.43472936 0.53747365 0.58169147 0.53692041 0.22015871 0.40884935 0.49444448 0.34205705 0.41578336 0.51288614 0.47248886 0.26157135 0.56707675 0.53779957 0.51111719 0.43727044 0.47695754 0.56502198 0.58173187 0.56609557 0.53582363 0.47957387 0.49704237 0.46130787 0.46805560 0.22454746 0.43345692 0.39053949 0.41434310 0.54030176 0.46366896 0.48260822
0.30012772 0.51034223 0.65140096 0.61771890 0.30621298 0.63502303 0.54233496 0.57881633 0.64315923 0.49219653 0.33088800 0.50744665 0.54384593 0.58822934 0.44411073 0.39760763 0.49218799 0.57366875 0.42950445 0.55870249 0.46491099 0.53898356 0.45052855 0.62199364 0.57431091 0.63442484 0.60851704 1.00000000 0.66585576 0.73059141 0.47569393 0.31268713 0.54538469 0.54369299 0.16277923 0.30353258 0.76411207 0.70516538 0.59560518 0.49353259 0.53091587 0.44858663 0.46290496 0.34925647 0.56906712 0.55133575 0.56012079 0.54152913 0.55522874 0.48395424 0.33104301 0.36555342 0.61185755 0.45420640 0.52968566 0.59029839 0.58976684 0.28700353 0.59562246 0.53284577 0.54519320 0.49351854 0.60907602 0.60244766 0.64724130 0.59447283 0.67342286 0.50671402 0.58918576 0.48267710 0.46440957 0.22824137 0.52482818 0.45779806 0.45796720 0.64694601 0.52038483 0.56698582
0.26684561 0.46604192 0.71602001 0.58466930 0.39001766 0.58357755 0.52985308 0.60520102 0.67456294 0.66726737 0.38124654 0.60931165 0.55653362 0.56817005 0.41307464 0.41823105 0.49281282 0.47884058 0.34570140 0.50620491 0.58136152 0.56023676 0.43372012 0.68322463 0.59123289 0.56512540 0.52208806 0.66585576 1.00000000 0.75928743 0.42315314 0.44325253 0.40561900 0.32685755 -0.07632928 0.37397699 0.66996507 0.51802744 0.53534979 0.46845725 0.40900916 0.31451963 0.26919736 0.24625463 0.54592785 0.48989178 0.62421763 0.37536397 0.43038321 0.35910192 0.35037810 0.20841531 0.55683637 0.37778588 0.52428186 0.54282905 0.55965772 0.26511729 0.53841024 0.49921269 0.41017691 0.49129287 0.58078500 0.50328102 0.60072680 0.52320119 0.58309457 0.51606376 0.57960992 0.49177696 0.45140566 0.23382285 0.58082102 0.43043506 0.50239038 0.57773272 0.54851097 0.53437990
0.28065233 0.43115144 0.69991118 0.66366714 0.41783922 0.55321902 0.50042018 0.52452927 0.63145010 0.56450393 0.32885309 0.55162412 0.46164602 0.56384717 0.47942035 0.30618701 0.44201258 0.47142836 0.38525752 0.48812067 0.50119814 0.52353065 0.28875020 0.72370016 0.50246985 0.58341851 0.54498910 0.73059141 0.75928743 1.00000000 0.40407417 0.36946892 0.39485730 0.25828853 -0.03323596 0.28151182 0.69011141 0.48598579 0.45167825 0.45105425 0.36938295 0.25269802 0.31167138 0.31530931 0.55888011 0.56426657 0.57752444 0.40575746 0.38354946 0.30294531 0.34598519 0.15121324 0.58816535 0.42196244 0.57400631 0.60746807 0.58337469 0.28679984 0.55791257 0.43414644 0.45532035 0.47527640 0.63710612 0.55694550 0.57976908 0.50290880 0.62861548 0.52618808 0.60278248 0.47343605 0.44321409 0.35112945 0.56600349 0.51210895 0.46130164 0.61149396 0.45163517 0.57289460
0.44554376 0.49773489 0.34839802 0.40849226 0.36048059 0.38048256 0.25530588 0.45749349 0.32818723 0.28799773 0.41223327 0.28173424 0.33064803 0.46615747 0.32834076 0.26589673 0.10288863 0.36169117 0.37423184 0.34783331 0.37292599 0.12397458 0.27938599 0.22883697 0.20347606 0.32832808 0.44227337 0.47569393 0.42315314 0.40407417 1.00000000 0.45069612 0.39202816 0.34658874 0.27122629 0.43712761 0.42164773 0.35935097 0.26462635 0.39117792 0.39014528 0.41552257 0.33664708 0.36883327 0.46595303 0.29407035 0.28688954 0.34211466 0.33699810 0.29516684 0.38170219 0.36519664 0.36185955 0.29457741 0.23369831 0.34966575 0.38150121 0.35930287 0.40685607 0.40475521 0.25918621 0.29489653 0.31750666 0.29670035 0.32436008 0.32062998 0.28776888 0.25516902 0.24885200 0.39387428 0.31232793 0.31996007 0.24903290 0.34117119 0.40266040 0.29441102 0.20059175 0.50580999
0.45483266 0.47551744 0.28746523 0.38310458 0.49364429 0.25814489 0.08170725 0.34532843 0.21353924 0.36395115 0.58123620 0.30814445 0.18584351 0.35374771 0.46800920 0.12128594 0.05087485 0.26179305 0.28696031 0.31193473 0.27221068 0.02746216 0.12459096 0.17853928 0.09708845 0.11483949 0.29825519 0.31268713 0.44325253 0.36946892 0.45069612 1.00000000 0.25110823 0.02668772 0.21469495 0.53863495 0.31549524 0.11977528 0.05596915 0.35564019 0.37002656 0.22778686 0.22265400 0.35203704 0.38470440 0.18142629 0.14791944 0.09868410 0.04217204 0.11465080 0.57839047 0.14879964 0.16101843 0.14683278 -0.00176433 0.28465237 0.23651494 0.44827327 0.20482214 0.24767409 0.14632096 0.12000310 0.26163313 0.09620509 0.17598047 0.03776385 0.06477604 -0.02326677 -0.04635385 0.06897462 0.04685945 0.32605947 0.10290396 0.27442873 0.30620104 0.10690490 -0.07265546 0.37630967
0.29755189 0.21546796 0.35010427 0.37067240 0.16709592 0.57265376 0.41179334 0.36839233 0.28770556 0.13326955 0.24152414 0.34503714 0.45126192 0.29434498 0.20125672 0.43806944 0.43727409 0.57050922 0.49381253 0.59409334 0.18536796 0.34055768 0.46566125 0.31907121 0.46552150 0.43462368 0.66856301 0.54538469 0.40561900 0.39485730 0.39202816 0.25110823 1.00000000 0.72576767 0.49358186 0.29162654 0.42007704 0.65827747 0.57925861 0.29392609 0.51550533 0.49603955 0.57779195 0.37659943 0.45078600 0.45892484 0.27596792 0.54208258 0.52597774 0.56491130 0.32842872 0.49555452 0.40380877 0.27150001 0.30736975 0.48042567 0.35362953 0.30836956 0.47893279 0.47960057 0.54583908 0.25147275 0.41266727 0.51696784 0.47784348 0.49119393 0.41906719 0.35132736 0.39674154 0.25792770 0.44224396 0.33226456 0.37949232 0.42401338 0.48622670 0.42417874 0.41469842 0.39172332
0.17450288 0.17603432 0.34593523 0.26338233 -0.04371377 0.61110393 0.50226748 0.39406133 0.33044385 0.04678460 0.02742185 0.22975150 0.50746865 0.31413739 0.02957167 0.44947152 0.38916560 0.51592476 0.37034769 0.47579202 0.23203682 0.37538138 0.52307596 0.27587863 0.49626590 0.53539695 0.61969830 0.54369299 0.32685755 0.25828853 0.34658874 0.02668772 0.72576767 1.00000000 0.37554704 0.07594723 0.35831589 0.79558233 0.64707677 0.24089794 0.45690091 0.54466583 0.56741542 0.32483549 0.39806402 0.44228973 0.34155623 0.64557783 0.63359477 0.57016151 0.11154135 0.55286265 0.43217389 0.21859678 0.35628272 0.38791125 0.32996046 0.17139866 0.47539846 0.50373880 0.53263421 0.36498271 0.33875485 0.54528111 0.49181424 0.62551609 0.44372287 0.45981939 0.50206297 0.35563172 0.53511971 0.14206529 0.39084456 0.35141815 0.46561996 0.47914058 0.55605830 0.32075863
0.33653463 0.19041252 -0.05538109 0.14699273 0.12698438 0.23511412 0.07942935 0.12255552 -0.12759654 -0.15289736 0.25435494 -0.02357959 0.12020873 0.09924182 0.19789307 0.15807874 0.07860277 0.24917739 0.30967431 0.22197179 -0.08526961 -0.07264882 0.19730645 -0.13380444 0.02200036 0.02852305 0.42664079 0.16277923 -0.07632928 -0.03323596 0.27122629 0.21469495 0.49358186 0.37554704 1.00000000 0.24024375 0.09587730 0.30466800 0.11279850 0.12605939 0.30033402 0.31933833 0.37404352 0.22967994 0.15606722 0.08398573 -0.13726391 0.20677639 0.19055838 0.31147619 0.15443800 0.36051440 -0.06329178 0.02065270 -0.13773903 0.02617309 -0.06839533 0.21868660 0.08373349 0.15546206 0.16538566 -0.10538788 -0.02040953 0.07417376 0.01004793 0.05282054 -0.04769455 -0.03863609 -0.11103326 -0.03034455 0.01726168 0.16275194 -0.10950705 0.10411325 0.08908469 0.00877773 -0.08144468 0.08992018
0.53547753 0.55280156 0.36331179 0.41374377 0.47576559 0.38493371 0.25060545 0.53871198 0.30055610 0.45216552 0.58958607 0.44885161 0.36732479 0.45506497 0.45636723 0.25859022 0.20814458 0.44252392 0.51486095 0.39747907 0.39264454 0.15180984 0.32529415 0.23641464 0.24713942 0.25096757 0.37259268 0.30353258 0.37397699 0.28151182 0.43712761 0.53863495 0.29162654 0.07594723 0.24024375 1.00000000 0.37691325 0.20375079 0.24614919 0.46338837 0.37584136 0.40205927 0.33494352 0.34878156 0.45236648 0.20735027 0.23118188 0.12976142 0.26585338 0.29475271 0.48056023 0.27899920 0.21074568 0.34021374 0.10879269 0.33883589 0.34184404 0.35048689 0.33801692 0.40747808 0.23483710 0.23423359 0.32411517 0.21374384 0.30197745 0.10943021 0.22590776 0.15115687 0.04391604 0.27125047 0.11787838 0.29925824 0.17197661 0.17894572 0.22904940 0.16416817 0.07447623 0.43449457
0.30958481 0.56058966 0.69559856 0.68130106 0.32569973 0.54459070 0.61069730 0.68783435 0.68286664 0.61855240 0.42165095 0.66693490 0.61330042 0.61631883 0.41596433 0.51818351 0.61945869 0.51557044 0.41423044 0.62047226 0.60482667 0.62677131 0.52977643 0.68751279 0.68597256 0.55915865 0.58202857 0.76411207 0.66996507 0.69011141 0.42164773 0.31549524 0.42007704 0.35831589 0.09587730 0.37691325 1.00000000 0.61622570 0.60258257 0.51320595 0.42775905 0.40507141 0.33585250 0.16344909 0.51216059 0.50750497 0.60769098 0.35701294 0.50170938 0.47623244 0.33005458 0.29507803 0.50839675 0.38814643 0.47856410 0.49005964 0.49476557 0.08764840 0.53366503 0.43398219 0.33722072 0.47879908 0.56549385 0.47204744 0.59024586 0.53581215 0.60145254 0.51570020 0.58915264 0.51049745 0.37885093 0.12474768 0.52016576 0.31915880 0.32800154 0.63999545 0.55606358 0.50169834
0.25445815 0.31879070 0.59782167 0.48870298 0.13406641 0.68978527 0.65408218 0.55158348 0.50892873 0.36866561 0.19565575 0.49147801 0.64403936 0.48021653 0.21562642 0.52106912 0.57265195 0.57807800 0.41706294 0.58084727 0.36189899 0.56413699 0.63645424 0.48418468 0.66574703 0.62029264 0.67266500 0.70516538 0.51802744 0.48598579 0.35935097 0.11977528 0.65827747 0.79558233 0.30466800 0.20375079 0.61622570 1.00000000 0.69790564 0.39077815 0.47154774 0.55931078 0.55593986 0.28421475 0.47742941 0.52316663 0.50132057 0.58247814 0.66940773 0.63692035 0.17497286 0.52726731 0.47955545 0.28086221 0.43623287 0.44679305 0.41861059 0.07280465 0.54368869 0.53104053 0.51351475 0.46696073 0.46744746 0.59223018 0.60300811 0.67597697 0.58500099 0.51544675 0.60985866 0.45823256 0.51100881 0.11388670 0.49419995 0.36165757 0.43882751 0.63803527 0.64481970 0.40755943
0.15327796 0.31353928 0.60670509 0.47763673 0.12431601 0.64158904 0.65958582 0.62331378 0.66943626 0.44952523 0.15180158 0.62180028 0.70952525 0.44380383 0.15900333 0.59129428 0.72456765 0.65173871 0.55261083 0.68058431 0.53614891 0.72677746 0.67697445 0.56642334 0.77232388 0.65674416 0.58251500 0.59560518 0.53534979 0.45167825 0.26462635 0.05596915 0.57925861 0.64707677 0.11279850 0.24614919 0.60258257 0.69790564 1.00000000 0.40222322 0.49193193 0.50826430 0.50747266 0.16616223 0.45644998 0.48602962 0.59582333 0.48733566 0.68220292 0.67340958 0.15777171 0.50154181 0.52199252 0.39722231 0.50080852 0.45666358 0.48094270 0.00700469 0.52415887 0.54077770 0.45983825 0.48593752 0.47898797 0.55516048 0.65272426 0.64113550 0.64506433 0.61228535 0.64880861 0.51118010 0.56484461 0.06145885 0.61603617 0.31599051 0.34142902 0.55420893 0.71298126 0.39246705
0.51394510 0.60684227 0.52666969 0.56634291 0.38680881 0.50673829 0.43522546 0.59137724 0.49561959 0.48344156 0.49292172 0.49544723 0.50093413 0.64753970 0.52640542 0.31764280 0.37453783 0.50529383 0.44035924 0.50007314 0.53184716 0.39923751 0.39911390 0.50837643 0.43779267 0.54430060 0.46344187 0.49353259 0.46845725 0.45105425 0.39117792 0.35564019 0.29392609 0.24089794 0.12605939 0.46338837 0.51320595 0.39077815 0.40222322 1.00000000 0.55734555 0.46977132 0.42753485 0.45457067 0.63835540 0.52258611 0.60706398 0.38608503 0.44533811 0.41567346 0.44890111 0.38323006 0.46963133 0.49829547 0.41422815 0.53167275 0.53949792 0.29912954 0.51489430 0.56667773 0.40931323 0.48710895 0.54343229 0.46388710 0.56780720 0.44996087 0.47944178 0.36212521 0.38116781 0.44109755 0.31656386 0.26239394 0.34722112 0.33172319 0.35441417 0.46211360 0.32161283 0.61025437
0.40820727 0.52770590 0.43142558 0.44316823 0.33888204 0.50989469 0.37867843 0.50563814 0.39845043 0.33765529 0.44161625 0.42147673 0.50893750 0.41422037 0.36041780 0.35161787 0.35901321 0.51759235 0.47976931 0.57876925 0.34914317 0.29961956 0.37672679 0.34498858 0.42118674 0.47891348 0.47484029 0.53091587 0.40900916 0.36938295 0.39014528 0.37002656 0.51550533 0.45690091 0.30033402 0.37584136 0.42775905 0.47154774 0.49193193 0.55734555 1.00000000 0.63536515 0.61526697 0.49564194 0.54971058 0.34483502 0.39319779 0.51785912 0.49475433 0.63869122 0.46893751 0.56931691 0.41795616 0.46193635 0.25994839 0.48016651 0.40288330 0.38226483 0.42178636 0.54344287 0.47890369 0.24555029 0.42402573 0.43844716 0.47013708 0.40279842 0.46191409 0.26844512 0.33890834 0.31988988 0.31274183 0.29886067 0.35487250 0.41534259 0.38746700 0.36153236 0.31034011 0.54220190
0.35373277 0.42098066 0.42109618 0.40664544 0.19592554 0.49234567 0.44224770 0.53591272 0.35012707 0.26812869 0.33782381 0.41477695 0.50088413 0.38276131 0.21498920 0.43134357 0.36118066 0.49615815 0.49278451 0.54936973 0.34341538 0.30992530 0.47348777 0.24230677 0.46548680 0.41561577 0.45592907 0.44858663 0.31451963 0.25269802 0.41552257 0.22778686 0.49603955 0.54466583 0.31933833 0.40205927 0.40507141 0.55931078 0.50826430 0.46977132 0.63536515 1.00000000 0.75303799 0.46790696 0.58259815 0.43415428 0.38189834 0.52986283 0.69061355 0.71520215 0.41062717 0.72517964 0.31945831 0.32074757 0.25722655 0.36110605 0.31071156 0.20202652 0.45249643 0.53297399 0.42187456 0.34601747 0.36526419 0.44050662 0.45200561 0.49544258 0.40780885 0.41196324 0.38123143 0.37255526 0.44493198 0.23376503 0.33306933 0.30817725 0.39704151 0.40105383 0.45198675 0.42182437
0.34486733 0.32390227 0.40139093 0.44722887 0.21868979 0.54253546 0.43426323 0.43870879 0.32294515 0.16833340 0.28542603 0.37107585 0.42609656 0.31815507 0.24175509 0.37924110 0.36610021 0.54509341 0.53541373 0.57184939 0.25490811 0.32323092 0.40063116 0.28009327 0.42361495 0.46219252 0.48091639 0.46290496 0.26919736 0.31167138 0.33664708 0.22265400 0.57779195 0.56741542 0.37404352 0.33494352 0.33585250 0.55593986 0.50747266 0.42753485 0.61526697 0.75303799 1.00000000 0.55994151 0.56711100 0.56914007 0.37016503 0.57916992 0.65680392 0.70689922 0.41892732 0.68462832 0.35891374 0.35021202 0.31874218 0.44486207 0.33853265 0.27501043 0.44799527 0.56694143 0.55357726 0.34427126 0.42778324 0.53379082 0.48219591 0.49908403 0.43673221 0.40960605 0.37682589 0.29254394 0.50217216 0.36674125 0.36768656 0.41211657 0.46551534 0.40904475 0.39379614 0.42839636
0.42592407 0.33787600 0.29538557 0.33170521 0.37506414 0.38512648 0.19104298 0.29617285 0.14712508 0.13492102 0.35416447 0.19349297 0.23273613 0.33457645 0.33621909 0.09746337 0.03314703 0.37203908 0.35640715 0.31867900 0.10525258 0.02854804 0.13469903 0.19539703 0.10392654 0.31734878 0.37224442 0.34925647 0.24625463 0.31530931 0.36883327 0.35203704 0.37659943 0.32483549 0.22967994 0.34878156 0.16344909 0.28421475 0.16616223 0.45457067 0.49564194 0.46790696 0.55994151 1.00000000 0.61946774 0.51819406 0.26370808 0.48402517 0.35021408 0.31882523 0.48032293 0.36531364 0.37679331 0.38593490 0.30552099 0.49628429 0.41343797 0.55541544 0.37732005 0.48969129 0.54553404 0.27604430 0.44108934 0.47785396 0.35914369 0.30171015 0.30752808 0.22600148 0.21720185 0.24680082 0.33695033 0.54665929 0.23922768 0.47875985 0.50333546 0.29052729 0.08217323 0.50675465
0.43844129 0.49330221 0.58896435 0.56439005 0.39081720 0.60474475 0.46154860 0.59221076 0.50606659 0.44393390 0.42727804 0.52118679 0.47866002 0.57921108 0.46868263 0.35948304 0.40040006 0.60102112 0.56402003 0.56972156 0.49039339 0.43849017 0.41593262 0.55443494 0.48126104 0.56876350 0.52942146 0.56906712 0.54592785 0.55888011 0.46595303 0.38470440 0.45078600 0.39806402 0.15606722 0.45236648 0.51216059 0.47742941 0.45644998 0.63835540 0.54971058 0.58259815 0.56711100 0.61946774 1.00000000 0.67940819 0.63674006 0.55646094 0.55780845 0.50847530 0.50921240 0.41765025 0.59556100 0.50153273 0.54641281 0.64389825 0.61768634 0.45003231 0.60568352 0.62893555 0.57591063 0.55583020 0.65052912 0.61483591 0.62516876 0.55919589 0.58575330 0.54623953 0.52826185 0.53748126 0.56261241 0.45784128 0.54846717 0.54544966 0.58260739 0.55869921 0.44412804 0.65709204
0.29144358 0.31941916 0.56219353 0.56121696 0.23422971 0.53430436 0.54783480 0.47122598 0.46416875 0.33681263 0.20830463 0.48855566 0.45217458 0.51402995 0.35536966 0.42630603 0.48153575 0.49559659 0.41458666 0.56587678 0.41183703 0.53794063 0.42915852 0.62759214 0.54088765 0.57661339 0.51183422 0.55133575 0.48989178 0.56426657 0.29407035 0.18142629 0.45892484 0.44228973 0.08398573 0.20735027 0.50750497 0.52316663 0.48602962 0.52258611 0.34483502 0.43415428 0.56914007 0.51819406 0.67940819 1.00000000 0.68369864 0.58693266 0.56183677 0.44857261 0.36784174 0.39927118 0.57767954 0.39453094 0.62085034 0.61281949 0.53206041 0.25464606 0.59461922 0.53082369 0.54689321 0.57588915 0.66025567 0.65867713 0.62146962 0.64996081 0.59393184 0.61593613 0.65039837 0.49414340 0.61284029 0.39548113 0.57959391 0.52369819 0.56852035 0.65909192 0.55605604 0.53597205
0.19662921 0.38641127 0.66582135 0.53366767 0.21875786 0.54183757 0.58143743 0.59712050 0.67939205 0.55918790 0.18912199 0.59746991 0.57471021 0.56348974 0.32805445 0.45573028 0.56587556 0.49314345 0.40618655 0.54686788 0.64119074 0.68324421 0.51057935 0.70180302 0.66334368 0.64140371 0.43472936 0.56012079 0.62421763 0.57752444 0.28688954 0.14791944 0.27596792 0.34155623 -0.13726391 0.23118188 0.60769098 0.50132057 0.59582333 0.60706398 0.39319779 0.38189834 0.37016503 0.26370808 0.63674006 0.68369864 1.00000000 0.46038972 0.58642240 0.47868485 0.27854337 0.32003315 0.62629618 0.47371015 0.67153976 0.54345823 0.62072630 0.07138751 0.58584111 0.53626860 0.40038165 0.65321479 0.62159759 0.58519261 0.68940551 0.67071034 0.69454995 0.66404930 0.73482175 0.67402124 0.60346893 0.15293621 0.69749970 0.39060666 0.44986997 0.66971732 0.71440312 0.54903071
0.23133279 0.27673471 0.40369546 0.31746801 0.10538440 0.57612599 0.39461625 0.37842037 0.38334661 0.15883312 0.08902300 0.22138855 0.41658851 0.38976549 0.15379929 0.30233496 0.31670973 0.48258106 0.35718301 0.41369177 0.22982776 0.37111023 0.39823888 0.36651261 0.40212703 0.53070068 0.53747365 0.54152913 0.37536397 0.40575746 0.34211466 0.09868410 0.54208258 0.64557783 0.20677639 0.12976142 0.35701294 0.58247814 0.48733566 0.38608503 0.51785912 0.52986283 0.57916992 0.48402517 0.55646094 0.58693266 0.46038972 1.00000000 0.68778231 0.53340926 0.14029184 0.53866486 0.54873977 0.34070683 0.48164037 0.53097427 0.46712798 0.33076077 0.54480399 0.57422773 0.66876881 0.42955655 0.45217862 0.62191534 0.55551696 0.64429035 0.57853968 0.48562949 0.56068807 0.40435035 0.53882335 0.19970617 0.40001524 0.48068023 0.50215145 0.54441863 0.48527045 0.44641761
0.21963067 0.32192169 0.52602486 0.41533636 0.12695032 0.65192478 0.54705846 0.56584576 0.55241298 0.34858253 0.16993848 0.44103167 0.59961750 0.44937260 0.14911298 0.53923587 0.56451740 0.61215985 0.51840652 0.54754162 0.40892203 0.58100620 0.64573280 0.44961114 0.64808939 0.58144720 0.58169147 0.55522874 0.43038321 0.38354946 0.33699810 0.04217204 0.52597774 0.63359477 0.19055838 0.26585338 0.50170938 0.66940773 0.68220292 0.44533811 0.49475433 0.69061355 0.65680392 0.35021408 0.55780845 0.56183677 0.58642240 0.68778231 1.00000000 0.79354983 0.09987703 0.60485693 0.52522104 0.36573044 0.52968531 0.46396822 0.48736737 0.07769523 0.60368177 0.61714865 0.55999776 0.54008024 0.45306270 0.62271538 0.67208018 0.70700215 0.65954863 0.65305181 0.64749982 0.57767444 0.64033014 0.04708629 0.56783747 0.31016659 0.41074379 0.59867887 0.72015560 0.40043616
0.24673807 0.32311683 0.48019394 0.42422751 0.18105995 0.58155247 0.52520462 0.54803182 0.45926652 0.34756862 0.27856868 0.51487520 0.59287022 0.35852726 0.16722678 0.52555199 0.59796867 0.59024420 0.55834524 0.62609990 0.35942599 0.53457417 0.60676786 0.38515047 0.64539705 0.49378020 0.53692041 0.48395424 0.35910192 0.30294531 0.29516684 0.11465080 0.56491130 0.57016151 0.31147619 0.29475271 0.47623244 0.63692035 0.67340958 0.41567346 0.63869122 0.71520215 0.70689922 0.31882523 0.50847530 0.44857261 0.47868485 0.53340926 0.79354983 1.00000000 0.19824925 0.69819295 0.36964593 0.32514712 0.34978771 0.37073558 0.34249862 0.03571132 0.45149223 0.53142067 0.44199909 0.33547332 0.37032281 0.49208421 0.54381002 0.56708664 0.54332034 0.50224051 0.50801764 0.45149684 0.47922557 0.10949194 0.50675519 0.26829555 0.30480156 0.47365963 0.60359644 0.34504803
0.38493463 0.40294784 0.30756679 0.42658022 0.41649725 0.24394594 0.18516952 0.35790846 0.18620918 0.30175598 0.53629279 0.40293786 0.18852346 0.29660119 0.41634482 0.20009500 0.12280407 0.34022260 0.40586350 0.47168335 0.29598929 0.04522399 0.11191502 0.24367609 0.16446972 0.21102718 0.22015871 0.33104301 0.35037810 0.34598519 0.38170219 0.57839047 0.32842872 0.11154135 0.15443800 0.48056023 0.33005458 0.17497286 0.15777171 0.44890111 0.46893751 0.41062717 0.41892732 0.48032293 0.50921240 0.36784174 0.27854337 0.14029184 0.09987703 0.19824925 1.00000000 0.30761768 0.24626757 0.35067154 0.12650833 0.42612573 0.30796038 0.48888877 0.29089784 0.34777495 0.27039450 0.16307660 0.42555686 0.24587883 0.22612009 0.12098167 0.17903220 0.07983645 0.08802452 0.12070863 0.19592308 0.56466623 0.19720106 0.41118048 0.46196788 0.20181476 0.02311460 0.50322008
0.32895727 0.33966503 0.31505015 0.31526686 0.13490251 0.44159338 0.40248055 0.42287620 0.27793357 0.17452884 0.22836639 0.32785559 0.46748102 0.32635523 0.12886899 0.41584485 0.33305203 0.43657978 0.46234306 0.50686112 0.27252041 0.27509784 0.47451086 0.16862621 0.39808732 0.43027694 0.40884935 0.36555342 0.20841531 0.15121324 0.36519664 0.14879964 0.49555452 0.55286265 0.36051440 0.27899920 0.29507803 0.52726731 0.50154181 0.38323006 0.56931691 0.72517964 0.68462832 0.36531364 0.41765025 0.39927118 0.32003315 0.53866486 0.60485693 0.69819295 0.30761768 1.00000000 0.28045582 0.26246555 0.19131821 0.28515030 0.24714540 0.15857369 0.41506607 0.46741637 0.33600220 0.27122337 0.23634575 0.37444688 0.38284426 0.47784367 0.32891898 0.33139004 0.33904352 0.36599122 0.42402523 0.21980873 0.28514857 0.30714433 0.35376356 0.34162105 0.41606529 0.36352631
0.23399282 0.33052225 0.56390229 0.44904992 0.22873490 0.54664205 0.43287205 0.46950039 0.57536505 0.40703445 0.18923898 0.42169893 0.45150806 0.55055766 0.34039352 0.33754152 0.44646344 0.56284195 0.40853713 0.47508090 0.50201155 0.52073067 0.36711801 0.64284073 0.52871521 0.67080337 0.49444448 0.61185755 0.55683637 0.58816535 0.36185955 0.16101843 0.40380877 0.43217389 -0.06329178 0.21074568 0.50839675 0.47955545 0.52199252 0.46963133 0.41795616 0.31945831 0.35891374 0.37679331 0.59556100 0.57767954 0.62629618 0.54873977 0.52522104 0.36964593 0.24626757 0.28045582 1.00000000 0.64472131 0.84542856 0.81407494 0.87301522 0.43130133 0.80549551 0.70585495 0.67428051 0.78352129 0.75215443 0.81658257 0.82544021 0.63540349 0.69952405 0.58332601 0.68966563 0.59199529 0.59143508 0.30714708 0.62876515 0.52947431 0.51950560 0.62297131 0.55275632 0.63619961
0.24812208 0.36474574 0.39325739 0.35685662 0.26227375 0.38725809 0.32189686 0.41868122 0.43372600 0.34324070 0.27368257 0.37252186 0.34681098 0.41963566 0.37598058 0.25409147 0.36865979 0.47049624 0.47478762 0.42122968 0.42470669 0.35309490 0.24164194 0.46687072 0.34619462 0.50923865 0.34205705 0.45420640 0.37778588 0.42196244 0.29457741 0.14683278 0.27150001 0.21859678 0.02065270 0.34021374 0.38814643 0.28086221 0.39722231 0.49829547 0.46193635 0.32074757 0.35021202 0.38593490 0.50153273 0.39453094 0.47371015 0.34070683 0.36573044 0.32514712 0.35067154 0.26246555 0.64472131 1.00000000 0.61620082 0.70860370 0.68815536 0.45549324 0.59343787 0.67258404 0.55128585 0.53725139 0.69322959 0.62869573 0.61257079 0.36230111 0.57577858 0.39399130 0.43222551 0.46103215 0.39883221 0.39143040 0.42345518 0.44115805 0.35422398 0.39177436 0.31532511 0.55124595
0.10512004 0.22093230 0.56935642 0.43020280 0.16408057 0.50701899 0.46766657 0.43360741 0.56002496 0.37493370 0.08168923 0.42692326 0.40861418 0.47461337 0.27215452 0.34418220 0.49466345 0.49817302 0.36776227 0.41789632 0.48369877 0.59128406 0.35342116 0.69343711 0.55417124 0.64344368 0.41578336 0.52968566 0.52428186 0.57400631 0.23369831 -0.00176433 0.30736975 0.35628272 -0.13773903 0.10879269 0.47856410 0.43623287 0.50080852 0.41422815 0.25994839 0.25722655 0.31874218 0.30552099 0.54641281 0.62085034 0.67153976 0.48164037 0.52968531 0.34978771 0.12650833 0.19131821 0.84542856 0.61620082 1.00000000 0.74017547 0.79469733 0.28260802 0.72648600 0.62596966 0.63335751 0.77209766 0.76951751 0.81203657 0.78717901 0.63537148 0.71798562 0.67677619 0.74642653 0.60102452 0.62344603 0.24745480 0.67511631 0.47002394 0.45647524 0.63579907 0.61520394 0.52436409
0.31623810 0.37191749 0.54616432 0.49716681 0.33317712 0.56070691 0.42498552 0.47173356 0.51942464 0.38981113 0.33764884 0.47140154 0.43430955 0.53661298 0.41591360 0.30705299 0.43537767 0.58647645 0.47750226 0.55419822 0.42466310 0.44798010 0.30806936 0.62093980 0.48082190 0.64507335 0.51288614 0.59029839 0.54282905 0.60746807 0.34966575 0.28465237 0.48042567 0.38791125 0.02617309 0.33883589 0.49005964 0.44679305 0.45666358 0.53167275 0.48016651 0.36110605 0.44486207 0.49628429 0.64389825 0.61281949 0.54345823 0.53097427 0.46396822 0.37073558 0.42612573 0.28515030 0.81407494 0.70860370 0.74017547 1.00000000 0.79552216 0.55773356 0.78197724 0.73690364 0.76235127 0.65946740 0.84083214 0.80310629 0.78049808 0.54319719 0.67060599 0.50791284 0.58882386 0.49164908 0.51628924 0.46738704 0.54716839 0.58665654 0.55585584 0.58209424 0.42020168 0.67727561
0.28972218 0.39600001 0.56749011 0.47176272 0.31543850 0.55427021 0.40517337 0.51309650 0.58843102 0.47136555 0.28581931 0.45461852 0.45212317 0.58086695 0.41057276 0.30222560 0.42943530 0.59068025 0.45917788 0.45343800 0.52559319 0.50015803 0.35860766 0.63134820 0.48606105 0.65210211 0.47248886 0.58976684 0.55965772 0.58337469 0.38150121 0.23651494 0.35362953 0.32996046 -0.06839533 0.34184404 0.49476557 0.41861059 0.48094270 0.53949792 0.40288330 0.31071156 0.33853265 0.41343797 0.61768634 0.53206041 0.62072630 0.46712798 0.48736737 0.34249862 0.30796038 0.24714540 0.87301522 0.68815536 0.79469733 0.79552216 1.00000000 0.47125650 0.76725002 0.72286098 0.63302474 0.76033751 0.76701772 0.75227891 0.81645658 0.53837509 0.68786626 0.53267995 0.59287444 0.59860755 0.52212812 0.32084371 0.57527564 0.47872445 0.47162808 0.56629482 0.47141378 0.65007524
0.38212282 0.29995990 0.17844607 0.21455928 0.38789809 0.28325620 0.01250405 0.17867974 0.07733762 0.08094538 0.35120734 0.06930936 0.04373262 0.24465846 0.37644478 -0.03824431 -0.10941303 0.28980140 0.28111452 0.18063360 0.09657960 -0.10886926 -0.04434683 0.12738342 -0.07097784 0.21024747 0.26157135 0.28700353 0.26511729 0.28679984 0.35930287 0.44827327 0.30836956 0.17139866 0.21868660 0.35048689 0.08764840 0.07280465 0.00700469 0.29912954 0.38226483 0.20202652 0.27501043 0.55541544 0.45003231 0.25464606 0.07138751 0.33076077 0.07769523 0.03571132 0.48888877 0.15857369 0.43130133 0.45549324 0.28260802 0.55773356 0.47125650 1.00000000 0.42311495 0.46725832 0.53259696 0.25472126 0.45279476 0.37670765 0.30543427 0.11578298 0.17905120 0.05831558 0.03690095 0.10908601 0.16952459 0.53153480 0.10819093 0.48803446 0.46172955 0.13622429 -0.12709585 0.47336224
0.34110518 0.42324129 0.55328725 0.50049442 0.22691850 0.57753357 0.49693159 0.53763108 0.55166561 0.40821019 0.27432210 0.47191815 0.51733806 0.61056340 0.38812432 0.42468345 0.48166015 0.57738262 0.46608425 0.53589074 0.52076673 0.51172021 0.48128787 0.60470352 0.56947767 0.65325078 0.56707675 0.59562246 0.53841024 0.55791257 0.40685607 0.20482214 0.47893279 0.47539846 0.08373349 0.33801692 0.53366503 0.54368869 0.52415887 0.51489430 0.42178636 0.45249643 0.44799527 0.37732005 0.60568352 0.59461922 0.58584111 0.54480399 0.60368177 0.45149223 0.29089784 0.41506607 0.80549551 0.59343787 0.72648600 0.78197724 0.76725002 0.42311495 1.00000000 0.72995477 0.62676502 0.75126549 0.71198377 0.80898701 0.81320782 0.64025659 0.65692222 0.59357034 0.64573779 0.61967424 0.59168648 0.31515493 0.53387600 0.45969296 0.51391528 0.64122365 0.57178268 0.62676412
0.36371135 0.42867391 0.51953465 0.45011634 0.28823805 0.62575909 0.45334187 0.55835069 0.50614073 0.38916434 0.33556367 0.43214335 0.52891030 0.55814732 0.38167298 0.38506443 0.45233841 0.64287719 0.53398223 0.53454272 0.48859398 0.46983056 0.48435129 0.50350748 0.51126313 0.64252996 0.53779957 0.53284577 0.49921269 0.43414644 0.40475521 0.24767409 0.47960057 0.50373880 0.15546206 0.40747808 0.43398219 0.53104053 0.54077770 0.56667773 0.54344287 0.53297399 0.56694143 0.48969129 0.62893555 0.53082369 0.53626860 0.57422773 0.61714865 0.53142067 0.34777495 0.46741637 0.70585495 0.67258404 0.62596966 0.73690364 0.72286098 0.46725832 0.72995477 1.00000000 0.75183064 0.66793914 0.68615079 0.74288108 0.76715725 0.58210945 0.61847843 0.49713392 0.52150782 0.51291876 0.55188123 0.33590265 0.48732980 0.47432852 0.51136309 0.50565383 0.48821703 0.59704322
0.24005156 0.23457011 0.42445405 0.34864649 0.21142260 0.60391498 0.34361872 0.37005648 0.40276959 0.19289426 0.19512203 0.27064723 0.35814157 0.36540257 0.26094955 0.22462889 0.34410953 0.58212502 0.43152194 0.43118704 0.23114485 0.37891416 0.29982405 0.43912788 0.38542885 0.56752351 0.51111719 0.54519320 0.41017691 0.45532035 0.25918621 0.14632096 0.54583908 0.53263421 0.16538566 0.23483710 0.33722072 0.51351475 0.45983825 0.40931323 0.47890369 0.42187456 0.55357726 0.54553404 0.57591063 0.54689321 0.40038165 0.66876881 0.55999776 0.44199909 0.27039450 0.33600220 0.67428051 0.55128585 0.63335751 0.76235127 0.63302474 0.53259696 0.62676502 0.75183064 1.00000000 0.52786422 0.68552888 0.77770810 0.68756460 0.55413467 0.62491870 0.44987653 0.50223746 0.34929458 0.52021094 0.35479115 0.45758305 0.54000140 0.52471161 0.51423668 0.39083908 0.51897491
0.24095468 0.33579016 0.56831406 0.44515036 0.17000000 0.50601009 0.48694447 0.50707392 0.57412434 0.43334886 0.16693889 0.44540599 0.47653069 0.57254215 0.33511492 0.35698589 0.45575914 0.50488269 0.35170050 0.42385582 0.54788206 0.56845027 0.45244377 0.61296046 0.54720869 0.62979443 0.43727044 0.49351854 0.49129287 0.47527640 0.29489653 0.12000310 0.25147275 0.36498271 -0.10538788 0.23423359 0.47879908 0.46696073 0.48593752 0.48710895 0.24555029 0.34601747 0.34427126 0.27604430 0.55583020 0.57588915 0.65321479 0.42955655 0.54008024 0.33547332 0.16307660 0.27122337 0.78352129 0.53725139 0.77209766 0.65946740 0.76033751 0.25472126 0.75126549 0.66793914 0.52786422 1.00000000 0.69398683 0.71086068 0.77829744 0.61930340 0.60515553 0.59053764 0.63027487 0.57507244 0.54947774 0.16545988 0.55373330 0.36638240 0.42241809 0.58490277 0.57337906 0.52834656
0.27587580 0.37889414 0.61091720 0.54069775 0.33870895 0.54624666 0.48406900 0.51879569 0.55362138 0.45376999 0.34790683 0.53390755 0.46123821 0.54516985 0.41308864 0.35567622 0.48713203 0.54045246 0.44976611 0.56595179 0.47868022 0.53294608 0.34378427 0.68519866 0.54025295 0.63001756 0.47695754 0.60907602 0.58078500 0.63710612 0.31750666 0.26163313 0.41266727 0.33875485 -0.02040953 0.32411517 0.56549385 0.46744746 0.47898797 0.54343229 0.42402573 0.36526419 0.42778324 0.44108934 0.65052912 0.66025567 0.62159759 0.45217862 0.45306270 0.37032281 0.42555686 0.23634575 0.75215443 0.69322959 0.76951751 0.84083214 0.76701772 0.45279476 0.71198377 0.68615079 0.68552888 0.69398683 1.00000000 0.74909739 0.77754790 0.56666775 0.69555340 0.56008100 0.62084974 0.52883586 0.53750848 0.44658557 0.60110545 0.57321147 0.54197324 0.64770433 0.48686706 0.63217824
0.24140269 0.28241265 0.55864677 0.47266110 0.19330202 0.60768548 0.50212634 0.46659426 0.51367638 0.32271008 0.18845682 0.44660186 0.48288820 0.48756824 0.31010894 0.38653632 0.49863249 0.59533037 0.45544003 0.51898842 0.39481440 0.51589386 0.41565265 0.61135270 0.56311347 0.66599581 0.56502198 0.60244766 0.50328102 0.55694550 0.29670035 0.09620509 0.51696784 0.54528111 0.07417376 0.21374384 0.47204744 0.59223018 0.55516048 0.46388710 0.43844716 0.44050662 0.53379082 0.47785396 0.61483591 0.65867713 0.58519261 0.62191534 0.62271538 0.49208421 0.24587883 0.37444688 0.81658257 0.62869573 0.81203657 0.80310629 0.75227891 0.37670765 0.80898701 0.74288108 0.77770810 0.71086068 0.74909739 1.00000000 0.80347440 0.65894264 0.70211071 0.61346635 0.69061821 0.53405735 0.62872148 0.34679596 0.61844068 0.51080564 0.53562916 0.63486236 0.58738961 0.58453207
0.27787622 0.40472732 0.64169002 0.53050567 0.25158613 0.67013960 0.57503297 0.57384862 0.64752515 0.48925948 0.26431421 0.53790553 0.61033876 0.60999282 0.35765538 0.46886078 0.62117433 0.65937909 0.48789626 0.59125452 0.55148404 0.67032164 0.55966982 0.68851758 0.68413808 0.73426375 0.58173187 0.64724130 0.60072680 0.57976908 0.32436008 0.17598047 0.47784348 0.49181424 0.01004793 0.30197745 0.59024586 0.60300811 0.65272426 0.56780720 0.47013708 0.45200561 0.48219591 0.35914369 0.62516876 0.62146962 0.68940551 0.55551696 0.67208018 0.54381002 0.22612009 0.38284426 0.82544021 0.61257079 0.78717901 0.78049808 0.81645658 0.30543427 0.81320782 0.76715725 0.68756460 0.77829744 0.77754790 0.80347440 1.00000000 0.70923907 0.75717745 0.64880964 0.71269461 0.63635524 0.61205501 0.21560996 0.64275938 0.45228231 0.48503324 0.67635631 0.67507281 0.59951028
0.22299221 0.29312571 0.58764706 0.45954389 0.10869290 0.60737597 0.60150745 0.52563940 0.56434687 0.33798903 0.08271730 0.44526251 0.56885881 0.51626582 0.16879800 0.48155025 0.53738079 0.53413699 0.38801198 0.55498877 0.46011110 0.62691888 0.55843228 0.60237015 0.64881132 0.67711665 0.56609557 0.59447283 0.52320119 0.50290880 0.32062998 0.03776385 0.49119393 0.62551609 0.05282054 0.10943021 0.53581215 0.67597697 0.64113550 0.44996087 0.40279842 0.49544258 0.49908403 0.30171015 0.55919589 0.64996081 0.67071034 0.64429035 0.70700215 0.56708664 0.12098167 0.47784367 0.63540349 0.36230111 0.63537148 0.54319719 0.53837509 0.11578298 0.64025659 0.58210945 0.55413467 0.61930340 0.56666775 0.65894264 0.70923907 1.00000000 0.73092367 0.75639301 0.83148320 0.68070206 0.75671261 0.20331811 0.66126785 0.53830314 0.60556239 0.79157880 0.78633644 0.56491490
0.16745337 0.32807653 0.64431449 0.49219282 0.19732795 0.60610373 0.55611718 0.53668495 0.65775787 0.47767838 0.15801884 0.51421879 0.55227916 0.50874133 0.28956943 0.39287310 0.60849887 0.60384501 0.46180921 0.53755999 0.50712852 0.68578698 0.46742984 0.69672021 0.64607547 0.69946176 0.53582363 0.67342286 0.58309457 0.62861548 0.28776888 0.06477604 0.41906719 0.44372287 -0.04769455 0.22590776 0.60145254 0.58500099 0.64506433 0.47944178 0.46191409 0.40780885 0.43673221 0.30752808 0.58575330 0.59393184 0.69454995 0.57853968 0.65954863 0.54332034 0.17903220 0.32891898 0.69952405 0.57577858 0.71798562 0.67060599 0.68786626 0.17905120 0.65692222 0.61847843 0.62491870 0.60515553 0.69555340 0.70211071 0.75717745 0.73092367 1.00000000 0.74696294 0.83233488 0.71195879 0.68057509 0.21692531 0.70876702 0.55351771 0.50420717 0.81228849 0.72052900 0.63378973
0.11748758 0.23574860 0.57597831 0.42604845 0.07612674 0.54319304 0.56814442 0.52450233 0.57161675 0.34758902 0.02069919 0.47730353 0.52157954 0.45523056 0.17333152 0.48464875 0.56301357 0.48643799 0.43661510 0.50102978 0.51054012 0.65507083 0.48999675 0.64158881 0.66331621 0.62807523 0.47957387 0.50671402 0.51606376 0.52618808 0.25516902 -0.02326677 0.35132736 0.45981939 -0.03863609 0.15115687 0.51570020 0.51544675 0.61228535 0.36212521 0.26844512 0.41196324 0.40960605 0.22600148 0.54623953 0.61593613 0.66404930 0.48562949 0.65305181 0.50224051 0.07983645 0.33139004 0.58332601 0.39399130 0.67677619 0.50791284 0.53267995 0.05831558 0.59357034 0.49713392 0.44987653 0.59053764 0.56008100 0.61346635 0.64880964 0.75639301 0.74696294 1.00000000 0.83583397 0.71462488 0.77525668 0.19229538 0.71079951 0.44706571 0.46655443 0.70423492 0.77695847 0.48501067
0.06247584 0.21814622 0.63913895 0.47107991 0.07253768 0.54257297 0.62112055 0.50573869 0.61536215 0.40609472 0.00863023 0.51525265 0.55186672 0.47932109 0.16023648 0.48118595 0.62657694 0.49709860 0.36305403 0.54686332 0.51594870 0.70945546 0.51272236 0.71285181 0.71070854 0.69307680 0.49704237 0.58918576 0.57960992 0.60278248 0.24885200 -0.04635385 0.39674154 0.50206297 -0.11103326 0.04391604 0.58915264 0.60985866 0.64880861 0.38116781 0.33890834 0.38123143 0.37682589 0.21720185 0.52826185 0.65039837 0.73482175 0.56068807 0.64749982 0.50801764 0.08802452 0.33904352 0.68966563 0.43222551 0.74642653 0.58882386 0.59287444 0.03690095 0.64573779 0.52150782 0.50223746 0.63027487 0.62084974 0.69061821 0.71269461 0.83148320 0.83233488 0.83583397 1.00000000 0.73276413 0.75002759 0.19913299 0.75981070 0.53240456 0.51137096 0.82422515 0.84492984 0.54721996
0.24493681 0.36779323 0.55403424 0.41177392 0.22160714 0.50962395 0.50297978 0.55832116 0.57964250 0.46627911 0.16954618 0.47839606 0.54980695 0.56387451 0.25791640 0.43553555 0.48333784 0.47764585 0.43708169 0.46568856 0.57445701 0.56034418 0.51023525 0.57542341 0.57744846 0.61340129 0.46130787 0.48267710 0.49177696 0.47343605 0.39387428 0.06897462 0.25792770 0.35563172 -0.03034455 0.27125047 0.51049745 0.45823256 0.51118010 0.44109755 0.31988988 0.37255526 0.29254394 0.24680082 0.53748126 0.49414340 0.67402124 0.40435035 0.57767444 0.45149684 0.12070863 0.36599122 0.59199529 0.46103215 0.60102452 0.49164908 0.59860755 0.10908601 0.61967424 0.51291876 0.34929458 0.57507244 0.52883586 0.53405735 0.63635524 0.68070206 0.71195879 0.71462488 0.73276413 1.00000000 0.65531446 0.26010105 0.65143044 0.41656365 0.42516732 0.68635487 0.67882251 0.61520840
0.15330194 0.14804865 0.47494886 0.35039901 0.05562134 0.52047646 0.46959750 0.43393892 0.48157874 0.25432875 0.01658516 0.39255380 0.41566664 0.37409903 0.11612974 0.43013270 0.45162585 0.50066658 0.44345783 0.49787108 0.43787032 0.53589633 0.44480171 0.51766951 0.53989982 0.58046909 0.46805560 0.46440957 0.45140566 0.44321409 0.31232793 0.04685945 0.44224396 0.53511971 0.01726168 0.11787838 0.37885093 0.51100881 0.56484461 0.31656386 0.31274183 0.44493198 0.50217216 0.33695033 0.56261241 0.61284029 0.60346893 0.53882335 0.64033014 0.47922557 0.19592308 0.42402523 0.59143508 0.39883221 0.62344603 0.51628924 0.52212812 0.16952459 0.59168648 0.55188123 0.52021094 0.54947774 0.53750848 0.62872148 0.61205501 0.75671261 0.68057509 0.77525668 0.75002759 0.65531446 1.00000000 0.32656043 0.67091261 0.55255822 0.65103086 0.64905279 0.72649417 0.49404971
0.33669871 0.16852879 0.22675410 0.31599735 0.38960986 0.21301317 0.14608970 0.17635084 0.07756104 0.10987645 0.31141122 0.22762460 0.10957489 0.21636318 0.28786423 0.05997692 0.02363333 0.24589144 0.33125524 0.33775177 0.16117183 -0.03023978 -0.03002490 0.22576873 0.03003237 0.23052235 0.22454746 0.22824137 0.23382285 0.35112945 0.31996007 0.32605947 0.33226456 0.14206529 0.16275194 0.29925824 0.12474768 0.11388670 0.06145885 0.26239394 0.29886067 0.23376503 0.36674125 0.54665929 0.45784128 0.39548113 0.15293621 0.19970617 0.04708629 0.10949194 0.56466623 0.21980873 0.30714708 0.39143040 0.24745480 0.46738704 0.32084371 0.53153480 0.31515493 0.33590265 0.35479115 0.16545988 0.44658557 0.34679596 0.21560996 0.20331811 0.21692531 0.19229538 0.19913299 0.26010105 0.32656043 1.00000000 0.30124340 0.62841784 0.56998596 0.21674725 0.01647667 0.54064676
0.08095085 0.20418176 0.62552813 0.48283912 0.24176830 0.54954182 0.53309173 0.50508545 0.61343155 0.48055247 0.15559954 0.58784413 0.52707212 0.40584443 0.18184519 0.46200842 0.59313828 0.53250088 0.43991621 0.55344789 0.48829246 0.63950173 0.45170970 0.65326574 0.65597114 0.58165100 0.43345692 0.52482818 0.58082102 0.56600349 0.24903290 0.10290396 0.37949232 0.39084456 -0.10950705 0.17197661 0.52016576 0.49419995 0.61603617 0.34722112 0.35487250 0.33306933 0.36768656 0.23922768 0.54846717 0.57959391 0.69749970 0.40001524 0.56783747 0.50675519 0.19720106 0.28514857 0.62876515 0.42345518 0.67511631 0.54716839 0.57527564 0.10819093 0.53387600 0.48732980 0.45758305 0.55373330 0.60110545 0.61844068 0.64275938 0.66126785 0.70876702 0.71079951 0.75981070 0.65143044 0.67091261 0.30124340 1.00000000 0.48679689 0.49186695 0.64586963 0.74654547 0.53151071
0.28780174 0.23738106 0.44455442 0.39905439 0.33440510 0.43025584 0.34877206 0.31267961 0.32503150 0.23139902 0.21252489 0.30569135 0.28645889 0.33769290 0.27487261 0.18933480 0.22774744 0.41693933 0.36668018 0.42656741 0.26709180 0.28406124 0.16896844 0.42997202 0.26591323 0.47331322 0.39053949 0.45779806 0.43043506 0.51210895 0.34117119 0.27442873 0.42401338 0.35141815 0.10411325 0.17894572 0.31915880 0.36165757 0.31599051 0.33172319 0.41534259 0.30817725 0.41211657 0.47875985 0.54544966 0.52369819 0.39060666 0.48068023 0.31016659 0.26829555 0.41118048 0.30714433 0.52947431 0.44115805 0.47002394 0.58665654 0.47872445 0.48803446 0.45969296 0.47432852 0.54000140 0.36638240 0.57321147 0.51080564 0.45228231 0.53830314 0.55351771 0.44706571 0.53240456 0.41656365 0.55255822 0.62841784 0.48679689 1.00000000 0.69413511 0.55260737 0.33246174 0.62885564
0.28708254 0.24178526 0.43934886 0.38079444 0.28551748 0.46388169 0.35422856 0.33448345 0.33495108 0.26541094 0.25022193 0.31601024 0.29502558 0.35845112 0.25649254 0.26408210 0.20094363 0.40817441 0.32654103 0.42184259 0.30719285 0.26002723 0.26568761 0.39737134 0.31147581 0.44905858 0.41434310 0.45796720 0.50239038 0.46130164 0.40266040 0.30620104 0.48622670 0.46561996 0.08908469 0.22904940 0.32800154 0.43882751 0.34142902 0.35441417 0.38746700 0.39704151 0.46551534 0.50333546 0.58260739 0.56852035 0.44986997 0.50215145 0.41074379 0.30480156 0.46196788 0.35376356 0.51950560 0.35422398 0.45647524 0.55585584 0.47162808 0.46172955 0.51391528 0.51136309 0.52471161 0.42241809 0.54197324 0.53562916 0.48503324 0.60556239 0.50420717 0.46655443 0.51137096 0.42516732 0.65103086 0.56998596 0.49186695 0.69413511 1.00000000 0.54712918 0.43180555 0.60875329
0.22009197 0.33702589 0.64918689 0.53565762 0.17072449 0.57544378 0.59525372 0.52246549 0.58137232 0.43521967 0.17795345 0.51153563 0.53207448 0.54772898 0.27943514 0.44524656 0.55906374 0.50125534 0.35235887 0.54850247 0.48209652 0.63317459 0.49501529 0.69031633 0.64853206 0.65535487 0.54030176 0.64694601 0.57773272 0.61149396 0.29441102 0.10690490 0.42417874 0.47914058 0.00877773 0.16416817 0.63999545 0.63803527 0.55420893 0.46211360 0.36153236 0.40105383 0.40904475 0.29052729 0.55869921 0.65909192 0.66971732 0.54441863 0.59867887 0.47365963 0.20181476 0.34162105 0.62297131 0.39177436 0.63579907 0.58209424 0.56629482 0.13622429 0.64122365 0.50565383 0.51423668 0.58490277 0.64770433 0.63486236 0.67635631 0.79157880 0.81228849 0.70423492 0.82422515 0.68635487 0.64905279 0.21674725 0.64586963 0.55260737 0.54712918 1.00000000 0.70480622 0.60398733
0.01072838 0.18736717 0.57106937 0.38767939 -0.01010426 0.53778200 0.62791696 0.51493254 0.59459341 0.41737598 0.00775708 0.52947560 0.60472888 0.40967474 0.04972523 0.58212731 0.67630791 0.47057464 0.35178239 0.53906652 0.51455974 0.72933416 0.63111599 0.60721583 0.77540892 0.60374151 0.46366896 0.52038483 0.54851097 0.45163517 0.20059175 -0.07265546 0.41469842 0.55605830 -0.08144468 0.07447623 0.55606358 0.64481970 0.71298126 0.32161283 0.31034011 0.45198675 0.39379614 0.08217323 0.44412804 0.55605604 0.71440312 0.48527045 0.72015560 0.60359644 0.02311460 0.41606529 0.55275632 0.31532511 0.61520394 0.42020168 0.47141378 -0.12709585 0.57178268 0.48821703 0.39083908 0.57337906 0.48686706 0.58738961 0.67507281 0.78633644 0.72052900 0.77695847 0.84492984 0.67882251 0.72649417 0.01647667 0.74654547 0.33246174 0.43180555 0.70480622 1.00000000 0.35267472
0.47208588 0.52551854 0.55920314 0.55640008 0.42570585 0.51932327 0.38677352 0.54481223 0.52667811 0.45492014 0.40911398 0.46334048 0.45193719 0.60888890 0.49772666 0.27616694 0.30221706 0.54548617 0.48033144 0.50788596 0.52128963 0.33601128 0.30103463 0.55854838 0.37460429 0.60750008 0.48260822 0.56698582 0.53437990 0.57289460 0.50580999 0.37630967 0.39172332 0.32075863 0.08992018 0.43449457 0.50169834 0.40755943 0.39246705 0.61025437 0.54220190 0.42182437 0.42839636 0.50675465 0.65709204 0.53597205 0.54903071 0.44641761 0.40043616 0.34504803 0.50322008 0.36352631 0.63619961 0.55124595 0.52436409 0.67727561 0.65007524 0.47336224 0.62676412 0.59704322 0.51897491 0.52834656 0.63217824 0.58453207 0.59951028 0.56491490 0.63378973 0.48501067 0.54721996 0.61520840 0.49404971 0.54064676 0.53151071 0.62885564 0.60875329 0.60398733 0.35267472 1.00000000
