1.00000000 0.15822908 0.18564925 0.25253895 0.20067795 0.07030876 0.17123892 0.21578168 0.33352371 0.23273024 0.17451183 0.21738289 0.20177567 0.03974735 0.00245607 0.00490666 0.00982906 0.04035559 0.02849007 0.02440005 0.07237925 0.06876379 -0.03492343 -0.01163245 0.04356641 0.04753870 0.03188795 -0.01906709 -0.02989219 0.00357957 0.02675686 0.00572423 0.04677272 -0.04152059 -0.00138047 0.03187476 0.02777069 0.06000877 0.05661911 0.11249914 0.10258113 0.00334495 0.08774384 0.13072556 0.02982281 0.04260844 -0.04927234 0.14767610 0.11461568 0.19342519 0.12880565 0.07737033 -0.09176934 0.03616722 0.07084891 0.01728936 -0.09124250 -0.04367148 -0.01567232 0.01786350 0.05168261 -0.01312168 -0.06363463 0.02073095 -0.01852065 0.06956601 0.00921162 0.08192231 0.01643593 0.00309209 0.00364741 0.05008231 0.03066511 0.10054834 0.04560592 0.05285599 0.08189658 0.00190309
0.15822908 1.00000000 0.03460379 0.14891721 0.12936933 0.15815336 0.05027905 0.10446665 0.15702396 0.09299942 0.36126795 0.18682959 0.16756711 -0.01132166 -0.01339012 0.05173661 -0.04634111 -0.01573018 -0.09482831 0.02631369 0.00717907 -0.00490725 -0.01053754 0.05596597 0.04310159 -0.01804461 0.02596249 0.12012554 -0.07313829 0.09027952 -0.00871232 0.14188469 -0.00835234 0.02303894 -0.00004050 -0.03011681 0.08802152 0.05893793 -0.02764900 -0.00537971 0.08439981 0.01205592 -0.00565556 0.04320906 0.00630027 0.01032858 -0.00897403 0.01180718 0.01379639 -0.02467853 0.00598574 0.01301503 -0.01763789 0.03193629 -0.05830096 -0.04115636 -0.00721653 -0.05605060 -0.08475082 0.01228594 -0.02070626 0.02548764 -0.10191230 -0.02523855 -0.05348586 -0.02915479 -0.05258277 0.01765683 -0.02544841 -0.04270736 -0.05637454 -0.02581649 -0.00646162 -0.04025006 -0.03544810 -0.02936699 -0.00433655 -0.08060106
0.18564925 0.03460379 1.00000000 0.17335579 0.18145413 0.14187401 0.22632924 0.20558966 0.19605261 0.14244210 0.10933679 0.17635100 0.08139319 0.05086244 0.02699671 0.00490878 0.04398344 0.03168286 0.09186038 0.04015912 0.04075675 -0.01180172 -0.07525673 0.09021145 0.04050211 0.07514537 -0.00765813 -0.03957361 0.02161998 -0.00547701 0.02149859 -0.03635966 -0.05601845 -0.07001414 0.01866556 -0.00563095 0.03512491 -0.07976985 0.00932839 0.01314107 0.00162288 -0.04166736 0.01191796 -0.01614082 -0.03575567 0.00248483 0.00971573 0.01820360 0.05789049 0.08134733 0.07940490 -0.00185917 -0.07330489 0.00299253 -0.07153066 -0.01324341 -0.02906232 -0.01384422 -0.00359383 0.02119554 0.02556832 0.02632364 -0.08664661 -0.01138871 -0.04616325 -0.00918622 0.05844857 -0.01341073 -0.05153036 -0.01043894 0.06572956 0.01243701 -0.02317384 0.02548100 -0.01116361 0.09210566 0.01640680 0.09051990
0.25253895 0.14891721 0.17335579 1.00000000 0.21466604 0.14660119 0.20803600 0.21711926 0.26249121 0.34496134 0.27608571 0.23851604 0.02765697 0.00707048 0.02065513 0.09249989 0.02267535 0.03001688 0.06617519 0.07483017 0.03947101 0.01938672 -0.04811492 0.00177260 0.03970363 -0.00133667 -0.05853571 -0.08865869 0.01904121 0.02689031 0.09360396 -0.07153464 -0.07483663 0.04513218 -0.08139468 0.02405194 -0.00004857 -0.00690070 -0.04523864 0.03469235 0.06631263 0.00511999 0.09790032 -0.01790236 -0.01755819 0.00767980 -0.01797678 -0.04387108 0.07848719 0.06052226 0.03906754 0.00603200 -0.01640331 0.02342175 0.05171575 -0.12888184 -0.10709295 -0.14745708 -0.07497204 -0.03651513 0.03644853 -0.08874636 -0.02676854 0.00393370 -0.15284803 -0.02850520 -0.03701440 -0.03305772 -0.02452557 -0.03987262 0.10477386 -0.01199683 0.07348100 0.03534606 -0.04832092 0.04581091 0.04765968 -0.06279542
0.20067795 0.12936933 0.18145413 0.21466604 1.00000000 0.28697629 0.17508332 0.10758071 0.22754419 0.10957600 0.20619142 0.10132013 0.09692689 0.01343315 -0.06525562 0.00144433 -0.01698869 0.10251520 -0.00271272 0.03775801 -0.00882216 0.03463109 0.04448468 0.07499910 -0.05877759 -0.01040486 -0.08520972 -0.04588609 -0.09897999 -0.04645439 0.05799255 0.04254783 0.00087529 -0.02012463 -0.01238465 -0.03049768 0.02973675 0.04194545 -0.05560647 0.08007558 0.02963206 0.04938742 0.10210086 0.07473273 0.04568453 -0.02784468 0.05192152 -0.00441301 0.00393554 0.01897020 0.09730542 0.05379815 -0.03751422 -0.03767033 -0.00103993 -0.09603361 -0.03370233 -0.01654614 0.03291088 0.01731204 0.00988086 0.05131476 0.00065015 0.00040667 -0.00474823 -0.01242091 0.04505856 0.00350185 0.01360213 0.01661830 0.00955543 0.05720775 -0.07295294 0.00625269 -0.04421396 -0.02016679 0.05253745 -0.12658325
0.07030876 0.15815336 0.14187401 0.14660119 0.28697629 1.00000000 0.10516479 0.16913385 0.22089063 0.17173722 0.25766854 0.06162714 0.13007148 0.01885396 0.00652521 0.04536438 -0.04580356 -0.05416785 0.01284223 0.04484826 -0.03985376 -0.01034084 0.05856622 -0.02015687 0.04695221 -0.00643615 -0.07740810 -0.03356384 -0.07208344 -0.08127660 -0.01382063 0.02553943 0.02578932 -0.03559064 -0.03133917 -0.00927881 -0.03911653 -0.03355195 -0.05061145 0.05714788 0.02999680 0.07606522 0.09079952 -0.01429630 -0.04299038 0.02205873 0.10914418 -0.06660822 0.00935223 0.03220375 0.04719334 0.04567757 -0.13828723 -0.08244955 -0.09237476 -0.10217241 -0.08356451 -0.00081396 0.01352969 -0.00311469 0.02733840 -0.00407962 -0.10328483 0.02966115 0.01266422 0.01359865 0.01855557 0.10270761 -0.00718689 0.00208826 0.00497158 0.05976847 -0.00992047 0.06409686 -0.02155582 0.00374583 0.07295039 -0.02194962
0.17123892 0.05027905 0.22632924 0.20803600 0.17508332 0.10516479 1.00000000 0.14488909 0.09806636 0.20712723 0.16210361 0.21735859 0.14497140 0.03660089 0.04943191 0.07161113 0.03630037 0.08162944 0.03951730 0.08947670 -0.00361049 0.04761273 0.00347005 0.07140707 0.07076207 0.08240052 -0.08251893 -0.04697426 -0.04064767 -0.00551467 -0.02774545 0.04538947 0.05308870 0.01026064 0.07746967 -0.05783121 0.01173283 0.12778022 -0.04150603 -0.00623970 0.01043728 -0.05668395 0.04041845 0.04957243 0.07378686 -0.09872070 -0.01084373 0.01833285 -0.01161071 0.02556679 -0.00024553 -0.00276726 -0.01365292 -0.02871076 0.00202529 -0.05643876 0.01339057 -0.02084844 -0.01033640 -0.03737179 -0.00654781 0.01890338 -0.02513178 -0.02376129 -0.05697477 -0.05979693 0.01723827 0.02175852 -0.10893313 -0.04917451 -0.03663764 -0.02147913 -0.03219544 -0.01777830 0.01277655 0.02821011 -0.04892174 -0.01997949
0.21578168 0.10446665 0.20558966 0.21711926 0.10758071 0.16913385 0.14488909 1.00000000 0.27441779 0.24401357 0.05678984 0.32007656 0.20668486 0.01619275 -0.07576331 -0.07235541 0.03349233 0.04147930 0.06707333 0.08067572 0.03092505 -0.01788267 0.00818859 -0.00058000 0.02990724 -0.02237624 -0.02699889 0.04142942 0.04881008 -0.01993986 0.07505137 -0.06421953 -0.00931258 0.03345200 0.00867066 0.01437057 0.03322526 -0.01208246 0.07589459 0.04603251 0.08604268 0.05569171 0.10630485 0.10311629 0.06410014 0.01602359 0.06529378 0.08698469 0.08083312 0.07328151 0.06706073 0.02517340 -0.13091708 0.03023826 0.00173678 -0.05872411 -0.02426539 -0.00179297 -0.06375684 -0.00406580 0.02604188 -0.05670543 -0.08442879 0.07966835 -0.08606695 0.01959995 0.00980770 0.01824728 -0.09758019 -0.00018390 0.10972386 0.04128116 -0.00537366 0.07068487 -0.06660101 0.07127387 -0.01238833 0.00000617
0.33352371 0.15702396 0.19605261 0.26249121 0.22754419 0.22089063 0.09806636 0.27441779 1.00000000 0.26494346 0.30482159 0.22987806 0.15444285 0.09678426 0.02813711 0.02157784 -0.00300277 0.07918544 0.13223910 0.07299083 0.04763937 0.01050999 0.00130339 0.03208562 0.02138559 -0.00198724 0.01268963 -0.07096889 -0.00434825 0.02519355 0.12758650 -0.04466481 -0.01448831 0.00464537 -0.04072755 0.07769986 -0.00570384 -0.00821254 0.01288206 0.07996432 0.13284115 0.00759629 0.12062165 0.04451236 0.00052913 0.02999673 0.12763386 0.08550000 0.17402970 0.14308183 0.13264116 0.08655763 -0.11718248 0.01475455 0.04704318 -0.03361362 -0.08210263 -0.02878622 -0.05744755 0.02523883 0.02314584 -0.01810020 -0.08752419 0.05944992 -0.03260112 -0.04915662 -0.01935542 -0.01534620 -0.06464449 -0.02684839 0.08426058 0.03225214 0.07166419 -0.00018683 -0.05283365 0.05384848 0.02887144 -0.02769735
0.23273024 0.09299942 0.14244210 0.34496134 0.10957600 0.17173722 0.20712723 0.24401357 0.26494346 1.00000000 0.26763442 0.25014713 0.06927957 0.06060633 0.00943175 0.00666400 -0.06537636 -0.02730915 0.04216697 -0.01116206 0.02110057 -0.06380188 -0.04061043 0.00536698 0.02755497 -0.06404345 -0.08178429 -0.11196317 0.02522892 -0.01894965 0.10823481 -0.09342691 -0.08046074 0.03841972 -0.05607234 0.04398933 -0.05371622 -0.12518999 0.05313751 0.06847126 0.12156339 0.04978804 0.06798108 0.03292116 0.04722714 0.07592199 0.08201397 0.03071320 0.12049822 0.17079707 0.10120807 0.02681627 -0.06260452 0.04862007 -0.00778016 -0.08968648 -0.04227878 -0.05456639 -0.05402194 -0.04273511 0.04999310 -0.00538486 -0.05965860 0.07946141 -0.04293721 -0.08464794 -0.00696106 0.00342736 -0.02180351 0.02855359 0.08407572 0.00822947 0.07619090 -0.01697344 -0.01641471 0.05306465 0.00452573 0.01774930
0.17451183 0.36126795 0.10933679 0.27608571 0.20619142 0.25766854 0.16210361 0.05678984 0.30482159 0.26763442 1.00000000 0.12998067 0.18928495 0.03542298 0.02753126 0.06888599 -0.08813139 -0.02614000 -0.02917363 0.03791753 -0.03372204 -0.03518746 -0.00463284 -0.01927041 -0.01356273 -0.06384502 -0.01147302 0.01237611 -0.08391267 -0.01158021 0.00945613 0.03151462 -0.00806632 0.04610147 -0.06661861 0.01234509 -0.01635535 0.05745988 -0.01531256 0.03005316 0.07486406 -0.04452819 -0.00817514 0.04138739 0.03227899 -0.01296821 0.06123453 0.00664609 0.09152847 0.02337552 0.04569167 0.05229626 -0.09438569 -0.01977422 -0.03440395 -0.05139475 -0.04329214 -0.01959970 -0.08281518 -0.01543191 0.06373314 0.03099784 -0.07517104 -0.05984698 -0.04498862 -0.10070899 -0.05037108 -0.02463194 -0.03953578 -0.05331548 -0.01840490 -0.01292796 -0.01290943 -0.03155346 -0.02212419 -0.00369622 -0.01095419 -0.09506363
0.21738289 0.18682959 0.17635100 0.23851604 0.10132013 0.06162714 0.21735859 0.32007656 0.22987806 0.25014713 0.12998067 1.00000000 0.20594417 0.02521254 -0.00454238 -0.03186061 0.00093410 0.02975309 0.08490379 0.07588222 0.00310341 0.02408383 -0.03662286 -0.06607305 0.04600444 -0.03773276 -0.10912666 -0.01173129 0.04363623 -0.00720941 0.08838782 -0.03132019 -0.03654925 0.04165687 0.00336000 0.05443842 0.03032362 -0.13148572 0.05491193 -0.01085848 0.06472323 0.03489952 0.08862699 0.04927684 0.09381131 0.05588665 0.01035251 0.04976807 0.01151063 0.09688166 0.06019703 0.04597977 -0.07354236 0.05670229 0.00484211 -0.00604730 -0.11011910 -0.10005746 -0.02033120 -0.05587724 0.03709945 -0.03817837 -0.06128132 0.01075962 -0.00368742 0.10924874 0.02545513 0.02324768 -0.04184226 0.02106609 0.06470062 0.07460501 0.02470251 0.06072547 -0.06046122 0.02312401 0.04557232 -0.00080972
0.20177567 0.16756711 0.08139319 0.02765697 0.09692689 0.13007148 0.14497140 0.20668486 0.15444285 0.06927957 0.18928495 0.20594417 1.00000000 0.06915834 0.14720082 0.08170693 0.06226053 0.08834677 0.00042970 0.06124449 0.02268090 0.09500754 0.01985674 -0.05538281 0.13918171 0.02759034 0.05663711 0.06174436 0.02912956 0.03947518 0.02073204 -0.01990206 0.07714032 0.02842643 0.01863377 0.04782852 0.01526311 0.12147384 0.08162324 -0.01060430 -0.03655405 -0.01719840 0.03621617 -0.03217325 0.01352940 -0.04312144 0.01110848 -0.03538138 0.05739454 -0.00172168 0.03322001 0.02507334 -0.01912418 -0.03472647 0.00965670 0.07237062 0.00197843 -0.04088880 -0.06397900 -0.01910946 0.10134898 0.00226846 -0.04666987 0.07223323 0.00960054 0.02722970 -0.03273613 0.06261565 -0.04269184 0.03452138 -0.03007167 0.06634441 -0.03562809 0.12964557 -0.03077963 -0.01121626 -0.00983938 -0.06651324
0.03974735 -0.01132166 0.05086244 0.00707048 0.01343315 0.01885396 0.03660089 0.01619275 0.09678426 0.06060633 0.03542298 0.02521254 0.06915834 1.00000000 0.21831861 0.22310857 0.21297182 0.24217305 0.28718086 0.18395814 0.21258764 0.20111425 0.13681492 0.15951347 0.23922910 0.20485142 0.03852858 0.00934787 0.01449397 0.03094443 0.01675906 -0.08607163 -0.05818355 -0.00950843 -0.02071612 -0.04279133 0.00725198 0.03145573 -0.05423225 0.04668542 -0.03555897 -0.00170587 0.03103598 -0.01588823 -0.01570739 0.07915763 0.00613808 -0.03998988 0.06440367 0.05901469 0.06162601 0.05075184 0.00009405 0.12408839 -0.04954638 0.00657653 0.02189439 0.04304231 -0.05497198 0.03628951 0.01087103 0.02851938 0.02379835 0.10203935 0.01489204 0.01348140 0.11835000 0.04296824 0.05239763 0.03802162 -0.04701887 0.11817173 0.06404679 0.09406265 0.08010407 0.02863401 0.03786624 0.08935396
0.00245607 -0.01339012 0.02699671 0.02065513 -0.06525562 0.00652521 0.04943191 -0.07576331 0.02813711 0.00943175 0.02753126 -0.00454238 0.14720082 0.21831861 1.00000000 0.30951114 0.26741587 0.16769000 0.18569262 0.04799879 0.23530337 0.18366480 0.08244958 0.02921232 0.42390849 0.16862470 0.07304867 -0.01174800 -0.00094044 0.04091618 0.01599327 -0.00904581 0.07853380 0.05627280 -0.03381117 0.02186711 0.00027211 -0.00625346 -0.02638134 0.01308310 0.02115761 -0.08560660 0.03552758 -0.05113535 -0.06230080 0.01208167 0.02370330 -0.05112836 -0.01951990 -0.02897117 0.00557357 -0.03932185 0.04078593 0.01712163 -0.00218282 0.02386779 -0.00322594 0.04295327 0.02269931 0.09884228 0.04337572 -0.03198530 0.02678583 0.02417303 -0.00310399 0.04454194 0.01818366 0.08420146 0.05108217 0.08466997 0.01127674 0.01568831 0.06171500 0.12051121 -0.05048693 -0.02286733 -0.00568059 0.04012388
0.00490666 0.05173661 0.00490878 0.09249989 0.00144433 0.04536438 0.07161113 -0.07235541 0.02157784 0.00666400 0.06888599 -0.03186061 0.08170693 0.22310857 0.30951114 1.00000000 0.23097716 0.22260406 0.20511992 0.16026555 0.28427272 0.19568307 0.20658344 0.03899581 0.26023015 0.27930595 0.05473682 -0.05490047 -0.05136232 0.00399168 0.03325147 0.01495931 -0.04769186 0.01761518 -0.02147188 -0.01590498 0.01472955 -0.03792343 -0.09565149 0.08466116 0.02413084 0.01624059 0.02702261 0.05476335 0.01356057 0.08995224 0.08339074 -0.03249625 0.00414020 0.01239418 -0.00133023 0.00223118 -0.05045133 0.04110189 0.02568652 -0.09978309 0.03363651 -0.02485440 -0.11339830 0.05538771 -0.00904942 -0.01901508 -0.00674147 0.07590571 -0.01445298 0.04062700 0.04191456 0.10791906 -0.00409728 0.02586469 -0.08370817 0.06042894 0.13826533 0.13905007 -0.05739294 -0.02898056 0.01850868 0.01016478
0.00982906 -0.04634111 0.04398344 0.02267535 -0.01698869 -0.04580356 0.03630037 0.03349233 -0.00300277 -0.06537636 -0.08813139 0.00093410 0.06226053 0.21297182 0.26741587 0.23097716 1.00000000 0.23848761 0.27026459 0.04353361 0.23375513 0.23031132 0.11270823 0.14539006 0.20416209 0.23683011 0.00740861 0.00744793 0.04642256 0.03830468 -0.08853369 -0.12189137 -0.02025095 -0.06028274 0.01306718 -0.06161213 -0.00782851 -0.06122872 0.01157265 0.12084155 -0.13650208 0.02788970 0.06366681 -0.00310644 -0.13053945 0.11059599 0.02937038 -0.02845890 0.02189518 -0.03611624 0.02643184 0.01898259 0.00547194 0.10045250 0.01685878 -0.01323801 0.04054420 0.03044771 0.04947641 0.11051441 0.06113139 0.03080441 0.00293902 0.11640451 0.03127706 0.05987266 0.06280160 0.01848351 0.00231512 0.10933174 -0.01623207 0.04720360 0.16919527 0.16255300 -0.01205784 0.04338965 0.04163867 0.09162155
0.04035559 -0.01573018 0.03168286 0.03001688 0.10251520 -0.05416785 0.08162944 0.04147930 0.07918544 -0.02730915 -0.02614000 0.02975309 0.08834677 0.24217305 0.16769000 0.22260406 0.23848761 1.00000000 0.30499507 0.14810587 0.24349907 0.29934306 0.19558220 0.24880271 0.26839346 0.21423555 0.02123426 -0.08805940 0.02047788 -0.02692380 -0.02254260 -0.09118757 -0.06919279 -0.00579490 -0.01706356 -0.08205752 -0.02440572 -0.01265075 -0.07611869 0.01912795 -0.03244797 0.02867061 0.05697916 0.06109050 -0.01880388 0.00546562 0.04585952 -0.01077113 0.07396638 0.04642083 0.05060515 -0.06724197 0.01835760 0.07769214 0.00071430 0.01333946 0.01971697 -0.04985601 -0.04945271 0.07184623 -0.00244194 -0.04874405 0.05199818 0.10520536 -0.01657526 -0.01698677 0.08172642 0.01211461 0.04760087 0.04700493 0.04911941 0.11094491 0.15636808 0.09534247 0.07994428 0.05990625 0.01636591 0.08653816
0.02849007 -0.09482831 0.09186038 0.06617519 -0.00271272 0.01284223 0.03951730 0.06707333 0.13223910 0.04216697 -0.02917363 0.08490379 0.00042970 0.28718086 0.18569262 0.20511992 0.27026459 0.30499507 1.00000000 0.14908018 0.28971340 0.26771943 0.22779953 0.05837230 0.16302477 0.23874948 0.00007181 -0.08586073 0.03759811 0.02232108 0.03480892 -0.08154452 -0.02410669 0.03237079 -0.01993922 0.01518100 0.02974548 0.01163738 0.00454772 0.06391251 0.01111747 0.02532782 0.11923878 0.04309982 0.02688953 0.09759515 0.07832796 0.02753719 0.14657106 0.09526560 0.07702868 0.03227349 -0.04217469 0.08044092 -0.03129503 0.00844294 0.00493968 -0.05734831 -0.04541059 0.06593477 -0.00692400 -0.01527908 0.00682504 0.15885246 -0.03353886 -0.01953949 0.05248690 0.02003658 -0.00630747 0.08434462 -0.00681741 0.05313163 0.12952155 0.07764746 0.04822502 0.05023127 0.02208173 0.19841986
0.02440005 0.02631369 0.04015912 0.07483017 0.03775801 0.04484826 0.08947670 0.08067572 0.07299083 -0.01116206 0.03791753 0.07588222 0.06124449 0.18395814 0.04799879 0.16026555 0.04353361 0.14810587 0.14908018 1.00000000 0.01447234 0.11279518 0.24337644 0.12698769 0.12535011 0.12123065 -0.01862109 0.02335530 -0.00039704 0.02392937 0.02223173 0.03879580 0.01116518 0.03653883 0.06201705 0.00423928 0.01916074 0.11811003 -0.06189000 -0.02636652 -0.00414390 0.03768722 -0.01317943 0.02660248 0.10193638 0.02476144 0.01379866 0.03580288 0.04002805 0.03186022 0.00513019 0.10158433 0.05406402 0.01253453 0.03538787 0.02072400 0.07876473 -0.03350394 -0.00030866 -0.01399348 -0.00242942 -0.00418691 0.01377663 -0.03493599 -0.01634389 -0.03679584 0.05564729 -0.05676159 -0.07287812 -0.01656775 -0.07512592 -0.03101093 -0.06382101 -0.04334646 0.00863941 -0.04006569 -0.02567854 -0.05360505
0.07237925 0.00717907 0.04075675 0.03947101 -0.00882216 -0.03985376 -0.00361049 0.03092505 0.04763937 0.02110057 -0.03372204 0.00310341 0.02268090 0.21258764 0.23530337 0.28427272 0.23375513 0.24349907 0.28971340 0.01447234 1.00000000 0.28469924 0.15966899 0.13212444 0.22091984 0.29272577 -0.01284153 -0.10989239 0.00279552 -0.01499194 -0.00987013 -0.12422497 -0.10184824 0.01318974 -0.10287622 -0.01893536 -0.04045715 -0.08139155 -0.03314094 0.08482985 0.05222254 -0.00393841 0.09782611 0.06305622 -0.06059804 0.07540930 0.09545568 0.02202213 0.08738637 0.02519896 0.06551082 -0.02744004 -0.08030867 0.10994188 -0.01025245 -0.05272902 -0.02156678 -0.02773371 -0.01867316 0.05730644 0.05224667 -0.04255231 0.01609599 0.09822597 0.00928633 0.05954918 0.06502512 0.07283100 0.03215775 0.04718899 -0.01429140 0.15955880 0.16146334 0.11336843 0.04736152 0.09017652 0.06344411 0.14534516
0.06876379 -0.00490725 -0.01180172 0.01938672 0.03463109 -0.01034084 0.04761273 -0.01788267 0.01050999 -0.06380188 -0.03518746 0.02408383 0.09500754 0.20111425 0.18366480 0.19568307 0.23031132 0.29934306 0.26771943 0.11279518 0.28469924 1.00000000 0.25062929 0.18284840 0.16535313 0.22383111 -0.00990087 -0.01522978 0.04739770 0.03566623 -0.03520362 -0.04890765 0.00446893 -0.04811965 -0.01308198 0.00416546 0.02543161 -0.00200220 0.01745754 0.07671634 0.00539699 0.07320230 0.09292122 0.03482429 -0.04479833 0.06127983 0.03842293 -0.00717822 0.01986780 -0.02961756 0.03773437 -0.06021704 -0.01664361 0.01513952 0.01911508 -0.04767597 0.05180452 -0.04663201 0.00707433 0.03434616 0.02666281 -0.01005821 0.02241848 0.06985453 -0.01502109 0.10654702 0.05849501 0.04672644 0.00601676 0.06363875 -0.01707260 0.09110558 0.07085752 0.12698394 0.04843694 0.08754855 0.00807521 0.03726059
-0.03492343 -0.01053754 -0.07525673 -0.04811492 0.04448468 0.05856622 0.00347005 0.00818859 0.00130339 -0.04061043 -0.00463284 -0.03662286 0.01985674 0.13681492 0.08244958 0.20658344 0.11270823 0.19558220 0.22779953 0.24337644 0.15966899 0.25062929 1.00000000 0.25802663 0.12266639 0.18803541 -0.01527302 0.03241685 0.02988190 0.06774066 0.11721523 0.05760979 0.04950529 0.07057969 -0.00788811 -0.03537284 -0.00000811 0.08718479 -0.00605804 0.11503471 -0.03298923 0.07138069 0.13457790 0.07793674 -0.03757789 0.05429282 0.10639100 0.01753951 0.08344545 -0.01783206 0.06519289 0.00353385 -0.02037604 0.01191427 0.10551159 0.00450139 0.03273591 -0.05234756 -0.00866122 0.02107021 0.00223912 0.03090472 0.00208957 0.06450433 0.01579809 -0.00634155 0.04160050 -0.00084152 -0.01879945 0.04322089 0.00321041 0.00460800 0.00823288 0.03647474 0.05675380 0.03550584 0.00102279 0.04491037
-0.01163245 0.05596597 0.09021145 0.00177260 0.07499910 -0.02015687 0.07140707 -0.00058000 0.03208562 0.00536698 -0.01927041 -0.06607305 -0.05538281 0.15951347 0.02921232 0.03899581 0.14539006 0.24880271 0.05837230 0.12698769 0.13212444 0.18284840 0.25802663 1.00000000 0.06495564 0.03127521 -0.02895278 0.00889674 -0.11720541 -0.07625681 -0.07453686 -0.02315679 -0.07481019 -0.05228764 -0.03362247 -0.11521172 -0.00670840 0.06815797 -0.07583132 -0.03563292 0.04194792 0.00245821 -0.06463262 0.02194614 -0.00874360 -0.02562047 -0.04440336 0.05387429 -0.04453403 0.07780969 0.00706893 -0.07754331 0.04757151 -0.00746353 0.07601362 -0.02567957 0.04175850 0.01154890 0.00140495 -0.04729153 0.00058039 -0.02453858 0.06473226 -0.06279316 0.01099490 0.01365271 0.03840262 -0.03412062 0.03763761 0.02101194 0.02854759 -0.00459339 -0.03143235 -0.03458224 0.02067842 -0.00140790 0.02684176 -0.01353784
0.04356641 0.04310159 0.04050211 0.03970363 -0.05877759 0.04695221 0.07076207 0.02990724 0.02138559 0.02755497 -0.01356273 0.04600444 0.13918171 0.23922910 0.42390849 0.26023015 0.20416209 0.26839346 0.16302477 0.12535011 0.22091984 0.16535313 0.12266639 0.06495564 1.00000000 0.22602045 0.09841278 -0.05168508 0.05599323 0.02926592 -0.03095838 -0.04531952 0.00646511 0.13178159 -0.02528657 -0.00417176 -0.03075531 0.00251010 -0.00588548 0.05596059 0.04040672 -0.02301620 -0.01177758 -0.01413760 -0.04121832 0.02685899 0.00493003 -0.04323777 0.01325341 0.04173208 0.00479293 -0.04901512 -0.03418329 0.05751332 -0.05956273 -0.06561892 -0.00268811 -0.00045036 -0.03194971 0.06587873 -0.00780452 -0.05262775 -0.05988346 0.04925409 -0.08095591 0.02864875 0.03112031 -0.00213669 0.07385050 0.01329596 0.03326454 0.05357843 0.10786989 0.14165869 0.02926591 0.01400109 -0.03379999 0.06044123
0.04753870 -0.01804461 0.07514537 -0.00133667 -0.01040486 -0.00643615 0.08240052 -0.02237624 -0.00198724 -0.06404345 -0.06384502 -0.03773276 0.02759034 0.20485142 0.16862470 0.27930595 0.23683011 0.21423555 0.23874948 0.12123065 0.29272577 0.22383111 0.18803541 0.03127521 0.22602045 1.00000000 0.10708243 -0.09894760 -0.01031847 0.00474496 -0.02549451 0.00486326 -0.01451469 -0.00277804 -0.01182701 -0.04911300 -0.00326910 0.02798586 -0.14346096 0.05600873 -0.03959592 -0.02872851 0.03780124 0.03617987 -0.02571286 0.02798433 0.07252531 -0.04705745 0.00045198 -0.03355741 0.01212660 0.04361150 -0.07492235 0.00320143 -0.06508455 -0.04448811 0.01720248 -0.02039342 -0.08728885 0.04304908 -0.05681998 0.00117015 -0.04507348 -0.02956165 -0.03863225 0.04774098 0.02431396 0.10514711 -0.01293401 0.04878217 0.01033897 0.05269463 0.12761355 0.09926657 0.01869836 0.03939088 0.01904465 0.04407737
0.03188795 0.02596249 -0.00765813 -0.05853571 -0.08520972 -0.07740810 -0.08251893 -0.02699889 0.01268963 -0.08178429 -0.01147302 -0.10912666 0.05663711 0.03852858 0.07304867 0.05473682 0.00740861 0.02123426 0.00007181 -0.01862109 -0.01284153 -0.00990087 -0.01527302 -0.02895278 0.09841278 0.10708243 1.00000000 0.03025316 0.03720665 0.12652209 0.10751437 0.11301451 0.01568568 0.15042382 0.14919414 0.07000624 0.14076033 0.25262339 0.12899250 0.06723048 0.04792533 -0.09918062 -0.02232564 0.02229550 -0.02766034 0.00143474 0.05973803 0.02018135 0.03742575 -0.01012227 0.04638776 0.02813751 0.01097256 0.04862931 0.02444180 0.03517358 0.06110945 0.10001167 -0.03666827 0.08431030 0.05099121 0.02885195 0.00746943 0.06185054 -0.03907313 0.06429761 -0.03189034 0.00545683 0.05372929 -0.06479576 -0.05247081 -0.02497106 0.06465908 0.02934345 -0.02364944 -0.08986483 -0.05985547 0.03068910
-0.01906709 0.12012554 -0.03957361 -0.08865869 -0.04588609 -0.03356384 -0.04697426 0.04142942 -0.07096889 -0.11196317 0.01237611 -0.01173129 0.06174436 0.00934787 -0.01174800 -0.05490047 0.00744793 -0.08805940 -0.08586073 0.02335530 -0.10989239 -0.01522978 0.03241685 0.00889674 -0.05168508 -0.09894760 0.03025316 1.00000000 0.09863230 0.22088139 -0.03351822 0.11540634 0.23113010 0.08905459 0.16484786 0.13601856 0.12934967 0.19798057 0.09525877 -0.05985581 -0.11411420 -0.01394884 -0.08517507 -0.04089047 -0.09279980 -0.09426727 -0.08236051 0.03620011 -0.09042094 -0.18240242 -0.00235692 -0.05366231 0.14247112 0.06680396 0.02790902 0.11766989 0.12205285 0.09621318 0.10668372 -0.02479690 0.06258995 0.11344814 0.04508240 -0.03185435 0.09053869 -0.02008669 -0.08019673 -0.02485457 -0.00690343 -0.05347931 -0.12198268 -0.03758625 -0.12503220 -0.07944605 -0.03720864 -0.04857677 -0.09213089 -0.09846618
-0.02989219 -0.07313829 0.02161998 0.01904121 -0.09897999 -0.07208344 -0.04064767 0.04881008 -0.00434825 0.02522892 -0.08391267 0.04363623 0.02912956 0.01449397 -0.00094044 -0.05136232 0.04642256 0.02047788 0.03759811 -0.00039704 0.00279552 0.04739770 0.02988190 -0.11720541 0.05599323 -0.01031847 0.03720665 0.09863230 1.00000000 0.19347795 0.15638000 -0.00749711 0.19318567 0.08375640 0.17761419 0.17060675 0.14109878 0.09096682 0.19992793 0.08349128 -0.01929628 0.04587878 0.05968929 0.05047304 0.08778117 0.10451673 0.03449226 0.07319681 0.12936275 -0.00828972 0.04643177 0.01212867 0.02582163 0.08855305 0.01086186 0.00448911 -0.01591832 -0.05683147 -0.00879849 -0.10369451 0.03752364 0.00381322 -0.06727232 0.06734138 -0.04660729 -0.01650625 -0.06201105 -0.05021320 -0.03097960 -0.03704882 0.06878844 -0.00288148 0.04786105 0.07817136 0.02085684 0.04435461 -0.01274848 0.05772401
0.00357957 0.09027952 -0.00547701 0.02689031 -0.04645439 -0.08127660 -0.00551467 -0.01993986 0.02519355 -0.01894965 -0.01158021 -0.00720941 0.03947518 0.03094443 0.04091618 0.00399168 0.03830468 -0.02692380 0.02232108 0.02392937 -0.01499194 0.03566623 0.06774066 -0.07625681 0.02926592 0.00474496 0.12652209 0.22088139 0.19347795 1.00000000 0.13177109 0.14540348 0.16800541 0.23849375 0.10391126 0.25333096 0.01811473 0.18819114 0.12385741 0.07381787 -0.02225721 0.07414977 0.00126208 0.04715061 -0.03119497 -0.00638520 -0.03778621 0.07473784 0.07140919 0.06399182 0.02449701 0.05096207 0.03361500 0.02922655 0.04651916 0.06439542 0.00294410 0.04938588 0.03867828 0.00499767 0.04389325 0.07443928 0.01182781 0.07594322 -0.05719812 -0.05226634 -0.07756544 -0.03011285 0.01447951 -0.02992996 -0.01741490 -0.04481193 -0.07938064 -0.00004364 0.01256720 -0.00778789 -0.10371051 0.04702851
0.02675686 -0.00871232 0.02149859 0.09360396 0.05799255 -0.01382063 -0.02774545 0.07505137 0.12758650 0.10823481 0.00945613 0.08838782 0.02073204 0.01675906 0.01599327 0.03325147 -0.08853369 -0.02254260 0.03480892 0.02223173 -0.00987013 -0.03520362 0.11721523 -0.07453686 -0.03095838 -0.02549451 0.10751437 -0.03351822 0.15638000 0.13177109 1.00000000 0.13467942 0.05504914 0.15497014 0.03121648 0.19260851 0.03832168 0.07442199 0.15933833 0.08478060 0.04874884 0.06789487 0.10915698 0.04237507 -0.01626891 0.11385643 0.03769676 0.05356592 0.09000955 0.07747612 0.06604898 0.02303741 -0.02372806 0.02048426 -0.02532947 -0.04881281 -0.01133599 -0.03978572 -0.06801339 0.05172697 0.03281412 -0.01583958 -0.05891664 0.04674506 -0.03780929 0.00122982 0.00641614 0.01223650 -0.07301885 0.03587312 0.01827011 0.05902342 0.01579846 -0.04867194 0.00275113 0.02495798 0.05255624 0.00527019
0.00572423 0.14188469 -0.03635966 -0.07153464 0.04254783 0.02553943 0.04538947 -0.06421953 -0.04466481 -0.09342691 0.03151462 -0.03132019 -0.01990206 -0.08607163 -0.00904581 0.01495931 -0.12189137 -0.09118757 -0.08154452 0.03879580 -0.12422497 -0.04890765 0.05760979 -0.02315679 -0.04531952 0.00486326 0.11301451 0.11540634 -0.00749711 0.14540348 0.13467942 1.00000000 0.09295170 0.14918744 0.12832599 0.14651305 0.26786919 0.23943867 0.01446312 -0.04454971 0.02972874 -0.01549673 0.04232006 0.00055281 -0.00534686 -0.05384104 -0.04238200 0.01290658 -0.03353728 -0.09700041 0.04913245 0.06446105 0.03337139 0.04763503 0.01673576 0.01231443 0.01624078 0.04599241 0.01332054 -0.05157423 -0.01636021 -0.01924905 -0.03377347 0.00657368 -0.00497364 0.02201034 0.00368558 0.09730832 -0.02996278 -0.04908134 -0.07943365 -0.07900839 -0.07459906 -0.01236130 -0.03199312 -0.01362423 -0.01966932 -0.08277530
0.04677272 -0.00835234 -0.05601845 -0.07483663 0.00087529 0.02578932 0.05308870 -0.00931258 -0.01448831 -0.08046074 -0.00806632 -0.03654925 0.07714032 -0.05818355 0.07853380 -0.04769186 -0.02025095 -0.06919279 -0.02410669 0.01116518 -0.10184824 0.00446893 0.04950529 -0.07481019 0.00646511 -0.01451469 0.01568568 0.23113010 0.19318567 0.16800541 0.05504914 0.09295170 1.00000000 0.03150054 0.17016489 0.16901433 0.07732608 0.31860493 0.25834775 0.02496994 -0.01136832 -0.01469067 0.04056074 -0.00224317 -0.01676205 -0.06373452 -0.06463091 0.05179926 0.03005570 -0.00480214 0.02736156 0.01529964 0.11289864 0.10365305 0.06073342 0.04615058 -0.04333810 0.07436719 0.08065049 0.00620669 0.05088652 0.12693587 -0.06592159 0.09879398 0.05712176 -0.04375668 -0.03081291 -0.02944951 -0.00594070 -0.06665646 -0.01291015 -0.01757186 -0.08766749 0.04891474 0.00184329 0.03309900 -0.00403111 -0.01720499
-0.04152059 0.02303894 -0.07001414 0.04513218 -0.02012463 -0.03559064 0.01026064 0.03345200 0.00464537 0.03841972 0.04610147 0.04165687 0.02842643 -0.00950843 0.05627280 0.01761518 -0.06028274 -0.00579490 0.03237079 0.03653883 0.01318974 -0.04811965 0.07057969 -0.05228764 0.13178159 -0.00277804 0.15042382 0.08905459 0.08375640 0.23849375 0.15497014 0.14918744 0.03150054 1.00000000 0.08397245 0.21474513 0.04071442 0.20829022 0.05503851 0.05097116 0.01192332 -0.00249139 0.00864949 0.03753996 0.04523199 0.00592749 0.02639407 0.07385438 0.05447300 -0.00715650 0.03245773 0.01532516 -0.00322250 0.03208174 0.02304049 -0.03516743 -0.00438238 -0.01074150 -0.07108688 -0.01638859 -0.00354932 0.03592595 -0.08049753 0.03728910 -0.03221850 -0.01799804 0.00047296 0.00658203 -0.00287912 -0.01920464 0.04602054 0.03157435 0.00095469 -0.05021394 0.04140718 -0.02597987 0.03336309 -0.00634076
-0.00138047 -0.00004050 0.01866556 -0.08139468 -0.01238465 -0.03133917 0.07746967 0.00867066 -0.04072755 -0.05607234 -0.06661861 0.00336000 0.01863377 -0.02071612 -0.03381117 -0.02147188 0.01306718 -0.01706356 -0.01993922 0.06201705 -0.10287622 -0.01308198 -0.00788811 -0.03362247 -0.02528657 -0.01182701 0.14919414 0.16484786 0.17761419 0.10391126 0.03121648 0.12832599 0.17016489 0.08397245 1.00000000 0.04223892 0.21162541 0.17157988 0.17084353 -0.00487111 -0.12644387 -0.01854163 -0.01140127 -0.05680691 -0.01962513 -0.02294967 0.00207820 -0.02671973 -0.08266489 -0.07676924 0.05644004 -0.01434802 0.05407247 0.07676600 0.08863060 0.09004109 0.07650135 0.06384777 0.04391770 -0.02360204 -0.06097580 0.10289269 -0.04455988 -0.00076187 0.04578105 0.00766734 -0.00294085 -0.01550769 -0.08011311 -0.03975415 -0.03005637 0.00229590 -0.04720328 0.03096263 0.03686525 0.00777860 -0.04968536 -0.03364649
0.03187476 -0.03011681 -0.00563095 0.02405194 -0.03049768 -0.00927881 -0.05783121 0.01437057 0.07769986 0.04398933 0.01234509 0.05443842 0.04782852 -0.04279133 0.02186711 -0.01590498 -0.06161213 -0.08205752 0.01518100 0.00423928 -0.01893536 0.00416546 -0.03537284 -0.11521172 -0.00417176 -0.04911300 0.07000624 0.13601856 0.17060675 0.25333096 0.19260851 0.14651305 0.16901433 0.21474513 0.04223892 1.00000000 0.14620382 0.12985921 0.23032280 0.02125765 0.03879780 -0.09459817 -0.03656933 -0.00483786 0.02726148 -0.02350768 -0.05570703 0.02429965 0.06077554 0.00082684 -0.04287597 -0.05391119 -0.01465715 0.01858635 0.06422771 -0.09025225 -0.07722923 -0.03163831 -0.06885281 -0.12530512 -0.00442471 -0.03020307 -0.03903485 0.05739576 -0.05311335 0.03003561 -0.00666015 0.04054760 -0.05717206 -0.03831196 0.07742009 -0.01580955 -0.00367911 -0.05533088 -0.01181861 0.02868028 -0.00723813 -0.07753967
0.02777069 0.08802152 0.03512491 -0.00004857 0.02973675 -0.03911653 0.01173283 0.03322526 -0.00570384 -0.05371622 -0.01635535 0.03032362 0.01526311 0.00725198 0.00027211 0.01472955 -0.00782851 -0.02440572 0.02974548 0.01916074 -0.04045715 0.02543161 -0.00000811 -0.00670840 -0.03075531 -0.00326910 0.14076033 0.12934967 0.14109878 0.01811473 0.03832168 0.26786919 0.07732608 0.04071442 0.21162541 0.14620382 1.00000000 0.09674942 0.15187156 0.00031048 -0.00570722 -0.00665480 0.11010565 0.00925322 0.03811509 0.07236252 0.01448422 -0.00717784 0.00684753 -0.12218359 -0.05640559 -0.05774858 0.01812859 0.06319957 0.05078069 0.00452859 -0.01124079 0.00292592 -0.03193863 0.00862574 -0.02967863 0.01245387 -0.03589154 -0.13390103 -0.10766913 0.09920147 -0.05184123 0.04591160 -0.10282711 -0.04837920 -0.00768073 -0.04988792 0.01269402 0.07322205 -0.01281309 -0.03259525 -0.00096754 -0.01485665
0.06000877 0.05893793 -0.07976985 -0.00690070 0.04194545 -0.03355195 0.12778022 -0.01208246 -0.00821254 -0.12518999 0.05745988 -0.13148572 0.12147384 0.03145573 -0.00625346 -0.03792343 -0.06122872 -0.01265075 0.01163738 0.11811003 -0.08139155 -0.00200220 0.08718479 0.06815797 0.00251010 0.02798586 0.25262339 0.19798057 0.09096682 0.18819114 0.07442199 0.23943867 0.31860493 0.20829022 0.17157988 0.12985921 0.09674942 1.00000000 0.04083238 -0.04716614 0.00158148 -0.09267583 -0.04704606 0.02817888 -0.00731556 -0.13440970 -0.09961393 0.04654663 0.00350007 -0.08021643 0.04537130 0.05674241 0.13781773 0.04403288 0.08097496 0.06442942 0.06197587 0.08490172 0.02287691 -0.05743964 0.05921308 0.09169564 0.05617945 0.05424493 -0.00661334 -0.05932474 -0.01479061 -0.01496404 -0.00679630 -0.03135144 -0.07900492 -0.07975549 -0.16482031 -0.05356863 0.02647977 -0.00651549 -0.09183831 -0.09376456
0.05661911 -0.02764900 0.00932839 -0.04523864 -0.05560647 -0.05061145 -0.04150603 0.07589459 0.01288206 0.05313751 -0.01531256 0.05491193 0.08162324 -0.05423225 -0.02638134 -0.09565149 0.01157265 -0.07611869 0.00454772 -0.06189000 -0.03314094 0.01745754 -0.00605804 -0.07583132 -0.00588548 -0.14346096 0.12899250 0.09525877 0.19992793 0.12385741 0.15933833 0.01446312 0.25834775 0.05503851 0.17084353 0.23032280 0.15187156 0.04083238 1.00000000 0.07907962 -0.01521474 -0.00636657 0.08480246 0.01102988 -0.02222618 0.03748160 0.00440277 0.00761512 0.03907143 0.03632021 0.02590191 -0.00284705 0.04076839 0.16655385 0.08158169 0.00233131 0.01079305 0.05893772 0.08698829 0.00703040 0.10786982 0.06306310 0.00252818 0.09698388 0.01759243 0.02237859 -0.03308972 -0.05067643 -0.00596189 -0.02565650 0.06327852 0.03132648 0.01298967 0.06614017 0.03726138 0.00880620 -0.00657928 0.04963345
0.11249914 -0.00537971 0.01314107 0.03469235 0.08007558 0.05714788 -0.00623970 0.04603251 0.07996432 0.06847126 0.03005316 -0.01085848 -0.01060430 0.04668542 0.01308310 0.08466116 0.12084155 0.01912795 0.06391251 -0.02636652 0.08482985 0.07671634 0.11503471 -0.03563292 0.05596059 0.05600873 0.06723048 -0.05985581 0.08349128 0.07381787 0.08478060 -0.04454971 0.02496994 0.05097116 -0.00487111 0.02125765 0.00031048 -0.04716614 0.07907962 1.00000000 0.19626775 0.22436567 0.27281316 0.29843538 0.07000167 0.28270018 0.18139762 0.27782648 0.22261402 0.26518389 0.20778018 0.23059620 -0.09099345 -0.00675504 0.04236286 0.02105822 -0.00423513 -0.00531122 -0.03469638 0.10362959 0.08019315 0.05171925 0.03903982 0.14004856 0.06099613 -0.06253723 0.01972940 -0.02202396 -0.10761192 0.00216705 0.00249299 0.06951872 0.05536544 0.02315065 -0.05056809 0.04894221 -0.02071465 0.05854124
0.10258113 0.08439981 0.00162288 0.06631263 0.02963206 0.02999680 0.01043728 0.08604268 0.13284115 0.12156339 0.07486406 0.06472323 -0.03655405 -0.03555897 0.02115761 0.02413084 -0.13650208 -0.03244797 0.01111747 -0.00414390 0.05222254 0.00539699 -0.03298923 0.04194792 0.04040672 -0.03959592 0.04792533 -0.11411420 -0.01929628 -0.02225721 0.04874884 0.02972874 -0.01136832 0.01192332 -0.12644387 0.03879780 -0.00570722 0.00158148 -0.01521474 0.19626775 1.00000000 0.08025317 0.04083720 0.20788700 0.32184550 0.15478188 0.17451011 0.23585869 0.12040887 0.36772573 0.14370598 0.13664256 -0.05145250 -0.02899316 0.01019860 -0.01970892 -0.02617254 0.03540780 0.01195561 0.02853457 0.02327907 -0.01161715 0.04112704 -0.05842893 -0.04019222 -0.02725036 0.05842252 0.10370327 -0.00047785 0.00776036 -0.03774730 0.01616563 -0.05250949 -0.05012456 -0.04260956 0.02082920 -0.10111491 0.07985712
0.00334495 0.01205592 -0.04166736 0.00511999 0.04938742 0.07606522 -0.05668395 0.05569171 0.00759629 0.04978804 -0.04452819 0.03489952 -0.01719840 -0.00170587 -0.08560660 0.01624059 0.02788970 0.02867061 0.02532782 0.03768722 -0.00393841 0.07320230 0.07138069 0.00245821 -0.02301620 -0.02872851 -0.09918062 -0.01394884 0.04587878 0.07414977 0.06789487 -0.01549673 -0.01469067 -0.00249139 -0.01854163 -0.09459817 -0.00665480 -0.09267583 -0.00636657 0.22436567 0.08025317 1.00000000 0.28881608 0.15642874 0.18985953 0.24030202 0.24052125 0.14033268 0.17236570 0.14751248 0.21615029 0.20268130 0.04477356 -0.02663527 0.06209541 0.01821887 -0.00359917 -0.03878661 0.01652265 0.06843987 0.00935679 0.09139494 0.01567385 0.08276404 0.06341829 -0.00030376 0.00452470 -0.06775530 -0.02787847 -0.00839689 -0.00943410 0.05228317 -0.03221532 0.04025914 0.00898468 0.17105237 -0.00020852 0.01958855
0.08774384 -0.00565556 0.01191796 0.09790032 0.10210086 0.09079952 0.04041845 0.10630485 0.12062165 0.06798108 -0.00817514 0.08862699 0.03621617 0.03103598 0.03552758 0.02702261 0.06366681 0.05697916 0.11923878 -0.01317943 0.09782611 0.09292122 0.13457790 -0.06463262 -0.01177758 0.03780124 -0.02232564 -0.08517507 0.05968929 0.00126208 0.10915698 0.04232006 0.04056074 0.00864949 -0.01140127 -0.03656933 0.11010565 -0.04704606 0.08480246 0.27281316 0.04083720 0.28881608 1.00000000 0.21748794 0.09489160 0.31628480 0.20469996 0.16026760 0.31469372 0.16999249 0.27373732 0.05618878 -0.08638733 0.03820053 0.07777281 -0.03717263 -0.06320125 -0.01735678 0.00802657 0.04166210 0.04117078 0.02841849 -0.05767173 0.11532362 -0.01261899 0.05400189 0.05877065 -0.03096659 -0.09090324 -0.01960921 0.07693167 0.08487895 0.05442747 0.08279926 -0.01413210 0.02776129 0.07157985 0.02687873
0.13072556 0.04320906 -0.01614082 -0.01790236 0.07473273 -0.01429630 0.04957243 0.10311629 0.04451236 0.03292116 0.04138739 0.04927684 -0.03217325 -0.01588823 -0.05113535 0.05476335 -0.00310644 0.06109050 0.04309982 0.02660248 0.06305622 0.03482429 0.07793674 0.02194614 -0.01413760 0.03617987 0.02229550 -0.04089047 0.05047304 0.04715061 0.04237507 0.00055281 -0.00224317 0.03753996 -0.05680691 -0.00483786 0.00925322 0.02817888 0.01102988 0.29843538 0.20788700 0.15642874 0.21748794 1.00000000 0.38297755 0.29698232 0.04347384 0.25882475 0.19843364 0.34346028 0.11545028 0.18029173 -0.05932284 0.07213204 0.06762096 0.00071388 -0.05089264 0.06370872 -0.02982178 0.05470953 0.07790631 0.05221131 0.04470527 0.08716783 0.04047412 -0.13891887 0.00516260 -0.02412864 -0.16516279 -0.02225796 -0.02750015 0.00673150 0.04619529 -0.05760920 -0.04674928 -0.00032979 -0.03462026 0.02174309
0.02982281 0.00630027 -0.03575567 -0.01755819 0.04568453 -0.04299038 0.07378686 0.06410014 0.00052913 0.04722714 0.03227899 0.09381131 0.01352940 -0.01570739 -0.06230080 0.01356057 -0.13053945 -0.01880388 0.02688953 0.10193638 -0.06059804 -0.04479833 -0.03757789 -0.00874360 -0.04121832 -0.02571286 -0.02766034 -0.09279980 0.08778117 -0.03119497 -0.01626891 -0.00534686 -0.01676205 0.04523199 -0.01962513 0.02726148 0.03811509 -0.00731556 -0.02222618 0.07000167 0.32184550 0.18985953 0.09489160 0.38297755 1.00000000 0.22417318 0.17065449 0.24045130 0.13560297 0.25514079 0.10326491 0.21555645 -0.07218243 -0.03685225 0.06469401 -0.04193118 0.00060476 -0.04930173 -0.03065211 -0.05563807 -0.04047744 -0.00332192 0.01071167 -0.04910131 -0.02688416 -0.08135214 0.05026670 -0.00518129 -0.11036124 -0.01364606 -0.01447767 -0.00099372 -0.06459202 -0.08707295 -0.00544834 0.01178634 -0.02669627 -0.04947057
0.04260844 0.01032858 0.00248483 0.00767980 -0.02784468 0.02205873 -0.09872070 0.01602359 0.02999673 0.07592199 -0.01296821 0.05588665 -0.04312144 0.07915763 0.01208167 0.08995224 0.11059599 0.00546562 0.09759515 0.02476144 0.07540930 0.06127983 0.05429282 -0.02562047 0.02685899 0.02798433 0.00143474 -0.09426727 0.10451673 -0.00638520 0.11385643 -0.05384104 -0.06373452 0.00592749 -0.02294967 -0.02350768 0.07236252 -0.13440970 0.03748160 0.28270018 0.15478188 0.24030202 0.31628480 0.29698232 0.22417318 1.00000000 0.23664963 0.12980286 0.35525634 0.31001940 0.20687482 0.18337318 -0.15820863 -0.01274417 -0.00629646 -0.04280706 -0.10623414 -0.03384697 -0.10756067 0.10505448 0.06317974 0.02064972 -0.14449270 0.06449981 -0.00866818 0.00114832 0.01187901 -0.04960488 -0.03311957 0.05597759 0.05369544 0.05426811 0.13713893 0.04757018 -0.05672106 0.02778534 0.02403047 0.11583425
-0.04927234 -0.00897403 0.00971573 -0.01797678 0.05192152 0.10914418 -0.01084373 0.06529378 0.12763386 0.08201397 0.06123453 0.01035251 0.01110848 0.00613808 0.02370330 0.08339074 0.02937038 0.04585952 0.07832796 0.01379866 0.09545568 0.03842293 0.10639100 -0.04440336 0.00493003 0.07252531 0.05973803 -0.08236051 0.03449226 -0.03778621 0.03769676 -0.04238200 -0.06463091 0.02639407 0.00207820 -0.05570703 0.01448422 -0.09961393 0.00440277 0.18139762 0.17451011 0.24052125 0.20469996 0.04347384 0.17065449 0.23664963 1.00000000 0.10948633 0.11386820 0.08375875 0.28066988 0.24088127 -0.03092298 -0.00682393 0.03414282 -0.03865097 0.02358782 0.05967843 0.07338787 0.02673914 0.01361738 0.05925909 -0.05168081 0.05000996 0.07999189 0.02939553 0.02886392 -0.06068897 -0.03207003 0.03103263 0.00824556 0.07713929 0.05953759 0.01563806 -0.00253952 0.07313837 0.01141962 0.03921043
0.14767610 0.01180718 0.01820360 -0.04387108 -0.00441301 -0.06660822 0.01833285 0.08698469 0.08550000 0.03071320 0.00664609 0.04976807 -0.03538138 -0.03998988 -0.05112836 -0.03249625 -0.02845890 -0.01077113 0.02753719 0.03580288 0.02202213 -0.00717822 0.01753951 0.05387429 -0.04323777 -0.04705745 0.02018135 0.03620011 0.07319681 0.07473784 0.05356592 0.01290658 0.05179926 0.07385438 -0.02671973 0.02429965 -0.00717784 0.04654663 0.00761512 0.27782648 0.23585869 0.14033268 0.16026760 0.25882475 0.24045130 0.12980286 0.10948633 1.00000000 0.30720905 0.22895388 0.18710273 0.13025490 0.04337816 0.03664667 0.00947135 0.10143791 -0.06172284 0.01593288 -0.01318163 -0.03297270 0.00187125 0.03869949 0.07665504 0.03368955 0.02675047 -0.00933970 0.00227581 0.01342665 -0.01372885 0.01079376 -0.00872006 0.01124587 -0.07305074 0.00005229 0.02848783 0.01359745 0.01554847 0.05963926
0.11461568 0.01379639 0.05789049 0.07848719 0.00393554 0.00935223 -0.01161071 0.08083312 0.17402970 0.12049822 0.09152847 0.01151063 0.05739454 0.06440367 -0.01951990 0.00414020 0.02189518 0.07396638 0.14657106 0.04002805 0.08738637 0.01986780 0.08344545 -0.04453403 0.01325341 0.00045198 0.03742575 -0.09042094 0.12936275 0.07140919 0.09000955 -0.03353728 0.03005570 0.05447300 -0.08266489 0.06077554 0.00684753 0.00350007 0.03907143 0.22261402 0.12040887 0.17236570 0.31469372 0.19843364 0.13560297 0.35525634 0.11386820 0.30720905 1.00000000 0.28865905 0.34416778 0.17252861 -0.07276219 -0.02333875 0.08189899 0.03908071 -0.13738548 -0.14131719 -0.05301506 0.01431069 0.06514759 0.01592718 -0.03454283 0.15002938 -0.04573010 -0.09170660 0.03229729 -0.08377898 -0.03372704 -0.02234340 0.04964856 -0.01902330 0.03318240 0.08607940 -0.04210875 0.08187079 -0.06197576 0.13760448
0.19342519 -0.02467853 0.08134733 0.06052226 0.01897020 0.03220375 0.02556679 0.07328151 0.14308183 0.17079707 0.02337552 0.09688166 -0.00172168 0.05901469 -0.02897117 0.01239418 -0.03611624 0.04642083 0.09526560 0.03186022 0.02519896 -0.02961756 -0.01783206 0.07780969 0.04173208 -0.03355741 -0.01012227 -0.18240242 -0.00828972 0.06399182 0.07747612 -0.09700041 -0.00480214 -0.00715650 -0.07676924 0.00082684 -0.12218359 -0.08021643 0.03632021 0.26518389 0.36772573 0.14751248 0.16999249 0.34346028 0.25514079 0.31001940 0.08375875 0.22895388 0.28865905 1.00000000 0.14920277 0.25180282 -0.05360209 -0.00230424 0.04849233 0.03828750 -0.17351429 -0.07472510 -0.00112823 -0.02431433 0.02384421 0.01919473 -0.02985415 0.08796018 -0.04193341 -0.09578067 0.04762150 -0.04314037 -0.03890728 0.07007084 0.04072679 0.03438217 0.02726439 -0.03962265 -0.06211555 0.09029500 -0.05350406 0.10791245
0.12880565 0.00598574 0.07940490 0.03906754 0.09730542 0.04719334 -0.00024553 0.06706073 0.13264116 0.10120807 0.04569167 0.06019703 0.03322001 0.06162601 0.00557357 -0.00133023 0.02643184 0.05060515 0.07702868 0.00513019 0.06551082 0.03773437 0.06519289 0.00706893 0.00479293 0.01212660 0.04638776 -0.00235692 0.04643177 0.02449701 0.06604898 0.04913245 0.02736156 0.03245773 0.05644004 -0.04287597 -0.05640559 0.04537130 0.02590191 0.20778018 0.14370598 0.21615029 0.27373732 0.11545028 0.10326491 0.20687482 0.28066988 0.18710273 0.34416778 0.14920277 1.00000000 0.18949635 -0.00249516 0.06449737 0.06853826 0.05028321 -0.02301515 -0.05520439 0.04254220 0.05071968 0.09717158 0.04597080 -0.06387250 0.14961796 0.11330430 -0.04299894 0.10286174 -0.08135949 -0.00616689 -0.03532960 -0.01035249 0.08277290 0.01777585 0.04717965 0.03309556 0.05930924 0.02485244 0.04153229
0.07737033 0.01301503 -0.00185917 0.00603200 0.05379815 0.04567757 -0.00276726 0.02517340 0.08655763 0.02681627 0.05229626 0.04597977 0.02507334 0.05075184 -0.03932185 0.00223118 0.01898259 -0.06724197 0.03227349 0.10158433 -0.02744004 -0.06021704 0.00353385 -0.07754331 -0.04901512 0.04361150 0.02813751 -0.05366231 0.01212867 0.05096207 0.02303741 0.06446105 0.01529964 0.01532516 -0.01434802 -0.05391119 -0.05774858 0.05674241 -0.00284705 0.23059620 0.13664256 0.20268130 0.05618878 0.18029173 0.21555645 0.18337318 0.24088127 0.13025490 0.17252861 0.25180282 0.18949635 1.00000000 0.00500478 -0.02737814 0.04685426 0.10896783 -0.04265451 0.03452046 0.04736835 0.02467371 0.04684249 0.09360407 0.00153354 0.08420865 0.07462405 -0.00142059 0.01158362 -0.02622010 -0.05373056 -0.02780124 -0.03797352 -0.03451756 -0.05127013 0.02244449 -0.00087193 0.08559625 0.02198109 -0.02402664
-0.09176934 -0.01763789 -0.07330489 -0.01640331 -0.03751422 -0.13828723 -0.01365292 -0.13091708 -0.11718248 -0.06260452 -0.09438569 -0.07354236 -0.01912418 0.00009405 0.04078593 -0.05045133 0.00547194 0.01835760 -0.04217469 0.05406402 -0.08030867 -0.01664361 -0.02037604 0.04757151 -0.03418329 -0.07492235 0.01097256 0.14247112 0.02582163 0.03361500 -0.02372806 0.03337139 0.11289864 -0.00322250 0.05407247 -0.01465715 0.01812859 0.13781773 0.04076839 -0.09099345 -0.05145250 0.04477356 -0.08638733 -0.05932284 -0.07218243 -0.15820863 -0.03092298 0.04337816 -0.07276219 -0.05360209 -0.00249516 0.00500478 1.00000000 0.27700951 0.14131926 0.26666714 0.25969446 0.15308701 0.23013086 0.07117654 0.14182203 0.16096588 0.29378345 0.09850286 0.14488178 0.01111889 -0.12522378 -0.16742689 0.04760085 -0.00885089 -0.15593796 -0.08941998 -0.18100587 -0.13101382 -0.03760860 -0.02862799 -0.05772504 -0.03768703
0.03616722 0.03193629 0.00299253 0.02342175 -0.03767033 -0.08244955 -0.02871076 0.03023826 0.01475455 0.04862007 -0.01977422 0.05670229 -0.03472647 0.12408839 0.01712163 0.04110189 0.10045250 0.07769214 0.08044092 0.01253453 0.10994188 0.01513952 0.01191427 -0.00746353 0.05751332 0.00320143 0.04862931 0.06680396 0.08855305 0.02922655 0.02048426 0.04763503 0.10365305 0.03208174 0.07676600 0.01858635 0.06319957 0.04403288 0.16655385 -0.00675504 -0.02899316 -0.02663527 0.03820053 0.07213204 -0.03685225 -0.01274417 -0.00682393 0.03664667 -0.02333875 -0.00230424 0.06449737 -0.02737814 0.27700951 1.00000000 0.24196126 0.25134519 0.15929836 0.20890865 0.19172456 0.04694709 0.26229679 0.12543075 0.06602927 0.32968855 0.10443727 -0.01340779 -0.05046900 -0.03602244 -0.00954427 0.02135089 -0.10738201 -0.01761119 -0.05214443 0.01820554 -0.04485480 -0.05112575 0.05262526 -0.00871166
0.07084891 -0.05830096 -0.07153066 0.05171575 -0.00103993 -0.09237476 0.00202529 0.00173678 0.04704318 -0.00778016 -0.03440395 0.00484211 0.00965670 -0.04954638 -0.00218282 0.02568652 0.01685878 0.00071430 -0.03129503 0.03538787 -0.01025245 0.01911508 0.10551159 0.07601362 -0.05956273 -0.06508455 0.02444180 0.02790902 0.01086186 0.04651916 -0.02532947 0.01673576 0.06073342 0.02304049 0.08863060 0.06422771 0.05078069 0.08097496 0.08158169 0.04236286 0.01019860 0.06209541 0.07777281 0.06762096 0.06469401 -0.00629646 0.03414282 0.00947135 0.08189899 0.04849233 0.06853826 0.04685426 0.14131926 0.24196126 1.00000000 0.05624413 0.04296574 0.16231086 0.22778064 0.10452084 0.16447395 0.23678076 0.09917269 0.14792132 0.09358638 -0.01281804 -0.03975050 -0.11607277 -0.02058593 -0.03383657 -0.01506929 -0.06789764 -0.04940868 -0.00539262 -0.08159738 0.01922299 -0.00925222 -0.05640357
0.01728936 -0.04115636 -0.01324341 -0.12888184 -0.09603361 -0.10217241 -0.05643876 -0.05872411 -0.03361362 -0.08968648 -0.05139475 -0.00604730 0.07237062 0.00657653 0.02386779 -0.09978309 -0.01323801 0.01333946 0.00844294 0.02072400 -0.05272902 -0.04767597 0.00450139 -0.02567957 -0.06561892 -0.04448811 0.03517358 0.11766989 0.00448911 0.06439542 -0.04881281 0.01231443 0.04615058 -0.03516743 0.09004109 -0.09025225 0.00452859 0.06442942 0.00233131 0.02105822 -0.01970892 0.01821887 -0.03717263 0.00071388 -0.04193118 -0.04280706 -0.03865097 0.10143791 0.03908071 0.03828750 0.05028321 0.10896783 0.26666714 0.25134519 0.05624413 1.00000000 0.16278041 0.16967941 0.17598992 0.14461066 0.21024335 0.25341246 0.21412618 0.19220250 0.25422871 -0.01601348 -0.11196737 -0.10289054 -0.02367871 0.03878096 -0.12683741 -0.05995757 -0.14762346 -0.05410867 -0.01996319 -0.00647075 -0.04622787 0.06629600
-0.09124250 -0.00721653 -0.02906232 -0.10709295 -0.03370233 -0.08356451 0.01339057 -0.02426539 -0.08210263 -0.04227878 -0.04329214 -0.11011910 0.00197843 0.02189439 -0.00322594 0.03363651 0.04054420 0.01971697 0.00493968 0.07876473 -0.02156678 0.05180452 0.03273591 0.04175850 -0.00268811 0.01720248 0.06110945 0.12205285 -0.01591832 0.00294410 -0.01133599 0.01624078 -0.04333810 -0.00438238 0.07650135 -0.07722923 -0.01124079 0.06197587 0.01079305 -0.00423513 -0.02617254 -0.00359917 -0.06320125 -0.05089264 0.00060476 -0.10623414 0.02358782 -0.06172284 -0.13738548 -0.17351429 -0.02301515 -0.04265451 0.25969446 0.15929836 0.04296574 0.16278041 1.00000000 0.17347493 0.08969242 0.04797855 0.17167082 0.19820453 0.37868723 0.07417218 0.11489940 -0.05486850 -0.12565999 -0.03446212 -0.02072501 0.02329263 -0.10856409 -0.10789421 -0.13596703 -0.11830536 0.02746781 -0.01505574 -0.04482143 -0.10224246
-0.04367148 -0.05605060 -0.01384422 -0.14745708 -0.01654614 -0.00081396 -0.02084844 -0.00179297 -0.02878622 -0.05456639 -0.01959970 -0.10005746 -0.04088880 0.04304231 0.04295327 -0.02485440 0.03044771 -0.04985601 -0.05734831 -0.03350394 -0.02773371 -0.04663201 -0.05234756 0.01154890 -0.00045036 -0.02039342 0.10001167 0.09621318 -0.05683147 0.04938588 -0.03978572 0.04599241 0.07436719 -0.01074150 0.06384777 -0.03163831 0.00292592 0.08490172 0.05893772 -0.00531122 0.03540780 -0.03878661 -0.01735678 0.06370872 -0.04930173 -0.03384697 0.05967843 0.01593288 -0.14131719 -0.07472510 -0.05520439 0.03452046 0.15308701 0.20890865 0.16231086 0.16967941 0.17347493 1.00000000 0.26469007 0.19445101 0.15055276 0.35381478 0.05826073 0.08384651 0.22150952 0.01445218 -0.06225452 0.02416572 0.01027543 0.05082954 -0.10091214 0.03071557 -0.02322826 0.02123149 0.01668467 0.03340351 -0.06754379 -0.02249123
-0.01567232 -0.08475082 -0.00359383 -0.07497204 0.03291088 0.01352969 -0.01033640 -0.06375684 -0.05744755 -0.05402194 -0.08281518 -0.02033120 -0.06397900 -0.05497198 0.02269931 -0.11339830 0.04947641 -0.04945271 -0.04541059 -0.00030866 -0.01867316 0.00707433 -0.00866122 0.00140495 -0.03194971 -0.08728885 -0.03666827 0.10668372 -0.00879849 0.03867828 -0.06801339 0.01332054 0.08065049 -0.07108688 0.04391770 -0.06885281 -0.03193863 0.02287691 0.08698829 -0.03469638 0.01195561 0.01652265 0.00802657 -0.02982178 -0.03065211 -0.10756067 0.07338787 -0.01318163 -0.05301506 -0.00112823 0.04254220 0.04736835 0.23013086 0.19172456 0.22778064 0.17598992 0.08969242 0.26469007 1.00000000 0.07923290 0.25876446 0.22952633 0.11136305 0.22857702 0.21945317 0.07055625 -0.04814593 -0.07160333 0.03708280 0.03429630 -0.01314406 -0.02953386 -0.10272869 0.00774653 0.00257218 0.00468343 -0.04985932 0.04996663
0.01786350 0.01228594 0.02119554 -0.03651513 0.01731204 -0.00311469 -0.03737179 -0.00406580 0.02523883 -0.04273511 -0.01543191 -0.05587724 -0.01910946 0.03628951 0.09884228 0.05538771 0.11051441 0.07184623 0.06593477 -0.01399348 0.05730644 0.03434616 0.02107021 -0.04729153 0.06587873 0.04304908 0.08431030 -0.02479690 -0.10369451 0.00499767 0.05172697 -0.05157423 0.00620669 -0.01638859 -0.02360204 -0.12530512 0.00862574 -0.05743964 0.00703040 0.10362959 0.02853457 0.06843987 0.04166210 0.05470953 -0.05563807 0.10505448 0.02673914 -0.03297270 0.01431069 -0.02431433 0.05071968 0.02467371 0.07117654 0.04694709 0.10452084 0.14461066 0.04797855 0.19445101 0.07923290 1.00000000 0.16387878 0.16879231 0.07369889 0.19305536 0.28325148 0.02115880 -0.02597872 -0.01533927 -0.02965465 -0.01528638 -0.05653196 -0.02258471 0.01424147 0.05924375 -0.03191133 0.05721935 -0.02340245 0.16790527
0.05168261 -0.02070626 0.02556832 0.03644853 0.00988086 0.02733840 -0.00654781 0.02604188 0.02314584 0.04999310 0.06373314 0.03709945 0.10134898 0.01087103 0.04337572 -0.00904942 0.06113139 -0.00244194 -0.00692400 -0.00242942 0.05224667 0.02666281 0.00223912 0.00058039 -0.00780452 -0.05681998 0.05099121 0.06258995 0.03752364 0.04389325 0.03281412 -0.01636021 0.05088652 -0.00354932 -0.06097580 -0.00442471 -0.02967863 0.05921308 0.10786982 0.08019315 0.02327907 0.00935679 0.04117078 0.07790631 -0.04047744 0.06317974 0.01361738 0.00187125 0.06514759 0.02384421 0.09717158 0.04684249 0.14182203 0.26229679 0.16447395 0.21024335 0.17167082 0.15055276 0.25876446 0.16387878 1.00000000 0.24148231 0.25972035 0.21377691 0.13069663 0.01253574 -0.07363678 -0.02603987 0.03214577 0.05894634 -0.07783252 -0.00889868 -0.05759566 0.05856847 -0.03170778 0.00980583 0.03599746 0.03327499
-0.01312168 0.02548764 0.02632364 -0.08874636 0.05131476 -0.00407962 0.01890338 -0.05670543 -0.01810020 -0.00538486 0.03099784 -0.03817837 0.00226846 0.02851938 -0.03198530 -0.01901508 0.03080441 -0.04874405 -0.01527908 -0.00418691 -0.04255231 -0.01005821 0.03090472 -0.02453858 -0.05262775 0.00117015 0.02885195 0.11344814 0.00381322 0.07443928 -0.01583958 -0.01924905 0.12693587 0.03592595 0.10289269 -0.03020307 0.01245387 0.09169564 0.06306310 0.05171925 -0.01161715 0.09139494 0.02841849 0.05221131 -0.00332192 0.02064972 0.05925909 0.03869949 0.01592718 0.01919473 0.04597080 0.09360407 0.16096588 0.12543075 0.23678076 0.25341246 0.19820453 0.35381478 0.22952633 0.16879231 0.24148231 1.00000000 0.15565593 0.17523704 0.22359451 -0.03021992 -0.02468284 -0.11835649 0.07030837 0.01606185 -0.05190548 -0.04662791 -0.07751242 -0.00052093 0.01891701 0.04336795 -0.04902532 -0.04656209
-0.06363463 -0.10191230 -0.08664661 -0.02676854 0.00065015 -0.10328483 -0.02513178 -0.08442879 -0.08752419 -0.05965860 -0.07517104 -0.06128132 -0.04666987 0.02379835 0.02678583 -0.00674147 0.00293902 0.05199818 0.00682504 0.01377663 0.01609599 0.02241848 0.00208957 0.06473226 -0.05988346 -0.04507348 0.00746943 0.04508240 -0.06727232 0.01182781 -0.05891664 -0.03377347 -0.06592159 -0.08049753 -0.04455988 -0.03903485 -0.03589154 0.05617945 0.00252818 0.03903982 0.04112704 0.01567385 -0.05767173 0.04470527 0.01071167 -0.14449270 -0.05168081 0.07665504 -0.03454283 -0.02985415 -0.06387250 0.00153354 0.29378345 0.06602927 0.09917269 0.21412618 0.37868723 0.05826073 0.11136305 0.07369889 0.25972035 0.15565593 1.00000000 0.04536304 0.10180068 -0.05564443 -0.02161630 -0.10868297 0.08045310 -0.03840795 -0.09005988 -0.11371542 -0.07258520 -0.09150968 -0.02363547 -0.00562039 -0.07061356 -0.06998052
0.02073095 -0.02523855 -0.01138871 0.00393370 0.00040667 0.02966115 -0.02376129 0.07966835 0.05944992 0.07946141 -0.05984698 0.01075962 0.07223323 0.10203935 0.02417303 0.07590571 0.11640451 0.10520536 0.15885246 -0.03493599 0.09822597 0.06985453 0.06450433 -0.06279316 0.04925409 -0.02956165 0.06185054 -0.03185435 0.06734138 0.07594322 0.04674506 0.00657368 0.09879398 0.03728910 -0.00076187 0.05739576 -0.13390103 0.05424493 0.09698388 0.14004856 -0.05842893 0.08276404 0.11532362 0.08716783 -0.04910131 0.06449981 0.05000996 0.03368955 0.15002938 0.08796018 0.14961796 0.08420865 0.09850286 0.32968855 0.14792132 0.19220250 0.07417218 0.08384651 0.22857702 0.19305536 0.21377691 0.17523704 0.04536304 1.00000000 0.25049663 -0.02785679 0.02146660 -0.01596441 -0.03294717 0.04602846 0.01686473 0.08704366 0.08872325 0.13741960 -0.04536470 0.04261110 0.01709365 0.12224167
-0.01852065 -0.05348586 -0.04616325 -0.15284803 -0.00474823 0.01266422 -0.05697477 -0.08606695 -0.03260112 -0.04293721 -0.04498862 -0.00368742 0.00960054 0.01489204 -0.00310399 -0.01445298 0.03127706 -0.01657526 -0.03353886 -0.01634389 0.00928633 -0.01502109 0.01579809 0.01099490 -0.08095591 -0.03863225 -0.03907313 0.09053869 -0.04660729 -0.05719812 -0.03780929 -0.00497364 0.05712176 -0.03221850 0.04578105 -0.05311335 -0.10766913 -0.00661334 0.01759243 0.06099613 -0.04019222 0.06341829 -0.01261899 0.04047412 -0.02688416 -0.00866818 0.07999189 0.02675047 -0.04573010 -0.04193341 0.11330430 0.07462405 0.14488178 0.10443727 0.09358638 0.25422871 0.11489940 0.22150952 0.21945317 0.28325148 0.13069663 0.22359451 0.10180068 0.25049663 1.00000000 0.02641048 0.01958344 -0.06016176 0.05337309 0.02870813 -0.12600390 0.07019397 0.02104356 0.02024737 0.04439118 0.00418248 -0.05022959 0.05605533
0.06956601 -0.02915479 -0.00918622 -0.02850520 -0.01242091 0.01359865 -0.05979693 0.01959995 -0.04915662 -0.08464794 -0.10070899 0.10924874 0.02722970 0.01348140 0.04454194 0.04062700 0.05987266 -0.01698677 -0.01953949 -0.03679584 0.05954918 0.10654702 -0.00634155 0.01365271 0.02864875 0.04774098 0.06429761 -0.02008669 -0.01650625 -0.05226634 0.00122982 0.02201034 -0.04375668 -0.01799804 0.00766734 0.03003561 0.09920147 -0.05932474 0.02237859 -0.06253723 -0.02725036 -0.00030376 0.05400189 -0.13891887 -0.08135214 0.00114832 0.02939553 -0.00933970 -0.09170660 -0.09578067 -0.04299894 -0.00142059 0.01111889 -0.01340779 -0.01281804 -0.01601348 -0.05486850 0.01445218 0.07055625 0.02115880 0.01253574 -0.03021992 -0.05564443 -0.02785679 0.02641048 1.00000000 0.13293544 0.15063180 0.13971336 0.19558231 0.07968478 0.06594911 0.05944895 0.21758653 0.11793852 0.15380912 0.34109599 0.11567040
0.00921162 -0.05258277 0.05844857 -0.03701440 0.04505856 0.01855557 0.01723827 0.00980770 -0.01935542 -0.00696106 -0.05037108 0.02545513 -0.03273613 0.11835000 0.01818366 0.04191456 0.06280160 0.08172642 0.05248690 0.05564729 0.06502512 0.05849501 0.04160050 0.03840262 0.03112031 0.02431396 -0.03189034 -0.08019673 -0.06201105 -0.07756544 0.00641614 0.00368558 -0.03081291 0.00047296 -0.00294085 -0.00666015 -0.05184123 -0.01479061 -0.03308972 0.01972940 0.05842252 0.00452470 0.05877065 0.00516260 0.05026670 0.01187901 0.02886392 0.00227581 0.03229729 0.04762150 0.10286174 0.01158362 -0.12522378 -0.05046900 -0.03975050 -0.11196737 -0.12565999 -0.06225452 -0.04814593 -0.02597872 -0.07363678 -0.02468284 -0.02161630 0.02146660 0.01958344 0.13293544 1.00000000 0.14138251 0.14211999 -0.00365048 0.16194592 0.20985367 0.18932407 0.16972459 0.11959849 0.16444788 0.13948082 0.19157781
0.08192231 0.01765683 -0.01341073 -0.03305772 0.00350185 0.10270761 0.02175852 0.01824728 -0.01534620 0.00342736 -0.02463194 0.02324768 0.06261565 0.04296824 0.08420146 0.10791906 0.01848351 0.01211461 0.02003658 -0.05676159 0.07283100 0.04672644 -0.00084152 -0.03412062 -0.00213669 0.10514711 0.00545683 -0.02485457 -0.05021320 -0.03011285 0.01223650 0.09730832 -0.02944951 0.00658203 -0.01550769 0.04054760 0.04591160 -0.01496404 -0.05067643 -0.02202396 0.10370327 -0.06775530 -0.03096659 -0.02412864 -0.00518129 -0.04960488 -0.06068897 0.01342665 -0.08377898 -0.04314037 -0.08135949 -0.02622010 -0.16742689 -0.03602244 -0.11607277 -0.10289054 -0.03446212 0.02416572 -0.07160333 -0.01533927 -0.02603987 -0.11835649 -0.10868297 -0.01596441 -0.06016176 0.15063180 0.14138251 1.00000000 0.10993384 0.11646412 0.08550339 0.18538093 0.17708085 0.25758134 0.18668921 0.14142302 0.16793354 0.19452778
0.01643593 -0.02544841 -0.05153036 -0.02452557 0.01360213 -0.00718689 -0.10893313 -0.09758019 -0.06464449 -0.02180351 -0.03953578 -0.04184226 -0.04269184 0.05239763 0.05108217 -0.00409728 0.00231512 0.04760087 -0.00630747 -0.07287812 0.03215775 0.00601676 -0.01879945 0.03763761 0.07385050 -0.01293401 0.05372929 -0.00690343 -0.03097960 0.01447951 -0.07301885 -0.02996278 -0.00594070 -0.00287912 -0.08011311 -0.05717206 -0.10282711 -0.00679630 -0.00596189 -0.10761192 -0.00047785 -0.02787847 -0.09090324 -0.16516279 -0.11036124 -0.03311957 -0.03207003 -0.01372885 -0.03372704 -0.03890728 -0.00616689 -0.05373056 0.04760085 -0.00954427 -0.02058593 -0.02367871 -0.02072501 0.01027543 0.03708280 -0.02965465 0.03214577 0.07030837 0.08045310 -0.03294717 0.05337309 0.13971336 0.14211999 0.10993384 1.00000000 0.14307771 0.13242376 0.18245142 0.14782400 0.21830817 0.21578805 0.04182569 0.10256677 0.10127172
0.00309209 -0.04270736 -0.01043894 -0.03987262 0.01661830 0.00208826 -0.04917451 -0.00018390 -0.02684839 0.02855359 -0.05331548 0.02106609 0.03452138 0.03802162 0.08466997 0.02586469 0.10933174 0.04700493 0.08434462 -0.01656775 0.04718899 0.06363875 0.04322089 0.02101194 0.01329596 0.04878217 -0.06479576 -0.05347931 -0.03704882 -0.02992996 0.03587312 -0.04908134 -0.06665646 -0.01920464 -0.03975415 -0.03831196 -0.04837920 -0.03135144 -0.02565650 0.00216705 0.00776036 -0.00839689 -0.01960921 -0.02225796 -0.01364606 0.05597759 0.03103263 0.01079376 -0.02234340 0.07007084 -0.03532960 -0.02780124 -0.00885089 0.02135089 -0.03383657 0.03878096 0.02329263 0.05082954 0.03429630 -0.01528638 0.05894634 0.01606185 -0.03840795 0.04602846 0.02870813 0.19558231 -0.00365048 0.11646412 0.14307771 1.00000000 0.13289078 0.11193703 0.10416596 0.18310037 0.17322041 0.18617841 0.08645416 0.10993930
0.00364741 -0.05637454 0.06572956 0.10477386 0.00955543 0.00497158 -0.03663764 0.10972386 0.08426058 0.08407572 -0.01840490 0.06470062 -0.03007167 -0.04701887 0.01127674 -0.08370817 -0.01623207 0.04911941 -0.00681741 -0.07512592 -0.01429140 -0.01707260 0.00321041 0.02854759 0.03326454 0.01033897 -0.05247081 -0.12198268 0.06878844 -0.01741490 0.01827011 -0.07943365 -0.01291015 0.04602054 -0.03005637 0.07742009 -0.00768073 -0.07900492 0.06327852 0.00249299 -0.03774730 -0.00943410 0.07693167 -0.02750015 -0.01447767 0.05369544 0.00824556 -0.00872006 0.04964856 0.04072679 -0.01035249 -0.03797352 -0.15593796 -0.10738201 -0.01506929 -0.12683741 -0.10856409 -0.10091214 -0.01314406 -0.05653196 -0.07783252 -0.05190548 -0.09005988 0.01686473 -0.12600390 0.07968478 0.16194592 0.08550339 0.13242376 0.13289078 1.00000000 0.12158542 0.23964329 0.17874208 0.06013412 0.28953760 0.15202289 0.08991487
0.05008231 -0.02581649 0.01243701 -0.01199683 0.05720775 0.05976847 -0.02147913 0.04128116 0.03225214 0.00822947 -0.01292796 0.07460501 0.06634441 0.11817173 0.01568831 0.06042894 0.04720360 0.11094491 0.05313163 -0.03101093 0.15955880 0.09110558 0.00460800 -0.00459339 0.05357843 0.05269463 -0.02497106 -0.03758625 -0.00288148 -0.04481193 0.05902342 -0.07900839 -0.01757186 0.03157435 0.00229590 -0.01580955 -0.04988792 -0.07975549 0.03132648 0.06951872 0.01616563 0.05228317 0.08487895 0.00673150 -0.00099372 0.05426811 0.07713929 0.01124587 -0.01902330 0.03438217 0.08277290 -0.03451756 -0.08941998 -0.01761119 -0.06789764 -0.05995757 -0.10789421 0.03071557 -0.02953386 -0.02258471 -0.00889868 -0.04662791 -0.11371542 0.08704366 0.07019397 0.06594911 0.20985367 0.18538093 0.18245142 0.11193703 0.12158542 1.00000000 0.21511550 0.20488830 0.17107273 0.09227939 0.19052192 0.27533565
0.03066511 -0.00646162 -0.02317384 0.07348100 -0.07295294 -0.00992047 -0.03219544 -0.00537366 0.07166419 0.07619090 -0.01290943 0.02470251 -0.03562809 0.06404679 0.06171500 0.13826533 0.16919527 0.15636808 0.12952155 -0.06382101 0.16146334 0.07085752 0.00823288 -0.03143235 0.10786989 0.12761355 0.06465908 -0.12503220 0.04786105 -0.07938064 0.01579846 -0.07459906 -0.08766749 0.00095469 -0.04720328 -0.00367911 0.01269402 -0.16482031 0.01298967 0.05536544 -0.05250949 -0.03221532 0.05442747 0.04619529 -0.06459202 0.13713893 0.05953759 -0.07305074 0.03318240 0.02726439 0.01777585 -0.05127013 -0.18100587 -0.05214443 -0.04940868 -0.14762346 -0.13596703 -0.02322826 -0.10272869 0.01424147 -0.05759566 -0.07751242 -0.07258520 0.08872325 0.02104356 0.05944895 0.18932407 0.17708085 0.14782400 0.10416596 0.23964329 0.21511550 1.00000000 0.16118335 0.19592176 0.13342338 0.16011293 0.20502290
0.10054834 -0.04025006 0.02548100 0.03534606 0.00625269 0.06409686 -0.01777830 0.07068487 -0.00018683 -0.01697344 -0.03155346 0.06072547 0.12964557 0.09406265 0.12051121 0.13905007 0.16255300 0.09534247 0.07764746 -0.04334646 0.11336843 0.12698394 0.03647474 -0.03458224 0.14165869 0.09926657 0.02934345 -0.07944605 0.07817136 -0.00004364 -0.04867194 -0.01236130 0.04891474 -0.05021394 0.03096263 -0.05533088 0.07322205 -0.05356863 0.06614017 0.02315065 -0.05012456 0.04025914 0.08279926 -0.05760920 -0.08707295 0.04757018 0.01563806 0.00005229 0.08607940 -0.03962265 0.04717965 0.02244449 -0.13101382 0.01820554 -0.00539262 -0.05410867 -0.11830536 0.02123149 0.00774653 0.05924375 0.05856847 -0.00052093 -0.09150968 0.13741960 0.02024737 0.21758653 0.16972459 0.25758134 0.21830817 0.18310037 0.17874208 0.20488830 0.16118335 1.00000000 0.10086602 0.18884832 0.29987250 0.16793598
0.04560592 -0.03544810 -0.01116361 -0.04832092 -0.04421396 -0.02155582 0.01277655 -0.06660101 -0.05283365 -0.01641471 -0.02212419 -0.06046122 -0.03077963 0.08010407 -0.05048693 -0.05739294 -0.01205784 0.07994428 0.04822502 0.00863941 0.04736152 0.04843694 0.05675380 0.02067842 0.02926591 0.01869836 -0.02364944 -0.03720864 0.02085684 0.01256720 0.00275113 -0.03199312 0.00184329 0.04140718 0.03686525 -0.01181861 -0.01281309 0.02647977 0.03726138 -0.05056809 -0.04260956 0.00898468 -0.01413210 -0.04674928 -0.00544834 -0.05672106 -0.00253952 0.02848783 -0.04210875 -0.06211555 0.03309556 -0.00087193 -0.03760860 -0.04485480 -0.08159738 -0.01996319 0.02746781 0.01668467 0.00257218 -0.03191133 -0.03170778 0.01891701 -0.02363547 -0.04536470 0.04439118 0.11793852 0.11959849 0.18668921 0.21578805 0.17322041 0.06013412 0.17107273 0.19592176 0.10086602 1.00000000 0.18455711 0.20545563 0.13602859
0.05285599 -0.02936699 0.09210566 0.04581091 -0.02016679 0.00374583 0.02821011 0.07127387 0.05384848 0.05306465 -0.00369622 0.02312401 -0.01121626 0.02863401 -0.02286733 -0.02898056 0.04338965 0.05990625 0.05023127 -0.04006569 0.09017652 0.08754855 0.03550584 -0.00140790 0.01400109 0.03939088 -0.08986483 -0.04857677 0.04435461 -0.00778789 0.02495798 -0.01362423 0.03309900 -0.02597987 0.00777860 0.02868028 -0.03259525 -0.00651549 0.00880620 0.04894221 0.02082920 0.17105237 0.02776129 -0.00032979 0.01178634 0.02778534 0.07313837 0.01359745 0.08187079 0.09029500 0.05930924 0.08559625 -0.02862799 -0.05112575 0.01922299 -0.00647075 -0.01505574 0.03340351 0.00468343 0.05721935 0.00980583 0.04336795 -0.00562039 0.04261110 0.00418248 0.15380912 0.16444788 0.14142302 0.04182569 0.18617841 0.28953760 0.09227939 0.13342338 0.18884832 0.18455711 1.00000000 0.15502149 0.16361665
0.08189658 -0.00433655 0.01640680 0.04765968 0.05253745 0.07295039 -0.04892174 -0.01238833 0.02887144 0.00452573 -0.01095419 0.04557232 -0.00983938 0.03786624 -0.00568059 0.01850868 0.04163867 0.01636591 0.02208173 -0.02567854 0.06344411 0.00807521 0.00102279 0.02684176 -0.03379999 0.01904465 -0.05985547 -0.09213089 -0.01274848 -0.10371051 0.05255624 -0.01966932 -0.00403111 0.03336309 -0.04968536 -0.00723813 -0.00096754 -0.09183831 -0.00657928 -0.02071465 -0.10111491 -0.00020852 0.07157985 -0.03462026 -0.02669627 0.02403047 0.01141962 0.01554847 -0.06197576 -0.05350406 0.02485244 0.02198109 -0.05772504 0.05262526 -0.00925222 -0.04622787 -0.04482143 -0.06754379 -0.04985932 -0.02340245 0.03599746 -0.04902532 -0.07061356 0.01709365 -0.05022959 0.34109599 0.13948082 0.16793354 0.10256677 0.08645416 0.15202289 0.19052192 0.16011293 0.29987250 0.20545563 0.15502149 1.00000000 0.03644265
0.00190309 -0.08060106 0.09051990 -0.06279542 -0.12658325 -0.02194962 -0.01997949 0.00000617 -0.02769735 0.01774930 -0.09506363 -0.00080972 -0.06651324 0.08935396 0.04012388 0.01016478 0.09162155 0.08653816 0.19841986 -0.05360505 0.14534516 0.03726059 0.04491037 -0.01353784 0.06044123 0.04407737 0.03068910 -0.09846618 0.05772401 0.04702851 0.00527019 -0.08277530 -0.01720499 -0.00634076 -0.03364649 -0.07753967 -0.01485665 -0.09376456 0.04963345 0.05854124 0.07985712 0.01958855 0.02687873 0.02174309 -0.04947057 0.11583425 0.03921043 0.05963926 0.13760448 0.10791245 0.04153229 -0.02402664 -0.03768703 -0.00871166 -0.05640357 0.06629600 -0.10224246 -0.02249123 0.04996663 0.16790527 0.03327499 -0.04656209 -0.06998052 0.12224167 0.05605533 0.11567040 0.19157781 0.19452778 0.10127172 0.10993930 0.08991487 0.27533565 0.20502290 0.16793598 0.13602859 0.16361665 0.03644265 1.00000000
