1.00000000 0.48069666 0.81854200 0.85178786 0.63371234 0.81352845 0.77653716 0.81273049 0.86937928 0.53619922 0.41068144 0.78099413 0.64442713 0.44834093 0.71910257 0.68634214 0.71998467 0.52387581 0.56702393 0.05433297 0.63486350 0.52397162 0.17448380 -0.13757286 0.43701912 0.46026610 0.56557051 0.01202397 0.26568029 0.64415345 0.13511825 0.16065066 0.22512515 0.38393879 0.36301570 0.61864505 0.06531319 0.08396446 0.08656782 0.70569711 0.23709407 0.41773140 0.66747774 0.38387593 -0.05500590 0.66508477 0.63529901 0.69797726 0.66680804 0.67162219 0.32286282 0.19107690 -0.24790233 0.25888762 0.26967495 0.29907131 -0.26370159 0.31598624 0.09249045 0.62044762 0.37283799 0.36388428 0.07241121 0.54017252 0.35295016 0.22766545 0.34929679 0.39270533 0.03663404 0.27994075 0.57977771 0.61922828 0.64190893 0.58255895 0.04239832 0.50160310 0.65643222 0.53100082
0.48069666 1.00000000 0.51151255 0.34742780 0.58910575 0.45242422 0.56307755 0.46343347 0.55346421 0.53699951 0.67735769 0.54731090 0.51727654 0.31487191 0.44849814 0.36933324 0.42179512 0.29414273 0.38396567 0.31071828 0.28620875 0.30987864 0.24739623 0.25140941 0.43768951 0.31468605 0.28151924 0.18369899 0.17207605 0.43270133 0.28049365 0.06997536 0.18083187 0.00584235 0.44819421 0.24684291 0.29871196 0.20608813 0.35068987 0.29968222 0.23539509 0.31915779 0.27538754 0.30642998 0.03315556 0.33876299 0.36213793 0.38027694 0.30155329 0.39528076 0.13742827 0.23406710 0.16246252 0.47831038 0.45127989 0.25950501 0.21870372 0.34255546 0.24177817 0.45297060 0.32742562 0.31366052 0.36899210 0.30988210 0.31864188 0.19930707 0.21371655 0.20868821 0.08860814 0.12666621 0.30426835 0.25720222 0.22897896 0.32408696 0.19666016 0.20461393 0.29149483 0.26167079
0.81854200 0.51151255 1.00000000 0.77699697 0.72510814 0.77057476 0.71330740 0.79875826 0.83233608 0.64710995 0.54695190 0.84348362 0.52604617 0.34200878 0.61552761 0.55897248 0.68241470 0.40429617 0.52420310 0.18479183 0.47721710 0.43758832 0.18604559 0.01007062 0.46047466 0.38593096 0.46123121 -0.02354675 0.23630071 0.63610387 0.08414199 0.05775696 0.19221954 0.17048777 0.44023404 0.48072624 0.12916960 0.13220295 0.16595866 0.55226563 0.07240785 0.49686914 0.65868068 0.34719412 -0.13799999 0.65658456 0.62858161 0.64491547 0.58853985 0.60776932 0.23584328 0.14638367 -0.15623566 0.35301634 0.41364316 0.21702325 -0.08509512 0.25903234 0.21550854 0.58467401 0.28945982 0.31813431 0.22524169 0.51049666 0.32925514 0.17314726 0.27117267 0.29670077 0.03875852 0.23223152 0.46743325 0.54941484 0.51651899 0.52773148 0.09080119 0.41314971 0.56728605 0.48931746
0.85178786 0.34742780 0.77699697 1.00000000 0.54928396 0.85305300 0.79738415 0.79870932 0.82831415 0.52160540 0.30552435 0.79124103 0.54699432 0.43690547 0.64576242 0.57981934 0.68854537 0.44207236 0.47444195 0.05064564 0.58818025 0.55942066 0.07346778 -0.14503942 0.37260457 0.39719991 0.53111295 0.12693785 0.42038373 0.68414094 0.03662631 0.27890683 0.36473171 0.41922607 0.40212300 0.60640478 0.11426900 0.12830158 0.09353177 0.66198427 0.17227015 0.42801082 0.72915464 0.31977925 -0.02613790 0.70304270 0.61733783 0.70411194 0.64617997 0.68139959 0.40982959 0.13685071 -0.28438524 0.28989158 0.23103705 0.28179586 -0.36669703 0.16834022 0.19010952 0.52872386 0.34655887 0.36660502 0.00934213 0.57754757 0.42523214 0.26868001 0.45797360 0.41955305 0.15414501 0.29462046 0.59329980 0.70018422 0.67879570 0.63837340 0.01801794 0.54429627 0.68272907 0.60520030
0.63371234 0.58910575 0.72510814 0.54928396 1.00000000 0.65334911 0.66526763 0.61488134 0.71950907 0.80015032 0.71348662 0.67845925 0.64230140 0.36933933 0.58827468 0.50773812 0.56370721 0.44924882 0.61535788 0.40058682 0.45546128 0.45776717 0.32195933 0.21664748 0.60249518 0.46458694 0.34792100 -0.03862222 0.33571717 0.52207929 0.34692573 -0.04095685 0.29525597 -0.01973824 0.39977076 0.49488791 0.41986744 0.26754870 0.43737691 0.39699137 0.19484703 0.44530791 0.38817968 0.54816408 -0.09046963 0.44467018 0.47272168 0.53463817 0.46980106 0.51102323 0.03923189 0.39444091 -0.06767307 0.40482553 0.41668591 0.26952610 0.03470034 0.21516336 0.11763214 0.52297035 0.24219299 0.44169723 0.17371448 0.48420339 0.34290452 0.29539238 0.23294773 0.30469859 -0.02490725 0.21058790 0.43604826 0.40613124 0.39925031 0.47596923 0.25318559 0.27758837 0.52671745 0.34503898
0.81352845 0.45242422 0.77057476 0.85305300 0.65334911 1.00000000 0.77096882 0.81323151 0.84266106 0.56683221 0.38613784 0.76039319 0.58037831 0.45981566 0.62835531 0.54319643 0.63088897 0.44264157 0.49231726 0.11790696 0.57429313 0.53095137 0.14736172 -0.09823157 0.35901191 0.41549488 0.48306811 0.14687234 0.40853123 0.70023748 0.13830832 0.25280787 0.36205929 0.33686006 0.45327300 0.59936965 0.19083437 0.17845036 0.17154051 0.61419464 0.21362864 0.42376594 0.65139585 0.36155316 0.06876410 0.60780884 0.58527989 0.65805085 0.59311433 0.62232100 0.34946669 0.16379080 -0.20315888 0.32255493 0.28400044 0.23951476 -0.27312272 0.16432228 0.22425051 0.52710512 0.34915325 0.41737689 0.05034746 0.52713045 0.43593255 0.28012557 0.42635767 0.35820203 0.17254478 0.22527726 0.57418054 0.65372927 0.64714552 0.59561891 0.08549530 0.45591464 0.63671235 0.57151083
0.77653716 0.56307755 0.71330740 0.79738415 0.66526763 0.77096882 1.00000000 0.70906033 0.80930425 0.67152142 0.57799283 0.75527302 0.71674178 0.43547698 0.63417762 0.62984737 0.66032587 0.48351100 0.52995240 0.24460416 0.61155309 0.59694198 0.18606044 0.07163548 0.55953783 0.42562465 0.48145887 0.17290965 0.47602451 0.66947489 0.27927814 0.30376301 0.45913675 0.28867906 0.48841595 0.56774247 0.38050782 0.30538815 0.33200267 0.55839831 0.29177160 0.49014236 0.58863628 0.45053408 0.00193031 0.64502075 0.58541832 0.67259212 0.59508805 0.71225632 0.35397419 0.29311954 -0.10821705 0.41652869 0.46372420 0.45650192 -0.14415723 0.31418904 0.19608769 0.59979599 0.42624928 0.45905335 0.18604075 0.59493597 0.44292796 0.35807803 0.42038664 0.42961632 0.16235727 0.27290659 0.58220126 0.59942797 0.57438653 0.62640635 0.19373881 0.53732482 0.66798010 0.49976334
0.81273049 0.46343347 0.79875826 0.79870932 0.61488134 0.81323151 0.70906033 1.00000000 0.81145604 0.54834603 0.33639183 0.82558099 0.45025138 0.39220765 0.59260463 0.50291630 0.70234016 0.39046470 0.45098806 0.01325256 0.55456372 0.48402778 0.20011436 -0.12963844 0.37782658 0.33561761 0.36865319 0.05672073 0.20770559 0.64095745 0.00642751 0.07200113 0.12313186 0.24211484 0.43702848 0.50526186 0.07319963 -0.09363852 0.17132045 0.55941975 0.07832736 0.35109700 0.67298006 0.18077946 -0.09976299 0.58559561 0.58018723 0.56935077 0.55057000 0.51879532 0.32387104 0.02554877 -0.20334479 0.37003658 0.25768554 0.11111363 -0.19219086 0.11010971 0.25555728 0.50972845 0.26581426 0.29843822 0.13202691 0.48822678 0.30152961 0.17999013 0.44051504 0.26908600 0.18511825 0.11920311 0.46565665 0.62392656 0.62510163 0.53928655 -0.02826521 0.36441565 0.51605604 0.57016092
0.86937928 0.55346421 0.83233608 0.82831415 0.71950907 0.84266106 0.80930425 0.81145604 1.00000000 0.66727286 0.57155919 0.83012692 0.64630522 0.44326033 0.66269518 0.63344460 0.66807016 0.47922783 0.54721966 0.18489811 0.57898502 0.50726818 0.17552727 -0.03887301 0.49501363 0.44135390 0.50808939 0.05183375 0.36370203 0.69495513 0.24963707 0.18892248 0.28525197 0.29131609 0.48978140 0.58770443 0.21663683 0.17746532 0.21909778 0.62759741 0.25507653 0.49672360 0.64877214 0.45246046 0.00111433 0.64348081 0.62017135 0.69846436 0.62214789 0.66870824 0.27797140 0.24334602 -0.17388900 0.35646664 0.39524450 0.28045177 -0.17879318 0.24086225 0.19296181 0.59188741 0.39077723 0.40198279 0.16035706 0.55856685 0.38828923 0.33217309 0.39940270 0.39081320 0.10898888 0.24011338 0.59182677 0.65861084 0.61524560 0.62340489 0.14556000 0.48657276 0.68067867 0.52994378
0.53619922 0.53699951 0.64710995 0.52160540 0.80015032 0.56683221 0.67152142 0.54834603 0.66727286 1.00000000 0.66590597 0.67148510 0.61347542 0.39291549 0.56172562 0.51256556 0.57939703 0.41982669 0.62667992 0.41053487 0.50891679 0.51090268 0.28226883 0.22470354 0.63890987 0.45453539 0.27819919 -0.08204670 0.35608484 0.47096524 0.33660769 -0.01601457 0.31964069 -0.06057917 0.40337361 0.48138980 0.46284417 0.24704984 0.52750523 0.37391534 0.13799514 0.47125758 0.39714439 0.53592478 -0.15258689 0.47294713 0.51701474 0.54648167 0.47618680 0.52434209 0.04617400 0.38549233 -0.07414654 0.39844856 0.45599008 0.34218767 0.03563023 0.19628221 0.06432233 0.56034123 0.24791857 0.47508277 0.16596217 0.51645657 0.31381951 0.24310547 0.23194756 0.30664497 -0.02241619 0.21498774 0.43959188 0.39568735 0.39647193 0.52010730 0.28360406 0.25381803 0.50012185 0.34464738
0.41068144 0.67735769 0.54695190 0.30552435 0.71348662 0.38613784 0.57799283 0.33639183 0.57155919 0.66590597 1.00000000 0.53593574 0.63373531 0.24444470 0.37666136 0.44309964 0.40012437 0.33893326 0.48060607 0.50246838 0.24485313 0.23314807 0.25789367 0.42252640 0.60148393 0.35693405 0.27989371 -0.01236813 0.30469103 0.40509792 0.46528907 0.00912957 0.25887815 -0.05703116 0.41869245 0.27323483 0.51562659 0.38716189 0.42745528 0.25764327 0.28212322 0.51058416 0.24027869 0.47309997 0.04134518 0.36540395 0.34546069 0.42399618 0.37642788 0.48212887 0.04417359 0.44237956 0.22481028 0.36991136 0.61959301 0.41777252 0.29103245 0.34628865 0.15525294 0.48313253 0.33510407 0.38227672 0.46445616 0.39161683 0.29007430 0.29948088 0.10642794 0.30224901 0.00245359 0.20250617 0.30109608 0.23734755 0.17964197 0.33175925 0.35953651 0.30063377 0.42159754 0.18085549
0.78099413 0.54731090 0.84348362 0.79124103 0.67845925 0.76039319 0.75527302 0.82558099 0.83012692 0.67148510 0.53593574 1.00000000 0.47472186 0.36994885 0.60970887 0.56560585 0.69754483 0.35735465 0.49057470 0.20376597 0.48226688 0.46697332 0.19328157 0.01394448 0.49949613 0.34326161 0.44851459 0.01169793 0.26186931 0.65135775 0.09115928 0.04772366 0.15301156 0.15818259 0.46192676 0.45494483 0.17825109 0.07461407 0.23052137 0.51036657 0.05947064 0.43571444 0.65420026 0.29537468 -0.11347301 0.63397443 0.59193052 0.60349697 0.52112945 0.58436674 0.25887307 0.10718875 -0.13018580 0.39119444 0.40677436 0.18459551 -0.05555754 0.21952995 0.31191359 0.55894145 0.28948478 0.35107241 0.21713915 0.50209663 0.32681831 0.21571149 0.31389390 0.29314300 0.11367649 0.17290631 0.44136207 0.53244777 0.53470598 0.53800155 0.04417452 0.37477799 0.53925361 0.47248210
0.64442713 0.51727654 0.52604617 0.54699432 0.64230140 0.58037831 0.71674178 0.45025138 0.64630522 0.61347542 0.63373531 0.47472186 1.00000000 0.32977937 0.56024455 0.57047094 0.49440186 0.54706551 0.55510528 0.22475142 0.51063530 0.38213160 0.13548538 0.08176850 0.51015282 0.47290288 0.39701495 -0.01022756 0.42296985 0.41068037 0.45829142 0.21740043 0.44846682 0.26865408 0.24181507 0.50384526 0.34366572 0.41431347 0.26756577 0.48705789 0.39302629 0.42762613 0.34530437 0.60246862 -0.00313043 0.45286270 0.46830104 0.56641106 0.61433051 0.62016130 0.15273578 0.44342777 -0.06747306 0.18691928 0.41978823 0.56537030 -0.10538084 0.33702187 -0.12590554 0.62112101 0.34549176 0.44364903 0.13605428 0.50934629 0.41895053 0.32797508 0.18917871 0.45754953 -0.14866492 0.38147541 0.51382393 0.42432613 0.45011503 0.45431520 0.36781013 0.46785154 0.61083908 0.32200788
0.44834093 0.31487191 0.34200878 0.43690547 0.36933933 0.45981566 0.43547698 0.39220765 0.44326033 0.39291549 0.24444470 0.36994885 0.32977937 1.00000000 0.55106775 0.44839645 0.57589833 0.48362919 0.57180746 0.29816996 0.50941750 0.67163940 0.49998450 0.34018864 0.50392988 0.60162564 0.41879683 0.07444949 0.41745697 0.40439085 0.06692222 0.16894652 0.31241770 0.26897794 0.42508983 0.52483581 0.38446040 0.08105858 0.31140593 0.49265192 0.30333364 0.38434211 0.43130909 0.29344092 0.13755370 0.44177078 0.41050018 0.47168006 0.40100478 0.47605856 0.33270210 0.31449579 -0.12718025 0.27328917 0.14253725 0.21060111 -0.16768978 0.11570803 0.12407760 0.32295756 0.31827119 0.35870314 0.03256119 0.45907140 0.29988088 0.28991846 0.43325714 0.37029865 0.27383933 0.21177413 0.47258174 0.45408576 0.42160114 0.49570576 0.03352800 0.32887098 0.47456513 0.44602485
0.71910257 0.44849814 0.61552761 0.64576242 0.58827468 0.62835531 0.63417762 0.59260463 0.66269518 0.56172562 0.37666136 0.60970887 0.56024455 0.55106775 1.00000000 0.73107223 0.75900412 0.59369027 0.69505170 0.19532379 0.68958768 0.62850420 0.24604605 -0.03702992 0.56813063 0.58747152 0.43636629 -0.02260168 0.27096904 0.49699957 0.16786105 0.05966221 0.24198583 0.21808974 0.30090163 0.57520813 0.16638196 0.08562532 0.20958376 0.55776382 0.21099583 0.30930797 0.50031894 0.43072377 -0.12773042 0.55088976 0.51086721 0.59291694 0.52375844 0.59079706 0.13987284 0.18732096 -0.25459335 0.32049513 0.18463049 0.26747749 -0.23762423 0.20764445 -0.01705411 0.53047161 0.24826805 0.29549399 -0.05104456 0.46045785 0.28739361 0.22224228 0.34790675 0.37391052 -0.04818087 0.23586739 0.54011491 0.50977456 0.55466862 0.54039181 0.13460550 0.34663658 0.54801215 0.42966251
0.68634214 0.36933324 0.55897248 0.57981934 0.50773812 0.54319643 0.62984737 0.50291630 0.63344460 0.51256556 0.44309964 0.56560585 0.57047094 0.44839645 0.73107223 1.00000000 0.65528155 0.62976944 0.60587228 0.20953922 0.72026477 0.52158510 0.24657555 0.04570539 0.64545528 0.59895858 0.43302790 -0.08708608 0.25976411 0.44867992 0.30897506 0.09779945 0.15267300 0.27110257 0.26033834 0.53012223 0.19861717 0.10701611 0.15781081 0.52067953 0.33984646 0.38346389 0.46073566 0.43569267 0.00260918 0.53662227 0.47905052 0.53333224 0.55039102 0.61293875 0.24316652 0.27388978 -0.16277907 0.18833282 0.32579922 0.35467478 -0.12374829 0.35867125 -0.05459367 0.53138640 0.35276965 0.34777971 0.12096264 0.44279666 0.21641357 0.24140354 0.24413022 0.46488252 -0.00361835 0.25391992 0.52511148 0.43979624 0.48678225 0.46508010 0.17432233 0.42998675 0.57923696 0.32158759
0.71998467 0.42179512 0.68241470 0.68854537 0.56370721 0.63088897 0.66032587 0.70234016 0.66807016 0.57939703 0.40012437 0.69754483 0.49440186 0.57589833 0.75900412 0.65528155 1.00000000 0.53403511 0.66910317 0.09145552 0.69084368 0.66151467 0.34093991 0.07531120 0.62322629 0.55244965 0.45115572 -0.06953906 0.31454601 0.49903815 -0.00467295 0.06254147 0.20105891 0.25898280 0.39892359 0.53434584 0.20569297 -0.01892743 0.25843435 0.61795108 0.10133628 0.41616091 0.68501842 0.27185631 -0.22236698 0.68408355 0.62435135 0.61809411 0.61017240 0.62496317 0.29300535 0.13390739 -0.27547941 0.32115180 0.26522959 0.25729806 -0.17993570 0.19897986 0.10051678 0.61452805 0.24993723 0.33102466 0.09323843 0.59756871 0.25964644 0.16474111 0.42598783 0.42940715 0.06595933 0.31150737 0.51225441 0.57864011 0.61307882 0.60006822 0.01877301 0.39261535 0.55163703 0.57111958
0.52387581 0.29414273 0.40429617 0.44207236 0.44924882 0.44264157 0.48351100 0.39046470 0.47922783 0.41982669 0.33893326 0.35735465 0.54706551 0.48362919 0.59369027 0.62976944 0.53403511 1.00000000 0.61320392 0.17242807 0.68744791 0.51919667 0.40719104 0.18940308 0.55708280 0.64086915 0.27808121 -0.01863373 0.33589777 0.31098228 0.33618030 0.18773483 0.25426788 0.32382955 0.21818653 0.53991328 0.19631063 0.10193254 0.22608924 0.46426401 0.27994208 0.29136643 0.38590304 0.41791501 0.05589330 0.38855321 0.41197435 0.42236389 0.51700754 0.50430947 0.25607704 0.27277200 -0.16042097 0.17633708 0.23893338 0.29054438 -0.15731645 0.20391261 -0.13572601 0.43125178 0.31775722 0.31836854 0.00528779 0.42385969 0.27056900 0.27600261 0.31060908 0.54539136 -0.00327719 0.34839360 0.53551126 0.43074110 0.44879068 0.36166202 0.35146454 0.44376697 0.46752322 0.41689422
0.56702393 0.38396567 0.52420310 0.47444195 0.61535788 0.49231726 0.52995240 0.45098806 0.54721966 0.62667992 0.48060607 0.49057470 0.55510528 0.57180746 0.69505170 0.60587228 0.66910317 0.61320392 1.00000000 0.42572739 0.61701571 0.58435127 0.47327447 0.28353246 0.62403204 0.70178855 0.36849672 -0.16408579 0.32313351 0.37019545 0.22196867 -0.00172045 0.25069282 0.11903412 0.28658980 0.50460841 0.30682024 0.19528357 0.29098399 0.45757917 0.18117709 0.37855052 0.40204520 0.50462919 -0.08167657 0.48904645 0.47403767 0.49175302 0.47516712 0.54139426 0.10793734 0.32707842 -0.20168878 0.25581582 0.25331514 0.24887527 -0.13527462 0.20163665 -0.05330076 0.48331531 0.21004998 0.36942272 -0.01244957 0.47651612 0.24392264 0.26901308 0.24384353 0.43716791 -0.06097972 0.26378772 0.53067084 0.40823737 0.48031776 0.46347974 0.32169537 0.29338262 0.51885570 0.37637695
0.05433297 0.31071828 0.18479183 0.05064564 0.40058682 0.11790696 0.24460416 0.01325256 0.18489811 0.41053487 0.50246838 0.20376597 0.22475142 0.29816996 0.19532379 0.20953922 0.09145552 0.17242807 0.42572739 1.00000000 0.00491630 0.23751789 0.36111731 0.58945525 0.46917849 0.34996748 0.15502637 0.04893218 0.25515982 0.24762990 0.26111562 -0.00812062 0.29632720 -0.22502464 0.31630613 0.12046530 0.50070087 0.39280993 0.38415229 -0.03426395 0.16974121 0.34174430 -0.01450300 0.39098283 0.16812077 0.14465722 0.08388893 0.19648454 -0.02182253 0.19911568 -0.04202318 0.38086097 0.20852237 0.26792262 0.30876467 0.17534217 0.19274060 0.11921957 0.20253980 0.05180984 0.17113702 0.21416862 0.21663790 0.11515283 0.20493587 0.31971962 0.04355680 0.12709821 0.14908748 0.01545115 0.18446205 0.03294678 -0.00728271 0.21763596 0.34733741 0.10226040 0.23395776 0.00785290
0.63486350 0.28620875 0.47721710 0.58818025 0.45546128 0.57429313 0.61155309 0.55456372 0.57898502 0.50891679 0.24485313 0.48226688 0.51063530 0.50941750 0.68958768 0.72026477 0.69084368 0.68744791 0.61701571 0.00491630 1.00000000 0.71966911 0.31751703 -0.04906149 0.54226963 0.61332467 0.30422401 0.00154184 0.34843153 0.38386862 0.19035491 0.14623868 0.23006145 0.30134610 0.26275816 0.57162030 0.19906711 0.03747140 0.25340012 0.52056951 0.18931264 0.27610267 0.51010009 0.35845356 -0.12591962 0.50098451 0.47400623 0.49109240 0.54045784 0.53112477 0.24274658 0.13891959 -0.29551644 0.23408790 0.17303943 0.24948652 -0.24782126 0.17224696 -0.09302954 0.52079856 0.23532687 0.33468491 -0.07509645 0.51126058 0.18721937 0.21200684 0.40074766 0.46477763 0.01783134 0.23528091 0.57352474 0.54546136 0.60184880 0.48712733 0.17404129 0.36738962 0.52582032 0.46281196
0.52397162 0.30987864 0.43758832 0.55942066 0.45776717 0.53095137 0.59694198 0.48402778 0.50726818 0.51090268 0.23314807 0.46697332 0.38213160 0.67163940 0.62850420 0.52158510 0.66151467 0.51919667 0.58435127 0.23751789 0.71966911 1.00000000 0.46908721 0.20285084 0.57537709 0.62795412 0.39800824 0.16320728 0.48961033 0.46733458 0.02742410 0.27515644 0.41651052 0.25383247 0.41660634 0.58363840 0.39276501 0.15088942 0.31644705 0.48695579 0.17111149 0.38098037 0.51590807 0.30480710 -0.03868150 0.56454924 0.50854901 0.54837796 0.40719245 0.54312920 0.33302974 0.23350285 -0.24588371 0.33329825 0.14126227 0.27588253 -0.23233358 0.21398499 0.11355243 0.39722621 0.32291710 0.35899330 -0.04410062 0.50677821 0.33534946 0.22841956 0.46214513 0.40573362 0.24986221 0.25813640 0.55541591 0.49506759 0.49705525 0.56953572 0.07281271 0.39303062 0.50368903 0.46145477
0.17448380 0.24739623 0.18604559 0.07346778 0.32195933 0.14736172 0.18606044 0.20011436 0.17552727 0.28226883 0.25789367 0.19328157 0.13548538 0.49998450 0.24604605 0.24657555 0.34093991 0.40719104 0.47327447 0.36111731 0.31751703 0.46908721 1.00000000 0.54974570 0.53309732 0.61399951 0.15153843 -0.02889999 0.20093176 0.16711113 0.10968199 0.00907922 0.07846072 0.08611942 0.29286352 0.35935755 0.35288657 -0.02096635 0.27245020 0.18284256 0.17602559 0.24600261 0.18536945 0.13014538 0.09979867 0.17215089 0.22561962 0.16329755 0.16555408 0.20272278 0.18494081 0.22451162 -0.06229961 0.22857861 0.17005955 0.04429924 0.10901104 0.17385683 0.11064493 0.16914908 0.22081388 0.26419039 0.15444697 0.25717412 0.10480970 0.10553259 0.25472569 0.27784036 0.24498171 0.11047369 0.23932764 0.15308975 0.15701511 0.15284253 0.08348097 0.19173442 0.16516753 0.24718414
-0.13757286 0.25140941 0.01007062 -0.14503942 0.21664748 -0.09823157 0.07163548 -0.12963844 -0.03887301 0.22470354 0.42252640 0.01394448 0.08176850 0.34018864 -0.03702992 0.04570539 0.07531120 0.18940308 0.28353246 0.58945525 -0.04906149 0.20285084 0.54974570 1.00000000 0.44091525 0.34698888 0.02863307 0.04005505 0.20759297 0.07691219 0.16792866 0.01334776 0.15650344 -0.13496808 0.27885612 0.04920641 0.51577373 0.22615814 0.37014486 -0.07005595 0.16479514 0.29944313 -0.05804769 0.13953441 0.22009032 0.05218033 0.02207041 0.02499148 -0.03007479 0.13185324 0.11104137 0.31354990 0.25458898 0.19690776 0.29734655 0.16501777 0.32680179 0.17216670 0.13167364 0.00511824 0.18922644 0.12526094 0.32337004 0.09857878 0.08850954 0.14665828 0.04366906 0.18940944 0.25777303 0.07728165 0.05644016 -0.08197582 -0.14161065 0.02430691 0.23849494 0.09820003 0.03047579 0.00331579
0.43701912 0.43768951 0.46047466 0.37260457 0.60249518 0.35901191 0.55953783 0.37782658 0.49501363 0.63890987 0.60148393 0.49949613 0.51015282 0.50392988 0.56813063 0.64545528 0.62322629 0.55708280 0.62403204 0.46917849 0.54226963 0.57537709 0.53309732 0.44091525 1.00000000 0.58509093 0.30722868 -0.08160203 0.37115277 0.34358550 0.34575133 0.03337583 0.25786452 0.06700887 0.33567686 0.48161130 0.54340674 0.20188547 0.48351456 0.34422358 0.30990620 0.45005889 0.33386302 0.44197410 -0.02480168 0.44891995 0.39935818 0.44614764 0.42555689 0.51814922 0.15922455 0.44234793 -0.05924985 0.30251601 0.40796984 0.39416395 0.04551604 0.30881013 0.02677769 0.45905900 0.29510416 0.36916942 0.20758295 0.49347069 0.22753426 0.26856872 0.27811601 0.43704741 0.07552137 0.21617541 0.43522743 0.35573330 0.33101574 0.48381396 0.21634188 0.35300931 0.50991037 0.27670804
0.46026610 0.31468605 0.38593096 0.39719991 0.46458694 0.41549488 0.42562465 0.33561761 0.44135390 0.45453539 0.35693405 0.34326161 0.47290288 0.60162564 0.58747152 0.59895858 0.55244965 0.64086915 0.70178855 0.34996748 0.61332467 0.62795412 0.61399951 0.34698888 0.58509093 1.00000000 0.36600583 -0.04858187 0.37718265 0.30532426 0.19751850 0.13877341 0.26957083 0.27312005 0.29869690 0.56111921 0.30622147 0.14902283 0.23659923 0.43500817 0.25481080 0.37226615 0.39606802 0.43632022 0.03583184 0.42793817 0.44233213 0.44106424 0.41014197 0.49008413 0.24593726 0.32058662 -0.20368517 0.24146052 0.21210033 0.21734991 -0.12272252 0.21204318 -0.03132222 0.41209269 0.29729538 0.37707724 0.03302737 0.45710111 0.30649050 0.30593833 0.32828788 0.52043723 0.08475540 0.35444065 0.55188371 0.40046718 0.44424554 0.37875346 0.31117715 0.39124462 0.48811221 0.42162636
0.56557051 0.28151924 0.46123121 0.53111295 0.34792100 0.48306811 0.48145887 0.36865319 0.50808939 0.27819919 0.27989371 0.44851459 0.39701495 0.41879683 0.43636629 0.43302790 0.45115572 0.27808121 0.36849672 0.15502637 0.30422401 0.39800824 0.15153843 0.02863307 0.30722868 0.36600583 1.00000000 0.10319970 0.42166212 0.47878584 0.14864559 0.35265357 0.33753476 0.49762085 0.40386267 0.45608302 0.23535797 0.39332182 0.07625662 0.59343330 0.28350432 0.45565265 0.49484716 0.35817666 0.07646988 0.55563733 0.47265669 0.56808911 0.43441468 0.55773889 0.34576535 0.27862320 -0.08269410 0.11901656 0.22000224 0.28156444 -0.17098250 0.32551376 0.19711203 0.44485616 0.34089228 0.36999287 0.10382949 0.41867853 0.37277549 0.36019192 0.23843021 0.32213365 0.07287530 0.39318353 0.40830613 0.41047300 0.43159106 0.46397515 0.00539877 0.44050890 0.55824495 0.39881233
0.01202397 0.18369899 -0.02354675 0.12693785 -0.03862222 0.14687234 0.17290965 0.05672073 0.05183375 -0.08204670 -0.01236813 0.01169793 -0.01022756 0.07444949 -0.02260168 -0.08708608 -0.06953906 -0.01863373 -0.16408579 0.04893218 0.00154184 0.16320728 -0.02889999 0.04005505 -0.08160203 -0.04858187 0.10319970 1.00000000 0.32568643 0.30167084 0.03110233 0.50620715 0.38268182 0.22941742 0.27826889 0.08893067 0.20556338 0.26460723 0.12729609 0.05020343 0.13074955 0.07439313 0.07279680 -0.04905280 0.27016106 0.06163593 0.04431214 0.10033918 -0.06129620 0.05006138 0.25405732 0.03475620 0.23782103 0.26736541 0.07563210 0.07567089 0.04148102 0.10038450 0.25817196 -0.06874379 0.23080782 0.05482979 0.10201571 0.00019346 0.28958328 0.19842315 0.28343866 0.04557088 0.37585623 0.05082925 0.12238371 0.14264788 0.05924623 0.10649268 0.06478584 0.18498361 0.06620200 0.15504394
0.26568029 0.17207605 0.23630071 0.42038373 0.33571717 0.40853123 0.47602451 0.20770559 0.36370203 0.35608484 0.30469103 0.26186931 0.42296985 0.41745697 0.27096904 0.25976411 0.31454601 0.33589777 0.32313351 0.25515982 0.34843153 0.48961033 0.20093176 0.20759297 0.37115277 0.37718265 0.42166212 0.32568643 1.00000000 0.38093729 0.32664342 0.52810476 0.70191836 0.41267197 0.37307571 0.52891357 0.60069572 0.51344281 0.37212284 0.38830409 0.32034840 0.43245853 0.34103203 0.44527675 0.16707931 0.39852805 0.36155269 0.47648547 0.39120841 0.49594609 0.29760139 0.44070214 -0.08852520 0.23546060 0.27928494 0.38818135 -0.20123006 0.08518988 0.09315849 0.32611491 0.29182863 0.46392741 -0.02888412 0.51779337 0.45927740 0.45981799 0.42348920 0.49866703 0.20015586 0.42135347 0.52223827 0.48747297 0.41032889 0.49059690 0.28415406 0.47535581 0.56701160 0.42356457
0.64415345 0.43270133 0.63610387 0.68414094 0.52207929 0.70023748 0.66947489 0.64095745 0.69495513 0.47096524 0.40509792 0.65135775 0.41068037 0.40439085 0.49699957 0.44867992 0.49903815 0.31098228 0.37019545 0.24762990 0.38386862 0.46733458 0.16711113 0.07691219 0.34358550 0.30532426 0.47878584 0.30167084 0.38093729 1.00000000 0.22000882 0.26961401 0.36809755 0.28506409 0.57214612 0.54702233 0.30548625 0.20088645 0.24214476 0.48822019 0.21847890 0.40197852 0.51335266 0.24833292 0.20601378 0.50820943 0.48835296 0.57187534 0.44068237 0.55605360 0.32485759 0.20762937 -0.03528185 0.41154641 0.34141858 0.27955830 -0.12903258 0.24697186 0.30872666 0.37966792 0.43282406 0.33971765 0.17201408 0.40941882 0.41186828 0.23497174 0.37100285 0.23733973 0.32684227 0.12930353 0.45737076 0.51354183 0.45182845 0.51179318 0.02186564 0.46291528 0.51065746 0.44973238
0.13511825 0.28049365 0.08414199 0.03662631 0.34692573 0.13830832 0.27927814 0.00642751 0.24963707 0.33660769 0.46528907 0.09115928 0.45829142 0.06692222 0.16786105 0.30897506 -0.00467295 0.33618030 0.22196867 0.26111562 0.19035491 0.02742410 0.10968199 0.16792866 0.34575133 0.19751850 0.14864559 0.03110233 0.32664342 0.22000882 1.00000000 0.18941235 0.23380094 0.13155034 0.12143705 0.32998296 0.40972255 0.30885444 0.37168327 0.10648428 0.43308598 0.14928161 -0.09914095 0.46944719 0.22939674 -0.02095884 0.02858989 0.14631014 0.20357177 0.22645250 -0.08104623 0.43071570 0.16076476 0.11444079 0.32853253 0.37953654 0.10295249 0.20458743 -0.18865400 0.22715067 0.27211616 0.30626390 0.10014529 0.14045836 0.14592623 0.27658193 0.02348223 0.28580066 -0.11615564 0.15763450 0.23864157 0.11714648 0.08384587 0.14221299 0.39725184 0.23505861 0.26437200 -0.00134279
0.16065066 0.06997536 0.05775696 0.27890683 -0.04095685 0.25280787 0.30376301 0.07200113 0.18892248 -0.01601457 0.00912957 0.04772366 0.21740043 0.16894652 0.05966221 0.09779945 0.06254147 0.18773483 -0.00172045 -0.00812062 0.14623868 0.27515644 0.00907922 0.01334776 0.03337583 0.13877341 0.35265357 0.50620715 0.52810476 0.26961401 0.18941235 1.00000000 0.49099518 0.61374623 0.26529389 0.30225371 0.19572831 0.38359687 -0.02981305 0.28829612 0.24565733 0.21599672 0.23117975 0.15174302 0.34772284 0.26731792 0.24461573 0.28079981 0.18153595 0.32313672 0.43916398 0.10497076 0.00008526 0.05039172 0.16101672 0.28413578 -0.19993324 0.24513586 0.08659594 0.13761030 0.35559864 0.21482425 -0.02501050 0.19079097 0.39378345 0.31944614 0.30510075 0.31217572 0.28323320 0.34758210 0.35835986 0.29445161 0.26768764 0.25504194 0.16458117 0.44034702 0.29874221 0.27307619
0.22512515 0.18083187 0.19221954 0.36473171 0.29525597 0.36205929 0.45913675 0.12313186 0.28525197 0.31964069 0.25887815 0.15301156 0.44846682 0.31241770 0.24198583 0.15267300 0.20105891 0.25426788 0.25069282 0.29632720 0.23006145 0.41651052 0.07846072 0.15650344 0.25786452 0.26957083 0.33753476 0.38268182 0.70191836 0.36809755 0.23380094 0.49099518 1.00000000 0.24655796 0.30640371 0.46769847 0.53654569 0.62531999 0.34695782 0.27668386 0.29163445 0.38389409 0.22025575 0.41798572 0.14364695 0.32125519 0.30194603 0.43464637 0.33366851 0.43733130 0.23338206 0.43255149 -0.07500615 0.20982978 0.22117184 0.47776040 -0.27076692 0.11939869 0.06030931 0.24576501 0.27816204 0.37859330 -0.09385426 0.41339871 0.49590415 0.34782253 0.32163963 0.35033728 0.13110294 0.38406800 0.44104101 0.35892685 0.28924914 0.44129688 0.25878840 0.43877875 0.48558444 0.33442608
0.38393879 0.00584235 0.17048777 0.41922607 -0.01973824 0.33686006 0.28867906 0.24211484 0.29131609 -0.06057917 -0.05703116 0.15818259 0.26865408 0.26897794 0.21808974 0.27110257 0.25898280 0.32382955 0.11903412 -0.22502464 0.30134610 0.25383247 0.08611942 -0.13496808 0.06700887 0.27312005 0.49762085 0.22941742 0.41267197 0.28506409 0.13155034 0.61374623 0.24655796 1.00000000 0.13800719 0.49293856 -0.01690302 0.09305750 -0.18490184 0.53955171 0.30413359 0.21792293 0.39759579 0.09981960 0.22043291 0.35243961 0.33778843 0.37864382 0.40789251 0.38916607 0.48766787 0.08774864 -0.16287525 -0.04082654 0.05051675 0.23971840 -0.32328682 0.23058466 -0.00264828 0.29207985 0.36250942 0.24253979 -0.06725253 0.31824856 0.32017282 0.27216558 0.36144589 0.41385992 0.17489695 0.41143884 0.40506705 0.42775532 0.44147787 0.29846171 -0.00162501 0.52207874 0.40815021 0.41442061
0.36301570 0.44819421 0.44023404 0.40212300 0.39977076 0.45327300 0.48841595 0.43702848 0.48978140 0.40337361 0.41869245 0.46192676 0.24181507 0.42508983 0.30090163 0.26033834 0.39892359 0.21818653 0.28658980 0.31630613 0.26275816 0.41660634 0.29286352 0.27885612 0.33567686 0.29869690 0.40386267 0.27826889 0.37307571 0.57214612 0.12143705 0.26529389 0.30640371 0.13800719 1.00000000 0.29796738 0.38202918 0.19563653 0.41373289 0.34605386 0.14617203 0.42502928 0.45993588 0.16962043 0.13316321 0.40478282 0.43364140 0.45278141 0.28184989 0.41984563 0.35610920 0.18787040 0.11742420 0.38740480 0.36632832 0.12884494 0.07152174 0.13410330 0.41663861 0.28310955 0.30150516 0.26738166 0.31022991 0.34236072 0.32149476 0.32415850 0.36518959 0.21189129 0.37113491 0.14471366 0.28824747 0.36179113 0.27906652 0.39030698 0.09737900 0.27775023 0.32858613 0.41202272
0.61864505 0.24684291 0.48072624 0.60640478 0.49488791 0.59936965 0.56774247 0.50526186 0.58770443 0.48138980 0.27323483 0.45494483 0.50384526 0.52483581 0.57520813 0.53012223 0.53434584 0.53991328 0.50460841 0.12046530 0.57162030 0.58363840 0.35935755 0.04920641 0.48161130 0.56111921 0.45608302 0.08893067 0.52891357 0.54702233 0.32998296 0.30225371 0.46769847 0.49293856 0.29796738 1.00000000 0.39189088 0.13401676 0.28567998 0.61210578 0.37321784 0.40671065 0.48811869 0.43566091 0.10274716 0.47886947 0.51655729 0.59306008 0.59374349 0.56869847 0.30476141 0.41342767 -0.30432118 0.23696383 0.16407302 0.36011466 -0.32595111 0.20375581 -0.01996852 0.47799197 0.40205444 0.48473864 -0.08116132 0.57977340 0.38488665 0.27456766 0.44190207 0.47978086 0.11981577 0.35282937 0.60905737 0.59969242 0.55001894 0.55852653 0.09527736 0.53069839 0.63984383 0.53046843
0.06531319 0.29871196 0.12916960 0.11426900 0.41986744 0.19083437 0.38050782 0.07319963 0.21663683 0.46284417 0.51562659 0.17825109 0.34366572 0.38446040 0.16638196 0.19861717 0.20569297 0.19631063 0.30682024 0.50070087 0.19906711 0.39276501 0.35288657 0.51577373 0.54340674 0.30622147 0.23535797 0.20556338 0.60069572 0.30548625 0.40972255 0.19572831 0.53654569 -0.01690302 0.38202918 0.39189088 1.00000000 0.48697595 0.63978303 0.11761054 0.36092787 0.43865616 0.06125098 0.41961277 0.19458749 0.18416093 0.16788054 0.27215199 0.17558491 0.33542239 0.07777702 0.57077805 0.14033810 0.32062787 0.35867816 0.39664757 0.15133166 0.11301473 0.13213509 0.22867986 0.25366034 0.42910281 0.20946415 0.38294003 0.28095012 0.33968573 0.25230403 0.25143866 0.25857797 0.13292494 0.28386708 0.22673885 0.13975219 0.35395887 0.23906626 0.23687876 0.37628822 0.17034483
0.08396446 0.20608813 0.13220295 0.12830158 0.26754870 0.17845036 0.30538815 -0.09363852 0.17746532 0.24704984 0.38716189 0.07461407 0.41431347 0.08105858 0.08562532 0.10701611 -0.01892743 0.10193254 0.19528357 0.39280993 0.03747140 0.15088942 -0.02096635 0.22615814 0.20188547 0.14902283 0.39332182 0.26460723 0.51344281 0.20088645 0.30885444 0.38359687 0.62531999 0.09305750 0.19563653 0.13401676 0.48697595 1.00000000 0.15843461 0.04412478 0.22837843 0.37013767 -0.01768442 0.49179143 0.16992651 0.17963667 0.10940487 0.24503911 0.11877804 0.30172130 0.00838418 0.39314367 0.13057372 0.04875653 0.33861740 0.39653899 0.02057643 0.22454730 0.03353221 0.18287250 0.15826119 0.29105494 0.09194675 0.18819911 0.32973668 0.34087741 -0.04913892 0.17596799 -0.05827759 0.26038096 0.24605029 0.06242426 0.05752075 0.20488646 0.39245164 0.25836651 0.36785773 -0.00877199
0.08656782 0.35068987 0.16595866 0.09353177 0.43737691 0.17154051 0.33200267 0.17132045 0.21909778 0.52750523 0.42745528 0.23052137 0.26756577 0.31140593 0.20958376 0.15781081 0.25843435 0.22608924 0.29098399 0.38415229 0.25340012 0.31644705 0.27245020 0.37014486 0.48351456 0.23659923 0.07625662 0.12729609 0.37212284 0.24214476 0.37168327 -0.02981305 0.34695782 -0.18490184 0.41373289 0.28567998 0.63978303 0.15843461 1.00000000 0.07218138 0.16494391 0.29375551 0.10415998 0.32867278 -0.03561931 0.12562935 0.16709225 0.20750981 0.15980532 0.21000376 -0.03171970 0.40949727 0.18720804 0.41399982 0.31634882 0.19983882 0.23583801 0.00880227 0.13160832 0.24935627 0.10972634 0.29225645 0.18102697 0.31543827 0.17459860 0.29856546 0.21457103 0.17029224 0.10403018 0.06003392 0.16406241 0.18969845 0.10319353 0.30253761 0.26786889 0.04988082 0.20110150 0.20876335
0.70569711 0.29968222 0.55226563 0.66198427 0.39699137 0.61419464 0.55839831 0.55941975 0.62759741 0.37391534 0.25764327 0.51036657 0.48705789 0.49265192 0.55776382 0.52067953 0.61795108 0.46426401 0.45757917 -0.03426395 0.52056951 0.48695579 0.18284256 -0.07005595 0.34422358 0.43500817 0.59343330 0.05020343 0.38830409 0.48822019 0.10648428 0.28829612 0.27668386 0.53955171 0.34605386 0.61210578 0.11761054 0.04412478 0.07218138 1.00000000 0.36233285 0.47470840 0.74664642 0.33908345 0.01827354 0.73172742 0.70082031 0.77236000 0.76624969 0.73442774 0.54995083 0.31209767 -0.26612489 0.20227652 0.16968363 0.37250953 -0.32443466 0.29963870 0.08002639 0.60658260 0.45186706 0.44697850 0.03563827 0.64900017 0.41228394 0.22024578 0.47032023 0.49377552 0.15281802 0.43555441 0.59203817 0.65803011 0.64356784 0.61685519 -0.02213707 0.54406435 0.62369021 0.66050097
0.23709407 0.23539509 0.07240785 0.17227015 0.19484703 0.21362864 0.29177160 0.07832736 0.25507653 0.13799514 0.28212322 0.05947064 0.39302629 0.30333364 0.21099583 0.33984646 0.10133628 0.27994208 0.18117709 0.16974121 0.18931264 0.17111149 0.17602559 0.16479514 0.30990620 0.25481080 0.28350432 0.13074955 0.32034840 0.21847890 0.43308598 0.24565733 0.29163445 0.30413359 0.14617203 0.37321784 0.36092787 0.22837843 0.16494391 0.36233285 1.00000000 0.30293478 0.04817452 0.38212478 0.48297738 0.15766630 0.10149770 0.28065806 0.37756806 0.41735478 0.31459382 0.54284584 0.10809108 0.05405298 0.17911697 0.42877524 -0.11321171 0.22444309 -0.07714745 0.18522759 0.39518960 0.34451656 0.13410626 0.21097028 0.26061648 0.26856345 0.23015802 0.31562182 0.16787407 0.16121924 0.29303898 0.26104707 0.19994753 0.25190422 0.14210384 0.37414858 0.39019737 0.15375481
0.41773140 0.31915779 0.49686914 0.42801082 0.44530791 0.42376594 0.49014236 0.35109700 0.49672360 0.47125758 0.51058416 0.43571444 0.42762613 0.38434211 0.30930797 0.38346389 0.41616091 0.29136643 0.37855052 0.34174430 0.27610267 0.38098037 0.24600261 0.29944313 0.45005889 0.37226615 0.45565265 0.07439313 0.43245853 0.40197852 0.14928161 0.21599672 0.38389409 0.21792293 0.42502928 0.40671065 0.43865616 0.37013767 0.29375551 0.47470840 0.30293478 1.00000000 0.51145499 0.43117431 0.06731389 0.60958993 0.59485241 0.61586869 0.54329507 0.56235301 0.35090223 0.51189496 0.15136870 0.24758468 0.50643657 0.39891270 0.12735483 0.32232022 0.25387199 0.45635707 0.39563600 0.40896171 0.43309574 0.50721340 0.40311901 0.28297870 0.23053357 0.34312752 0.19258737 0.30876970 0.37939060 0.37339485 0.31701446 0.45195165 0.22691781 0.43506543 0.51730375 0.34877839
0.66747774 0.27538754 0.65868068 0.72915464 0.38817968 0.65139585 0.58863628 0.67298006 0.64877214 0.39714439 0.24027869 0.65420026 0.34530437 0.43130909 0.50031894 0.46073566 0.68501842 0.38590304 0.40204520 -0.01450300 0.51010009 0.51590807 0.18536945 -0.05804769 0.33386302 0.39606802 0.49484716 0.07279680 0.34103203 0.51335266 -0.09914095 0.23117975 0.22025575 0.39759579 0.45993588 0.48811869 0.06125098 -0.01768442 0.10415998 0.74664642 0.04817452 0.51145499 1.00000000 0.15381152 -0.14213366 0.81265096 0.74872782 0.72141395 0.68787226 0.69150480 0.55525529 0.07111208 -0.27165204 0.32316412 0.25194386 0.17436155 -0.24303872 0.16055896 0.30950450 0.56213688 0.33151958 0.34439786 0.13348198 0.66467403 0.36700843 0.20036442 0.47922663 0.43354816 0.19537602 0.34963756 0.51272861 0.67998777 0.64029056 0.59468049 -0.02819447 0.48320947 0.56697665 0.69903431
0.38387593 0.30642998 0.34719412 0.31977925 0.54816408 0.36155316 0.45053408 0.18077946 0.45246046 0.53592478 0.47309997 0.29537468 0.60246862 0.29344092 0.43072377 0.43569267 0.27185631 0.41791501 0.50462919 0.39098283 0.35845356 0.30480710 0.13014538 0.13953441 0.44197410 0.43632022 0.35817666 -0.04905280 0.44527675 0.24833292 0.46944719 0.15174302 0.41798572 0.09981960 0.16962043 0.43566091 0.41961277 0.49179143 0.32867278 0.33908345 0.38212478 0.43117431 0.15381152 1.00000000 0.06813993 0.30312465 0.32170601 0.47884182 0.39853842 0.51222426 -0.07756786 0.58378770 -0.07434624 0.14308351 0.35742234 0.35815043 -0.08154767 0.17435046 -0.15621288 0.42677226 0.16230569 0.42147638 -0.02190151 0.37405513 0.33078243 0.45440714 0.07293424 0.39665269 -0.22059870 0.33557684 0.48618571 0.31039559 0.33930900 0.39715382 0.48480780 0.30639817 0.57018922 0.18421354
-0.05500590 0.03315556 -0.13799999 -0.02613790 -0.09046963 0.06876410 0.00193031 -0.09976299 0.00111433 -0.15258689 0.04134518 -0.11347301 -0.00313043 0.13755370 -0.12773042 0.00260918 -0.22236698 0.05589330 -0.08167657 0.16812077 -0.12591962 -0.03868150 0.09979867 0.22009032 -0.02480168 0.03583184 0.07646988 0.27016106 0.16707931 0.20601378 0.22939674 0.34772284 0.14364695 0.22043291 0.13316321 0.10274716 0.19458749 0.16992651 -0.03561931 0.01827354 0.48297738 0.06731389 -0.14213366 0.06813993 1.00000000 -0.13074989 -0.13739245 -0.02456174 -0.05171560 0.08904489 0.31035043 0.22560317 0.23141563 -0.04272965 0.06546844 0.11081775 -0.00560993 0.08633569 0.14114917 -0.21001480 0.29162946 0.11970111 0.09612193 -0.11946443 0.21263156 0.17551914 0.06130002 0.06697904 0.40115717 -0.02930568 0.09233328 0.02274746 -0.06032189 -0.05467589 0.07013857 0.16134961 0.06704068 -0.00815288
0.66508477 0.33876299 0.65658456 0.70304270 0.44467018 0.60780884 0.64502075 0.58559561 0.64348081 0.47294713 0.36540395 0.63397443 0.45286270 0.44177078 0.55088976 0.53662227 0.68408355 0.38855321 0.48904645 0.14465722 0.50098451 0.56454924 0.17215089 0.05218033 0.44891995 0.42793817 0.55563733 0.06163593 0.39852805 0.50820943 -0.02095884 0.26731792 0.32125519 0.35243961 0.40478282 0.47886947 0.18416093 0.17963667 0.12562935 0.73172742 0.15766630 0.60958993 0.81265096 0.30312465 -0.13074989 1.00000000 0.71878047 0.75996439 0.68516352 0.75225855 0.50275543 0.19129268 -0.18910858 0.30885536 0.33864043 0.36694198 -0.18096358 0.35687210 0.24572373 0.60073441 0.42707090 0.40581641 0.19678089 0.66695766 0.41897049 0.23481633 0.40820190 0.44881971 0.17637802 0.40496894 0.56376092 0.60011478 0.58975817 0.66468304 0.06963501 0.51884980 0.62454037 0.58628255
0.63529901 0.36213793 0.62858161 0.61733783 0.47272168 0.58527989 0.58541832 0.58018723 0.62017135 0.51701474 0.34546069 0.59193052 0.46830104 0.41050018 0.51086721 0.47905052 0.62435135 0.41197435 0.47403767 0.08388893 0.47400623 0.50854901 0.22561962 0.02207041 0.39935818 0.44233213 0.47265669 0.04431214 0.36155269 0.48835296 0.02858989 0.24461573 0.30194603 0.33778843 0.43364140 0.51655729 0.16788054 0.10940487 0.16709225 0.70082031 0.10149770 0.59485241 0.74872782 0.32170601 -0.13739245 0.71878047 1.00000000 0.77686616 0.66965567 0.67041029 0.49527515 0.30549127 -0.22429989 0.30417674 0.36279035 0.29770823 -0.16084373 0.30311244 0.17988605 0.64298822 0.33494020 0.40911757 0.14006511 0.61551430 0.43550181 0.19788445 0.37117986 0.42493061 0.10448262 0.39032287 0.53053822 0.56064692 0.56807074 0.56491862 0.07863327 0.45020722 0.56420718 0.58321227
0.69797726 0.38027694 0.64491547 0.70411194 0.53463817 0.65805085 0.67259212 0.56935077 0.69846436 0.54648167 0.42399618 0.60349697 0.56641106 0.47168006 0.59291694 0.53333224 0.61809411 0.42236389 0.49175302 0.19648454 0.49109240 0.54837796 0.16329755 0.02499148 0.44614764 0.44106424 0.56808911 0.10033918 0.47648547 0.57187534 0.14631014 0.28079981 0.43464637 0.37864382 0.45278141 0.59306008 0.27215199 0.24503911 0.20750981 0.77236000 0.28065806 0.61586869 0.72141395 0.47884182 -0.02456174 0.75996439 0.77686616 1.00000000 0.75014935 0.77922913 0.42501969 0.39481024 -0.17033190 0.32627210 0.34992923 0.45419520 -0.23521001 0.31537897 0.17284355 0.63851944 0.44398890 0.47023647 0.12662257 0.68635281 0.48326677 0.29082903 0.43504810 0.46177630 0.12428303 0.43240283 0.61281158 0.64389401 0.59090063 0.69423816 0.10795381 0.55913855 0.69205912 0.59079354
0.66680804 0.30155329 0.58853985 0.64617997 0.46980106 0.59311433 0.59508805 0.55057000 0.62214789 0.47618680 0.37642788 0.52112945 0.61433051 0.40100478 0.52375844 0.55039102 0.61017240 0.51700754 0.47516712 -0.02182253 0.54045784 0.40719245 0.16555408 -0.03007479 0.42555689 0.41014197 0.43441468 -0.06129620 0.39120841 0.44068237 0.20357177 0.18153595 0.33366851 0.40789251 0.28184989 0.59374349 0.17558491 0.11877804 0.15980532 0.76624969 0.37756806 0.54329507 0.68787226 0.39853842 -0.05171560 0.68516352 0.66965567 0.75014935 1.00000000 0.76101647 0.43184881 0.37931578 -0.24894205 0.18484069 0.33228538 0.50737235 -0.28857072 0.24381688 -0.04353542 0.67533533 0.40434805 0.45819772 0.09597450 0.70836335 0.36187047 0.18248791 0.37676441 0.51572359 -0.02313876 0.44467063 0.56319479 0.63541069 0.58914043 0.58108004 0.10546986 0.55754294 0.64687497 0.58454610
0.67162219 0.39528076 0.60776932 0.68139959 0.51102323 0.62232100 0.71225632 0.51879532 0.66870824 0.52434209 0.48212887 0.58436674 0.62016130 0.47605856 0.59079706 0.61293875 0.62496317 0.50430947 0.54139426 0.19911568 0.53112477 0.54312920 0.20272278 0.13185324 0.51814922 0.49008413 0.55773889 0.05006138 0.49594609 0.55605360 0.22645250 0.32313672 0.43733130 0.38916607 0.41984563 0.56869847 0.33542239 0.30172130 0.21000376 0.73442774 0.41735478 0.56235301 0.69150480 0.51222426 0.08904489 0.75225855 0.67041029 0.77922913 0.76101647 1.00000000 0.48123888 0.41108404 -0.20755388 0.25977049 0.39268403 0.50586970 -0.25642254 0.33558896 0.08932336 0.61861391 0.43725922 0.46002660 0.12067434 0.65838472 0.44637148 0.31475219 0.38702352 0.55138078 0.11568647 0.40405867 0.60641466 0.60967630 0.57241996 0.64216657 0.15482289 0.60182023 0.70659746 0.53471141
0.32286282 0.13742827 0.23584328 0.40982959 0.03923189 0.34946669 0.35397419 0.32387104 0.27797140 0.04617400 0.04417359 0.25887307 0.15273578 0.33270210 0.13987284 0.24316652 0.29300535 0.25607704 0.10793734 -0.04202318 0.24274658 0.33302974 0.18494081 0.11104137 0.15922455 0.24593726 0.34576535 0.25405732 0.29760139 0.32485759 -0.08104623 0.43916398 0.23338206 0.48766787 0.35610920 0.30476141 0.07777702 0.00838418 -0.03171970 0.54995083 0.31459382 0.35090223 0.55525529 -0.07756786 0.31035043 0.50275543 0.49527515 0.42501969 0.43184881 0.48123888 1.00000000 0.11072493 -0.05366183 0.14100709 0.14419729 0.22444107 -0.23582714 0.21283134 0.28553880 0.19656539 0.42664834 0.29310717 0.14610688 0.37425635 0.40165069 0.21638972 0.43838021 0.38514869 0.48413445 0.29486717 0.36222423 0.41299831 0.37016004 0.32928367 -0.04447487 0.48788828 0.34240833 0.49785953
0.19107690 0.23406710 0.14638367 0.13685071 0.39444091 0.16379080 0.29311954 0.02554877 0.24334602 0.38549233 0.44237956 0.10718875 0.44342777 0.31449579 0.18732096 0.27388978 0.13390739 0.27277200 0.32707842 0.38086097 0.13891959 0.23350285 0.22451162 0.31354990 0.44234793 0.32058662 0.27862320 0.03475620 0.44070214 0.20762937 0.43071570 0.10497076 0.43255149 0.08774864 0.18787040 0.41342767 0.57077805 0.39314367 0.40949727 0.31209767 0.54284584 0.51189496 0.07111208 0.58378770 0.22560317 0.19129268 0.30549127 0.39481024 0.37931578 0.41108404 0.11072493 1.00000000 0.15380669 0.16898612 0.31137510 0.44241029 0.06572099 0.22771184 -0.01025111 0.29075498 0.31475659 0.46947872 0.18215392 0.39028402 0.33122407 0.30681522 0.10019465 0.29537318 0.02936635 0.25909523 0.27865796 0.19526483 0.12033652 0.31202339 0.25354954 0.26946565 0.42344769 0.12892021
-0.24790233 0.16246252 -0.15623566 -0.28438524 -0.06767307 -0.20315888 -0.10821705 -0.20334479 -0.17388900 -0.07414654 0.22481028 -0.13018580 -0.06747306 -0.12718025 -0.25459335 -0.16277907 -0.27547941 -0.16042097 -0.20168878 0.20852237 -0.29551644 -0.24588371 -0.06229961 0.25458898 -0.05924985 -0.20368517 -0.08269410 0.23782103 -0.08852520 -0.03528185 0.16076476 0.00008526 -0.07500615 -0.16287525 0.11742420 -0.30432118 0.14033810 0.13057372 0.18720804 -0.26612489 0.10809108 0.15136870 -0.27165204 -0.07434624 0.23141563 -0.18910858 -0.22429989 -0.17033190 -0.24894205 -0.20755388 -0.05366183 0.15380669 1.00000000 0.18016704 0.36679921 0.07877892 0.65301444 0.23189474 0.32395214 -0.14443985 0.18170877 -0.02635256 0.62329429 -0.22351995 0.05191935 0.10444584 -0.20641362 -0.20502807 0.15334029 -0.10237967 -0.32356116 -0.32600014 -0.40637071 -0.22955804 0.20121611 -0.13001274 -0.25496068 -0.27175400
0.25888762 0.47831038 0.35301634 0.28989158 0.40482553 0.32255493 0.41652869 0.37003658 0.35646664 0.39844856 0.36991136 0.39119444 0.18691928 0.27328917 0.32049513 0.18833282 0.32115180 0.17633708 0.25581582 0.26792262 0.23408790 0.33329825 0.22857861 0.19690776 0.30251601 0.24146052 0.11901656 0.26736541 0.23546060 0.41154641 0.11444079 0.05039172 0.20982978 -0.04082654 0.38740480 0.23696383 0.32062787 0.04875653 0.41399982 0.20227652 0.05405298 0.24758468 0.32316412 0.14308351 -0.04272965 0.30885536 0.30417674 0.32627210 0.18484069 0.25977049 0.14100709 0.16898612 0.18016704 1.00000000 0.40525058 0.12420633 0.22671553 0.13685496 0.44538324 0.31258531 0.30216143 0.31041023 0.30673222 0.43777972 0.32866575 0.22183071 0.37438602 0.13594656 0.28504908 0.04812192 0.26535027 0.30864809 0.23714707 0.34277520 0.14525088 0.15563540 0.19269691 0.38178863
0.26967495 0.45127989 0.41364316 0.23103705 0.41668591 0.28400044 0.46372420 0.25768554 0.39524450 0.45599008 0.61959301 0.40677436 0.41978823 0.14253725 0.18463049 0.32579922 0.26522959 0.23893338 0.25331514 0.30876467 0.17303943 0.14126227 0.17005955 0.29734655 0.40796984 0.21210033 0.22000224 0.07563210 0.27928494 0.34141858 0.32853253 0.16101672 0.22117184 0.05051675 0.36632832 0.16407302 0.35867816 0.33861740 0.31634882 0.16968363 0.17911697 0.50643657 0.25194386 0.35742234 0.06546844 0.33864043 0.36279035 0.34992923 0.33228538 0.39268403 0.14419729 0.31137510 0.36679921 0.40525058 1.00000000 0.38568569 0.37968247 0.41995896 0.27757727 0.52291687 0.38895577 0.36585311 0.58775852 0.36550030 0.35032428 0.30369537 0.05088427 0.28142050 0.02406965 0.23898810 0.22797784 0.19027131 0.12820351 0.27638526 0.35836659 0.34102233 0.35751338 0.16139252
0.29907131 0.25950501 0.21702325 0.28179586 0.26952610 0.23951476 0.45650192 0.11111363 0.28045177 0.34218767 0.41777252 0.18459551 0.56537030 0.21060111 0.26747749 0.35467478 0.25729806 0.29054438 0.24887527 0.17534217 0.24948652 0.27588253 0.04429924 0.16501777 0.39416395 0.21734991 0.28156444 0.07567089 0.38818135 0.27955830 0.37953654 0.28413578 0.47776040 0.23971840 0.12884494 0.36011466 0.39664757 0.39653899 0.19983882 0.37250953 0.42877524 0.39891270 0.17436155 0.35815043 0.11081775 0.36694198 0.29770823 0.45419520 0.50737235 0.50586970 0.22444107 0.44241029 0.07877892 0.12420633 0.38568569 1.00000000 -0.05623506 0.47048310 -0.14837681 0.47015719 0.53765487 0.40546865 0.18628709 0.46950084 0.39292580 0.11441910 0.15367825 0.35793994 0.00557197 0.35656683 0.37398098 0.25275081 0.19815844 0.41242473 0.18877720 0.47661062 0.45278685 0.15362289
-0.26370159 0.21870372 -0.08509512 -0.36669703 0.03470034 -0.27312272 -0.14415723 -0.19219086 -0.17879318 0.03563023 0.29103245 -0.05555754 -0.10538084 -0.16768978 -0.23762423 -0.12374829 -0.17993570 -0.15731645 -0.13527462 0.19274060 -0.24782126 -0.23233358 0.10901104 0.32680179 0.04551604 -0.12272252 -0.17098250 0.04148102 -0.20123006 -0.12903258 0.10295249 -0.19993324 -0.27076692 -0.32328682 0.07152174 -0.32595111 0.15133166 0.02057643 0.23583801 -0.32443466 -0.11321171 0.12735483 -0.24303872 -0.08154767 -0.00560993 -0.18096358 -0.16084373 -0.23521001 -0.28857072 -0.25642254 -0.23582714 0.06572099 0.65301444 0.22671553 0.37968247 -0.05623506 1.00000000 0.26800644 0.28295496 -0.02019581 0.06418711 0.00769871 0.67642957 -0.16488426 -0.07466026 -0.09471455 -0.30269701 -0.22895866 0.05165734 -0.15122382 -0.38681140 -0.40998082 -0.43304004 -0.30718568 0.11425107 -0.29466140 -0.35921890 -0.30437191
0.31598624 0.34255546 0.25903234 0.16834022 0.21516336 0.16432228 0.31418904 0.11010971 0.24086225 0.19628221 0.34628865 0.21952995 0.33702187 0.11570803 0.20764445 0.35867125 0.19897986 0.20391261 0.20163665 0.11921957 0.17224696 0.21398499 0.17385683 0.17216670 0.30881013 0.21204318 0.32551376 0.10038450 0.08518988 0.24697186 0.20458743 0.24513586 0.11939869 0.23058466 0.13410330 0.20375581 0.11301473 0.22454730 0.00880227 0.29963870 0.22444309 0.32232022 0.16055896 0.17435046 0.08633569 0.35687210 0.30311244 0.31537897 0.24381688 0.33558896 0.21283134 0.22771184 0.23189474 0.13685496 0.41995896 0.47048310 0.26800644 1.00000000 0.09843654 0.42127347 0.56053360 0.27801025 0.40420463 0.19433792 0.26736704 -0.00692754 -0.03136018 0.20526807 0.04161519 0.28538680 0.18512003 0.01941361 0.05220531 0.19016062 0.04671242 0.34659461 0.20595088 0.01697203
0.09249045 0.24177817 0.21550854 0.19010952 0.11763214 0.22425051 0.19608769 0.25555728 0.19296181 0.06432233 0.15525294 0.31191359 -0.12590554 0.12407760 -0.01705411 -0.05459367 0.10051678 -0.13572601 -0.05330076 0.20253980 -0.09302954 0.11355243 0.11064493 0.13167364 0.02677769 -0.03132222 0.19711203 0.25817196 0.09315849 0.30872666 -0.18865400 0.08659594 0.06030931 -0.00264828 0.41663861 -0.01996852 0.13213509 0.03353221 0.13160832 0.08002639 -0.07714745 0.25387199 0.30950450 -0.15621288 0.14114917 0.24572373 0.17988605 0.17284355 -0.04353542 0.08932336 0.28553880 -0.01025111 0.32395214 0.44538324 0.27757727 -0.14837681 0.28295496 0.09843654 1.00000000 0.03349186 0.24551300 0.22335961 0.40918328 0.19013649 0.34540022 0.16320075 0.19241341 -0.09524832 0.47606333 -0.05991830 -0.02721163 0.12209632 0.05108694 0.16882783 -0.11680237 0.04110834 0.02508042 0.23548009
0.62044762 0.45297060 0.58467401 0.52872386 0.52297035 0.52710512 0.59979599 0.50972845 0.59188741 0.56034123 0.48313253 0.55894145 0.62112101 0.32295756 0.53047161 0.53138640 0.61452805 0.43125178 0.48331531 0.05180984 0.52079856 0.39722621 0.16914908 0.00511824 0.45905900 0.41209269 0.44485616 -0.06874379 0.32611491 0.37966792 0.22715067 0.13761030 0.24576501 0.29207985 0.28310955 0.47799197 0.22867986 0.18287250 0.24935627 0.60658260 0.18522759 0.45635707 0.56213688 0.42677226 -0.21001480 0.60073441 0.64298822 0.63851944 0.67533533 0.61861391 0.19656539 0.29075498 -0.14443985 0.31258531 0.52291687 0.47015719 -0.02019581 0.42127347 0.03349186 1.00000000 0.37114939 0.47986034 0.24008795 0.67197336 0.39184641 0.18280301 0.24607184 0.44326508 -0.13949435 0.41389965 0.48962992 0.52333576 0.55513193 0.54120354 0.20383819 0.42034921 0.56408123 0.48349237
0.37283799 0.32742562 0.28945982 0.34655887 0.24219299 0.34915325 0.42624928 0.26581426 0.39077723 0.24791857 0.33510407 0.28948478 0.34549176 0.31827119 0.24826805 0.35276965 0.24993723 0.31775722 0.21004998 0.17113702 0.23532687 0.32291710 0.22081388 0.18922644 0.29510416 0.29729538 0.34089228 0.23080782 0.29182863 0.43282406 0.27211616 0.35559864 0.27816204 0.36250942 0.30150516 0.40205444 0.25366034 0.15826119 0.10972634 0.45186706 0.39518960 0.39563600 0.33151958 0.16230569 0.29162946 0.42707090 0.33494020 0.44398890 0.40434805 0.43725922 0.42664834 0.31475659 0.18170877 0.30216143 0.38895577 0.53765487 0.06418711 0.56053360 0.24551300 0.37114939 1.00000000 0.45003770 0.36042527 0.44555626 0.42206925 0.16157689 0.30596826 0.33416138 0.33211228 0.30388855 0.38491420 0.32010762 0.23455558 0.37936745 0.08083208 0.52391757 0.36849161 0.29847678
0.36388428 0.31366052 0.31813431 0.36660502 0.44169723 0.41737689 0.45905335 0.29843822 0.40198279 0.47508277 0.38227672 0.35107241 0.44364903 0.35870314 0.29549399 0.34777971 0.33102466 0.31836854 0.36942272 0.21416862 0.33468491 0.35899330 0.26419039 0.12526094 0.36916942 0.37707724 0.36999287 0.05482979 0.46392741 0.33971765 0.30626390 0.21482425 0.37859330 0.24253979 0.26738166 0.48473864 0.42910281 0.29105494 0.29225645 0.44697850 0.34451656 0.40896171 0.34439786 0.42147638 0.11970111 0.40581641 0.40911757 0.47023647 0.45819772 0.46002660 0.29310717 0.46947872 -0.02635256 0.31041023 0.36585311 0.40546865 0.00769871 0.27801025 0.22335961 0.47986034 0.45003770 1.00000000 0.17512992 0.59665528 0.54322848 0.28804289 0.29986067 0.36324001 0.18673399 0.35057072 0.45147256 0.40561255 0.39143068 0.44972610 0.19684761 0.34182932 0.49196018 0.37762616
0.07241121 0.36899210 0.22524169 0.00934213 0.17371448 0.05034746 0.18604075 0.13202691 0.16035706 0.16596217 0.46445616 0.21713915 0.13605428 0.03256119 -0.05104456 0.12096264 0.09323843 0.00528779 -0.01244957 0.21663790 -0.07509645 -0.04410062 0.15444697 0.32337004 0.20758295 0.03302737 0.10382949 0.10201571 -0.02888412 0.17201408 0.10014529 -0.02501050 -0.09385426 -0.06725253 0.31022991 -0.08116132 0.20946415 0.09194675 0.18102697 0.03563827 0.13410626 0.43309574 0.13348198 -0.02190151 0.09612193 0.19678089 0.14006511 0.12662257 0.09597450 0.12067434 0.14610688 0.18215392 0.62329429 0.30673222 0.58775852 0.18628709 0.67642957 0.40420463 0.40918328 0.24008795 0.36042527 0.17512992 1.00000000 0.12629589 0.13498239 0.02519235 -0.05649716 -0.00766820 0.20420928 0.01963719 -0.11719829 -0.06014332 -0.15766711 -0.02126986 0.09939956 0.10598098 0.00661318 0.00263172
0.54017252 0.30988210 0.51049666 0.57754757 0.48420339 0.52713045 0.59493597 0.48822678 0.55856685 0.51645657 0.39161683 0.50209663 0.50934629 0.45907140 0.46045785 0.44279666 0.59756871 0.42385969 0.47651612 0.11515283 0.51126058 0.50677821 0.25717412 0.09857878 0.49347069 0.45710111 0.41867853 0.00019346 0.51779337 0.40941882 0.14045836 0.19079097 0.41339871 0.31824856 0.34236072 0.57977340 0.38294003 0.18819911 0.31543827 0.64900017 0.21097028 0.50721340 0.66467403 0.37405513 -0.11946443 0.66695766 0.61551430 0.68635281 0.70836335 0.65838472 0.37425635 0.39028402 -0.22351995 0.43777972 0.36550030 0.46950084 -0.16488426 0.19433792 0.19013649 0.67197336 0.44555626 0.59665528 0.12629589 1.00000000 0.44849246 0.27737498 0.47017529 0.49146786 0.11612543 0.41347981 0.56422190 0.63295660 0.56880453 0.64534255 0.13589562 0.47889650 0.64006374 0.61052822
0.35295016 0.31864188 0.32925514 0.42523214 0.34290452 0.43593255 0.44292796 0.30152961 0.38828923 0.31381951 0.29007430 0.32681831 0.41895053 0.29988088 0.28739361 0.21641357 0.25964644 0.27056900 0.24392264 0.20493587 0.18721937 0.33534946 0.10480970 0.08850954 0.22753426 0.30649050 0.37277549 0.28958328 0.45927740 0.41186828 0.14592623 0.39378345 0.49590415 0.32017282 0.32149476 0.38488665 0.28095012 0.32973668 0.17459860 0.41228394 0.26061648 0.40311901 0.36700843 0.33078243 0.21263156 0.41897049 0.43550181 0.48326677 0.36187047 0.44637148 0.40165069 0.33122407 0.05191935 0.32866575 0.35032428 0.39292580 -0.07466026 0.26736704 0.34540022 0.39184641 0.42206925 0.54322848 0.13498239 0.44849246 1.00000000 0.36281576 0.33967694 0.31505820 0.26106594 0.38576722 0.42897918 0.42338778 0.39134215 0.45807987 0.21745252 0.43986515 0.47999828 0.43715191
0.22766545 0.19930707 0.17314726 0.26868001 0.29539238 0.28012557 0.35807803 0.17999013 0.33217309 0.24310547 0.29948088 0.21571149 0.32797508 0.28991846 0.22224228 0.24140354 0.16474111 0.27600261 0.26901308 0.31971962 0.21200684 0.22841956 0.10553259 0.14665828 0.26856872 0.30593833 0.36019192 0.19842315 0.45981799 0.23497174 0.27658193 0.31944614 0.34782253 0.27216558 0.32415850 0.27456766 0.33968573 0.34087741 0.29856546 0.22024578 0.26856345 0.28297870 0.20036442 0.45440714 0.17551914 0.23481633 0.19788445 0.29082903 0.18248791 0.31475219 0.21638972 0.30681522 0.10444584 0.22183071 0.30369537 0.11441910 -0.09471455 -0.00692754 0.16320075 0.18280301 0.16157689 0.28804289 0.02519235 0.27737498 0.36281576 1.00000000 0.36515909 0.40219182 0.16428717 0.35733420 0.44238812 0.42267010 0.37061062 0.42838723 0.46784493 0.40859896 0.56004258 0.35963551
0.34929679 0.21371655 0.27117267 0.45797360 0.23294773 0.42635767 0.42038664 0.44051504 0.39940270 0.23194756 0.10642794 0.31389390 0.18917871 0.43325714 0.34790675 0.24413022 0.42598783 0.31060908 0.24384353 0.04355680 0.40074766 0.46214513 0.25472569 0.04366906 0.27811601 0.32828788 0.23843021 0.28343866 0.42348920 0.37100285 0.02348223 0.30510075 0.32163963 0.36144589 0.36518959 0.44190207 0.25230403 -0.04913892 0.21457103 0.47032023 0.23015802 0.23053357 0.47922663 0.07293424 0.06130002 0.40820190 0.37117986 0.43504810 0.37676441 0.38702352 0.43838021 0.10019465 -0.20641362 0.37438602 0.05088427 0.15367825 -0.30269701 -0.03136018 0.19241341 0.24607184 0.30596826 0.29986067 -0.05649716 0.47017529 0.33967694 0.36515909 1.00000000 0.44192621 0.49254423 0.26478866 0.56459249 0.69243669 0.58885340 0.58538826 0.04672519 0.49107988 0.47283032 0.68186335
0.39270533 0.20868821 0.29670077 0.41955305 0.30469859 0.35820203 0.42961632 0.26908600 0.39081320 0.30664497 0.30224901 0.29314300 0.45754953 0.37029865 0.37391052 0.46488252 0.42940715 0.54539136 0.43716791 0.12709821 0.46477763 0.40573362 0.27784036 0.18940944 0.43704741 0.52043723 0.32213365 0.04557088 0.49866703 0.23733973 0.28580066 0.31217572 0.35033728 0.41385992 0.21189129 0.47978086 0.25143866 0.17596799 0.17029224 0.49377552 0.31562182 0.34312752 0.43354816 0.39665269 0.06697904 0.44881971 0.42493061 0.46177630 0.51572359 0.55138078 0.38514869 0.29537318 -0.20502807 0.13594656 0.28142050 0.35793994 -0.22895866 0.20526807 -0.09524832 0.44326508 0.33416138 0.36324001 -0.00766820 0.49146786 0.31505820 0.40219182 0.44192621 1.00000000 0.09093767 0.57242741 0.63181520 0.55963855 0.54668964 0.49427341 0.40175407 0.63706019 0.58287486 0.54669065
0.03663404 0.08860814 0.03875852 0.15414501 -0.02490725 0.17254478 0.16235727 0.18511825 0.10898888 -0.02241619 0.00245359 0.11367649 -0.14866492 0.27383933 -0.04818087 -0.00361835 0.06595933 -0.00327719 -0.06097972 0.14908748 0.01783134 0.24986221 0.24498171 0.25777303 0.07552137 0.08475540 0.07287530 0.37585623 0.20015586 0.32684227 -0.11615564 0.28323320 0.13110294 0.17489695 0.37113491 0.11981577 0.25857797 -0.05827759 0.10403018 0.15281802 0.16787407 0.19258737 0.19537602 -0.22059870 0.40115717 0.17637802 0.10448262 0.12428303 -0.02313876 0.11568647 0.48413445 0.02936635 0.15334029 0.28504908 0.02406965 0.00557197 0.05165734 0.04161519 0.47606333 -0.13949435 0.33211228 0.18673399 0.20420928 0.11612543 0.26106594 0.16428717 0.49254423 0.09093767 1.00000000 -0.04689905 0.15149671 0.23484777 0.17594347 0.21064833 -0.08623180 0.20967592 0.06303207 0.32629824
0.27994075 0.12666621 0.23223152 0.29462046 0.21058790 0.22527726 0.27290659 0.11920311 0.24011338 0.21498774 0.20250617 0.17290631 0.38147541 0.21177413 0.23586739 0.25391992 0.31150737 0.34839360 0.26378772 0.01545115 0.23528091 0.25813640 0.11047369 0.07728165 0.21617541 0.35444065 0.39318353 0.05082925 0.42135347 0.12930353 0.15763450 0.34758210 0.38406800 0.41143884 0.14471366 0.35282937 0.13292494 0.26038096 0.06003392 0.43555441 0.16121924 0.30876970 0.34963756 0.33557684 -0.02930568 0.40496894 0.39032287 0.43240283 0.44467063 0.40405867 0.29486717 0.25909523 -0.10237967 0.04812192 0.23898810 0.35656683 -0.15122382 0.28538680 -0.05991830 0.41389965 0.30388855 0.35057072 0.01963719 0.41347981 0.38576722 0.35733420 0.26478866 0.57242741 -0.04689905 1.00000000 0.51996870 0.36042828 0.37313160 0.40659573 0.31991662 0.56338852 0.43839005 0.45470966
0.57977771 0.30426835 0.46743325 0.59329980 0.43604826 0.57418054 0.58220126 0.46565665 0.59182677 0.43959188 0.30109608 0.44136207 0.51382393 0.47258174 0.54011491 0.52511148 0.51225441 0.53551126 0.53067084 0.18446205 0.57352474 0.55541591 0.23932764 0.05644016 0.43522743 0.55188371 0.40830613 0.12238371 0.52223827 0.45737076 0.23864157 0.35835986 0.44104101 0.40506705 0.28824747 0.60905737 0.28386708 0.24605029 0.16406241 0.59203817 0.29303898 0.37939060 0.51272861 0.48618571 0.09233328 0.56376092 0.53053822 0.61281158 0.56319479 0.60641466 0.36222423 0.27865796 -0.32356116 0.26535027 0.22797784 0.37398098 -0.38681140 0.18512003 -0.02721163 0.48962992 0.38491420 0.45147256 -0.11719829 0.56422190 0.42897918 0.44238812 0.56459249 0.63181520 0.15149671 0.51996870 1.00000000 0.71561965 0.69149077 0.69547857 0.33097183 0.67726475 0.74346687 0.62189318
0.61922828 0.25720222 0.54941484 0.70018422 0.40613124 0.65372927 0.59942797 0.62392656 0.65861084 0.39568735 0.23734755 0.53244777 0.42432613 0.45408576 0.50977456 0.43979624 0.57864011 0.43074110 0.40823737 0.03294678 0.54546136 0.49506759 0.15308975 -0.08197582 0.35573330 0.40046718 0.41047300 0.14264788 0.48747297 0.51354183 0.11714648 0.29445161 0.35892685 0.42775532 0.36179113 0.59969242 0.22673885 0.06242426 0.18969845 0.65803011 0.26104707 0.37339485 0.67998777 0.31039559 0.02274746 0.60011478 0.56064692 0.64389401 0.63541069 0.60967630 0.41299831 0.19526483 -0.32600014 0.30864809 0.19027131 0.25275081 -0.40998082 0.01941361 0.12209632 0.52333576 0.32010762 0.40561255 -0.06014332 0.63295660 0.42338778 0.42267010 0.69243669 0.55963855 0.23484777 0.36042828 0.71561965 1.00000000 0.78855632 0.72807668 0.15649650 0.58956998 0.75333599 0.79115477
0.64190893 0.22897896 0.51651899 0.67879570 0.39925031 0.64714552 0.57438653 0.62510163 0.61524560 0.39647193 0.17964197 0.53470598 0.45011503 0.42160114 0.55466862 0.48678225 0.61307882 0.44879068 0.48031776 -0.00728271 0.60184880 0.49705525 0.15701511 -0.14161065 0.33101574 0.44424554 0.43159106 0.05924623 0.41032889 0.45182845 0.08384587 0.26768764 0.28924914 0.44147787 0.27906652 0.55001894 0.13975219 0.05752075 0.10319353 0.64356784 0.19994753 0.31701446 0.64029056 0.33930900 -0.06032189 0.58975817 0.56807074 0.59090063 0.58914043 0.57241996 0.37016004 0.12033652 -0.40637071 0.23714707 0.12820351 0.19815844 -0.43304004 0.05220531 0.05108694 0.55513193 0.23455558 0.39143068 -0.15766711 0.56880453 0.39134215 0.37061062 0.58885340 0.54668964 0.17594347 0.37313160 0.69149077 0.78855632 1.00000000 0.65855909 0.18911179 0.50172173 0.69232593 0.71988357
0.58255895 0.32408696 0.52773148 0.63837340 0.47596923 0.59561891 0.62640635 0.53928655 0.62340489 0.52010730 0.33175925 0.53800155 0.45431520 0.49570576 0.54039181 0.46508010 0.60006822 0.36166202 0.46347974 0.21763596 0.48712733 0.56953572 0.15284253 0.02430691 0.48381396 0.37875346 0.46397515 0.10649268 0.49059690 0.51179318 0.14221299 0.25504194 0.44129688 0.29846171 0.39030698 0.55852653 0.35395887 0.20488646 0.30253761 0.61685519 0.25190422 0.45195165 0.59468049 0.39715382 -0.05467589 0.66468304 0.56491862 0.69423816 0.58108004 0.64216657 0.32928367 0.31202339 -0.22955804 0.34277520 0.27638526 0.41242473 -0.30718568 0.19016062 0.16882783 0.54120354 0.37936745 0.44972610 -0.02126986 0.64534255 0.45807987 0.42838723 0.58538826 0.49427341 0.21064833 0.40659573 0.69547857 0.72807668 0.65855909 1.00000000 0.09134475 0.58739637 0.74756901 0.60643490
0.04239832 0.19666016 0.09080119 0.01801794 0.25318559 0.08549530 0.19373881 -0.02826521 0.14556000 0.28360406 0.35953651 0.04417452 0.36781013 0.03352800 0.13460550 0.17432233 0.01877301 0.35146454 0.32169537 0.34733741 0.17404129 0.07281271 0.08348097 0.23849494 0.21634188 0.31117715 0.00539877 0.06478584 0.28415406 0.02186564 0.39725184 0.16458117 0.25878840 -0.00162501 0.09737900 0.09527736 0.23906626 0.39245164 0.26786889 -0.02213707 0.14210384 0.22691781 -0.02819447 0.48480780 0.07013857 0.06963501 0.07863327 0.10795381 0.10546986 0.15482289 -0.04447487 0.25354954 0.20121611 0.14525088 0.35836659 0.18877720 0.11425107 0.04671242 -0.11680237 0.20383819 0.08083208 0.19684761 0.09939956 0.13589562 0.21745252 0.46784493 0.04672519 0.40175407 -0.08623180 0.31991662 0.33097183 0.15649650 0.18911179 0.09134475 1.00000000 0.22214475 0.25636007 0.15336781
0.50160310 0.20461393 0.41314971 0.54429627 0.27758837 0.45591464 0.53732482 0.36441565 0.48657276 0.25381803 0.30063377 0.37477799 0.46785154 0.32887098 0.34663658 0.42998675 0.39261535 0.44376697 0.29338262 0.10226040 0.36738962 0.39303062 0.19173442 0.09820003 0.35300931 0.39124462 0.44050890 0.18498361 0.47535581 0.46291528 0.23505861 0.44034702 0.43877875 0.52207874 0.27775023 0.53069839 0.23687876 0.25836651 0.04988082 0.54406435 0.37414858 0.43506543 0.48320947 0.30639817 0.16134961 0.51884980 0.45020722 0.55913855 0.55754294 0.60182023 0.48788828 0.26946565 -0.13001274 0.15563540 0.34102233 0.47661062 -0.29466140 0.34659461 0.04110834 0.42034921 0.52391757 0.34182932 0.10598098 0.47889650 0.43986515 0.40859896 0.49107988 0.63706019 0.20967592 0.56338852 0.67726475 0.58956998 0.50172173 0.58739637 0.22214475 1.00000000 0.68390182 0.52611203
0.65643222 0.29149483 0.56728605 0.68272907 0.52671745 0.63671235 0.66798010 0.51605604 0.68067867 0.50012185 0.42159754 0.53925361 0.61083908 0.47456513 0.54801215 0.57923696 0.55163703 0.46752322 0.51885570 0.23395776 0.52582032 0.50368903 0.16516753 0.03047579 0.50991037 0.48811221 0.55824495 0.06620200 0.56701160 0.51065746 0.26437200 0.29874221 0.48558444 0.40815021 0.32858613 0.63984383 0.37628822 0.36785773 0.20110150 0.62369021 0.39019737 0.51730375 0.56697665 0.57018922 0.06704068 0.62454037 0.56420718 0.69205912 0.64687497 0.70659746 0.34240833 0.42344769 -0.25496068 0.19269691 0.35751338 0.45278685 -0.35921890 0.20595088 0.02508042 0.56408123 0.36849161 0.49196018 0.00661318 0.64006374 0.47999828 0.56004258 0.47283032 0.58287486 0.06303207 0.43839005 0.74346687 0.75333599 0.69232593 0.74756901 0.25636007 0.68390182 1.00000000 0.55298192
0.53100082 0.26167079 0.48931746 0.60520030 0.34503898 0.57151083 0.49976334 0.57016092 0.52994378 0.34464738 0.18085549 0.47248210 0.32200788 0.44602485 0.42966251 0.32158759 0.57111958 0.41689422 0.37637695 0.00785290 0.46281196 0.46145477 0.24718414 0.00331579 0.27670804 0.42162636 0.39881233 0.15504394 0.42356457 0.44973238 -0.00134279 0.27307619 0.33442608 0.41442061 0.41202272 0.53046843 0.17034483 -0.00877199 0.20876335 0.66050097 0.15375481 0.34877839 0.69903431 0.18421354 -0.00815288 0.58628255 0.58321227 0.59079354 0.58454610 0.53471141 0.49785953 0.12892021 -0.27175400 0.38178863 0.16139252 0.15362289 -0.30437191 0.01697203 0.23548009 0.48349237 0.29847678 0.37762616 0.00263172 0.61052822 0.43715191 0.35963551 0.68186335 0.54669065 0.32629824 0.45470966 0.62189318 0.79115477 0.71988357 0.60643490 0.15336781 0.52611203 0.55298192 1.00000000
