1.00000000 0.13338833 0.33324203 0.19675843 0.25764219 0.34851044 0.32796822 0.20038320 0.52327588 0.19155274 0.23743838 0.21057545 0.24866187 0.23137308 0.10826897 0.22140458 0.21587204 0.21229349 0.24378527 0.12988056 0.18711408 -0.05346277 0.19218358 0.13422319 0.10839362 0.14761603 -0.01528631 -0.15287281 -0.04311474 0.11615666 0.28364744 0.10326289 0.14042424 0.11253548 -0.03783859 0.31522198 0.12392494 0.12447347 0.11199284 -0.11803438 -0.11581934 0.20388415 0.07420975 0.00944013 -0.11876912 0.05696076 0.12212986 0.11356267 0.23787307 0.09652588 0.21397781 0.12230540 0.00003444 0.02294527 0.04606654 0.10037085 0.04357677 -0.03707587 -0.06707986 0.02563902 0.03546834 0.10563198 -0.12537867 0.22892693 0.06128611 -0.26179171 -0.25393958 0.06541521 -0.10640864 0.01754945 0.03181045 -0.11725858 -0.06466588 -0.00029205 -0.11458858 -0.06410875 -0.01042956 -0.27596230
0.13338833 1.00000000 0.12673451 0.05522037 0.15897111 0.27265836 0.18086663 0.21879427 0.11194673 0.24270836 0.37720868 0.14031823 0.27267265 0.11778565 0.02356484 0.01432085 -0.05386613 0.18002451 0.09912923 0.15196120 0.02305393 -0.06062130 0.04069419 -0.01487231 0.09077564 0.03033601 0.02881981 0.00987579 0.06976139 -0.05531816 0.14377347 0.07248327 -0.08105973 0.18644595 -0.07606550 -0.05108794 0.06059503 -0.00983127 -0.22783258 0.02968000 0.19524640 0.02757939 -0.07387153 0.10972232 0.06317541 0.13837241 0.01672507 0.04734911 -0.06800774 0.10081932 0.04360691 0.12413961 -0.00563521 -0.16203261 0.03117611 0.05437534 0.24984979 0.28159336 -0.00422445 0.07880576 0.14361298 0.08805863 0.21949193 0.01350257 0.02224982 -0.06093720 -0.00068437 0.03979845 0.06443759 -0.05777896 -0.01146328 0.01614949 0.04272521 -0.26848050 0.19272213 -0.17532727 -0.04870709 -0.01061407
0.33324203 0.12673451 1.00000000 0.08718662 0.51745079 0.42553875 0.30714317 0.40119613 0.39968238 0.46959948 0.43833388 0.43113474 0.00660436 0.01616240 -0.32833220 -0.25546841 -0.25617268 -0.10701512 -0.01230814 0.11517874 -0.21865672 -0.19904534 -0.33236495 -0.03438145 -0.30912189 -0.32310918 -0.19363213 -0.16725794 -0.06114907 -0.12181603 0.27050969 0.01974257 -0.16962297 -0.04435296 -0.02340959 0.20287347 0.21656273 -0.15462177 -0.10081467 -0.06025419 0.00240181 0.02740647 0.02429617 -0.10317972 -0.01543136 0.05823596 0.03774216 0.10976226 0.19393388 0.11542949 -0.01302037 0.10888455 -0.09733418 -0.13390669 -0.08586655 0.09199846 -0.07388859 -0.07680935 0.01026985 -0.09634611 0.09190671 0.21103675 -0.14688880 0.08943681 0.05240853 -0.06020440 -0.17350188 -0.05902207 -0.11598429 0.15900859 0.02446003 -0.03429823 -0.28683957 0.04220778 -0.17361141 -0.06427923 0.07906950 -0.19698319
0.19675843 0.05522037 0.08718662 1.00000000 0.11210751 0.25299511 0.33277695 0.26966050 0.18718431 0.27491007 -0.09689794 0.42716258 0.07313940 0.15829241 0.18145752 0.13280475 0.24754108 0.22883060 0.18327000 0.07122927 0.17619448 0.11256817 0.10014204 0.18957134 0.17629223 0.09904881 0.20154665 -0.16117972 -0.06011365 0.08407026 0.13516689 0.13217032 -0.07405235 0.21096014 -0.19312068 0.19101204 -0.15685090 -0.02226340 0.13264309 0.10585110 0.12986050 -0.09636228 -0.01904233 0.06761929 -0.08502764 0.05287384 -0.10355085 -0.02174916 0.14589458 0.17598507 -0.00684536 -0.03149759 -0.14895923 -0.01661428 0.01510436 -0.05545721 0.05465689 -0.08283722 -0.05036816 0.21220485 -0.02956037 0.17750089 -0.00591967 0.15538261 -0.06952379 -0.07409807 0.06876476 -0.08300034 -0.11239763 -0.10211120 0.12792996 -0.04497812 -0.01103485 0.02954759 -0.08690908 0.07048053 -0.00501709 -0.00851523
0.25764219 0.15897111 0.51745079 0.11210751 1.00000000 0.45555475 0.33446845 0.39421892 0.39318382 0.50297920 0.53815661 0.44983995 0.20892309 0.04117500 -0.09768934 -0.14887105 -0.24247843 -0.05131971 0.14099278 0.18090914 -0.05646313 -0.15344095 -0.24098845 -0.01810721 -0.17160806 -0.20610830 -0.04373555 -0.23085117 0.10159947 -0.28106372 0.37482036 -0.03299280 -0.14127252 0.04123717 -0.11006533 0.13326614 0.25047533 -0.17972527 0.03345625 -0.04325708 0.06598358 0.03409937 0.06438101 -0.00259205 0.07431658 0.06766334 0.01509416 0.11206850 0.18795999 0.16917757 -0.03013973 0.00438449 -0.05348122 -0.23540165 0.02063058 0.09875884 -0.10874822 -0.00513840 -0.02670755 0.03395207 0.03946298 0.12646959 -0.10813029 -0.00824098 0.10892367 -0.14941820 -0.13123595 -0.08017002 -0.13339985 -0.00823182 -0.02670377 -0.00691098 -0.22765104 -0.02512180 -0.01812704 -0.02304907 0.03546204 -0.14354088
0.34851044 0.27265836 0.42553875 0.25299511 0.45555475 1.00000000 0.28096048 0.32228414 0.48200520 0.39666996 0.43908653 0.40503695 0.24322331 0.09602822 -0.07291664 -0.09430902 -0.05233119 0.05220107 0.11865178 0.22128445 -0.05099068 -0.13156787 -0.13020661 -0.03943757 -0.11012713 -0.17620398 0.00896575 -0.21881438 0.00314650 -0.10710562 0.29502854 0.05402287 -0.04388967 -0.00019821 -0.11109255 0.14600758 0.17844767 -0.12671608 -0.02255299 -0.01361172 0.03936120 0.19990422 0.04763447 0.03336469 -0.05942771 0.10945237 0.06561610 0.18488490 0.20560305 0.19289310 0.07767802 0.11467102 0.00433824 -0.10606792 0.07706874 0.18338119 -0.00357618 0.03446197 0.02506417 0.09229526 0.16672582 0.09790012 -0.02844452 0.14575446 0.16784946 -0.10828063 -0.15077058 -0.06274060 -0.09290452 0.02209468 -0.01002171 -0.01765949 -0.06334988 -0.02313250 -0.04202109 -0.01260258 -0.07729169 -0.12020568
0.32796822 0.18086663 0.30714317 0.33277695 0.33446845 0.28096048 1.00000000 0.39550769 0.35686228 0.58304148 0.35012316 0.52408558 0.33454033 0.06086308 0.01649957 0.12285851 0.09265282 0.10708051 0.28287542 0.06178129 0.18814873 -0.06771143 -0.02838803 0.06716185 0.05026417 -0.02828519 -0.09193324 -0.26075957 -0.15321129 -0.14248902 0.33980961 0.01881738 -0.12970847 0.23122989 -0.27698371 0.21025443 -0.05580625 -0.16216002 0.04413541 -0.11848051 -0.08593005 0.02877038 0.02581978 -0.16268467 -0.24660899 0.09079247 -0.08236657 -0.12390575 0.16669072 -0.06419322 -0.06919106 -0.08120637 -0.12625984 -0.15888964 -0.06739206 -0.09391950 -0.09155861 -0.15514000 -0.10302856 -0.03470855 0.03388785 0.10002320 -0.12214424 0.12794519 -0.08277184 -0.15586124 -0.05939897 -0.05857521 -0.15664804 0.03005501 0.06052976 0.08020451 -0.05689646 -0.10608107 -0.06167941 -0.01036782 0.04362302 -0.07360498
0.20038320 0.21879427 0.40119613 0.26966050 0.39421892 0.32228414 0.39550769 1.00000000 0.35962429 0.51166743 0.34532937 0.57686949 0.10058978 0.10868448 -0.14867613 -0.14577304 -0.09725209 0.05764381 0.18845479 0.21322631 -0.01582700 -0.14648351 -0.07719812 0.06392818 -0.06689591 -0.15576620 -0.17654333 -0.23840707 -0.09202059 -0.26237291 0.25899396 -0.06146832 -0.15815581 0.10113057 -0.23573751 0.13885023 -0.06333810 -0.21552057 -0.02864459 -0.18421643 0.05418699 0.01350422 0.01746215 -0.11156892 -0.04226875 0.07043438 -0.00376677 0.07868828 0.18386605 0.03629353 -0.04453967 -0.00124809 -0.00795015 -0.07108157 0.09544866 0.07757833 -0.11485011 -0.05382937 0.07970458 -0.03621844 0.13739921 0.16016590 -0.06901608 0.18507000 0.06312503 -0.03504846 -0.02442376 -0.09356512 -0.11358047 0.09595097 0.10601845 0.10107588 -0.15376311 -0.12831716 -0.00742137 0.05108935 0.06128835 0.03320257
0.52327588 0.11194673 0.39968238 0.18718431 0.39318382 0.48200520 0.35686228 0.35962429 1.00000000 0.45253428 0.37706453 0.44792715 0.23890689 0.18230813 -0.00297815 0.09703740 0.05534073 0.17567486 0.20693501 0.15813410 0.16232632 -0.14032987 -0.06315647 0.15566285 -0.00544492 -0.04516990 -0.07364187 -0.32534009 -0.12195199 -0.13143796 0.34651043 0.01018320 -0.10109353 0.04203208 -0.15172918 0.25122179 0.04229193 -0.10155985 0.04389314 -0.20866669 -0.08586079 0.17056259 -0.00717123 -0.06025035 -0.24598766 -0.06248305 -0.00784380 0.05709914 0.23257599 0.07538862 0.03568376 0.03079962 0.02338789 -0.06154754 -0.00019940 0.21951342 -0.11388924 -0.02235005 -0.04869201 0.07292549 0.07910004 0.17234023 -0.10538012 0.24108602 0.08961099 -0.14070464 -0.17265273 -0.12865168 -0.13306164 0.16547876 0.00060485 0.05104396 -0.10138716 0.01350218 -0.06744872 0.02315622 0.04181571 -0.11687786
0.19155274 0.24270836 0.46959948 0.27491007 0.50297920 0.39666996 0.58304148 0.51166743 0.45253428 1.00000000 0.42708495 0.65029028 0.23817809 0.14565819 -0.03508305 0.01118562 -0.09165514 0.12335003 0.33657818 0.16103524 0.09029331 -0.10378230 -0.14744821 0.07755742 0.01893087 -0.11227318 -0.10782107 -0.44321765 -0.03864840 -0.34050933 0.48209431 -0.08141944 -0.29641684 0.24575742 -0.25655283 0.23947112 0.04688018 -0.28913678 -0.09852585 -0.09733970 0.06808144 0.03048117 0.06406908 -0.04455259 -0.03233505 0.16567255 -0.04963104 -0.06773852 0.25524246 0.16531554 -0.10136775 -0.01478090 -0.11079140 -0.12016442 0.04325592 0.08921677 -0.06710101 -0.06044699 -0.01441800 0.05934666 0.14797908 0.21885725 -0.17756341 0.19713879 0.05452785 -0.07319648 -0.03016716 -0.07070525 -0.17586028 0.09172269 0.07354605 0.05733823 -0.12892411 -0.10794293 -0.01801099 0.01329901 0.05440083 -0.06074991
0.23743838 0.37720868 0.43833388 -0.09689794 0.53815661 0.43908653 0.35012316 0.34532937 0.37706453 0.42708495 1.00000000 0.28831179 0.31501229 0.07755444 -0.19737387 -0.17746672 -0.17782203 -0.04208291 0.12399336 0.22589726 -0.10766451 -0.19220316 -0.19829015 -0.11807405 -0.17507683 -0.23682712 -0.22115144 -0.15969648 0.01747780 -0.26414758 0.30211743 -0.10859434 -0.09348712 -0.06308052 -0.11026160 0.04864622 0.21131014 -0.15082139 -0.13787879 -0.16447896 -0.00504214 0.16977482 -0.03580436 -0.11738567 0.04238125 0.01172606 0.08303990 0.09033360 -0.04105148 0.02458168 0.03611961 0.07198023 -0.00855340 -0.21918579 -0.09660221 0.17396945 0.00358524 0.05820437 0.02785442 -0.05294146 0.06285544 0.10214251 -0.07049072 -0.05604396 0.13926689 -0.01894447 -0.09355260 -0.05829541 -0.09588053 0.09183920 -0.00595883 -0.03386217 -0.20287169 -0.14181529 0.08260324 -0.11789231 0.01718381 -0.13296987
0.21057545 0.14031823 0.43113474 0.42716258 0.44983995 0.40503695 0.52408558 0.57686949 0.44792715 0.65029028 0.28831179 1.00000000 0.12222360 0.10003333 -0.02766696 -0.04813280 -0.07006495 0.12176316 0.26823898 0.19035326 0.02813345 -0.11127116 -0.15281466 0.14740681 0.00607352 -0.16289699 0.06684359 -0.36750713 -0.05620955 -0.30524460 0.42273181 0.04668711 -0.29197226 0.22297980 -0.31452093 0.21563819 -0.03462852 -0.29016139 0.03237880 -0.01445829 0.05348544 -0.03187225 0.12353518 -0.05395657 -0.12453184 0.13508417 -0.04937575 -0.04184212 0.30353078 0.17893098 -0.03547795 -0.02142665 -0.10649287 -0.09758280 0.05811867 0.03564236 -0.15648796 -0.13303361 -0.04179032 0.03791863 0.15771558 0.21061328 -0.14870380 0.18929410 0.03026499 -0.11770741 -0.08623435 0.02525783 -0.18996482 0.05099754 0.14849168 0.14087175 -0.08369859 -0.00083935 -0.03308051 0.04903856 0.04657740 -0.03186535
0.24866187 0.27267265 0.00660436 0.07313940 0.20892309 0.24322331 0.33454033 0.10058978 0.23890689 0.23817809 0.31501229 0.12222360 1.00000000 0.10236652 0.14797769 0.16059011 0.17420239 0.12252305 0.31338975 0.09623099 0.23649705 0.08346941 0.08182050 -0.09740810 0.14150711 0.07021719 -0.00144929 -0.18630664 0.06783719 -0.04774923 0.21751407 -0.02210721 0.14704243 0.12813436 -0.15687739 0.09495289 0.11759896 0.02889713 0.00584998 0.01756760 -0.06039913 0.06923962 -0.01336371 -0.06318605 -0.16568804 0.03005467 -0.00598224 -0.06514020 -0.07050896 -0.00794283 -0.05647470 -0.04765141 -0.01896390 -0.11913282 -0.10786577 -0.12310574 -0.02251287 -0.09624115 -0.11788176 0.08072465 -0.01627175 -0.03480567 -0.09953165 -0.06539765 -0.09123491 -0.11272791 -0.00238663 -0.00777226 0.01007731 -0.12019707 -0.09993107 -0.17347518 0.00185859 -0.06149712 0.04235794 -0.06021667 -0.02473579 -0.16183148
0.23137308 0.11778565 0.01616240 0.15829241 0.04117500 0.09602822 0.06086308 0.10868448 0.18230813 0.14565819 0.07755444 0.10003333 0.10236652 1.00000000 0.31816280 0.32942511 0.26728726 0.39952773 0.32248224 0.21195179 0.30400047 0.28627032 0.30463003 0.41273718 0.36972061 0.28922179 0.09104483 -0.04896139 0.06601245 0.08089246 0.14668533 0.03826178 -0.02903673 0.17164717 -0.07872063 0.30108697 0.02010090 0.00408847 0.01503381 0.11795989 0.13947656 -0.00375502 -0.08769251 0.15642427 0.14791223 0.14585543 -0.03850468 0.04935735 0.04954329 0.19124983 0.03505919 0.07230387 -0.03905854 -0.06725520 -0.08361437 0.04482335 0.03992094 0.05685038 -0.13357132 0.17698646 0.04604121 0.03858199 -0.03592569 0.07749534 -0.08625603 0.06922006 0.04805716 -0.05463739 -0.02307488 0.07223857 0.02567879 0.00767797 0.01842603 -0.02167002 0.03145187 0.01522347 -0.04511763 -0.13599114
0.10826897 0.02356484 -0.32833220 0.18145752 -0.09768934 -0.07291664 0.01649957 -0.14867613 -0.00297815 -0.03508305 -0.19737387 -0.02766696 0.14797769 0.31816280 1.00000000 0.66451868 0.45555824 0.46315937 0.40831207 -0.01520018 0.53790817 0.32504633 0.41778756 0.24092966 0.62853683 0.52233884 0.37770478 -0.17198644 0.04682384 0.09040544 0.17318928 0.05180313 -0.07119921 0.29360556 -0.23404682 0.11957712 -0.15039479 0.02120793 0.00017770 0.12514886 0.11711156 -0.11470501 0.01658286 0.13428239 0.07089243 0.07855048 -0.08219791 -0.00930630 0.04160992 0.11194242 0.04019413 -0.02356114 -0.13037267 -0.01228800 0.00471205 -0.07225113 0.10082868 0.07091580 -0.17272899 0.18812902 -0.04951599 0.03636428 -0.08252720 0.01974995 -0.15649132 -0.14523316 -0.03496041 0.04641102 -0.00427957 -0.14522475 -0.00204720 -0.01089329 0.21439910 -0.08669323 0.17320937 0.01322832 -0.11022835 0.03715067
0.22140458 0.01432085 -0.25546841 0.13280475 -0.14887105 -0.09430902 0.12285851 -0.14577304 0.09703740 0.01118562 -0.17746672 -0.04813280 0.16059011 0.32942511 0.66451868 1.00000000 0.55342052 0.56621749 0.51037785 0.00972305 0.74382609 0.30419020 0.53857264 0.35535982 0.71306184 0.68976467 0.28664777 -0.22363228 -0.07978199 0.06387645 0.19661741 -0.03398043 -0.09925383 0.42535328 -0.26695111 0.15166124 -0.18941197 0.00281028 -0.07664622 -0.02873633 -0.03542815 -0.03909285 -0.04862032 0.07100950 -0.09242041 0.02842062 -0.07048487 -0.06346230 0.08828498 0.02591595 0.03536296 -0.02988576 -0.12804112 0.04817757 -0.04552023 -0.07388466 0.08508353 0.02979693 -0.19058983 0.09342121 -0.03631043 -0.04323891 -0.11113216 0.16170611 -0.15176130 -0.20167000 -0.07525002 0.06418990 -0.08684006 -0.07425756 0.07392278 0.03394945 0.20264486 -0.01178036 0.04434765 -0.08096133 -0.07819929 -0.02145874
0.21587204 -0.05386613 -0.25617268 0.24754108 -0.24247843 -0.05233119 0.09265282 -0.09725209 0.05534073 -0.09165514 -0.17782203 -0.07006495 0.17420239 0.26728726 0.45555824 0.55342052 1.00000000 0.39554137 0.39611083 0.07185916 0.46346189 0.39674252 0.47337418 0.31231326 0.55287326 0.49123088 0.24688080 -0.08396266 -0.07979194 0.26580236 0.02314411 -0.02228282 0.16818340 0.21437139 -0.09985231 0.17336458 -0.19905747 0.19976652 0.18129911 0.01007011 -0.07068260 0.00322070 -0.07610700 0.10746581 -0.10370663 -0.06870000 0.05190105 0.00614431 0.05346178 -0.02842850 0.06873843 0.06498566 -0.10531618 0.13829934 0.05334878 -0.07102608 0.07335872 0.02877373 -0.06356294 0.16910903 -0.05932373 -0.05230829 -0.01988367 0.20157008 -0.07123088 -0.12008191 0.04190500 0.06145668 0.04921713 -0.13789346 0.03605382 -0.00742972 0.20969110 0.04698518 -0.02882752 -0.01649476 -0.04042240 0.00601382
0.21229349 0.18002451 -0.10701512 0.22883060 -0.05131971 0.05220107 0.10708051 0.05764381 0.17567486 0.12335003 -0.04208291 0.12176316 0.12252305 0.39952773 0.46315937 0.56621749 0.39554137 1.00000000 0.55457508 0.27832500 0.53039452 0.39660347 0.53109934 0.45705513 0.56423246 0.52828534 0.25008974 -0.20064212 -0.01045465 0.02735938 0.15688790 -0.01874356 -0.07687865 0.31583836 -0.18380358 0.14753772 -0.09800261 -0.03602125 -0.07625817 0.04144357 0.13054364 -0.04901958 -0.08253226 0.05479535 -0.01216814 0.06907524 -0.04393734 0.02774465 0.08351831 0.17002533 0.07875556 0.06261187 -0.05454111 0.06918080 0.01130444 0.02988464 0.08833408 0.10151474 -0.09607083 0.19794755 0.03652059 0.05653791 0.02444203 0.25889255 -0.01113012 -0.13989315 -0.01929564 0.07589099 0.04334524 0.05552701 0.06258500 0.01168288 0.09227576 -0.01726617 0.09596092 -0.00686318 -0.08642311 0.03799714
0.24378527 0.09912923 -0.01230814 0.18327000 0.14099278 0.11865178 0.28287542 0.18845479 0.20693501 0.33657818 0.12399336 0.26823898 0.31338975 0.32248224 0.40831207 0.51037785 0.39611083 0.55457508 1.00000000 0.29450901 0.58141891 0.28864730 0.46140727 0.27962521 0.47251585 0.43945821 0.18132085 -0.36711168 0.01482082 -0.15017638 0.37646422 -0.15441515 -0.08700934 0.33437121 -0.26103426 0.27195084 -0.02343479 -0.11997156 -0.03552970 0.01220562 0.07218955 0.05842477 0.09587695 0.05566925 -0.03009217 0.12161875 0.02823405 0.03412731 0.21814146 0.14628458 0.07898338 -0.00521467 -0.05554832 0.03952460 0.09964627 -0.03542140 -0.03260455 -0.06689909 -0.05527282 0.14891801 0.06394245 0.02371006 -0.10679345 0.23061976 -0.00055523 -0.15521521 -0.02380274 0.05957079 -0.10180032 0.00643968 0.11524385 0.08266318 0.05918424 0.01776564 0.06187230 -0.01806638 0.01374553 -0.04202206
0.12988056 0.15196120 0.11517874 0.07122927 0.18090914 0.22128445 0.06178129 0.21322631 0.15813410 0.16103524 0.22589726 0.19035326 0.09623099 0.21195179 -0.01520018 0.00972305 0.07185916 0.27832500 0.29450901 1.00000000 0.01369337 0.21432624 0.20164683 0.15424305 0.03529425 -0.01452805 -0.00132386 0.01482834 0.21141666 -0.03899240 0.22890349 0.03014871 0.09615974 0.02624020 0.05327194 0.13005831 0.14609914 -0.00517380 0.04680016 0.03536849 0.12755063 0.13666640 0.08802780 0.09578156 0.17039247 -0.00405158 0.21546657 0.12228958 0.05104978 0.14192509 0.10383514 0.15958796 0.15859310 0.00412939 0.13394759 0.14434073 0.03569290 0.06816843 0.26045105 0.10450635 0.16567983 0.12647885 0.10606316 0.18307688 0.22545751 0.00726458 -0.03915164 0.02578434 -0.00737947 0.03444982 -0.01039956 -0.00351851 -0.08630128 0.02836245 0.01822833 0.07394847 -0.00378187 -0.00740288
0.18711408 0.02305393 -0.21865672 0.17619448 -0.05646313 -0.05099068 0.18814873 -0.01582700 0.16232632 0.09029331 -0.10766451 0.02813345 0.23649705 0.30400047 0.53790817 0.74382609 0.46346189 0.53039452 0.58141891 0.01369337 1.00000000 0.35988451 0.51078776 0.34646215 0.63127101 0.68956098 0.24242681 -0.21916383 -0.07100838 0.03617833 0.21909367 -0.10366362 -0.09288837 0.37320917 -0.26685158 0.10716100 -0.18581322 -0.07102821 -0.04531635 -0.10479149 0.04988543 -0.04076153 -0.11999408 0.04120799 -0.14353113 0.01282230 -0.14746114 -0.09085140 0.03080592 -0.02661561 -0.01300265 -0.08851666 -0.05055930 0.06955631 -0.00636005 -0.01282226 0.06261406 -0.01464755 -0.16172731 0.12220302 -0.01725778 -0.01378304 -0.06896349 0.18268666 -0.10418785 -0.06700590 -0.01515274 -0.01469098 0.03678795 0.01842291 0.12190307 0.04701640 0.18268380 -0.02396399 0.14292976 -0.04342743 -0.01334419 -0.00336746
-0.05346277 -0.06062130 -0.19904534 0.11256817 -0.15344095 -0.13156787 -0.06771143 -0.14648351 -0.14032987 -0.10378230 -0.19220316 -0.11127116 0.08346941 0.28627032 0.32504633 0.30419020 0.39674252 0.39660347 0.28864730 0.21432624 0.35988451 1.00000000 0.43150033 0.30867566 0.42430058 0.39872635 0.20185611 0.09471588 0.10638125 0.15518089 -0.12796490 -0.04518514 0.07755326 0.07457647 -0.00641554 0.02999963 -0.03099241 0.01848322 0.12446481 0.16348861 0.12319697 -0.13373264 -0.08836167 0.10440383 0.06694656 0.03242181 -0.09242550 -0.03763358 -0.02320717 0.14862930 -0.02855446 0.02079639 -0.02411387 -0.00384220 -0.14081468 -0.10192854 0.04205584 0.00284829 -0.02880484 0.07608228 -0.00759932 -0.03617799 -0.01680333 -0.04314569 -0.10340830 0.11245903 0.10637811 0.02292624 0.13107215 -0.07848981 0.05737101 -0.06537863 0.02991823 0.12463282 -0.00367401 0.10838133 -0.00000512 -0.03574240
0.19218358 0.04069419 -0.33236495 0.10014204 -0.24098845 -0.13020661 -0.02838803 -0.07719812 -0.06315647 -0.14744821 -0.19829015 -0.15281466 0.08182050 0.30463003 0.41778756 0.53857264 0.47337418 0.53109934 0.46140727 0.20164683 0.51078776 0.43150033 1.00000000 0.37436066 0.52823825 0.65703246 0.20148029 0.04126869 -0.00304350 0.14666491 -0.01845842 -0.04534658 0.19831717 0.21852558 -0.04069525 0.07285427 -0.07897175 0.17987776 0.07462534 -0.02094713 0.03112173 0.01297886 -0.00007024 0.11891137 0.04501364 0.01176778 0.06951111 0.06987351 -0.00207662 0.10462135 0.11060723 0.07454254 0.03056357 0.06610839 -0.01031160 0.00236122 0.08807938 0.12119899 0.05751929 0.05663891 -0.00463601 0.00579633 0.01048723 0.21405261 0.04002858 -0.13809533 0.05475090 0.08899489 0.08366795 0.00616634 0.04405232 0.06503616 0.08989880 0.09127346 0.04271800 0.01328921 -0.07017114 -0.01720878
0.13422319 -0.01487231 -0.03438145 0.18957134 -0.01810721 -0.03943757 0.06716185 0.06392818 0.15566285 0.07755742 -0.11807405 0.14740681 -0.09740810 0.41273718 0.24092966 0.35535982 0.31231326 0.45705513 0.27962521 0.15424305 0.34646215 0.30867566 0.37436066 1.00000000 0.31856713 0.37076526 0.13167639 -0.12646185 -0.04809744 0.02052964 0.06282372 -0.02391182 -0.16114807 0.14992239 -0.17626571 0.09169704 -0.16753340 -0.11679388 0.05612015 -0.09003272 -0.03939212 -0.10548546 -0.12037299 0.02178303 -0.03630929 0.01288899 -0.10029952 -0.08591650 0.02032899 0.07731298 -0.06855154 -0.03830027 -0.08167801 -0.03222133 -0.08315644 0.02054941 -0.04240368 -0.00660113 -0.10668518 0.06329152 -0.01912985 -0.03596345 -0.09355770 0.14299383 -0.08392610 -0.02039708 0.08220827 -0.02378192 0.06772416 0.02944034 0.14313981 0.07686051 0.04143405 0.15847358 -0.00855686 0.12719035 -0.08036024 0.10598867
0.10839362 0.09077564 -0.30912189 0.17629223 -0.17160806 -0.11012713 0.05026417 -0.06689591 -0.00544492 0.01893087 -0.17507683 0.00607352 0.14150711 0.36972061 0.62853683 0.71306184 0.55287326 0.56423246 0.47251585 0.03529425 0.63127101 0.42430058 0.52823825 0.31856713 1.00000000 0.61366588 0.31797141 -0.19907917 -0.10034199 0.06700313 0.07804111 -0.00268584 -0.15002494 0.38766108 -0.29274175 0.10355397 -0.23024073 -0.03563862 -0.08410497 0.01269837 0.09711364 -0.17129803 -0.07407945 0.09189407 0.00415334 0.07425453 -0.08757358 -0.10332962 -0.02012082 0.04141926 0.00389310 -0.05631219 -0.17485972 0.05455607 0.00638879 -0.07109624 0.06638579 0.07639002 -0.16205599 0.17587881 0.02487507 -0.00784527 -0.03992417 0.08891319 -0.14133454 -0.11273077 -0.00637407 -0.03037944 0.01245302 -0.13727669 0.07001146 0.01029708 0.21331074 -0.03119744 0.05773394 -0.06927807 -0.09620753 0.01918040
0.14761603 0.03033601 -0.32310918 0.09904881 -0.20610830 -0.17620398 -0.02828519 -0.15576620 -0.04516990 -0.11227318 -0.23682712 -0.16289699 0.07021719 0.28922179 0.52233884 0.68976467 0.49123088 0.52828534 0.43945821 -0.01452805 0.68956098 0.39872635 0.65703246 0.37076526 0.61366588 1.00000000 0.24420494 -0.01155235 0.03194897 0.08601044 0.08219619 -0.05169511 0.04265825 0.25333222 -0.08934430 -0.00209795 -0.09471909 0.06015712 -0.01365305 -0.06753735 0.05673116 -0.05345324 -0.08494279 0.13937614 0.00599856 0.04361352 -0.07721439 -0.03766575 -0.01848998 0.07494132 0.05755895 0.01320307 -0.01608704 0.08485442 0.02772873 0.03724772 0.14327705 0.12715292 -0.04593841 0.14856344 0.02830510 0.02295971 0.02431352 0.13997769 -0.07061207 -0.09350988 0.00872428 0.05778253 0.06411689 0.03741945 0.10293316 0.02557947 0.17146284 -0.06442888 0.12236770 -0.07969632 -0.09987004 0.05701335
-0.01528631 0.02881981 -0.19363213 0.20154665 -0.04373555 0.00896575 -0.09193324 -0.17654333 -0.07364187 -0.10782107 -0.22115144 0.06684359 -0.00144929 0.09104483 0.37770478 0.28664777 0.24688080 0.25008974 0.18132085 -0.00132386 0.24242681 0.20185611 0.20148029 0.13167639 0.31797141 0.24420494 1.00000000 0.05723932 0.24289480 0.17433370 0.25573935 0.16795118 -0.05030615 0.37829266 -0.09191907 0.08492296 0.08536358 0.25508363 0.17980761 0.21830520 0.16082932 -0.08039206 0.10536241 0.23999437 0.04968181 -0.02453942 0.06726491 0.07461091 0.07457872 0.16241797 0.01853006 0.04641380 -0.08288395 0.07837294 0.12586641 -0.02759090 0.08082946 0.20585897 0.09378016 0.19378987 0.04778189 0.11088621 0.11951648 0.09915807 0.02658335 -0.08220838 0.04584988 0.14379326 0.04000373 -0.18169137 0.11515191 0.01164746 0.22810309 0.07679066 0.14025136 -0.09945710 -0.05334733 0.05972416
-0.15287281 0.00987579 -0.16725794 -0.16117972 -0.23085117 -0.21881438 -0.26075957 -0.23840707 -0.32534009 -0.44321765 -0.15969648 -0.36750713 -0.18630664 -0.04896139 -0.17198644 -0.22363228 -0.08396266 -0.20064212 -0.36711168 0.01482834 -0.21916383 0.09471588 0.04126869 -0.12646185 -0.19907917 -0.01155235 0.05723932 1.00000000 0.28130520 0.40571957 -0.29833563 0.25918973 0.48942276 -0.10931885 0.51054869 -0.06260562 0.22128246 0.44919011 0.26110698 0.22759856 0.00242161 0.00261731 -0.04368436 0.10468596 0.10304855 -0.14090790 0.08878439 0.11096023 -0.15582637 -0.03617911 0.10510218 0.18030515 0.23301571 0.03053460 -0.04411337 -0.01714913 0.15817488 0.11958362 0.20498560 -0.06977098 -0.07844204 -0.11489519 0.31957999 -0.15073018 0.11098276 0.19001714 0.07691411 0.04279707 0.21281090 -0.02472060 -0.16709614 -0.04491414 -0.01242480 0.12417499 -0.01615672 0.10307448 -0.04542678 -0.03367802
-0.04311474 0.06976139 -0.06114907 -0.06011365 0.10159947 0.00314650 -0.15321129 -0.09202059 -0.12195199 -0.03864840 0.01747780 -0.05620955 0.06783719 0.06601245 0.04682384 -0.07978199 -0.07979194 -0.01045465 0.01482082 0.21141666 -0.07100838 0.10638125 -0.00304350 -0.04809744 -0.10034199 0.03194897 0.24289480 0.28130520 1.00000000 0.10710997 0.29464319 0.16204306 0.21948726 0.11233857 0.32431820 0.10378601 0.28853799 0.22072086 0.20431289 0.20078708 0.18604825 0.06818345 0.01205583 0.24885846 0.15098690 0.02218840 0.18663344 0.18382692 0.12401800 0.22420009 0.09234110 0.19728607 0.20144031 0.00769777 0.23355437 0.11086638 0.05278181 0.16372698 0.22221796 0.12616412 0.13960716 0.10262545 0.25384700 -0.00271672 0.04155234 0.06057329 0.09523489 0.13656267 0.02197313 0.03471918 0.04485582 -0.08051391 -0.00202293 0.08697905 0.15243538 0.11610491 0.09185510 -0.03430308
0.11615666 -0.05531816 -0.12181603 0.08407026 -0.28106372 -0.10710562 -0.14248902 -0.26237291 -0.13143796 -0.34050933 -0.26414758 -0.30524460 -0.04774923 0.08089246 0.09040544 0.06387645 0.26580236 0.02735938 -0.15017638 -0.03899240 0.03617833 0.15518089 0.14666491 0.02052964 0.06700313 0.08601044 0.17433370 0.40571957 0.10710997 1.00000000 -0.16151343 0.25132451 0.49881484 0.15102406 0.33778733 0.24120226 0.01855269 0.59603350 0.25869825 0.27222512 -0.04503556 0.02493601 0.05080525 0.24281684 -0.01134542 -0.11387744 0.11493996 0.16135297 0.09035053 0.05738536 0.17652553 0.27909529 0.05137459 0.09148522 -0.00745096 -0.10641726 0.08426264 0.00801777 0.07990317 -0.03582348 -0.12659562 -0.07498235 0.03704029 0.07202350 0.07238321 0.08728640 -0.05694082 0.00136890 0.04333858 -0.12620491 -0.15323189 -0.14495266 0.06427404 0.10981169 -0.14309793 0.06748145 -0.02067852 -0.12136706
0.28364744 0.14377347 0.27050969 0.13516689 0.37482036 0.29502854 0.33980961 0.25899396 0.34651043 0.48209431 0.30211743 0.42273181 0.21751407 0.14668533 0.17318928 0.19661741 0.02314411 0.15688790 0.37646422 0.22890349 0.21909367 -0.12796490 -0.01845842 0.06282372 0.07804111 0.08219619 0.25573935 -0.29833563 0.29464319 -0.16151343 1.00000000 0.13583091 -0.16515815 0.41335617 -0.12370136 0.35389291 0.12023974 -0.08034785 0.02052436 -0.05213876 0.11455463 0.06661342 0.13542531 0.10106269 0.00377325 0.13660366 0.04185197 0.09719940 0.27972362 0.18073597 0.06003562 0.04168857 -0.08709208 -0.07713519 0.17782151 0.18298859 -0.06232546 0.06319952 0.05658603 0.16949583 0.18422835 0.29344984 -0.02236730 0.21408734 0.10286699 -0.15902143 -0.11960293 0.03831655 -0.24459147 0.07789978 0.17420054 0.03144972 0.01483701 -0.04468207 0.07531431 -0.01168210 0.04345272 -0.02666367
0.10326289 0.07248327 0.01974257 0.13217032 -0.03299280 0.05402287 0.01881738 -0.06146832 0.01018320 -0.08141944 -0.10859434 0.04668711 -0.02210721 0.03826178 0.05180313 -0.03398043 -0.02228282 -0.01874356 -0.15441515 0.03014871 -0.10366362 -0.04518514 -0.04534658 -0.02391182 -0.00268584 -0.05169511 0.16795118 0.25918973 0.16204306 0.25132451 0.13583091 1.00000000 0.04858784 0.19630694 0.18547176 0.13981550 0.13415075 0.17549497 0.14336060 0.16237493 0.04374394 -0.11127034 0.07946600 0.02763096 -0.04113718 0.19609136 0.01991227 -0.03670708 0.14081933 0.07779925 0.01079106 0.01060940 -0.08610002 -0.05776662 0.01849611 -0.05558650 0.00213223 0.06745137 0.01536443 0.02929313 0.00071131 0.04189751 0.11406422 -0.01197951 -0.13513739 -0.01826830 -0.04456762 -0.00794604 -0.06522660 -0.02647242 0.00761936 0.02654244 -0.06317464 0.05617561 -0.06288117 0.17907257 -0.01200478 0.00310648
0.14042424 -0.08105973 -0.16962297 -0.07405235 -0.14127252 -0.04388967 -0.12970847 -0.15815581 -0.10109353 -0.29641684 -0.09348712 -0.29197226 0.14704243 -0.02903673 -0.07119921 -0.09925383 0.16818340 -0.07687865 -0.08700934 0.09615974 -0.09288837 0.07755326 0.19831717 -0.16114807 -0.15002494 0.04265825 -0.05030615 0.48942276 0.21948726 0.49881484 -0.16515815 0.04858784 1.00000000 -0.12040977 0.43387736 0.14985856 0.19871547 0.65359317 0.40826656 0.21560962 -0.03782328 0.21970123 0.05824633 0.22921356 -0.02446722 -0.12130701 0.31207541 0.25423416 0.12491058 0.10005934 0.27995324 0.32347910 0.18710380 0.13529933 0.07868837 -0.00215978 0.11856469 -0.01930276 0.13835038 -0.00558668 -0.05096323 -0.01336209 0.10739871 0.11988108 0.21156581 0.00707909 0.00463664 0.10027001 0.06640686 -0.00224085 -0.13577636 -0.24493240 0.01215632 0.09375191 -0.06026830 0.10069770 -0.01442374 -0.18572240
0.11253548 0.18644595 -0.04435296 0.21096014 0.04123717 -0.00019821 0.23122989 0.10113057 0.04203208 0.24575742 -0.06308052 0.22297980 0.12813436 0.17164717 0.29360556 0.42535328 0.21437139 0.31583836 0.33437121 0.02624020 0.37320917 0.07457647 0.21852558 0.14992239 0.38766108 0.25333222 0.37829266 -0.10931885 0.11233857 0.15102406 0.41335617 0.19630694 -0.12040977 1.00000000 -0.17827204 0.32020688 -0.13709422 0.11276987 -0.06976253 0.15298049 0.14573139 -0.10679431 0.13031887 0.23095558 -0.00774537 0.19137990 0.05668331 0.05490955 0.31470138 0.18862922 0.01306427 0.07702037 -0.20422049 0.01749525 0.17506151 -0.10159685 -0.03290133 0.00282198 -0.04629282 0.07783090 -0.00145098 0.05848263 -0.03244200 0.16198664 -0.13732330 -0.05965343 -0.05272530 0.07528493 -0.21041816 -0.06568967 0.07297494 0.07598928 0.07931180 0.12174013 0.06418776 0.07044768 0.11762091 -0.01115158
-0.03783859 -0.07606550 -0.02340959 -0.19312068 -0.11006533 -0.11109255 -0.27698371 -0.23573751 -0.15172918 -0.25655283 -0.11026160 -0.31452093 -0.15687739 -0.07872063 -0.23404682 -0.26695111 -0.09985231 -0.18380358 -0.26103426 0.05327194 -0.26685158 -0.00641554 -0.04069525 -0.17626571 -0.29274175 -0.08934430 -0.09191907 0.51054869 0.32431820 0.33778733 -0.12370136 0.18547176 0.43387736 -0.17827204 1.00000000 -0.01658864 0.29372295 0.38633872 0.24952968 0.15530714 -0.06018293 0.08616839 0.04513400 0.14033534 0.06531393 -0.05186243 0.17979255 0.13955667 0.07325536 0.12380703 0.15617589 0.18871438 0.21522064 0.05377598 0.08549670 0.02056069 0.08074626 0.09669656 0.18966230 -0.06908945 -0.01976975 -0.09346595 0.17555348 -0.02549230 0.13356172 0.07500650 -0.02706894 0.06917797 0.04256751 0.04884837 -0.08226058 -0.06691965 0.05602634 0.05563512 -0.07875917 0.06287976 0.03875585 -0.12590974
0.31522198 -0.05108794 0.20287347 0.19101204 0.13326614 0.14600758 0.21025443 0.13885023 0.25122179 0.23947112 0.04864622 0.21563819 0.09495289 0.30108697 0.11957712 0.15166124 0.17336458 0.14753772 0.27195084 0.13005831 0.10716100 0.02999963 0.07285427 0.09169704 0.10355397 -0.00209795 0.08492296 -0.06260562 0.10378601 0.24120226 0.35389291 0.13981550 0.14985856 0.32020688 -0.01658864 1.00000000 0.16970324 0.21847544 0.20845351 0.12323267 0.01766801 0.23067730 0.17055590 0.14854284 0.01240311 0.06140965 0.24930759 0.26341533 0.36820920 0.21371956 0.25177640 0.25299742 0.07283471 0.06915670 0.15228457 0.09678613 0.00616498 -0.03999344 0.11102226 0.04598803 0.05832853 0.17805905 -0.08628937 0.17173986 0.06518308 -0.03320432 -0.12053613 -0.00753856 -0.20680117 0.02564322 -0.15361273 -0.12640300 -0.13735640 0.16571086 -0.19803111 -0.01270247 -0.01735254 -0.22572261
0.12392494 0.06059503 0.21656273 -0.15685090 0.25047533 0.17844767 -0.05580625 -0.06333810 0.04229193 0.04688018 0.21131014 -0.03462852 0.11759896 0.02010090 -0.15039479 -0.18941197 -0.19905747 -0.09800261 -0.02343479 0.14609914 -0.18581322 -0.03099241 -0.07897175 -0.16753340 -0.23024073 -0.09471909 0.08536358 0.22128246 0.28853799 0.01855269 0.12023974 0.13415075 0.19871547 -0.13709422 0.29372295 0.16970324 1.00000000 0.17891925 0.06586635 0.15414759 0.04928191 0.17794455 0.09262949 0.04884309 0.13345263 0.00747020 0.16845646 0.15100018 -0.00908356 0.16182502 0.02718650 0.12411809 0.20322676 0.01178143 0.03464059 0.10177243 0.11946495 0.07708887 0.25829779 -0.00545088 0.07795396 0.04838623 0.07906585 -0.12078621 0.12749551 -0.10225272 -0.03298199 0.02711727 0.03532404 0.01149961 -0.10485618 -0.11065607 -0.14269360 0.00224752 -0.04720381 -0.14617016 -0.09197573 -0.10863231
0.12447347 -0.00983127 -0.15462177 -0.02226340 -0.17972527 -0.12671608 -0.16216002 -0.21552057 -0.10155985 -0.28913678 -0.15082139 -0.29016139 0.02889713 0.00408847 0.02120793 0.00281028 0.19976652 -0.03602125 -0.11997156 -0.00517380 -0.07102821 0.01848322 0.17987776 -0.11679388 -0.03563862 0.06015712 0.25508363 0.44919011 0.22072086 0.59603350 -0.08034785 0.17549497 0.65359317 0.11276987 0.38633872 0.21847544 0.17891925 1.00000000 0.28695010 0.26192472 0.02122067 0.15143827 0.10165507 0.34455403 0.06420273 -0.19466964 0.30945924 0.25043615 0.09504760 0.14939913 0.23944366 0.41700413 0.11281464 0.15078778 0.11233945 -0.02728121 0.16360804 0.13526430 0.17124959 0.05215037 -0.02324594 0.04871149 0.09358009 0.08351270 0.21906984 0.06367814 0.03270080 0.10176744 0.05167327 -0.06141469 -0.13531170 -0.19059881 0.06315433 0.08850992 0.00681382 -0.01616255 0.03233284 -0.14091127
0.11199284 -0.22783258 -0.10081467 0.13264309 0.03345625 -0.02255299 0.04413541 -0.02864459 0.04389314 -0.09852585 -0.13787879 0.03237880 0.00584998 0.01503381 0.00017770 -0.07664622 0.18129911 -0.07625817 -0.03552970 0.04680016 -0.04531635 0.12446481 0.07462534 0.05612015 -0.08410497 -0.01365305 0.17980761 0.26110698 0.20431289 0.25869825 0.02052436 0.14336060 0.40826656 -0.06976253 0.24952968 0.20845351 0.06586635 0.28695010 1.00000000 0.03647654 -0.12367948 0.08257836 0.06214272 0.04197719 -0.17437479 -0.14154180 0.12216595 0.04499892 0.16387880 0.01713619 0.09297644 0.10880015 0.13619554 0.00656557 0.08115181 -0.00538561 -0.02057252 -0.15492181 0.10795049 -0.10022901 -0.01077583 0.06158176 -0.00660577 0.10317430 0.11738735 0.04014961 -0.03998528 0.00693963 -0.07508375 -0.02985523 0.01166495 -0.17013182 -0.07970808 0.12304614 -0.13189598 0.20547570 -0.05494833 -0.05060346
-0.11803438 0.02968000 -0.06025419 0.10585110 -0.04325708 -0.01361172 -0.11848051 -0.18421643 -0.20866669 -0.09733970 -0.16447896 -0.01445829 0.01756760 0.11795989 0.12514886 -0.02873633 0.01007011 0.04144357 0.01220562 0.03536849 -0.10479149 0.16348861 -0.02094713 -0.09003272 0.01269837 -0.06753735 0.21830520 0.22759856 0.20078708 0.27222512 -0.05213876 0.16237493 0.21560962 0.15298049 0.15530714 0.12323267 0.15414759 0.26192472 0.03647654 1.00000000 0.26063413 0.05366893 0.20230626 0.46129423 0.24431221 0.18110861 0.24157177 0.32666473 0.24295171 0.39122260 0.26884269 0.35687274 -0.04535619 0.07446206 0.02172889 -0.23225145 0.20006507 0.12665996 -0.00302889 0.09421271 -0.07761220 -0.02562817 0.13201807 -0.04601673 -0.04636245 -0.08776099 0.07774121 0.17767774 -0.03492744 -0.20121527 -0.09846887 -0.13555656 0.15348040 0.13587817 0.05451808 0.01461196 -0.02914396 -0.10602852
-0.11581934 0.19524640 0.00240181 0.12986050 0.06598358 0.03936120 -0.08593005 0.05418699 -0.08586079 0.06808144 -0.00504214 0.05348544 -0.06039913 0.13947656 0.11711156 -0.03542815 -0.07068260 0.13054364 0.07218955 0.12755063 0.04988543 0.12319697 0.03112173 -0.03939212 0.09711364 0.05673116 0.16082932 0.00242161 0.18604825 -0.04503556 0.11455463 0.04374394 -0.03782328 0.14573139 -0.06018293 0.01766801 0.04928191 0.02122067 -0.12367948 0.26063413 1.00000000 -0.13331763 -0.04066511 0.29597706 0.38111507 0.11446694 0.13709930 0.12505731 0.05792349 0.38309147 0.03009850 0.23301901 -0.06612195 0.01159500 0.15298581 0.03176403 0.09207421 0.22911806 0.00839120 0.29489212 0.12210070 0.28670965 0.17046820 -0.05894519 -0.00984181 0.11653731 0.15413341 0.04060984 0.13076397 0.06126623 0.23425656 0.10260485 0.14193470 -0.11436060 0.28986079 0.04915340 0.09415831 0.16182830
0.20388415 0.02757939 0.02740647 -0.09636228 0.03409937 0.19990422 0.02877038 0.01350422 0.17056259 0.03048117 0.16977482 -0.03187225 0.06923962 -0.00375502 -0.11470501 -0.03909285 0.00322070 -0.04901958 0.05842477 0.13666640 -0.04076153 -0.13373264 0.01297886 -0.10548546 -0.17129803 -0.05345324 -0.08039206 0.00261731 0.06818345 0.02493601 0.06661342 -0.11127034 0.21970123 -0.10679431 0.08616839 0.23067730 0.17794455 0.15143827 0.08257836 0.05366893 -0.13331763 1.00000000 0.27283744 0.21802292 -0.02972404 0.06026906 0.42638392 0.38897720 0.21808482 0.09306131 0.43238675 0.37356037 0.40895348 0.25279385 0.31136306 0.36993434 0.25238202 0.12776538 0.34341779 -0.06432495 0.22357206 0.11123157 0.20932840 0.21177079 0.36458225 0.04657664 -0.08812938 -0.02003094 -0.00001407 0.08843461 -0.18497313 -0.19004133 -0.01293098 -0.01062807 0.03503615 -0.03760129 -0.04289110 -0.11150711
0.07420975 -0.07387153 0.02429617 -0.01904233 0.06438101 0.04763447 0.02581978 0.01746215 -0.00717123 0.06406908 -0.03580436 0.12353518 -0.01336371 -0.08769251 0.01658286 -0.04862032 -0.07610700 -0.08253226 0.09587695 0.08802780 -0.11999408 -0.08836167 -0.00007024 -0.12037299 -0.07407945 -0.08494279 0.10536241 -0.04368436 0.01205583 0.05080525 0.13542531 0.07946600 0.05824633 0.13031887 0.04513400 0.17055590 0.09262949 0.10165507 0.06214272 0.20230626 -0.04066511 0.27283744 1.00000000 0.14608285 0.06001576 0.26256550 0.30706298 0.24313008 0.37184418 0.25882388 0.25670967 0.07439616 0.04895255 0.01563570 0.22369192 0.04222371 0.07306593 -0.08573091 0.18579851 -0.05882183 -0.00026858 0.01699415 -0.04655455 0.07596972 0.11367686 -0.03175109 -0.17840949 0.07167151 -0.24968764 -0.03961680 -0.17353053 -0.06936576 -0.09521883 0.09845839 -0.07199390 0.09744052 -0.02705873 -0.06396362
0.00944013 0.10972232 -0.10317972 0.06761929 -0.00259205 0.03336469 -0.16268467 -0.11156892 -0.06025035 -0.04455259 -0.11738567 -0.05395657 -0.06318605 0.15642427 0.13428239 0.07100950 0.10746581 0.05479535 0.05566925 0.09578156 0.04120799 0.10440383 0.11891137 0.02178303 0.09189407 0.13937614 0.23999437 0.10468596 0.24885846 0.24281684 0.10106269 0.02763096 0.22921356 0.23095558 0.14033534 0.14854284 0.04884309 0.34455403 0.04197719 0.46129423 0.29597706 0.21802292 0.14608285 1.00000000 0.38536113 0.20960445 0.21222630 0.39249827 0.33290810 0.55527994 0.25180836 0.50691072 0.02670109 0.16163544 0.25677230 0.11860474 0.23665293 0.31818511 0.07877492 0.25605055 0.14811772 0.18219139 0.28842086 0.12813682 0.17320276 0.01897743 0.06915704 0.15654882 0.00262096 0.06160469 0.04583444 -0.08141140 0.22969036 0.08706652 0.14473399 -0.00705397 0.04535233 0.05221106
-0.11876912 0.06317541 -0.01543136 -0.08502764 0.07431658 -0.05942771 -0.24660899 -0.04226875 -0.24598766 -0.03233505 0.04238125 -0.12453184 -0.16568804 0.14791223 0.07089243 -0.09242041 -0.10370663 -0.01216814 -0.03009217 0.17039247 -0.14353113 0.06694656 0.04501364 -0.03630929 0.00415334 0.00599856 0.04968181 0.10304855 0.15098690 -0.01134542 0.00377325 -0.04113718 -0.02446722 -0.00774537 0.06531393 0.01240311 0.13345263 0.06420273 -0.17437479 0.24431221 0.38111507 -0.02972404 0.06001576 0.38536113 1.00000000 0.26524561 0.09974944 0.23295312 -0.05967740 0.36406251 0.05671168 0.19162052 0.00429320 -0.08188824 0.07793207 0.13398460 0.11096316 0.34658324 0.05149228 0.26887879 0.13906706 0.07863834 0.14081301 -0.21510676 0.16003010 0.08151537 0.07045238 -0.00898089 0.09347337 0.00733498 0.01302821 -0.01512842 0.06773149 -0.13620075 0.20824604 -0.06787257 -0.01133719 0.11068935
0.05696076 0.13837241 0.05823596 0.05287384 0.06766334 0.10945237 0.09079247 0.07043438 -0.06248305 0.16567255 0.01172606 0.13508417 0.03005467 0.14585543 0.07855048 0.02842062 -0.06870000 0.06907524 0.12161875 -0.00405158 0.01282230 0.03242181 0.01176778 0.01288899 0.07425453 0.04361352 -0.02453942 -0.14090790 0.02218840 -0.11387744 0.13660366 0.19609136 -0.12130701 0.19137990 -0.05186243 0.06140965 0.00747020 -0.19466964 -0.14154180 0.18110861 0.11446694 0.06026906 0.26256550 0.20960445 0.26524561 1.00000000 0.01982317 0.01672212 0.33384227 0.40354684 0.16353330 0.00997227 -0.16976631 -0.08565669 0.08393498 0.03136782 0.08406092 0.10176701 -0.10838999 0.13859343 0.09867348 -0.02950468 0.01827648 -0.04660588 -0.15318953 0.02504543 0.03831967 0.14783655 -0.06803164 0.09434447 0.06420001 0.06680296 0.00163048 -0.09511954 0.09334856 0.06601166 0.01038501 0.12330967
0.12212986 0.01672507 0.03774216 -0.10355085 0.01509416 0.06561610 -0.08236657 -0.00376677 -0.00784380 -0.04963104 0.08303990 -0.04937575 -0.00598224 -0.03850468 -0.08219791 -0.07048487 0.05190105 -0.04393734 0.02823405 0.21546657 -0.14746114 -0.09242550 0.06951111 -0.10029952 -0.08757358 -0.07721439 0.06726491 0.08878439 0.18663344 0.11493996 0.04185197 0.01991227 0.31207541 0.05668331 0.17979255 0.24930759 0.16845646 0.30945924 0.12216595 0.24157177 0.13709930 0.42638392 0.30706298 0.21222630 0.09974944 0.01982317 1.00000000 0.49994917 0.27813431 0.17314304 0.40319377 0.48625483 0.14836615 0.20262640 0.27154612 0.12324084 0.12526917 0.09307124 0.35424179 -0.03840238 0.07804560 0.09967012 0.11224023 0.20001858 0.29397059 0.00529593 -0.05247688 0.13796133 -0.03633800 0.01040396 -0.10567948 -0.09825262 -0.06777177 0.17953549 0.05976508 0.01819089 0.00462575 -0.13548173
0.11356267 0.04734911 0.10976226 -0.02174916 0.11206850 0.18488490 -0.12390575 0.07868828 0.05709914 -0.06773852 0.09033360 -0.04184212 -0.06514020 0.04935735 -0.00930630 -0.06346230 0.00614431 0.02774465 0.03412731 0.12228958 -0.09085140 -0.03763358 0.06987351 -0.08591650 -0.10332962 -0.03766575 0.07461091 0.11096023 0.18382692 0.16135297 0.09719940 -0.03670708 0.25423416 0.05490955 0.13955667 0.26341533 0.15100018 0.25043615 0.04499892 0.32666473 0.12505731 0.38897720 0.24313008 0.39249827 0.23295312 0.01672212 0.49994917 1.00000000 0.35506423 0.37623603 0.36437546 0.48721824 0.13171128 0.20259982 0.28058172 0.26298891 0.11208491 0.14207511 0.28372878 0.01840858 0.13860230 0.15331593 0.10227039 0.22998233 0.35719109 -0.03797660 -0.10107544 0.05919454 -0.11030265 0.01850290 -0.11674103 -0.15622523 -0.11777517 0.18682939 0.01664466 -0.01577907 -0.02321556 -0.08118138
0.23787307 -0.06800774 0.19393388 0.14589458 0.18795999 0.20560305 0.16669072 0.18386605 0.23257599 0.25524246 -0.04105148 0.30353078 -0.07050896 0.04954329 0.04160992 0.08828498 0.05346178 0.08351831 0.21814146 0.05104978 0.03080592 -0.02320717 -0.00207662 0.02032899 -0.02012082 -0.01848998 0.07457872 -0.15582637 0.12401800 0.09035053 0.27972362 0.14081933 0.12491058 0.31470138 0.07325536 0.36820920 -0.00908356 0.09504760 0.16387880 0.24295171 0.05792349 0.21808482 0.37184418 0.33290810 -0.05967740 0.33384227 0.27813431 0.35506423 1.00000000 0.48668146 0.29462865 0.29157302 -0.12662271 0.11104817 0.23682073 0.06995786 -0.03569905 -0.11714136 -0.04065358 -0.03467352 0.10835670 0.23587701 -0.05665070 0.35104778 -0.01770441 -0.12662314 -0.16703201 0.06675183 -0.36263743 0.05081912 -0.02016747 -0.08190970 -0.09937009 0.18808250 -0.14561872 0.16118769 0.07511514 -0.13176905
0.09652588 0.10081932 0.11542949 0.17598507 0.16917757 0.19289310 -0.06419322 0.03629353 0.07538862 0.16531554 0.02458168 0.17893098 -0.00794283 0.19124983 0.11194242 0.02591595 -0.02842850 0.17002533 0.14628458 0.14192509 -0.02661561 0.14862930 0.10462135 0.07731298 0.04141926 0.07494132 0.16241797 -0.03617911 0.22420009 0.05738536 0.18073597 0.07779925 0.10005934 0.18862922 0.12380703 0.21371956 0.16182502 0.14939913 0.01713619 0.39122260 0.38309147 0.09306131 0.25882388 0.55527994 0.36406251 0.40354684 0.17314304 0.37623603 0.48668146 1.00000000 0.19570495 0.34253939 -0.16420678 -0.01157318 0.13725240 0.01179822 0.08956397 0.10227065 -0.05397754 0.18068321 0.15528481 0.17857966 0.02894460 0.06761508 -0.04751441 -0.02674715 -0.02647930 0.13540104 -0.12865051 0.11636600 0.01289386 -0.02490822 -0.01704938 0.09906662 0.08832127 0.10238242 0.00600487 0.06301731
0.21397781 0.04360691 -0.01302037 -0.00684536 -0.03013973 0.07767802 -0.06919106 -0.04453967 0.03568376 -0.10136775 0.03611961 -0.03547795 -0.05647470 0.03505919 0.04019413 0.03536296 0.06873843 0.07875556 0.07898338 0.10383514 -0.01300265 -0.02855446 0.11060723 -0.06855154 0.00389310 0.05755895 0.01853006 0.10510218 0.09234110 0.17652553 0.06003562 0.01079106 0.27995324 0.01306427 0.15617589 0.25177640 0.02718650 0.23944366 0.09297644 0.26884269 0.03009850 0.43238675 0.25670967 0.25180836 0.05671168 0.16353330 0.40319377 0.36437546 0.29462865 0.19570495 1.00000000 0.38395807 0.18646335 0.29425628 0.24486479 0.25123560 0.28726946 0.11809842 0.13302575 -0.01851980 0.08317657 0.07249109 0.19575627 0.24963637 0.25019634 0.02985843 -0.07150050 0.12592138 0.03178965 0.08008041 -0.12626177 -0.14605783 0.00710150 0.07080335 -0.00711246 -0.06885760 -0.07125566 -0.06715452
0.12230540 0.12413961 0.10888455 -0.03149759 0.00438449 0.11467102 -0.08120637 -0.00124809 0.03079962 -0.01478090 0.07198023 -0.02142665 -0.04765141 0.07230387 -0.02356114 -0.02988576 0.06498566 0.06261187 -0.00521467 0.15958796 -0.08851666 0.02079639 0.07454254 -0.03830027 -0.05631219 0.01320307 0.04641380 0.18030515 0.19728607 0.27909529 0.04168857 0.01060940 0.32347910 0.07702037 0.18871438 0.25299742 0.12411809 0.41700413 0.10880015 0.35687274 0.23301901 0.37356037 0.07439616 0.50691072 0.19162052 0.00997227 0.48625483 0.48721824 0.29157302 0.34253939 0.38395807 1.00000000 0.21674368 0.26206228 0.26203472 0.22011027 0.25917799 0.23639622 0.25978784 0.13012673 0.29994603 0.27679463 0.20742570 0.25998225 0.38235138 0.10228400 -0.11950735 0.14619516 0.00729643 0.10651165 -0.06624812 -0.26910066 -0.03085854 0.11207930 0.09231264 -0.05928424 -0.01834785 -0.08508118
0.00003444 -0.00563521 -0.09733418 -0.14895923 -0.05348122 0.00433824 -0.12625984 -0.00795015 0.02338789 -0.11079140 -0.00855340 -0.10649287 -0.01896390 -0.03905854 -0.13037267 -0.12804112 -0.10531618 -0.05454111 -0.05554832 0.15859310 -0.05055930 -0.02411387 0.03056357 -0.08167801 -0.17485972 -0.01608704 -0.08288395 0.23301571 0.20144031 0.05137459 -0.08709208 -0.08610002 0.18710380 -0.20422049 0.21522064 0.07283471 0.20322676 0.11281464 0.13619554 -0.04535619 -0.06612195 0.40895348 0.04895255 0.02670109 0.00429320 -0.16976631 0.14836615 0.13171128 -0.12662271 -0.16420678 0.18646335 0.21674368 1.00000000 0.31064011 0.35771407 0.36628987 0.27497539 0.20626946 0.54700121 0.00068270 0.35656359 -0.00968096 0.38881330 0.15908820 0.47097200 0.15811496 -0.03453337 -0.14334995 0.20649388 0.07514932 -0.14556682 -0.10527213 -0.06121708 -0.02667170 0.09916247 -0.04417307 -0.15405926 -0.03268550
0.02294527 -0.16203261 -0.13390669 -0.01661428 -0.23540165 -0.10606792 -0.15888964 -0.07108157 -0.06154754 -0.12016442 -0.21918579 -0.09758280 -0.11913282 -0.06725520 -0.01228800 0.04817757 0.13829934 0.06918080 0.03952460 0.00412939 0.06955631 -0.00384220 0.06610839 -0.03222133 0.05455607 0.08485442 0.07837294 0.03053460 0.00769777 0.09148522 -0.07713519 -0.05776662 0.13529933 0.01749525 0.05377598 0.06915670 0.01178143 0.15078778 0.00656557 0.07446206 0.01159500 0.25279385 0.01563570 0.16163544 -0.08188824 -0.08565669 0.20262640 0.20259982 0.11104817 -0.01157318 0.29425628 0.26206228 0.31064011 1.00000000 0.48272621 0.32563989 0.34173647 0.10835339 0.28369525 0.08906737 0.21244172 0.07663395 0.34455473 0.39306780 0.28534272 0.10917208 0.06388312 0.09226840 0.19735437 -0.00534868 0.00463957 -0.02349716 0.09451454 0.16667216 -0.05346022 -0.03354773 -0.01834342 0.10364619
0.04606654 0.03117611 -0.08586655 0.01510436 0.02063058 0.07706874 -0.06739206 0.09544866 -0.00019940 0.04325592 -0.09660221 0.05811867 -0.10786577 -0.08361437 0.00471205 -0.04552023 0.05334878 0.01130444 0.09964627 0.13394759 -0.00636005 -0.14081468 -0.01031160 -0.08315644 0.00638879 0.02772873 0.12586641 -0.04411337 0.23355437 -0.00745096 0.17782151 0.01849611 0.07868837 0.17506151 0.08549670 0.15228457 0.03464059 0.11233945 0.08115181 0.02172889 0.15298581 0.31136306 0.22369192 0.25677230 0.07793207 0.08393498 0.27154612 0.28058172 0.23682073 0.13725240 0.24486479 0.26203472 0.35771407 0.48272621 1.00000000 0.37405384 0.22755898 0.24887213 0.42265068 0.20761155 0.35487661 0.23745836 0.32308685 0.26920262 0.31997779 0.08450864 -0.05146694 0.03771808 0.07428045 0.04698966 -0.02707272 0.01430853 0.03681373 0.01360023 0.16778790 0.01365360 -0.03861877 0.14196238
0.10037085 0.05437534 0.09199846 -0.05545721 0.09875884 0.18338119 -0.09391950 0.07757833 0.21951342 0.08921677 0.17396945 0.03564236 -0.12310574 0.04482335 -0.07225113 -0.07388466 -0.07102608 0.02988464 -0.03542140 0.14434073 -0.01282226 -0.10192854 0.00236122 0.02054941 -0.07109624 0.03724772 -0.02759090 -0.01714913 0.11086638 -0.10641726 0.18298859 -0.05558650 -0.00215978 -0.10159685 0.02056069 0.09678613 0.10177243 -0.02728121 -0.00538561 -0.23225145 0.03176403 0.36993434 0.04222371 0.11860474 0.13398460 0.03136782 0.12324084 0.26298891 0.06995786 0.01179822 0.25123560 0.22011027 0.36628987 0.32563989 0.37405384 1.00000000 0.24379490 0.37444791 0.33174584 0.29386197 0.36568629 0.30810501 0.34733185 0.33316845 0.52005643 0.17851091 -0.05230957 -0.06953107 0.09765764 0.19458253 0.03189141 -0.04335838 -0.10847352 -0.02359476 0.17327729 -0.03208086 0.05256609 0.14371341
0.04357677 0.24984979 -0.07388859 0.05465689 -0.10874822 -0.00357618 -0.09155861 -0.11485011 -0.11388924 -0.06710101 0.00358524 -0.15648796 -0.02251287 0.03992094 0.10082868 0.08508353 0.07335872 0.08833408 -0.03260455 0.03569290 0.06261406 0.04205584 0.08807938 -0.04240368 0.06638579 0.14327705 0.08082946 0.15817488 0.05278181 0.08426264 -0.06232546 0.00213223 0.11856469 -0.03290133 0.08074626 0.00616498 0.11946495 0.16360804 -0.02057252 0.20006507 0.09207421 0.25238202 0.07306593 0.23665293 0.11096316 0.08406092 0.12526917 0.11208491 -0.03569905 0.08956397 0.28726946 0.25917799 0.27497539 0.34173647 0.22755898 0.24379490 1.00000000 0.41249703 0.26336841 0.22030090 0.13846284 0.08664019 0.45374726 0.09129083 0.19134869 0.07016113 0.02482173 0.07362497 0.22000689 -0.11427474 -0.10409815 -0.19329958 0.10309057 -0.13869221 0.08521087 -0.22408089 -0.16617286 0.00566190
-0.03707587 0.28159336 -0.07680935 -0.08283722 -0.00513840 0.03446197 -0.15514000 -0.05382937 -0.02235005 -0.06044699 0.05820437 -0.13303361 -0.09624115 0.05685038 0.07091580 0.02979693 0.02877373 0.10151474 -0.06689909 0.06816843 -0.01464755 0.00284829 0.12119899 -0.00660113 0.07639002 0.12715292 0.20585897 0.11958362 0.16372698 0.00801777 0.06319952 0.06745137 -0.01930276 0.00282198 0.09669656 -0.03999344 0.07708887 0.13526430 -0.15492181 0.12665996 0.22911806 0.12776538 -0.08573091 0.31818511 0.34658324 0.10176701 0.09307124 0.14207511 -0.11714136 0.10227065 0.11809842 0.23639622 0.20626946 0.10835339 0.24887213 0.37444791 0.41249703 1.00000000 0.35628815 0.38901512 0.32729285 0.27477272 0.42367525 0.06586671 0.29176893 0.02898779 0.13162606 0.08682928 0.35409819 0.01800878 0.10589564 0.09448559 0.29234606 -0.14273449 0.30349565 -0.20161025 -0.03271262 0.19324550
-0.06707986 -0.00422445 0.01026985 -0.05036816 -0.02670755 0.02506417 -0.10302856 0.07970458 -0.04869201 -0.01441800 0.02785442 -0.04179032 -0.11788176 -0.13357132 -0.17272899 -0.19058983 -0.06356294 -0.09607083 -0.05527282 0.26045105 -0.16172731 -0.02880484 0.05751929 -0.10668518 -0.16205599 -0.04593841 0.09378016 0.20498560 0.22221796 0.07990317 0.05658603 0.01536443 0.13835038 -0.04629282 0.18966230 0.11102226 0.25829779 0.17124959 0.10795049 -0.00302889 0.00839120 0.34341779 0.18579851 0.07877492 0.05149228 -0.10838999 0.35424179 0.28372878 -0.04065358 -0.05397754 0.13302575 0.25978784 0.54700121 0.28369525 0.42265068 0.33174584 0.26336841 0.35628815 1.00000000 0.06921258 0.34396353 0.25843359 0.30946895 0.24210849 0.52549908 0.14707451 0.02491547 -0.05012357 0.19710931 0.02551350 -0.07297822 -0.01384070 -0.06774184 0.06933421 -0.01192985 -0.04031928 -0.08374380 0.13105480
0.02563902 0.07880576 -0.09634611 0.21220485 0.03395207 0.09229526 -0.03470855 -0.03621844 0.07292549 0.05934666 -0.05294146 0.03791863 0.08072465 0.17698646 0.18812902 0.09342121 0.16910903 0.19794755 0.14891801 0.10450635 0.12220302 0.07608228 0.05663891 0.06329152 0.17587881 0.14856344 0.19378987 -0.06977098 0.12616412 -0.03582348 0.16949583 0.02929313 -0.00558668 0.07783090 -0.06908945 0.04598803 -0.00545088 0.05215037 -0.10022901 0.09421271 0.29489212 -0.06432495 -0.05882183 0.25605055 0.26887879 0.13859343 -0.03840238 0.01840858 -0.03467352 0.18068321 -0.01851980 0.13012673 0.00068270 0.08906737 0.20761155 0.29386197 0.22030090 0.38901512 0.06921258 1.00000000 0.25549405 0.22997510 0.32994106 0.11790474 0.16766880 0.11441266 0.19658583 0.14961838 0.20082630 -0.00703463 0.29077933 0.06217723 0.26835575 0.00601242 0.30795269 -0.03568894 0.14534653 0.19475047
0.03546834 0.14361298 0.09190671 -0.02956037 0.03946298 0.16672582 0.03388785 0.13739921 0.07910004 0.14797908 0.06285544 0.15771558 -0.01627175 0.04604121 -0.04951599 -0.03631043 -0.05932373 0.03652059 0.06394245 0.16567983 -0.01725778 -0.00759932 -0.00463601 -0.01912985 0.02487507 0.02830510 0.04778189 -0.07844204 0.13960716 -0.12659562 0.18422835 0.00071131 -0.05096323 -0.00145098 -0.01976975 0.05832853 0.07795396 -0.02324594 -0.01077583 -0.07761220 0.12210070 0.22357206 -0.00026858 0.14811772 0.13906706 0.09867348 0.07804560 0.13860230 0.10835670 0.15528481 0.08317657 0.29994603 0.35656359 0.21244172 0.35487661 0.36568629 0.13846284 0.32729285 0.34396353 0.25549405 1.00000000 0.48860644 0.23960053 0.27582880 0.27728699 0.15041161 -0.09306744 -0.13503852 0.12700170 0.13005277 0.09794327 -0.08112376 -0.02285456 -0.12647361 0.15695522 -0.03587231 -0.00382531 0.09793483
0.10563198 0.08805863 0.21103675 0.17750089 0.12646959 0.09790012 0.10002320 0.16016590 0.17234023 0.21885725 0.10214251 0.21061328 -0.03480567 0.03858199 0.03636428 -0.04323891 -0.05230829 0.05653791 0.02371006 0.12647885 -0.01378304 -0.03617799 0.00579633 -0.03596345 -0.00784527 0.02295971 0.11088621 -0.11489519 0.10262545 -0.07498235 0.29344984 0.04189751 -0.01336209 0.05848263 -0.09346595 0.17805905 0.04838623 0.04871149 0.06158176 -0.02562817 0.28670965 0.11123157 0.01699415 0.18219139 0.07863834 -0.02950468 0.09967012 0.15331593 0.23587701 0.17857966 0.07249109 0.27679463 -0.00968096 0.07663395 0.23745836 0.30810501 0.08664019 0.27477272 0.25843359 0.22997510 0.48860644 1.00000000 0.12892633 0.32713933 0.20894839 -0.03494579 -0.14283900 -0.03115416 -0.02444694 0.11447440 0.12412650 -0.16424153 -0.06335001 -0.10664301 0.10695134 -0.08721564 0.05439903 -0.01451964
-0.12537867 0.21949193 -0.14688880 -0.00591967 -0.10813029 -0.02844452 -0.12214424 -0.06901608 -0.10538012 -0.17756341 -0.07049072 -0.14870380 -0.09953165 -0.03592569 -0.08252720 -0.11113216 -0.01988367 0.02444203 -0.10679345 0.10606316 -0.06896349 -0.01680333 0.01048723 -0.09355770 -0.03992417 0.02431352 0.11951648 0.31957999 0.25384700 0.03704029 -0.02236730 0.11406422 0.10739871 -0.03244200 0.17555348 -0.08628937 0.07906585 0.09358009 -0.00660577 0.13201807 0.17046820 0.20932840 -0.04655455 0.28842086 0.14081301 0.01827648 0.11224023 0.10227039 -0.05665070 0.02894460 0.19575627 0.20742570 0.38881330 0.34455473 0.32308685 0.34733185 0.45374726 0.42367525 0.30946895 0.32994106 0.23960053 0.12892633 1.00000000 0.08905148 0.26775647 0.16136001 0.09771323 0.04997277 0.28449235 0.01848988 0.03725461 0.01900226 0.17430385 0.01049424 0.20515509 -0.03762068 -0.03222966 0.18591465
0.22892693 0.01350257 0.08943681 0.15538261 -0.00824098 0.14575446 0.12794519 0.18507000 0.24108602 0.19713879 -0.05604396 0.18929410 -0.06539765 0.07749534 0.01974995 0.16170611 0.20157008 0.25889255 0.23061976 0.18307688 0.18268666 -0.04314569 0.21405261 0.14299383 0.08891319 0.13997769 0.09915807 -0.15073018 -0.00271672 0.07202350 0.21408734 -0.01197951 0.11988108 0.16198664 -0.02549230 0.17173986 -0.12078621 0.08351270 0.10317430 -0.04601673 -0.05894519 0.21177079 0.07596972 0.12813682 -0.21510676 -0.04660588 0.20001858 0.22998233 0.35104778 0.06761508 0.24963637 0.25998225 0.15908820 0.39306780 0.26920262 0.33316845 0.09129083 0.06586671 0.24210849 0.11790474 0.27582880 0.32713933 0.08905148 1.00000000 0.34736857 -0.01142588 -0.04617741 0.12038637 0.00660062 0.15191395 0.14883390 0.00536097 0.01833302 0.14155748 0.02282189 -0.04419486 0.11039727 0.05077409
0.06128611 0.02224982 0.05240853 -0.06952379 0.10892367 0.16784946 -0.08277184 0.06312503 0.08961099 0.05452785 0.13926689 0.03026499 -0.09123491 -0.08625603 -0.15649132 -0.15176130 -0.07123088 -0.01113012 -0.00055523 0.22545751 -0.10418785 -0.10340830 0.04002858 -0.08392610 -0.14133454 -0.07061207 0.02658335 0.11098276 0.04155234 0.07238321 0.10286699 -0.13513739 0.21156581 -0.13732330 0.13356172 0.06518308 0.12749551 0.21906984 0.11738735 -0.04636245 -0.00984181 0.36458225 0.11367686 0.17320276 0.16003010 -0.15318953 0.29397059 0.35719109 -0.01770441 -0.04751441 0.25019634 0.38235138 0.47097200 0.28534272 0.31997779 0.52005643 0.19134869 0.29176893 0.52549908 0.16766880 0.27728699 0.20894839 0.26775647 0.34736857 1.00000000 0.11985880 -0.07713466 -0.07926089 0.11401818 0.05445807 -0.05364287 -0.09346724 -0.02333509 0.03981851 0.06320050 -0.09148026 -0.01066489 -0.00145671
-0.26179171 -0.06093720 -0.06020440 -0.07409807 -0.14941820 -0.10828063 -0.15586124 -0.03504846 -0.14070464 -0.07319648 -0.01894447 -0.11770741 -0.11272791 0.06922006 -0.14523316 -0.20167000 -0.12008191 -0.13989315 -0.15521521 0.00726458 -0.06700590 0.11245903 -0.13809533 -0.02039708 -0.11273077 -0.09350988 -0.08220838 0.19001714 0.06057329 0.08728640 -0.15902143 -0.01826830 0.00707909 -0.05965343 0.07500650 -0.03320432 -0.10225272 0.06367814 0.04014961 -0.08776099 0.11653731 0.04657664 -0.03175109 0.01897743 0.08151537 0.02504543 0.00529593 -0.03797660 -0.12662314 -0.02674715 0.02985843 0.10228400 0.15811496 0.10917208 0.08450864 0.17851091 0.07016113 0.02898779 0.14707451 0.11441266 0.15041161 -0.03494579 0.16136001 -0.01142588 0.11985880 1.00000000 0.19025087 -0.05693858 0.23168023 0.23006316 0.08045108 -0.01681095 -0.09055066 0.14709007 0.23025900 0.23728459 0.32407858 0.23260706
-0.25393958 -0.00068437 -0.17350188 0.06876476 -0.13123595 -0.15077058 -0.05939897 -0.02442376 -0.17265273 -0.03016716 -0.09355260 -0.08623435 -0.00238663 0.04805716 -0.03496041 -0.07525002 0.04190500 -0.01929564 -0.02380274 -0.03915164 -0.01515274 0.10637811 0.05475090 0.08220827 -0.00637407 0.00872428 0.04584988 0.07691411 0.09523489 -0.05694082 -0.11960293 -0.04456762 0.00463664 -0.05272530 -0.02706894 -0.12053613 -0.03298199 0.03270080 -0.03998528 0.07774121 0.15413341 -0.08812938 -0.17840949 0.06915704 0.07045238 0.03831967 -0.05247688 -0.10107544 -0.16703201 -0.02647930 -0.07150050 -0.11950735 -0.03453337 0.06388312 -0.05146694 -0.05230957 0.02482173 0.13162606 0.02491547 0.19658583 -0.09306744 -0.14283900 0.09771323 -0.04617741 -0.07713466 0.19025087 1.00000000 0.26505516 0.45011213 0.04720763 0.33414137 0.42681798 0.34152497 0.12908509 0.23780266 0.03118400 0.23509352 0.28180814
0.06541521 0.03979845 -0.05902207 -0.08300034 -0.08017002 -0.06274060 -0.05857521 -0.09356512 -0.12865168 -0.07070525 -0.05829541 0.02525783 -0.00777226 -0.05463739 0.04641102 0.06418990 0.06145668 0.07589099 0.05957079 0.02578434 -0.01469098 0.02292624 0.08899489 -0.02378192 -0.03037944 0.05778253 0.14379326 0.04279707 0.13656267 0.00136890 0.03831655 -0.00794604 0.10027001 0.07528493 0.06917797 -0.00753856 0.02711727 0.10176744 0.00693963 0.17767774 0.04060984 -0.02003094 0.07167151 0.15654882 -0.00898089 0.14783655 0.13796133 0.05919454 0.06675183 0.13540104 0.12592138 0.14619516 -0.14334995 0.09226840 0.03771808 -0.06953107 0.07362497 0.08682928 -0.05012357 0.14961838 -0.13503852 -0.03115416 0.04997277 0.12038637 -0.07926089 -0.05693858 0.26505516 1.00000000 0.11657072 0.13256291 0.32564926 0.28985525 0.39964820 0.15998470 0.18963001 -0.04871446 0.20664962 0.20840566
-0.10640864 0.06443759 -0.11598429 -0.11239763 -0.13339985 -0.09290452 -0.15664804 -0.11358047 -0.13306164 -0.17586028 -0.09588053 -0.18996482 0.01007731 -0.02307488 -0.00427957 -0.08684006 0.04921713 0.04334524 -0.10180032 -0.00737947 0.03678795 0.13107215 0.08366795 0.06772416 0.01245302 0.06411689 0.04000373 0.21281090 0.02197313 0.04333858 -0.24459147 -0.06522660 0.06640686 -0.21041816 0.04256751 -0.20680117 0.03532404 0.05167327 -0.07508375 -0.03492744 0.13076397 -0.00001407 -0.24968764 0.00262096 0.09347337 -0.06803164 -0.03633800 -0.11030265 -0.36263743 -0.12865051 0.03178965 0.00729643 0.20649388 0.19735437 0.07428045 0.09765764 0.22000689 0.35409819 0.19710931 0.20082630 0.12700170 -0.02444694 0.28449235 0.00660062 0.11401818 0.23168023 0.45011213 0.11657072 1.00000000 0.11024896 0.18295127 0.23363124 0.32248310 -0.04839323 0.36329715 -0.09338253 -0.01749950 0.26378572
0.01754945 -0.05777896 0.15900859 -0.10211120 -0.00823182 0.02209468 0.03005501 0.09595097 0.16547876 0.09172269 0.09183920 0.05099754 -0.12019707 0.07223857 -0.14522475 -0.07425756 -0.13789346 0.05552701 0.00643968 0.03444982 0.01842291 -0.07848981 0.00616634 0.02944034 -0.13727669 0.03741945 -0.18169137 -0.02472060 0.03471918 -0.12620491 0.07789978 -0.02647242 -0.00224085 -0.06568967 0.04884837 0.02564322 0.01149961 -0.06141469 -0.02985523 -0.20121527 0.06126623 0.08843461 -0.03961680 0.06160469 0.00733498 0.09434447 0.01040396 0.01850290 0.05081912 0.11636600 0.08008041 0.10651165 0.07514932 -0.00534868 0.04698966 0.19458253 -0.11427474 0.01800878 0.02551350 -0.00703463 0.13005277 0.11447440 0.01848988 0.15191395 0.05445807 0.23006316 0.04720763 0.13256291 0.11024896 1.00000000 0.16707947 0.16996106 -0.13300564 0.00950051 0.24531358 0.07563738 0.10141187 0.30786353
0.03181045 -0.01146328 0.02446003 0.12792996 -0.02670377 -0.01002171 0.06052976 0.10601845 0.00060485 0.07354605 -0.00595883 0.14849168 -0.09993107 0.02567879 -0.00204720 0.07392278 0.03605382 0.06258500 0.11524385 -0.01039956 0.12190307 0.05737101 0.04405232 0.14313981 0.07001146 0.10293316 0.11515191 -0.16709614 0.04485582 -0.15323189 0.17420054 0.00761936 -0.13577636 0.07297494 -0.08226058 -0.15361273 -0.10485618 -0.13531170 0.01166495 -0.09846887 0.23425656 -0.18497313 -0.17353053 0.04583444 0.01302821 0.06420001 -0.10567948 -0.11674103 -0.02016747 0.01289386 -0.12626177 -0.06624812 -0.14556682 0.00463957 -0.02707272 0.03189141 -0.10409815 0.10589564 -0.07297822 0.29077933 0.09794327 0.12412650 0.03725461 0.14883390 -0.05364287 0.08045108 0.33414137 0.32564926 0.18295127 0.16707947 1.00000000 0.32006752 0.32363947 0.00918352 0.26450632 0.12246325 0.30429392 0.26813109
-0.11725858 0.01614949 -0.03429823 -0.04497812 -0.00691098 -0.01765949 0.08020451 0.10107588 0.05104396 0.05733823 -0.03386217 0.14087175 -0.17347518 0.00767797 -0.01089329 0.03394945 -0.00742972 0.01168288 0.08266318 -0.00351851 0.04701640 -0.06537863 0.06503616 0.07686051 0.01029708 0.02557947 0.01164746 -0.04491414 -0.08051391 -0.14495266 0.03144972 0.02654244 -0.24493240 0.07598928 -0.06691965 -0.12640300 -0.11065607 -0.19059881 -0.17013182 -0.13555656 0.10260485 -0.19004133 -0.06936576 -0.08141140 -0.01512842 0.06680296 -0.09825262 -0.15622523 -0.08190970 -0.02490822 -0.14605783 -0.26910066 -0.10527213 -0.02349716 0.01430853 -0.04335838 -0.19329958 0.09448559 -0.01384070 0.06217723 -0.08112376 -0.16424153 0.01900226 0.00536097 -0.09346724 -0.01681095 0.42681798 0.28985525 0.23363124 0.16996106 0.32006752 1.00000000 0.33656337 0.04989281 0.20814933 0.08662520 0.25642760 0.34659239
-0.06466588 0.04272521 -0.28683957 -0.01103485 -0.22765104 -0.06334988 -0.05689646 -0.15376311 -0.10138716 -0.12892411 -0.20287169 -0.08369859 0.00185859 0.01842603 0.21439910 0.20264486 0.20969110 0.09227576 0.05918424 -0.08630128 0.18268380 0.02991823 0.08989880 0.04143405 0.21331074 0.17146284 0.22810309 -0.01242480 -0.00202293 0.06427404 0.01483701 -0.06317464 0.01215632 0.07931180 0.05602634 -0.13735640 -0.14269360 0.06315433 -0.07970808 0.15348040 0.14193470 -0.01293098 -0.09521883 0.22969036 0.06773149 0.00163048 -0.06777177 -0.11777517 -0.09937009 -0.01704938 0.00710150 -0.03085854 -0.06121708 0.09451454 0.03681373 -0.10847352 0.10309057 0.29234606 -0.06774184 0.26835575 -0.02285456 -0.06335001 0.17430385 0.01833302 -0.02333509 -0.09055066 0.34152497 0.39964820 0.32248310 -0.13300564 0.32363947 0.33656337 1.00000000 -0.10567804 0.27521370 -0.10253560 0.08412897 0.16777753
-0.00029205 -0.26848050 0.04220778 0.02954759 -0.02512180 -0.02313250 -0.10608107 -0.12831716 0.01350218 -0.10794293 -0.14181529 -0.00083935 -0.06149712 -0.02167002 -0.08669323 -0.01178036 0.04698518 -0.01726617 0.01776564 0.02836245 -0.02396399 0.12463282 0.09127346 0.15847358 -0.03119744 -0.06442888 0.07679066 0.12417499 0.08697905 0.10981169 -0.04468207 0.05617561 0.09375191 0.12174013 0.05563512 0.16571086 0.00224752 0.08850992 0.12304614 0.13587817 -0.11436060 -0.01062807 0.09845839 0.08706652 -0.13620075 -0.09511954 0.17953549 0.18682939 0.18808250 0.09906662 0.07080335 0.11207930 -0.02667170 0.16667216 0.01360023 -0.02359476 -0.13869221 -0.14273449 0.06933421 0.00601242 -0.12647361 -0.10664301 0.01049424 0.14155748 0.03981851 0.14709007 0.12908509 0.15998470 -0.04839323 0.00950051 0.00918352 0.04989281 -0.10567804 1.00000000 -0.15839360 0.24074889 0.22510710 -0.05514007
-0.11458858 0.19272213 -0.17361141 -0.08690908 -0.01812704 -0.04202109 -0.06167941 -0.00742137 -0.06744872 -0.01801099 0.08260324 -0.03308051 0.04235794 0.03145187 0.17320937 0.04434765 -0.02882752 0.09596092 0.06187230 0.01822833 0.14292976 -0.00367401 0.04271800 -0.00855686 0.05773394 0.12236770 0.14025136 -0.01615672 0.15243538 -0.14309793 0.07531431 -0.06288117 -0.06026830 0.06418776 -0.07875917 -0.19803111 -0.04720381 0.00681382 -0.13189598 0.05451808 0.28986079 0.03503615 -0.07199390 0.14473399 0.20824604 0.09334856 0.05976508 0.01664466 -0.14561872 0.08832127 -0.00711246 0.09231264 0.09916247 -0.05346022 0.16778790 0.17327729 0.08521087 0.30349565 -0.01192985 0.30795269 0.15695522 0.10695134 0.20515509 0.02282189 0.06320050 0.23025900 0.23780266 0.18963001 0.36329715 0.24531358 0.26450632 0.20814933 0.27521370 -0.15839360 1.00000000 -0.00199929 0.22724916 0.27183310
-0.06410875 -0.17532727 -0.06427923 0.07048053 -0.02304907 -0.01260258 -0.01036782 0.05108935 0.02315622 0.01329901 -0.11789231 0.04903856 -0.06021667 0.01522347 0.01322832 -0.08096133 -0.01649476 -0.00686318 -0.01806638 0.07394847 -0.04342743 0.10838133 0.01328921 0.12719035 -0.06927807 -0.07969632 -0.09945710 0.10307448 0.11610491 0.06748145 -0.01168210 0.17907257 0.10069770 0.07044768 0.06287976 -0.01270247 -0.14617016 -0.01616255 0.20547570 0.01461196 0.04915340 -0.03760129 0.09744052 -0.00705397 -0.06787257 0.06601166 0.01819089 -0.01577907 0.16118769 0.10238242 -0.06885760 -0.05928424 -0.04417307 -0.03354773 0.01365360 -0.03208086 -0.22408089 -0.20161025 -0.04031928 -0.03568894 -0.03587231 -0.08721564 -0.03762068 -0.04419486 -0.09148026 0.23728459 0.03118400 -0.04871446 -0.09338253 0.07563738 0.12246325 0.08662520 -0.10253560 0.24074889 -0.00199929 1.00000000 0.20747378 0.08004772
-0.01042956 -0.04870709 0.07906950 -0.00501709 0.03546204 -0.07729169 0.04362302 0.06128835 0.04181571 0.05440083 0.01718381 0.04657740 -0.02473579 -0.04511763 -0.11022835 -0.07819929 -0.04042240 -0.08642311 0.01374553 -0.00378187 -0.01334419 -0.00000512 -0.07017114 -0.08036024 -0.09620753 -0.09987004 -0.05334733 -0.04542678 0.09185510 -0.02067852 0.04345272 -0.01200478 -0.01442374 0.11762091 0.03875585 -0.01735254 -0.09197573 0.03233284 -0.05494833 -0.02914396 0.09415831 -0.04289110 -0.02705873 0.04535233 -0.01133719 0.01038501 0.00462575 -0.02321556 0.07511514 0.00600487 -0.07125566 -0.01834785 -0.15405926 -0.01834342 -0.03861877 0.05256609 -0.16617286 -0.03271262 -0.08374380 0.14534653 -0.00382531 0.05439903 -0.03222966 0.11039727 -0.01066489 0.32407858 0.23509352 0.20664962 -0.01749950 0.10141187 0.30429392 0.25642760 0.08412897 0.22510710 0.22724916 0.20747378 1.00000000 -0.00739635
-0.27596230 -0.01061407 -0.19698319 -0.00851523 -0.14354088 -0.12020568 -0.07360498 0.03320257 -0.11687786 -0.06074991 -0.13296987 -0.03186535 -0.16183148 -0.13599114 0.03715067 -0.02145874 0.00601382 0.03799714 -0.04202206 -0.00740288 -0.00336746 -0.03574240 -0.01720878 0.10598867 0.01918040 0.05701335 0.05972416 -0.03367802 -0.03430308 -0.12136706 -0.02666367 0.00310648 -0.18572240 -0.01115158 -0.12590974 -0.22572261 -0.10863231 -0.14091127 -0.05060346 -0.10602852 0.16182830 -0.11150711 -0.06396362 0.05221106 0.11068935 0.12330967 -0.13548173 -0.08118138 -0.13176905 0.06301731 -0.06715452 -0.08508118 -0.03268550 0.10364619 0.14196238 0.14371341 0.00566190 0.19324550 0.13105480 0.19475047 0.09793483 -0.01451964 0.18591465 0.05077409 -0.00145671 0.23260706 0.28180814 0.20840566 0.26378572 0.30786353 0.26813109 0.34659239 0.16777753 -0.05514007 0.27183310 0.08004772 -0.00739635 1.00000000
