1.00000000 0.48453839 0.80292844 0.83380833 0.63628578 0.79352632 0.76675421 0.78978373 0.85941111 0.54821569 0.42819646 0.76046861 0.62990829 0.46395246 0.70123227 0.68716508 0.69154638 0.53428018 0.59010733 0.10286878 0.65069272 0.52091512 0.23453425 -0.09568273 0.47590079 0.47801292 0.55690129 0.00234371 0.27757450 0.61897500 0.18866284 0.14443680 0.23685986 0.36299423 0.34471670 0.63643958 0.11115355 0.13163085 0.10274978 0.70707349 0.27858480 0.41779490 0.65602827 0.37108254 -0.03657330 0.64742933 0.62685353 0.69040361 0.66906048 0.66737195 0.30537717 0.27779884 -0.29277002 0.25709117 0.24961805 0.27470094 -0.29858806 0.34315197 0.12321962 0.66422329 0.39737954 0.37669371 0.05817265 0.56631732 0.39090122 0.24196658 0.32844044 0.44046818 -0.01532611 0.29176407 0.60760526 0.63893807 0.65121436 0.59910301 0.09305593 0.54108039 0.68048704 0.53477103
0.48453839 1.00000000 0.51229899 0.34738278 0.59309496 0.45351090 0.56129510 0.45694421 0.55434480 0.53074774 0.67322111 0.54730357 0.49544600 0.32886672 0.46072283 0.37525110 0.42412329 0.29694361 0.40529372 0.35311806 0.27738327 0.30058434 0.28060431 0.30142256 0.43987734 0.32530359 0.29161078 0.15648329 0.17391597 0.42271806 0.27353419 0.06161864 0.18866634 -0.00941683 0.44834888 0.23752690 0.29784014 0.20889004 0.32049558 0.30073183 0.25128473 0.33105697 0.27756402 0.30898945 0.05593053 0.33183813 0.35546170 0.38242112 0.30682909 0.40552579 0.12114663 0.26655211 0.14467445 0.45963888 0.46607660 0.24825283 0.19667100 0.32691829 0.22802464 0.44184777 0.32976805 0.32964040 0.37026277 0.29955048 0.33511592 0.20669672 0.21939544 0.24140408 0.08829602 0.13889481 0.32129849 0.27442824 0.23181546 0.34966811 0.19463373 0.22600303 0.31729405 0.27808018
0.80292844 0.51229899 1.00000000 0.75652036 0.73538751 0.76178515 0.69568422 0.77579033 0.82452702 0.66474100 0.56617925 0.82949982 0.50704209 0.34584461 0.58635707 0.53534747 0.65077097 0.39631671 0.54542074 0.24829973 0.46912234 0.42531674 0.23781101 0.05512825 0.47650843 0.40146156 0.45869168 -0.03088149 0.25707953 0.61391219 0.12045398 0.03822132 0.20780731 0.14810940 0.42478533 0.48759432 0.17006648 0.17910903 0.17929534 0.52706360 0.09825029 0.50798330 0.62103930 0.36192803 -0.11779150 0.61824931 0.60639462 0.62940547 0.57728369 0.59775888 0.18730389 0.21868429 -0.18168267 0.33756631 0.41057309 0.19819040 -0.10820067 0.27499575 0.22358149 0.61441073 0.30967157 0.32592489 0.23121667 0.53073023 0.35967212 0.19473427 0.26471309 0.33374304 0.00514943 0.25413349 0.49942774 0.57472717 0.53146261 0.55022062 0.14461882 0.44096532 0.59534175 0.50381475
0.83380833 0.34738278 0.75652036 1.00000000 0.54055793 0.84338539 0.78714537 0.78974607 0.81324359 0.54330071 0.29943883 0.77947137 0.50124641 0.49192704 0.63054042 0.55977237 0.68031703 0.44158699 0.49822340 0.09534690 0.60375021 0.59736363 0.14478516 -0.09179342 0.41240704 0.41903426 0.51346314 0.12973491 0.44371207 0.65828150 0.04986030 0.26281364 0.38391568 0.38912840 0.40306537 0.62141245 0.17155289 0.14849067 0.14176463 0.68701600 0.20417520 0.43183306 0.75261011 0.28011415 -0.01047601 0.72082025 0.63573697 0.72353901 0.66296510 0.68970219 0.44253016 0.21644793 -0.32153927 0.30682603 0.19582082 0.25365183 -0.40447340 0.18449611 0.26326662 0.58002792 0.38649469 0.37957611 0.00807396 0.63500454 0.48532743 0.28805460 0.45709682 0.44212062 0.13171241 0.31894272 0.62752933 0.72913022 0.67465972 0.66018479 0.07420825 0.57166626 0.69793362 0.62853032
0.63628578 0.59309496 0.73538751 0.54055793 1.00000000 0.65247433 0.66639410 0.59964754 0.72121128 0.79724620 0.72206130 0.67370551 0.63175007 0.35286392 0.58598242 0.50719115 0.53501656 0.46676237 0.63467525 0.45725856 0.44771159 0.41549968 0.34934926 0.24268473 0.60033334 0.47299193 0.35662761 -0.06279081 0.33407486 0.50882963 0.37636088 -0.05304856 0.31528485 -0.02535642 0.38422424 0.49621173 0.42780878 0.30553478 0.41804482 0.37943694 0.21342303 0.44404302 0.37489813 0.55720452 -0.09030063 0.41619797 0.45936520 0.53412108 0.48559204 0.52494446 -0.00072560 0.43701817 -0.09157835 0.39647616 0.43154218 0.27404182 0.02634989 0.21397783 0.09122489 0.52140437 0.24271160 0.47123238 0.17467569 0.49026367 0.34363047 0.31398071 0.21685390 0.33100388 -0.05952046 0.22530509 0.46456636 0.42822975 0.40218787 0.49556920 0.29962521 0.30364536 0.55620386 0.35052369
0.79352632 0.45351090 0.76178515 0.84338539 0.65247433 1.00000000 0.74984988 0.79462769 0.83127068 0.58678776 0.39031407 0.74794904 0.54333551 0.49870127 0.61145386 0.51856907 0.61347911 0.43610965 0.52016874 0.16494051 0.57184639 0.54065851 0.20269831 -0.05406903 0.37654479 0.43285126 0.47332408 0.13295843 0.41945870 0.67124488 0.14679834 0.23225603 0.37065081 0.30645761 0.44909251 0.59856087 0.23512997 0.19411280 0.19515610 0.61943642 0.22782267 0.42910035 0.66586084 0.33765239 0.07371335 0.60547990 0.59932928 0.67269318 0.61141514 0.63420121 0.35207252 0.22424949 -0.25478713 0.32838911 0.26135886 0.21795009 -0.31216971 0.16456256 0.26688865 0.57880495 0.37760192 0.43703822 0.05644807 0.57931293 0.49496697 0.30048864 0.42865021 0.36856873 0.14848463 0.24497260 0.60334033 0.67443708 0.63795639 0.61732020 0.13731527 0.47645041 0.65466820 0.58981670
0.76675421 0.56129510 0.69568422 0.78714537 0.66639410 0.74984988 1.00000000 0.69340909 0.79668939 0.68025763 0.57765603 0.74099591 0.68824765 0.46241576 0.62507354 0.62616578 0.64968058 0.48840380 0.55438593 0.29141740 0.61877052 0.59970462 0.25391219 0.13741497 0.59269682 0.45236656 0.46625505 0.14830637 0.47133179 0.64167713 0.29726925 0.28721312 0.47152836 0.26153894 0.47396582 0.57033455 0.41035506 0.32269349 0.33773702 0.58325462 0.32951628 0.49447057 0.60209878 0.41966838 0.01911158 0.65145124 0.59984907 0.69230887 0.61565177 0.72612033 0.38286316 0.36410748 -0.15047150 0.42356825 0.43339307 0.45020258 -0.16985566 0.32436559 0.21807699 0.61455910 0.43677316 0.47622414 0.17139402 0.62628385 0.48271690 0.37022310 0.41161272 0.46417047 0.13916629 0.29530487 0.61163414 0.61506347 0.56637609 0.63713608 0.24232380 0.56842466 0.68521908 0.51011718
0.78978373 0.45694421 0.77579033 0.78974607 0.59964754 0.79462769 0.69340909 1.00000000 0.79353410 0.56219576 0.32247977 0.81718561 0.39616510 0.42972934 0.56130937 0.45739401 0.68991093 0.35939910 0.44774980 0.03715301 0.55520961 0.50156209 0.24665915 -0.09592293 0.38565434 0.32403694 0.34687920 0.06249365 0.21539724 0.61042003 0.01228897 0.05199910 0.12511438 0.20795724 0.43498908 0.51027502 0.11262135 -0.07999437 0.21505939 0.58705349 0.10044713 0.34170169 0.70008193 0.12735159 -0.09209096 0.59922251 0.59746412 0.58876916 0.56050609 0.52793516 0.35532115 0.08389261 -0.24761211 0.39342637 0.21422126 0.07444126 -0.24329337 0.12349412 0.32872890 0.55700009 0.29576021 0.30640686 0.12589700 0.54477803 0.36978108 0.18718522 0.44091929 0.28351262 0.16025662 0.12540054 0.48172626 0.64531725 0.61637952 0.55474392 0.00661127 0.37726540 0.51749761 0.58739342
0.85941111 0.55434480 0.82452702 0.81324359 0.72121128 0.83127068 0.79668939 0.79353410 1.00000000 0.67733582 0.58095452 0.81492594 0.62062696 0.45884055 0.64609163 0.62131438 0.64195956 0.48190336 0.56890289 0.24286485 0.57026773 0.49233058 0.23251665 0.00054876 0.51427888 0.45612963 0.50332806 0.02592268 0.36466501 0.66344354 0.27323654 0.16224346 0.29279538 0.27130374 0.47106491 0.59587888 0.24853768 0.20410646 0.21580229 0.63092430 0.28767535 0.50350374 0.63691718 0.43405737 0.01941628 0.62980519 0.61244512 0.70199359 0.64047915 0.67399571 0.26835375 0.30930861 -0.21384252 0.35370778 0.39181583 0.26923753 -0.20723699 0.25375991 0.20283080 0.61979557 0.42226971 0.42137218 0.16262227 0.58245565 0.42699407 0.35583825 0.38614263 0.42069941 0.07679669 0.25820205 0.61541974 0.67694643 0.61022096 0.64067184 0.19752484 0.51894678 0.70687649 0.54397595
0.54821569 0.53074774 0.66474100 0.54330071 0.79724620 0.58678776 0.68025763 0.56219576 0.67733582 1.00000000 0.64271416 0.68671647 0.58982160 0.42145947 0.58051016 0.51143078 0.59837302 0.43346322 0.66040318 0.44097564 0.52870140 0.51577030 0.31706123 0.25718404 0.64526551 0.47236569 0.28673936 -0.10011148 0.35908068 0.46809277 0.31956450 -0.01946647 0.34208411 -0.06193300 0.41519007 0.48940532 0.46671449 0.24262321 0.52685184 0.40269105 0.13643990 0.47171839 0.43378702 0.50613611 -0.16177712 0.50298950 0.53736942 0.57870769 0.51613290 0.55791327 0.07108391 0.40037371 -0.11334017 0.40089744 0.44090298 0.33986348 0.00894151 0.17803156 0.06660221 0.55027255 0.24041695 0.47391611 0.15881068 0.54232473 0.31866965 0.25738882 0.24229391 0.33211071 -0.03363718 0.23839806 0.47437252 0.42590974 0.40233141 0.54614066 0.31894665 0.27377037 0.52856372 0.37211335
0.42819646 0.67322111 0.56617925 0.29943883 0.72206130 0.39031407 0.57765603 0.32247977 0.58095452 0.64271416 1.00000000 0.53476474 0.63959327 0.21090954 0.37651776 0.46317918 0.36756908 0.36477699 0.48883685 0.54733808 0.22716357 0.17420268 0.28193905 0.45443870 0.58469107 0.37132488 0.30744624 -0.04581325 0.28038273 0.40947125 0.47771792 0.00530796 0.26801043 -0.04420321 0.39360716 0.27839546 0.48970199 0.40724044 0.36027160 0.21905970 0.29302735 0.52160936 0.19831452 0.51847500 0.05321550 0.31651155 0.31114759 0.39988909 0.37742203 0.48002180 -0.02629177 0.46535077 0.22001271 0.33164652 0.65961243 0.42451120 0.30307219 0.34514616 0.08468821 0.45335462 0.32329357 0.38936590 0.45852996 0.34824636 0.25815810 0.31029349 0.09170228 0.33057148 -0.00672381 0.20235571 0.31563335 0.25209092 0.19532245 0.34101503 0.36381943 0.32770791 0.45354339 0.18622713
0.76046861 0.54730357 0.82949982 0.77947137 0.67370551 0.74794904 0.74099591 0.81718561 0.81492594 0.68671647 0.53476474 1.00000000 0.42839917 0.40176011 0.59160400 0.53077850 0.69568300 0.33984573 0.50914513 0.24341885 0.48005778 0.48777927 0.26159606 0.07082347 0.52219448 0.34472008 0.44894610 0.01116800 0.27992166 0.62990723 0.10098285 0.02761750 0.16863188 0.12863355 0.46624463 0.46228080 0.22814568 0.10510807 0.25666545 0.53375585 0.09342802 0.44616494 0.66794958 0.26823902 -0.09604072 0.64360425 0.60356181 0.61827636 0.53684840 0.60146286 0.26994816 0.18337684 -0.16473067 0.41373537 0.40175661 0.15343138 -0.08825116 0.23946312 0.35928082 0.60354550 0.31958788 0.37115667 0.22030259 0.54686010 0.37969620 0.23507902 0.31196356 0.32379632 0.08703065 0.19914455 0.47018682 0.56808568 0.54457853 0.57207019 0.07814610 0.41053004 0.56600880 0.49930299
0.62990829 0.49544600 0.50704209 0.50124641 0.63175007 0.54333551 0.68824765 0.39616510 0.62062696 0.58982160 0.63959327 0.42839917 1.00000000 0.28912989 0.53995269 0.59074980 0.43486111 0.57650844 0.57639458 0.28298686 0.48963765 0.30656590 0.15329481 0.12059850 0.51664991 0.50646089 0.39233853 -0.07405757 0.39360899 0.36989920 0.49249526 0.19864218 0.45881589 0.26623109 0.20195262 0.49689878 0.34322955 0.44517483 0.22447577 0.44729741 0.42074150 0.42033092 0.29214916 0.62219604 -0.00080862 0.39271982 0.43411995 0.53125785 0.61002462 0.60261145 0.09750119 0.48765265 -0.10449456 0.14813052 0.42622898 0.57166346 -0.11699753 0.34289486 -0.17737120 0.60725760 0.32415060 0.43994765 0.11092277 0.47854476 0.39689070 0.32228902 0.14146718 0.47528342 -0.18822553 0.38600916 0.52211056 0.41579565 0.43597068 0.43503587 0.40092333 0.48865457 0.62242136 0.30991991
0.46395246 0.32886672 0.34584461 0.49192704 0.35286392 0.49870127 0.46241576 0.42972934 0.45884055 0.42145947 0.21090954 0.40176011 0.28912989 1.00000000 0.57354742 0.48428344 0.60011449 0.47399050 0.53207041 0.28467459 0.55186844 0.68783209 0.47679555 0.33913051 0.53477636 0.56189160 0.40315463 0.12275074 0.43473943 0.41851239 0.07110577 0.19788341 0.31535212 0.25619455 0.46073434 0.52968447 0.40192741 0.05009269 0.37133032 0.58340897 0.31574989 0.39308057 0.52286232 0.21460687 0.12950158 0.54229961 0.48409166 0.54504945 0.46477282 0.52165831 0.45314413 0.32901252 -0.14304409 0.29754464 0.07577536 0.23063128 -0.19581652 0.11783354 0.19357833 0.32235551 0.36216318 0.38071519 0.05162611 0.51911429 0.32897350 0.29122199 0.44006096 0.36175829 0.28650886 0.22883066 0.47554047 0.44351008 0.39635159 0.50226894 0.07484305 0.31272706 0.46705455 0.45146750
0.70123227 0.46072283 0.58635707 0.63054042 0.58598242 0.61145386 0.62507354 0.56130937 0.64609163 0.58051016 0.37651776 0.59160400 0.53995269 0.57354742 1.00000000 0.72056069 0.73549933 0.57488422 0.73659607 0.27642915 0.67895139 0.62330599 0.31102604 0.03869916 0.60842378 0.62047109 0.43975726 -0.01627101 0.29331661 0.47804335 0.20228497 0.06146942 0.27434957 0.19063012 0.30283889 0.57970086 0.21386576 0.12538888 0.23879070 0.57778074 0.26066501 0.30288212 0.49328746 0.43584720 -0.11242986 0.56122534 0.51974539 0.60014236 0.53890216 0.60215696 0.15045676 0.27606022 -0.30346084 0.29700479 0.15119029 0.26836851 -0.28196145 0.21986945 -0.00968804 0.55104778 0.25503498 0.30643781 -0.06068664 0.48125017 0.31520682 0.21963731 0.33519133 0.39726495 -0.08646593 0.24623080 0.56690922 0.52000316 0.55749357 0.56098791 0.18124227 0.34990447 0.57369713 0.43352516
0.68716508 0.37525110 0.53534747 0.55977237 0.50719115 0.51856907 0.62616578 0.45739401 0.62131438 0.51143078 0.46317918 0.53077850 0.59074980 0.48428344 0.72056069 1.00000000 0.62370231 0.65906472 0.66909768 0.29237583 0.71882687 0.50328495 0.35819490 0.14568776 0.68102464 0.65806591 0.44887099 -0.11735509 0.26588683 0.41411045 0.34723989 0.09804235 0.18453779 0.27369961 0.22555401 0.55164403 0.23016073 0.15199054 0.14721762 0.54622417 0.40223421 0.39208620 0.43554424 0.46690044 0.03727975 0.54757141 0.47275668 0.53706175 0.57742317 0.63546087 0.23686149 0.37098657 -0.22415014 0.15938992 0.30312545 0.37156185 -0.17352481 0.39097443 -0.08238338 0.54122919 0.37199330 0.35910191 0.09469100 0.45661471 0.23816015 0.27672170 0.21493973 0.51186405 -0.06156858 0.28476067 0.57043980 0.44775171 0.50013080 0.47438105 0.24561650 0.47385984 0.62814158 0.31443622
0.69154638 0.42412329 0.65077097 0.68031703 0.53501656 0.61347911 0.64968058 0.68991093 0.64195956 0.59837302 0.36756908 0.69568300 0.43486111 0.60011449 0.73549933 0.62370231 1.00000000 0.49627623 0.67641251 0.12541779 0.69548564 0.68154458 0.40421003 0.13487671 0.64869183 0.55365610 0.43417378 -0.03612072 0.32630335 0.47072417 -0.00368562 0.07008171 0.20487137 0.21818837 0.41360739 0.51889424 0.23477710 -0.02042384 0.30708181 0.66399116 0.10701093 0.38937119 0.72206561 0.20651373 -0.22945990 0.73077267 0.65751475 0.64518409 0.61899419 0.63326077 0.35204868 0.17537843 -0.32569133 0.34528567 0.19765418 0.23730072 -0.21686253 0.20434641 0.16889156 0.63068720 0.26929902 0.32661721 0.09553739 0.64260868 0.30120370 0.15787310 0.39686071 0.43972922 0.03167128 0.33187219 0.51614010 0.56906072 0.59161110 0.60302632 0.07103933 0.37883444 0.54206250 0.57126318
0.53428018 0.29694361 0.39631671 0.44158699 0.46676237 0.43610965 0.48840380 0.35939910 0.48190336 0.43346322 0.36477699 0.33984573 0.57650844 0.47399050 0.57488422 0.65906472 0.49627623 1.00000000 0.64099302 0.25755525 0.65799194 0.46077125 0.45064897 0.26636053 0.57813630 0.69116511 0.27885465 -0.04430630 0.33289359 0.30569520 0.40702580 0.19456174 0.29387303 0.32222047 0.19649771 0.56637787 0.21179687 0.14359901 0.22341700 0.47129341 0.33691835 0.30901696 0.36512335 0.45602448 0.09342865 0.38898374 0.41093640 0.42896594 0.54766635 0.52723204 0.25444423 0.36297170 -0.19209880 0.14291046 0.22863352 0.31276175 -0.19460269 0.23050735 -0.16934655 0.42746451 0.32437619 0.34129568 -0.01886777 0.42432243 0.28545132 0.28513693 0.27102054 0.57639333 -0.04665660 0.35741697 0.55462178 0.42318981 0.44559243 0.35556847 0.40452741 0.46668996 0.48955813 0.40225000
0.59010733 0.40529372 0.54542074 0.49822340 0.63467525 0.52016874 0.55438593 0.44774980 0.56890289 0.66040318 0.48883685 0.50914513 0.57639458 0.53207041 0.73659607 0.66909768 0.67641251 0.64099302 1.00000000 0.43800524 0.67744889 0.57071967 0.44280394 0.24430005 0.64797020 0.70536593 0.37245392 -0.16480594 0.32764819 0.37670494 0.26189226 0.01660146 0.28132177 0.11129099 0.28015627 0.51177239 0.30589080 0.22397488 0.30132090 0.45949792 0.19506431 0.38041450 0.41256311 0.53936757 -0.11015305 0.51442553 0.49402058 0.51874879 0.52779688 0.57604960 0.09227833 0.36267155 -0.22135045 0.23598828 0.27259738 0.28644674 -0.14544212 0.21177174 -0.09082018 0.50139174 0.22762455 0.38434518 -0.01156671 0.49072496 0.24834791 0.28455823 0.23500285 0.45226870 -0.09802718 0.28124821 0.56694808 0.42487608 0.49009586 0.49574094 0.36263996 0.29757271 0.54733124 0.38946087
0.10286878 0.35311806 0.24829973 0.09534690 0.45725856 0.16494051 0.29141740 0.03715301 0.24286485 0.44097564 0.54733808 0.24341885 0.28298686 0.28467459 0.27642915 0.29237583 0.12541779 0.25755525 0.43800524 1.00000000 0.07142559 0.23702021 0.32850575 0.54547841 0.48405144 0.37265214 0.18185788 0.02130034 0.25703404 0.28269907 0.30459503 -0.01137194 0.31394034 -0.21640336 0.30585776 0.12579800 0.48593467 0.42019646 0.35577742 -0.03213217 0.17850516 0.38345745 -0.01240097 0.47200606 0.12673424 0.16160806 0.10804906 0.23747097 0.04399700 0.25054035 -0.08091550 0.40568948 0.21076858 0.26041737 0.36654612 0.23006233 0.20548172 0.11711802 0.11457060 0.04481943 0.18200455 0.25610659 0.22424978 0.11247216 0.17630249 0.33918105 0.04645681 0.13487031 0.14699671 0.03684301 0.21498284 0.04715167 0.00256946 0.25259894 0.35500984 0.12550905 0.28054551 0.01731293
0.65069272 0.27738327 0.46912234 0.60375021 0.44771159 0.57184639 0.61877052 0.55520961 0.57026773 0.52870140 0.22716357 0.48005778 0.48963765 0.55186844 0.67895139 0.71882687 0.69548564 0.65799194 0.67744889 0.07142559 1.00000000 0.71001614 0.40348198 0.04394889 0.57259396 0.67031343 0.30980396 0.00847486 0.36752872 0.36938179 0.18862676 0.16976207 0.27098486 0.30980234 0.26307355 0.61285243 0.23527307 0.05282295 0.28306505 0.58524117 0.22071156 0.29143678 0.55763841 0.33664055 -0.11473458 0.56441756 0.52993475 0.54379064 0.57355925 0.56224204 0.30692295 0.20572121 -0.36869404 0.23950929 0.11729122 0.24111081 -0.31283891 0.18505084 -0.06453805 0.54461341 0.23646408 0.33941027 -0.11580418 0.56127820 0.22509198 0.22956239 0.40326184 0.51280381 -0.03272153 0.26962446 0.61948558 0.57618433 0.63563397 0.51414873 0.24315748 0.39854588 0.55134050 0.48768685
0.52091512 0.30058434 0.42531674 0.59736363 0.41549968 0.54065851 0.59970462 0.50156209 0.49233058 0.51577030 0.17420268 0.48777927 0.30656590 0.68783209 0.62330599 0.50328495 0.68154458 0.46077125 0.57071967 0.23702021 0.71001614 1.00000000 0.48905595 0.24237347 0.57761289 0.59862204 0.37891225 0.21545650 0.50639334 0.46102824 -0.01054299 0.31651623 0.42240659 0.24945688 0.43300881 0.57200366 0.38638917 0.12056611 0.33943996 0.57635571 0.15444042 0.37064689 0.60274496 0.20845281 -0.05115696 0.65372816 0.58960011 0.61455852 0.43915256 0.55951584 0.45705218 0.24051921 -0.28827904 0.36200735 0.05173262 0.25597646 -0.27825863 0.21011262 0.20602220 0.38661686 0.34865251 0.36154015 -0.06064106 0.56235757 0.37003805 0.21105834 0.46938710 0.40716161 0.24523730 0.27714204 0.56416005 0.49665095 0.48672056 0.58371182 0.10840497 0.38874530 0.47950928 0.47982009
0.23453425 0.28060431 0.23781101 0.14478516 0.34934926 0.20269831 0.25391219 0.24665915 0.23251665 0.31706123 0.28193905 0.26159606 0.15329481 0.47679555 0.31102604 0.35819490 0.40421003 0.45064897 0.44280394 0.32850575 0.40348198 0.48905595 1.00000000 0.51265894 0.56843426 0.60572765 0.15895715 0.01521917 0.21657305 0.20598760 0.13855101 0.06250226 0.08499154 0.11682974 0.31663093 0.37617176 0.31677198 -0.02042960 0.25624121 0.28145564 0.19798318 0.27709526 0.27585650 0.13080924 0.09695104 0.27643585 0.31271027 0.24254452 0.24514940 0.27735729 0.26971823 0.22694378 -0.09393784 0.25311717 0.14592295 0.08117481 0.08283806 0.18756836 0.10960509 0.15639691 0.27025559 0.31877028 0.14691595 0.29497187 0.11756061 0.11031623 0.25397751 0.32419141 0.23151087 0.12762282 0.28000841 0.15719057 0.16576864 0.17596472 0.13299526 0.22067281 0.18973005 0.25387891
-0.09568273 0.30142256 0.05512825 -0.09179342 0.24268473 -0.05406903 0.13741497 -0.09592293 0.00054876 0.25718404 0.45443870 0.07082347 0.12059850 0.33913051 0.03869916 0.14568776 0.13487671 0.26636053 0.24430005 0.54547841 0.04394889 0.24237347 0.51265894 1.00000000 0.47009029 0.34124200 0.03898789 0.08485384 0.23384308 0.13059870 0.18908059 0.05959150 0.18608127 -0.12904843 0.31582364 0.04766104 0.51858606 0.22100626 0.38633172 -0.03790669 0.14005533 0.34557366 -0.01108854 0.16218302 0.20395097 0.11700081 0.07612193 0.08148376 0.01866806 0.18619906 0.13834786 0.29590746 0.30860342 0.23775537 0.34061527 0.22417578 0.38490875 0.17876471 0.11753638 -0.02021129 0.22728415 0.17398452 0.36812238 0.11100446 0.08732798 0.15475284 0.05237863 0.20822783 0.30058990 0.09517034 0.06296275 -0.09409632 -0.15582829 0.04136890 0.25957662 0.10766330 0.04124213 0.00679721
0.47590079 0.43987734 0.47650843 0.41240704 0.60033334 0.37654479 0.59269682 0.38565434 0.51427888 0.64526551 0.58469107 0.52219448 0.51664991 0.53477636 0.60842378 0.68102464 0.64869183 0.57813630 0.64797020 0.48405144 0.57259396 0.57761289 0.56843426 0.47009029 1.00000000 0.61728170 0.31747340 -0.08673636 0.38641283 0.34420075 0.34900521 0.05704880 0.28997415 0.07733774 0.33310804 0.49168165 0.53313155 0.21367863 0.46527671 0.43051115 0.34417559 0.46014666 0.38472124 0.43942789 -0.02588509 0.52752920 0.44820087 0.50340411 0.48982961 0.57618857 0.21370597 0.49158376 -0.09255663 0.30414308 0.36710800 0.41793036 0.01765779 0.33005175 0.02429290 0.43204029 0.30468086 0.40053881 0.18177165 0.51924587 0.22822038 0.27205306 0.22045550 0.46557647 0.02146118 0.24729524 0.44965799 0.33891440 0.31621191 0.48363974 0.27640544 0.37044437 0.53553710 0.25556840
0.47801292 0.32530359 0.40146156 0.41903426 0.47299193 0.43285126 0.45236656 0.32403694 0.45612963 0.47236569 0.37132488 0.34472008 0.50646089 0.56189160 0.62047109 0.65806591 0.55365610 0.69116511 0.70536593 0.37265214 0.67031343 0.59862204 0.60572765 0.34124200 0.61728170 1.00000000 0.36846214 -0.05361684 0.39827593 0.29453093 0.23855848 0.16829221 0.30570174 0.28899379 0.27397511 0.56398901 0.30092649 0.18343980 0.22327452 0.45609566 0.26294669 0.37916172 0.40018606 0.48250701 0.00934098 0.45533814 0.46382433 0.46563909 0.45399783 0.52029095 0.23609989 0.35141240 -0.25878155 0.21093001 0.20634345 0.24180100 -0.16473187 0.21458495 -0.08196097 0.41680824 0.30007043 0.39088711 0.00110151 0.46437529 0.31233187 0.32956654 0.30241103 0.55364188 0.01745668 0.38201416 0.58867638 0.40817020 0.45840448 0.39140445 0.38530518 0.40899808 0.52769538 0.42140753
0.55690129 0.29161078 0.45869168 0.51346314 0.35662761 0.47332408 0.46625505 0.34687920 0.50332806 0.28673936 0.30744624 0.44894610 0.39233853 0.40315463 0.43975726 0.44887099 0.43417378 0.27885465 0.37245392 0.18185788 0.30980396 0.37891225 0.15895715 0.03898789 0.31747340 0.36846214 1.00000000 0.09319657 0.40551910 0.46577054 0.18127188 0.35181835 0.31694826 0.48766125 0.37360053 0.44449720 0.22098880 0.41490985 0.05870436 0.57713594 0.30764109 0.43812172 0.46756369 0.36791831 0.08226605 0.53424057 0.45331122 0.54753537 0.43033178 0.54805095 0.31296531 0.32877023 -0.09444556 0.11604594 0.22265230 0.27907203 -0.17450245 0.36569884 0.20444001 0.46475468 0.37553234 0.38481587 0.11487233 0.42920617 0.38533077 0.36174673 0.20703719 0.33337431 0.04148436 0.40599470 0.42479636 0.41020013 0.41493659 0.46817307 0.03116358 0.45302518 0.57331328 0.39612698
0.00234371 0.15648329 -0.03088149 0.12973491 -0.06279081 0.13295843 0.14830637 0.06249365 0.02592268 -0.10011148 -0.04581325 0.01116800 -0.07405757 0.12275074 -0.01627101 -0.11735509 -0.03612072 -0.04430630 -0.16480594 0.02130034 0.00847486 0.21545650 0.01521917 0.08485384 -0.08673636 -0.05361684 0.09319657 1.00000000 0.33735118 0.28910580 -0.04560714 0.49456839 0.37741714 0.21731372 0.29070570 0.08603227 0.22004995 0.22588835 0.14274307 0.05990067 0.09891332 0.09659489 0.09879674 -0.11078788 0.25530805 0.08940759 0.06866762 0.11636623 -0.08936033 0.03649548 0.28687118 0.01762621 0.25133957 0.26913867 0.03406818 0.06066998 0.06338509 0.10655307 0.31628980 -0.07168107 0.25644974 0.06591365 0.10945244 0.03254494 0.30314550 0.15840126 0.29736091 0.02200982 0.38615604 0.04388382 0.09240778 0.13738708 0.04969531 0.09959413 0.03290868 0.17368410 0.03631434 0.15556365
0.27757450 0.17391597 0.25707953 0.44371207 0.33407486 0.41945870 0.47133179 0.21539724 0.36466501 0.35908068 0.28038273 0.27992166 0.39360899 0.43473943 0.29331661 0.26588683 0.32630335 0.33289359 0.32764819 0.25703404 0.36752872 0.50639334 0.21657305 0.23384308 0.38641283 0.39827593 0.40551910 0.33735118 1.00000000 0.37149655 0.29891362 0.53154893 0.70776685 0.40289741 0.38644983 0.53233522 0.61610395 0.48703163 0.38700398 0.42581569 0.31765543 0.44800115 0.38235191 0.40402502 0.15477170 0.44469406 0.40221309 0.50984690 0.40992136 0.49582162 0.35461277 0.44766626 -0.07807367 0.23935405 0.22985281 0.40036012 -0.18322179 0.08343752 0.11787241 0.27623350 0.29632737 0.47661119 -0.02329890 0.53038415 0.45201803 0.43075376 0.39599465 0.48522001 0.20556281 0.43182638 0.51141273 0.47023609 0.39495734 0.49168612 0.29837079 0.45758995 0.54158104 0.42671056
0.61897500 0.42271806 0.61391219 0.65828150 0.50882963 0.67124488 0.64167713 0.61042003 0.66344354 0.46809277 0.40947125 0.62990723 0.36989920 0.41851239 0.47804335 0.41411045 0.47072417 0.30569520 0.37670494 0.28269907 0.36938179 0.46102824 0.20598760 0.13059870 0.34420075 0.29453093 0.46577054 0.28910580 0.37149655 1.00000000 0.22625039 0.25388058 0.36331943 0.26116248 0.55168230 0.55398484 0.31678425 0.21850140 0.23751755 0.47368783 0.22044034 0.39319190 0.49961088 0.23333912 0.20513688 0.49080703 0.47857140 0.57012520 0.42992112 0.55313261 0.30143601 0.26179196 -0.05588147 0.43876918 0.32991832 0.25720239 -0.13984261 0.25513450 0.35465658 0.41534215 0.45484373 0.35637939 0.17203029 0.44412148 0.44604306 0.24090748 0.37050757 0.25388001 0.30622479 0.13037554 0.47388269 0.52651562 0.44617259 0.52739561 0.05741023 0.46640696 0.51749983 0.45862538
0.18866284 0.27353419 0.12045398 0.04986030 0.37636088 0.14679834 0.29726925 0.01228897 0.27323654 0.31956450 0.47771792 0.10098285 0.49249526 0.07110577 0.20228497 0.34723989 -0.00368562 0.40702580 0.26189226 0.30459503 0.18862676 -0.01054299 0.13855101 0.18908059 0.34900521 0.23855848 0.18127188 -0.04560714 0.29891362 0.22625039 1.00000000 0.16220439 0.24861631 0.14725793 0.10147132 0.36006349 0.39717499 0.32224401 0.31213342 0.11658693 0.48441180 0.15559722 -0.11479120 0.52685208 0.24833821 -0.03337975 0.01993535 0.14579523 0.24701837 0.25962251 -0.10969471 0.45544903 0.12500735 0.08878754 0.34940649 0.41058707 0.07813946 0.21043182 -0.25655893 0.20582722 0.24131551 0.33913062 0.07222411 0.12478973 0.11503867 0.27510810 0.02423588 0.31266081 -0.12403633 0.15529657 0.26377092 0.14105711 0.11468357 0.15415078 0.38089423 0.27549555 0.30354437 0.01347401
0.14443680 0.06161864 0.03822132 0.26281364 -0.05304856 0.23225603 0.28721312 0.05199910 0.16224346 -0.01946647 0.00530796 0.02761750 0.19864218 0.19788341 0.06146942 0.09804235 0.07008171 0.19456174 0.01660146 -0.01137194 0.16976207 0.31651623 0.06250226 0.05959150 0.05704880 0.16829221 0.35181835 0.49456839 0.53154893 0.25388058 0.16220439 1.00000000 0.48870000 0.61019748 0.26558167 0.29600663 0.22067826 0.37610168 -0.02056808 0.29016212 0.25167052 0.21975445 0.21915486 0.13500453 0.36382969 0.26415591 0.24164454 0.27220552 0.17813980 0.30313676 0.44887960 0.13903995 0.00276279 0.03344952 0.12180466 0.28946965 -0.20645785 0.26206027 0.10844026 0.13851978 0.36843816 0.22184716 -0.03036515 0.19955108 0.40033429 0.29238619 0.29205621 0.30106685 0.28422341 0.35725622 0.34805547 0.27848272 0.25573612 0.24611981 0.16847608 0.44132396 0.26758135 0.27126393
0.23685986 0.18866634 0.20780731 0.38391568 0.31528485 0.37065081 0.47152836 0.12511438 0.29279538 0.34208411 0.26801043 0.16863188 0.45881589 0.31535212 0.27434957 0.18453779 0.20487137 0.29387303 0.28132177 0.31394034 0.27098486 0.42240659 0.08499154 0.18608127 0.28997415 0.30570174 0.31694826 0.37741714 0.70776685 0.36331943 0.24861631 0.48870000 1.00000000 0.23754183 0.29681772 0.46986897 0.54935873 0.62242013 0.35641026 0.29254451 0.29071416 0.41001982 0.24536456 0.41306126 0.11683662 0.34834340 0.33188086 0.46600291 0.36904610 0.45068891 0.24841686 0.45575069 -0.05568526 0.22610792 0.22097476 0.51019212 -0.24149533 0.10721078 0.06490077 0.22711681 0.28002160 0.40576198 -0.07952706 0.43506111 0.48444442 0.33549820 0.29728537 0.35464249 0.11672365 0.39003717 0.44587239 0.35911907 0.27649085 0.44523787 0.29388694 0.44135923 0.48315352 0.33245999
0.36299423 -0.00941683 0.14810940 0.38912840 -0.02535642 0.30645761 0.26153894 0.20795724 0.27130374 -0.06193300 -0.04420321 0.12863355 0.26623109 0.25619455 0.19063012 0.27369961 0.21818837 0.32222047 0.11129099 -0.21640336 0.30980234 0.24945688 0.11682974 -0.12904843 0.07733774 0.28899379 0.48766125 0.21731372 0.40289741 0.26116248 0.14725793 0.61019748 0.23754183 1.00000000 0.11072316 0.48471617 -0.02529662 0.11325660 -0.19348915 0.53088511 0.32840615 0.20373821 0.36868221 0.11259135 0.24785256 0.34355721 0.31141355 0.35109663 0.39686303 0.36633146 0.47370626 0.12497360 -0.17483154 -0.06440406 0.02012462 0.22043378 -0.34666212 0.26992819 0.02211857 0.30271085 0.37448629 0.23513316 -0.08052900 0.31217270 0.33262162 0.25468398 0.30952595 0.42103726 0.13549313 0.40795600 0.40202994 0.40129166 0.42473442 0.27269873 0.04101717 0.52012104 0.38776467 0.38687588
0.34471670 0.44834888 0.42478533 0.40306537 0.38422424 0.44909251 0.47396582 0.43498908 0.47106491 0.41519007 0.39360716 0.46624463 0.20195262 0.46073434 0.30283889 0.22555401 0.41360739 0.19649771 0.28015627 0.30585776 0.26307355 0.43300881 0.31663093 0.31582364 0.33310804 0.27397511 0.37360053 0.29070570 0.38644983 0.55168230 0.10147132 0.26558167 0.29681772 0.11072316 1.00000000 0.29604287 0.40772973 0.16255046 0.44999657 0.35707806 0.13380088 0.40530608 0.47747528 0.12622767 0.13711453 0.40705489 0.44620531 0.45947653 0.27773380 0.41110967 0.36240967 0.19538304 0.09982660 0.39996493 0.32264751 0.09918244 0.05992632 0.10678360 0.44885924 0.28475774 0.30536937 0.28087945 0.31274995 0.37274358 0.32392040 0.30873197 0.37867609 0.21029632 0.37106009 0.13588789 0.28079526 0.37626334 0.28102208 0.39997249 0.10621278 0.25249922 0.31713594 0.42408541
0.63643958 0.23752690 0.48759432 0.62141245 0.49621173 0.59856087 0.57033455 0.51027502 0.59587888 0.48940532 0.27839546 0.46228080 0.49689878 0.52968447 0.57970086 0.55164403 0.51889424 0.56637787 0.51177239 0.12579800 0.61285243 0.57200366 0.37617176 0.04766104 0.49168165 0.56398901 0.44449720 0.08603227 0.53233522 0.55398484 0.36006349 0.29600663 0.46986897 0.48471617 0.29604287 1.00000000 0.38557226 0.15902657 0.28658141 0.64676324 0.39240882 0.39971285 0.51311642 0.42992085 0.10450048 0.50291895 0.52773933 0.61246720 0.63259575 0.59233570 0.31567213 0.45414164 -0.32890822 0.23306479 0.12118973 0.35128691 -0.35261763 0.20750324 0.00449713 0.46698239 0.39685547 0.48854718 -0.10352333 0.58970633 0.38557477 0.25892477 0.38911227 0.49481728 0.06827477 0.33846517 0.61210995 0.58446794 0.53752343 0.54409813 0.15005841 0.51723803 0.63322824 0.50380868
0.11115355 0.29784014 0.17006648 0.17155289 0.42780878 0.23512997 0.41035506 0.11262135 0.24853768 0.46671449 0.48970199 0.22814568 0.34322955 0.40192741 0.21386576 0.23016073 0.23477710 0.21179687 0.30589080 0.48593467 0.23527307 0.38638917 0.31677198 0.51858606 0.53313155 0.30092649 0.22098880 0.22004995 0.61610395 0.31678425 0.39717499 0.22067826 0.54935873 -0.02529662 0.40772973 0.38557226 1.00000000 0.47638095 0.64717600 0.18426454 0.34069964 0.44539207 0.13869439 0.38941066 0.15992882 0.25760146 0.22451146 0.33543039 0.22280823 0.37191917 0.13304130 0.54177805 0.16057523 0.34997252 0.31387323 0.43258139 0.19675989 0.07657455 0.12550639 0.14196946 0.23967898 0.46749994 0.19794685 0.39397850 0.24840337 0.33522541 0.22685608 0.24762888 0.24561382 0.13561709 0.27545093 0.20929439 0.12426834 0.34749843 0.28117473 0.21187102 0.37639305 0.15733770
0.13163085 0.20889004 0.17910903 0.14849067 0.30553478 0.19411280 0.32269349 -0.07999437 0.20410646 0.24262321 0.40724044 0.10510807 0.44517483 0.05009269 0.12538888 0.15199054 -0.02042384 0.14359901 0.22397488 0.42019646 0.05282295 0.12056611 -0.02042960 0.22100626 0.21367863 0.18343980 0.41490985 0.22588835 0.48703163 0.21850140 0.32224401 0.37610168 0.62242013 0.11325660 0.16255046 0.15902657 0.47638095 1.00000000 0.11912583 0.01437913 0.21952690 0.39150642 -0.03897312 0.53954894 0.13530740 0.15866615 0.11876620 0.24938326 0.13523791 0.30144349 -0.04757684 0.41266019 0.12520404 0.03564338 0.36784293 0.42662668 0.04474012 0.23309215 -0.03190278 0.16535738 0.14847529 0.32047352 0.07130344 0.17447572 0.30536807 0.34776493 -0.05584252 0.17080045 -0.07066839 0.26494954 0.25930611 0.08203290 0.07831340 0.21797158 0.37779907 0.28649674 0.39859125 0.01232501
0.10274978 0.32049558 0.17929534 0.14176463 0.41804482 0.19515610 0.33773702 0.21505939 0.21580229 0.52685184 0.36027160 0.25666545 0.22447577 0.37133032 0.23879070 0.14721762 0.30708181 0.22341700 0.30132090 0.35577742 0.28306505 0.33943996 0.25624121 0.38633172 0.46527671 0.22327452 0.05870436 0.14274307 0.38700398 0.23751755 0.31213342 -0.02056808 0.35641026 -0.19348915 0.44999657 0.28658141 0.64717600 0.11912583 1.00000000 0.14939148 0.12211436 0.29126744 0.19709012 0.25522576 -0.07421950 0.20302003 0.23754755 0.27353775 0.18949515 0.25057871 0.06094779 0.37815726 0.19289090 0.44353276 0.26109935 0.20138330 0.23705260 -0.04152026 0.18014590 0.19556462 0.08562601 0.30548260 0.17766214 0.35547689 0.17393254 0.29556406 0.22576316 0.18155375 0.11631637 0.08192484 0.16244640 0.20577271 0.10855650 0.32051169 0.28195467 0.02884129 0.20558831 0.22750373
0.70707349 0.30073183 0.52706360 0.68701600 0.37943694 0.61943642 0.58325462 0.58705349 0.63092430 0.40269105 0.21905970 0.53375585 0.44729741 0.58340897 0.57778074 0.54622417 0.66399116 0.47129341 0.45949792 -0.03213217 0.58524117 0.57635571 0.28145564 -0.03790669 0.43051115 0.45609566 0.57713594 0.05990067 0.42581569 0.47368783 0.11658693 0.29016212 0.29254451 0.53088511 0.35707806 0.64676324 0.18426454 0.01437913 0.14939148 1.00000000 0.37987164 0.47045659 0.75945384 0.27597903 0.02060160 0.74502855 0.70796262 0.77466045 0.75585032 0.72109613 0.57647773 0.35407764 -0.28636660 0.21920445 0.11982917 0.33886438 -0.33489195 0.30678080 0.15047554 0.60781404 0.47730538 0.43264805 0.05696123 0.67026381 0.43485960 0.21365095 0.45370117 0.48564672 0.13323972 0.44074427 0.57549751 0.62591433 0.58925837 0.61065077 0.01004091 0.53815509 0.60864343 0.62637022
0.27858480 0.25128473 0.09825029 0.20417520 0.21342303 0.22782267 0.32951628 0.10044713 0.28767535 0.13643990 0.29302735 0.09342802 0.42074150 0.31574989 0.26066501 0.40223421 0.10701093 0.33691835 0.19506431 0.17850516 0.22071156 0.15444042 0.19798318 0.14005533 0.34417559 0.26294669 0.30764109 0.09891332 0.31765543 0.22044034 0.48441180 0.25167052 0.29071416 0.32840615 0.13380088 0.39240882 0.34069964 0.21952690 0.12211436 0.37987164 1.00000000 0.31107386 0.07455430 0.37940275 0.47425361 0.17909599 0.12789867 0.30075077 0.42179653 0.44846867 0.30675798 0.56110581 0.06767310 0.05714544 0.15680348 0.45270671 -0.11222892 0.22395318 -0.09011433 0.16694367 0.39383718 0.37369292 0.10884225 0.23676338 0.22805592 0.27111499 0.21955870 0.32915683 0.14863716 0.15749840 0.31202808 0.25369097 0.19387236 0.25699814 0.16848470 0.39206316 0.40327813 0.13421173
0.41779490 0.33105697 0.50798330 0.43183306 0.44404302 0.42910035 0.49447057 0.34170169 0.50350374 0.47171839 0.52160936 0.44616494 0.42033092 0.39308057 0.30288212 0.39208620 0.38937119 0.30901696 0.38041450 0.38345745 0.29143678 0.37064689 0.27709526 0.34557366 0.46014666 0.37916172 0.43812172 0.09659489 0.44800115 0.39319190 0.15559722 0.21975445 0.41001982 0.20373821 0.40530608 0.39971285 0.44539207 0.39150642 0.29126744 0.47045659 0.31107386 1.00000000 0.49776661 0.42615720 0.07138789 0.60582431 0.57992445 0.61210936 0.54452507 0.56261078 0.33280234 0.51538740 0.14377637 0.24345806 0.49894371 0.38814055 0.12992053 0.31518328 0.23773511 0.43102406 0.40747186 0.40316465 0.42566722 0.49181692 0.39189227 0.31638389 0.21602327 0.35446471 0.18903478 0.32806376 0.39576762 0.37171475 0.30875578 0.44690352 0.27811300 0.45087731 0.53145027 0.34712444
0.65602827 0.27756402 0.62103930 0.75261011 0.37489813 0.66586084 0.60209878 0.70008193 0.63691718 0.43378702 0.19831452 0.66794958 0.29214916 0.52286232 0.49328746 0.43554424 0.72206561 0.36512335 0.41256311 -0.01240097 0.55763841 0.60274496 0.27585650 -0.01108854 0.38472124 0.40018606 0.46756369 0.09879674 0.38235191 0.49961088 -0.11479120 0.21915486 0.24536456 0.36868221 0.47747528 0.51311642 0.13869439 -0.03897312 0.19709012 0.75945384 0.07455430 0.49776661 1.00000000 0.10361605 -0.12322159 0.81106981 0.74797760 0.72116303 0.66891041 0.67821844 0.58714241 0.12134150 -0.28409122 0.34091990 0.19798660 0.13314301 -0.26927670 0.15591099 0.37318806 0.57930303 0.35573669 0.33217836 0.14895045 0.68143238 0.41154293 0.20936165 0.47305521 0.41997683 0.18118553 0.35809800 0.50495359 0.66206869 0.59549058 0.59121092 0.00711816 0.47158312 0.54622438 0.67990108
0.37108254 0.30898945 0.36192803 0.28011415 0.55720452 0.33765239 0.41966838 0.12735159 0.43405737 0.50613611 0.51847500 0.26823902 0.62219604 0.21460687 0.43584720 0.46690044 0.20651373 0.45602448 0.53936757 0.47200606 0.33664055 0.20845281 0.13080924 0.16218302 0.43942789 0.48250701 0.36791831 -0.11078788 0.40402502 0.23333912 0.52685208 0.13500453 0.41306126 0.11259135 0.12622767 0.42992085 0.38941066 0.53954894 0.25522576 0.27597903 0.37940275 0.42615720 0.10361605 1.00000000 0.06667557 0.25272229 0.27605569 0.43775620 0.38352459 0.49989033 -0.13250134 0.60366799 -0.09415657 0.11329758 0.37562448 0.36262139 -0.05733479 0.18037881 -0.20887397 0.36688282 0.14805976 0.42316186 -0.04919601 0.33995902 0.29500723 0.46116420 0.03487428 0.39689135 -0.23931085 0.31585632 0.47469046 0.28370511 0.32644489 0.37053633 0.50490725 0.29989069 0.56661902 0.15771414
-0.03657330 0.05593053 -0.11779150 -0.01047601 -0.09030063 0.07371335 0.01911158 -0.09209096 0.01941628 -0.16177712 0.05321550 -0.09604072 -0.00080862 0.12950158 -0.11242986 0.03727975 -0.22945990 0.09342865 -0.11015305 0.12673424 -0.11473458 -0.05115696 0.09695104 0.20395097 -0.02588509 0.00934098 0.08226605 0.25530805 0.15477170 0.20513688 0.24833821 0.36382969 0.11683662 0.24785256 0.13711453 0.10450048 0.15992882 0.13530740 -0.07421950 0.02060160 0.47425361 0.07138789 -0.12322159 0.06667557 1.00000000 -0.11262268 -0.13504600 -0.01788155 -0.01844453 0.10081957 0.28868236 0.20361722 0.21613474 -0.04330470 0.05802420 0.11924135 -0.00188417 0.08251179 0.12629036 -0.21657741 0.30643948 0.12763830 0.09171630 -0.10572165 0.18980133 0.17721287 0.07507657 0.05948854 0.40919363 -0.03965868 0.09866911 0.02771830 -0.05442663 -0.05778050 0.07371649 0.16920302 0.05697247 -0.00208806
0.64742933 0.33183813 0.61824931 0.72082025 0.41619797 0.60547990 0.65145124 0.59922251 0.62980519 0.50298950 0.31651155 0.64360425 0.39271982 0.54229961 0.56122534 0.54757141 0.73077267 0.38898374 0.51442553 0.16160806 0.56441756 0.65372816 0.27643585 0.11700081 0.52752920 0.45533814 0.53424057 0.08940759 0.44469406 0.49080703 -0.03337975 0.26415591 0.34834340 0.34355721 0.40705489 0.50291895 0.25760146 0.15866615 0.20302003 0.74502855 0.17909599 0.60582431 0.81106981 0.25272229 -0.11262268 1.00000000 0.72281197 0.75921404 0.67845210 0.73553137 0.53368698 0.25406580 -0.20751666 0.31097252 0.29105761 0.32409242 -0.19885325 0.34750972 0.28672865 0.61171590 0.43704840 0.37358465 0.20676489 0.67539673 0.44702542 0.23793643 0.40515437 0.44296835 0.16493195 0.41979662 0.55407544 0.58656483 0.56382396 0.66518431 0.10569666 0.51457945 0.61637819 0.58164449
0.62685353 0.35546170 0.60639462 0.63573697 0.45936520 0.59932928 0.59984907 0.59746412 0.61244512 0.53736942 0.31114759 0.60356181 0.43411995 0.48409166 0.51974539 0.47275668 0.65751475 0.41093640 0.49402058 0.10804906 0.52993475 0.58960011 0.31271027 0.07612193 0.44820087 0.46382433 0.45331122 0.06866762 0.40221309 0.47857140 0.01993535 0.24164454 0.33188086 0.31141355 0.44620531 0.52773933 0.22451146 0.11876620 0.23754755 0.70796262 0.12789867 0.57992445 0.74797760 0.27605569 -0.13504600 0.72281197 1.00000000 0.77676700 0.65751108 0.66623229 0.51737654 0.33828393 -0.24344078 0.31615615 0.31381660 0.26848517 -0.18040596 0.29912810 0.22505103 0.64954806 0.35124167 0.40114432 0.14655143 0.62665674 0.45815881 0.20778436 0.35767575 0.43309537 0.09225799 0.40610524 0.52720808 0.54566209 0.54153943 0.55954498 0.12223879 0.44865035 0.55211641 0.57451168
0.69040361 0.38242112 0.62940547 0.72353901 0.53412108 0.67269318 0.69230887 0.58876916 0.70199359 0.57870769 0.39988909 0.61827636 0.53125785 0.54504945 0.60014236 0.53706175 0.64518409 0.42896594 0.51874879 0.23747097 0.54379064 0.61455852 0.24254452 0.08148376 0.50340411 0.46563909 0.54753537 0.11636623 0.50984690 0.57012520 0.14579523 0.27220552 0.46600291 0.35109663 0.45947653 0.61246720 0.33543039 0.24938326 0.27353775 0.77466045 0.30075077 0.61210936 0.72116303 0.43775620 -0.01788155 0.75921404 0.77676700 1.00000000 0.74363596 0.77451190 0.45019836 0.44177385 -0.20032535 0.34035453 0.31120946 0.42666163 -0.24949561 0.30142329 0.20524188 0.62798506 0.46203706 0.46936761 0.12563333 0.70316573 0.49921457 0.30580347 0.41943703 0.45669289 0.11855628 0.44591398 0.61048082 0.62151542 0.54996785 0.68118135 0.14894369 0.55538787 0.68405823 0.57852964
0.66906048 0.30682909 0.57728369 0.66296510 0.48559204 0.61141514 0.61565177 0.56050609 0.64047915 0.51613290 0.37742203 0.53684840 0.61002462 0.46477282 0.53890216 0.57742317 0.61899419 0.54766635 0.52779688 0.04399700 0.57355925 0.43915256 0.24514940 0.01866806 0.48982961 0.45399783 0.43033178 -0.08936033 0.40992136 0.42992112 0.24701837 0.17813980 0.36904610 0.39686303 0.27773380 0.63259575 0.22280823 0.13523791 0.18949515 0.75585032 0.42179653 0.54452507 0.66891041 0.38352459 -0.01844453 0.67845210 0.65751108 0.74363596 1.00000000 0.76195076 0.43645952 0.44062564 -0.28942236 0.18445338 0.30192909 0.48877800 -0.31207975 0.24543492 -0.02138700 0.66544194 0.41970056 0.45236988 0.08963090 0.71083880 0.37848146 0.19478060 0.34383525 0.51970638 -0.04876605 0.44382859 0.56077875 0.60807130 0.54811478 0.55671511 0.14778150 0.55873152 0.64636484 0.55478777
0.66737195 0.40552579 0.59775888 0.68970219 0.52494446 0.63420121 0.72612033 0.52793516 0.67399571 0.55791327 0.48002180 0.60146286 0.60261145 0.52165831 0.60215696 0.63546087 0.63326077 0.52723204 0.57604960 0.25054035 0.56224204 0.55951584 0.27735729 0.18619906 0.57618857 0.52029095 0.54805095 0.03649548 0.49582162 0.55313261 0.25962251 0.30313676 0.45068891 0.36633146 0.41110967 0.59233570 0.37191917 0.30144349 0.25057871 0.72109613 0.44846867 0.56261078 0.67821844 0.49989033 0.10081957 0.73553137 0.66623229 0.77451190 0.76195076 1.00000000 0.47226526 0.48375025 -0.23787344 0.27195584 0.36779711 0.48403159 -0.26254101 0.32801852 0.10993780 0.61459813 0.44568988 0.46208216 0.12276830 0.66931582 0.45365270 0.32512487 0.36366589 0.54321003 0.08445699 0.40749528 0.60277833 0.59003767 0.53241385 0.62597237 0.19428279 0.60160176 0.70184315 0.50755927
0.30537717 0.12114663 0.18730389 0.44253016 -0.00072560 0.35207252 0.38286316 0.35532115 0.26835375 0.07108391 -0.02629177 0.26994816 0.09750119 0.45314413 0.15045676 0.23686149 0.35204868 0.25444423 0.09227833 -0.08091550 0.30692295 0.45705218 0.26971823 0.13834786 0.21370597 0.23609989 0.31296531 0.28687118 0.35461277 0.30143601 -0.10969471 0.44887960 0.24841686 0.47370626 0.36240967 0.31567213 0.13304130 -0.04757684 0.06094779 0.57647773 0.30675798 0.33280234 0.58714241 -0.13250134 0.28868236 0.53368698 0.51737654 0.45019836 0.43645952 0.47226526 1.00000000 0.13536023 -0.05843907 0.18288835 0.07854247 0.20295635 -0.24398992 0.19281976 0.35762331 0.22210342 0.43453463 0.28417395 0.15379415 0.41514511 0.41812513 0.20699197 0.44441472 0.36551317 0.47181946 0.31068520 0.35571144 0.39885479 0.32712437 0.32602535 -0.01334350 0.47297878 0.30845576 0.48001474
0.27779884 0.26655211 0.21868429 0.21644793 0.43701817 0.22424949 0.36410748 0.08389261 0.30930861 0.40037371 0.46535077 0.18337684 0.48765265 0.32901252 0.27606022 0.37098657 0.17537843 0.36297170 0.36267155 0.40568948 0.20572121 0.24051921 0.22694378 0.29590746 0.49158376 0.35141240 0.32877023 0.01762621 0.44766626 0.26179196 0.45544903 0.13903995 0.45575069 0.12497360 0.19538304 0.45414164 0.54177805 0.41266019 0.37815726 0.35407764 0.56110581 0.51538740 0.12134150 0.60366799 0.20361722 0.25406580 0.33828393 0.44177385 0.44062564 0.48375025 0.13536023 1.00000000 0.11629472 0.18773570 0.30927828 0.48274645 0.07789504 0.23158354 -0.03913906 0.23890278 0.32160278 0.51148066 0.15099653 0.40569371 0.30117801 0.34653005 0.07341390 0.33555800 0.00677950 0.27605436 0.31501475 0.20044539 0.12669698 0.32825369 0.29575895 0.30860575 0.47182391 0.12160738
-0.29277002 0.14467445 -0.18168267 -0.32153927 -0.09157835 -0.25478713 -0.15047150 -0.24761211 -0.21384252 -0.11334017 0.22001271 -0.16473067 -0.10449456 -0.14304409 -0.30346084 -0.22415014 -0.32569133 -0.19209880 -0.22135045 0.21076858 -0.36869404 -0.28827904 -0.09393784 0.30860342 -0.09255663 -0.25878155 -0.09444556 0.25133957 -0.07807367 -0.05588147 0.12500735 0.00276279 -0.05568526 -0.17483154 0.09982660 -0.32890822 0.16057523 0.12520404 0.19289090 -0.28636660 0.06767310 0.14377637 -0.28409122 -0.09415657 0.21613474 -0.20751666 -0.24344078 -0.20032535 -0.28942236 -0.23787344 -0.05843907 0.11629472 1.00000000 0.15632632 0.36498875 0.08691513 0.66381219 0.21075360 0.29277151 -0.16874983 0.16624364 -0.04906077 0.61065558 -0.23491766 0.03607107 0.10273847 -0.13379258 -0.20184635 0.21344987 -0.10592354 -0.31222001 -0.28206085 -0.37508374 -0.19489941 0.16471353 -0.11847310 -0.25136727 -0.22823908
0.25709117 0.45963888 0.33756631 0.30682603 0.39647616 0.32838911 0.42356825 0.39342637 0.35370778 0.40089744 0.33164652 0.41373537 0.14813052 0.29754464 0.29700479 0.15938992 0.34528567 0.14291046 0.23598828 0.26041737 0.23950929 0.36200735 0.25311717 0.23775537 0.30414308 0.21093001 0.11604594 0.26913867 0.23935405 0.43876918 0.08878754 0.03344952 0.22610792 -0.06440406 0.39996493 0.23306479 0.34997252 0.03564338 0.44353276 0.21920445 0.05714544 0.24345806 0.34091990 0.11329758 -0.04330470 0.31097252 0.31615615 0.34035453 0.18445338 0.27195584 0.18288835 0.18773570 0.15632632 1.00000000 0.36692542 0.12976476 0.21919589 0.11868325 0.45921632 0.27621192 0.31669057 0.33014987 0.29984013 0.46512849 0.34519760 0.23105341 0.39923935 0.14555463 0.30063664 0.06676980 0.27417130 0.29224952 0.20179669 0.34360848 0.13220707 0.16992504 0.19446665 0.37864584
0.24961805 0.46607660 0.41057309 0.19582082 0.43154218 0.26135886 0.43339307 0.21422126 0.39181583 0.44090298 0.65961243 0.40175661 0.42622898 0.07577536 0.15119029 0.30312545 0.19765418 0.22863352 0.27259738 0.36654612 0.11729122 0.05173262 0.14592295 0.34061527 0.36710800 0.20634345 0.22265230 0.03406818 0.22985281 0.32991832 0.34940649 0.12180466 0.22097476 0.02012462 0.32264751 0.12118973 0.31387323 0.36784293 0.26109935 0.11982917 0.15680348 0.49894371 0.19798660 0.37562448 0.05802420 0.29105761 0.31381660 0.31120946 0.30192909 0.36779711 0.07854247 0.30927828 0.36498875 0.36692542 1.00000000 0.36618272 0.37802224 0.40848154 0.21528565 0.48053411 0.34242078 0.33366447 0.57264448 0.30158767 0.33242336 0.31272781 0.02177969 0.27479034 -0.00700161 0.23893759 0.22198038 0.17746767 0.12644083 0.24897199 0.38277998 0.32096854 0.34785386 0.14753912
0.27470094 0.24825283 0.19819040 0.25365183 0.27404182 0.21795009 0.45020258 0.07444126 0.26923753 0.33986348 0.42451120 0.15343138 0.57166346 0.23063128 0.26836851 0.37156185 0.23730072 0.31276175 0.28644674 0.23006233 0.24111081 0.25597646 0.08117481 0.22417578 0.41793036 0.24180100 0.27907203 0.06066998 0.40036012 0.25720239 0.41058707 0.28946965 0.51019212 0.22043378 0.09918244 0.35128691 0.43258139 0.42662668 0.20138330 0.33886438 0.45270671 0.38814055 0.13314301 0.36262139 0.11924135 0.32409242 0.26848517 0.42666163 0.48877800 0.48403159 0.20295635 0.48274645 0.08691513 0.12976476 0.36618272 1.00000000 -0.03412531 0.44719682 -0.15444740 0.41129520 0.51451022 0.40139183 0.18723299 0.43723942 0.36115488 0.10347246 0.11184244 0.33780582 -0.00497524 0.35455482 0.34908239 0.21502339 0.14207291 0.36405640 0.20674484 0.46588290 0.42660459 0.11977217
-0.29858806 0.19667100 -0.10820067 -0.40447340 0.02634989 -0.31216971 -0.16985566 -0.24329337 -0.20723699 0.00894151 0.30307219 -0.08825116 -0.11699753 -0.19581652 -0.28196145 -0.17352481 -0.21686253 -0.19460269 -0.14544212 0.20548172 -0.31283891 -0.27825863 0.08283806 0.38490875 0.01765779 -0.16473187 -0.17450245 0.06338509 -0.18322179 -0.13984261 0.07813946 -0.20645785 -0.24149533 -0.34666212 0.05992632 -0.35261763 0.19675989 0.04474012 0.23705260 -0.33489195 -0.11222892 0.12992053 -0.26927670 -0.05733479 -0.00188417 -0.19885325 -0.18040596 -0.24949561 -0.31207975 -0.26254101 -0.24398992 0.07789504 0.66381219 0.21919589 0.37802224 -0.03412531 1.00000000 0.24473391 0.22949921 -0.07651300 0.04787961 0.00814103 0.65014336 -0.18577898 -0.07993838 -0.06142281 -0.25662256 -0.20277001 0.09668763 -0.14209257 -0.35952275 -0.37743038 -0.39396287 -0.26347024 0.10423203 -0.26423466 -0.31872385 -0.27781920
0.34315197 0.32691829 0.27499575 0.18449611 0.21397783 0.16456256 0.32436559 0.12349412 0.25375991 0.17803156 0.34514616 0.23946312 0.34289486 0.11783354 0.21986945 0.39097443 0.20434641 0.23050735 0.21177174 0.11711802 0.18505084 0.21011262 0.18756836 0.17876471 0.33005175 0.21458495 0.36569884 0.10655307 0.08343752 0.25513450 0.21043182 0.26206027 0.10721078 0.26992819 0.10678360 0.20750324 0.07657455 0.23309215 -0.04152026 0.30678080 0.22395318 0.31518328 0.15591099 0.18037881 0.08251179 0.34750972 0.29912810 0.30142329 0.24543492 0.32801852 0.19281976 0.23158354 0.21075360 0.11868325 0.40848154 0.44719682 0.24473391 1.00000000 0.08932979 0.43991384 0.53802779 0.26840490 0.39301507 0.18090156 0.27922460 -0.00256523 -0.02542096 0.22910818 0.03322563 0.29436649 0.20955285 0.05390015 0.08859847 0.20680752 0.05110188 0.38848258 0.23350887 0.02532972
0.12321962 0.22802464 0.22358149 0.26326662 0.09122489 0.26688865 0.21807699 0.32872890 0.20283080 0.06660221 0.08468821 0.35928082 -0.17737120 0.19357833 -0.00968804 -0.08238338 0.16889156 -0.16934655 -0.09082018 0.11457060 -0.06453805 0.20602220 0.10960509 0.11753638 0.02429290 -0.08196097 0.20444001 0.31628980 0.11787241 0.35465658 -0.25655893 0.10844026 0.06490077 0.02211857 0.44885924 0.00449713 0.12550639 -0.03190278 0.18014590 0.15047554 -0.09011433 0.23773511 0.37318806 -0.20887397 0.12629036 0.28672865 0.22505103 0.20524188 -0.02138700 0.10993780 0.35762331 -0.03913906 0.29277151 0.45921632 0.21528565 -0.15444740 0.22949921 0.08932979 1.00000000 0.07219420 0.27084560 0.21794633 0.39154464 0.24234194 0.38453467 0.16389502 0.26800202 -0.08236859 0.50725417 -0.05885522 0.00250463 0.18476454 0.09330393 0.24806828 -0.17297990 0.07194081 0.05902395 0.27997772
0.66422329 0.44184777 0.61441073 0.58002792 0.52140437 0.57880495 0.61455910 0.55700009 0.61979557 0.55027255 0.45335462 0.60354550 0.60725760 0.32235551 0.55104778 0.54122919 0.63068720 0.42746451 0.50139174 0.04481943 0.54461341 0.38661686 0.15639691 -0.02021129 0.43204029 0.41680824 0.46475468 -0.07168107 0.27623350 0.41534215 0.20582722 0.13851978 0.22711681 0.30271085 0.28475774 0.46698239 0.14196946 0.16535738 0.19556462 0.60781404 0.16694367 0.43102406 0.57930303 0.36688282 -0.21657741 0.61171590 0.64954806 0.62798506 0.66544194 0.61459813 0.22210342 0.23890278 -0.16874983 0.27621192 0.48053411 0.41129520 -0.07651300 0.43991384 0.07219420 1.00000000 0.35959286 0.42847979 0.23720453 0.63169953 0.43288372 0.17155074 0.21746734 0.43096776 -0.17377665 0.41772819 0.49445165 0.52763572 0.55973826 0.52535641 0.19673741 0.43679140 0.56305338 0.47927406
0.39737954 0.32976805 0.30967157 0.38649469 0.24271160 0.37760192 0.43677316 0.29576021 0.42226971 0.24041695 0.32329357 0.31958788 0.32415060 0.36216318 0.25503498 0.37199330 0.26929902 0.32437619 0.22762455 0.18200455 0.23646408 0.34865251 0.27025559 0.22728415 0.30468086 0.30007043 0.37553234 0.25644974 0.29632737 0.45484373 0.24131551 0.36843816 0.28002160 0.37448629 0.30536937 0.39685547 0.23967898 0.14847529 0.08562601 0.47730538 0.39383718 0.40747186 0.35573669 0.14805976 0.30643948 0.43704840 0.35124167 0.46203706 0.41970056 0.44568988 0.43453463 0.32160278 0.16624364 0.31669057 0.34242078 0.51451022 0.04787961 0.53802779 0.27084560 0.35959286 1.00000000 0.44870170 0.36122058 0.45330446 0.44404631 0.16527903 0.32346021 0.33074179 0.34853588 0.31439091 0.39973894 0.33207133 0.22145000 0.39291354 0.06057365 0.54396256 0.38309233 0.31449518
0.37669371 0.32964040 0.32592489 0.37957611 0.47123238 0.43703822 0.47622414 0.30640686 0.42137218 0.47391611 0.38936590 0.37115667 0.43994765 0.38071519 0.30643781 0.35910191 0.32661721 0.34129568 0.38434518 0.25610659 0.33941027 0.36154015 0.31877028 0.17398452 0.40053881 0.39088711 0.38481587 0.06591365 0.47661119 0.35637939 0.33913062 0.22184716 0.40576198 0.23513316 0.28087945 0.48854718 0.46749994 0.32047352 0.30548260 0.43264805 0.37369292 0.40316465 0.33217836 0.42316186 0.12763830 0.37358465 0.40114432 0.46936761 0.45236988 0.46208216 0.28417395 0.51148066 -0.04906077 0.33014987 0.33366447 0.40139183 0.00814103 0.26840490 0.21794633 0.42847979 0.44870170 1.00000000 0.16169607 0.58502236 0.52114732 0.31705825 0.28346313 0.36006708 0.16586459 0.34820604 0.45648146 0.38555930 0.35625369 0.43215062 0.21733566 0.35249135 0.49464309 0.35745856
0.05817265 0.37026277 0.23121667 0.00807396 0.17467569 0.05644807 0.17139402 0.12589700 0.16262227 0.15881068 0.45852996 0.22030259 0.11092277 0.05162611 -0.06068664 0.09469100 0.09553739 -0.01886777 -0.01156671 0.22424978 -0.11580418 -0.06064106 0.14691595 0.36812238 0.18177165 0.00110151 0.11487233 0.10945244 -0.02329890 0.17203029 0.07222411 -0.03036515 -0.07952706 -0.08052900 0.31274995 -0.10352333 0.19794685 0.07130344 0.17766214 0.05696123 0.10884225 0.42566722 0.14895045 -0.04919601 0.09171630 0.20676489 0.14655143 0.12563333 0.08963090 0.12276830 0.15379415 0.15099653 0.61065558 0.29984013 0.57264448 0.18723299 0.65014336 0.39301507 0.39154464 0.23720453 0.36122058 0.16169607 1.00000000 0.11889082 0.15858000 0.04451788 0.00102373 0.00294815 0.24896361 0.04087489 -0.08679579 -0.01139679 -0.13020424 0.02772420 0.08604081 0.11462185 0.03597743 0.05052998
0.56631732 0.29955048 0.53073023 0.63500454 0.49026367 0.57931293 0.62628385 0.54477803 0.58245565 0.54232473 0.34824636 0.54686010 0.47854476 0.51911429 0.48125017 0.45661471 0.64260868 0.42432243 0.49072496 0.11247216 0.56127820 0.56235757 0.29497187 0.11100446 0.51924587 0.46437529 0.42920617 0.03254494 0.53038415 0.44412148 0.12478973 0.19955108 0.43506111 0.31217270 0.37274358 0.58970633 0.39397850 0.17447572 0.35547689 0.67026381 0.23676338 0.49181692 0.68143238 0.33995902 -0.10572165 0.67539673 0.62665674 0.70316573 0.71083880 0.66931582 0.41514511 0.40569371 -0.23491766 0.46512849 0.30158767 0.43723942 -0.18577898 0.18090156 0.24234194 0.63169953 0.45330446 0.58502236 0.11889082 1.00000000 0.46732257 0.28296231 0.44979212 0.47832950 0.10068887 0.41868781 0.55814228 0.60844275 0.53033528 0.63768318 0.14114752 0.48139063 0.63080635 0.58891279
0.39090122 0.33511592 0.35967212 0.48532743 0.34363047 0.49496697 0.48271690 0.36978108 0.42699407 0.31866965 0.25815810 0.37969620 0.39689070 0.32897350 0.31520682 0.23816015 0.30120370 0.28545132 0.24834791 0.17630249 0.22509198 0.37003805 0.11756061 0.08732798 0.22822038 0.31233187 0.38533077 0.30314550 0.45201803 0.44604306 0.11503867 0.40033429 0.48444442 0.33262162 0.32392040 0.38557477 0.24840337 0.30536807 0.17393254 0.43485960 0.22805592 0.39189227 0.41154293 0.29500723 0.18980133 0.44702542 0.45815881 0.49921457 0.37848146 0.45365270 0.41812513 0.30117801 0.03607107 0.34519760 0.33242336 0.36115488 -0.07993838 0.27922460 0.38453467 0.43288372 0.44404631 0.52114732 0.15858000 0.46732257 1.00000000 0.36030293 0.34239165 0.30960916 0.26035491 0.37347735 0.43066974 0.43889941 0.39266612 0.46581987 0.21188240 0.44887225 0.48912593 0.45264714
0.24196658 0.20669672 0.19473427 0.28805460 0.31398071 0.30048864 0.37022310 0.18718522 0.35583825 0.25738882 0.31029349 0.23507902 0.32228902 0.29122199 0.21963731 0.27672170 0.15787310 0.28513693 0.28455823 0.33918105 0.22956239 0.21105834 0.11031623 0.15475284 0.27205306 0.32956654 0.36174673 0.15840126 0.43075376 0.24090748 0.27510810 0.29238619 0.33549820 0.25468398 0.30873197 0.25892477 0.33522541 0.34776493 0.29556406 0.21365095 0.27111499 0.31638389 0.20936165 0.46116420 0.17721287 0.23793643 0.20778436 0.30580347 0.19478060 0.32512487 0.20699197 0.34653005 0.10273847 0.23105341 0.31272781 0.10347246 -0.06142281 -0.00256523 0.16389502 0.17155074 0.16527903 0.31705825 0.04451788 0.28296231 0.36030293 1.00000000 0.32591008 0.37575721 0.16073695 0.35051076 0.42421978 0.40276150 0.34997843 0.39564489 0.49070781 0.37765650 0.55204526 0.34929944
0.32844044 0.21939544 0.26471309 0.45709682 0.21685390 0.42865021 0.41161272 0.44091929 0.38614263 0.24229391 0.09170228 0.31196356 0.14146718 0.44006096 0.33519133 0.21493973 0.39686071 0.27102054 0.23500285 0.04645681 0.40326184 0.46938710 0.25397751 0.05237863 0.22045550 0.30241103 0.20703719 0.29736091 0.39599465 0.37050757 0.02423588 0.29205621 0.29728537 0.30952595 0.37867609 0.38911227 0.22685608 -0.05584252 0.22576316 0.45370117 0.21955870 0.21602327 0.47305521 0.03487428 0.07507657 0.40515437 0.35767575 0.41943703 0.34383525 0.36366589 0.44441472 0.07341390 -0.13379258 0.39923935 0.02177969 0.11184244 -0.25662256 -0.02542096 0.26800202 0.21746734 0.32346021 0.28346313 0.00102373 0.44979212 0.34239165 0.32591008 1.00000000 0.40281681 0.49366780 0.25506142 0.53506144 0.65671110 0.55214079 0.55477711 0.08872417 0.44232825 0.41821227 0.65974930
0.44046818 0.24140408 0.33374304 0.44212062 0.33100388 0.36856873 0.46417047 0.28351262 0.42069941 0.33211071 0.33057148 0.32379632 0.47528342 0.36175829 0.39726495 0.51186405 0.43972922 0.57639333 0.45226870 0.13487031 0.51280381 0.40716161 0.32419141 0.20822783 0.46557647 0.55364188 0.33337431 0.02200982 0.48522001 0.25388001 0.31266081 0.30106685 0.35464249 0.42103726 0.21029632 0.49481728 0.24762888 0.17080045 0.18155375 0.48564672 0.32915683 0.35446471 0.41997683 0.39689135 0.05948854 0.44296835 0.43309537 0.45669289 0.51970638 0.54321003 0.36551317 0.33555800 -0.20184635 0.14555463 0.27479034 0.33780582 -0.20277001 0.22910818 -0.08236859 0.43096776 0.33074179 0.36006708 0.00294815 0.47832950 0.30960916 0.37575721 0.40281681 1.00000000 0.06357118 0.56516308 0.61904048 0.55226084 0.54987707 0.47750640 0.42260202 0.62697696 0.56953600 0.53870037
-0.01532611 0.08829602 0.00514943 0.13171241 -0.05952046 0.14848463 0.13916629 0.16025662 0.07679669 -0.03363718 -0.00672381 0.08703065 -0.18822553 0.28650886 -0.08646593 -0.06156858 0.03167128 -0.04665660 -0.09802718 0.14699671 -0.03272153 0.24523730 0.23151087 0.30058990 0.02146118 0.01745668 0.04148436 0.38615604 0.20556281 0.30622479 -0.12403633 0.28422341 0.11672365 0.13549313 0.37106009 0.06827477 0.24561382 -0.07066839 0.11631637 0.13323972 0.14863716 0.18903478 0.18118553 -0.23931085 0.40919363 0.16493195 0.09225799 0.11855628 -0.04876605 0.08445699 0.47181946 0.00677950 0.21344987 0.30063664 -0.00700161 -0.00497524 0.09668763 0.03322563 0.50725417 -0.17377665 0.34853588 0.16586459 0.24896361 0.10068887 0.26035491 0.16073695 0.49366780 0.06357118 1.00000000 -0.04106440 0.12623165 0.19674473 0.12258315 0.18011602 -0.04847964 0.18559251 0.01725971 0.30969936
0.29176407 0.13889481 0.25413349 0.31894272 0.22530509 0.24497260 0.29530487 0.12540054 0.25820205 0.23839806 0.20235571 0.19914455 0.38600916 0.22883066 0.24623080 0.28476067 0.33187219 0.35741697 0.28124821 0.03684301 0.26962446 0.27714204 0.12762282 0.09517034 0.24729524 0.38201416 0.40599470 0.04388382 0.43182638 0.13037554 0.15529657 0.35725622 0.39003717 0.40795600 0.13588789 0.33846517 0.13561709 0.26494954 0.08192484 0.44074427 0.15749840 0.32806376 0.35809800 0.31585632 -0.03965868 0.41979662 0.40610524 0.44591398 0.44382859 0.40749528 0.31068520 0.27605436 -0.10592354 0.06676980 0.23893759 0.35455482 -0.14209257 0.29436649 -0.05885522 0.41772819 0.31439091 0.34820604 0.04087489 0.41868781 0.37347735 0.35051076 0.25506142 0.56516308 -0.04106440 1.00000000 0.51533372 0.36103687 0.36774469 0.40028007 0.33673363 0.55313332 0.44181265 0.46636729
0.60760526 0.32129849 0.49942774 0.62752933 0.46456636 0.60334033 0.61163414 0.48172626 0.61541974 0.47437252 0.31563335 0.47018682 0.52211056 0.47554047 0.56690922 0.57043980 0.51614010 0.55462178 0.56694808 0.21498284 0.61948558 0.56416005 0.28000841 0.06296275 0.44965799 0.58867638 0.42479636 0.09240778 0.51141273 0.47388269 0.26377092 0.34805547 0.44587239 0.40202994 0.28079526 0.61210995 0.27545093 0.25930611 0.16244640 0.57549751 0.31202808 0.39576762 0.50495359 0.47469046 0.09866911 0.55407544 0.52720808 0.61048082 0.56077875 0.60277833 0.35571144 0.31501475 -0.31222001 0.27417130 0.22198038 0.34908239 -0.35952275 0.20955285 0.00250463 0.49445165 0.39973894 0.45648146 -0.08679579 0.55814228 0.43066974 0.42421978 0.53506144 0.61904048 0.12623165 0.51533372 1.00000000 0.70583517 0.68328243 0.68209637 0.35258201 0.66087054 0.73040465 0.60691359
0.63893807 0.27442824 0.57472717 0.72913022 0.42822975 0.67443708 0.61506347 0.64531725 0.67694643 0.42590974 0.25209092 0.56808568 0.41579565 0.44351008 0.52000316 0.44775171 0.56906072 0.42318981 0.42487608 0.04715167 0.57618433 0.49665095 0.15719057 -0.09409632 0.33891440 0.40817020 0.41020013 0.13738708 0.47023609 0.52651562 0.14105711 0.27848272 0.35911907 0.40129166 0.37626334 0.58446794 0.20929439 0.08203290 0.20577271 0.62591433 0.25369097 0.37171475 0.66206869 0.28370511 0.02771830 0.58656483 0.54566209 0.62151542 0.60807130 0.59003767 0.39885479 0.20044539 -0.28206085 0.29224952 0.17746767 0.21502339 -0.37743038 0.05390015 0.18476454 0.52763572 0.33207133 0.38555930 -0.01139679 0.60844275 0.43889941 0.40276150 0.65671110 0.55226084 0.19674473 0.36103687 0.70583517 1.00000000 0.77884863 0.72083234 0.18623934 0.57840336 0.73206475 0.76896949
0.65121436 0.23181546 0.53146261 0.67465972 0.40218787 0.63795639 0.56637609 0.61637952 0.61022096 0.40233141 0.19532245 0.54457853 0.43597068 0.39635159 0.55749357 0.50013080 0.59161110 0.44559243 0.49009586 0.00256946 0.63563397 0.48672056 0.16576864 -0.15582829 0.31621191 0.45840448 0.41493659 0.04969531 0.39495734 0.44617259 0.11468357 0.25573612 0.27649085 0.42473442 0.28102208 0.53752343 0.12426834 0.07831340 0.10855650 0.58925837 0.19387236 0.30875578 0.59549058 0.32644489 -0.05442663 0.56382396 0.54153943 0.54996785 0.54811478 0.53241385 0.32712437 0.12669698 -0.37508374 0.20179669 0.12644083 0.14207291 -0.39396287 0.08859847 0.09330393 0.55973826 0.22145000 0.35625369 -0.13020424 0.53033528 0.39266612 0.34997843 0.55214079 0.54987707 0.12258315 0.36774469 0.68328243 0.77884863 1.00000000 0.64780202 0.23780870 0.50014955 0.67301997 0.69538829
0.59910301 0.34966811 0.55022062 0.66018479 0.49556920 0.61732020 0.63713608 0.55474392 0.64067184 0.54614066 0.34101503 0.57207019 0.43503587 0.50226894 0.56098791 0.47438105 0.60302632 0.35556847 0.49574094 0.25259894 0.51414873 0.58371182 0.17596472 0.04136890 0.48363974 0.39140445 0.46817307 0.09959413 0.49168612 0.52739561 0.15415078 0.24611981 0.44523787 0.27269873 0.39997249 0.54409813 0.34749843 0.21797158 0.32051169 0.61065077 0.25699814 0.44690352 0.59121092 0.37053633 -0.05778050 0.66518431 0.55954498 0.68118135 0.55671511 0.62597237 0.32602535 0.32825369 -0.19489941 0.34360848 0.24897199 0.36405640 -0.26347024 0.20680752 0.24806828 0.52535641 0.39291354 0.43215062 0.02772420 0.63768318 0.46581987 0.39564489 0.55477711 0.47750640 0.18011602 0.40028007 0.68209637 0.72083234 0.64780202 1.00000000 0.11788335 0.56519932 0.72859976 0.58828286
0.09305593 0.19463373 0.14461882 0.07420825 0.29962521 0.13731527 0.24232380 0.00661127 0.19752484 0.31894665 0.36381943 0.07814610 0.40092333 0.07484305 0.18124227 0.24561650 0.07103933 0.40452741 0.36263996 0.35500984 0.24315748 0.10840497 0.13299526 0.25957662 0.27640544 0.38530518 0.03116358 0.03290868 0.29837079 0.05741023 0.38089423 0.16847608 0.29388694 0.04101717 0.10621278 0.15005841 0.28117473 0.37779907 0.28195467 0.01004091 0.16848470 0.27811300 0.00711816 0.50490725 0.07371649 0.10569666 0.12223879 0.14894369 0.14778150 0.19428279 -0.01334350 0.29575895 0.16471353 0.13220707 0.38277998 0.20674484 0.10423203 0.05110188 -0.17297990 0.19673741 0.06057365 0.21733566 0.08604081 0.14114752 0.21188240 0.49070781 0.08872417 0.42260202 -0.04847964 0.33673363 0.35258201 0.18623934 0.23780870 0.11788335 1.00000000 0.24486455 0.30171930 0.19935324
0.54108039 0.22600303 0.44096532 0.57166626 0.30364536 0.47645041 0.56842466 0.37726540 0.51894678 0.27377037 0.32770791 0.41053004 0.48865457 0.31272706 0.34990447 0.47385984 0.37883444 0.46668996 0.29757271 0.12550905 0.39854588 0.38874530 0.22067281 0.10766330 0.37044437 0.40899808 0.45302518 0.17368410 0.45758995 0.46640696 0.27549555 0.44132396 0.44135923 0.52012104 0.25249922 0.51723803 0.21187102 0.28649674 0.02884129 0.53815509 0.39206316 0.45087731 0.47158312 0.29989069 0.16920302 0.51457945 0.44865035 0.55538787 0.55873152 0.60160176 0.47297878 0.30860575 -0.11847310 0.16992504 0.32096854 0.46588290 -0.26423466 0.38848258 0.07194081 0.43679140 0.54396256 0.35249135 0.11462185 0.48139063 0.44887225 0.37765650 0.44232825 0.62697696 0.18559251 0.55313332 0.66087054 0.57840336 0.50014955 0.56519932 0.24486455 1.00000000 0.66212935 0.50671550
0.68048704 0.31729405 0.59534175 0.69793362 0.55620386 0.65466820 0.68521908 0.51749761 0.70687649 0.52856372 0.45354339 0.56600880 0.62242136 0.46705455 0.57369713 0.62814158 0.54206250 0.48955813 0.54733124 0.28054551 0.55134050 0.47950928 0.18973005 0.04124213 0.53553710 0.52769538 0.57331328 0.03631434 0.54158104 0.51749983 0.30354437 0.26758135 0.48315352 0.38776467 0.31713594 0.63322824 0.37639305 0.39859125 0.20558831 0.60864343 0.40327813 0.53145027 0.54622438 0.56661902 0.05697247 0.61637819 0.55211641 0.68405823 0.64636484 0.70184315 0.30845576 0.47182391 -0.25136727 0.19446665 0.34785386 0.42660459 -0.31872385 0.23350887 0.05902395 0.56305338 0.38309233 0.49464309 0.03597743 0.63080635 0.48912593 0.55204526 0.41821227 0.56953600 0.01725971 0.44181265 0.73040465 0.73206475 0.67301997 0.72859976 0.30171930 0.66212935 1.00000000 0.52533178
0.53477103 0.27808018 0.50381475 0.62853032 0.35052369 0.58981670 0.51011718 0.58739342 0.54397595 0.37211335 0.18622713 0.49930299 0.30991991 0.45146750 0.43352516 0.31443622 0.57126318 0.40225000 0.38946087 0.01731293 0.48768685 0.47982009 0.25387891 0.00679721 0.25556840 0.42140753 0.39612698 0.15556365 0.42671056 0.45862538 0.01347401 0.27126393 0.33245999 0.38687588 0.42408541 0.50380868 0.15733770 0.01232501 0.22750373 0.62637022 0.13421173 0.34712444 0.67990108 0.15771414 -0.00208806 0.58164449 0.57451168 0.57852964 0.55478777 0.50755927 0.48001474 0.12160738 -0.22823908 0.37864584 0.14753912 0.11977217 -0.27781920 0.02532972 0.27997772 0.47927406 0.31449518 0.35745856 0.05052998 0.58891279 0.45264714 0.34929944 0.65974930 0.53870037 0.30969936 0.46636729 0.60691359 0.76896949 0.69538829 0.58828286 0.19935324 0.50671550 0.52533178 1.00000000
