1.00000000 0.27799863 0.39184758 0.36685925 0.20394833 0.35826117 0.17603689 0.24490732 0.05828272 0.17159341 0.12391507 0.01752569 -0.05947024 -0.09791691 0.06198268 -0.07376818 -0.05402969 0.00801481 0.09001251 0.07320534 -0.32041261 -0.17058550 -0.02535979 0.08336813 -0.01340328 0.05444162 0.09983488 -0.12912443 0.06923613 -0.01180838 -0.25915177 -0.01987335 -0.02766180 -0.01878995 0.08418815 0.02515012 -0.07266015 -0.11507305 0.00904505 -0.15539732 -0.17565793 -0.07422968 0.03417206 -0.02833434 -0.10404827 -0.21959909 -0.11839539 -0.04339202 -0.06648918 -0.04099090 -0.03177693 0.09580340 0.12471301 0.11555051 0.05751045 -0.16911454 -0.01314382 -0.00517611 0.07980727 -0.05460308 -0.01640653 -0.06400383 0.06478352 0.11252860 0.07463932 0.00586975 0.08576664 -0.08526911 -0.04250571 -0.02109770 -0.08117148 -0.08300640 -0.04674807 -0.13653157 -0.09556541 -0.00419218 -0.20158778 -0.14563764
0.27799863 1.00000000 0.38115461 0.39672393 0.14150814 0.26288526 0.34998049 0.25097815 0.25539577 0.47393984 0.25909320 0.26718702 0.03601304 0.03222325 0.13989957 0.03655931 0.08121657 0.14687511 0.15613440 0.07378948 0.05533392 0.03280446 0.26113592 0.29888778 -0.02730084 0.06118265 0.02622836 -0.00790671 -0.12496116 0.08860133 -0.20873660 -0.06786922 0.10790143 0.04707012 -0.03721279 0.02752770 -0.14135470 -0.16675981 0.02070725 -0.03992856 -0.16793970 -0.06356323 0.01058921 0.11594215 -0.08169760 -0.18326757 -0.13332656 -0.20763636 -0.00424310 -0.16596024 -0.04718589 0.11673235 -0.07401833 0.22639621 -0.05903632 -0.12435309 0.00578239 -0.06775702 0.08613324 -0.12054925 -0.05059031 -0.22184956 0.15958033 0.10723989 0.04953497 0.09758940 0.07441888 0.03044845 -0.09349888 -0.06832869 -0.19896212 -0.04855864 -0.03894480 0.03004985 0.04430721 -0.02464991 -0.07520233 -0.03103212
0.39184758 0.38115461 1.00000000 0.39281538 0.25577043 0.24794790 0.27349140 0.28896718 0.31458901 0.31420287 0.23052689 0.19420440 0.05538348 -0.04944681 0.02096370 -0.02950260 -0.07653799 -0.00397047 0.02105369 0.19096557 -0.07004349 0.00918615 0.17342200 0.16289868 -0.08913076 -0.01886281 0.04002662 -0.00914637 0.08203072 0.12835404 -0.14612704 -0.04139980 0.14677063 0.17847156 0.06339878 0.13651749 0.04848137 -0.03657986 0.10943499 -0.17097478 -0.16795258 -0.08063683 -0.02345767 -0.06695317 -0.17442621 -0.08277193 -0.10569234 -0.14006066 -0.18712531 -0.17541124 -0.07717422 0.05198789 0.05783042 0.14963134 -0.01007741 -0.14450118 0.01504552 -0.01336573 0.06620940 -0.12500562 -0.20265088 -0.16232781 0.07459101 0.11904456 0.08388934 0.01810038 0.03052912 -0.00374690 -0.05662196 -0.13733750 -0.07125475 -0.05078757 0.02716544 -0.04725611 -0.00621363 0.08068163 -0.07777730 -0.02136243
0.36685925 0.39672393 0.39281538 1.00000000 0.31604414 0.51198377 0.43202291 0.14474442 0.17652208 0.40833204 0.06512444 0.06858584 0.06909826 -0.01171640 0.12139424 0.00988605 -0.06938991 0.01071607 0.15240694 0.21253021 -0.12036199 -0.12810738 0.12181500 0.06184582 0.01061016 0.11872044 0.17126612 -0.14450634 0.16071199 0.01256953 -0.15449994 0.04519576 0.11292642 -0.02749395 0.03390457 0.12792617 0.06160342 -0.09536268 0.01005131 -0.17892130 -0.13206481 -0.04008037 -0.24033830 0.09137196 -0.09216569 0.03019966 -0.19514625 -0.03412937 -0.14156353 -0.02304576 0.00842891 0.07577724 0.10180152 0.11988785 0.12276763 -0.05050708 -0.06291854 0.05781589 0.03918026 -0.06759675 -0.00279453 -0.12296655 0.20944345 0.21839740 0.18375628 -0.03945871 0.08197099 -0.21062848 0.00276225 0.05488440 -0.02874307 0.02636330 -0.02482778 0.11316421 -0.03896977 0.01539882 -0.06369666 0.02976486
0.20394833 0.14150814 0.25577043 0.31604414 1.00000000 0.37709016 0.37531536 0.24343393 0.16596392 0.34212639 0.16208577 0.25043932 0.17159584 -0.06903444 -0.02417671 0.04321621 -0.02205671 -0.06771716 0.00382273 0.10511493 -0.20632724 -0.05871782 -0.01113642 0.00067537 0.07569668 0.16052746 0.00544302 -0.02640527 0.01041254 0.18634032 0.08607777 -0.00715710 0.17417314 -0.04003393 0.09704848 0.10527935 -0.08248431 0.02069343 -0.07251656 -0.04429373 0.00442596 0.09512628 0.10588131 0.02763596 -0.03894938 -0.05126191 -0.04942415 -0.06609445 -0.03637749 0.04938230 -0.07842406 -0.13114817 0.10762619 0.02335352 0.03246747 -0.07265110 0.01749479 0.16712771 0.02588414 -0.15626034 0.03900762 0.05374608 0.18576946 0.07657974 0.18706746 -0.09694271 -0.10070347 -0.06910664 -0.07227951 0.09150395 0.08560382 -0.16171584 -0.01740187 -0.06576747 -0.19735529 0.09631778 -0.02226953 0.13327455
0.35826117 0.26288526 0.24794790 0.51198377 0.37709016 1.00000000 0.28311523 0.33959558 0.09518506 0.34844285 0.12980516 0.20686288 0.02737147 -0.02452536 -0.02735005 0.00719824 -0.07044301 -0.05190660 0.04981022 0.02129667 -0.35986622 -0.15514072 -0.06931204 -0.06704950 -0.01951445 0.10598449 0.01607667 -0.26566448 0.00736818 -0.07936035 -0.18663875 -0.19032722 -0.06272400 -0.04379063 -0.10423179 -0.02628598 -0.06478222 -0.09362769 -0.27975693 -0.07690599 -0.02001299 0.02238705 0.00991810 -0.10230542 -0.05321105 -0.05631932 0.02486929 0.00824936 0.04190044 0.10276143 -0.10111476 0.10248259 0.15366611 0.02878598 -0.05551231 -0.09037249 -0.23842950 0.05016843 0.09906919 -0.00158621 0.00239402 -0.00374169 -0.02177881 0.16719228 -0.00221462 -0.22415172 0.19166604 -0.09109651 -0.08393948 0.06106526 -0.01329348 0.00832080 -0.05725320 -0.00914092 -0.02722743 -0.11250842 0.06335824 0.01249295
0.17603689 0.34998049 0.27349140 0.43202291 0.37531536 0.28311523 1.00000000 0.03668787 0.26980709 0.27668300 0.25806976 0.19063848 0.19894455 0.05005732 0.09784670 0.13022062 -0.20686435 -0.06941567 -0.03684428 0.11915075 0.00092768 0.07256165 0.12549837 0.01654665 0.03382337 0.08771251 -0.02746293 -0.03356253 0.01568305 0.10912014 -0.10436049 0.04999054 0.15077759 -0.05119044 0.05704700 0.08140229 -0.06370163 0.03630088 0.09384306 -0.12653515 0.09299085 0.00114480 -0.07773041 -0.01072641 -0.04653468 -0.12517649 -0.11607880 -0.07709301 -0.05625968 -0.14033285 -0.05506570 0.00024558 0.06139670 0.02413374 0.05847958 0.06434861 0.05093399 0.13300928 0.17401443 -0.03369147 0.10380735 -0.05000783 0.22625876 0.07989757 0.25329377 0.02792534 -0.08866695 -0.00295854 -0.08564217 0.04631832 0.05221656 -0.17991048 -0.06988322 -0.01910492 -0.03322130 0.02196951 0.00321952 -0.01214720
0.24490732 0.25097815 0.28896718 0.14474442 0.24343393 0.33959558 0.03668787 1.00000000 0.15480003 0.25606594 0.08780827 0.15343140 0.04146736 0.16961076 -0.04950520 -0.00095603 0.07968324 -0.01438086 -0.14657354 0.12607133 -0.31857827 0.04172108 0.06729626 0.06525862 -0.11573412 0.06390287 0.09773251 -0.05179168 0.00547786 0.03177828 -0.10496880 -0.07440316 0.11742960 0.18678642 0.17490814 -0.12131395 -0.04511857 -0.00361603 -0.12604122 0.18556967 -0.11288714 0.02548002 0.01659221 0.07143620 0.06539122 -0.13412410 0.15116901 -0.11730861 0.01577337 -0.05520573 -0.12542963 0.05285941 -0.14783715 0.03085600 -0.14280985 -0.14609020 -0.06234012 0.01552812 -0.02968724 -0.01750814 -0.08721150 -0.03715609 -0.05423717 -0.03623829 0.04113713 -0.11646211 -0.00678208 -0.05347404 -0.18478231 -0.06610375 -0.08401725 -0.08824584 -0.16616774 -0.11480887 -0.02441736 -0.05465391 -0.05294247 0.11132606
0.05828272 0.25539577 0.31458901 0.17652208 0.16596392 0.09518506 0.26980709 0.15480003 1.00000000 0.26661922 0.35211754 0.28246199 0.12285457 0.03426650 -0.09771157 -0.07270044 -0.07250605 0.00468331 -0.09346714 0.12430657 -0.08725062 0.09235790 -0.09908408 -0.08294679 -0.09482682 -0.18653944 -0.10836004 -0.05562600 0.11378826 -0.06152749 -0.07439353 -0.17632766 -0.13581035 0.00425712 0.01096957 0.01152163 0.01269929 0.04897291 -0.05739382 0.00828369 -0.04671536 0.05897491 0.11237357 -0.02565464 -0.11897759 -0.01083217 -0.21614848 -0.02294558 -0.03137724 -0.09946040 0.01090745 0.01241208 0.02197968 0.05918439 -0.11354064 0.03272043 -0.11109570 -0.11659966 -0.09488971 -0.09098712 -0.08223629 -0.13499153 -0.00998932 -0.02813684 -0.05179329 0.00890515 0.02366301 0.06481926 -0.09979777 -0.17935647 -0.01094127 0.15597565 0.04028371 -0.02012075 -0.03579786 -0.08964429 -0.00455640 0.02562279
0.17159341 0.47393984 0.31420287 0.40833204 0.34212639 0.34844285 0.27668300 0.25606594 0.26661922 1.00000000 0.25327855 0.32295026 0.15228953 0.22373043 0.05640695 -0.01580271 0.01481482 0.05288974 0.13510189 0.20559698 -0.16225851 -0.00186003 0.16594307 0.12072683 -0.01320499 0.06034254 -0.08133276 -0.05478684 -0.02205146 0.05638548 -0.06545844 -0.06873433 0.13821371 0.03292017 0.00910782 0.04909939 -0.04489898 -0.06254305 0.02721007 -0.02186193 0.08229545 -0.02131180 0.02855053 0.04096137 -0.05077290 -0.01224085 -0.09235146 -0.16690834 -0.02378347 -0.16948257 0.06186536 0.02776301 -0.04988190 0.20660327 -0.08179726 -0.13573645 -0.08380317 0.09082255 0.02897176 -0.07330630 -0.15034522 -0.13266089 0.07713514 0.08911474 0.14634217 -0.01930138 0.05803768 -0.07683209 0.07381814 -0.00126713 -0.03447917 -0.06032832 -0.00767832 -0.01013660 0.00954650 -0.05504676 0.07503494 0.01560417
0.12391507 0.25909320 0.23052689 0.06512444 0.16208577 0.12980516 0.25806976 0.08780827 0.35211754 0.25327855 1.00000000 0.38989336 0.22760945 0.03354485 -0.00192200 -0.12444232 -0.01345987 -0.02928178 -0.06144191 0.00987451 -0.09923905 0.15080154 -0.05677726 -0.06679847 0.02405315 -0.15209114 -0.19355336 0.04494428 0.09862130 0.04138410 0.01142266 -0.14637389 0.09816404 0.08288405 0.14724589 0.05430255 0.00811685 0.22407590 0.15862993 0.01105095 0.12731892 -0.04417626 0.22316442 -0.15741871 0.00550306 -0.05674824 -0.11494053 -0.21559968 -0.07718246 -0.24253361 -0.01975383 0.07857142 0.01015264 -0.01937229 0.01027995 0.06891170 0.06282917 -0.08742410 0.10358395 -0.08432946 0.05772597 -0.21039729 -0.09361169 -0.05191798 -0.04868865 -0.05548311 -0.05418118 0.05332478 -0.07110452 -0.28082175 -0.00791505 -0.10245264 -0.06833843 0.07279877 0.03731037 0.07063334 -0.01629583 -0.07053404
0.01752569 0.26718702 0.19420440 0.06858584 0.25043932 0.20686288 0.19063848 0.15343140 0.28246199 0.32295026 0.38989336 1.00000000 0.04100873 0.05365401 -0.15220320 -0.10080239 -0.12395120 0.02113316 -0.11686807 -0.05099800 -0.03201743 0.16056710 -0.11144454 -0.06952805 -0.18522320 -0.22393425 -0.14890250 -0.05428326 0.08033508 -0.02621490 0.08802372 -0.11893443 0.04955165 0.24559613 0.03597640 0.12301439 -0.00020971 0.07012567 0.05941542 0.05656404 0.09109916 -0.00696468 0.14809205 -0.19043909 -0.03979547 -0.03192943 -0.08355487 -0.09385918 -0.02960318 -0.08165618 -0.00673139 0.13761565 0.16101963 -0.01257883 -0.01285226 0.14864658 0.08293189 -0.10496738 0.10748055 0.05671467 -0.05392891 -0.13576061 -0.02984455 0.08834134 -0.05299570 -0.02130508 0.10923687 0.06427683 0.04350649 -0.16589928 0.12405380 0.12170657 -0.03623451 0.09318903 0.14698595 -0.00838762 0.24248112 0.02000422
-0.05947024 0.03601304 0.05538348 0.06909826 0.17159584 0.02737147 0.19894455 0.04146736 0.12285457 0.15228953 0.22760945 0.04100873 1.00000000 0.14857732 -0.00156404 0.13954473 -0.00311712 0.13433743 0.04608416 0.11719890 0.03054119 0.01479771 -0.12251687 0.01616355 0.06545165 -0.07160264 -0.00422002 0.00109121 0.03558459 0.07390781 0.08154341 -0.18712445 0.07363379 0.01836392 0.18608339 0.06826580 0.07172030 0.15326085 0.02596872 0.08925402 0.07420983 -0.06397686 0.18901430 -0.04140924 0.11731827 -0.03155088 -0.04091085 -0.09551682 0.04802954 -0.13891803 0.01780716 -0.07238283 -0.02891350 0.04047919 0.08608411 0.14929057 0.08183428 0.28289227 0.22209076 0.04148792 0.20816822 -0.07017777 0.15158767 -0.07900124 0.15843239 -0.06365476 -0.13625983 -0.13405497 -0.04661764 0.00338699 -0.17541372 -0.08618789 0.12341502 0.05192221 0.08250875 -0.03218132 0.03094513 -0.06737771
-0.09791691 0.03222325 -0.04944681 -0.01171640 -0.06903444 -0.02452536 0.05005732 0.16961076 0.03426650 0.22373043 0.03354485 0.05365401 0.14857732 1.00000000 0.20877277 0.28631475 0.19546440 0.26704101 0.10762519 0.22122606 -0.06685064 0.17381675 0.16091844 0.16015813 0.14701671 0.22738889 0.06875522 -0.12367674 -0.02595361 0.04282483 0.01754227 -0.02520298 -0.04963370 -0.00160807 -0.01397061 -0.04775733 -0.04666561 -0.02338578 -0.14698266 0.00578585 0.07958915 -0.00099418 -0.05705756 0.03813247 0.00984607 -0.02165128 0.06171644 -0.00848994 0.04993146 -0.17225846 -0.05741989 -0.07791775 -0.15363079 0.03796999 -0.07034014 -0.06526369 -0.09868744 0.18628159 -0.04921092 0.06612908 0.00254480 -0.00883303 -0.00983610 -0.05210936 0.07080235 -0.06198408 0.00303897 -0.10970392 -0.11954324 0.04004401 -0.09558689 -0.08999475 -0.10340262 -0.02298194 -0.00423567 -0.06113629 0.09557048 -0.09441193
0.06198268 0.13989957 0.02096370 0.12139424 -0.02417671 -0.02735005 0.09784670 -0.04950520 -0.09771157 0.05640695 -0.00192200 -0.15220320 -0.00156404 0.20877277 1.00000000 0.13960232 0.17626525 0.42941190 0.38444112 0.28234729 0.19553489 0.01081851 0.27320701 0.28502124 0.28245948 0.33463629 0.11008708 0.09527839 -0.14537214 0.02400852 -0.01457903 0.10039162 0.11053107 -0.06720132 -0.01627346 0.07373429 -0.07110336 0.02617464 0.11707419 -0.13843489 -0.01856867 0.10745420 0.00234955 0.01385496 -0.15657598 -0.06465764 0.02605107 -0.13760785 -0.10462878 -0.05169520 -0.10822370 -0.00674888 -0.14775936 0.06843938 -0.08405941 -0.09059435 -0.04214546 -0.07754032 0.03531700 -0.21290427 0.11011574 -0.14412249 -0.01556420 -0.13644963 0.01892161 0.10440780 -0.05408096 -0.08745838 0.02331240 0.14886944 -0.06072715 -0.16467122 0.17239101 0.12920260 -0.01053736 0.06434735 -0.13382943 -0.12652004
-0.07376818 0.03655931 -0.02950260 0.00988605 0.04321621 0.00719824 0.13022062 -0.00095603 -0.07270044 -0.01580271 -0.12444232 -0.10080239 0.13954473 0.28631475 0.13960232 1.00000000 0.22512716 0.12895689 0.24580252 0.15949041 0.05995761 0.30389186 0.28000862 0.26533261 0.32080919 0.39322938 0.26137093 0.21450386 -0.05078625 0.04114118 -0.11136034 0.03808831 0.06297539 -0.00286499 -0.08853272 0.11850770 -0.10509297 -0.05689301 0.03571208 0.10146402 0.00029533 0.05134082 -0.07851060 0.12356273 0.03466467 -0.15925992 0.09201515 -0.01245447 0.14558180 0.01311811 0.04404653 -0.06208003 -0.05628093 0.12665826 -0.05945366 0.08982980 -0.00860842 0.18632901 0.07237754 -0.06607718 0.07011113 0.00933297 0.21381629 -0.00933066 0.14332433 0.09314096 -0.07152729 -0.05633572 0.08282791 0.20465211 -0.05404539 -0.10070650 0.04605939 -0.06189546 0.06638386 -0.08971622 0.04350288 -0.06477730
-0.05402969 0.08121657 -0.07653799 -0.06938991 -0.02205671 -0.07044301 -0.20686435 0.07968324 -0.07250605 0.01481482 -0.01345987 -0.12395120 -0.00311712 0.19546440 0.17626525 0.22512716 1.00000000 0.14128932 0.38234758 0.07533568 0.12305099 0.27112427 0.09954300 0.18834798 0.15232198 0.17047539 0.00024753 -0.05902267 -0.04750798 0.05008447 -0.05580930 0.01908181 0.07493893 0.11102632 -0.00998228 -0.06551168 -0.03899776 -0.16133942 -0.06595645 0.06424747 0.11416803 0.12734871 0.01791173 0.06150045 0.03569474 0.02017021 0.07893491 0.04320175 0.11646839 0.00610401 0.06985062 0.11693832 -0.10583268 0.07841539 -0.04513931 -0.05750627 0.01815559 0.07861561 -0.04265739 -0.03660341 0.05863047 0.06371254 0.01961766 -0.04682386 -0.00151249 0.04487261 -0.07953045 -0.03261516 0.05004419 0.08034418 -0.09243319 -0.12398270 0.01298039 -0.02678090 0.02071294 -0.01185863 -0.07424501 -0.18307188
0.00801481 0.14687511 -0.00397047 0.01071607 -0.06771716 -0.05190660 -0.06941567 -0.01438086 0.00468331 0.05288974 -0.02928178 0.02113316 0.13433743 0.26704101 0.42941190 0.12895689 0.14128932 1.00000000 0.37066458 0.12293237 0.27518465 0.03682526 0.12219654 0.17500781 0.13536620 0.04123895 0.06768360 -0.00590792 -0.09294818 0.04872594 0.05551457 0.00707083 -0.14052517 -0.07668653 0.04416717 0.00168328 -0.03852819 0.02533081 -0.13569150 0.02652774 -0.00934326 0.23924513 0.11670057 0.04137523 -0.07433871 -0.02228842 -0.01950492 0.01946609 0.04330270 0.01358583 0.11828834 0.07273469 -0.09924361 0.00604618 -0.16199455 0.10333758 0.02033576 -0.02024438 -0.06856711 -0.10375564 0.05539661 -0.08667546 -0.12555752 -0.18953979 -0.07202740 0.04276508 0.02729758 0.01432307 -0.15000640 0.00296618 -0.10998093 -0.13317441 0.07534403 -0.08447550 0.06740205 -0.04348598 -0.15992918 -0.16225114
0.09001251 0.15613440 0.02105369 0.15240694 0.00382273 0.04981022 -0.03684428 -0.14657354 -0.09346714 0.13510189 -0.06144191 -0.11686807 0.04608416 0.10762519 0.38444112 0.24580252 0.38234758 0.37066458 1.00000000 0.15307216 0.16552449 0.17074649 0.22921504 0.17240494 0.31905621 0.21161472 0.01962716 0.00078897 -0.07067571 0.02114665 -0.00742628 0.12881949 0.07193763 0.00997600 0.00064495 0.01082405 -0.14478911 -0.16653785 -0.01406622 -0.01838622 0.04212235 0.12481128 0.05157158 0.10492132 -0.04414982 0.09380743 0.04300517 0.05124216 0.08170051 0.05638845 0.06068632 0.06730565 -0.07651907 0.12069240 0.01174871 -0.05814099 -0.12224026 0.05167055 -0.03514016 -0.21008058 0.10061145 -0.12924394 0.04918593 -0.11174095 0.04075058 0.16715397 -0.01423917 -0.09759484 -0.02978873 0.09740543 -0.10197575 -0.03344618 0.14669936 0.08746607 0.05859102 -0.07876023 -0.09586445 -0.15240239
0.07320534 0.07378948 0.19096557 0.21253021 0.10511493 0.02129667 0.11915075 0.12607133 0.12430657 0.20559698 0.00987451 -0.05099800 0.11719890 0.22122606 0.28234729 0.15949041 0.07533568 0.12293237 0.15307216 1.00000000 -0.01097711 0.12286367 0.37306834 0.31240943 0.10006330 0.21252614 0.19589135 0.20281543 -0.00534467 -0.02802418 0.09706989 0.18175508 0.22120582 0.04544497 0.01897727 0.29228900 0.09385441 0.15754538 0.21705128 0.02685998 -0.10605433 -0.12254952 -0.12323516 -0.01600410 -0.06184363 0.02239296 0.02760956 -0.05204398 -0.24790169 -0.01697717 -0.07278807 0.07996876 -0.06674435 0.19735027 0.03345666 -0.05622419 -0.06858158 0.16033782 -0.01062446 0.01868198 -0.09249460 0.03554188 0.10766021 0.06554727 0.28424356 0.08181125 -0.12241953 -0.09129181 0.01403329 0.12381957 -0.08529914 0.05434688 -0.03648614 0.03784575 -0.19017220 0.03740405 0.07580257 0.11534914
-0.32041261 0.05533392 -0.07004349 -0.12036199 -0.20632724 -0.35986622 0.00092768 -0.31857827 -0.08725062 -0.16225851 -0.09923905 -0.03201743 0.03054119 -0.06685064 0.19553489 0.05995761 0.12305099 0.27518465 0.16552449 -0.01097711 1.00000000 0.17428886 0.17635866 0.18215542 0.04115375 -0.12802771 -0.07908378 0.26046564 -0.10303859 0.03359119 0.24025694 0.20947566 0.15260573 0.07280527 -0.00510293 0.10339575 0.10342423 0.04333759 0.36390701 -0.03297465 -0.00299290 0.00377082 0.05808131 0.01178580 -0.09433040 0.04022214 -0.06576542 0.03075801 0.03256796 -0.05082647 0.04532998 0.09410525 0.00895817 -0.08822970 0.15193728 0.19745459 0.19917586 -0.04907241 -0.08428433 -0.00743045 0.05983601 -0.00707258 0.07777346 0.02078518 -0.13772070 0.18598924 -0.00340125 0.11955185 0.16971460 0.00694271 0.03492379 -0.02415770 0.18213228 0.14109623 0.22533565 0.19333144 0.03450835 0.01680496
-0.17058550 0.03280446 0.00918615 -0.12810738 -0.05871782 -0.15514072 0.07256165 0.04172108 0.09235790 -0.00186003 0.15080154 0.16056710 0.01479771 0.17381675 0.01081851 0.30389186 0.27112427 0.03682526 0.17074649 0.12286367 0.17428886 1.00000000 0.18799724 0.25406547 0.19656610 0.16010433 0.06740613 0.29386214 -0.10688906 0.25106966 0.11226199 0.11433923 0.15965764 0.11529894 0.14957366 0.08379639 0.02553954 0.15106564 0.11483787 0.10779482 0.02034946 -0.03267072 -0.09052308 -0.07981337 -0.00728239 -0.13862901 0.08892265 -0.10011049 0.08425662 -0.09426299 -0.09474805 0.08796658 -0.00945069 0.04718331 -0.09122264 0.10567952 0.01122365 -0.02894292 -0.01142474 -0.13573923 -0.11064330 0.00616302 0.14405484 -0.08671962 0.06723366 0.12602103 -0.09428029 -0.09887706 0.03825687 -0.00116324 -0.00028541 -0.10599139 -0.20832041 0.01237632 -0.04463771 -0.14712827 0.13055656 -0.14338734
-0.02535979 0.26113592 0.17342200 0.12181500 -0.01113642 -0.06931204 0.12549837 0.06729626 -0.09908408 0.16594307 -0.05677726 -0.11144454 -0.12251687 0.16091844 0.27320701 0.28000862 0.09954300 0.12219654 0.22921504 0.37306834 0.17635866 0.18799724 1.00000000 0.45659393 0.17149079 0.37501933 0.20243519 0.24625989 -0.22115423 0.23623093 -0.03600050 0.19815023 0.20666775 0.01917116 -0.05311375 0.06076676 -0.03097914 -0.02972168 0.20861839 -0.00627852 -0.07421499 -0.08933485 -0.23516184 0.15455752 -0.05156068 -0.15448405 0.00266960 -0.06427778 -0.14008860 -0.06193182 -0.07281171 0.02171344 -0.16881788 0.21105643 0.05704903 -0.22628143 0.02210498 0.07557441 -0.06126509 -0.02255339 -0.02837028 -0.00749499 0.06504640 0.07904676 0.24476859 0.14535770 -0.11317048 0.05633178 -0.02012579 0.05519399 -0.11693891 -0.13655051 -0.07278187 -0.04044249 -0.12246847 -0.02597782 -0.13832562 0.06256700
0.08336813 0.29888778 0.16289868 0.06184582 0.00067537 -0.06704950 0.01654665 0.06525862 -0.08294679 0.12072683 -0.06679847 -0.06952805 0.01616355 0.16015813 0.28502124 0.26533261 0.18834798 0.17500781 0.17240494 0.31240943 0.18215542 0.25406547 0.45659393 1.00000000 0.12547739 0.29170100 0.15140903 0.26186949 -0.19216134 0.08642657 0.08311524 0.14066477 0.08204066 0.13299641 0.02864886 0.12869957 -0.14485958 0.04500856 0.22421218 -0.05647750 -0.14241992 -0.00444660 -0.05900671 0.22750532 -0.09063095 -0.12551013 0.02060942 -0.03527561 0.04358672 -0.06328701 -0.03731078 -0.00838487 -0.10845267 0.26702479 0.01487080 -0.01210925 0.10659455 0.08117526 -0.00785179 -0.00262428 -0.06763494 0.09528616 0.04440363 -0.03975339 0.06300717 0.09689742 -0.01704176 0.05332588 0.09956595 -0.06352174 0.01466104 -0.11231118 0.07459724 0.01870808 -0.00025838 0.07727112 -0.09408660 -0.05012454
-0.01340328 -0.02730084 -0.08913076 0.01061016 0.07569668 -0.01951445 0.03382337 -0.11573412 -0.09482682 -0.01320499 0.02405315 -0.18522320 0.06545165 0.14701671 0.28245948 0.32080919 0.15232198 0.13536620 0.31905621 0.10006330 0.04115375 0.19656610 0.17149079 0.12547739 1.00000000 0.53900522 0.08852238 0.12663792 -0.00151739 0.13975472 0.01317374 0.14813283 0.30526153 -0.08199263 0.05675634 -0.03774144 -0.09298557 -0.01345700 0.00362762 -0.02664182 -0.00542742 0.08810275 -0.10689505 0.05603704 -0.01509197 -0.06943353 0.00913481 -0.08891379 0.03271643 0.00929714 -0.09403081 -0.10244165 -0.18153125 -0.07264219 -0.04059225 -0.04028940 -0.17324031 0.06431721 0.03773700 -0.24603387 0.11665106 -0.11339857 0.08114909 -0.09101809 0.08247599 0.05729767 -0.04152466 -0.12316703 0.03385160 0.10971523 -0.01955522 -0.02483505 -0.03245995 0.15521476 0.01745649 0.09104256 -0.05857570 -0.00128246
0.05444162 0.06118265 -0.01886281 0.11872044 0.16052746 0.10598449 0.08771251 0.06390287 -0.18653944 0.06034254 -0.15209114 -0.22393425 -0.07160264 0.22738889 0.33463629 0.39322938 0.17047539 0.04123895 0.21161472 0.21252614 -0.12802771 0.16010433 0.37501933 0.29170100 0.53900522 1.00000000 0.25721677 0.22182787 -0.12208747 0.23908921 -0.06269781 0.11528026 0.25735538 -0.15624936 0.04965870 -0.03243284 -0.17125696 -0.14932504 -0.07987746 -0.08228374 -0.06401010 0.04245848 -0.15583023 0.07679568 0.02897312 -0.17451435 0.06209555 -0.04162693 0.02055645 0.03253523 -0.21565676 -0.11573539 -0.27160923 0.02840235 -0.16975901 -0.20896987 -0.09523067 0.19138535 -0.01547913 -0.20097052 0.07150392 -0.03404222 0.07621701 -0.10308690 0.21927148 -0.01574956 -0.16374584 -0.17356042 0.06114873 0.22272368 -0.02984918 -0.13674496 -0.03007022 -0.01296491 -0.12583614 0.01129202 -0.04117880 -0.08726972
0.09983488 0.02622836 0.04002662 0.17126612 0.00544302 0.01607667 -0.02746293 0.09773251 -0.10836004 -0.08133276 -0.19355336 -0.14890250 -0.00422002 0.06875522 0.11008708 0.26137093 0.00024753 0.06768360 0.01962716 0.19589135 -0.07908378 0.06740613 0.20243519 0.15140903 0.08852238 0.25721677 1.00000000 0.23438805 0.13941435 0.18509460 0.07468954 0.19009354 0.00231297 0.11958933 0.12469977 0.33853151 0.10018415 0.09561745 0.11139145 0.12935197 -0.11601470 0.01285293 -0.26060131 0.12184799 0.08722644 -0.17513593 -0.01798355 0.04589879 -0.12240315 0.14016556 0.03752929 -0.00578710 0.01516044 0.25848303 0.03056926 -0.00384897 0.12365424 0.13757061 0.02681379 0.02879037 0.03056722 -0.06019602 0.12217727 0.16908856 0.22486495 0.05682467 0.03150116 -0.05411344 0.04160406 0.21973478 -0.10562094 -0.04492377 0.03800916 0.00263439 -0.10833846 0.04421558 0.06116648 0.03588709
-0.12912443 -0.00790671 -0.00914637 -0.14450634 -0.02640527 -0.26566448 -0.03356253 -0.05179168 -0.05562600 -0.05478684 0.04494428 -0.05428326 0.00109121 -0.12367674 0.09527839 0.21450386 -0.05902267 -0.00590792 0.00078897 0.20281543 0.26046564 0.29386214 0.24625989 0.26186949 0.12663792 0.22182787 0.23438805 1.00000000 -0.14771513 0.19029629 0.17534629 0.25756157 0.30255658 0.03383435 0.15145991 0.19188444 0.12077630 0.17798229 0.42419569 0.06878584 -0.04671743 -0.06641379 0.08292109 0.05103632 0.05191156 -0.16770244 0.03810703 -0.18778585 -0.03412476 -0.01213923 -0.03174339 0.03960149 -0.04904723 0.05690340 0.05539231 0.01589555 0.14622656 -0.01638135 -0.04824796 -0.13531870 -0.09996857 0.01635517 0.00425230 -0.07947507 0.11464974 0.04979748 -0.22148450 0.00176144 0.11448859 0.01589514 -0.01395636 -0.17743158 -0.08223901 0.01018225 -0.03080134 0.02548680 -0.03777251 -0.01659926
0.06923613 -0.12496116 0.08203072 0.16071199 0.01041254 0.00736818 0.01568305 0.00547786 0.11378826 -0.02205146 0.09862130 0.08033508 0.03558459 -0.02595361 -0.14537214 -0.05078625 -0.04750798 -0.09294818 -0.07067571 -0.00534467 -0.10303859 -0.10688906 -0.22115423 -0.19216134 -0.00151739 -0.12208747 0.13941435 -0.14771513 1.00000000 -0.08341604 0.01013525 0.17415829 0.06441672 0.30544852 0.21066790 0.24969770 0.23583226 0.18687356 0.16886600 0.00408388 -0.12858216 -0.10746047 -0.06805182 -0.18834808 -0.05221077 0.13858708 -0.13893787 0.03862426 -0.19469324 0.03366975 -0.06707992 0.07711424 0.14838504 -0.04820748 -0.04400393 0.15137909 -0.05263750 -0.00110194 0.10370740 -0.03070015 -0.02858575 -0.13723892 -0.11614634 0.10772864 -0.05819460 -0.06086196 0.11922605 -0.07029611 0.02303808 -0.08480603 0.04060834 0.12968053 0.04983312 0.08148109 -0.01387435 0.05238421 0.01218696 -0.06640325
-0.01180838 0.08860133 0.12835404 0.01256953 0.18634032 -0.07936035 0.10912014 0.03177828 -0.06152749 0.05638548 0.04138410 -0.02621490 0.07390781 0.04282483 0.02400852 0.04114118 0.05008447 0.04872594 0.02114665 -0.02802418 0.03359119 0.25106966 0.23623093 0.08642657 0.13975472 0.23908921 0.18509460 0.19029629 -0.08341604 1.00000000 0.18016687 0.08398124 0.26444929 0.07153243 0.31268158 0.08519861 -0.00595724 0.12437952 0.00145436 -0.12058454 -0.01162376 -0.09436975 -0.13727313 -0.04659813 -0.01471918 -0.21470742 -0.04777214 -0.16211396 -0.05879982 -0.11648584 -0.13706962 -0.07414160 -0.30281806 -0.00697152 -0.05667271 -0.11229004 -0.01917037 -0.05329223 -0.07795058 -0.17143421 -0.08417617 -0.09440879 0.06918874 -0.12249347 0.09876789 -0.07319744 -0.22378123 -0.06265244 -0.04072224 0.07466972 -0.06782669 -0.14188821 -0.08993757 -0.04542407 -0.06262775 0.00595555 0.06661098 -0.09757300
-0.25915177 -0.20873660 -0.14612704 -0.15449994 0.08607777 -0.18663875 -0.10436049 -0.10496880 -0.07439353 -0.06545844 0.01142266 0.08802372 0.08154341 0.01754227 -0.01457903 -0.11136034 -0.05580930 0.05551457 -0.00742628 0.09706989 0.24025694 0.11226199 -0.03600050 0.08311524 0.01317374 -0.06269781 0.07468954 0.17534629 0.01013525 0.18016687 1.00000000 0.31476231 0.17259814 0.09810771 0.12092159 0.18799532 0.27510561 0.20056410 0.09168244 0.01039327 -0.04473936 -0.02649447 0.05846862 0.05979440 0.01130126 0.06353886 0.05115154 0.00688553 -0.02056795 0.02714456 -0.15110902 -0.02465904 -0.02203365 -0.11657336 0.14613323 0.11685907 0.05853258 0.05882157 -0.04364967 -0.03019911 0.00377553 0.05412244 0.04705577 -0.05694479 -0.01756806 -0.00691892 -0.09059820 -0.04318721 -0.04560365 -0.05487439 0.19109799 -0.01913022 0.02037415 0.02640709 -0.03607281 0.10932413 0.17968876 0.09044916
-0.01987335 -0.06786922 -0.04139980 0.04519576 -0.00715710 -0.19032722 0.04999054 -0.07440316 -0.17632766 -0.06873433 -0.14637389 -0.11893443 -0.18712445 -0.02520298 0.10039162 0.03808831 0.01908181 0.00707083 0.12881949 0.18175508 0.20947566 0.11433923 0.19815023 0.14066477 0.14813283 0.11528026 0.19009354 0.25756157 0.17415829 0.08398124 0.31476231 1.00000000 0.19789565 0.09728102 0.18658154 0.16473499 0.21329285 0.07958674 0.42812036 -0.00592622 -0.14921266 -0.07513854 -0.18986151 -0.01670655 -0.11287070 0.04433206 0.11318782 0.00607043 -0.15548252 -0.12277090 -0.29275379 0.03708238 -0.00112710 -0.04010309 0.06450819 0.08068429 -0.08249179 0.08421421 -0.11792282 -0.05440079 0.02803048 -0.01075589 0.04399643 0.04733721 0.00832285 0.03647686 -0.14949695 -0.11971238 -0.02845349 0.05245385 0.02338583 -0.08031325 -0.15915845 -0.05196237 -0.06021825 0.06927725 -0.06292821 0.10059146
-0.02766180 0.10790143 0.14677063 0.11292642 0.17417314 -0.06272400 0.15077759 0.11742960 -0.13581035 0.13821371 0.09816404 0.04955165 0.07363379 -0.04963370 0.11053107 0.06297539 0.07493893 -0.14052517 0.07193763 0.22120582 0.15260573 0.15965764 0.20666775 0.08204066 0.30526153 0.25735538 0.00231297 0.30255658 0.06441672 0.26444929 0.17259814 0.19789565 1.00000000 0.15758488 0.26872637 0.00677993 0.05011009 0.10316658 0.23407035 0.02188099 0.01830822 -0.08639365 -0.01011909 0.02398949 0.07172244 -0.06177375 -0.01690053 -0.29129761 -0.05605503 -0.03948499 -0.07941639 0.00140404 -0.17461857 -0.00442013 0.07300455 -0.08623252 -0.00066092 0.03985950 0.04017609 -0.06243062 0.03896987 -0.12265254 0.11692840 -0.01106086 0.17615163 0.07993810 -0.14786028 -0.04334206 0.06590385 0.07524011 -0.01822133 -0.06917965 -0.16915671 0.14365183 -0.02874078 0.13722366 0.04902879 0.05925281
-0.01878995 0.04707012 0.17847156 -0.02749395 -0.04003393 -0.04379063 -0.05119044 0.18678642 0.00425712 0.03292017 0.08288405 0.24559613 0.01836392 -0.00160807 -0.06720132 -0.00286499 0.11102632 -0.07668653 0.00997600 0.04544497 0.07280527 0.11529894 0.01917116 0.13299641 -0.08199263 -0.15624936 0.11958933 0.03383435 0.30544852 0.07153243 0.09810771 0.09728102 0.15758488 1.00000000 0.14315932 0.36860593 0.20797769 0.07524806 0.24917034 -0.00649174 -0.16104390 -0.16810993 -0.13046620 -0.14240567 -0.02224440 -0.02851332 -0.03953800 -0.10474077 -0.17566606 -0.10577900 -0.03728896 0.06183002 0.12120881 0.01973767 0.07106248 0.07049947 0.06892847 -0.02082869 0.09580885 0.00268600 -0.09868941 -0.02078677 -0.08947088 0.10084004 -0.05657091 0.19414638 0.16321126 0.15147040 0.13377213 -0.04713428 0.09751900 0.09452031 0.14332753 0.24977885 0.19376828 0.25373321 0.16989825 0.09820211
0.08418815 -0.03721279 0.06339878 0.03390457 0.09704848 -0.10423179 0.05704700 0.17490814 0.01096957 0.00910782 0.14724589 0.03597640 0.18608339 -0.01397061 -0.01627346 -0.08853272 -0.00998228 0.04416717 0.00064495 0.01897727 -0.00510293 0.14957366 -0.05311375 0.02864886 0.05675634 0.04965870 0.12469977 0.15145991 0.21066790 0.31268158 0.12092159 0.18658154 0.26872637 0.14315932 1.00000000 0.17782591 0.12496857 0.16446769 0.22502226 0.14562175 0.07210616 -0.02220702 0.06842092 -0.01352111 0.14369592 -0.08236009 -0.06044446 0.01271701 -0.01712377 0.01399321 -0.03565637 -0.04634956 -0.16287349 -0.11879794 0.00262157 -0.03171609 0.08843266 0.04244022 -0.03892384 -0.04535221 0.01301279 -0.26053786 -0.07451844 -0.18146799 -0.03292512 -0.00059749 -0.08167908 -0.10052803 -0.02769617 -0.14198020 -0.15564565 -0.16268514 -0.09358703 -0.00731968 -0.07864507 -0.00022698 0.02865240 -0.05795303
0.02515012 0.02752770 0.13651749 0.12792617 0.10527935 -0.02628598 0.08140229 -0.12131395 0.01152163 0.04909939 0.05430255 0.12301439 0.06826580 -0.04775733 0.07373429 0.11850770 -0.06551168 0.00168328 0.01082405 0.29228900 0.10339575 0.08379639 0.06076676 0.12869957 -0.03774144 -0.03243284 0.33853151 0.19188444 0.24969770 0.08519861 0.18799532 0.16473499 0.00677993 0.36860593 0.17782591 1.00000000 0.27341947 0.23935496 0.43501307 -0.01420261 -0.15366946 -0.18271882 -0.09912816 -0.11849669 -0.10038507 -0.03481162 -0.17012271 -0.01774310 -0.25868882 -0.02612969 0.02826615 0.04610754 0.13810046 0.19007072 -0.03315886 0.10206081 0.21619719 0.09005510 0.08491286 -0.10224916 -0.14421672 -0.13450546 0.04640142 0.19815701 0.08445950 0.12591127 -0.03420424 0.07198927 0.18496034 -0.02736365 -0.03509305 0.02630916 0.12912987 0.04776268 -0.02383572 0.13992799 0.13039075 0.05194066
-0.07266015 -0.14135470 0.04848137 0.06160342 -0.08248431 -0.06478222 -0.06370163 -0.04511857 0.01269929 -0.04489898 0.00811685 -0.00020971 0.07172030 -0.04666561 -0.07110336 -0.10509297 -0.03899776 -0.03852819 -0.14478911 0.09385441 0.10342423 0.02553954 -0.03097914 -0.14485958 -0.09298557 -0.17125696 0.10018415 0.12077630 0.23583226 -0.00595724 0.27510561 0.21329285 0.05011009 0.20797769 0.12496857 0.27341947 1.00000000 0.11385004 0.22397173 0.02188280 -0.17085054 -0.15800327 -0.08898810 -0.09346378 -0.00379459 0.09200558 0.00406985 0.05989214 -0.22682770 -0.04412458 -0.12149286 0.09459492 0.21922685 -0.14611858 0.05803720 0.10399627 -0.03267279 -0.04000178 0.05788014 0.11397464 -0.12782631 0.00029392 -0.01988869 0.13919768 -0.08712283 -0.03708195 -0.08330497 -0.10873961 -0.08118784 -0.08724217 -0.02467702 0.03040788 -0.11453437 -0.11141441 -0.08559031 -0.10178650 0.04204822 0.04687853
-0.11507305 -0.16675981 -0.03657986 -0.09536268 0.02069343 -0.09362769 0.03630088 -0.00361603 0.04897291 -0.06254305 0.22407590 0.07012567 0.15326085 -0.02338578 0.02617464 -0.05689301 -0.16133942 0.02533081 -0.16653785 0.15754538 0.04333759 0.15106564 -0.02972168 0.04500856 -0.01345700 -0.14932504 0.09561745 0.17798229 0.18687356 0.12437952 0.20056410 0.07958674 0.10316658 0.07524806 0.16446769 0.23935496 0.11385004 1.00000000 0.27671009 0.18134995 -0.02421664 0.02842904 -0.01060432 -0.05455691 0.01889892 -0.11714883 0.08715932 -0.06709581 -0.02046849 -0.02525537 0.01116799 0.06903166 -0.07843863 -0.06495503 0.06677357 0.19452987 0.09861620 0.02425650 0.09398904 0.09181459 0.00845065 0.01886454 -0.04487641 0.00622419 0.06929748 -0.26020585 -0.06550127 -0.00057832 0.01424122 -0.15962750 0.04852457 -0.01517752 -0.03640695 -0.01333158 -0.06247927 -0.01696612 0.04236537 -0.04079642
0.00904505 0.02070725 0.10943499 0.01005131 -0.07251656 -0.27975693 0.09384306 -0.12604122 -0.05739382 0.02721007 0.15862993 0.05941542 0.02596872 -0.14698266 0.11707419 0.03571208 -0.06595645 -0.13569150 -0.01406622 0.21705128 0.36390701 0.11483787 0.20861839 0.22421218 0.00362762 -0.07987746 0.11139145 0.42419569 0.16886600 0.00145436 0.09168244 0.42812036 0.23407035 0.24917034 0.22502226 0.43501307 0.22397173 0.27671009 1.00000000 0.04570424 -0.01759005 -0.19341153 -0.02414131 -0.10315909 -0.06585034 0.00032816 -0.02483929 -0.09023780 -0.21981006 -0.09211184 0.05567934 0.15867627 0.06614394 0.06171279 0.14775803 0.12096488 0.16121304 0.01707971 0.04370070 0.00949488 -0.08410627 -0.10321210 0.06924620 0.14765534 0.05975373 0.15762410 -0.13462600 0.08866950 0.16930237 -0.15000809 -0.02840998 -0.01841302 0.08585964 0.07648931 0.08767139 0.20317646 -0.03311877 0.11187053
-0.15539732 -0.03992856 -0.17097478 -0.17892130 -0.04429373 -0.07690599 -0.12653515 0.18556967 0.00828369 -0.02186193 0.01105095 0.05656404 0.08925402 0.00578585 -0.13843489 0.10146402 0.06424747 0.02652774 -0.01838622 0.02685998 -0.03297465 0.10779482 -0.00627852 -0.05647750 -0.02664182 -0.08228374 0.12935197 0.06878584 0.00408388 -0.12058454 0.01039327 -0.00592622 0.02188099 -0.00649174 0.14562175 -0.01420261 0.02188280 0.18134995 0.04570424 1.00000000 0.22760037 0.26074484 0.14085339 0.30503655 0.42592832 0.16659011 0.31921652 0.20322602 0.26234186 0.27477076 0.24098369 0.19027643 -0.11885403 0.01979416 -0.00494952 -0.03763267 0.07128814 0.01581502 -0.01448640 0.17850362 0.13697897 -0.07708916 -0.04170470 -0.00237168 0.02771684 0.00000871 -0.07323105 -0.07078051 -0.06499867 -0.08183765 -0.03351981 -0.07138152 -0.04979663 -0.08238685 -0.00851357 -0.12171043 0.09423954 0.05880809
-0.17565793 -0.16793970 -0.16795258 -0.13206481 0.00442596 -0.02001299 0.09299085 -0.11288714 -0.04671536 0.08229545 0.12731892 0.09109916 0.07420983 0.07958915 -0.01856867 0.00029533 0.11416803 -0.00934326 0.04212235 -0.10605433 -0.00299290 0.02034946 -0.07421499 -0.14241992 -0.00542742 -0.06401010 -0.11601470 -0.04671743 -0.12858216 -0.01162376 -0.04473936 -0.14921266 0.01830822 -0.16104390 0.07210616 -0.15366946 -0.17085054 -0.02421664 -0.01759005 0.22760037 1.00000000 0.15739597 0.26747025 0.03030242 0.27962659 0.11049363 0.28697299 0.04156166 0.20257589 0.22770175 0.28790703 0.16101996 -0.06080881 -0.08814838 0.04521395 -0.01857708 0.06022493 -0.04430129 0.07336924 -0.00492180 0.11161074 -0.12433186 -0.12672605 -0.18276626 0.11692359 0.04994254 -0.11287617 0.03888562 0.09079775 -0.02435924 0.04768051 -0.13880948 0.00988557 0.02870251 0.12774355 0.01872539 0.14663866 -0.02010539
-0.07422968 -0.06356323 -0.08063683 -0.04008037 0.09512628 0.02238705 0.00114480 0.02548002 0.05897491 -0.02131180 -0.04417626 -0.00696468 -0.06397686 -0.00099418 0.10745420 0.05134082 0.12734871 0.23924513 0.12481128 -0.12254952 0.00377082 -0.03267072 -0.08933485 -0.00444660 0.08810275 0.04245848 0.01285293 -0.06641379 -0.10746047 -0.09436975 -0.02649447 -0.07513854 -0.08639365 -0.16810993 -0.02220702 -0.18271882 -0.15800327 0.02842904 -0.19341153 0.26074484 0.15739597 1.00000000 0.20075518 0.27948723 0.11785268 0.14633434 0.13270888 0.26959238 0.32214536 0.26940778 0.34690831 0.09376022 -0.08752218 -0.00041950 -0.01168239 0.13260532 0.08121099 0.04453125 -0.05557270 0.05097074 0.26685355 -0.04939838 -0.07991839 -0.16942251 -0.06830259 -0.03764733 0.02816078 -0.03438964 -0.00792393 0.06725451 0.04163736 -0.10471415 0.07720671 -0.18071721 -0.06267922 -0.14835648 -0.10362965 -0.01655819
0.03417206 0.01058921 -0.02345767 -0.24033830 0.10588131 0.00991810 -0.07773041 0.01659221 0.11237357 0.02855053 0.22316442 0.14809205 0.18901430 -0.05705756 0.00234955 -0.07851060 0.01791173 0.11670057 0.05157158 -0.12323516 0.05808131 -0.09052308 -0.23516184 -0.05900671 -0.10689505 -0.15583023 -0.26060131 0.08292109 -0.06805182 -0.13727313 0.05846862 -0.18986151 -0.01011909 -0.13046620 0.06842092 -0.09912816 -0.08898810 -0.01060432 -0.02414131 0.14085339 0.26747025 0.20075518 1.00000000 0.09299843 0.09038296 0.19472861 0.04717804 0.10959440 0.26092365 0.08697752 0.08294685 0.13630075 0.00256197 -0.13420679 0.02546246 0.03490725 0.14919936 0.00506256 -0.01357698 -0.08946418 0.10848512 -0.09944055 -0.20191427 -0.30658742 -0.09298082 0.03750897 -0.01102529 0.13270197 -0.06473154 -0.17076106 -0.00343237 -0.06402732 0.11705257 0.02236850 0.19654743 0.04299877 0.04137733 -0.08551723
-0.02833434 0.11594215 -0.06695317 0.09137196 0.02763596 -0.10230542 -0.01072641 0.07143620 -0.02565464 0.04096137 -0.15741871 -0.19043909 -0.04140924 0.03813247 0.01385496 0.12356273 0.06150045 0.04137523 0.10492132 -0.01600410 0.01178580 -0.07981337 0.15455752 0.22750532 0.05603704 0.07679568 0.12184799 0.05103632 -0.18834808 -0.04659813 0.05979440 -0.01670655 0.02398949 -0.14240567 -0.01352111 -0.11849669 -0.09346378 -0.05455691 -0.10315909 0.30503655 0.03030242 0.27948723 0.09299843 1.00000000 0.32083606 0.10446306 0.16474867 0.22581068 0.30608438 0.18489013 0.31959922 0.00986706 -0.12476464 0.04158113 0.17435946 -0.15302338 0.16497025 0.13004654 -0.04860110 0.12334815 0.15592616 0.11657905 0.16266865 -0.07766420 0.12434291 0.04919220 0.05179387 -0.10728699 -0.12632043 -0.00672613 0.06281660 -0.08255257 0.10911068 -0.07126141 -0.08422535 0.06633127 -0.03711116 0.15710082
-0.10404827 -0.08169760 -0.17442621 -0.09216569 -0.03894938 -0.05321105 -0.04653468 0.06539122 -0.11897759 -0.05077290 0.00550306 -0.03979547 0.11731827 0.00984607 -0.15657598 0.03466467 0.03569474 -0.07433871 -0.04414982 -0.06184363 -0.09433040 -0.00728239 -0.05156068 -0.09063095 -0.01509197 0.02897312 0.08722644 0.05191156 -0.05221077 -0.01471918 0.01130126 -0.11287070 0.07172244 -0.02224440 0.14369592 -0.10038507 -0.00379459 0.01889892 -0.06585034 0.42592832 0.27962659 0.11785268 0.09038296 0.32083606 1.00000000 0.12969001 0.17386067 0.21569037 0.14859840 0.34314534 0.32166659 0.13927071 -0.11784196 -0.09975595 0.16625700 -0.15068496 0.03546096 0.09185851 -0.06135760 0.12531916 0.09025427 -0.09892612 -0.13351375 -0.08807647 0.02757711 -0.09856639 -0.16163847 -0.17480000 -0.11519343 0.00752462 -0.06701807 0.03870943 -0.10252626 0.01328375 -0.04965949 -0.01648934 0.18207560 -0.00516818
-0.21959909 -0.18326757 -0.08277193 0.03019966 -0.05126191 -0.05631932 -0.12517649 -0.13412410 -0.01083217 -0.01224085 -0.05674824 -0.03192943 -0.03155088 -0.02165128 -0.06465764 -0.15925992 0.02017021 -0.02228842 0.09380743 0.02239296 0.04022214 -0.13862901 -0.15448405 -0.12551013 -0.06943353 -0.17451435 -0.17513593 -0.16770244 0.13858708 -0.21470742 0.06353886 0.04433206 -0.06177375 -0.02851332 -0.08236009 -0.03481162 0.09200558 -0.11714883 0.00032816 0.16659011 0.11049363 0.14633434 0.19472861 0.10446306 0.12969001 1.00000000 0.11230770 0.43920537 0.09112058 0.28580548 0.21471129 0.21053257 0.10141573 -0.17757465 0.03534967 0.13281946 -0.08145323 0.04016449 -0.05419641 0.05242661 0.05073935 -0.02548918 -0.11822691 -0.09750581 -0.09438813 0.04920014 0.01617200 -0.07890058 -0.05253203 0.00077393 0.09746387 0.05973349 0.02172583 0.01983269 0.03412081 -0.00158622 0.06061432 0.08005821
-0.11839539 -0.13332656 -0.10569234 -0.19514625 -0.04942415 0.02486929 -0.11607880 0.15116901 -0.21614848 -0.09235146 -0.11494053 -0.08355487 -0.04091085 0.06171644 0.02605107 0.09201515 0.07893491 -0.01950492 0.04300517 0.02760956 -0.06576542 0.08892265 0.00266960 0.02060942 0.00913481 0.06209555 -0.01798355 0.03810703 -0.13893787 -0.04777214 0.05115154 0.11318782 -0.01690053 -0.03953800 -0.06044446 -0.17012271 0.00406985 0.08715932 -0.02483929 0.31921652 0.28697299 0.13270888 0.04717804 0.16474867 0.17386067 0.11230770 1.00000000 0.08664210 0.34986593 0.04644301 -0.02155151 0.18688084 -0.05080690 -0.16989310 0.05067579 0.03081514 -0.06888520 0.04312992 0.05942248 0.05480278 0.11528706 0.14415132 -0.06008814 -0.14512966 -0.05727391 -0.10236599 -0.21492324 -0.15222898 -0.18816978 -0.15643530 0.00801680 -0.24706657 -0.10120160 -0.16930008 -0.00965749 -0.04732744 0.00548599 -0.06797985
-0.04339202 -0.20763636 -0.14006066 -0.03412937 -0.06609445 0.00824936 -0.07709301 -0.11730861 -0.02294558 -0.16690834 -0.21559968 -0.09385918 -0.09551682 -0.00848994 -0.13760785 -0.01245447 0.04320175 0.01946609 0.05124216 -0.05204398 0.03075801 -0.10011049 -0.06427778 -0.03527561 -0.08891379 -0.04162693 0.04589879 -0.18778585 0.03862426 -0.16211396 0.00688553 0.00607043 -0.29129761 -0.10474077 0.01271701 -0.01774310 0.05989214 -0.06709581 -0.09023780 0.20322602 0.04156166 0.26959238 0.10959440 0.22581068 0.21569037 0.43920537 0.08664210 1.00000000 0.25137101 0.38076052 0.21550431 0.11095548 0.12321957 -0.04721222 0.04501704 0.02931826 -0.00094944 0.12163159 -0.06564166 0.04569846 -0.05362884 0.01381451 -0.19558169 0.02117446 -0.03877031 -0.08124138 0.01295903 -0.03021030 -0.16418880 0.00275317 -0.01112529 0.06704760 0.10151428 -0.13907108 -0.09616938 -0.07058621 0.03112809 0.00413911
-0.06648918 -0.00424310 -0.18712531 -0.14156353 -0.03637749 0.04190044 -0.05625968 0.01577337 -0.03137724 -0.02378347 -0.07718246 -0.02960318 0.04802954 0.04993146 -0.10462878 0.14558180 0.11646839 0.04330270 0.08170051 -0.24790169 0.03256796 0.08425662 -0.14008860 0.04358672 0.03271643 0.02055645 -0.12240315 -0.03412476 -0.19469324 -0.05879982 -0.02056795 -0.15548252 -0.05605503 -0.17566606 -0.01712377 -0.25868882 -0.22682770 -0.02046849 -0.21981006 0.26234186 0.20257589 0.32214536 0.26092365 0.30608438 0.14859840 0.09112058 0.34986593 0.25137101 1.00000000 0.15392321 0.17661981 0.07783128 -0.01973575 -0.10607314 0.15362848 0.01148355 0.03527721 0.07640632 -0.11088287 0.09205581 0.18715977 0.01778348 -0.01544366 -0.09830426 -0.12313943 -0.07323916 0.04269478 0.03343533 -0.15861845 -0.10590046 0.06070986 -0.12084131 0.04840829 -0.04527925 0.09879113 0.01352363 0.04796887 -0.08310460
-0.04099090 -0.16596024 -0.17541124 -0.02304576 0.04938230 0.10276143 -0.14033285 -0.05520573 -0.09946040 -0.16948257 -0.24253361 -0.08165618 -0.13891803 -0.17225846 -0.05169520 0.01311811 0.00610401 0.01358583 0.05638845 -0.01697717 -0.05082647 -0.09426299 -0.06193182 -0.06328701 0.00929714 0.03253523 0.14016556 -0.01213923 0.03366975 -0.11648584 0.02714456 -0.12277090 -0.03948499 -0.10577900 0.01399321 -0.02612969 -0.04412458 -0.02525537 -0.09211184 0.27477076 0.22770175 0.26940778 0.08697752 0.18489013 0.34314534 0.28580548 0.04644301 0.38076052 0.15392321 1.00000000 0.31427500 0.15016752 0.05432609 -0.08935734 0.06614033 -0.03404236 -0.03344720 -0.02623861 0.01169277 0.04688389 0.04727245 0.02659164 -0.18386344 -0.01196549 0.02106703 -0.03299243 0.00228930 0.03690450 -0.06324292 0.07189457 0.08726216 0.14111596 0.09876898 -0.07999629 -0.15268625 -0.13406993 0.04464217 0.06173187
-0.03177693 -0.04718589 -0.07717422 0.00842891 -0.07842406 -0.10111476 -0.05506570 -0.12542963 0.01090745 0.06186536 -0.01975383 -0.00673139 0.01780716 -0.05741989 -0.10822370 0.04404653 0.06985062 0.11828834 0.06068632 -0.07278807 0.04532998 -0.09474805 -0.07281171 -0.03731078 -0.09403081 -0.21565676 0.03752929 -0.03174339 -0.06707992 -0.13706962 -0.15110902 -0.29275379 -0.07941639 -0.03728896 -0.03565637 0.02826615 -0.12149286 0.01116799 0.05567934 0.24098369 0.28790703 0.34690831 0.08294685 0.31959922 0.32166659 0.21471129 -0.02155151 0.21550431 0.17661981 0.31427500 1.00000000 0.12583708 0.07144230 0.11038563 0.18422904 0.05022394 0.18268499 0.10613273 0.07519936 0.24000924 0.19639450 -0.03253575 0.04997883 0.06246235 0.11256322 0.14643210 0.16334064 0.07564113 0.09383666 0.04582378 0.02064188 0.07774680 0.12243752 0.00754130 0.05065650 0.01252145 -0.00903910 0.02031089
0.09580340 0.11673235 0.05198789 0.07577724 -0.13114817 0.10248259 0.00024558 0.05285941 0.01241208 0.02776301 0.07857142 0.13761565 -0.07238283 -0.07791775 -0.00674888 -0.06208003 0.11693832 0.07273469 0.06730565 0.07996876 0.09410525 0.08796658 0.02171344 -0.00838487 -0.10244165 -0.11573539 -0.00578710 0.03960149 0.07711424 -0.07414160 -0.02465904 0.03708238 0.00140404 0.06183002 -0.04634956 0.04610754 0.09459492 0.06903166 0.15867627 0.19027643 0.16101996 0.09376022 0.13630075 0.00986706 0.13927071 0.21053257 0.18688084 0.11095548 0.07783128 0.15016752 0.12583708 1.00000000 0.11149337 -0.04111238 -0.05084323 0.02711250 -0.03436679 -0.04200815 0.00358701 -0.00020876 -0.16078215 -0.06479886 -0.00310636 0.10712610 0.01126788 -0.01542196 0.08855898 -0.09343405 0.14017412 0.06821750 0.04255135 0.07385864 -0.03547484 -0.08380006 0.07420647 -0.06885816 0.05472174 -0.13266145
0.12471301 -0.07401833 0.05783042 0.10180152 0.10762619 0.15366611 0.06139670 -0.14783715 0.02197968 -0.04988190 0.01015264 0.16101963 -0.02891350 -0.15363079 -0.14775936 -0.05628093 -0.10583268 -0.09924361 -0.07651907 -0.06674435 0.00895817 -0.00945069 -0.16881788 -0.10845267 -0.18153125 -0.27160923 0.01516044 -0.04904723 0.14838504 -0.30281806 -0.02203365 -0.00112710 -0.17461857 0.12120881 -0.16287349 0.13810046 0.21922685 -0.07843863 0.06614394 -0.11885403 -0.06080881 -0.08752218 0.00256197 -0.12476464 -0.11784196 0.10141573 -0.05080690 0.12321957 -0.01973575 0.05432609 0.07144230 0.11149337 1.00000000 0.08821214 0.20571535 0.27024844 0.11640135 0.16123923 0.15808083 0.16652704 0.09450700 0.33229475 0.07980413 0.28689825 0.03583756 0.12059393 0.21517425 -0.00266543 0.05063501 0.09687125 0.14150535 -0.00995863 -0.10743733 -0.01006135 -0.02953105 -0.01740973 0.05891889 0.02642926
0.11555051 0.22639621 0.14963134 0.11988785 0.02335352 0.02878598 0.02413374 0.03085600 0.05918439 0.20660327 -0.01937229 -0.01257883 0.04047919 0.03796999 0.06843938 0.12665826 0.07841539 0.00604618 0.12069240 0.19735027 -0.08822970 0.04718331 0.21105643 0.26702479 -0.07264219 0.02840235 0.25848303 0.05690340 -0.04820748 -0.00697152 -0.11657336 -0.04010309 -0.00442013 0.01973767 -0.11879794 0.19007072 -0.14611858 -0.06495503 0.06171279 0.01979416 -0.08814838 -0.00041950 -0.13420679 0.04158113 -0.09975595 -0.17757465 -0.16989310 -0.04721222 -0.10607314 -0.08935734 0.11038563 -0.04111238 0.08821214 1.00000000 -0.03871763 0.09164554 0.11529567 0.13223728 0.07104338 0.05602496 -0.12437922 0.08685368 0.17174098 0.30291284 0.26445454 0.22917626 0.14275242 0.08462789 0.18603536 0.16792659 -0.04115374 0.05863431 0.01035203 0.05140369 0.00236827 -0.09570237 -0.05440105 0.05688085
0.05751045 -0.05903632 -0.01007741 0.12276763 0.03246747 -0.05551231 0.05847958 -0.14280985 -0.11354064 -0.08179726 0.01027995 -0.01285226 0.08608411 -0.07034014 -0.08405941 -0.05945366 -0.04513931 -0.16199455 0.01174871 0.03345666 0.15193728 -0.09122264 0.05704903 0.01487080 -0.04059225 -0.16975901 0.03056926 0.05539231 -0.04400393 -0.05667271 0.14613323 0.06450819 0.07300455 0.07106248 0.00262157 -0.03315886 0.05803720 0.06677357 0.14775803 -0.00494952 0.04521395 -0.01168239 0.02546246 0.17435946 0.16625700 0.03534967 0.05067579 0.04501704 0.15362848 0.06614033 0.18422904 -0.05084323 0.20571535 -0.03871763 1.00000000 0.14850197 0.22620444 0.10837600 0.11150992 0.31632836 0.33938795 0.12274448 0.13591045 0.23624998 0.13048906 0.14609413 0.01589677 -0.00439662 -0.06253133 -0.10118862 0.08162640 0.05754060 0.11930774 0.21773563 0.02808470 0.18387938 0.04493061 0.08847247
-0.16911454 -0.12435309 -0.14450118 -0.05050708 -0.07265110 -0.09037249 0.06434861 -0.14609020 0.03272043 -0.13573645 0.06891170 0.14864658 0.14929057 -0.06526369 -0.09059435 0.08982980 -0.05750627 0.10333758 -0.05814099 -0.05622419 0.19745459 0.10567952 -0.22628143 -0.01210925 -0.04028940 -0.20896987 -0.00384897 0.01589555 0.15137909 -0.11229004 0.11685907 0.08068429 -0.08623252 0.07049947 -0.03171609 0.10206081 0.10399627 0.19452987 0.12096488 -0.03763267 -0.01857708 0.13260532 0.03490725 -0.15302338 -0.15068496 0.13281946 0.03081514 0.02931826 0.01148355 -0.03404236 0.05022394 0.02711250 0.27024844 0.09164554 0.14850197 1.00000000 0.22212322 0.17925981 0.29786587 0.23925963 0.24292251 0.14850184 0.10306192 0.03570363 -0.00762968 0.12032900 0.03827049 0.10365455 0.15721418 0.02429219 0.15588403 0.03743996 0.09840390 -0.04149454 0.20778567 -0.00583724 0.02983946 -0.02511083
-0.01314382 0.00578239 0.01504552 -0.06291854 0.01749479 -0.23842950 0.05093399 -0.06234012 -0.11109570 -0.08380317 0.06282917 0.08293189 0.08183428 -0.09868744 -0.04214546 -0.00860842 0.01815559 0.02033576 -0.12224026 -0.06858158 0.19917586 0.01122365 0.02210498 0.10659455 -0.17324031 -0.09523067 0.12365424 0.14622656 -0.05263750 -0.01917037 0.05853258 -0.08249179 -0.00066092 0.06892847 0.08843266 0.21619719 -0.03267279 0.09861620 0.16121304 0.07128814 0.06022493 0.08121099 0.14919936 0.16497025 0.03546096 -0.08145323 -0.06888520 -0.00094944 0.03527721 -0.03344720 0.18268499 -0.03436679 0.11640135 0.11529567 0.22620444 0.22212322 1.00000000 0.16700414 0.21284605 0.12295030 0.24648512 0.01554112 0.07668426 0.04612885 0.12885303 0.06680815 0.03198400 0.17395526 0.16532404 -0.12782940 0.05662348 -0.11865966 0.19571308 -0.04586633 0.06943730 0.10674244 0.01781697 -0.00188427
-0.00517611 -0.06775702 -0.01336573 0.05781589 0.16712771 0.05016843 0.13300928 0.01552812 -0.11659966 0.09082255 -0.08742410 -0.10496738 0.28289227 0.18628159 -0.07754032 0.18632901 0.07861561 -0.02024438 0.05167055 0.16033782 -0.04907241 -0.02894292 0.07557441 0.08117526 0.06431721 0.19138535 0.13757061 -0.01638135 -0.00110194 -0.05329223 0.05882157 0.08421421 0.03985950 -0.02082869 0.04244022 0.09005510 -0.04000178 0.02425650 0.01707971 0.01581502 -0.04430129 0.04453125 0.00506256 0.13004654 0.09185851 0.04016449 0.04312992 0.12163159 0.07640632 -0.02623861 0.10613273 -0.04200815 0.16123923 0.13223728 0.10837600 0.17925981 0.16700414 1.00000000 0.09889158 0.18423448 0.29339328 0.17930758 0.19714105 0.13255289 0.35604198 -0.00789389 -0.04691923 0.04560733 0.02948016 0.20189499 0.00049861 -0.12246331 0.04333168 -0.12394696 -0.01399636 0.06809738 0.05815369 0.05703916
0.07980727 0.08613324 0.06620940 0.03918026 0.02588414 0.09906919 0.17401443 -0.02968724 -0.09488971 0.02897176 0.10358395 0.10748055 0.22209076 -0.04921092 0.03531700 0.07237754 -0.04265739 -0.06856711 -0.03514016 -0.01062446 -0.08428433 -0.01142474 -0.06126509 -0.00785179 0.03773700 -0.01547913 0.02681379 -0.04824796 0.10370740 -0.07795058 -0.04364967 -0.11792282 0.04017609 0.09580885 -0.03892384 0.08491286 0.05788014 0.09398904 0.04370070 -0.01448640 0.07336924 -0.05557270 -0.01357698 -0.04860110 -0.06135760 -0.05419641 0.05942248 -0.06564166 -0.11088287 0.01169277 0.07519936 0.00358701 0.15808083 0.07104338 0.11150992 0.29786587 0.21284605 0.09889158 1.00000000 0.03922224 0.20007277 0.00211313 0.18732398 0.13383929 0.30744193 0.09516681 0.03403210 0.11241502 0.14860661 -0.06747451 -0.00493562 0.07147684 0.18526664 0.03016181 0.05783351 -0.11814767 0.04242259 -0.12529030
-0.05460308 -0.12054925 -0.12500562 -0.06759675 -0.15626034 -0.00158621 -0.03369147 -0.01750814 -0.09098712 -0.07330630 -0.08432946 0.05671467 0.04148792 0.06612908 -0.21290427 -0.06607718 -0.03660341 -0.10375564 -0.21008058 0.01868198 -0.00743045 -0.13573923 -0.02255339 -0.00262428 -0.24603387 -0.20097052 0.02879037 -0.13531870 -0.03070015 -0.17143421 -0.03019911 -0.05440079 -0.06243062 0.00268600 -0.04535221 -0.10224916 0.11397464 0.09181459 0.00949488 0.17850362 -0.00492180 0.05097074 -0.08946418 0.12334815 0.12531916 0.05242661 0.05480278 0.04569846 0.09205581 0.04688389 0.24000924 -0.00020876 0.16652704 0.05602496 0.31632836 0.23925963 0.12295030 0.18423448 0.03922224 1.00000000 0.29780966 0.30710934 -0.01712310 0.31272029 -0.03901907 -0.03226053 0.17344452 -0.00411746 0.01993422 0.02659707 0.10107845 0.11929745 -0.03759402 -0.05843261 -0.01977584 -0.08628377 0.06082762 0.05177165
-0.01640653 -0.05059031 -0.20265088 -0.00279453 0.03900762 0.00239402 0.10380735 -0.08721150 -0.08223629 -0.15034522 0.05772597 -0.05392891 0.20816822 0.00254480 0.11011574 0.07011113 0.05863047 0.05539661 0.10061145 -0.09249460 0.05983601 -0.11064330 -0.02837028 -0.06763494 0.11665106 0.07150392 0.03056722 -0.09996857 -0.02858575 -0.08417617 0.00377553 0.02803048 0.03896987 -0.09868941 0.01301279 -0.14421672 -0.12782631 0.00845065 -0.08410627 0.13697897 0.11161074 0.26685355 0.10848512 0.15592616 0.09025427 0.05073935 0.11528706 -0.05362884 0.18715977 0.04727245 0.19639450 -0.16078215 0.09450700 -0.12437922 0.33938795 0.24292251 0.24648512 0.29339328 0.20007277 0.29780966 1.00000000 -0.00271471 0.04660790 -0.07787516 0.04185542 0.08335035 0.00751881 0.00517335 -0.10253321 0.00066885 -0.06717434 -0.12265819 0.06065648 0.02254995 0.06647891 -0.00053780 -0.06454907 -0.08499544
-0.06400383 -0.22184956 -0.16232781 -0.12296655 0.05374608 -0.00374169 -0.05000783 -0.03715609 -0.13499153 -0.13266089 -0.21039729 -0.13576061 -0.07017777 -0.00883303 -0.14412249 0.00933297 0.06371254 -0.08667546 -0.12924394 0.03554188 -0.00707258 0.00616302 -0.00749499 0.09528616 -0.11339857 -0.03404222 -0.06019602 0.01635517 -0.13723892 -0.09440879 0.05412244 -0.01075589 -0.12265254 -0.02078677 -0.26053786 -0.13450546 0.00029392 0.01886454 -0.10321210 -0.07708916 -0.12433186 -0.04939838 -0.09944055 0.11657905 -0.09892612 -0.02548918 0.14415132 0.01381451 0.01778348 0.02659164 -0.03253575 -0.06479886 0.33229475 0.08685368 0.12274448 0.14850184 0.01554112 0.17930758 0.00211313 0.30710934 -0.00271471 1.00000000 0.19907226 0.21862003 0.26397149 -0.08128237 0.05123561 0.00075863 0.02581423 0.06635956 0.28008944 0.01120706 -0.11581611 -0.12252517 -0.19874792 -0.03117928 -0.10995563 0.10288740
0.06478352 0.15958033 0.07459101 0.20944345 0.18576946 -0.02177881 0.22625876 -0.05423717 -0.00998932 0.07713514 -0.09361169 -0.02984455 0.15158767 -0.00983610 -0.01556420 0.21381629 0.01961766 -0.12555752 0.04918593 0.10766021 0.07777346 0.14405484 0.06504640 0.04440363 0.08114909 0.07621701 0.12217727 0.00425230 -0.11614634 0.06918874 0.04705577 0.04399643 0.11692840 -0.08947088 -0.07451844 0.04640142 -0.01988869 -0.04487641 0.06924620 -0.04170470 -0.12672605 -0.07991839 -0.20191427 0.16266865 -0.13351375 -0.11822691 -0.06008814 -0.19558169 -0.01544366 -0.18386344 0.04997883 -0.00310636 0.07980413 0.17174098 0.13591045 0.10306192 0.07668426 0.19714105 0.18732398 -0.01712310 0.04660790 0.19907226 1.00000000 0.26394886 0.36947242 0.20676113 0.02414601 -0.06886452 0.13841150 0.22647433 0.08899818 0.01803139 -0.00692026 0.08172694 -0.07478077 0.03959086 0.01679005 0.07948307
0.11252860 0.10723989 0.11904456 0.21839740 0.07657974 0.16719228 0.07989757 -0.03623829 -0.02813684 0.08911474 -0.05191798 0.08834134 -0.07900124 -0.05210936 -0.13644963 -0.00933066 -0.04682386 -0.18953979 -0.11174095 0.06554727 0.02078518 -0.08671962 0.07904676 -0.03975339 -0.09101809 -0.10308690 0.16908856 -0.07947507 0.10772864 -0.12249347 -0.05694479 0.04733721 -0.01106086 0.10084004 -0.18146799 0.19815701 0.13919768 0.00622419 0.14765534 -0.00237168 -0.18276626 -0.16942251 -0.30658742 -0.07766420 -0.08807647 -0.09750581 -0.14512966 0.02117446 -0.09830426 -0.01196549 0.06246235 0.10712610 0.28689825 0.30291284 0.23624998 0.03570363 0.04612885 0.13255289 0.13383929 0.31272029 -0.07787516 0.21862003 0.26394886 1.00000000 0.31640297 -0.00871862 0.21948715 0.11674261 0.17495227 0.13658415 0.05371379 0.18370051 -0.06139058 0.13937206 -0.03373447 0.07288799 0.01225264 0.18008937
0.07463932 0.04953497 0.08388934 0.18375628 0.18706746 -0.00221462 0.25329377 0.04113713 -0.05179329 0.14634217 -0.04868865 -0.05299570 0.15843239 0.07080235 0.01892161 0.14332433 -0.00151249 -0.07202740 0.04075058 0.28424356 -0.13772070 0.06723366 0.24476859 0.06300717 0.08247599 0.21927148 0.22486495 0.11464974 -0.05819460 0.09876789 -0.01756806 0.00832285 0.17615163 -0.05657091 -0.03292512 0.08445950 -0.08712283 0.06929748 0.05975373 0.02771684 0.11692359 -0.06830259 -0.09298082 0.12434291 0.02757711 -0.09438813 -0.05727391 -0.03877031 -0.12313943 0.02106703 0.11256322 0.01126788 0.03583756 0.26445454 0.13048906 -0.00762968 0.12885303 0.35604198 0.30744193 -0.03901907 0.04185542 0.26397149 0.36947242 0.31640297 1.00000000 0.09681512 -0.07400086 0.05093362 0.14068971 0.16653006 0.09008935 0.00969564 -0.03639088 0.07993487 -0.09700252 -0.03311437 -0.00381833 0.09267615
0.00586975 0.09758940 0.01810038 -0.03945871 -0.09694271 -0.22415172 0.02792534 -0.11646211 0.00890515 -0.01930138 -0.05548311 -0.02130508 -0.06365476 -0.06198408 0.10440780 0.09314096 0.04487261 0.04276508 0.16715397 0.08181125 0.18598924 0.12602103 0.14535770 0.09689742 0.05729767 -0.01574956 0.05682467 0.04979748 -0.06086196 -0.07319744 -0.00691892 0.03647686 0.07993810 0.19414638 -0.00059749 0.12591127 -0.03708195 -0.26020585 0.15762410 0.00000871 0.04994254 -0.03764733 0.03750897 0.04919220 -0.09856639 0.04920014 -0.10236599 -0.08124138 -0.07323916 -0.03299243 0.14643210 -0.01542196 0.12059393 0.22917626 0.14609413 0.12032900 0.06680815 -0.00789389 0.09516681 -0.03226053 0.08335035 -0.08128237 0.20676113 -0.00871862 0.09681512 1.00000000 0.18452943 0.21875793 0.15016062 0.22689685 0.17297382 0.11146477 0.16614964 0.23490405 0.13654394 0.27437906 0.09193426 0.16914911
0.08576664 0.07441888 0.03052912 0.08197099 -0.10070347 0.19166604 -0.08866695 -0.00678208 0.02366301 0.05803768 -0.05418118 0.10923687 -0.13625983 0.00303897 -0.05408096 -0.07152729 -0.07953045 0.02729758 -0.01423917 -0.12241953 -0.00340125 -0.09428029 -0.11317048 -0.01704176 -0.04152466 -0.16374584 0.03150116 -0.22148450 0.11922605 -0.22378123 -0.09059820 -0.14949695 -0.14786028 0.16321126 -0.08167908 -0.03420424 -0.08330497 -0.06550127 -0.13462600 -0.07323105 -0.11287617 0.02816078 -0.01102529 0.05179387 -0.16163847 0.01617200 -0.21492324 0.01295903 0.04269478 0.00228930 0.16334064 0.08855898 0.21517425 0.14275242 0.01589677 0.03827049 0.03198400 -0.04691923 0.03403210 0.17344452 0.00751881 0.05123561 0.02414601 0.21948715 -0.07400086 0.18452943 1.00000000 0.06433563 0.28210061 0.23734473 0.26491451 0.33676833 0.15797633 0.22075187 0.16326759 0.08814804 0.19035263 0.21803065
-0.08526911 0.03044845 -0.00374690 -0.21062848 -0.06910664 -0.09109651 -0.00295854 -0.05347404 0.06481926 -0.07683209 0.05332478 0.06427683 -0.13405497 -0.10970392 -0.08745838 -0.05633572 -0.03261516 0.01432307 -0.09759484 -0.09129181 0.11955185 -0.09887706 0.05633178 0.05332588 -0.12316703 -0.17356042 -0.05411344 0.00176144 -0.07029611 -0.06265244 -0.04318721 -0.11971238 -0.04334206 0.15147040 -0.10052803 0.07198927 -0.10873961 -0.00057832 0.08866950 -0.07078051 0.03888562 -0.03438964 0.13270197 -0.10728699 -0.17480000 -0.07890058 -0.15222898 -0.03021030 0.03343533 0.03690450 0.07564113 -0.09343405 -0.00266543 0.08462789 -0.00439662 0.10365455 0.17395526 0.04560733 0.11241502 -0.00411746 0.00517335 0.00075863 -0.06886452 0.11674261 0.05093362 0.21875793 0.06433563 1.00000000 0.10051287 -0.13338657 0.10331725 0.10978346 0.31218626 0.15887445 0.26153689 0.18424345 0.00662606 0.19769719
-0.04250571 -0.09349888 -0.05662196 0.00276225 -0.07227951 -0.08393948 -0.08564217 -0.18478231 -0.09979777 0.07381814 -0.07110452 0.04350649 -0.04661764 -0.11954324 0.02331240 0.08282791 0.05004419 -0.15000640 -0.02978873 0.01403329 0.16971460 0.03825687 -0.02012579 0.09956595 0.03385160 0.06114873 0.04160406 0.11448859 0.02303808 -0.04072224 -0.04560365 -0.02845349 0.06590385 0.13377213 -0.02769617 0.18496034 -0.08118784 0.01424122 0.16930237 -0.06499867 0.09079775 -0.00792393 -0.06473154 -0.12632043 -0.11519343 -0.05253203 -0.18816978 -0.16418880 -0.15861845 -0.06324292 0.09383666 0.14017412 0.05063501 0.18603536 -0.06253133 0.15721418 0.16532404 0.02948016 0.14860661 0.01993422 -0.10253321 0.02581423 0.13841150 0.17495227 0.14068971 0.15016062 0.28210061 0.10051287 1.00000000 0.25948636 0.22947616 0.16661553 0.27006579 0.21851983 0.22311165 0.13508833 0.23096911 0.04137589
-0.02109770 -0.06832869 -0.13733750 0.05488440 0.09150395 0.06106526 0.04631832 -0.06610375 -0.17935647 -0.00126713 -0.28082175 -0.16589928 0.00338699 0.04004401 0.14886944 0.20465211 0.08034418 0.00296618 0.09740543 0.12381957 0.00694271 -0.00116324 0.05519399 -0.06352174 0.10971523 0.22272368 0.21973478 0.01589514 -0.08480603 0.07466972 -0.05487439 0.05245385 0.07524011 -0.04713428 -0.14198020 -0.02736365 -0.08724217 -0.15962750 -0.15000809 -0.08183765 -0.02435924 0.06725451 -0.17076106 -0.00672613 0.00752462 0.00077393 -0.15643530 0.00275317 -0.10590046 0.07189457 0.04582378 0.06821750 0.09687125 0.16792659 -0.10118862 0.02429219 -0.12782940 0.20189499 -0.06747451 0.02659707 0.00066885 0.06635956 0.22647433 0.13658415 0.16653006 0.22689685 0.23734473 -0.13338657 0.25948636 1.00000000 0.14374915 0.11806947 -0.00949822 0.08989526 -0.01543470 0.08064124 0.21277354 0.12892577
-0.08117148 -0.19896212 -0.07125475 -0.02874307 0.08560382 -0.01329348 0.05221656 -0.08401725 -0.01094127 -0.03447917 -0.00791505 0.12405380 -0.17541372 -0.09558689 -0.06072715 -0.05404539 -0.09243319 -0.10998093 -0.10197575 -0.08529914 0.03492379 -0.00028541 -0.11693891 0.01466104 -0.01955522 -0.02984918 -0.10562094 -0.01395636 0.04060834 -0.06782669 0.19109799 0.02338583 -0.01822133 0.09751900 -0.15564565 -0.03509305 -0.02467702 0.04852457 -0.02840998 -0.03351981 0.04768051 0.04163736 -0.00343237 0.06281660 -0.06701807 0.09746387 0.00801680 -0.01112529 0.06070986 0.08726216 0.02064188 0.04255135 0.14150535 -0.04115374 0.08162640 0.15588403 0.05662348 0.00049861 -0.00493562 0.10107845 -0.06717434 0.28008944 0.08899818 0.05371379 0.09008935 0.17297382 0.26491451 0.10331725 0.22947616 0.14374915 1.00000000 0.19227283 0.14243894 0.10161628 0.09268615 0.20400657 0.25125130 0.23490200
-0.08300640 -0.04855864 -0.05078757 0.02636330 -0.16171584 0.00832080 -0.17991048 -0.08824584 0.15597565 -0.06032832 -0.10245264 0.12170657 -0.08618789 -0.08999475 -0.16467122 -0.10070650 -0.12398270 -0.13317441 -0.03344618 0.05434688 -0.02415770 -0.10599139 -0.13655051 -0.11231118 -0.02483505 -0.13674496 -0.04492377 -0.17743158 0.12968053 -0.14188821 -0.01913022 -0.08031325 -0.06917965 0.09452031 -0.16268514 0.02630916 0.03040788 -0.01517752 -0.01841302 -0.07138152 -0.13880948 -0.10471415 -0.06402732 -0.08255257 0.03870943 0.05973349 -0.24706657 0.06704760 -0.12084131 0.14111596 0.07774680 0.07385864 -0.00995863 0.05863431 0.05754060 0.03743996 -0.11865966 -0.12246331 0.07147684 0.11929745 -0.12265819 0.01120706 0.01803139 0.18370051 0.00969564 0.11146477 0.33676833 0.10978346 0.16661553 0.11806947 0.19227283 1.00000000 0.19454449 0.23213083 0.08727553 0.00796522 0.25593594 0.18513588
-0.04674807 -0.03894480 0.02716544 -0.02482778 -0.01740187 -0.05725320 -0.06988322 -0.16616774 0.04028371 -0.00767832 -0.06833843 -0.03623451 0.12341502 -0.10340262 0.17239101 0.04605939 0.01298039 0.07534403 0.14669936 -0.03648614 0.18213228 -0.20832041 -0.07278187 0.07459724 -0.03245995 -0.03007022 0.03800916 -0.08223901 0.04983312 -0.08993757 0.02037415 -0.15915845 -0.16915671 0.14332753 -0.09358703 0.12912987 -0.11453437 -0.03640695 0.08585964 -0.04979663 0.00988557 0.07720671 0.11705257 0.10911068 -0.10252626 0.02172583 -0.10120160 0.10151428 0.04840829 0.09876898 0.12243752 -0.03547484 -0.10743733 0.01035203 0.11930774 0.09840390 0.19571308 0.04333168 0.18526664 -0.03759402 0.06065648 -0.11581611 -0.00692026 -0.06139058 -0.03639088 0.16614964 0.15797633 0.31218626 0.27006579 -0.00949822 0.14243894 0.19454449 1.00000000 0.17669920 0.33383074 0.26749287 0.07455535 0.15789141
-0.13653157 0.03004985 -0.04725611 0.11316421 -0.06576747 -0.00914092 -0.01910492 -0.11480887 -0.02012075 -0.01013660 0.07279877 0.09318903 0.05192221 -0.02298194 0.12920260 -0.06189546 -0.02678090 -0.08447550 0.08746607 0.03784575 0.14109623 0.01237632 -0.04044249 0.01870808 0.15521476 -0.01296491 0.00263439 0.01018225 0.08148109 -0.04542407 0.02640709 -0.05196237 0.14365183 0.24977885 -0.00731968 0.04776268 -0.11141441 -0.01333158 0.07648931 -0.08238685 0.02870251 -0.18071721 0.02236850 -0.07126141 0.01328375 0.01983269 -0.16930008 -0.13907108 -0.04527925 -0.07999629 0.00754130 -0.08380006 -0.01006135 0.05140369 0.21773563 -0.04149454 -0.04586633 -0.12394696 0.03016181 -0.05843261 0.02254995 -0.12252517 0.08172694 0.13937206 0.07993487 0.23490405 0.22075187 0.15887445 0.21851983 0.08989526 0.10161628 0.23213083 0.17669920 1.00000000 0.37426545 0.42701672 0.25668680 0.27508123
-0.09556541 0.04430721 -0.00621363 -0.03896977 -0.19735529 -0.02722743 -0.03322130 -0.02441736 -0.03579786 0.00954650 0.03731037 0.14698595 0.08250875 -0.00423567 -0.01053736 0.06638386 0.02071294 0.06740205 0.05859102 -0.19017220 0.22533565 -0.04463771 -0.12246847 -0.00025838 0.01745649 -0.12583614 -0.10833846 -0.03080134 -0.01387435 -0.06262775 -0.03607281 -0.06021825 -0.02874078 0.19376828 -0.07864507 -0.02383572 -0.08559031 -0.06247927 0.08767139 -0.00851357 0.12774355 -0.06267922 0.19654743 -0.08422535 -0.04965949 0.03412081 -0.00965749 -0.09616938 0.09879113 -0.15268625 0.05065650 0.07420647 -0.02953105 0.00236827 0.02808470 0.20778567 0.06943730 -0.01399636 0.05783351 -0.01977584 0.06647891 -0.19874792 -0.07478077 -0.03373447 -0.09700252 0.13654394 0.16326759 0.26153689 0.22311165 -0.01543470 0.09268615 0.08727553 0.33383074 0.37426545 1.00000000 0.32135106 0.21207238 0.13493145
-0.00419218 -0.02464991 0.08068163 0.01539882 0.09631778 -0.11250842 0.02196951 -0.05465391 -0.08964429 -0.05504676 0.07063334 -0.00838762 -0.03218132 -0.06113629 0.06434735 -0.08971622 -0.01185863 -0.04348598 -0.07876023 0.03740405 0.19333144 -0.14712827 -0.02597782 0.07727112 0.09104256 0.01129202 0.04421558 0.02548680 0.05238421 0.00595555 0.10932413 0.06927725 0.13722366 0.25373321 -0.00022698 0.13992799 -0.10178650 -0.01696612 0.20317646 -0.12171043 0.01872539 -0.14835648 0.04299877 0.06633127 -0.01648934 -0.00158622 -0.04732744 -0.07058621 0.01352363 -0.13406993 0.01252145 -0.06885816 -0.01740973 -0.09570237 0.18387938 -0.00583724 0.10674244 0.06809738 -0.11814767 -0.08628377 -0.00053780 -0.03117928 0.03959086 0.07288799 -0.03311437 0.27437906 0.08814804 0.18424345 0.13508833 0.08064124 0.20400657 0.00796522 0.26749287 0.42701672 0.32135106 1.00000000 0.14956024 0.35255065
-0.20158778 -0.07520233 -0.07777730 -0.06369666 -0.02226953 0.06335824 0.00321952 -0.05294247 -0.00455640 0.07503494 -0.01629583 0.24248112 0.03094513 0.09557048 -0.13382943 0.04350288 -0.07424501 -0.15992918 -0.09586445 0.07580257 0.03450835 0.13055656 -0.13832562 -0.09408660 -0.05857570 -0.04117880 0.06116648 -0.03777251 0.01218696 0.06661098 0.17968876 -0.06292821 0.04902879 0.16989825 0.02865240 0.13039075 0.04204822 0.04236537 -0.03311877 0.09423954 0.14663866 -0.10362965 0.04137733 -0.03711116 0.18207560 0.06061432 0.00548599 0.03112809 0.04796887 0.04464217 -0.00903910 0.05472174 0.05891889 -0.05440105 0.04493061 0.02983946 0.01781697 0.05815369 0.04242259 0.06082762 -0.06454907 -0.10995563 0.01679005 0.01225264 -0.00381833 0.09193426 0.19035263 0.00662606 0.23096911 0.21277354 0.25125130 0.25593594 0.07455535 0.25668680 0.21207238 0.14956024 1.00000000 0.10407918
-0.14563764 -0.03103212 -0.02136243 0.02976486 0.13327455 0.01249295 -0.01214720 0.11132606 0.02562279 0.01560417 -0.07053404 0.02000422 -0.06737771 -0.09441193 -0.12652004 -0.06477730 -0.18307188 -0.16225114 -0.15240239 0.11534914 0.01680496 -0.14338734 0.06256700 -0.05012454 -0.00128246 -0.08726972 0.03588709 -0.01659926 -0.06640325 -0.09757300 0.09044916 0.10059146 0.05925281 0.09820211 -0.05795303 0.05194066 0.04687853 -0.04079642 0.11187053 0.05880809 -0.02010539 -0.01655819 -0.08551723 0.15710082 -0.00516818 0.08005821 -0.06797985 0.00413911 -0.08310460 0.06173187 0.02031089 -0.13266145 0.02642926 0.05688085 0.08847247 -0.02511083 -0.00188427 0.05703916 -0.12529030 0.05177165 -0.08499544 0.10288740 0.07948307 0.18008937 0.09267615 0.16914911 0.21803065 0.19769719 0.04137589 0.12892577 0.23490200 0.18513588 0.15789141 0.27508123 0.13493145 0.35255065 0.10407918 1.00000000
