1.00000000 0.10965382 0.29917115 0.20612356 0.23534740 0.15955559 0.09829461 0.25852777 0.21295675 0.16735274 0.16703379 0.22947600 0.08128058 0.01459357 0.03397856 0.03626044 0.03759794 -0.06319278 0.04155211 -0.03608536 0.08994712 0.02189221 -0.02342071 -0.03642373 -0.00342955 0.00117395 -0.08084459 -0.16773384 -0.05002834 -0.10789735 0.00392894 -0.13836271 0.03047152 -0.11051030 -0.08469576 -0.05712037 0.04667786 -0.08760287 -0.00270275 0.04835219 0.00665824 -0.06417588 0.02006356 0.03174991 0.00335914 -0.04500151 -0.05866185 -0.01701295 -0.09818931 -0.09336281 -0.01215055 -0.05688556 0.00438149 0.06700378 0.07423388 0.00490892 0.03820315 -0.00598915 -0.00247552 0.03038255 -0.01271094 -0.05555733 0.01908749 0.10129864 0.06841894 0.00693591 -0.01939928 -0.09288720 -0.05953605 -0.11127380 -0.05768806 -0.07243581 -0.01287079 -0.08699880 0.03150256 -0.06899304 -0.02952942 0.00065188
0.10965382 1.00000000 0.07744909 0.25117540 0.03536850 0.05415267 0.15244716 0.11152963 0.15513785 0.25498118 0.18420124 0.18291897 0.10166320 -0.08452968 0.06485576 -0.09371254 0.01110242 -0.06089942 0.04196506 -0.08636979 -0.04560230 0.01340961 -0.03758151 -0.01111537 -0.05482478 0.04595888 0.01864627 -0.07380277 0.05801243 -0.04213415 -0.12224734 -0.03958957 0.03106441 -0.00478844 -0.13101263 -0.05214989 -0.01290305 0.08939087 0.00960336 0.08744449 0.11204003 -0.00507167 -0.02083729 0.07407073 0.03074435 -0.04169415 -0.01309444 0.11603937 0.10463191 -0.02340443 0.07647193 -0.03406466 -0.11664916 -0.01974838 0.02990730 0.06865687 -0.05957825 -0.00408178 -0.00027119 -0.13188967 0.04253577 -0.04569739 -0.04562561 -0.07273812 0.02774558 -0.00502293 0.07307552 0.02307192 0.00479165 0.07681451 -0.00515910 -0.01189776 -0.09006241 -0.08230560 -0.00884908 -0.10627683 -0.00611999 -0.03530855
0.29917115 0.07744909 1.00000000 0.19110864 0.21195107 0.23765126 0.13190718 0.22518751 0.33126695 0.24774147 0.24556497 0.24737161 0.16499570 -0.03445586 0.09470028 0.05577022 0.07663333 0.01178657 0.04444433 0.10144688 0.07589295 0.06217904 0.00545636 0.08466456 0.05409794 0.01334933 -0.06189685 -0.15723707 0.05104454 -0.05434517 -0.08198117 -0.10298913 -0.00849240 -0.05312501 -0.00560906 -0.09464967 0.13108369 -0.10442375 -0.01160797 0.07831530 -0.04215381 -0.08871236 0.00144737 0.11491623 -0.05186723 0.01975030 -0.01316180 -0.03615342 -0.07954318 -0.05618141 0.02805770 0.01699891 -0.04452151 0.01635267 0.00683952 0.04332899 0.02002173 -0.04077414 0.01844432 -0.08388969 -0.01827769 -0.04914377 -0.08937488 0.02541311 0.01563784 -0.01488707 0.01145373 -0.03066951 0.02826222 0.04156065 -0.03311585 -0.09311192 -0.02433724 -0.05647278 -0.08199607 -0.04814575 0.07552095 0.02521146
0.20612356 0.25117540 0.19110864 1.00000000 0.04145698 0.23550822 0.14120912 0.01565190 0.20489976 0.26051761 0.19178134 0.18777255 0.15246189 -0.11544251 0.01048623 -0.07869866 0.01536454 -0.02843893 -0.01169911 0.04169069 -0.01104305 0.00550153 -0.02758432 0.01641569 0.02122787 0.09066933 0.08063616 -0.10456151 0.10853090 -0.10779252 -0.00633834 0.02595930 -0.05565187 0.02896276 -0.15379815 0.02798918 0.00801596 -0.01925754 -0.03368879 0.05234723 -0.00837294 -0.13249316 -0.10819785 0.00151895 -0.00986667 -0.01585191 0.04080885 -0.11591728 0.01853179 -0.06542185 -0.07365392 -0.03038309 -0.04361952 -0.00558171 0.09113437 0.06187047 -0.02336085 -0.03287716 0.01252781 -0.03087421 0.06087302 -0.02763954 -0.05903942 0.01854634 -0.00264650 -0.00387490 -0.00116900 -0.03024023 -0.01249803 -0.03193617 -0.10418922 -0.04844151 -0.08982125 -0.10639829 -0.05759981 -0.01773440 -0.01713528 -0.06381559
0.23534740 0.03536850 0.21195107 0.04145698 1.00000000 0.20894974 0.21669916 0.21875417 0.22237876 0.23575546 0.17760754 0.26971964 0.14561549 0.01123707 0.07526217 0.02939302 -0.04979115 0.07788633 -0.05021740 0.04372064 0.02420626 0.09136494 -0.03039833 -0.06287282 -0.02584072 0.02050828 0.06544972 -0.06489148 0.05481076 -0.05006508 -0.07978979 -0.04308211 -0.05444846 0.03567943 0.03790171 0.07720268 0.08690319 -0.06595426 -0.07196893 0.01869833 -0.02360116 -0.00738691 -0.04684029 -0.04062748 0.06463037 -0.03904038 0.07465620 -0.01395602 -0.01718284 -0.07337073 -0.14363976 0.02973021 -0.01624200 -0.04396557 0.07401160 -0.00920464 -0.03344712 0.05689865 0.03216261 -0.04301172 -0.09850332 0.01464409 -0.03161422 0.10990469 0.03472208 0.12929706 0.04353330 -0.00423660 0.00312847 0.08104471 -0.01161007 0.05134299 0.07187888 0.11034071 0.00237993 0.05240238 0.04058501 0.05484930
0.15955559 0.05415267 0.23765126 0.23550822 0.20894974 1.00000000 0.24539454 0.28137683 0.18964702 0.14684688 0.30291963 0.28963518 -0.00586491 -0.02349585 0.02978808 -0.02713761 0.01386812 0.02776116 -0.03161672 -0.00747873 0.00292789 0.08548916 -0.07419603 -0.03962835 0.00177291 0.01614458 -0.02454785 -0.05251730 -0.02710856 -0.08678239 -0.10902700 -0.05760153 -0.08479727 0.02452767 -0.04612424 0.00809858 0.02406037 0.02998983 -0.03865047 0.09016687 -0.04392979 -0.05358773 -0.10974860 -0.07867591 -0.01928139 -0.00745806 0.05504448 -0.06617846 0.01755483 -0.06170042 0.00316346 0.00364776 0.00941707 -0.00380903 0.05159825 0.05060960 0.02309753 0.06545334 0.04422049 0.04106992 0.08201655 -0.07032820 -0.06451977 0.00062642 0.00274068 0.06097801 0.01103744 -0.03991547 0.10341908 0.05157120 -0.09120518 -0.00929452 0.04396904 0.00553910 -0.05604770 0.08595898 0.08482333 0.04271489
0.09829461 0.15244716 0.13190718 0.14120912 0.21669916 0.24539454 1.00000000 -0.00246443 0.28130354 0.19387669 0.24534088 0.16697790 0.12752136 -0.01525401 0.07945874 0.05905787 0.02955983 0.09240206 -0.01863320 -0.05896321 0.05720384 0.05527488 -0.07136746 0.04966723 -0.07015723 -0.00881616 0.13892284 0.11601712 0.08087045 0.04455996 -0.09185857 0.03595872 -0.06144638 0.03733942 0.02454889 0.00278084 0.02397684 -0.03303235 -0.02076712 0.04684458 -0.08700001 0.05117638 -0.16586253 -0.04728254 -0.00453880 0.05300335 0.00546869 -0.08140736 0.05349141 -0.06724572 -0.05084824 0.01210375 0.00816163 0.03979224 0.05381079 0.03253252 -0.03932145 0.03943871 0.04317330 0.03973512 0.06307557 -0.05408015 -0.06896927 -0.01768655 0.01095016 0.03500867 -0.01052210 0.11591707 0.07185160 0.06634067 -0.07814232 0.13359068 -0.01671531 0.11697606 -0.02279233 0.07418930 -0.03650595 -0.02055657
0.25852777 0.11152963 0.22518751 0.01565190 0.21875417 0.28137683 -0.00246443 1.00000000 0.14671614 0.27612456 0.16205741 0.12752360 0.09857604 0.01782528 -0.01429886 0.05288859 -0.07671225 -0.03809772 0.02861940 0.07989024 0.00856121 0.13025171 0.00757221 -0.06367067 -0.01599960 0.10648795 -0.01282301 -0.06756040 -0.09608669 -0.08617976 -0.01868680 -0.00673918 0.01900218 -0.05234281 -0.07541337 -0.10267454 -0.00357236 0.06452858 -0.04568449 0.09031982 -0.02678659 0.01831200 -0.06372203 -0.07225444 -0.05649486 -0.17215190 0.00737105 -0.03218097 -0.08941568 -0.07486256 0.09031766 0.06956671 -0.11676735 -0.09212365 -0.00115181 0.03007814 0.00245008 0.09268126 -0.03417363 -0.02854120 -0.01049739 -0.04180098 -0.08474950 0.01252327 -0.04002571 0.02841520 0.03071559 -0.02819928 0.01800306 -0.03242840 0.02440520 -0.04347485 -0.01722393 -0.04175265 0.01205761 0.10977676 0.13837306 -0.03723256
0.21295675 0.15513785 0.33126695 0.20489976 0.22237876 0.18964702 0.28130354 0.14671614 1.00000000 0.24282999 0.21884144 0.33553440 0.08184589 -0.00485821 0.03943014 -0.06984887 0.07418180 0.02539789 0.04566076 -0.01721297 0.07177988 0.01614673 0.01117698 -0.06146947 -0.03815120 -0.00469012 0.04671424 -0.05451025 0.06223544 0.01756979 -0.00918779 0.02175703 0.00792837 0.05542888 -0.00915681 0.14148151 0.13464308 0.05523519 -0.03597576 -0.09111909 0.01812581 -0.00172677 -0.15588776 0.04128578 -0.08700026 -0.02707611 -0.00237621 -0.03255752 -0.00639106 -0.09057477 -0.00661826 -0.04975652 0.11847622 0.05321162 0.11719697 0.01734443 0.07729887 0.03614256 0.03637875 -0.02756767 0.09661214 -0.06493297 -0.05924204 0.07554347 0.06551843 0.01591694 0.07097058 0.05774163 0.05503199 0.06119474 -0.15896042 -0.00989037 0.01320069 0.04637681 0.04419894 -0.01598722 -0.00417339 0.00786261
0.16735274 0.25498118 0.24774147 0.26051761 0.23575546 0.14684688 0.19387669 0.27612456 0.24282999 1.00000000 0.25771004 0.18716379 0.17294088 -0.03113112 0.04589354 0.13166203 -0.05172341 0.08044947 0.10153203 0.08569260 -0.00258970 0.06631164 0.09354551 0.02290405 0.04503151 0.17771710 0.06825823 -0.05358405 0.12495499 -0.09222014 -0.05692901 -0.02988154 0.01573430 0.08450901 -0.06523506 0.01281903 -0.05813644 -0.01214563 -0.00011380 0.03016248 -0.06155783 -0.06517102 -0.11166890 -0.04908266 0.06279788 -0.08466919 0.01705082 -0.06073457 0.04654759 -0.06662944 -0.03698447 -0.07084092 -0.05479343 -0.07774177 0.04282160 0.00075489 -0.03141477 -0.08333069 0.01817621 -0.07634222 0.00700395 -0.04171470 0.00855780 0.00581959 -0.01502351 0.12894907 0.03152736 -0.10512618 0.00850833 0.06899924 0.00554267 -0.03969517 -0.02371987 -0.02589656 -0.01084467 0.05856607 0.08601104 -0.09362742
0.16703379 0.18420124 0.24556497 0.19178134 0.17760754 0.30291963 0.24534088 0.16205741 0.21884144 0.25771004 1.00000000 0.30712394 0.22906590 -0.06104134 0.02466509 -0.01396554 -0.06456500 0.05451757 -0.00627226 -0.02955278 -0.07216767 -0.01323860 -0.07052703 0.01561212 -0.03076952 -0.04315928 0.04852682 0.04738381 -0.03018027 0.01852438 -0.06554969 -0.05106317 0.01980178 0.02524995 0.00145306 -0.09854855 -0.01429524 0.07657440 -0.13303967 -0.00550025 -0.09584756 -0.03456644 -0.12407009 0.04331576 -0.02475407 0.01173394 0.00824570 0.00440276 0.08780304 0.06294762 -0.01606707 0.09553772 -0.08760173 -0.00548138 0.02193993 0.13946431 0.03323175 0.00776783 -0.01359132 0.01295778 0.00326123 -0.15555055 -0.10669617 -0.00214713 -0.10522653 -0.02650662 0.04994388 0.06393608 0.07433871 0.13439804 -0.00559882 -0.00623510 0.03853677 -0.06240864 0.00261343 0.03682847 0.09476186 0.01109463
0.22947600 0.18291897 0.24737161 0.18777255 0.26971964 0.28963518 0.16697790 0.12752360 0.33553440 0.18716379 0.30712394 1.00000000 -0.02216293 0.04628197 0.10931354 -0.05263062 0.10540804 0.03656518 0.16008333 0.02651352 0.04235644 0.05008456 -0.02327205 -0.04148714 0.02387710 -0.02055002 -0.10471056 -0.07635224 -0.00952109 0.00089257 -0.10749461 -0.06854634 -0.04053013 -0.00908601 -0.05292431 0.03867549 0.10437335 0.07005555 -0.09221714 0.12189301 0.05504054 -0.00440159 -0.08803707 0.11567926 0.04431828 -0.12332224 0.09998234 -0.02583582 0.09670152 -0.03402402 0.03132364 -0.00062503 -0.01700739 0.05254643 0.13738515 0.02817037 -0.00967471 -0.03636024 0.02394967 -0.04995370 0.00336264 -0.05428583 -0.07375239 0.02680429 0.04411038 -0.02398111 -0.00206730 -0.04310037 0.10915749 0.04005243 -0.02085912 0.02060777 -0.02273165 -0.06928946 0.02527748 -0.05876731 0.05317132 -0.00000597
0.08128058 0.10166320 0.16499570 0.15246189 0.14561549 -0.00586491 0.12752136 0.09857604 0.08184589 0.17294088 0.22906590 -0.02216293 1.00000000 -0.03188647 0.07950074 0.05882049 0.03966208 0.06524003 -0.02924811 -0.01099114 -0.02188181 -0.05635632 0.00391069 0.00659756 0.02993511 -0.04227344 0.05223385 0.02904011 0.13048079 -0.10389220 -0.07308696 -0.01498696 -0.02677864 0.02807181 0.04728511 0.00211510 -0.02629242 -0.04155646 -0.03984014 -0.06965891 -0.10626394 -0.11163663 -0.05983493 0.04063335 0.04053920 -0.06212419 0.11243141 -0.04859244 0.03100529 0.08237634 -0.08398197 -0.01993688 -0.01590660 -0.04569126 -0.02197268 0.06257827 -0.04572435 -0.03299817 0.05496828 -0.12227626 -0.07045648 0.03340053 -0.14305892 -0.07590461 -0.04145928 -0.06578708 -0.14430419 -0.06380856 -0.00571537 -0.05975342 -0.12721899 -0.05292307 -0.06496407 -0.05317662 -0.00122666 0.01352815 -0.09325008 -0.04257764
0.01459357 -0.08452968 -0.03445586 -0.11544251 0.01123707 -0.02349585 -0.01525401 0.01782528 -0.00485821 -0.03113112 -0.06104134 0.04628197 -0.03188647 1.00000000 0.15943428 0.22881670 0.22870534 0.28025832 0.18265628 0.26489247 0.18371557 0.18428716 0.14811752 0.13130104 0.23447295 0.06362072 -0.08978459 0.03954040 -0.00847344 0.04366962 0.01850387 0.06335357 0.01541125 0.08645146 -0.02094654 0.01776566 -0.03944486 0.07877835 0.05219170 -0.03210866 0.14444918 0.15810353 0.08454332 0.08847432 0.08167806 0.00800678 0.08661578 -0.03783068 0.05011309 0.00706333 -0.01920994 0.12068706 -0.04722584 -0.01669037 -0.00241840 0.04890681 0.07192953 0.00042099 0.04934437 0.02971701 0.04493350 0.02322550 -0.02094956 0.06202897 0.09694794 0.04765413 -0.00032211 0.09006251 -0.06081996 -0.05031791 0.09133833 0.05290825 0.01550737 -0.00846159 0.09401049 0.04043638 0.07865212 0.08870734
0.03397856 0.06485576 0.09470028 0.01048623 0.07526217 0.02978808 0.07945874 -0.01429886 0.03943014 0.04589354 0.02466509 0.10931354 0.07950074 0.15943428 1.00000000 0.15474141 0.16801658 0.23644627 0.30342409 0.19789581 0.25257733 0.07748310 0.18851688 0.21876531 0.20342771 0.15430355 -0.12942173 -0.14755412 0.06085614 0.02964605 -0.13975857 -0.09762964 -0.11411028 -0.00689005 -0.07143497 -0.06542531 -0.09252937 -0.12732516 -0.09807728 -0.09011389 0.01655134 -0.07838749 -0.05897591 0.07289491 0.01780430 -0.01988129 -0.01136229 0.03524599 0.04479769 -0.10199130 -0.13391518 0.00470930 -0.00023695 0.02280239 0.07524792 0.02714531 0.04068579 0.01016456 0.09003457 0.05526148 -0.02196878 -0.00166720 0.01496437 0.07862473 0.01338803 -0.02535233 -0.08442538 0.02871908 0.07267142 -0.02921233 -0.02106462 -0.07675598 0.03092645 0.02332155 0.02047637 -0.00156544 0.04848411 0.00366206
0.03626044 -0.09371254 0.05577022 -0.07869866 0.02939302 -0.02713761 0.05905787 0.05288859 -0.06984887 0.13166203 -0.01396554 -0.05263062 0.05882049 0.22881670 0.15474141 1.00000000 0.05987953 0.26913142 0.19303662 0.20020532 0.11869224 0.24505930 0.27546075 0.18715559 0.21979582 0.27413743 -0.05616256 -0.03004683 0.03437405 0.06730270 -0.02294611 -0.04560784 -0.01755266 0.09308855 0.06453034 -0.07811540 0.03488567 -0.01706422 0.10331677 0.00143783 -0.08543157 0.11063657 -0.00632586 0.05206991 0.06904457 0.03966391 0.00927670 -0.04406634 0.01284837 0.00919105 -0.05731362 0.16020921 0.09649605 0.01446430 -0.14155196 -0.06843495 -0.03491705 -0.17676445 0.07319242 0.02390880 -0.12060914 0.06329710 0.09556244 0.02409492 0.01799581 -0.01783591 0.00088014 0.10591590 0.00548068 -0.06846501 0.03639159 0.04944925 0.03445040 0.02496891 0.05055904 0.08148164 -0.05905945 0.02091700
0.03759794 0.01110242 0.07663333 0.01536454 -0.04979115 0.01386812 0.02955983 -0.07671225 0.07418180 -0.05172341 -0.06456500 0.10540804 0.03966208 0.22870534 0.16801658 0.05987953 1.00000000 0.13342104 0.25782344 0.17024059 0.30566559 0.20852894 0.19006677 0.06088950 0.05465231 0.11003058 0.00754696 -0.00824364 -0.02839017 0.10149308 -0.04369758 0.00976163 0.08387678 0.05902811 -0.01112231 0.03774238 0.06109362 -0.02975310 0.04264193 0.09180030 0.06759339 0.02795232 -0.00993308 0.11656782 0.01337182 -0.02889140 -0.00262014 -0.09860235 0.08708262 -0.12921172 0.00848074 -0.09461351 -0.02277947 0.01404512 0.04072468 0.07622621 0.00398956 -0.04785204 0.03453391 -0.03835082 -0.09728746 -0.09000542 -0.10773285 0.03760700 0.08967701 0.07731276 0.02961421 0.06093398 0.00749061 -0.02889472 -0.07784390 0.03496054 0.07989067 0.02554629 0.12673824 0.01428333 0.05489993 -0.02144582
-0.06319278 -0.06089942 0.01178657 -0.02843893 0.07788633 0.02776116 0.09240206 -0.03809772 0.02539789 0.08044947 0.05451757 0.03656518 0.06524003 0.28025832 0.23644627 0.26913142 0.13342104 1.00000000 0.24175730 0.17484616 0.30395583 0.12437338 0.16511306 0.08390859 0.25681858 0.09480155 -0.11653388 0.06956869 0.12427582 -0.05318073 -0.08840471 0.05976321 0.04504007 0.11007586 0.06801091 -0.09065168 -0.04755211 -0.10716086 0.18104128 0.01474175 -0.01538829 -0.00755039 -0.10655223 0.02516970 0.06197999 -0.05223795 0.06368211 0.01112158 0.04725880 0.04508188 -0.10067274 0.08951901 0.01373629 -0.06595663 -0.06395921 -0.08759660 0.04248197 -0.11609578 0.10807880 0.02482609 -0.13411078 -0.02351657 -0.00728477 0.03739358 -0.01146620 0.06844221 -0.05066430 0.17884059 0.06715675 -0.03617070 -0.00231104 0.00226763 0.06136154 0.07434273 0.06909671 0.08115878 0.01919143 -0.00681116
0.04155211 0.04196506 0.04444433 -0.01169911 -0.05021740 -0.03161672 -0.01863320 0.02861940 0.04566076 0.10153203 -0.00627226 0.16008333 -0.02924811 0.18265628 0.30342409 0.19303662 0.25782344 0.24175730 1.00000000 0.25918336 0.17673950 0.17759956 0.21996219 0.15694584 0.23185688 0.13434489 -0.08434999 -0.16991600 0.07594621 0.03203974 -0.11782483 0.00643666 0.01974280 0.14568666 -0.10056413 -0.03619060 0.00163782 -0.07401437 -0.00496809 0.03269920 -0.04381305 -0.04745714 0.02787517 0.03923374 0.05912227 -0.07355363 0.01170796 -0.07387099 0.00682787 -0.06619469 -0.08769548 0.02825088 0.04510366 0.09775047 0.02995685 -0.00255577 -0.06816983 -0.06465056 0.00600936 -0.11529864 -0.06236482 -0.08967730 -0.02335783 0.02337957 0.03112386 0.03294960 -0.00386689 0.13392455 0.08867371 -0.03457312 0.03631428 0.05480030 0.06498724 -0.00393393 0.05817415 -0.03137922 0.07954640 -0.10741605
-0.03608536 -0.08636979 0.10144688 0.04169069 0.04372064 -0.00747873 -0.05896321 0.07989024 -0.01721297 0.08569260 -0.02955278 0.02651352 -0.01099114 0.26489247 0.19789581 0.20020532 0.17024059 0.17484616 0.25918336 1.00000000 0.16496257 0.11281949 0.17723572 0.13330304 0.20875885 0.26678919 -0.04333931 -0.05945092 -0.00296019 0.01740716 -0.01579297 -0.04886902 0.02076014 0.12893128 -0.06883226 -0.02639758 0.00008257 -0.02704052 0.10261819 0.07784435 0.12344399 0.09954012 0.08973332 0.09843989 0.07705451 0.03940788 0.15834289 0.01537851 0.07918718 -0.03143004 0.06054595 0.04578622 0.03027424 0.00837399 0.08622570 -0.01116464 0.00000712 -0.00432672 0.05860526 0.02917909 -0.02499103 0.00564054 0.02966857 -0.02573801 0.00469559 -0.00341101 -0.05474755 0.01145913 -0.00969618 -0.08673735 0.04013764 -0.05931333 -0.01368450 0.02088665 0.04805604 0.08144675 0.18970211 0.01535276
0.08994712 -0.04560230 0.07589295 -0.01104305 0.02420626 0.00292789 0.05720384 0.00856121 0.07177988 -0.00258970 -0.07216767 0.04235644 -0.02188181 0.18371557 0.25257733 0.11869224 0.30566559 0.30395583 0.17673950 0.16496257 1.00000000 0.15022998 0.23512071 0.14258186 0.16004004 0.07793213 -0.11267336 0.01110310 0.02783618 -0.03759038 -0.07712420 0.06658216 0.04297681 0.04326429 -0.03877456 -0.05792634 -0.02540691 -0.05946028 0.08226101 0.02008682 -0.00265870 0.05290280 -0.11159320 0.05803127 -0.09109410 -0.09756366 0.07058539 -0.08059214 0.00179045 -0.06566292 -0.07199121 -0.00027552 -0.01184044 0.02560498 0.01701235 -0.04852411 0.02253228 -0.01035318 0.07055424 0.01439647 -0.04333992 -0.06079022 0.01501595 -0.04408379 0.02573012 0.05952273 -0.11653126 0.04522822 0.06784168 -0.08752283 -0.00488603 0.02121405 0.01205505 0.05025517 0.04770804 0.00908399 -0.00373474 -0.05894369
0.02189221 0.01340961 0.06217904 0.00550153 0.09136494 0.08548916 0.05527488 0.13025171 0.01614673 0.06631164 -0.01323860 0.05008456 -0.05635632 0.18428716 0.07748310 0.24505930 0.20852894 0.12437338 0.17759956 0.11281949 0.15022998 1.00000000 0.10609952 0.20412854 0.29716975 0.15485678 -0.06184462 -0.08724099 -0.11751533 0.04682855 -0.14398700 0.03592112 -0.01840414 -0.14558604 0.05571241 -0.01901815 0.01960247 0.02026165 -0.02740456 0.04341734 -0.04853014 -0.03144274 0.02363076 0.05300880 -0.00786982 -0.00295176 -0.11615158 -0.00358293 -0.00432217 0.00556046 -0.11800443 -0.00832254 0.06306363 -0.05558906 -0.01613788 0.00199966 -0.04176455 -0.10292802 -0.03641317 -0.04912848 -0.08038877 -0.11112287 0.02309617 -0.01161627 0.06228700 0.13709930 0.05307883 0.11439510 0.04329419 -0.04796355 0.03499250 -0.00311551 0.02846218 -0.02390402 -0.05291858 0.05900476 0.05453256 -0.05777924
-0.02342071 -0.03758151 0.00545636 -0.02758432 -0.03039833 -0.07419603 -0.07136746 0.00757221 0.01117698 0.09354551 -0.07052703 -0.02327205 0.00391069 0.14811752 0.18851688 0.27546075 0.19006677 0.16511306 0.21996219 0.17723572 0.23512071 0.10609952 1.00000000 0.28369650 0.10813221 0.22050967 -0.08685458 -0.06791858 0.04197609 -0.00510070 0.03268622 -0.00997111 0.00538782 0.12671552 -0.05297650 0.04776900 -0.00629367 -0.01797312 0.04942296 -0.03577124 0.00620001 0.04018447 0.01383062 -0.01181410 0.09283727 -0.01909478 -0.05897788 0.04648250 -0.05666338 -0.03546227 -0.05589332 0.07500585 0.01060767 0.08328090 -0.06879763 -0.05534128 -0.06163638 -0.07873819 -0.03648510 -0.05754969 -0.04235674 -0.02924138 0.02404296 0.12135406 -0.00972611 0.00611470 -0.05461675 0.07173114 0.01468660 -0.13162209 0.01207703 -0.06010757 0.04176536 -0.06531050 0.03557410 0.06742340 -0.06640607 -0.11919257
-0.03642373 -0.01111537 0.08466456 0.01641569 -0.06287282 -0.03962835 0.04966723 -0.06367067 -0.06146947 0.02290405 0.01561212 -0.04148714 0.00659756 0.13130104 0.21876531 0.18715559 0.06088950 0.08390859 0.15694584 0.13330304 0.14258186 0.20412854 0.28369650 1.00000000 0.19841891 0.14963923 -0.08108887 -0.14711910 -0.02311643 0.08008577 -0.00680853 -0.03764597 -0.06757549 0.01574245 -0.04566986 -0.04749278 -0.00323149 -0.05670255 -0.04047831 -0.07873777 0.00756751 -0.01583630 -0.02312622 -0.04732032 0.00666128 0.06628326 -0.10270723 0.02133685 -0.03871705 -0.04661486 -0.07505865 0.11616079 -0.04435113 -0.04470964 -0.08723307 -0.05703507 -0.09439559 -0.08519058 0.01129471 -0.06310947 -0.07908540 -0.04634652 -0.05489523 -0.03021739 0.00540078 0.06095199 0.00022938 0.07704994 0.07200317 0.01318255 -0.02577416 0.01413453 -0.10204210 -0.05061913 -0.06192634 0.03857391 0.03541804 0.03867759
-0.00342955 -0.05482478 0.05409794 0.02122787 -0.02584072 0.00177291 -0.07015723 -0.01599960 -0.03815120 0.04503151 -0.03076952 0.02387710 0.02993511 0.23447295 0.20342771 0.21979582 0.05465231 0.25681858 0.23185688 0.20875885 0.16004004 0.29716975 0.10813221 0.19841891 1.00000000 0.25137783 -0.09792926 -0.14404269 0.02514766 -0.03794049 -0.00038685 -0.05703723 0.07601049 -0.06407064 0.04274719 -0.09280270 -0.01332418 0.01801407 0.05728064 -0.06072013 -0.05244885 0.06744436 -0.01458928 0.02282458 0.03768602 -0.01854073 0.02846570 0.02384405 -0.05160351 -0.00859438 -0.08515168 0.00385596 0.04336973 0.05470633 0.01693141 0.01970428 0.04983485 -0.10948699 0.10872198 -0.00782024 0.01725731 0.00986303 0.02665499 -0.01659484 0.11284838 0.09670500 -0.07207227 0.05837184 0.01162370 -0.06578770 0.12631060 0.10188838 0.02225059 0.01857656 -0.01460490 0.12640882 -0.00070663 -0.02491275
0.00117395 0.04595888 0.01334933 0.09066933 0.02050828 0.01614458 -0.00881616 0.10648795 -0.00469012 0.17771710 -0.04315928 -0.02055002 -0.04227344 0.06362072 0.15430355 0.27413743 0.11003058 0.09480155 0.13434489 0.26678919 0.07793213 0.15485678 0.22050967 0.14963923 0.25137783 1.00000000 -0.00146008 -0.00551257 -0.02668690 0.09390215 -0.05269489 -0.02219517 0.09161652 0.03428836 -0.02920135 -0.06990705 -0.02989245 0.00726497 -0.03496317 0.07690213 0.00530546 0.00507391 0.01423360 0.03242680 0.01077405 -0.00634861 0.01033492 -0.03798206 -0.01956010 -0.06479101 0.00076776 0.02127965 0.07143584 0.11347542 0.04002127 0.06794902 0.01558832 -0.00518717 0.06788778 0.01898749 -0.04045966 0.05514903 0.03441369 -0.02905227 0.04418074 -0.05659629 -0.02031530 -0.00828218 -0.02805326 -0.00195279 0.00883754 -0.03409565 -0.09993512 -0.05712875 0.07846284 0.00309536 0.11065009 0.00683332
-0.08084459 0.01864627 -0.06189685 0.08063616 0.06544972 -0.02454785 0.13892284 -0.01282301 0.04671424 0.06825823 0.04852682 -0.10471056 0.05223385 -0.08978459 -0.12942173 -0.05616256 0.00754696 -0.11653388 -0.08434999 -0.04333931 -0.11267336 -0.06184462 -0.08685458 -0.08108887 -0.09792926 -0.00146008 1.00000000 0.21043561 0.07614551 0.26096926 0.12591553 0.25463970 0.00641974 0.17881995 0.22770423 0.19440318 0.17536582 0.08953808 0.04049721 -0.11232613 0.03831544 0.07307950 -0.00840613 -0.05662898 -0.10794053 0.07731052 -0.05163242 0.01114225 -0.04148615 -0.02406232 0.07346004 0.04279323 0.04191234 0.05534576 -0.07513008 0.09050085 -0.01779347 0.12941184 -0.11084190 0.00711274 0.07203789 -0.04081946 -0.00464317 0.01052377 -0.02974753 0.00212426 0.07306244 0.01587678 -0.10893345 0.01402340 -0.00676286 0.12024877 0.09430432 0.05277349 0.11723347 0.03252042 -0.01351738 0.08047950
-0.16773384 -0.07380277 -0.15723707 -0.10456151 -0.06489148 -0.05251730 0.11601712 -0.06756040 -0.05451025 -0.05358405 0.04738381 -0.07635224 0.02904011 0.03954040 -0.14755412 -0.03004683 -0.00824364 0.06956869 -0.16991600 -0.05945092 0.01110310 -0.08724099 -0.06791858 -0.14711910 -0.14404269 -0.00551257 0.21043561 1.00000000 0.08685417 0.12164556 0.07608855 0.25521616 0.13682538 0.16828532 0.24515158 0.11316700 0.12423866 0.12078752 0.12383223 0.08408125 0.02403750 0.10211048 0.04240885 -0.02960151 -0.04905415 0.04895451 0.03707534 0.01096293 0.17674331 0.08221118 0.04420304 0.02859090 -0.04800707 0.07636039 -0.08096542 -0.03920457 -0.03979914 0.02441845 -0.06559184 0.06892648 0.02610434 0.00687079 -0.03490277 -0.02165070 -0.08669082 0.00223904 -0.00023658 0.03027887 -0.05635864 -0.07977914 0.03797415 0.08682896 0.05316492 0.09156918 0.08768955 0.07728995 -0.04979029 0.01161346
-0.05002834 0.05801243 0.05104454 0.10853090 0.05481076 -0.02710856 0.08087045 -0.09608669 0.06223544 0.12495499 -0.03018027 -0.00952109 0.13048079 -0.00847344 0.06085614 0.03437405 -0.02839017 0.12427582 0.07594621 -0.00296019 0.02783618 -0.11751533 0.04197609 -0.02311643 0.02514766 -0.02668690 0.07614551 0.08685417 1.00000000 0.12330508 0.01825294 0.13001917 -0.00516645 0.30317851 -0.00478203 0.12466499 0.12932332 0.07407504 0.15161569 -0.03861846 0.02018566 -0.02616113 0.00172019 -0.05934983 0.08367203 -0.05355582 0.12392943 -0.04029764 0.06217995 0.00241916 -0.08681254 -0.02143744 -0.01220485 -0.01070994 -0.04846697 -0.03458586 -0.05128515 -0.03979585 -0.05204812 -0.03638401 -0.03385704 -0.07154900 -0.04760635 0.03881084 -0.00174727 0.03333487 0.01064293 -0.02056301 -0.06555487 -0.00380847 -0.00445751 -0.01786104 -0.03724926 -0.03861206 -0.02630887 -0.06419306 -0.08727917 -0.00676066
-0.10789735 -0.04213415 -0.05434517 -0.10779252 -0.05006508 -0.08678239 0.04455996 -0.08617976 0.01756979 -0.09222014 0.01852438 0.00089257 -0.10389220 0.04366962 0.02964605 0.06730270 0.10149308 -0.05318073 0.03203974 0.01740716 -0.03759038 0.04682855 -0.00510070 0.08008577 -0.03794049 0.09390215 0.26096926 0.12164556 0.12330508 1.00000000 0.26454023 0.15854976 0.17002520 0.15382935 0.20491184 0.13152447 0.06118751 0.18859036 -0.05642411 -0.01380063 0.09617708 0.16234099 0.07512646 0.04083393 -0.04631850 0.05635558 -0.01452450 0.06060275 0.08143793 -0.07892444 0.00834184 -0.05599298 0.04626068 -0.01412100 -0.00431992 -0.02757247 -0.05114683 0.10243455 -0.12902827 -0.01157932 -0.09092663 0.02800628 0.06640967 0.02316943 0.06722155 -0.07618865 0.07354271 0.00677254 -0.09076266 0.01545117 0.01662633 0.03341197 0.03844495 0.02227047 0.01980452 0.04630697 0.06271571 0.02633750
0.00392894 -0.12224734 -0.08198117 -0.00633834 -0.07978979 -0.10902700 -0.09185857 -0.01868680 -0.00918779 -0.05692901 -0.06554969 -0.10749461 -0.07308696 0.01850387 -0.13975857 -0.02294611 -0.04369758 -0.08840471 -0.11782483 -0.01579297 -0.07712420 -0.14398700 0.03268622 -0.00680853 -0.00038685 -0.05269489 0.12591553 0.07608855 0.01825294 0.26454023 1.00000000 0.21741733 0.13497104 0.18752188 0.10577559 0.20517002 0.03009747 0.09647597 0.16607207 -0.02342159 0.01876510 0.11344107 0.02364534 0.07229693 0.02537841 0.07106727 -0.01073790 0.04091660 0.05361891 0.05523332 0.08983422 0.02854645 -0.03773563 0.10983384 0.05923875 -0.01616467 -0.00749418 0.14588452 -0.07776453 0.00331434 0.06914466 0.00308574 0.13237798 0.08828005 -0.01114942 0.03801436 -0.08541633 0.02220860 -0.04852758 0.01223750 -0.06029259 -0.01068621 0.01786030 0.02774811 0.04454573 0.18874583 -0.02145905 -0.06369472
-0.13836271 -0.03958957 -0.10298913 0.02595930 -0.04308211 -0.05760153 0.03595872 -0.00673918 0.02175703 -0.02988154 -0.05106317 -0.06854634 -0.01498696 0.06335357 -0.09762964 -0.04560784 0.00976163 0.05976321 0.00643666 -0.04886902 0.06658216 0.03592112 -0.00997111 -0.03764597 -0.05703723 -0.02219517 0.25463970 0.25521616 0.13001917 0.15854976 0.21741733 1.00000000 0.23708974 0.17668432 0.15202506 0.11595580 0.16124760 0.15038472 0.21383377 0.07701468 0.01185520 -0.07477981 -0.03102260 -0.00583408 -0.13389984 -0.03924938 -0.04968481 0.04436819 0.02110410 -0.03952819 -0.03001176 0.09617952 -0.06387754 -0.01363670 -0.12939151 0.04944554 -0.01308057 0.09040071 -0.01386562 -0.13956719 0.00991459 -0.04906069 -0.02658384 -0.04429759 0.04511878 0.08024331 -0.04299746 -0.00800504 0.01891505 -0.03065543 0.08320015 -0.02539190 -0.01541030 0.01646960 0.03358540 0.09049038 0.06512602 0.06438614
0.03047152 0.03106441 -0.00849240 -0.05565187 -0.05444846 -0.08479727 -0.06144638 0.01900218 0.00792837 0.01573430 0.01980178 -0.04053013 -0.02677864 0.01541125 -0.11411028 -0.01755266 0.08387678 0.04504007 0.01974280 0.02076014 0.04297681 -0.01840414 0.00538782 -0.06757549 0.07601049 0.09161652 0.00641974 0.13682538 -0.00516645 0.17002520 0.13497104 0.23708974 1.00000000 0.20012376 0.14374888 -0.05243838 0.06029471 0.21907173 0.11506258 0.07723201 0.04097503 0.08621491 0.12899306 -0.00257080 0.02732358 -0.00882164 0.05494141 0.07509770 0.00530722 -0.01094717 0.01676714 0.00635022 0.06448578 -0.01890716 -0.01910185 0.00204713 0.04985130 0.00049092 0.01377085 -0.04072756 -0.00612775 -0.03029431 0.01518114 -0.00608127 0.13947429 -0.05634877 -0.00598625 0.01532009 -0.09848476 -0.08491525 0.08388909 0.00937365 0.03619902 0.00370061 0.04225227 0.03806009 0.07623818 -0.07485076
-0.11051030 -0.00478844 -0.05312501 0.02896276 0.03567943 0.02452767 0.03733942 -0.05234281 0.05542888 0.08450901 0.02524995 -0.00908601 0.02807181 0.08645146 -0.00689005 0.09308855 0.05902811 0.11007586 0.14568666 0.12893128 0.04326429 -0.14558604 0.12671552 0.01574245 -0.06407064 0.03428836 0.17881995 0.16828532 0.30317851 0.15382935 0.18752188 0.17668432 0.20012376 1.00000000 0.05777175 0.20279409 0.14569619 0.06551768 0.21223503 0.09356238 0.07608486 0.05606490 0.07413148 0.10567265 0.09970414 0.01478548 0.15372863 0.02528110 0.09659515 0.07056226 0.09150219 0.11288044 -0.00960286 0.06875729 0.01022451 0.00657442 -0.00840177 -0.03155408 0.04349548 -0.01410788 -0.07967437 -0.02502779 -0.00069346 -0.01836972 -0.06147276 0.03872739 -0.08894983 0.04859017 0.05950361 -0.01448848 -0.02187290 0.00026323 -0.00724000 -0.00785232 0.02659092 -0.00556785 -0.03615026 -0.00903665
-0.08469576 -0.13101263 -0.00560906 -0.15379815 0.03790171 -0.04612424 0.02454889 -0.07541337 -0.00915681 -0.06523506 0.00145306 -0.05292431 0.04728511 -0.02094654 -0.07143497 0.06453034 -0.01112231 0.06801091 -0.10056413 -0.06883226 -0.03877456 0.05571241 -0.05297650 -0.04566986 0.04274719 -0.02920135 0.22770423 0.24515158 -0.00478203 0.20491184 0.10577559 0.15202506 0.14374888 0.05777175 1.00000000 0.01755636 0.29185675 -0.04628054 0.17645184 -0.00716932 -0.04161057 0.05563525 0.10002641 -0.01599647 0.03194904 0.01616388 -0.06615099 0.02101278 -0.05879316 0.03341988 -0.07535640 -0.10852185 0.09806844 0.00720207 -0.03409300 0.00181167 -0.04565068 -0.03242154 -0.02396606 0.03894288 -0.02387532 0.02908820 0.07615902 -0.03589838 -0.05757486 0.02965172 0.05453581 -0.01453429 -0.12242619 -0.11491558 0.09184187 0.01969563 -0.00677010 0.14367239 -0.00078782 0.12785958 -0.02058876 0.08554971
-0.05712037 -0.05214989 -0.09464967 0.02798918 0.07720268 0.00809858 0.00278084 -0.10267454 0.14148151 0.01281903 -0.09854855 0.03867549 0.00211510 0.01776566 -0.06542531 -0.07811540 0.03774238 -0.09065168 -0.03619060 -0.02639758 -0.05792634 -0.01901815 0.04776900 -0.04749278 -0.09280270 -0.06990705 0.19440318 0.11316700 0.12466499 0.13152447 0.20517002 0.11595580 -0.05243838 0.20279409 0.01755636 1.00000000 0.13198228 0.11591677 0.09511169 -0.03490178 0.09590555 0.00337420 0.00780174 -0.08167887 -0.06263221 0.04915841 -0.06217266 -0.08248839 0.00434697 -0.01276783 0.08870530 -0.09963432 0.01959308 -0.07493661 -0.03715483 -0.02296899 -0.04328768 0.09257668 -0.15457226 -0.11193134 0.02076117 -0.01242020 -0.00295434 0.09267708 -0.04962545 0.06461819 -0.00335751 -0.02463491 -0.02580699 0.07371990 -0.09234402 -0.01509260 -0.03890441 -0.09086857 0.07979894 0.00316459 -0.01765538 -0.02044124
0.04667786 -0.01290305 0.13108369 0.00801596 0.08690319 0.02406037 0.02397684 -0.00357236 0.13464308 -0.05813644 -0.01429524 0.10437335 -0.02629242 -0.03944486 -0.09252937 0.03488567 0.06109362 -0.04755211 0.00163782 0.00008257 -0.02540691 0.01960247 -0.00629367 -0.00323149 -0.01332418 -0.02989245 0.17536582 0.12423866 0.12932332 0.06118751 0.03009747 0.16124760 0.06029471 0.14569619 0.29185675 0.13198228 1.00000000 0.09846182 0.14040749 0.13716239 0.09310346 -0.01749668 0.05735523 -0.04668781 0.01524889 0.09016295 0.01793345 0.04815861 0.11531603 0.00963699 -0.01017042 0.03091929 0.05248326 -0.01122629 -0.09115560 0.06649403 0.05585395 -0.00150239 -0.02352638 0.06631576 0.04804550 0.00592865 -0.07780658 0.01718305 0.03552964 -0.00793398 0.07788523 0.00911752 -0.04868513 -0.07041059 0.00971063 0.07300198 -0.03095033 0.03122624 0.00948211 -0.00600458 -0.05883366 0.07259316
-0.08760287 0.08939087 -0.10442375 -0.01925754 -0.06595426 0.02998983 -0.03303235 0.06452858 0.05523519 -0.01214563 0.07657440 0.07005555 -0.04155646 0.07877835 -0.12732516 -0.01706422 -0.02975310 -0.10716086 -0.07401437 -0.02704052 -0.05946028 0.02026165 -0.01797312 -0.05670255 0.01801407 0.00726497 0.08953808 0.12078752 0.07407504 0.18859036 0.09647597 0.15038472 0.21907173 0.06551768 -0.04628054 0.11591677 0.09846182 1.00000000 0.00414459 0.04439679 -0.02617976 0.09462771 -0.00417102 -0.02894179 -0.12230998 -0.00071560 0.10269344 0.04429298 0.04760000 0.01022366 0.07145090 0.12083097 0.10757008 0.11109592 -0.02253055 0.09464829 0.13784147 0.08178567 0.00448137 -0.03210834 0.09347703 0.00081753 0.02436455 0.03525180 0.08465392 0.01072345 -0.01381619 0.03757984 -0.02487407 0.08221079 0.07072188 0.05163320 -0.00896527 -0.03917296 0.14840783 0.12472254 0.07599104 0.01034257
-0.00270275 0.00960336 -0.01160797 -0.03368879 -0.07196893 -0.03865047 -0.02076712 -0.04568449 -0.03597576 -0.00011380 -0.13303967 -0.09221714 -0.03984014 0.05219170 -0.09807728 0.10331677 0.04264193 0.18104128 -0.00496809 0.10261819 0.08226101 -0.02740456 0.04942296 -0.04047831 0.05728064 -0.03496317 0.04049721 0.12383223 0.15161569 -0.05642411 0.16607207 0.21383377 0.11506258 0.21223503 0.17645184 0.09511169 0.14040749 0.00414459 1.00000000 0.11002762 0.08344153 0.06872267 -0.00874254 0.01418555 0.04423711 0.05663345 0.13245301 -0.01345565 0.07319464 -0.01957191 0.06292376 0.07571632 0.06106262 0.04897678 -0.02401807 0.00353809 0.00594219 0.01970002 -0.05186866 -0.04455055 -0.02263267 0.06500795 0.04689485 -0.10620699 0.02706648 0.10247726 -0.04529140 0.07112321 -0.02558553 -0.09632428 0.02966714 -0.02941586 -0.01468632 -0.02223273 0.00868447 0.10457637 -0.08687128 -0.07184380
0.04835219 0.08744449 0.07831530 0.05234723 0.01869833 0.09016687 0.04684458 0.09031982 -0.09111909 0.03016248 -0.00550025 0.12189301 -0.06965891 -0.03210866 -0.09011389 0.00143783 0.09180030 0.01474175 0.03269920 0.07784435 0.02008682 0.04341734 -0.03577124 -0.07873777 -0.06072013 0.07690213 -0.11232613 0.08408125 -0.03861846 -0.01380063 -0.02342159 0.07701468 0.07723201 0.09356238 -0.00716932 -0.03490178 0.13716239 0.04439679 0.11002762 1.00000000 0.06885547 0.11213356 0.14048040 0.19901612 0.13858242 0.06769548 0.15953760 0.08935350 0.21826947 0.10881034 0.16822542 -0.03889990 -0.05399662 0.01660494 -0.01307541 0.04710314 0.02349079 0.02325564 0.07013446 -0.03039110 -0.06001458 0.07603418 0.02633512 0.03632380 0.01172902 0.08942549 0.08631720 -0.06104451 0.13355456 -0.00834582 0.09449063 0.04940007 -0.03089459 0.00209655 -0.05173607 0.02346927 0.13887428 0.08425110
0.00665824 0.11204003 -0.04215381 -0.00837294 -0.02360116 -0.04392979 -0.08700001 -0.02678659 0.01812581 -0.06155783 -0.09584756 0.05504054 -0.10626394 0.14444918 0.01655134 -0.08543157 0.06759339 -0.01538829 -0.04381305 0.12344399 -0.00265870 -0.04853014 0.00620001 0.00756751 -0.05244885 0.00530546 0.03831544 0.02403750 0.02018566 0.09617708 0.01876510 0.01185520 0.04097503 0.07608486 -0.04161057 0.09590555 0.09310346 -0.02617976 0.08344153 0.06885547 1.00000000 0.13967298 0.20596921 0.05175217 0.00731078 0.13259167 0.23062341 0.11870717 0.21094061 0.14760677 0.23536378 0.17378795 -0.00176755 -0.01838918 0.15452570 0.01752301 -0.01447138 0.03218553 0.00659010 0.10109110 0.08116443 0.08391485 -0.03921599 0.10008829 -0.03409669 -0.00845951 0.10037326 0.00947487 -0.01735132 -0.02523600 0.10659283 0.04662686 0.03949837 0.04517206 0.04995471 -0.04496670 0.09743895 0.07895059
-0.06417588 -0.00507167 -0.08871236 -0.13249316 -0.00738691 -0.05358773 0.05117638 0.01831200 -0.00172677 -0.06517102 -0.03456644 -0.00440159 -0.11163663 0.15810353 -0.07838749 0.11063657 0.02795232 -0.00755039 -0.04745714 0.09954012 0.05290280 -0.03144274 0.04018447 -0.01583630 0.06744436 0.00507391 0.07307950 0.10211048 -0.02616113 0.16234099 0.11344107 -0.07477981 0.08621491 0.05606490 0.05563525 0.00337420 -0.01749668 0.09462771 0.06872267 0.11213356 0.13967298 1.00000000 0.20111042 0.13376134 0.10428518 0.19113681 0.26516917 0.21812437 0.17485938 0.12397641 0.19905695 0.09392305 0.05398235 -0.04273814 0.09339478 -0.02557288 0.00447249 0.10351294 0.07026930 0.07748497 0.09501861 0.05484919 0.06121382 0.00789097 0.10421191 -0.00265901 0.09360796 0.03325681 0.01966526 0.02401238 0.08986226 0.11440347 0.02618848 -0.01892239 0.00627718 0.06984303 0.04709415 0.01268091
0.02006356 -0.02083729 0.00144737 -0.10819785 -0.04684029 -0.10974860 -0.16586253 -0.06372203 -0.15588776 -0.11166890 -0.12407009 -0.08803707 -0.05983493 0.08454332 -0.05897591 -0.00632586 -0.00993308 -0.10655223 0.02787517 0.08973332 -0.11159320 0.02363076 0.01383062 -0.02312622 -0.01458928 0.01423360 -0.00840613 0.04240885 0.00172019 0.07512646 0.02364534 -0.03102260 0.12899306 0.07413148 0.10002641 0.00780174 0.05735523 -0.00417102 -0.00874254 0.14048040 0.20596921 0.20111042 1.00000000 0.09775148 0.21127211 0.13783102 0.10281543 0.19418872 0.19279419 0.11044571 0.15994337 0.01942717 0.02131095 0.03521999 0.00157053 -0.10403376 0.07064645 -0.07805222 -0.00665679 0.02133156 0.00096216 0.01456262 -0.01146377 0.16659647 -0.03554993 0.07954403 0.02103142 0.01556453 0.01731382 0.04084144 0.13331293 -0.00308854 0.01911176 -0.07923189 0.05525277 0.07346392 0.07533772 0.04653838
0.03174991 0.07407073 0.11491623 0.00151895 -0.04062748 -0.07867591 -0.04728254 -0.07225444 0.04128578 -0.04908266 0.04331576 0.11567926 0.04063335 0.08847432 0.07289491 0.05206991 0.11656782 0.02516970 0.03923374 0.09843989 0.05803127 0.05300880 -0.01181410 -0.04732032 0.02282458 0.03242680 -0.05662898 -0.02960151 -0.05934983 0.04083393 0.07229693 -0.00583408 -0.00257080 0.10567265 -0.01599647 -0.08167887 -0.04668781 -0.02894179 0.01418555 0.19901612 0.05175217 0.13376134 0.09775148 1.00000000 0.24897845 0.15059085 0.13939046 0.15414029 0.17611738 0.09411685 0.14989336 0.10528055 -0.05407827 0.02629900 0.08516518 0.02611200 0.05140878 -0.08134373 0.10291611 -0.07819893 -0.01675570 0.05260624 -0.01873292 -0.03026654 0.06017551 -0.03772280 -0.05869347 -0.00689865 0.11738509 0.01278481 0.03593838 -0.06232537 0.07178824 -0.15010450 0.00782091 0.01938617 -0.00723804 0.01991087
0.00335914 0.03074435 -0.05186723 -0.00986667 0.06463037 -0.01928139 -0.00453880 -0.05649486 -0.08700026 0.06279788 -0.02475407 0.04431828 0.04053920 0.08167806 0.01780430 0.06904457 0.01337182 0.06197999 0.05912227 0.07705451 -0.09109410 -0.00786982 0.09283727 0.00666128 0.03768602 0.01077405 -0.10794053 -0.04905415 0.08367203 -0.04631850 0.02537841 -0.13389984 0.02732358 0.09970414 0.03194904 -0.06263221 0.01524889 -0.12230998 0.04423711 0.13858242 0.00731078 0.10428518 0.21127211 0.24897845 1.00000000 0.01461050 0.26155213 0.06565163 0.14090031 0.18390402 0.14727446 0.00168745 0.04156530 -0.00547168 0.01857790 -0.12262335 -0.03212693 -0.11237577 0.10760982 -0.00710935 -0.04329591 0.02009840 -0.04008306 0.08364284 0.07795730 0.00869960 -0.08762335 0.08060365 -0.05474843 -0.00801678 -0.02261793 -0.13788120 0.05173113 -0.09600763 -0.06284734 0.00463027 -0.08800854 -0.03082000
-0.04500151 -0.04169415 0.01975030 -0.01585191 -0.03904038 -0.00745806 0.05300335 -0.17215190 -0.02707611 -0.08466919 0.01173394 -0.12332224 -0.06212419 0.00800678 -0.01988129 0.03966391 -0.02889140 -0.05223795 -0.07355363 0.03940788 -0.09756366 -0.00295176 -0.01909478 0.06628326 -0.01854073 -0.00634861 0.07731052 0.04895451 -0.05355582 0.05635558 0.07106727 -0.03924938 -0.00882164 0.01478548 0.01616388 0.04915841 0.09016295 -0.00071560 0.05663345 0.06769548 0.13259167 0.19113681 0.13783102 0.15059085 0.01461050 1.00000000 0.03435556 0.22542595 0.10311679 0.16778162 0.11824437 0.21176338 0.15330406 0.10293946 0.03662721 0.05045480 0.05546397 0.04226219 0.04618797 0.11897476 0.17565617 0.06968076 0.12988186 0.01412906 0.03575511 -0.02507811 0.13035377 0.04929276 -0.01092500 0.06320157 0.03379046 0.08479199 0.05838606 0.11148781 -0.00999972 0.06687153 0.06760191 0.05831433
-0.05866185 -0.01309444 -0.01316180 0.04080885 0.07465620 0.05504448 0.00546869 0.00737105 -0.00237621 0.01705082 0.00824570 0.09998234 0.11243141 0.08661578 -0.01136229 0.00927670 -0.00262014 0.06368211 0.01170796 0.15834289 0.07058539 -0.11615158 -0.05897788 -0.10270723 0.02846570 0.01033492 -0.05163242 0.03707534 0.12392943 -0.01452450 -0.01073790 -0.04968481 0.05494141 0.15372863 -0.06615099 -0.06217266 0.01793345 0.10269344 0.13245301 0.15953760 0.23062341 0.26516917 0.10281543 0.13939046 0.26155213 0.03435556 1.00000000 0.07857527 0.36585070 0.03638660 0.14734540 0.18223883 0.05846459 -0.07713827 0.14057463 0.04132695 0.05519157 -0.03311452 0.11396210 0.03334939 -0.03565966 0.04552030 -0.11580159 -0.08584536 -0.05010329 -0.10545106 -0.09657263 -0.01260061 -0.09361033 0.00467971 0.13620449 0.05917422 0.10137960 0.01623356 -0.01622621 0.02478083 0.00613045 0.02172930
-0.01701295 0.11603937 -0.03615342 -0.11591728 -0.01395602 -0.06617846 -0.08140736 -0.03218097 -0.03255752 -0.06073457 0.00440276 -0.02583582 -0.04859244 -0.03783068 0.03524599 -0.04406634 -0.09860235 0.01112158 -0.07387099 0.01537851 -0.08059214 -0.00358293 0.04648250 0.02133685 0.02384405 -0.03798206 0.01114225 0.01096293 -0.04029764 0.06060275 0.04091660 0.04436819 0.07509770 0.02528110 0.02101278 -0.08248839 0.04815861 0.04429298 -0.01345565 0.08935350 0.11870717 0.21812437 0.19418872 0.15414029 0.06565163 0.22542595 0.07857527 1.00000000 0.12372221 0.15015654 0.11493696 0.07839805 0.03597552 -0.02808467 -0.01176455 -0.01650550 0.07131109 0.00436105 -0.00887430 -0.01459091 0.01455726 0.00804957 -0.07060083 0.06154226 -0.01129900 0.08249568 0.16154077 0.00641326 0.08185569 0.06253048 0.08570835 -0.00808103 0.12307077 0.06952200 -0.03063092 0.02752783 0.02403207 0.05208636
-0.09818931 0.10463191 -0.07954318 0.01853179 -0.01718284 0.01755483 0.05349141 -0.08941568 -0.00639106 0.04654759 0.08780304 0.09670152 0.03100529 0.05011309 0.04479769 0.01284837 0.08708262 0.04725880 0.00682787 0.07918718 0.00179045 -0.00432217 -0.05666338 -0.03871705 -0.05160351 -0.01956010 -0.04148615 0.17674331 0.06217995 0.08143793 0.05361891 0.02110410 0.00530722 0.09659515 -0.05879316 0.00434697 0.11531603 0.04760000 0.07319464 0.21826947 0.21094061 0.17485938 0.19279419 0.17611738 0.14090031 0.10311679 0.36585070 0.12372221 1.00000000 0.02501039 0.11458924 0.06910457 -0.08426454 -0.04389145 -0.00525409 -0.01564579 0.01261159 -0.03058344 0.02224997 0.04056089 0.04338410 -0.03986390 -0.03031514 0.08923952 -0.06997763 -0.05457830 -0.04452868 -0.04356650 0.09841679 0.08558148 0.02098337 -0.00942048 0.09656726 -0.06185304 0.10005101 0.00529166 -0.04073020 -0.02377636
-0.09336281 -0.02340443 -0.05618141 -0.06542185 -0.07337073 -0.06170042 -0.06724572 -0.07486256 -0.09057477 -0.06662944 0.06294762 -0.03402402 0.08237634 0.00706333 -0.10199130 0.00919105 -0.12921172 0.04508188 -0.06619469 -0.03143004 -0.06566292 0.00556046 -0.03546227 -0.04661486 -0.00859438 -0.06479101 -0.02406232 0.08221118 0.00241916 -0.07892444 0.05523332 -0.03952819 -0.01094717 0.07056226 0.03341988 -0.01276783 0.00963699 0.01022366 -0.01957191 0.10881034 0.14760677 0.12397641 0.11044571 0.09411685 0.18390402 0.16778162 0.03638660 0.15015654 0.02501039 1.00000000 0.13330343 0.19639178 0.09435490 0.00748096 -0.01240421 -0.08302647 0.04363311 0.00521742 0.11645996 -0.02091923 -0.03229513 -0.03591321 0.05080360 0.06048392 -0.06540700 0.08113199 0.08243347 0.05626406 0.07465586 0.05640244 0.08774915 0.07979195 0.02165782 0.04123945 -0.04674812 0.06532492 0.05905005 0.07226256
-0.01215055 0.07647193 0.02805770 -0.07365392 -0.14363976 0.00316346 -0.05084824 0.09031766 -0.00661826 -0.03698447 -0.01606707 0.03132364 -0.08398197 -0.01920994 -0.13391518 -0.05731362 0.00848074 -0.10067274 -0.08769548 0.06054595 -0.07199121 -0.11800443 -0.05589332 -0.07505865 -0.08515168 0.00076776 0.07346004 0.04420304 -0.08681254 0.00834184 0.08983422 -0.03001176 0.01676714 0.09150219 -0.07535640 0.08870530 -0.01017042 0.07145090 0.06292376 0.16822542 0.23536378 0.19905695 0.15994337 0.14989336 0.14727446 0.11824437 0.14734540 0.11493696 0.11458924 0.13330343 1.00000000 0.05918374 0.03419576 -0.01868055 0.08101351 0.02139667 0.09253640 0.06992883 -0.01691711 0.09605558 0.14920349 0.06801306 0.07664217 0.07513625 -0.10185480 -0.05250813 -0.02915824 -0.05087234 -0.04865262 0.04932723 0.00545142 -0.00473010 -0.03987304 -0.14283938 0.04892748 -0.01342786 0.08569967 0.06021835
-0.05688556 -0.03406466 0.01699891 -0.03038309 0.02973021 0.00364776 0.01210375 0.06956671 -0.04975652 -0.07084092 0.09553772 -0.00062503 -0.01993688 0.12068706 0.00470930 0.16020921 -0.09461351 0.08951901 0.02825088 0.04578622 -0.00027552 -0.00832254 0.07500585 0.11616079 0.00385596 0.02127965 0.04279323 0.02859090 -0.02143744 -0.05599298 0.02854645 0.09617952 0.00635022 0.11288044 -0.10852185 -0.09963432 0.03091929 0.12083097 0.07571632 -0.03889990 0.17378795 0.09392305 0.01942717 0.10528055 0.00168745 0.21176338 0.18223883 0.07839805 0.06910457 0.19639178 0.05918374 1.00000000 -0.01197250 0.02177909 -0.03433342 0.01086290 0.08618068 -0.01519110 0.04123630 0.06507529 -0.01712787 0.00711275 0.00749967 -0.01758352 -0.03255690 -0.03508588 -0.04020614 0.01446731 0.02335539 0.01869455 -0.06016286 0.08657562 0.04824797 -0.07729734 -0.03265141 -0.05234399 0.03159861 -0.01270414
0.00438149 -0.11664916 -0.04452151 -0.04361952 -0.01624200 0.00941707 0.00816163 -0.11676735 0.11847622 -0.05479343 -0.08760173 -0.01700739 -0.01590660 -0.04722584 -0.00023695 0.09649605 -0.02277947 0.01373629 0.04510366 0.03027424 -0.01184044 0.06306363 0.01060767 -0.04435113 0.04336973 0.07143584 0.04191234 -0.04800707 -0.01220485 0.04626068 -0.03773563 -0.06387754 0.06448578 -0.00960286 0.09806844 0.01959308 0.05248326 0.10757008 0.06106262 -0.05399662 -0.00176755 0.05398235 0.02131095 -0.05407827 0.04156530 0.15330406 0.05846459 0.03597552 -0.08426454 0.09435490 0.03419576 -0.01197250 1.00000000 0.16227136 0.25094428 0.16519632 0.30263901 0.05641361 0.18129795 0.17088095 0.16013082 0.19555286 0.18701872 0.21748021 0.13641430 0.07865776 0.11591624 -0.06438522 -0.04865871 -0.03065076 0.10962221 0.01392838 0.00789272 0.05101781 0.03786661 -0.00214435 0.06285606 -0.02790642
0.06700378 -0.01974838 0.01635267 -0.00558171 -0.04396557 -0.00380903 0.03979224 -0.09212365 0.05321162 -0.07774177 -0.00548138 0.05254643 -0.04569126 -0.01669037 0.02280239 0.01446430 0.01404512 -0.06595663 0.09775047 0.00837399 0.02560498 -0.05558906 0.08328090 -0.04470964 0.05470633 0.11347542 0.05534576 0.07636039 -0.01070994 -0.01412100 0.10983384 -0.01363670 -0.01890716 0.06875729 0.00720207 -0.07493661 -0.01122629 0.11109592 0.04897678 0.01660494 -0.01838918 -0.04273814 0.03521999 0.02629900 -0.00547168 0.10293946 -0.07713827 -0.02808467 -0.04389145 0.00748096 -0.01868055 0.02177909 0.16227136 1.00000000 0.12103135 0.14364828 0.21509454 0.17808118 0.09133245 0.21482939 0.13237511 0.06398932 0.15424931 0.24077508 0.18859769 -0.00454777 0.00609920 0.02398128 0.06411613 0.03722087 0.01036248 0.13861796 0.03583443 0.00649376 0.08608811 0.02593843 -0.05027891 0.04686823
0.07423388 0.02990730 0.00683952 0.09113437 0.07401160 0.05159825 0.05381079 -0.00115181 0.11719697 0.04282160 0.02193993 0.13738515 -0.02197268 -0.00241840 0.07524792 -0.14155196 0.04072468 -0.06395921 0.02995685 0.08622570 0.01701235 -0.01613788 -0.06879763 -0.08723307 0.01693141 0.04002127 -0.07513008 -0.08096542 -0.04846697 -0.00431992 0.05923875 -0.12939151 -0.01910185 0.01022451 -0.03409300 -0.03715483 -0.09115560 -0.02253055 -0.02401807 -0.01307541 0.15452570 0.09339478 0.00157053 0.08516518 0.01857790 0.03662721 0.14057463 -0.01176455 -0.00525409 -0.01240421 0.08101351 -0.03433342 0.25094428 0.12103135 1.00000000 0.19651950 0.14810732 0.19495583 0.18967504 0.16948008 0.19491604 0.17958538 0.17866363 0.07444501 0.23366254 0.00947138 0.07889477 -0.05992522 -0.01647777 -0.04184357 0.05272181 0.00384594 0.02369625 0.03811293 -0.06725034 -0.00936069 0.05827087 -0.00979492
0.00490892 0.06865687 0.04332899 0.06187047 -0.00920464 0.05060960 0.03253252 0.03007814 0.01734443 0.00075489 0.13946431 0.02817037 0.06257827 0.04890681 0.02714531 -0.06843495 0.07622621 -0.08759660 -0.00255577 -0.01116464 -0.04852411 0.00199966 -0.05534128 -0.05703507 0.01970428 0.06794902 0.09050085 -0.03920457 -0.03458586 -0.02757247 -0.01616467 0.04944554 0.00204713 0.00657442 0.00181167 -0.02296899 0.06649403 0.09464829 0.00353809 0.04710314 0.01752301 -0.02557288 -0.10403376 0.02611200 -0.12262335 0.05045480 0.04132695 -0.01650550 -0.01564579 -0.08302647 0.02139667 0.01086290 0.16519632 0.14364828 0.19651950 1.00000000 0.10978440 0.18608685 0.14106998 0.14333916 0.26128731 0.06773418 0.01471021 0.01870550 0.02870207 0.05000838 0.07188914 -0.07001181 0.01659161 0.08264688 0.06712583 0.04665411 -0.01136680 0.05720682 0.08816169 0.05889530 0.17190396 -0.00435495
0.03820315 -0.05957825 0.02002173 -0.02336085 -0.03344712 0.02309753 -0.03932145 0.00245008 0.07729887 -0.03141477 0.03323175 -0.00967471 -0.04572435 0.07192953 0.04068579 -0.03491705 0.00398956 0.04248197 -0.06816983 0.00000712 0.02253228 -0.04176455 -0.06163638 -0.09439559 0.04983485 0.01558832 -0.01779347 -0.03979914 -0.05128515 -0.05114683 -0.00749418 -0.01308057 0.04985130 -0.00840177 -0.04565068 -0.04328768 0.05585395 0.13784147 0.00594219 0.02349079 -0.01447138 0.00447249 0.07064645 0.05140878 -0.03212693 0.05546397 0.05519157 0.07131109 0.01261159 0.04363311 0.09253640 0.08618068 0.30263901 0.21509454 0.14810732 0.10978440 1.00000000 0.10713207 0.19641770 0.31933123 0.16433182 0.16521061 0.12625423 0.18349536 0.17436285 -0.10209903 -0.01461259 0.03940586 -0.04034130 0.01843114 0.00850977 0.03708833 0.07010439 -0.09013753 -0.00155683 0.01626405 -0.01061915 0.05111897
-0.00598915 -0.00408178 -0.04077414 -0.03287716 0.05689865 0.06545334 0.03943871 0.09268126 0.03614256 -0.08333069 0.00776783 -0.03636024 -0.03299817 0.00042099 0.01016456 -0.17676445 -0.04785204 -0.11609578 -0.06465056 -0.00432672 -0.01035318 -0.10292802 -0.07873819 -0.08519058 -0.10948699 -0.00518717 0.12941184 0.02441845 -0.03979585 0.10243455 0.14588452 0.09040071 0.00049092 -0.03155408 -0.03242154 0.09257668 -0.00150239 0.08178567 0.01970002 0.02325564 0.03218553 0.10351294 -0.07805222 -0.08134373 -0.11237577 0.04226219 -0.03311452 0.00436105 -0.03058344 0.00521742 0.06992883 -0.01519110 0.05641361 0.17808118 0.19495583 0.18608685 0.10713207 1.00000000 0.16957837 0.09595611 0.29018020 0.02329926 0.10257613 0.21191877 0.12609516 -0.02535262 0.00297235 0.00545071 -0.07982208 -0.00756867 0.01985454 0.02284065 0.04903713 -0.00796938 -0.02451357 0.03598163 0.09283541 0.06257311
-0.00247552 -0.00027119 0.01844432 0.01252781 0.03216261 0.04422049 0.04317330 -0.03417363 0.03637875 0.01817621 -0.01359132 0.02394967 0.05496828 0.04934437 0.09003457 0.07319242 0.03453391 0.10807880 0.00600936 0.05860526 0.07055424 -0.03641317 -0.03648510 0.01129471 0.10872198 0.06788778 -0.11084190 -0.06559184 -0.05204812 -0.12902827 -0.07776453 -0.01386562 0.01377085 0.04349548 -0.02396606 -0.15457226 -0.02352638 0.00448137 -0.05186866 0.07013446 0.00659010 0.07026930 -0.00665679 0.10291611 0.10760982 0.04618797 0.11396210 -0.00887430 0.02224997 0.11645996 -0.01691711 0.04123630 0.18129795 0.09133245 0.18967504 0.14106998 0.19641770 0.16957837 1.00000000 0.16282664 0.18781892 0.13785536 0.08575076 0.16486871 0.15523871 0.02363008 -0.03228877 0.04062278 -0.02061329 -0.07900351 0.14730657 0.03331186 0.02137814 0.10789138 -0.12360125 -0.01332670 -0.00448434 0.06554150
0.03038255 -0.13188967 -0.08388969 -0.03087421 -0.04301172 0.04106992 0.03973512 -0.02854120 -0.02756767 -0.07634222 0.01295778 -0.04995370 -0.12227626 0.02971701 0.05526148 0.02390880 -0.03835082 0.02482609 -0.11529864 0.02917909 0.01439647 -0.04912848 -0.05754969 -0.06310947 -0.00782024 0.01898749 0.00711274 0.06892648 -0.03638401 -0.01157932 0.00331434 -0.13956719 -0.04072756 -0.01410788 0.03894288 -0.11193134 0.06631576 -0.03210834 -0.04455055 -0.03039110 0.10109110 0.07748497 0.02133156 -0.07819893 -0.00710935 0.11897476 0.03334939 -0.01459091 0.04056089 -0.02091923 0.09605558 0.06507529 0.17088095 0.21482939 0.16948008 0.14333916 0.31933123 0.09595611 0.16282664 1.00000000 0.32102108 0.23901854 0.15536807 0.21581131 0.07806836 -0.11108015 -0.03017713 -0.03211590 -0.10692703 -0.05661272 -0.05624641 0.01491576 0.00789815 -0.02084268 0.04560069 0.01419913 -0.00374379 0.03954975
-0.01271094 0.04253577 -0.01827769 0.06087302 -0.09850332 0.08201655 0.06307557 -0.01049739 0.09661214 0.00700395 0.00326123 0.00336264 -0.07045648 0.04493350 -0.02196878 -0.12060914 -0.09728746 -0.13411078 -0.06236482 -0.02499103 -0.04333992 -0.08038877 -0.04235674 -0.07908540 0.01725731 -0.04045966 0.07203789 0.02610434 -0.03385704 -0.09092663 0.06914466 0.00991459 -0.00612775 -0.07967437 -0.02387532 0.02076117 0.04804550 0.09347703 -0.02263267 -0.06001458 0.08116443 0.09501861 0.00096216 -0.01675570 -0.04329591 0.17565617 -0.03565966 0.01455726 0.04338410 -0.03229513 0.14920349 -0.01712787 0.16013082 0.13237511 0.19491604 0.26128731 0.16433182 0.29018020 0.18781892 0.32102108 1.00000000 0.03515479 0.14946923 0.21902948 0.08238656 -0.00713947 -0.05249897 0.00555572 -0.00685300 -0.01338659 0.02361218 0.06846326 -0.00062022 0.01644112 -0.00387092 0.10079558 -0.00309058 -0.06242414
-0.05555733 -0.04569739 -0.04914377 -0.02763954 0.01464409 -0.07032820 -0.05408015 -0.04180098 -0.06493297 -0.04171470 -0.15555055 -0.05428583 0.03340053 0.02322550 -0.00166720 0.06329710 -0.09000542 -0.02351657 -0.08967730 0.00564054 -0.06079022 -0.11112287 -0.02924138 -0.04634652 0.00986303 0.05514903 -0.04081946 0.00687079 -0.07154900 0.02800628 0.00308574 -0.04906069 -0.03029431 -0.02502779 0.02908820 -0.01242020 0.00592865 0.00081753 0.06500795 0.07603418 0.08391485 0.05484919 0.01456262 0.05260624 0.02009840 0.06968076 0.04552030 0.00804957 -0.03986390 -0.03591321 0.06801306 0.00711275 0.19555286 0.06398932 0.17958538 0.06773418 0.16521061 0.02329926 0.13785536 0.23901854 0.03515479 1.00000000 0.24805169 0.13507773 0.31736210 0.02075418 0.07560038 -0.00361828 -0.03730884 -0.03446737 0.06746510 0.06926039 -0.00554349 0.02822230 0.00432593 -0.04015799 -0.03910459 0.04194294
0.01908749 -0.04562561 -0.08937488 -0.05903942 -0.03161422 -0.06451977 -0.06896927 -0.08474950 -0.05924204 0.00855780 -0.10669617 -0.07375239 -0.14305892 -0.02094956 0.01496437 0.09556244 -0.10773285 -0.00728477 -0.02335783 0.02966857 0.01501595 0.02309617 0.02404296 -0.05489523 0.02665499 0.03441369 -0.00464317 -0.03490277 -0.04760635 0.06640967 0.13237798 -0.02658384 0.01518114 -0.00069346 0.07615902 -0.00295434 -0.07780658 0.02436455 0.04689485 0.02633512 -0.03921599 0.06121382 -0.01146377 -0.01873292 -0.04008306 0.12988186 -0.11580159 -0.07060083 -0.03031514 0.05080360 0.07664217 0.00749967 0.18701872 0.15424931 0.17866363 0.01471021 0.12625423 0.10257613 0.08575076 0.15536807 0.14946923 0.24805169 1.00000000 0.05922479 0.13975695 -0.04474589 -0.02065025 -0.08778755 -0.05646593 -0.04609563 -0.05961104 -0.00906147 -0.04203943 0.00975546 -0.08232637 -0.01514669 -0.04035768 0.00975801
0.10129864 -0.07273812 0.02541311 0.01854634 0.10990469 0.00062642 -0.01768655 0.01252327 0.07554347 0.00581959 -0.00214713 0.02680429 -0.07590461 0.06202897 0.07862473 0.02409492 0.03760700 0.03739358 0.02337957 -0.02573801 -0.04408379 -0.01161627 0.12135406 -0.03021739 -0.01659484 -0.02905227 0.01052377 -0.02165070 0.03881084 0.02316943 0.08828005 -0.04429759 -0.00608127 -0.01836972 -0.03589838 0.09267708 0.01718305 0.03525180 -0.10620699 0.03632380 0.10008829 0.00789097 0.16659647 -0.03026654 0.08364284 0.01412906 -0.08584536 0.06154226 0.08923952 0.06048392 0.07513625 -0.01758352 0.21748021 0.24077508 0.07444501 0.01870550 0.18349536 0.21191877 0.16486871 0.21581131 0.21902948 0.13507773 0.05922479 1.00000000 0.15470628 0.09760492 0.12328507 0.02005160 -0.00147021 0.05267184 0.07144222 -0.01198127 0.08629649 0.03453314 0.05046405 0.04023387 0.04868087 0.07846592
0.06841894 0.02774558 0.01563784 -0.00264650 0.03472208 0.00274068 0.01095016 -0.04002571 0.06551843 -0.01502351 -0.10522653 0.04411038 -0.04145928 0.09694794 0.01338803 0.01799581 0.08967701 -0.01146620 0.03112386 0.00469559 0.02573012 0.06228700 -0.00972611 0.00540078 0.11284838 0.04418074 -0.02974753 -0.08669082 -0.00174727 0.06722155 -0.01114942 0.04511878 0.13947429 -0.06147276 -0.05757486 -0.04962545 0.03552964 0.08465392 0.02706648 0.01172902 -0.03409669 0.10421191 -0.03554993 0.06017551 0.07795730 0.03575511 -0.05010329 -0.01129900 -0.06997763 -0.06540700 -0.10185480 -0.03255690 0.13641430 0.18859769 0.23366254 0.02870207 0.17436285 0.12609516 0.15523871 0.07806836 0.08238656 0.31736210 0.13975695 0.15470628 1.00000000 -0.03625164 -0.01242923 -0.02500255 -0.03491142 -0.03262163 0.04162931 -0.05425696 -0.02071749 -0.12667202 -0.05576446 -0.08095142 -0.00265132 -0.03145351
0.00693591 -0.00502293 -0.01488707 -0.00387490 0.12929706 0.06097801 0.03500867 0.02841520 0.01591694 0.12894907 -0.02650662 -0.02398111 -0.06578708 0.04765413 -0.02535233 -0.01783591 0.07731276 0.06844221 0.03294960 -0.00341101 0.05952273 0.13709930 0.00611470 0.06095199 0.09670500 -0.05659629 0.00212426 0.00223904 0.03333487 -0.07618865 0.03801436 0.08024331 -0.05634877 0.03872739 0.02965172 0.06461819 -0.00793398 0.01072345 0.10247726 0.08942549 -0.00845951 -0.00265901 0.07954403 -0.03772280 0.00869960 -0.02507811 -0.10545106 0.08249568 -0.05457830 0.08113199 -0.05250813 -0.03508588 0.07865776 -0.00454777 0.00947138 0.05000838 -0.10209903 -0.02535262 0.02363008 -0.11108015 -0.00713947 0.02075418 -0.04474589 0.09760492 -0.03625164 1.00000000 0.24812908 0.15154768 0.22655000 0.09844828 0.18014613 0.14486166 0.13992358 0.16052476 0.04324840 0.23984321 0.15363244 0.08812786
-0.01939928 0.07307552 0.01145373 -0.00116900 0.04353330 0.01103744 -0.01052210 0.03071559 0.07097058 0.03152736 0.04994388 -0.00206730 -0.14430419 -0.00032211 -0.08442538 0.00088014 0.02961421 -0.05066430 -0.00386689 -0.05474755 -0.11653126 0.05307883 -0.05461675 0.00022938 -0.07207227 -0.02031530 0.07306244 -0.00023658 0.01064293 0.07354271 -0.08541633 -0.04299746 -0.00598625 -0.08894983 0.05453581 -0.00335751 0.07788523 -0.01381619 -0.04529140 0.08631720 0.10037326 0.09360796 0.02103142 -0.05869347 -0.08762335 0.13035377 -0.09657263 0.16154077 -0.04452868 0.08243347 -0.02915824 -0.04020614 0.11591624 0.00609920 0.07889477 0.07188914 -0.01461259 0.00297235 -0.03228877 -0.03017713 -0.05249897 0.07560038 -0.02065025 0.12328507 -0.01242923 0.24812908 1.00000000 0.15603182 0.04761284 0.23213211 0.22863912 0.30473216 0.10726668 0.19344204 0.11752806 0.02964290 0.32462417 0.31377924
-0.09288720 0.02307192 -0.03066951 -0.03024023 -0.00423660 -0.03991547 0.11591707 -0.02819928 0.05774163 -0.10512618 0.06393608 -0.04310037 -0.06380856 0.09006251 0.02871908 0.10591590 0.06093398 0.17884059 0.13392455 0.01145913 0.04522822 0.11439510 0.07173114 0.07704994 0.05837184 -0.00828218 0.01587678 0.03027887 -0.02056301 0.00677254 0.02220860 -0.00800504 0.01532009 0.04859017 -0.01453429 -0.02463491 0.00911752 0.03757984 0.07112321 -0.06104451 0.00947487 0.03325681 0.01556453 -0.00689865 0.08060365 0.04929276 -0.01260061 0.00641326 -0.04356650 0.05626406 -0.05087234 0.01446731 -0.06438522 0.02398128 -0.05992522 -0.07001181 0.03940586 0.00545071 0.04062278 -0.03211590 0.00555572 -0.00361828 -0.08778755 0.02005160 -0.02500255 0.15154768 0.15603182 1.00000000 0.11513271 0.08726863 0.09869550 0.23083390 0.32654175 0.21786481 0.22614929 0.13713435 0.03730440 0.14152853
-0.05953605 0.00479165 0.02826222 -0.01249803 0.00312847 0.10341908 0.07185160 0.01800306 0.05503199 0.00850833 0.07433871 0.10915749 -0.00571537 -0.06081996 0.07267142 0.00548068 0.00749061 0.06715675 0.08867371 -0.00969618 0.06784168 0.04329419 0.01468660 0.07200317 0.01162370 -0.02805326 -0.10893345 -0.05635864 -0.06555487 -0.09076266 -0.04852758 0.01891505 -0.09848476 0.05950361 -0.12242619 -0.02580699 -0.04868513 -0.02487407 -0.02558553 0.13355456 -0.01735132 0.01966526 0.01731382 0.11738509 -0.05474843 -0.01092500 -0.09361033 0.08185569 0.09841679 0.07465586 -0.04865262 0.02335539 -0.04865871 0.06411613 -0.01647777 0.01659161 -0.04034130 -0.07982208 -0.02061329 -0.10692703 -0.00685300 -0.03730884 -0.05646593 -0.00147021 -0.03491142 0.22655000 0.04761284 0.11513271 1.00000000 0.35859529 0.10665738 0.11733956 0.11374525 0.11938400 0.15777787 0.02137000 0.11945916 0.08126501
-0.11127380 0.07681451 0.04156065 -0.03193617 0.08104471 0.05157120 0.06634067 -0.03242840 0.06119474 0.06899924 0.13439804 0.04005243 -0.05975342 -0.05031791 -0.02921233 -0.06846501 -0.02889472 -0.03617070 -0.03457312 -0.08673735 -0.08752283 -0.04796355 -0.13162209 0.01318255 -0.06578770 -0.00195279 0.01402340 -0.07977914 -0.00380847 0.01545117 0.01223750 -0.03065543 -0.08491525 -0.01448848 -0.11491558 0.07371990 -0.07041059 0.08221079 -0.09632428 -0.00834582 -0.02523600 0.02401238 0.04084144 0.01278481 -0.00801678 0.06320157 0.00467971 0.06253048 0.08558148 0.05640244 0.04932723 0.01869455 -0.03065076 0.03722087 -0.04184357 0.08264688 0.01843114 -0.00756867 -0.07900351 -0.05661272 -0.01338659 -0.03446737 -0.04609563 0.05267184 -0.03262163 0.09844828 0.23213211 0.08726863 0.35859529 1.00000000 0.09460384 0.15009204 0.17474536 0.11717610 0.29375122 0.09187848 0.23843096 0.24265086
-0.05768806 -0.00515910 -0.03311585 -0.10418922 -0.01161007 -0.09120518 -0.07814232 0.02440520 -0.15896042 0.00554267 -0.00559882 -0.02085912 -0.12721899 0.09133833 -0.02106462 0.03639159 -0.07784390 -0.00231104 0.03631428 0.04013764 -0.00488603 0.03499250 0.01207703 -0.02577416 0.12631060 0.00883754 -0.00676286 0.03797415 -0.00445751 0.01662633 -0.06029259 0.08320015 0.08388909 -0.02187290 0.09184187 -0.09234402 0.00971063 0.07072188 0.02966714 0.09449063 0.10659283 0.08986226 0.13331293 0.03593838 -0.02261793 0.03379046 0.13620449 0.08570835 0.02098337 0.08774915 0.00545142 -0.06016286 0.10962221 0.01036248 0.05272181 0.06712583 0.00850977 0.01985454 0.14730657 -0.05624641 0.02361218 0.06746510 -0.05961104 0.07144222 0.04162931 0.18014613 0.22863912 0.09869550 0.10665738 0.09460384 1.00000000 0.25019358 0.24384811 0.22966506 0.07180292 0.25620048 0.22273622 0.21435562
-0.07243581 -0.01189776 -0.09311192 -0.04844151 0.05134299 -0.00929452 0.13359068 -0.04347485 -0.00989037 -0.03969517 -0.00623510 0.02060777 -0.05292307 0.05290825 -0.07675598 0.04944925 0.03496054 0.00226763 0.05480030 -0.05931333 0.02121405 -0.00311551 -0.06010757 0.01413453 0.10188838 -0.03409565 0.12024877 0.08682896 -0.01786104 0.03341197 -0.01068621 -0.02539190 0.00937365 0.00026323 0.01969563 -0.01509260 0.07300198 0.05163320 -0.02941586 0.04940007 0.04662686 0.11440347 -0.00308854 -0.06232537 -0.13788120 0.08479199 0.05917422 -0.00808103 -0.00942048 0.07979195 -0.00473010 0.08657562 0.01392838 0.13861796 0.00384594 0.04665411 0.03708833 0.02284065 0.03331186 0.01491576 0.06846326 0.06926039 -0.00906147 -0.01198127 -0.05425696 0.14486166 0.30473216 0.23083390 0.11733956 0.15009204 0.25019358 1.00000000 0.21757676 0.29727679 0.15017899 0.20787023 0.19265478 0.26369912
-0.01287079 -0.09006241 -0.02433724 -0.08982125 0.07187888 0.04396904 -0.01671531 -0.01722393 0.01320069 -0.02371987 0.03853677 -0.02273165 -0.06496407 0.01550737 0.03092645 0.03445040 0.07989067 0.06136154 0.06498724 -0.01368450 0.01205505 0.02846218 0.04176536 -0.10204210 0.02225059 -0.09993512 0.09430432 0.05316492 -0.03724926 0.03844495 0.01786030 -0.01541030 0.03619902 -0.00724000 -0.00677010 -0.03890441 -0.03095033 -0.00896527 -0.01468632 -0.03089459 0.03949837 0.02618848 0.01911176 0.07178824 0.05173113 0.05838606 0.10137960 0.12307077 0.09656726 0.02165782 -0.03987304 0.04824797 0.00789272 0.03583443 0.02369625 -0.01136680 0.07010439 0.04903713 0.02137814 0.00789815 -0.00062022 -0.00554349 -0.04203943 0.08629649 -0.02071749 0.13992358 0.10726668 0.32654175 0.11374525 0.17474536 0.24384811 0.21757676 1.00000000 0.22640165 0.23309207 0.14545443 0.02590201 0.16443477
-0.08699880 -0.08230560 -0.05647278 -0.10639829 0.11034071 0.00553910 0.11697606 -0.04175265 0.04637681 -0.02589656 -0.06240864 -0.06928946 -0.05317662 -0.00846159 0.02332155 0.02496891 0.02554629 0.07434273 -0.00393393 0.02088665 0.05025517 -0.02390402 -0.06531050 -0.05061913 0.01857656 -0.05712875 0.05277349 0.09156918 -0.03861206 0.02227047 0.02774811 0.01646960 0.00370061 -0.00785232 0.14367239 -0.09086857 0.03122624 -0.03917296 -0.02223273 0.00209655 0.04517206 -0.01892239 -0.07923189 -0.15010450 -0.09600763 0.11148781 0.01623356 0.06952200 -0.06185304 0.04123945 -0.14283938 -0.07729734 0.05101781 0.00649376 0.03811293 0.05720682 -0.09013753 -0.00796938 0.10789138 -0.02084268 0.01644112 0.02822230 0.00975546 0.03453314 -0.12667202 0.16052476 0.19344204 0.21786481 0.11938400 0.11717610 0.22966506 0.29727679 0.22640165 1.00000000 0.16828110 0.28205680 0.10717572 0.16175596
0.03150256 -0.00884908 -0.08199607 -0.05759981 0.00237993 -0.05604770 -0.02279233 0.01205761 0.04419894 -0.01084467 0.00261343 0.02527748 -0.00122666 0.09401049 0.02047637 0.05055904 0.12673824 0.06909671 0.05817415 0.04805604 0.04770804 -0.05291858 0.03557410 -0.06192634 -0.01460490 0.07846284 0.11723347 0.08768955 -0.02630887 0.01980452 0.04454573 0.03358540 0.04225227 0.02659092 -0.00078782 0.07979894 0.00948211 0.14840783 0.00868447 -0.05173607 0.04995471 0.00627718 0.05525277 0.00782091 -0.06284734 -0.00999972 -0.01622621 -0.03063092 0.10005101 -0.04674812 0.04892748 -0.03265141 0.03786661 0.08608811 -0.06725034 0.08816169 -0.00155683 -0.02451357 -0.12360125 0.04560069 -0.00387092 0.00432593 -0.08232637 0.05046405 -0.05576446 0.04324840 0.11752806 0.22614929 0.15777787 0.29375122 0.07180292 0.15017899 0.23309207 0.16828110 1.00000000 0.19128794 0.19466999 0.18338566
-0.06899304 -0.10627683 -0.04814575 -0.01773440 0.05240238 0.08595898 0.07418930 0.10977676 -0.01598722 0.05856607 0.03682847 -0.05876731 0.01352815 0.04043638 -0.00156544 0.08148164 0.01428333 0.08115878 -0.03137922 0.08144675 0.00908399 0.05900476 0.06742340 0.03857391 0.12640882 0.00309536 0.03252042 0.07728995 -0.06419306 0.04630697 0.18874583 0.09049038 0.03806009 -0.00556785 0.12785958 0.00316459 -0.00600458 0.12472254 0.10457637 0.02346927 -0.04496670 0.06984303 0.07346392 0.01938617 0.00463027 0.06687153 0.02478083 0.02752783 0.00529166 0.06532492 -0.01342786 -0.05234399 -0.00214435 0.02593843 -0.00936069 0.05889530 0.01626405 0.03598163 -0.01332670 0.01419913 0.10079558 -0.04015799 -0.01514669 0.04023387 -0.08095142 0.23984321 0.02964290 0.13713435 0.02137000 0.09187848 0.25620048 0.20787023 0.14545443 0.28205680 0.19128794 1.00000000 0.12471890 0.13970541
-0.02952942 -0.00611999 0.07552095 -0.01713528 0.04058501 0.08482333 -0.03650595 0.13837306 -0.00417339 0.08601104 0.09476186 0.05317132 -0.09325008 0.07865212 0.04848411 -0.05905945 0.05489993 0.01919143 0.07954640 0.18970211 -0.00373474 0.05453256 -0.06640607 0.03541804 -0.00070663 0.11065009 -0.01351738 -0.04979029 -0.08727917 0.06271571 -0.02145905 0.06512602 0.07623818 -0.03615026 -0.02058876 -0.01765538 -0.05883366 0.07599104 -0.08687128 0.13887428 0.09743895 0.04709415 0.07533772 -0.00723804 -0.08800854 0.06760191 0.00613045 0.02403207 -0.04073020 0.05905005 0.08569967 0.03159861 0.06285606 -0.05027891 0.05827087 0.17190396 -0.01061915 0.09283541 -0.00448434 -0.00374379 -0.00309058 -0.03910459 -0.04035768 0.04868087 -0.00265132 0.15363244 0.32462417 0.03730440 0.11945916 0.23843096 0.22273622 0.19265478 0.02590201 0.10717572 0.19466999 0.12471890 1.00000000 0.20694379
0.00065188 -0.03530855 0.02521146 -0.06381559 0.05484930 0.04271489 -0.02055657 -0.03723256 0.00786261 -0.09362742 0.01109463 -0.00000597 -0.04257764 0.08870734 0.00366206 0.02091700 -0.02144582 -0.00681116 -0.10741605 0.01535276 -0.05894369 -0.05777924 -0.11919257 0.03867759 -0.02491275 0.00683332 0.08047950 0.01161346 -0.00676066 0.02633750 -0.06369472 0.06438614 -0.07485076 -0.00903665 0.08554971 -0.02044124 0.07259316 0.01034257 -0.07184380 0.08425110 0.07895059 0.01268091 0.04653838 0.01991087 -0.03082000 0.05831433 0.02172930 0.05208636 -0.02377636 0.07226256 0.06021835 -0.01270414 -0.02790642 0.04686823 -0.00979492 -0.00435495 0.05111897 0.06257311 0.06554150 0.03954975 -0.06242414 0.04194294 0.00975801 0.07846592 -0.03145351 0.08812786 0.31377924 0.14152853 0.08126501 0.24265086 0.21435562 0.26369912 0.16443477 0.16175596 0.18338566 0.13970541 0.20694379 1.00000000
