1.00000000 0.27641293 0.47266132 0.58772959 0.46927502 0.43115912 0.57706441 0.50124537 0.43572831 0.59957505 0.39566213 0.40777885 0.50808090 0.38029707 0.45616079 0.06906144 0.16812214 0.37767835 0.43931025 0.26091593 0.32919174 0.42415007 0.24104412 0.24338619 0.58643267 0.34613560 0.48405142 0.45671788 0.43510526 0.31159107 0.39346041 0.41637789 0.41467953 0.23102945 0.33195820 0.46674804 0.43673425 0.37323452 0.38517217 0.35210558 0.32424428 0.31099318 0.36432417 0.17094237 0.29043924 0.33816962 0.22678590 0.35057203 0.36204239 0.45604559 0.47894558 0.34668823 0.34305975 0.22244441 0.31661746 0.36313233 0.27417867 0.34561445 0.36500446 0.35849555 0.35065609 0.44485560 0.46574616 0.37443680 0.44742234 0.34186516 0.26957787 0.34873347 0.26247895 0.33171201 0.30462760 0.30281485 0.34520778 0.29390507 0.44387623 0.41446587 0.30992220 0.36792731
0.27641293 1.00000000 0.44860236 0.43081656 0.32223081 0.46494058 0.42899323 0.41791743 0.24843878 0.33925486 0.28920318 0.24391599 0.36837305 0.20024583 0.15118152 0.39312884 0.29904075 0.23948458 0.22906247 0.22924504 0.25392895 0.15457144 0.26802073 0.20250964 0.08779310 0.34356885 0.14472958 0.25466090 0.27809812 0.03317116 -0.12570734 0.21082241 0.20069976 0.20248583 0.19374058 0.14598067 0.21508303 0.07504233 0.22304727 0.12813155 0.30258206 -0.04263922 0.10016999 -0.02568908 -0.02263707 0.13668140 0.02408007 0.08942454 0.07427282 -0.01754679 -0.04914195 0.21588307 0.13294883 0.14220992 0.05649166 0.08005038 0.21879519 -0.00409359 0.07724330 0.09043263 0.01504907 0.09432974 0.21612088 0.14909593 0.14448439 0.19559180 0.17205979 0.15389843 0.31890805 0.18710373 0.19691779 0.30915163 0.17449457 0.14238331 0.20650449 0.09676274 0.11807270 0.20275890
0.47266132 0.44860236 1.00000000 0.55353500 0.60574264 0.61549233 0.61302998 0.43033601 0.54787782 0.59495870 0.62414060 0.49350704 0.61038510 0.07103583 0.35210038 0.07773138 0.07181318 0.37992683 0.44530800 0.34822732 0.13504420 0.18973254 0.11910558 0.10676969 0.43438879 0.37582160 0.42381429 0.38909589 0.42447007 0.17790310 0.23410399 0.43492304 0.32762494 0.29390415 0.38548699 0.50109917 0.47384896 0.23489522 0.31033825 0.26201719 0.25509214 0.23253281 0.25357765 0.10923720 0.14848115 0.17515366 0.24145204 0.24670455 0.28553067 0.27059085 0.30134219 0.30561670 0.30130811 0.24754072 0.25997104 0.21353622 0.34052583 0.25377243 0.09186488 0.15506952 0.20131555 0.18830298 0.32980066 0.26854710 0.25751436 0.28124824 0.16745850 0.35176029 0.34703093 0.35912555 0.35077646 0.27426798 0.30536835 0.14485634 0.34684100 0.28612850 0.27030620 0.31688157
0.58772959 0.43081656 0.55353500 1.00000000 0.38289845 0.64669624 0.59038762 0.45632823 0.53250173 0.71014191 0.48484082 0.44797469 0.53129265 0.20417324 0.42688404 0.08786467 0.24773618 0.26478107 0.45753694 0.45867056 0.23443570 0.38642056 0.20579627 0.30128392 0.49103730 0.52466668 0.46581484 0.33676207 0.43504538 0.32872610 0.26130016 0.30238498 0.48565210 0.21668676 0.35454201 0.43497559 0.47567991 0.30870458 0.28637649 0.29493024 0.34883738 0.23354596 0.38909603 0.18592963 0.25607189 0.32418093 0.29379601 0.40129938 0.32034903 0.37430969 0.33838199 0.36576564 0.38815218 0.29773987 0.28685411 0.30388328 0.24749914 0.33103800 0.19681249 0.21244567 0.30204303 0.27033527 0.45753572 0.39614531 0.30736787 0.33996861 0.24261934 0.33780074 0.39201439 0.33664508 0.36270214 0.39546028 0.29924661 0.32177290 0.31465165 0.36512622 0.34549186 0.31082065
0.46927502 0.32223081 0.60574264 0.38289845 1.00000000 0.52489610 0.70705741 0.36930919 0.43342842 0.46352080 0.67826259 0.60117436 0.71494176 0.13604980 0.30756877 0.19048627 0.17100026 0.39855558 0.50869592 0.25771469 0.11212500 0.15020735 -0.01752265 0.11780049 0.43661426 0.24645182 0.40413294 0.34955416 0.49482367 0.14444492 0.30427847 0.27859452 0.30724629 0.30018110 0.54357649 0.67373600 0.52063770 0.18053842 0.35159103 0.31041246 0.31946942 0.16555869 0.28554501 0.13359094 0.21373628 0.15992523 0.29727670 0.13550582 0.29155284 0.27785183 0.25052284 0.33406757 0.26439437 0.25442234 0.28201108 0.19652785 0.36267173 0.27197475 0.10081771 0.06106790 0.19648425 0.04549426 0.21424120 0.11810223 0.12915453 0.32219053 0.13562520 0.26487858 0.27118173 0.31143137 0.28526049 0.22228119 0.28262346 0.10935338 0.33290406 0.23127156 0.22271017 0.31121420
0.43115912 0.46494058 0.61549233 0.64669624 0.52489610 1.00000000 0.59824604 0.53424185 0.47256209 0.65826745 0.64850991 0.48756347 0.54544663 0.16544427 0.36656529 0.20067198 0.29000610 0.36306241 0.52735751 0.49131116 0.17987122 0.21890674 0.23868675 0.21126277 0.36805094 0.52748994 0.39951518 0.31889924 0.50226800 0.23027096 0.17975977 0.21777723 0.41016691 0.32390954 0.44934733 0.46352574 0.45831522 0.17891446 0.27852723 0.36626442 0.30883650 0.20134127 0.31932625 0.18288188 0.24519377 0.23502863 0.38412445 0.33892954 0.28647897 0.24287469 0.25239871 0.36578854 0.38458058 0.26629626 0.27578413 0.22848290 0.29620739 0.32314600 0.08631783 0.12591940 0.21775403 0.18009828 0.36470629 0.31058077 0.22282803 0.35239099 0.19974886 0.32486053 0.42450608 0.37071463 0.38783016 0.36789140 0.28472011 0.24967777 0.32171011 0.29799851 0.29499505 0.27678552
0.57706441 0.42899323 0.61302998 0.59038762 0.70705741 0.59824604 1.00000000 0.40440137 0.64345619 0.57893534 0.72366829 0.59184652 0.73590909 0.24776391 0.44482221 0.14439638 0.29108158 0.34015000 0.54907629 0.43086214 0.24370672 0.43501219 0.03920985 0.25361126 0.60731398 0.38438390 0.51417039 0.43995501 0.52470438 0.39317329 0.33693273 0.35649264 0.49265769 0.31545456 0.56537140 0.62028197 0.61822898 0.33587359 0.35959884 0.36484319 0.32244740 0.31146247 0.40461753 0.19062815 0.32220969 0.38904669 0.36762953 0.35039708 0.38611947 0.42950423 0.45141106 0.41345667 0.33830309 0.30884827 0.31492131 0.42331398 0.26665514 0.42321523 0.35014231 0.20965738 0.37276129 0.21361470 0.43074676 0.36452811 0.31270964 0.37004565 0.29652313 0.35414749 0.40057792 0.34839280 0.35658094 0.43429403 0.37300490 0.33891415 0.34416864 0.45634099 0.33408905 0.35166036
0.50124537 0.41791743 0.43033601 0.45632823 0.36930919 0.53424185 0.40440137 1.00000000 0.39906218 0.66090097 0.29050687 0.46543910 0.47738280 0.28282727 0.35895906 0.13839956 0.23961908 0.51227876 0.51519895 0.37924597 0.36699492 0.26223109 0.27072254 0.22123104 0.33229439 0.37084875 0.36048090 0.43126511 0.44867874 0.28395556 0.27504078 0.38618351 0.44199775 0.53001207 0.24866829 0.37303522 0.40183614 0.27893146 0.44553700 0.43439725 0.30222682 0.35147599 0.29228370 0.29588293 0.29712063 0.32001549 0.42739175 0.37751392 0.34652416 0.26391218 0.34248966 0.39015093 0.37685656 0.26757604 0.33571665 0.26303374 0.23192366 0.34645234 0.23799061 0.29002576 0.23772142 0.33983067 0.34127569 0.38933089 0.36210028 0.34447262 0.36122758 0.43430928 0.38991761 0.45081793 0.44493944 0.41241806 0.44551210 0.26283879 0.47965116 0.37473420 0.30460305 0.40038821
0.43572831 0.24843878 0.54787782 0.53250173 0.43342842 0.47256209 0.64345619 0.39906218 1.00000000 0.59371895 0.67357967 0.70154048 0.54734706 0.32837760 0.53785612 -0.00578448 0.33495525 0.35630537 0.54426058 0.50164759 0.22628823 0.41869880 0.11487302 0.29937234 0.52689925 0.42603846 0.56849996 0.46742075 0.45198464 0.59928441 0.56776791 0.36287194 0.57665453 0.35031611 0.51777803 0.59204870 0.61308255 0.52596490 0.43397975 0.43693026 0.45046204 0.49631212 0.56505013 0.39467877 0.48018179 0.49321061 0.54065454 0.53625131 0.48396643 0.56522731 0.53814685 0.49117063 0.52448959 0.52065877 0.51568597 0.49127603 0.36652854 0.58401005 0.32633402 0.35973581 0.53241901 0.30376787 0.50562065 0.47573783 0.29329738 0.48305257 0.33266667 0.42040326 0.42567265 0.46795187 0.53122292 0.46606525 0.38847065 0.45337937 0.45648653 0.53331578 0.53430518 0.46296152
0.59957505 0.33925486 0.59495870 0.71014191 0.46352080 0.65826745 0.57893534 0.66090097 0.59371895 1.00000000 0.56918433 0.56378786 0.56884881 0.27604132 0.50934559 0.03885384 0.23232296 0.42712833 0.58338980 0.50666996 0.23115548 0.32841689 0.18755091 0.27336555 0.49179757 0.51798946 0.54814623 0.48715479 0.52012465 0.36698973 0.38172531 0.35866612 0.50234301 0.45248052 0.40052474 0.56497943 0.56247819 0.36584395 0.45998775 0.46357017 0.36784122 0.40307223 0.41671634 0.33674254 0.33224362 0.35980135 0.47957338 0.48093429 0.45725497 0.40335735 0.46492034 0.48594185 0.54727816 0.41468428 0.41197952 0.35971505 0.33182575 0.48945906 0.25029961 0.27836208 0.35328768 0.37004657 0.48519912 0.48604139 0.42152977 0.42751045 0.40084107 0.48294913 0.44954799 0.52788090 0.49851810 0.46916882 0.46462225 0.34008968 0.49143982 0.44738489 0.38703750 0.44085306
0.39566213 0.28920318 0.62414060 0.48484082 0.67826259 0.64850991 0.72366829 0.29050687 0.67357967 0.56918433 1.00000000 0.70821036 0.68234587 0.19590532 0.46066660 0.11947518 0.32336459 0.34583625 0.60149953 0.51942889 0.12498824 0.28987898 0.05374243 0.26381295 0.53596530 0.41668155 0.55991126 0.41516970 0.55721432 0.39791175 0.42665145 0.26320810 0.48515225 0.35273870 0.60800484 0.70897584 0.64493024 0.40365585 0.38887296 0.43212880 0.41449741 0.34360398 0.49740983 0.27968163 0.41178614 0.33687090 0.52169462 0.40518188 0.38573811 0.46081913 0.42963728 0.46911946 0.45873258 0.45373846 0.43798309 0.35974418 0.36783860 0.50819599 0.17538714 0.15365853 0.40203869 0.12838626 0.44522887 0.35299122 0.15569114 0.46150208 0.24191449 0.38167383 0.43724426 0.45015726 0.46205783 0.41249431 0.34736636 0.31263137 0.38819341 0.41773953 0.48008254 0.38761090
0.40777885 0.24391599 0.49350704 0.44797469 0.60117436 0.48756347 0.59184652 0.46543910 0.70154048 0.56378786 0.70821036 1.00000000 0.59589275 0.37286518 0.41362583 0.14730950 0.41295255 0.38807834 0.58083015 0.48911227 0.21388801 0.31890378 0.10325940 0.32320483 0.51762090 0.35433513 0.58768048 0.46532458 0.59483823 0.54440045 0.54016573 0.34062385 0.55341201 0.46808941 0.55363843 0.70111249 0.68697836 0.53487717 0.47765648 0.48899123 0.43039751 0.43766979 0.52078617 0.41868219 0.49517277 0.38670516 0.60389789 0.43632746 0.48016208 0.49513304 0.49746572 0.45962640 0.54496783 0.49475573 0.53929842 0.40678912 0.36301654 0.58645330 0.28485614 0.29620096 0.44711664 0.25856698 0.47658969 0.45461198 0.23618582 0.53163606 0.35583598 0.45794674 0.48439695 0.54028175 0.56849026 0.47139344 0.41219188 0.37197173 0.48544896 0.48453300 0.54276527 0.46894546
0.50808090 0.36837305 0.61038510 0.53129265 0.71494176 0.54544663 0.73590909 0.47738280 0.54734706 0.56884881 0.68234587 0.59589275 1.00000000 0.26079011 0.42930591 0.16030327 0.29065827 0.46878624 0.53118026 0.35137373 0.26594729 0.31892879 0.16499837 0.26230996 0.49608703 0.35137054 0.52970219 0.51972436 0.57460252 0.37131164 0.39640616 0.42154805 0.52822669 0.43330562 0.52631941 0.65828497 0.63945176 0.38284066 0.50587665 0.41129477 0.41015672 0.33313749 0.41345840 0.24142241 0.31046603 0.32184305 0.42028424 0.36994374 0.44185897 0.41017218 0.42834927 0.48523169 0.38902107 0.38818082 0.39071675 0.35069161 0.36081092 0.42037009 0.25288162 0.21973526 0.33963961 0.24182042 0.43881775 0.35433267 0.32477727 0.40794702 0.32850356 0.45389758 0.45833050 0.44610895 0.41957079 0.45374745 0.41379315 0.31531799 0.46183195 0.43023227 0.40525714 0.47889289
0.38029707 0.20024583 0.07103583 0.20417324 0.13604980 0.16544427 0.24776391 0.28282727 0.32837760 0.27604132 0.19590532 0.37286518 0.26079011 1.00000000 0.34857722 0.39286919 0.55736751 0.39510580 0.28174639 0.19421915 0.51805890 0.50576896 0.41412165 0.50951714 0.30517563 0.27330405 0.44414273 0.46966186 0.33153443 0.45325615 0.35502965 0.29797902 0.39582224 0.30003734 0.20461755 0.31523476 0.39211531 0.47790254 0.44896888 0.36673222 0.34292448 0.33483441 0.31687675 0.33496405 0.38996125 0.38186390 0.30799406 0.33989836 0.41389504 0.37963680 0.36641902 0.32180239 0.40037055 0.34122560 0.37933935 0.31707436 0.22152746 0.40551516 0.41754609 0.46788563 0.33523916 0.45927770 0.45104149 0.44242425 0.39885293 0.42711736 0.43075075 0.37169716 0.33632790 0.44863194 0.41908728 0.45144160 0.34337082 0.44765850 0.47194938 0.42629643 0.37627029 0.43967570
0.45616079 0.15118152 0.35210038 0.42688404 0.30756877 0.36656529 0.44482221 0.35895906 0.53785612 0.50934559 0.46066660 0.41362583 0.42930591 0.34857722 1.00000000 -0.13063344 0.23249048 0.52574761 0.68191355 0.50688664 0.28404854 0.47255988 0.14709111 0.20485896 0.62912673 0.59781195 0.55312463 0.60540019 0.32569349 0.46169949 0.53163576 0.33354624 0.40839451 0.25542188 0.41917924 0.49810570 0.47562060 0.41734850 0.42246680 0.32336623 0.45247665 0.47432352 0.47187149 0.35955280 0.41186689 0.41430594 0.43132655 0.43314429 0.51177843 0.51451544 0.53219200 0.49930102 0.49876823 0.53951479 0.43711843 0.46151777 0.36429444 0.55495794 0.31092702 0.27369196 0.50649634 0.30513418 0.43291580 0.42164194 0.44292392 0.39343218 0.48301858 0.39919370 0.29132492 0.47584554 0.47461218 0.36585207 0.40375968 0.41257379 0.46213544 0.49670400 0.40082036 0.53522874
0.06906144 0.39312884 0.07773138 0.08786467 0.19048627 0.20067198 0.14439638 0.13839956 -0.00578448 0.03885384 0.11947518 0.14730950 0.16030327 0.39286919 -0.13063344 1.00000000 0.60561381 0.13364396 0.07700154 0.13222008 0.41807960 0.18209983 0.48731152 0.55115836 -0.00803216 0.21020822 0.04284897 0.09192835 0.33428067 0.05649878 -0.12948052 0.07506983 0.13468055 0.23550514 0.08242659 0.07393173 0.17014372 0.16682729 0.25961112 0.08982510 0.15903569 -0.06292375 0.00162218 -0.00162642 0.07394218 0.09465568 -0.01219407 0.00960594 -0.03972804 0.00544472 -0.07928720 0.09331917 0.04880963 0.03327909 -0.02191196 -0.00028809 0.09490829 -0.04607535 0.15919222 0.15809899 -0.11268900 0.18927212 0.25736396 0.17505029 0.09812129 0.23761867 0.07039191 0.16200312 0.31990602 0.10537051 0.09674538 0.29199107 0.17421924 0.15651514 0.18686991 0.06345602 0.09584805 0.11358484
0.16812214 0.29904075 0.07181318 0.24773618 0.17100026 0.29000610 0.29108158 0.23961908 0.33495525 0.23232296 0.32336459 0.41295255 0.29065827 0.55736751 0.23249048 0.60561381 1.00000000 0.24370880 0.33939542 0.40201490 0.51908299 0.37964014 0.46542159 0.61415245 0.16246905 0.37860675 0.30290163 0.30191773 0.45946908 0.37896741 0.19289064 0.09397473 0.38082773 0.37239123 0.26614425 0.29634526 0.40747355 0.38183952 0.39725891 0.30150157 0.37126553 0.24323530 0.33893124 0.29086927 0.38256877 0.35391359 0.34616016 0.33159599 0.23381174 0.31024660 0.23352365 0.35355066 0.36329412 0.36556393 0.29307183 0.29202102 0.20020668 0.33439468 0.32324019 0.30823792 0.23849140 0.33653644 0.46658239 0.45122225 0.25430787 0.45225443 0.34291027 0.33775341 0.47928697 0.36918290 0.36289212 0.51210169 0.34461057 0.42975355 0.35225913 0.34066499 0.36311052 0.34353089
0.37767835 0.23948458 0.37992683 0.26478107 0.39855558 0.36306241 0.34015000 0.51227876 0.35630537 0.42712833 0.34583625 0.38807834 0.46878624 0.39510580 0.52574761 0.13364396 0.24370880 1.00000000 0.49950761 0.28378238 0.44858217 0.35110019 0.27263668 0.26242990 0.36993083 0.29689055 0.34644697 0.47297377 0.37679237 0.29950350 0.39818712 0.39363025 0.35088462 0.40918023 0.29124429 0.44606943 0.40456385 0.29919671 0.45827226 0.35270051 0.34001289 0.35516543 0.30382745 0.33179553 0.31694796 0.27653511 0.37218193 0.27008743 0.42501329 0.27485088 0.36563350 0.36578248 0.30654094 0.36196487 0.33260990 0.27340148 0.34579050 0.34129646 0.20211395 0.27655952 0.26596812 0.24399085 0.29374418 0.29595752 0.32155220 0.32909947 0.30775511 0.36665543 0.27714676 0.41994465 0.38726823 0.32870428 0.34210434 0.22939992 0.50540040 0.36225008 0.31485214 0.44022205
0.43931025 0.22906247 0.44530800 0.45753694 0.50869592 0.52735751 0.54907629 0.51519895 0.54426058 0.58338980 0.60149953 0.58083015 0.53118026 0.28174639 0.68191355 0.07700154 0.33939542 0.49950761 1.00000000 0.59773181 0.17375366 0.40875937 0.03652952 0.21966576 0.66344863 0.54238825 0.60692076 0.50259840 0.53389988 0.40701535 0.42570821 0.27879345 0.46235169 0.44410468 0.53672645 0.63217703 0.58182026 0.40678197 0.41100386 0.49461678 0.44456167 0.46882344 0.49375302 0.39028704 0.46514951 0.40819966 0.57957775 0.47299022 0.47787935 0.46671834 0.48506794 0.54482419 0.52849282 0.46258601 0.50523623 0.40855818 0.39113559 0.57821892 0.23834935 0.21052634 0.45300149 0.18635761 0.39607198 0.43771410 0.29380077 0.48898193 0.42208792 0.45809883 0.43699250 0.54863643 0.57301915 0.47612975 0.45425014 0.37939943 0.49126412 0.47337125 0.46208757 0.47249505
0.26091593 0.22924504 0.34822732 0.45867056 0.25771469 0.49131116 0.43086214 0.37924597 0.50164759 0.50666996 0.51942889 0.48911227 0.35137373 0.19421915 0.50688664 0.13222008 0.40201490 0.28378238 0.59773181 1.00000000 0.06919110 0.24542317 0.20885911 0.25771395 0.40592720 0.69263126 0.48897321 0.41086936 0.45921815 0.37943373 0.27979493 0.21929936 0.45155058 0.45913769 0.52673267 0.44102879 0.50471345 0.29240188 0.34007181 0.32274043 0.26932073 0.28704965 0.32809461 0.33460402 0.32906854 0.41515431 0.49297580 0.41726317 0.27031597 0.39787489 0.36902281 0.39248851 0.47039983 0.39219428 0.28029480 0.27981520 0.16309025 0.45117715 0.23422533 0.12869486 0.28793473 0.19174002 0.37508810 0.39655504 0.27176066 0.34541484 0.29475175 0.33024561 0.37510220 0.36571612 0.34744052 0.42216549 0.30985490 0.33734884 0.26506258 0.35290367 0.34720341 0.27004597
0.32919174 0.25392895 0.13504420 0.23443570 0.11212500 0.17987122 0.24370672 0.36699492 0.22628823 0.23115548 0.12498824 0.21388801 0.26594729 0.51805890 0.28404854 0.41807960 0.51908299 0.44858217 0.17375366 0.06919110 1.00000000 0.59353861 0.57934989 0.60807360 0.25054761 0.17470224 0.21072283 0.32521686 0.29746776 0.37272993 0.31699338 0.38371845 0.32865787 0.23232609 0.00932197 0.19468646 0.25800111 0.39988458 0.41930225 0.20460162 0.27157805 0.28174889 0.23228312 0.20676516 0.37851739 0.31791141 0.18118121 0.28042650 0.29235075 0.29605610 0.31217975 0.18346165 0.22096538 0.24519938 0.27549531 0.30774772 0.18507482 0.22672914 0.37729669 0.53547257 0.25619623 0.50602709 0.44746757 0.44292386 0.36452679 0.31694687 0.34698401 0.33212027 0.31256494 0.29462879 0.31831513 0.35374766 0.39705005 0.34724297 0.43750065 0.36791313 0.27711122 0.39053353
0.42415007 0.15457144 0.18973254 0.38642056 0.15020735 0.21890674 0.43501219 0.26223109 0.41869880 0.32841689 0.28987898 0.31890378 0.31892879 0.50576896 0.47255988 0.18209983 0.37964014 0.35110019 0.40875937 0.24542317 0.59353861 1.00000000 0.24192158 0.53186452 0.61624190 0.32729957 0.44283981 0.44914915 0.29224263 0.53503725 0.40956294 0.43454110 0.43852765 0.15033748 0.26380395 0.30766765 0.41050914 0.50244075 0.37091549 0.24651387 0.28450305 0.39600205 0.37859497 0.24749623 0.42421838 0.42627228 0.26918232 0.42035178 0.36834295 0.45158016 0.50738379 0.27603656 0.31867529 0.33277068 0.36625616 0.49746900 0.24751442 0.41965729 0.45867216 0.49980713 0.49421957 0.39650197 0.50581692 0.51349971 0.37107961 0.39698515 0.37821383 0.34736407 0.33706050 0.31351501 0.35682769 0.41988523 0.35336073 0.46166996 0.37398536 0.48712952 0.35384403 0.38238645
0.24104412 0.26802073 0.11910558 0.20579627 -0.01752265 0.23868675 0.03920985 0.27072254 0.11487302 0.18755091 0.05374243 0.10325940 0.16499837 0.41412165 0.14709111 0.48731152 0.46542159 0.27263668 0.03652952 0.20885911 0.57934989 0.24192158 1.00000000 0.48152777 -0.01622092 0.41592427 0.11650635 0.24349677 0.28816327 0.27595532 0.19305419 0.24231423 0.27091760 0.24664347 -0.00948645 0.06281881 0.14747253 0.32443866 0.33020441 0.11462247 0.23342971 0.17495272 0.19841969 0.18553984 0.16436946 0.24489224 0.07622849 0.28790953 0.19851342 0.22919412 0.17331763 0.18239217 0.20119982 0.13536592 0.16350076 0.17646873 0.18935924 0.09124243 0.18676818 0.43234595 0.14550806 0.52654233 0.41482742 0.36948033 0.36864893 0.19689048 0.18258691 0.31154585 0.29260747 0.27687806 0.23146334 0.27109765 0.26911940 0.22594316 0.39769786 0.24783103 0.25805670 0.28426427
0.24338619 0.20250964 0.10676969 0.30128392 0.11780049 0.21126277 0.25361126 0.22123104 0.29937234 0.27336555 0.26381295 0.32320483 0.26230996 0.50951714 0.20485896 0.55115836 0.61415245 0.26242990 0.21966576 0.25771395 0.60807360 0.53186452 0.48152777 1.00000000 0.29469231 0.32926083 0.32020446 0.33436561 0.38112100 0.40853208 0.27958243 0.26014396 0.38576644 0.24213936 0.13710006 0.24860333 0.41552011 0.48364084 0.44121329 0.24689568 0.29130396 0.27068614 0.30724874 0.26710544 0.39081461 0.34096030 0.24233410 0.36094179 0.25225620 0.36489192 0.31730469 0.24121792 0.34684053 0.36690098 0.29727114 0.29161503 0.14430435 0.32142956 0.34729650 0.44504048 0.26330984 0.44156630 0.57204007 0.51940674 0.29655872 0.43894882 0.30878254 0.37844940 0.44867253 0.34282440 0.34034595 0.46626521 0.33181412 0.43739556 0.38101075 0.39466059 0.41609706 0.34610050
0.58643267 0.08779310 0.43438879 0.49103730 0.43661426 0.36805094 0.60731398 0.33229439 0.52689925 0.49179757 0.53596530 0.51762090 0.49608703 0.30517563 0.62912673 -0.00803216 0.16246905 0.36993083 0.66344863 0.40592720 0.25054761 0.61624190 -0.01622092 0.29469231 1.00000000 0.40687066 0.57697791 0.49199162 0.46658664 0.47122333 0.51624734 0.45486505 0.49173822 0.27553126 0.45832479 0.56122343 0.56842078 0.47863230 0.38761851 0.37863747 0.31082388 0.43569849 0.44952201 0.21589591 0.41629539 0.38061345 0.38519610 0.41613850 0.38855011 0.53213809 0.60496579 0.36777241 0.38697835 0.33821058 0.37950659 0.45401294 0.29535151 0.52178116 0.38792937 0.28849379 0.48847600 0.28325804 0.47218801 0.44543224 0.36530738 0.41835362 0.31244698 0.42158785 0.34347045 0.35877275 0.38764282 0.37740708 0.41515061 0.36691143 0.42075451 0.50096024 0.41731260 0.37750402
0.34613560 0.34356885 0.37582160 0.52466668 0.24645182 0.52748994 0.38438390 0.37084875 0.42603846 0.51798946 0.41668155 0.35433513 0.35137054 0.27330405 0.59781195 0.21020822 0.37860675 0.29689055 0.54238825 0.69263126 0.17470224 0.32729957 0.41592427 0.32926083 0.40687066 1.00000000 0.45608979 0.42485510 0.38626201 0.31059869 0.25601941 0.19098178 0.38334812 0.26003640 0.37268387 0.36038299 0.39320760 0.30119873 0.34020828 0.23898187 0.36314851 0.26984722 0.35817948 0.29129987 0.30523489 0.37132668 0.36543345 0.41409427 0.34341321 0.37307233 0.31137514 0.44708079 0.45715419 0.37762277 0.31223496 0.29502154 0.29204972 0.38748820 0.17833691 0.21707169 0.31782413 0.29505478 0.43917051 0.42436844 0.39515837 0.35161055 0.30312708 0.35064444 0.37874931 0.42664549 0.38723502 0.39917795 0.31604166 0.37396864 0.34452162 0.36578453 0.34260345 0.38255910
0.48405142 0.14472958 0.42381429 0.46581484 0.40413294 0.39951518 0.51417039 0.36048090 0.56849996 0.54814623 0.55991126 0.58768048 0.52970219 0.44414273 0.55312463 0.04284897 0.30290163 0.34644697 0.60692076 0.48897321 0.21072283 0.44283981 0.11650635 0.32020446 0.57697791 0.45608979 1.00000000 0.71324285 0.54022933 0.56791104 0.52635068 0.48272880 0.52015514 0.42341388 0.57288446 0.72660410 0.74629932 0.64570614 0.54588751 0.48465340 0.43984906 0.50262256 0.52584549 0.42323240 0.49831401 0.48082615 0.57435435 0.53113932 0.57606575 0.61746313 0.60881654 0.56427393 0.60643415 0.52720241 0.56486566 0.48102991 0.32709246 0.63109085 0.38516557 0.38326167 0.51162436 0.36604482 0.52300216 0.55642037 0.40416650 0.56831846 0.50834074 0.52377127 0.46993348 0.57698807 0.56950662 0.52069107 0.46847657 0.50945466 0.52927179 0.59095357 0.54891569 0.55892877
0.45671788 0.25466090 0.38909589 0.33676207 0.34955416 0.31889924 0.43995501 0.43126511 0.46742075 0.48715479 0.41516970 0.46532458 0.51972436 0.46966186 0.60540019 0.09192835 0.30191773 0.47297377 0.50259840 0.41086936 0.32521686 0.44914915 0.24349677 0.33436561 0.49199162 0.42485510 0.71324285 1.00000000 0.52546395 0.54410995 0.54180304 0.61063931 0.55899208 0.53195232 0.52622484 0.57543875 0.67416542 0.55207035 0.69806431 0.39608387 0.45427400 0.46780183 0.41069751 0.34020508 0.36951643 0.47127154 0.42773206 0.46789652 0.49616308 0.50586945 0.55184483 0.50998769 0.49504776 0.53482216 0.43677028 0.46754171 0.32068697 0.51016491 0.45644737 0.43250040 0.44493124 0.45544631 0.50124616 0.49286213 0.53473752 0.45225843 0.60512557 0.55140654 0.40905247 0.49475072 0.46620819 0.49918332 0.48719980 0.47783643 0.55610480 0.56647326 0.42171339 0.59617440
0.43510526 0.27809812 0.42447007 0.43504538 0.49482367 0.50226800 0.52470438 0.44867874 0.45198464 0.52012465 0.55721432 0.59483823 0.57460252 0.33153443 0.32569349 0.33428067 0.45946908 0.37679237 0.53389988 0.45921815 0.29746776 0.29224263 0.28816327 0.38112100 0.46658664 0.38626201 0.54022933 0.52546395 1.00000000 0.44933485 0.43415747 0.41168749 0.60077390 0.62686790 0.57719502 0.65728208 0.71403311 0.45130281 0.58618265 0.48588444 0.39154554 0.35013000 0.39368310 0.30791815 0.39188543 0.39323830 0.47839573 0.41227798 0.35295705 0.45390192 0.41922165 0.45106016 0.38262773 0.32160739 0.41586194 0.36458745 0.28698443 0.43259272 0.32726851 0.32002198 0.34591610 0.34622646 0.45727836 0.43199831 0.29988098 0.38973921 0.32579181 0.52058692 0.50315903 0.42603281 0.40793122 0.49767210 0.46861420 0.35439480 0.50934069 0.43839502 0.43889766 0.41442277
0.31159107 0.03317116 0.17790310 0.32872610 0.14444492 0.23027096 0.39317329 0.28395556 0.59928441 0.36698973 0.39791175 0.54440045 0.37131164 0.45325615 0.46169949 0.05649878 0.37896741 0.29950350 0.40701535 0.37943373 0.37272993 0.53503725 0.27595532 0.40853208 0.47122333 0.31059869 0.56791104 0.54410995 0.44933485 1.00000000 0.73141368 0.45257662 0.68887307 0.40482787 0.45899243 0.47742911 0.63123099 0.72812106 0.55204350 0.44126255 0.38381765 0.59254725 0.57251587 0.52435014 0.54522702 0.58212538 0.53475921 0.60716766 0.54265527 0.58848361 0.62224770 0.42728476 0.49000212 0.51446791 0.53075840 0.62045411 0.25135071 0.61413274 0.51437503 0.53454727 0.59634520 0.49456883 0.57127290 0.61916498 0.43382363 0.46432382 0.49492386 0.53017751 0.46093537 0.48244942 0.52188569 0.53889951 0.45262526 0.55674803 0.51604091 0.65886279 0.55594783 0.51367737
0.39346041 -0.12570734 0.23410399 0.26130016 0.30427847 0.17975977 0.33693273 0.27504078 0.56776791 0.38172531 0.42665145 0.54016573 0.39640616 0.35502965 0.53163576 -0.12948052 0.19289064 0.39818712 0.42570821 0.27979493 0.31699338 0.40956294 0.19305419 0.27958243 0.51624734 0.25601941 0.52635068 0.54180304 0.43415747 0.73141368 1.00000000 0.47643369 0.57496953 0.33919401 0.44227263 0.62262798 0.58727527 0.64425671 0.53345882 0.38963848 0.38681303 0.58081853 0.55863131 0.49343174 0.54259669 0.47869598 0.49361309 0.51012180 0.55762598 0.62212194 0.62331478 0.39254075 0.43121205 0.47201397 0.55317367 0.48947943 0.33474111 0.56623787 0.36367307 0.49356697 0.58234243 0.44673261 0.46256918 0.46243033 0.39126118 0.35650426 0.38412030 0.47012450 0.24994655 0.44957118 0.47243731 0.32513430 0.42400494 0.37363112 0.54878604 0.56813841 0.51899522 0.51752260
0.41637789 0.21082241 0.43492304 0.30238498 0.27859452 0.21777723 0.35649264 0.38618351 0.36287194 0.35866612 0.26320810 0.34062385 0.42154805 0.29797902 0.33354624 0.07506983 0.09397473 0.39363025 0.27879345 0.21929936 0.38371845 0.43454110 0.24231423 0.26014396 0.45486505 0.19098178 0.48272880 0.61063931 0.41168749 0.45257662 0.47643369 1.00000000 0.50168597 0.44912725 0.35268166 0.40072060 0.51743919 0.46881902 0.52239415 0.26113037 0.24408446 0.35360545 0.22892072 0.15066633 0.23633452 0.32929065 0.21086628 0.30779576 0.31137143 0.35236046 0.44064690 0.19805545 0.26901206 0.28029381 0.29680823 0.35553528 0.26875868 0.30907868 0.39841032 0.45018750 0.34487958 0.40405629 0.37650371 0.38786137 0.39521523 0.29417318 0.33861947 0.41192343 0.28880708 0.29051445 0.33491590 0.31472178 0.40002620 0.27451427 0.40758939 0.38248868 0.25262921 0.38041453
0.41467953 0.20069976 0.32762494 0.48565210 0.30724629 0.41016691 0.49265769 0.44199775 0.57665453 0.50234301 0.48515225 0.55341201 0.52822669 0.39582224 0.40839451 0.13468055 0.38082773 0.35088462 0.46235169 0.45155058 0.32865787 0.43852765 0.27091760 0.38576644 0.49173822 0.38334812 0.52015514 0.55899208 0.60077390 0.68887307 0.57496953 0.50168597 1.00000000 0.56666181 0.55643189 0.52048382 0.65155555 0.55651466 0.58240438 0.49070570 0.41255729 0.46757802 0.52262000 0.36003759 0.42595038 0.50631298 0.51755214 0.57379027 0.43039032 0.48665740 0.48916065 0.43017896 0.47186297 0.45277015 0.45936328 0.48263662 0.28300985 0.54405615 0.38811365 0.41780984 0.48586421 0.41798495 0.54761588 0.55771109 0.40389416 0.44715735 0.41984343 0.53191990 0.49842530 0.46232940 0.49075550 0.57416233 0.42676829 0.47676848 0.47984456 0.55276242 0.47775311 0.45311148
0.23102945 0.20248583 0.29390415 0.21668676 0.30018110 0.32390954 0.31545456 0.53001207 0.35031611 0.45248052 0.35273870 0.46808941 0.43330562 0.30003734 0.25542188 0.23550514 0.37239123 0.40918023 0.44410468 0.45913769 0.23232609 0.15033748 0.24664347 0.24213936 0.27553126 0.26003640 0.42341388 0.53195232 0.62686790 0.40482787 0.33919401 0.44912725 0.56666181 1.00000000 0.39642787 0.45816963 0.55388114 0.34952227 0.63178409 0.47228668 0.26893198 0.36606580 0.25900154 0.35368083 0.32203486 0.40345361 0.47871751 0.38781452 0.26213597 0.27984758 0.35725777 0.40423269 0.38394302 0.34604014 0.32727005 0.31065122 0.23534610 0.40500837 0.34970762 0.30283201 0.25252776 0.34536444 0.33732656 0.40642655 0.34632608 0.37020148 0.42576631 0.54114157 0.45925754 0.41920392 0.38472562 0.49128773 0.53973773 0.30241531 0.48712174 0.40740624 0.31474615 0.43251154
0.33195820 0.19374058 0.38548699 0.35454201 0.54357649 0.44934733 0.56537140 0.24866829 0.51777803 0.40052474 0.60800484 0.55363843 0.52631941 0.20461755 0.41917924 0.08242659 0.26614425 0.29124429 0.53672645 0.52673267 0.00932197 0.26380395 -0.00948645 0.13710006 0.45832479 0.37268387 0.57288446 0.52622484 0.57719502 0.45899243 0.44227263 0.35268166 0.55643189 0.39642787 1.00000000 0.68969074 0.70173395 0.31121220 0.42808993 0.34195345 0.35120877 0.27771446 0.36346460 0.22621054 0.28873118 0.32018623 0.45536467 0.31111387 0.33197952 0.40824694 0.37339548 0.37988052 0.36007158 0.41518367 0.32387762 0.33968154 0.28900561 0.43996576 0.22786605 0.12812473 0.35589234 0.06421937 0.27117077 0.23676983 0.16361092 0.35139798 0.24984925 0.30006774 0.29966388 0.27539564 0.31783732 0.35283740 0.23832434 0.30758640 0.28269706 0.35458478 0.28614043 0.29147037
0.46674804 0.14598067 0.50109917 0.43497559 0.67373600 0.46352574 0.62028197 0.37303522 0.59204870 0.56497943 0.70897584 0.70111249 0.65828497 0.31523476 0.49810570 0.07393173 0.29634526 0.44606943 0.63217703 0.44102879 0.19468646 0.30766765 0.06281881 0.24860333 0.56122343 0.36038299 0.72660410 0.57543875 0.65728208 0.47742911 0.62262798 0.40072060 0.52048382 0.45816963 0.68969074 1.00000000 0.80919801 0.49227565 0.53695432 0.49698184 0.45235863 0.43917803 0.50442716 0.37912942 0.46955221 0.35172385 0.58894916 0.41664551 0.53252645 0.55491777 0.52603092 0.51694752 0.50210862 0.46504817 0.55969914 0.37319973 0.38722567 0.55614912 0.21241677 0.26439497 0.41717048 0.23146523 0.40979540 0.38996026 0.24924708 0.46966483 0.33906190 0.46591730 0.40149500 0.49846146 0.50367027 0.39915001 0.45083915 0.33533605 0.52296908 0.48937570 0.49963438 0.50019446
0.43673425 0.21508303 0.47384896 0.47567991 0.52063770 0.45831522 0.61822898 0.40183614 0.61308255 0.56247819 0.64493024 0.68697836 0.63945176 0.39211531 0.47562060 0.17014372 0.40747355 0.40456385 0.58182026 0.50471345 0.25800111 0.41050914 0.14747253 0.41552011 0.56842078 0.39320760 0.74629932 0.67416542 0.71403311 0.63123099 0.58727527 0.51743919 0.65155555 0.55388114 0.70173395 0.80919801 1.00000000 0.60109570 0.64652838 0.50114988 0.45487473 0.50162677 0.53202622 0.40385243 0.49204992 0.47767191 0.58674092 0.50856245 0.53263822 0.60457663 0.59753168 0.53785325 0.53187066 0.51415553 0.54097609 0.49139811 0.30792290 0.60653970 0.39424314 0.36935897 0.48425465 0.35150291 0.54786494 0.54490403 0.37622686 0.50557732 0.47084121 0.56396589 0.53407996 0.52469636 0.51963208 0.56663375 0.49304168 0.48617475 0.52729272 0.61061460 0.54981480 0.52773559
0.37323452 0.07504233 0.23489522 0.30870458 0.18053842 0.17891446 0.33587359 0.27893146 0.52596490 0.36584395 0.40365585 0.53487717 0.38284066 0.47790254 0.41734850 0.16682729 0.38183952 0.29919671 0.40678197 0.29240188 0.39988458 0.50244075 0.32443866 0.48364084 0.47863230 0.30119873 0.64570614 0.55207035 0.45130281 0.72812106 0.64425671 0.46881902 0.55651466 0.34952227 0.31121220 0.49227565 0.60109570 1.00000000 0.57009648 0.46036183 0.45165680 0.57769386 0.59535055 0.49123586 0.55718668 0.56187983 0.48257364 0.57417426 0.52919570 0.62784661 0.62096214 0.49203962 0.49663134 0.47082256 0.56502674 0.56296930 0.32426015 0.57554030 0.48954077 0.56030178 0.59604547 0.49771729 0.59219664 0.64122349 0.40770586 0.54091206 0.45908827 0.54493203 0.46752149 0.54508367 0.55227001 0.54539260 0.48680801 0.51904716 0.59437100 0.60596637 0.63006903 0.53250809
0.38517217 0.22304727 0.31033825 0.28637649 0.35159103 0.27852723 0.35959884 0.44553700 0.43397975 0.45998775 0.38887296 0.47765648 0.50587665 0.44896888 0.42246680 0.25961112 0.39725891 0.45827226 0.41100386 0.34007181 0.41930225 0.37091549 0.33020441 0.44121329 0.38761851 0.34020828 0.54588751 0.69806431 0.58618265 0.55204350 0.53345882 0.52239415 0.58240438 0.63178409 0.42808993 0.53695432 0.64652838 0.57009648 1.00000000 0.46556651 0.46400668 0.46271801 0.40457433 0.43275810 0.45000158 0.47129138 0.45423872 0.43866308 0.40916065 0.47684892 0.49067530 0.50511890 0.45102715 0.48960748 0.45240201 0.43505681 0.30402799 0.46264449 0.46250283 0.45596600 0.37106233 0.50546979 0.51181575 0.50584446 0.47833673 0.47570647 0.54241424 0.59841126 0.49128689 0.50640798 0.46150705 0.56987083 0.52834554 0.47563312 0.60473060 0.53327808 0.43964634 0.59438512
0.35210558 0.12813155 0.26201719 0.29493024 0.31041246 0.36626442 0.36484319 0.43439725 0.43693026 0.46357017 0.43212880 0.48899123 0.41129477 0.36673222 0.32336623 0.08982510 0.30150157 0.35270051 0.49461678 0.32274043 0.20460162 0.24651387 0.11462247 0.24689568 0.37863747 0.23898187 0.48465340 0.39608387 0.48588444 0.44126255 0.38963848 0.26113037 0.49070570 0.47228668 0.34195345 0.49698184 0.50114988 0.46036183 0.46556651 1.00000000 0.46914863 0.55947316 0.54456030 0.45601475 0.45122136 0.38545632 0.64689795 0.52740624 0.43410568 0.43678368 0.53200434 0.56225272 0.54283759 0.36821327 0.50868453 0.38512269 0.27662168 0.52442549 0.28848528 0.29039624 0.35506120 0.34170468 0.40078534 0.49167731 0.28565312 0.53419326 0.41659157 0.54444033 0.52132733 0.51573232 0.53763229 0.53275058 0.51970156 0.38357363 0.57687787 0.52467471 0.52426595 0.48295841
0.32424428 0.30258206 0.25509214 0.34883738 0.31946942 0.30883650 0.32244740 0.30222682 0.45046204 0.36784122 0.41449741 0.43039751 0.41015672 0.34292448 0.45247665 0.15903569 0.37126553 0.34001289 0.44456167 0.26932073 0.27157805 0.28450305 0.23342971 0.29130396 0.31082388 0.36314851 0.43984906 0.45427400 0.39154554 0.38381765 0.38681303 0.24408446 0.41255729 0.26893198 0.35120877 0.45235863 0.45487473 0.45165680 0.46400668 0.46914863 1.00000000 0.42885299 0.62102072 0.35705889 0.44319482 0.45093061 0.45964060 0.46992474 0.50535323 0.52184521 0.38364478 0.56287436 0.49927650 0.52447571 0.52505247 0.36127865 0.44045549 0.44508307 0.23543737 0.34594187 0.42348146 0.28656750 0.45736675 0.43652339 0.20968063 0.50993600 0.43179660 0.43603127 0.40692983 0.48786004 0.53695471 0.46957722 0.38546109 0.45325778 0.55724627 0.46786038 0.55340938 0.57580814
0.31099318 -0.04263922 0.23253281 0.23354596 0.16555869 0.20134127 0.31146247 0.35147599 0.49631212 0.40307223 0.34360398 0.43766979 0.33313749 0.33483441 0.47432352 -0.06292375 0.24323530 0.35516543 0.46882344 0.28704965 0.28174889 0.39600205 0.17495272 0.27068614 0.43569849 0.26984722 0.50262256 0.46780183 0.35013000 0.59254725 0.58081853 0.35360545 0.46757802 0.36606580 0.27771446 0.43917803 0.50162677 0.57769386 0.46271801 0.55947316 0.42885299 1.00000000 0.65223187 0.59731533 0.56110111 0.58197638 0.59066359 0.68399772 0.62857384 0.68379051 0.75759206 0.55824473 0.52100491 0.45404398 0.55071323 0.53755005 0.26567974 0.62847039 0.39910169 0.50608717 0.56574923 0.48718392 0.51134131 0.61034058 0.47404918 0.46711722 0.51411567 0.60206195 0.41020291 0.57034225 0.60294641 0.45172698 0.53781687 0.46542643 0.60670809 0.68110138 0.57943136 0.55892584
0.36432417 0.10016999 0.25357765 0.38909603 0.28554501 0.31932625 0.40461753 0.29228370 0.56505013 0.41671634 0.49740983 0.52078617 0.41345840 0.31687675 0.47187149 0.00162218 0.33893124 0.30382745 0.49375302 0.32809461 0.23228312 0.37859497 0.19841969 0.30724874 0.44952201 0.35817948 0.52584549 0.41069751 0.39368310 0.57251587 0.55863131 0.22892072 0.52262000 0.25900154 0.36346460 0.50442716 0.53202622 0.59535055 0.40457433 0.54456030 0.62102072 0.65223187 1.00000000 0.55912170 0.63802564 0.59314261 0.61007833 0.68952052 0.62698502 0.67114557 0.60360822 0.64695600 0.56976295 0.54789192 0.61146430 0.56219102 0.40157158 0.66081475 0.29334912 0.44207491 0.63862994 0.38908189 0.57290508 0.59421226 0.35125574 0.53915786 0.41767282 0.52821695 0.45588081 0.57762738 0.59775489 0.50108578 0.41881420 0.48965046 0.56646362 0.60877828 0.64612360 0.54713104
0.17094237 -0.02568908 0.10923720 0.18592963 0.13359094 0.18288188 0.19062815 0.29588293 0.39467877 0.33674254 0.27968163 0.41868219 0.24142241 0.33496405 0.35955280 -0.00162642 0.29086927 0.33179553 0.39028704 0.33460402 0.20676516 0.24749623 0.18553984 0.26710544 0.21589591 0.29129987 0.42323240 0.34020508 0.30791815 0.52435014 0.49343174 0.15066633 0.36003759 0.35368083 0.22621054 0.37912942 0.40385243 0.49123586 0.43275810 0.45601475 0.35705889 0.59731533 0.55912170 1.00000000 0.66856415 0.57521556 0.64926599 0.55956463 0.61386547 0.55412328 0.55495791 0.53214102 0.50270415 0.53940512 0.57143743 0.47038453 0.28474752 0.59651035 0.30890794 0.43012146 0.50738889 0.32974134 0.38976204 0.48637121 0.28521470 0.42764535 0.45362009 0.47676504 0.36061610 0.57525140 0.55066476 0.43718038 0.39237528 0.42249288 0.49549580 0.52385372 0.51791446 0.48723362
0.29043924 -0.02263707 0.14848115 0.25607189 0.21373628 0.24519377 0.32220969 0.29712063 0.48018179 0.33224362 0.41178614 0.49517277 0.31046603 0.38996125 0.41186689 0.07394218 0.38256877 0.31694796 0.46514951 0.32906854 0.37851739 0.42421838 0.16436946 0.39081461 0.41629539 0.30523489 0.49831401 0.36951643 0.39188543 0.54522702 0.54259669 0.23633452 0.42595038 0.32203486 0.28873118 0.46955221 0.49204992 0.55718668 0.45000158 0.45122136 0.44319482 0.56110111 0.63802564 0.66856415 1.00000000 0.61294115 0.68495557 0.53337242 0.53817880 0.66584111 0.60286583 0.46093874 0.47274201 0.50216213 0.62833437 0.49983821 0.27252049 0.65515270 0.39153294 0.48515996 0.57436661 0.33815918 0.49172900 0.54487957 0.24605622 0.51271966 0.41931339 0.46834117 0.39849713 0.51984259 0.55388813 0.48327125 0.43893667 0.53067972 0.48654555 0.59940880 0.58453118 0.52276378
0.33816962 0.13668140 0.17515366 0.32418093 0.15992523 0.23502863 0.38904669 0.32001549 0.49321061 0.35980135 0.33687090 0.38670516 0.32184305 0.38186390 0.41430594 0.09465568 0.35391359 0.27653511 0.40819966 0.41515431 0.31791141 0.42627228 0.24489224 0.34096030 0.38061345 0.37132668 0.48082615 0.47127154 0.39323830 0.58212538 0.47869598 0.32929065 0.50631298 0.40345361 0.32018623 0.35172385 0.47767191 0.56187983 0.47129138 0.38545632 0.45093061 0.58197638 0.59314261 0.57521556 0.61294115 1.00000000 0.49082198 0.68560660 0.53149090 0.67570530 0.62992396 0.55192634 0.42372294 0.45872542 0.48832071 0.59701467 0.29872732 0.54381504 0.51982779 0.53826025 0.60506446 0.42113970 0.50292327 0.57301461 0.42292983 0.42450746 0.46270305 0.48554682 0.39462497 0.46914069 0.46652466 0.54638587 0.48566180 0.53810468 0.51628290 0.63050390 0.51093658 0.51867699
0.22678590 0.02408007 0.24145204 0.29379601 0.29727670 0.38412445 0.36762953 0.42739175 0.54065454 0.47957338 0.52169462 0.60389789 0.42028424 0.30799406 0.43132655 -0.01219407 0.34616016 0.37218193 0.57957775 0.49297580 0.18118121 0.26918232 0.07622849 0.24233410 0.38519610 0.36543345 0.57435435 0.42773206 0.47839573 0.53475921 0.49361309 0.21086628 0.51755214 0.47871751 0.45536467 0.58894916 0.58674092 0.48257364 0.45423872 0.64689795 0.45964060 0.59066359 0.61007833 0.64926599 0.68495557 0.49082198 1.00000000 0.63874183 0.61222056 0.56502359 0.58761980 0.60408197 0.63142935 0.58537837 0.64692757 0.46420206 0.30663820 0.75689700 0.24552435 0.34177378 0.53620374 0.28718026 0.46479963 0.55362810 0.26245961 0.53281756 0.48191493 0.54256061 0.48071084 0.60828986 0.61467168 0.54527444 0.47627248 0.47611928 0.53274821 0.59558672 0.60518255 0.49270023
0.35057203 0.08942454 0.24670455 0.40129938 0.13550582 0.33892954 0.35039708 0.37751392 0.53625131 0.48093429 0.40518188 0.43632746 0.36994374 0.33989836 0.43314429 0.00960594 0.33159599 0.27008743 0.47299022 0.41726317 0.28042650 0.42035178 0.28790953 0.36094179 0.41613850 0.41409427 0.53113932 0.46789652 0.41227798 0.60716766 0.51012180 0.30779576 0.57379027 0.38781452 0.31111387 0.41664551 0.50856245 0.57417426 0.43866308 0.52740624 0.46992474 0.68399772 0.68952052 0.55956463 0.53337242 0.68560660 0.63874183 1.00000000 0.60845683 0.66226273 0.68961093 0.58758158 0.62465017 0.51187758 0.57104648 0.55303014 0.32340275 0.66030753 0.31733108 0.50690268 0.62722579 0.52701724 0.62327180 0.69797616 0.45420560 0.50771192 0.47451478 0.60309393 0.50470890 0.61351099 0.62051776 0.58324757 0.52066927 0.55688482 0.60288413 0.66424789 0.64745579 0.52544093
0.36204239 0.07427282 0.28553067 0.32034903 0.29155284 0.28647897 0.38611947 0.34652416 0.48396643 0.45725497 0.38573811 0.48016208 0.44185897 0.41389504 0.51177843 -0.03972804 0.23381174 0.42501329 0.47787935 0.27031597 0.29235075 0.36834295 0.19851342 0.25225620 0.38855011 0.34341321 0.57606575 0.49616308 0.35295705 0.54265527 0.55762598 0.31137143 0.43039032 0.26213597 0.33197952 0.53252645 0.53263822 0.52919570 0.40916065 0.43410568 0.50535323 0.62857384 0.62698502 0.61386547 0.53817880 0.53149090 0.61222056 0.60845683 1.00000000 0.64260157 0.61465321 0.59730822 0.56675209 0.53376530 0.59875716 0.49664393 0.34599773 0.64780921 0.27846143 0.45602486 0.57707028 0.40204330 0.51112220 0.55544505 0.42165705 0.42165159 0.49594405 0.48012034 0.33959886 0.64386301 0.63146382 0.43840205 0.39442622 0.43842250 0.57359358 0.57256479 0.56037900 0.56136351
0.45604559 -0.01754679 0.27059085 0.37430969 0.27785183 0.24287469 0.42950423 0.26391218 0.56522731 0.40335735 0.46081913 0.49513304 0.41017218 0.37963680 0.51451544 0.00544472 0.31024660 0.27485088 0.46671834 0.39787489 0.29605610 0.45158016 0.22919412 0.36489192 0.53213809 0.37307233 0.61746313 0.50586945 0.45390192 0.58848361 0.62212194 0.35236046 0.48665740 0.27984758 0.40824694 0.55491777 0.60457663 0.62784661 0.47684892 0.43678368 0.52184521 0.68379051 0.67114557 0.55412328 0.66584111 0.67570530 0.56502359 0.66226273 0.64260157 1.00000000 0.77172783 0.58886042 0.52233063 0.48508991 0.62853710 0.57186497 0.29947329 0.65061744 0.45703638 0.53095301 0.66795925 0.49019169 0.59385632 0.60412409 0.43069902 0.49071791 0.46986730 0.53554503 0.37216440 0.53318795 0.55079937 0.46701397 0.48661382 0.54588695 0.57641364 0.70112995 0.65608649 0.55452006
0.47894558 -0.04914195 0.30134219 0.33838199 0.25052284 0.25239871 0.45141106 0.34248966 0.53814685 0.46492034 0.42963728 0.49746572 0.42834927 0.36641902 0.53219200 -0.07928720 0.23352365 0.36563350 0.48506794 0.36902281 0.31217975 0.50738379 0.17331763 0.31730469 0.60496579 0.31137514 0.60881654 0.55184483 0.41922165 0.62224770 0.62331478 0.44064690 0.48916065 0.35725777 0.37339548 0.52603092 0.59753168 0.62096214 0.49067530 0.53200434 0.38364478 0.75759206 0.60360822 0.55495791 0.60286583 0.62992396 0.58761980 0.68961093 0.61465321 0.77172783 1.00000000 0.54661116 0.50795905 0.43116111 0.53750674 0.58649138 0.24824864 0.64816375 0.50080764 0.50592945 0.61435870 0.50789541 0.57028386 0.63388118 0.52624891 0.46980573 0.50640212 0.59966611 0.39633945 0.52163848 0.51884651 0.47226080 0.57287720 0.49353347 0.59807146 0.72814486 0.56710759 0.53058935
0.34668823 0.21588307 0.30561670 0.36576564 0.33406757 0.36578854 0.41345667 0.39015093 0.49117063 0.48594185 0.46911946 0.45962640 0.48523169 0.32180239 0.49930102 0.09331917 0.35355066 0.36578248 0.54482419 0.39248851 0.18346165 0.27603656 0.18239217 0.24121792 0.36777241 0.44708079 0.56427393 0.50998769 0.45106016 0.42728476 0.39254075 0.19805545 0.43017896 0.40423269 0.37988052 0.51694752 0.53785325 0.49203962 0.50511890 0.56225272 0.56287436 0.55824473 0.64695600 0.53214102 0.46093874 0.55192634 0.60408197 0.58758158 0.59730822 0.58886042 0.54661116 1.00000000 0.58677693 0.50989643 0.53635830 0.49446875 0.39450497 0.56008447 0.29772970 0.33622182 0.48517264 0.37307261 0.50094284 0.54498874 0.44137052 0.50229539 0.52176341 0.55939326 0.49938043 0.59984068 0.54320763 0.55117106 0.52968994 0.44815190 0.60073178 0.54144942 0.55086144 0.58450583
0.34305975 0.13294883 0.30130811 0.38815218 0.26439437 0.38458058 0.33830309 0.37685656 0.52448959 0.54727816 0.45873258 0.54496783 0.38902107 0.40037055 0.49876823 0.04880963 0.36329412 0.30654094 0.52849282 0.47039983 0.22096538 0.31867529 0.20119982 0.34684053 0.38697835 0.45715419 0.60643415 0.49504776 0.38262773 0.49000212 0.43121205 0.26901206 0.47186297 0.38394302 0.36007158 0.50210862 0.53187066 0.49663134 0.45102715 0.54283759 0.49927650 0.52100491 0.56976295 0.50270415 0.47274201 0.42372294 0.63142935 0.62465017 0.56675209 0.52233063 0.50795905 0.58677693 1.00000000 0.67857762 0.61798970 0.46175998 0.41457590 0.70980612 0.29307855 0.36005208 0.49852311 0.46840729 0.60479062 0.68442831 0.43173747 0.59941437 0.53760595 0.51383553 0.52573709 0.68027040 0.66619606 0.55808466 0.46684596 0.50328008 0.55456538 0.54278809 0.58902417 0.57719451
0.22244441 0.14220992 0.24754072 0.29773987 0.25442234 0.26629626 0.30884827 0.26757604 0.52065877 0.41468428 0.45373846 0.49475573 0.38818082 0.34122560 0.53951479 0.03327909 0.36556393 0.36196487 0.46258601 0.39219428 0.24519938 0.33277068 0.13536592 0.36690098 0.33821058 0.37762277 0.52720241 0.53482216 0.32160739 0.51446791 0.47201397 0.28029381 0.45277015 0.34604014 0.41518367 0.46504817 0.51415553 0.47082256 0.48960748 0.36821327 0.52447571 0.45404398 0.54789192 0.53940512 0.50216213 0.45872542 0.58537837 0.51187758 0.53376530 0.48508991 0.43116111 0.50989643 0.67857762 1.00000000 0.57524324 0.53835510 0.49060610 0.68061778 0.35726558 0.40844948 0.57091122 0.31116423 0.53768938 0.51459255 0.33214464 0.52674418 0.52280834 0.42655838 0.41759242 0.54670041 0.56455758 0.49373166 0.36785279 0.48612614 0.46193901 0.49118678 0.49359064 0.56752462
0.31661746 0.05649166 0.25997104 0.28685411 0.28201108 0.27578413 0.31492131 0.33571665 0.51568597 0.41197952 0.43798309 0.53929842 0.39071675 0.37933935 0.43711843 -0.02191196 0.29307183 0.33260990 0.50523623 0.28029480 0.27549531 0.36625616 0.16350076 0.29727114 0.37950659 0.31223496 0.56486566 0.43677028 0.41586194 0.53075840 0.55317367 0.29680823 0.45936328 0.32727005 0.32387762 0.55969914 0.54097609 0.56502674 0.45240201 0.50868453 0.52505247 0.55071323 0.61146430 0.57143743 0.62833437 0.48832071 0.64692757 0.57104648 0.59875716 0.62853710 0.53750674 0.53635830 0.61798970 0.57524324 1.00000000 0.60065287 0.56011566 0.71003849 0.29171632 0.57378272 0.74748798 0.38575441 0.51243463 0.59636788 0.21026719 0.52187607 0.42967405 0.51526908 0.45625248 0.62196756 0.62703030 0.48449445 0.46218622 0.48716565 0.58783416 0.59322523 0.65352135 0.57788111
0.36313233 0.08005038 0.21353622 0.30388328 0.19652785 0.22848290 0.42331398 0.26303374 0.49127603 0.35971505 0.35974418 0.40678912 0.35069161 0.31707436 0.46151777 -0.00028809 0.29202102 0.27340148 0.40855818 0.27981520 0.30774772 0.49746900 0.17646873 0.29161503 0.45401294 0.29502154 0.48102991 0.46754171 0.36458745 0.62045411 0.48947943 0.35553528 0.48263662 0.31065122 0.33968154 0.37319973 0.49139811 0.56296930 0.43505681 0.38512269 0.36127865 0.53755005 0.56219102 0.47038453 0.49983821 0.59701467 0.46420206 0.55303014 0.49664393 0.57186497 0.58649138 0.49446875 0.46175998 0.53835510 0.60065287 1.00000000 0.43838771 0.61372845 0.57483474 0.61127043 0.76136797 0.48569710 0.54061208 0.56963070 0.43233037 0.47654739 0.47964641 0.46416455 0.41814525 0.41441207 0.44327463 0.48572398 0.44765717 0.51403839 0.49539680 0.62304271 0.48537061 0.49642990
0.27417867 0.21879519 0.34052583 0.24749914 0.36267173 0.29620739 0.26665514 0.23192366 0.36652854 0.33182575 0.36783860 0.36301654 0.36081092 0.22152746 0.36429444 0.09490829 0.20020668 0.34579050 0.39113559 0.16309025 0.18507482 0.24751442 0.18935924 0.14430435 0.29535151 0.29204972 0.32709246 0.32068697 0.28698443 0.25135071 0.33474111 0.26875868 0.28300985 0.23534610 0.28900561 0.38722567 0.30792290 0.32426015 0.30402799 0.27662168 0.44045549 0.26567974 0.40157158 0.28474752 0.27252049 0.29872732 0.30663820 0.32340275 0.34599773 0.29947329 0.24824864 0.39450497 0.41457590 0.49060610 0.56011566 0.43838771 1.00000000 0.38411540 0.11087904 0.37051756 0.51502062 0.17765577 0.32086248 0.29660309 0.14070971 0.36854480 0.18052392 0.28390385 0.29684096 0.36493582 0.37446364 0.27365195 0.28686618 0.22617280 0.42680045 0.27651880 0.33405271 0.41057079
0.34561445 -0.00409359 0.25377243 0.33103800 0.27197475 0.32314600 0.42321523 0.34645234 0.58401005 0.48945906 0.50819599 0.58645330 0.42037009 0.40551516 0.55495794 -0.04607535 0.33439468 0.34129646 0.57821892 0.45117715 0.22672914 0.41965729 0.09124243 0.32142956 0.52178116 0.38748820 0.63109085 0.51016491 0.43259272 0.61413274 0.56623787 0.30907868 0.54405615 0.40500837 0.43996576 0.55614912 0.60653970 0.57554030 0.46264449 0.52442549 0.44508307 0.62847039 0.66081475 0.59651035 0.65515270 0.54381504 0.75689700 0.66030753 0.64780921 0.65061744 0.64816375 0.56008447 0.70980612 0.68061778 0.71003849 0.61372845 0.38411540 1.00000000 0.41132176 0.46747140 0.72818057 0.41316544 0.62381697 0.67132390 0.40537414 0.55728423 0.53661813 0.56342985 0.47261463 0.65045058 0.65917115 0.56862489 0.46804153 0.58145847 0.54170944 0.66785347 0.64912218 0.54272791
0.36500446 0.07724330 0.09186488 0.19681249 0.10081771 0.08631783 0.35014231 0.23799061 0.32633402 0.25029961 0.17538714 0.28485614 0.25288162 0.41754609 0.31092702 0.15919222 0.32324019 0.20211395 0.23834935 0.23422533 0.37729669 0.45867216 0.18676818 0.34729650 0.38792937 0.17833691 0.38516557 0.45644737 0.32726851 0.51437503 0.36367307 0.39841032 0.38811365 0.34970762 0.22786605 0.21241677 0.39424314 0.48954077 0.46250283 0.28848528 0.23543737 0.39910169 0.29334912 0.30890794 0.39153294 0.51982779 0.24552435 0.31733108 0.27846143 0.45703638 0.50080764 0.29772970 0.29307855 0.35726558 0.29171632 0.57483474 0.11087904 0.41132176 1.00000000 0.56037078 0.44404450 0.55257149 0.47179215 0.50008336 0.53389765 0.35217866 0.49166200 0.42853558 0.31736165 0.24564650 0.24212690 0.45337963 0.41362804 0.50562502 0.38167042 0.53363421 0.27945015 0.40860600
0.35849555 0.09043263 0.15506952 0.21244567 0.06106790 0.12591940 0.20965738 0.29002576 0.35973581 0.27836208 0.15365853 0.29620096 0.21973526 0.46788563 0.27369196 0.15809899 0.30823792 0.27655952 0.21052634 0.12869486 0.53547257 0.49980713 0.43234595 0.44504048 0.28849379 0.21707169 0.38326167 0.43250040 0.32002198 0.53454727 0.49356697 0.45018750 0.41780984 0.30283201 0.12812473 0.26439497 0.36935897 0.56030178 0.45596600 0.29039624 0.34594187 0.50608717 0.44207491 0.43012146 0.48515996 0.53826025 0.34177378 0.50690268 0.45602486 0.53095301 0.50592945 0.33622182 0.36005208 0.40844948 0.57378272 0.61127043 0.37051756 0.46747140 0.56037078 1.00000000 0.63825897 0.73528340 0.59136989 0.64560683 0.45041162 0.38095879 0.44441277 0.50697141 0.35456785 0.42362046 0.43433876 0.43021989 0.46056599 0.49718726 0.57348399 0.57121547 0.46501309 0.48141025
0.35065609 0.01504907 0.20131555 0.30204303 0.19648425 0.21775403 0.37276129 0.23772142 0.53241901 0.35328768 0.40203869 0.44711664 0.33963961 0.33523916 0.50649634 -0.11268900 0.23849140 0.26596812 0.45300149 0.28793473 0.25619623 0.49421957 0.14550806 0.26330984 0.48847600 0.31782413 0.51162436 0.44493124 0.34591610 0.59634520 0.58234243 0.34487958 0.48586421 0.25252776 0.35589234 0.41717048 0.48425465 0.59604547 0.37106233 0.35506120 0.42348146 0.56574923 0.63862994 0.50738889 0.57436661 0.60506446 0.53620374 0.62722579 0.57707028 0.66795925 0.61435870 0.48517264 0.49852311 0.57091122 0.74748798 0.76136797 0.51502062 0.72818057 0.44404450 0.63825897 1.00000000 0.41981868 0.54612204 0.58648861 0.32787216 0.44217322 0.41183432 0.46046864 0.32530265 0.49806704 0.52006092 0.44906103 0.41495165 0.49292490 0.51334635 0.60644486 0.57120301 0.47340317
0.44485560 0.09432974 0.18830298 0.27033527 0.04549426 0.18009828 0.21361470 0.33983067 0.30376787 0.37004657 0.12838626 0.25856698 0.24182042 0.45927770 0.30513418 0.18927212 0.33653644 0.24399085 0.18635761 0.19174002 0.50602709 0.39650197 0.52654233 0.44156630 0.28325804 0.29505478 0.36604482 0.45544631 0.34622646 0.49456883 0.44673261 0.40405629 0.41798495 0.34536444 0.06421937 0.23146523 0.35150291 0.49771729 0.50546979 0.34170468 0.28656750 0.48718392 0.38908189 0.32974134 0.33815918 0.42113970 0.28718026 0.52701724 0.40204330 0.49019169 0.50789541 0.37307261 0.46840729 0.31116423 0.38575441 0.48569710 0.17765577 0.41316544 0.55257149 0.73528340 0.41981868 1.00000000 0.68151771 0.69125446 0.73016453 0.34811684 0.50286816 0.56688753 0.40144345 0.46809304 0.40435710 0.44975734 0.51967156 0.47112900 0.59637859 0.55586499 0.41795454 0.48825975
0.46574616 0.21612088 0.32980066 0.45753572 0.21424120 0.36470629 0.43074676 0.34127569 0.50562065 0.48519912 0.44522887 0.47658969 0.43881775 0.45104149 0.43291580 0.25736396 0.46658239 0.29374418 0.39607198 0.37508810 0.44746757 0.50581692 0.41482742 0.57204007 0.47218801 0.43917051 0.52300216 0.50124616 0.45727836 0.57127290 0.46256918 0.37650371 0.54761588 0.33732656 0.27117077 0.40979540 0.54786494 0.59219664 0.51181575 0.40078534 0.45736675 0.51134131 0.57290508 0.38976204 0.49172900 0.50292327 0.46479963 0.62327180 0.51112220 0.59385632 0.57028386 0.50094284 0.60479062 0.53768938 0.51243463 0.54061208 0.32086248 0.62381697 0.47179215 0.59136989 0.54612204 0.68151771 1.00000000 0.77215061 0.59752746 0.52607012 0.49084172 0.58375757 0.57672082 0.57945367 0.55853189 0.60325901 0.47347759 0.57013633 0.57450022 0.63592134 0.58937558 0.55769780
0.37443680 0.14909593 0.26854710 0.39614531 0.11810223 0.31058077 0.36452811 0.38933089 0.47573783 0.48604139 0.35299122 0.45461198 0.35433267 0.44242425 0.42164194 0.17505029 0.45122225 0.29595752 0.43771410 0.39655504 0.44292386 0.51349971 0.36948033 0.51940674 0.44543224 0.42436844 0.55642037 0.49286213 0.43199831 0.61916498 0.46243033 0.38786137 0.55771109 0.40642655 0.23676983 0.38996026 0.54490403 0.64122349 0.50584446 0.49167731 0.43652339 0.61034058 0.59421226 0.48637121 0.54487957 0.57301461 0.55362810 0.69797616 0.55544505 0.60412409 0.63388118 0.54498874 0.68442831 0.51459255 0.59636788 0.56963070 0.29660309 0.67132390 0.50008336 0.64560683 0.58648861 0.69125446 0.77215061 1.00000000 0.59973542 0.57610101 0.57818530 0.64503406 0.60367688 0.64611827 0.63162420 0.64187412 0.57513242 0.60811476 0.62224000 0.68127309 0.64877590 0.57648280
0.44742234 0.14448439 0.25751436 0.30736787 0.12915453 0.22282803 0.31270964 0.36210028 0.29329738 0.42152977 0.15569114 0.23618582 0.32477727 0.39885293 0.44292392 0.09812129 0.25430787 0.32155220 0.29380077 0.27176066 0.36452679 0.37107961 0.36864893 0.29655872 0.36530738 0.39515837 0.40416650 0.53473752 0.29988098 0.43382363 0.39126118 0.39521523 0.40389416 0.34632608 0.16361092 0.24924708 0.37622686 0.40770586 0.47833673 0.28565312 0.20968063 0.47404918 0.35125574 0.28521470 0.24605622 0.42292983 0.26245961 0.45420560 0.42165705 0.43069902 0.52624891 0.44137052 0.43173747 0.33214464 0.21026719 0.43233037 0.14070971 0.40537414 0.53389765 0.45041162 0.32787216 0.73016453 0.59752746 0.59973542 1.00000000 0.29098664 0.55447932 0.51650263 0.33083626 0.42913668 0.34348067 0.41873060 0.47137678 0.41925956 0.50307935 0.54007746 0.27845107 0.48462264
0.34186516 0.19559180 0.28124824 0.33996861 0.32219053 0.35239099 0.37004565 0.34447262 0.48305257 0.42751045 0.46150208 0.53163606 0.40794702 0.42711736 0.39343218 0.23761867 0.45225443 0.32909947 0.48898193 0.34541484 0.31694687 0.39698515 0.19689048 0.43894882 0.41835362 0.35161055 0.56831846 0.45225843 0.38973921 0.46432382 0.35650426 0.29417318 0.44715735 0.37020148 0.35139798 0.46966483 0.50557732 0.54091206 0.47570647 0.53419326 0.50993600 0.46711722 0.53915786 0.42764535 0.51271966 0.42450746 0.53281756 0.50771192 0.42165159 0.49071791 0.46980573 0.50229539 0.59941437 0.52674418 0.52187607 0.47654739 0.36854480 0.55728423 0.35217866 0.38095879 0.44217322 0.34811684 0.52607012 0.57610101 0.29098664 1.00000000 0.54309236 0.54296415 0.66015838 0.59833382 0.64695992 0.63115254 0.49851943 0.64556120 0.56635586 0.59206833 0.61769477 0.59144661
0.26957787 0.17205979 0.16745850 0.24261934 0.13562520 0.19974886 0.29652313 0.36122758 0.33266667 0.40084107 0.24191449 0.35583598 0.32850356 0.43075075 0.48301858 0.07039191 0.34291027 0.30775511 0.42208792 0.29475175 0.34698401 0.37821383 0.18258691 0.30878254 0.31244698 0.30312708 0.50834074 0.60512557 0.32579181 0.49492386 0.38412030 0.33861947 0.41984343 0.42576631 0.24984925 0.33906190 0.47084121 0.45908827 0.54241424 0.41659157 0.43179660 0.51411567 0.41767282 0.45362009 0.41931339 0.46270305 0.48191493 0.47451478 0.49594405 0.46986730 0.50640212 0.52176341 0.53760595 0.52280834 0.42967405 0.47964641 0.18052392 0.53661813 0.49166200 0.44441277 0.41183432 0.50286816 0.49084172 0.57818530 0.55447932 0.54309236 1.00000000 0.65303459 0.50956257 0.60155251 0.62404470 0.68364240 0.58378795 0.63348491 0.59271046 0.65267354 0.46017885 0.68607851
0.34873347 0.15389843 0.35176029 0.33780074 0.26487858 0.32486053 0.35414749 0.43430928 0.42040326 0.48294913 0.38167383 0.45794674 0.45389758 0.37169716 0.39919370 0.16200312 0.33775341 0.36665543 0.45809883 0.33024561 0.33212027 0.34736407 0.31154585 0.37844940 0.42158785 0.35064444 0.52377127 0.55140654 0.52058692 0.53017751 0.47012450 0.41192343 0.53191990 0.54114157 0.30006774 0.46591730 0.56396589 0.54493203 0.59841126 0.54444033 0.43603127 0.60206195 0.52821695 0.47676504 0.46834117 0.48554682 0.54256061 0.60309393 0.48012034 0.53554503 0.59966611 0.55939326 0.51383553 0.42655838 0.51526908 0.46416455 0.28390385 0.56342985 0.42853558 0.50697141 0.46046864 0.56688753 0.58375757 0.64503406 0.51650263 0.54296415 0.65303459 1.00000000 0.63975912 0.65716867 0.64762521 0.70321829 0.65956203 0.57381802 0.73581946 0.71698628 0.60146403 0.63316129
0.26247895 0.31890805 0.34703093 0.39201439 0.27118173 0.42450608 0.40057792 0.38991761 0.42567265 0.44954799 0.43724426 0.48439695 0.45833050 0.33632790 0.29132492 0.31990602 0.47928697 0.27714676 0.43699250 0.37510220 0.31256494 0.33706050 0.29260747 0.44867253 0.34347045 0.37874931 0.46993348 0.40905247 0.50315903 0.46093537 0.24994655 0.28880708 0.49842530 0.45925754 0.29966388 0.40149500 0.53407996 0.46752149 0.49128689 0.52132733 0.40692983 0.41020291 0.45588081 0.36061610 0.39849713 0.39462497 0.48071084 0.50470890 0.33959886 0.37216440 0.39633945 0.49938043 0.52573709 0.41759242 0.45625248 0.41814525 0.29684096 0.47261463 0.31736165 0.35456785 0.32530265 0.40144345 0.57672082 0.60367688 0.33083626 0.66015838 0.50956257 0.63975912 1.00000000 0.65227817 0.59818165 0.73327863 0.58587200 0.63029707 0.53742768 0.58516398 0.57443432 0.55527957
0.33171201 0.18710373 0.35912555 0.33664508 0.31143137 0.37071463 0.34839280 0.45081793 0.46795187 0.52788090 0.45015726 0.54028175 0.44610895 0.44863194 0.47584554 0.10537051 0.36918290 0.41994465 0.54863643 0.36571612 0.29462879 0.31351501 0.27687806 0.34282440 0.35877275 0.42664549 0.57698807 0.49475072 0.42603281 0.48244942 0.44957118 0.29051445 0.46232940 0.41920392 0.27539564 0.49846146 0.52469636 0.54508367 0.50640798 0.51573232 0.48786004 0.57034225 0.57762738 0.57525140 0.51984259 0.46914069 0.60828986 0.61351099 0.64386301 0.53318795 0.52163848 0.59984068 0.68027040 0.54670041 0.62196756 0.41441207 0.36493582 0.65045058 0.24564650 0.42362046 0.49806704 0.46809304 0.57945367 0.64611827 0.42913668 0.59833382 0.60155251 0.65716867 0.65227817 1.00000000 0.81768877 0.66260238 0.57513572 0.54527517 0.71399539 0.61816220 0.65980484 0.66674172
0.30462760 0.19691779 0.35077646 0.36270214 0.28526049 0.38783016 0.35658094 0.44493944 0.53122292 0.49851810 0.46205783 0.56849026 0.41957079 0.41908728 0.47461218 0.09674538 0.36289212 0.38726823 0.57301915 0.34744052 0.31831513 0.35682769 0.23146334 0.34034595 0.38764282 0.38723502 0.56950662 0.46620819 0.40793122 0.52188569 0.47243731 0.33491590 0.49075550 0.38472562 0.31783732 0.50367027 0.51963208 0.55227001 0.46150705 0.53763229 0.53695471 0.60294641 0.59775489 0.55066476 0.55388813 0.46652466 0.61467168 0.62051776 0.63146382 0.55079937 0.51884651 0.54320763 0.66619606 0.56455758 0.62703030 0.44327463 0.37446364 0.65917115 0.24212690 0.43433876 0.52006092 0.40435710 0.55853189 0.63162420 0.34348067 0.64695992 0.62404470 0.64762521 0.59818165 0.81768877 1.00000000 0.65264853 0.54362817 0.57509716 0.64945428 0.65022170 0.68662423 0.68304615
0.30281485 0.30915163 0.27426798 0.39546028 0.22228119 0.36789140 0.43429403 0.41241806 0.46606525 0.46916882 0.41249431 0.47139344 0.45374745 0.45144160 0.36585207 0.29199107 0.51210169 0.32870428 0.47612975 0.42216549 0.35374766 0.41988523 0.27109765 0.46626521 0.37740708 0.39917795 0.52069107 0.49918332 0.49767210 0.53889951 0.32513430 0.31472178 0.57416233 0.49128773 0.35283740 0.39915001 0.56663375 0.54539260 0.56987083 0.53275058 0.46957722 0.45172698 0.50108578 0.43718038 0.48327125 0.54638587 0.54527444 0.58324757 0.43840205 0.46701397 0.47226080 0.55117106 0.55808466 0.49373166 0.48449445 0.48572398 0.27365195 0.56862489 0.45337963 0.43021989 0.44906103 0.44975734 0.60325901 0.64187412 0.41873060 0.63115254 0.68364240 0.70321829 0.73327863 0.66260238 0.65264853 1.00000000 0.58151468 0.71577612 0.60506931 0.64992996 0.56180935 0.58861234
0.34520778 0.17449457 0.30536835 0.29924661 0.28262346 0.28472011 0.37300490 0.44551210 0.38847065 0.46462225 0.34736636 0.41219188 0.41379315 0.34337082 0.40375968 0.17421924 0.34461057 0.34210434 0.45425014 0.30985490 0.39705005 0.35336073 0.26911940 0.33181412 0.41515061 0.31604166 0.46847657 0.48719980 0.46861420 0.45262526 0.42400494 0.40002620 0.42676829 0.53973773 0.23832434 0.45083915 0.49304168 0.48680801 0.52834554 0.51970156 0.38546109 0.53781687 0.41881420 0.39237528 0.43893667 0.48566180 0.47627248 0.52066927 0.39442622 0.48661382 0.57287720 0.52968994 0.46684596 0.36785279 0.46218622 0.44765717 0.28686618 0.46804153 0.41362804 0.46056599 0.41495165 0.51967156 0.47347759 0.57513242 0.47137678 0.49851943 0.58378795 0.65956203 0.58587200 0.57513572 0.54362817 0.58151468 1.00000000 0.46290581 0.67352159 0.63044859 0.49230430 0.65054746
0.29390507 0.14238331 0.14485634 0.32177290 0.10935338 0.24967777 0.33891415 0.26283879 0.45337937 0.34008968 0.31263137 0.37197173 0.31531799 0.44765850 0.41257379 0.15651514 0.42975355 0.22939992 0.37939943 0.33734884 0.34724297 0.46166996 0.22594316 0.43739556 0.36691143 0.37396864 0.50945466 0.47783643 0.35439480 0.55674803 0.37363112 0.27451427 0.47676848 0.30241531 0.30758640 0.33533605 0.48617475 0.51904716 0.47563312 0.38357363 0.45325778 0.46542643 0.48965046 0.42249288 0.53067972 0.53810468 0.47611928 0.55688482 0.43842250 0.54588695 0.49353347 0.44815190 0.50328008 0.48612614 0.48716565 0.51403839 0.22617280 0.58145847 0.50562502 0.49718726 0.49292490 0.47112900 0.57013633 0.60811476 0.41925956 0.64556120 0.63348491 0.57381802 0.63029707 0.54527517 0.57509716 0.71577612 0.46290581 1.00000000 0.51956233 0.73425078 0.57607336 0.61875015
0.44387623 0.20650449 0.34684100 0.31465165 0.33290406 0.32171011 0.34416864 0.47965116 0.45648653 0.49143982 0.38819341 0.48544896 0.46183195 0.47194938 0.46213544 0.18686991 0.35225913 0.50540040 0.49126412 0.26506258 0.43750065 0.37398536 0.39769786 0.38101075 0.42075451 0.34452162 0.52927179 0.55610480 0.50934069 0.51604091 0.54878604 0.40758939 0.47984456 0.48712174 0.28269706 0.52296908 0.52729272 0.59437100 0.60473060 0.57687787 0.55724627 0.60670809 0.56646362 0.49549580 0.48654555 0.51628290 0.53274821 0.60288413 0.57359358 0.57641364 0.59807146 0.60073178 0.55456538 0.46193901 0.58783416 0.49539680 0.42680045 0.54170944 0.38167042 0.57348399 0.51334635 0.59637859 0.57450022 0.62224000 0.50307935 0.56635586 0.59271046 0.73581946 0.53742768 0.71399539 0.64945428 0.60506931 0.67352159 0.51956233 1.00000000 0.67873841 0.65701443 0.70136984
0.41446587 0.09676274 0.28612850 0.36512622 0.23127156 0.29799851 0.45634099 0.37473420 0.53331578 0.44738489 0.41773953 0.48453300 0.43023227 0.42629643 0.49670400 0.06345602 0.34066499 0.36225008 0.47337125 0.35290367 0.36791313 0.48712952 0.24783103 0.39466059 0.50096024 0.36578453 0.59095357 0.56647326 0.43839502 0.65886279 0.56813841 0.38248868 0.55276242 0.40740624 0.35458478 0.48937570 0.61061460 0.60596637 0.53327808 0.52467471 0.46786038 0.68110138 0.60877828 0.52385372 0.59940880 0.63050390 0.59558672 0.66424789 0.57256479 0.70112995 0.72814486 0.54144942 0.54278809 0.49118678 0.59322523 0.62304271 0.27651880 0.66785347 0.53363421 0.57121547 0.60644486 0.55586499 0.63592134 0.68127309 0.54007746 0.59206833 0.65267354 0.71698628 0.58516398 0.61816220 0.65022170 0.64992996 0.63044859 0.73425078 0.67873841 1.00000000 0.69930404 0.71055692
0.30992220 0.11807270 0.27030620 0.34549186 0.22271017 0.29499505 0.33408905 0.30460305 0.53430518 0.38703750 0.48008254 0.54276527 0.40525714 0.37627029 0.40082036 0.09584805 0.36311052 0.31485214 0.46208757 0.34720341 0.27711122 0.35384403 0.25805670 0.41609706 0.41731260 0.34260345 0.54891569 0.42171339 0.43889766 0.55594783 0.51899522 0.25262921 0.47775311 0.31474615 0.28614043 0.49963438 0.54981480 0.63006903 0.43964634 0.52426595 0.55340938 0.57943136 0.64612360 0.51791446 0.58453118 0.51093658 0.60518255 0.64745579 0.56037900 0.65608649 0.56710759 0.55086144 0.58902417 0.49359064 0.65352135 0.48537061 0.33405271 0.64912218 0.27945015 0.46501309 0.57120301 0.41795454 0.58937558 0.64877590 0.27845107 0.61769477 0.46017885 0.60146403 0.57443432 0.65980484 0.68662423 0.56180935 0.49230430 0.57607336 0.65701443 0.69930404 1.00000000 0.62931996
0.36792731 0.20275890 0.31688157 0.31082065 0.31121420 0.27678552 0.35166036 0.40038821 0.46296152 0.44085306 0.38761090 0.46894546 0.47889289 0.43967570 0.53522874 0.11358484 0.34353089 0.44022205 0.47249505 0.27004597 0.39053353 0.38238645 0.28426427 0.34610050 0.37750402 0.38255910 0.55892877 0.59617440 0.41442277 0.51367737 0.51752260 0.38041453 0.45311148 0.43251154 0.29147037 0.50019446 0.52773559 0.53250809 0.59438512 0.48295841 0.57580814 0.55892584 0.54713104 0.48723362 0.52276378 0.51867699 0.49270023 0.52544093 0.56136351 0.55452006 0.53058935 0.58450583 0.57719451 0.56752462 0.57788111 0.49642990 0.41057079 0.54272791 0.40860600 0.48141025 0.47340317 0.48825975 0.55769780 0.57648280 0.48462264 0.59144661 0.68607851 0.63316129 0.55527957 0.66674172 0.68304615 0.58861234 0.65054746 0.61875015 0.70136984 0.71055692 0.62931996 1.00000000
