1.00000000 0.31745318 0.37981018 0.52417570 0.46568738 0.41866499 0.38678670 0.42609980 0.31298834 0.49752341 0.16295143 0.16779426 0.25803989 -0.04278329 0.11716476 0.01919239 -0.03155432 0.09476866 0.09509423 0.13016232 -0.02378245 0.06483638 0.12623046 -0.03568912 0.22866272 0.26123177 0.10921945 0.07054447 0.03085982 -0.31384105 -0.20726845 -0.11778865 -0.10192736 0.05312082 -0.15928192 0.05991214 -0.04554560 -0.10451320 -0.03690031 -0.02235652 0.09916830 -0.24679642 0.07305530 -0.08936729 -0.07925806 -0.04716654 -0.05934400 -0.05856566 -0.14047601 0.09038924 0.10183794 0.17648722 0.14735386 -0.00962611 0.06062435 -0.00357474 0.01386499 -0.09315916 0.09221152 -0.18744213 0.04115816 0.03132038 0.08220262 -0.09751717 0.22003743 0.07979942 0.03334582 0.13307599 -0.08263575 -0.01848854 -0.20058009 -0.03464137 0.23577978 -0.08521546 0.03878685 0.22612974 -0.22988960 0.10276290
0.31745318 1.00000000 0.29531030 0.37186012 0.28702624 0.58335485 0.40384610 0.37548310 0.17136468 0.49856615 0.30754574 0.22507033 0.26015444 -0.00587771 0.03679163 0.25686313 0.04074065 0.10837516 0.25073436 0.11524932 -0.00883284 -0.06932310 0.04096380 0.14757959 0.05668869 0.35931564 0.10040114 0.09089905 0.07085094 -0.31369644 -0.30247048 -0.21148215 -0.20122304 -0.07133243 -0.09418711 0.14992630 0.19141345 -0.16658159 0.04189364 0.04812576 -0.00161085 -0.12233766 -0.08844061 -0.17437454 0.00299293 -0.07035177 0.03306617 0.03088200 0.02737861 -0.05687394 -0.12989911 0.18846065 0.06937373 -0.00206621 0.01298212 0.09762595 0.18409085 0.02866875 0.04464733 -0.16604178 -0.06559377 0.02845190 0.21719878 0.08886351 0.22438362 0.18498353 0.12759950 0.26127506 0.06771236 0.22060520 0.10481683 0.17364118 0.39193662 0.06549750 -0.04306871 0.23567089 -0.12307722 0.20646679
0.37981018 0.29531030 1.00000000 0.35984495 0.38775282 0.21374184 0.34056616 0.27493665 0.35752584 0.33667147 0.24659035 0.19805590 0.35565547 -0.08461400 0.05977180 0.04248872 -0.08800172 0.03955584 0.06628443 0.02684063 -0.05570314 0.06636170 0.08510463 -0.02081182 0.10771960 0.18957833 0.15183170 0.08463428 0.11289663 -0.17847747 -0.14377886 -0.05001881 -0.01756578 0.11132849 0.04878290 0.11995748 0.02720678 -0.10662631 0.07206997 0.01952113 -0.05834177 -0.11448048 -0.04903422 -0.11888841 -0.12065752 0.06993485 -0.11217330 -0.08405634 -0.25425849 0.05512053 0.12176872 0.16063575 0.24260377 0.06331364 0.12179198 -0.03257117 0.20200379 -0.00034870 0.13685851 -0.27707472 0.02050933 0.10990257 0.15026834 -0.12764120 0.27515186 0.15518963 0.01835390 0.06661879 -0.12610997 -0.14271912 -0.10171011 -0.07251947 0.24932645 -0.05680541 0.09705395 0.04536230 -0.20380571 0.10766735
0.52417570 0.37186012 0.35984495 1.00000000 0.28900043 0.44217280 0.34046345 0.35737865 0.21948375 0.49084451 0.10154702 0.10782571 0.29957795 0.01499778 0.07421242 0.07335037 0.00889832 0.08021774 0.20329784 0.12190884 0.04275818 0.07311083 0.15837149 0.12298178 0.15089382 0.28641303 0.13224741 0.05792171 0.02650809 -0.31967238 -0.15492357 -0.09353850 -0.01604943 -0.01765531 -0.02980416 0.00071342 0.03289916 -0.06862354 -0.02603614 -0.04349624 0.02350325 -0.17022987 0.12592369 -0.16062967 -0.02119572 -0.01770215 -0.02136611 -0.01165570 -0.15766979 -0.00906327 0.09809133 0.24652783 0.12450495 -0.05222861 0.03566725 0.01671158 0.08080572 -0.04443334 0.04546823 -0.26079163 0.04013080 -0.08124613 0.13997046 -0.04316467 0.16798989 0.12959951 -0.00131236 0.22995783 -0.04753610 -0.05407750 -0.06745153 0.00188267 0.32403436 -0.05005042 -0.01476563 0.13511398 -0.21970606 0.04891613
0.46568738 0.28702624 0.38775282 0.28900043 1.00000000 0.42877972 0.55801408 0.37462936 0.28115304 0.32914000 0.38934019 0.33733976 0.41704507 -0.16490358 0.02837716 -0.05638007 -0.18058190 -0.02815990 0.04085947 0.09539927 -0.23760410 -0.10393752 -0.05369771 -0.08778321 0.23475724 0.24361560 0.14270398 0.18682081 0.06283387 -0.23428672 -0.16624423 -0.01262175 0.02754090 0.03670335 0.07599811 0.21646132 0.03485091 -0.05256818 -0.07058919 0.14029047 -0.00253614 -0.07271273 -0.04190303 -0.08971973 0.05022664 -0.10579263 -0.09701878 -0.08161995 -0.12758066 0.04882174 0.09630940 -0.04187070 0.12135369 0.08573142 0.11658414 0.03117742 0.19811302 -0.13108494 0.05580278 -0.14604052 -0.03751404 -0.11111672 -0.04391454 -0.15751281 0.09251651 0.13048097 0.00012929 -0.06173851 -0.03030546 0.02105199 -0.13710391 -0.11703116 0.22989818 -0.13911271 0.07700810 -0.01871540 -0.14463519 0.10747551
0.41866499 0.58335485 0.21374184 0.44217280 0.42877972 1.00000000 0.44851222 0.45890696 0.19908377 0.46117514 0.35246843 0.14791552 0.26430898 -0.03307158 0.08764961 0.20226090 0.13508663 0.07430298 0.34724320 0.20116992 -0.10980868 -0.12202671 0.13683313 0.16723111 0.14143095 0.46367060 0.00024284 0.11860004 0.16040409 -0.41849265 -0.33430257 -0.19045423 -0.16764593 -0.03544786 -0.02290915 0.14986105 0.14186583 -0.26004099 -0.02408426 0.06415573 -0.04451559 -0.28294914 0.13843174 -0.24967955 0.00961939 -0.15007259 0.04704300 0.03005962 0.00427036 0.00383954 -0.08196169 0.21573342 0.14737155 -0.05337239 0.07488444 0.12378329 0.26137345 0.05498894 -0.01209907 -0.26393475 -0.10087325 -0.04367367 0.18125892 0.04666098 0.21428016 0.13916587 0.13597597 0.28428765 0.08792974 0.15356439 -0.00160166 0.06123766 0.36311511 -0.02020085 -0.05801628 0.29126552 -0.22170398 0.13529659
0.38678670 0.40384610 0.34056616 0.34046345 0.55801408 0.44851222 1.00000000 0.35046176 0.28626550 0.33653035 0.37147190 0.29267291 0.48713888 -0.13791174 0.15066599 0.08308467 -0.09636343 0.05031190 0.20525592 0.14727487 -0.07026001 -0.03640619 0.07542997 0.02685241 0.22716754 0.21205252 0.15309233 0.17513651 0.06355832 -0.25876194 -0.22585514 0.00888434 0.02833907 0.09521889 0.04468257 0.19666201 0.06269645 -0.15147948 -0.01211796 0.12974003 0.02162481 -0.22332590 0.00578126 -0.14358282 -0.04312200 -0.09334560 -0.08530132 -0.17729934 -0.09142583 -0.07188091 0.11727624 0.05367453 -0.02242693 0.09558733 0.08062754 0.05811806 0.16169814 -0.04121623 0.02516767 -0.17039039 -0.01280157 -0.07502319 0.13591963 -0.01023699 0.15481800 0.25422139 0.10688218 0.11344249 -0.01220585 -0.00784728 0.04783664 -0.18037065 0.32619142 -0.12085302 0.07426134 0.02745988 -0.17822542 0.17507402
0.42609980 0.37548310 0.27493665 0.35737865 0.37462936 0.45890696 0.35046176 1.00000000 0.25553763 0.46000071 0.05298284 0.11127061 0.18644764 0.01318249 0.06269684 0.02727849 -0.00364373 -0.02350735 0.10326773 0.05300925 -0.11170597 -0.05546359 0.07629773 0.13110734 0.00969525 0.20147333 0.05961834 0.10956723 0.10447324 -0.30802012 -0.33475466 -0.13180645 -0.01210670 0.07009611 -0.04859787 0.01477444 -0.01189473 -0.19080285 -0.02099882 0.00831217 -0.14918877 -0.26323723 -0.02562702 -0.09499840 -0.09493040 -0.20153917 -0.09423053 -0.01091242 -0.20858590 0.08499445 0.14118610 0.11492920 0.14049847 -0.16006034 -0.03215082 -0.02083518 0.16952134 -0.04175153 0.08185660 -0.14784749 0.03234788 0.08000613 0.11142387 -0.21638160 0.26407498 0.04464926 0.08378663 0.19781172 -0.12035748 -0.05146554 -0.09921730 -0.09629516 0.25684397 -0.08031936 -0.00624571 0.19523991 -0.18802863 0.00006284
0.31298834 0.17136468 0.35752584 0.21948375 0.28115304 0.19908377 0.28626550 0.25553763 1.00000000 0.31189849 0.16619345 0.21804973 0.32523956 -0.02907122 0.08344496 -0.03582069 -0.08987848 -0.04713624 0.05918967 -0.06129701 -0.04123278 0.05528585 0.09560163 -0.07781174 0.05589196 -0.02080981 0.07405269 0.00537906 0.03901561 -0.06438107 -0.22234722 -0.01379954 -0.00828078 0.13347844 0.01292235 -0.06828759 -0.05764739 0.01651830 0.01964894 -0.14205904 -0.12106503 -0.18049775 -0.13547609 -0.09379352 -0.15710144 -0.12024610 -0.07196809 -0.13736762 -0.13510230 -0.05621372 -0.00602064 0.02171544 0.04298514 -0.03906896 -0.08099131 0.04582476 0.06141228 -0.06679345 0.09046043 -0.07008976 0.03082583 0.07823721 0.04785688 -0.00695025 0.04852209 -0.01393537 0.08342493 0.00594643 -0.03416366 0.03192069 0.09186942 -0.11733798 0.18909921 -0.06983560 -0.06923784 -0.05216042 -0.09635724 0.05419654
0.49752341 0.49856615 0.33667147 0.49084451 0.32914000 0.46117514 0.33653035 0.46000071 0.31189849 1.00000000 0.24501973 0.14988253 0.28896172 -0.01942720 0.03726160 0.13950732 -0.02646942 0.06384301 0.19080449 0.05360458 -0.10124664 -0.00566620 0.07258553 0.06833174 0.15770397 0.40453048 0.07053248 0.13486254 0.02376723 -0.36016828 -0.24605945 -0.12817801 -0.13824892 0.00020505 -0.16844430 0.09509741 -0.05263866 -0.16255254 0.01412902 0.03462276 -0.02291176 -0.20269015 -0.04087735 -0.11677396 -0.02625844 -0.14403570 0.02378150 0.05114324 -0.06370772 0.01107930 -0.06790151 0.13719124 0.07092290 0.01106904 0.06110123 0.05090492 0.10176589 0.01774515 -0.03412040 -0.12843988 0.09119109 0.06941960 0.09800409 -0.02735971 0.16576848 0.11321505 0.05514317 0.15266546 -0.12920978 0.09966128 -0.00101951 -0.00914787 0.25331801 -0.18638241 -0.04707723 0.17345419 -0.23825656 0.03970013
0.16295143 0.30754574 0.24659035 0.10154702 0.38934019 0.35246843 0.37147190 0.05298284 0.16619345 0.24501973 1.00000000 0.30224093 0.36627927 -0.18359205 0.02338534 0.10702513 -0.00488190 0.03032111 0.20677023 0.06018103 -0.22489746 -0.15507345 0.00205756 -0.08591144 0.09104260 0.18654186 -0.02260283 0.05724200 0.05409661 -0.07147015 -0.09779928 -0.09653249 -0.01252388 0.05975114 0.16956633 0.15373836 0.11507798 -0.00352444 0.01021179 0.17542807 0.03815177 -0.06457900 -0.07487904 -0.02303211 0.08416259 -0.07519327 -0.05062752 -0.08082526 0.07646077 -0.07038701 -0.09504255 -0.12409312 -0.02335271 0.18919223 -0.05779607 0.24349722 0.24693878 0.00993280 -0.02412074 -0.02324072 0.02686603 -0.05744085 0.03318827 -0.01430026 -0.11506441 0.19828609 -0.01953326 0.06767315 0.05553246 0.02076031 0.00263936 -0.01262034 0.21637130 -0.10067267 0.13558117 -0.08595048 -0.14721502 0.14001450
0.16779426 0.22507033 0.19805590 0.10782571 0.33733976 0.14791552 0.29267291 0.11127061 0.21804973 0.14988253 0.30224093 1.00000000 0.30246605 -0.13893223 -0.00526681 -0.07639856 -0.07181220 -0.14631160 -0.04323406 -0.11781552 -0.10386040 0.00692835 -0.02810638 -0.04414977 0.01879435 -0.02132278 0.17683479 0.16172063 -0.03690407 -0.00509220 -0.08344397 0.02636642 -0.01391465 0.08984876 0.08360165 0.17630628 0.07436757 0.10361566 0.06785123 0.06146071 0.01615822 -0.10228448 -0.14572182 0.02461704 0.16512249 -0.16889593 -0.08799033 -0.21175096 -0.04037599 0.15026234 0.11736557 -0.09338494 0.00025245 -0.00991657 -0.04284331 -0.04924673 0.08770197 -0.09188316 -0.04426555 -0.08620867 -0.04018751 -0.16693694 -0.02338554 -0.09878914 -0.02013446 0.14451531 0.03131004 -0.12107774 -0.04219998 -0.05577666 0.06694620 -0.13890315 0.10443361 -0.07082352 0.01311944 0.04777646 -0.05998955 -0.00731755
0.25803989 0.26015444 0.35565547 0.29957795 0.41704507 0.26430898 0.48713888 0.18644764 0.32523956 0.28896172 0.36627927 0.30246605 1.00000000 0.03549185 0.05881684 0.02777866 -0.11094417 0.00408099 0.19829856 0.05439143 -0.07788454 -0.16865792 0.09316963 -0.05825626 0.13250323 0.15384459 0.09263189 0.02237716 0.09072624 -0.22624058 -0.24019283 -0.02525020 -0.12051114 0.02803309 0.05256663 0.16712893 0.02096811 -0.03719757 -0.07811218 -0.01421529 0.05144119 -0.15869952 0.03262599 -0.15491679 -0.12407597 -0.10582880 -0.10361453 -0.16738225 -0.14184242 -0.15001079 -0.00330273 0.05815809 -0.02085433 0.05228708 -0.00343980 0.11981788 0.19735576 -0.03284889 0.16909390 -0.18637024 0.01183611 -0.04123222 0.17719115 -0.02171951 0.08414502 0.17734846 0.07030175 0.12869673 -0.05007529 -0.11775747 0.06713593 -0.07165205 0.36771949 -0.13901337 0.12981033 -0.03911678 -0.16459237 0.07311958
-0.04278329 -0.00587771 -0.08461400 0.01499778 -0.16490358 -0.03307158 -0.13791174 0.01318249 -0.02907122 -0.01942720 -0.18359205 -0.13893223 0.03549185 1.00000000 0.10315898 0.17532351 0.22846964 0.22972849 0.09652810 0.04976679 0.18138408 0.08223329 0.10846034 0.08080049 -0.10173565 -0.02586376 0.01109008 -0.07592763 0.08839765 -0.06442220 -0.06895589 -0.09192492 -0.06407951 -0.07340131 -0.20027901 -0.11047987 0.00605088 0.02960415 -0.02901757 -0.09072655 0.00835766 -0.01784862 0.20058755 -0.04468680 -0.07896414 -0.03050849 -0.06135031 -0.06032900 0.01989823 -0.09831357 -0.08917448 0.11462758 0.01055822 -0.13007500 0.00061495 0.07460151 -0.07279908 -0.01913422 0.05515204 -0.02522412 0.03659824 0.08477619 0.11578062 0.09947620 0.07805421 -0.05910565 0.06110437 0.23324245 0.11985613 0.04900442 0.11980420 0.14815664 0.04315321 0.01681591 0.08098033 0.14117935 0.12544783 0.05015681
0.11716476 0.03679163 0.05977180 0.07421242 0.02837716 0.08764961 0.15066599 0.06269684 0.08344496 0.03726160 0.02338534 -0.00526681 0.05881684 0.10315898 1.00000000 0.19010008 0.11113307 0.41371984 0.35875573 0.18699272 0.35397247 0.06265901 0.32160985 0.23281194 0.34830363 0.22882244 0.15500453 0.05686923 0.15114019 0.04289644 0.07140233 0.00601050 -0.05127334 0.31876133 0.06122118 0.04547665 0.00268636 -0.16393807 0.15561763 -0.09840547 0.13177366 -0.12214779 0.14024743 0.02892289 -0.05532660 -0.14382274 -0.03218707 -0.11286758 0.14085134 -0.17648758 -0.07143230 0.06256174 -0.15121364 -0.13340755 -0.11984266 0.02905375 -0.03599554 -0.08733459 -0.05457023 0.07104457 0.03073066 0.10864073 0.10087239 0.02045239 -0.01034243 0.09508920 0.09474584 0.28246021 -0.01967907 0.04779767 -0.05147406 0.06547196 0.16306196 0.03278548 0.09903215 -0.04599356 -0.01343471 0.07538514
0.01919239 0.25686313 0.04248872 0.07335037 -0.05638007 0.20226090 0.08308467 0.02727849 -0.03582069 0.13950732 0.10702513 -0.07639856 0.02777866 0.17532351 0.19010008 1.00000000 0.36224002 0.29843450 0.48830731 0.24889612 0.15970980 0.14898333 0.33081340 0.33623440 0.04116913 0.33881887 -0.14694849 -0.00631312 0.29210208 -0.03549815 -0.14007148 -0.35852295 -0.15670612 0.00205739 -0.08099254 -0.10876576 0.05382373 -0.11177667 0.04818121 -0.13079132 0.05407240 -0.15436356 0.05317156 -0.04805088 -0.06868456 -0.06159785 -0.05007891 -0.01940406 0.19155240 -0.32560559 -0.24841027 0.14538002 -0.00496413 -0.08655833 0.00352503 0.11903709 0.05335564 -0.03143946 0.00062513 -0.11300825 -0.04195588 -0.01467914 0.08080803 0.13215506 -0.00733089 0.21335673 0.11230267 0.27869950 0.08788854 0.09321373 0.10188149 0.28759195 0.15598929 0.08848392 0.05031234 0.12641203 -0.01128964 0.09178245
-0.03155432 0.04074065 -0.08800172 0.00889832 -0.18058190 0.13508663 -0.09636343 -0.00364373 -0.08987848 -0.02646942 -0.00488190 -0.07181220 -0.11094417 0.22846964 0.11113307 0.36224002 1.00000000 0.17536799 0.29931688 0.08385428 0.26644117 0.10223463 0.38003230 0.30053834 -0.15103479 0.09439313 -0.23238703 -0.08631149 0.09126713 -0.09807097 -0.02711971 -0.23634130 -0.13932317 -0.11948882 -0.06100453 -0.15877601 0.04123487 0.00927434 -0.02724397 0.01226666 0.03246001 -0.08673881 0.18370063 0.05507259 0.01459526 -0.02121692 0.15080887 0.07961000 0.20448046 -0.08380258 -0.12668990 0.08655827 0.03643023 -0.12597539 -0.08890031 0.02414244 0.05542689 0.04300674 -0.10825208 -0.05595573 0.00947041 -0.04566812 0.06477265 0.21477991 -0.03362560 0.03011666 0.06671726 0.23312948 0.13452616 0.10297087 0.07033235 0.28368081 -0.03947599 0.02253343 0.04514690 0.20944216 0.07379551 -0.06136826
0.09476866 0.10837516 0.03955584 0.08021774 -0.02815990 0.07430298 0.05031190 -0.02350735 -0.04713624 0.06384301 0.03032111 -0.14631160 0.00408099 0.22972849 0.41371984 0.29843450 0.17536799 1.00000000 0.33436413 0.16364833 0.36593717 0.13977901 0.15528524 0.29129946 0.16092812 0.21627189 0.00114707 -0.09483492 0.23331494 -0.02035473 0.11148017 -0.04743413 -0.08404077 0.10280585 -0.04291308 -0.01439831 0.06486360 -0.10686480 -0.01366537 -0.12594582 0.12853510 0.00381153 0.13218143 -0.05513714 -0.08799905 0.07512706 -0.00794843 -0.05651344 0.19832202 -0.17815734 -0.18224339 0.15052061 -0.05920460 -0.04155684 -0.05467124 0.16994001 0.02560857 0.02629646 -0.09817256 -0.04561129 -0.07712125 0.04666384 0.08092539 0.21122135 0.03302758 0.03383997 0.24103341 0.33679331 0.17047699 0.09658502 0.09668547 0.21787314 0.08696632 0.12341337 0.16230507 0.12640694 0.04222827 0.17463472
0.09509423 0.25073436 0.06628443 0.20329784 0.04085947 0.34724320 0.20525592 0.10326773 0.05918967 0.19080449 0.20677023 -0.04323406 0.19829856 0.09652810 0.35875573 0.48830731 0.29931688 0.33436413 1.00000000 0.17775451 0.14045074 0.05186425 0.42784363 0.35077973 0.17647406 0.29988822 -0.09064504 -0.02270854 0.19841572 -0.13379670 -0.08435774 -0.30215204 -0.15232196 0.09150176 0.01933693 -0.06266142 0.00845796 -0.15904129 0.00220282 -0.04150297 0.12149736 -0.10637822 0.14803016 -0.01150599 -0.03641720 -0.14768891 -0.03575187 0.11148492 0.24198881 -0.32047862 -0.20703484 0.05142622 -0.08305594 -0.09620732 -0.04085139 0.21236001 0.05014584 -0.02693306 0.02084222 0.04392371 0.09325341 0.06187402 0.06559329 0.18109893 -0.06805155 0.25273606 0.14271568 0.42105636 0.09241052 0.10729771 0.04730118 0.13454173 0.22056579 -0.02582828 0.09752018 0.08028452 0.02199861 0.03175812
0.13016232 0.11524932 0.02684063 0.12190884 0.09539927 0.20116992 0.14727487 0.05300925 -0.06129701 0.05360458 0.06018103 -0.11781552 0.05439143 0.04976679 0.18699272 0.24889612 0.08385428 0.16364833 0.17775451 1.00000000 0.02485241 0.08298993 0.19403957 0.12729513 0.16955143 0.37434196 -0.02079849 0.04033095 -0.05982127 -0.06236731 -0.12762139 -0.01135478 -0.08577793 0.05582005 0.03250198 0.05309529 -0.01543220 -0.20674532 -0.06442624 0.03579135 -0.07333622 -0.04216877 0.00037189 -0.03679060 -0.06891907 -0.00925357 0.10580383 -0.08509870 0.02711233 -0.01162702 -0.00079023 0.10599847 -0.08122646 -0.07590773 -0.00680582 -0.09419750 -0.00469635 -0.15860275 -0.00487579 -0.15881004 -0.15777171 -0.01437049 0.01432204 -0.16590332 0.04151895 0.12862487 -0.04268518 0.13554014 -0.05221028 0.05981973 -0.11126364 -0.02902063 0.14722961 0.06254796 -0.05600107 -0.01382215 -0.16872441 0.16920125
-0.02378245 -0.00883284 -0.05570314 0.04275818 -0.23760410 -0.10980868 -0.07026001 -0.11170597 -0.04123278 -0.10124664 -0.22489746 -0.10386040 -0.07788454 0.18138408 0.35397247 0.15970980 0.26644117 0.36593717 0.14045074 0.02485241 1.00000000 0.24528166 0.29357466 0.34747353 0.12573713 -0.05637439 -0.00118398 -0.04123563 0.07090426 0.14118778 0.10482781 0.06323565 -0.09518041 0.10348518 -0.07810620 -0.09243181 -0.01062150 0.02543591 0.00488583 -0.09944756 0.03689887 0.04472134 0.08026777 0.00828981 -0.12613278 0.08141456 0.02376387 0.02920839 0.08508527 -0.07617714 -0.01438746 0.12973804 -0.10077381 -0.03018123 -0.18044515 0.08975079 -0.13012974 0.07731953 0.01564624 -0.00179386 0.00171105 0.02470669 0.00197619 0.16786565 0.06343868 -0.02931724 0.10026000 0.16453973 0.01122867 -0.01202235 0.02647433 0.08548305 -0.01880482 0.08416354 0.03660267 0.08310018 0.02455084 0.03738919
0.06483638 -0.06932310 0.06636170 0.07311083 -0.10393752 -0.12202671 -0.03640619 -0.05546359 0.05528585 -0.00566620 -0.15507345 0.00692835 -0.16865792 0.08223329 0.06265901 0.14898333 0.10223463 0.13977901 0.05186425 0.08298993 0.24528166 1.00000000 -0.01244322 0.15565982 0.10901860 -0.07671504 0.02380452 -0.02434122 -0.05163951 0.03255723 -0.03388538 0.09212677 0.10243631 0.03286810 0.01926899 -0.18154128 -0.09686880 -0.02654554 0.04264512 -0.12204965 -0.13218911 0.06777246 -0.07986216 0.00774693 -0.11777509 0.05127311 -0.03194443 -0.07339067 -0.08403829 0.08406555 0.06291256 0.06170844 0.01825627 0.05974903 0.04226967 -0.04499901 -0.17245832 -0.03291649 0.09621961 -0.00375236 -0.00016855 0.03802625 -0.01061505 0.02217831 0.10306212 -0.05152185 -0.08475090 -0.01464620 -0.01119374 -0.01647179 0.02375038 -0.11608887 -0.06617617 0.02721683 0.04690605 0.03637728 0.01394205 0.01829475
0.12623046 0.04096380 0.08510463 0.15837149 -0.05369771 0.13683313 0.07542997 0.07629773 0.09560163 0.07258553 0.00205756 -0.02810638 0.09316963 0.10846034 0.32160985 0.33081340 0.38003230 0.15528524 0.42784363 0.19403957 0.29357466 -0.01244322 1.00000000 0.27851492 0.12390368 0.30718580 -0.08968148 0.03760152 0.05853165 -0.05882642 -0.11356985 -0.21677331 -0.05236964 0.05970910 0.02371731 -0.12470973 -0.01995759 -0.03051398 0.07045630 0.03494987 -0.04339620 -0.16176216 0.09425291 0.05811635 -0.07863126 -0.15230839 -0.02694086 0.05996184 0.13975948 -0.18823476 -0.10114695 -0.01182958 -0.10060320 -0.18468819 -0.01354619 0.03976358 0.02389474 -0.04484773 0.00398790 -0.03872140 0.09517834 0.03348743 0.07535524 0.01280971 0.03952255 0.17661420 0.00760743 0.33784105 -0.02664143 -0.07037083 -0.07213997 0.05939653 0.15442137 -0.03589323 -0.06352596 0.01711933 -0.04370357 -0.03555202
-0.03568912 0.14757959 -0.02081182 0.12298178 -0.08778321 0.16723111 0.02685241 0.13110734 -0.07781174 0.06833174 -0.08591144 -0.04414977 -0.05825626 0.08080049 0.23281194 0.33623440 0.30053834 0.29129946 0.35077973 0.12729513 0.34747353 0.15565982 0.27851492 1.00000000 0.15117058 0.17198254 -0.09829443 -0.01884465 0.15272710 -0.13309182 -0.04389321 -0.16717849 -0.11162951 0.02391757 -0.05287319 -0.05836239 -0.00139771 -0.13001742 0.01454305 -0.05732265 0.02252583 -0.05380585 0.21671992 -0.04316967 -0.00766415 0.02483783 0.04093065 0.10745245 0.11141804 -0.11653469 -0.13628376 0.15510957 -0.00851786 -0.16518322 0.07435050 0.02345294 -0.00760587 -0.08128149 -0.01987209 -0.13956283 -0.06962582 -0.01106994 0.05616985 0.08229920 0.06026962 0.10233417 0.09105732 0.27902114 0.02980594 -0.01789967 0.03165125 0.14929450 0.13192841 0.01903100 0.05651593 0.13731237 0.00960414 -0.10865693
0.22866272 0.05668869 0.10771960 0.15089382 0.23475724 0.14143095 0.22716754 0.00969525 0.05589196 0.15770397 0.09104260 0.01879435 0.13250323 -0.10173565 0.34830363 0.04116913 -0.15103479 0.16092812 0.17647406 0.16955143 0.12573713 0.10901860 0.12390368 0.15117058 1.00000000 0.24170132 0.17446285 0.01466937 -0.07476300 -0.04873799 0.10281196 0.08836594 -0.05157265 0.24707973 -0.08625528 0.08401492 -0.20347723 -0.06787145 0.03246647 0.00208729 0.22394361 0.00124050 0.08303861 0.09240169 0.09156098 -0.04198004 -0.10164605 0.02100759 0.08721071 -0.03076943 0.05251133 0.01691581 -0.08637540 -0.01868782 0.12595810 0.07045542 -0.09613381 -0.09981144 0.00290478 0.08045439 0.05433822 -0.02163678 -0.07619171 -0.02869728 -0.01788269 -0.01114212 0.03463043 0.02848957 -0.12763435 0.03295596 0.00461086 -0.06788152 0.03745253 -0.11336991 -0.12877912 -0.12826359 -0.08495710 -0.00107697
0.26123177 0.35931564 0.18957833 0.28641303 0.24361560 0.46367060 0.21205252 0.20147333 -0.02080981 0.40453048 0.18654186 -0.02132278 0.15384459 -0.02586376 0.22882244 0.33881887 0.09439313 0.21627189 0.29988822 0.37434196 -0.05637439 -0.07671504 0.30718580 0.17198254 0.24170132 1.00000000 -0.03040589 0.17246856 0.07533339 -0.23665247 -0.15673421 -0.10174769 -0.10777389 -0.14932062 -0.04407899 0.17657905 0.01494986 -0.23005527 0.02105464 0.16679857 0.02425774 -0.11847737 0.06404624 -0.14394309 0.05248708 -0.07680561 0.10915274 0.09888781 0.08986184 -0.00136513 -0.12554877 0.02691028 -0.04170020 -0.01274120 0.11647291 -0.00128961 0.13667102 -0.08489593 -0.06959650 -0.23084642 -0.03006640 -0.07841548 0.05269395 -0.03019482 0.06337463 0.26814611 0.13858576 0.15942701 0.00358970 0.18020709 -0.08453283 0.08663442 0.29599378 0.06395476 -0.07285822 0.11683457 -0.27402782 0.14124336
0.10921945 0.10040114 0.15183170 0.13224741 0.14270398 0.00024284 0.15309233 0.05961834 0.07405269 0.07053248 -0.02260283 0.17683479 0.09263189 0.01109008 0.15500453 -0.14694849 -0.23238703 0.00114707 -0.09064504 -0.02079849 -0.00118398 0.02380452 -0.08968148 -0.09829443 0.17446285 -0.03040589 1.00000000 0.22714149 0.07700404 0.16509778 0.08883738 0.12298217 0.14233900 0.20541665 0.10929541 0.24796133 0.08610047 0.07921189 0.10873216 -0.12442351 0.08851047 -0.07879285 -0.04053771 -0.10196745 -0.04154294 -0.06386444 -0.15415412 -0.12003151 -0.15020092 -0.03678570 0.08360620 0.04799554 -0.01358912 0.02965383 0.05843878 0.00800531 0.02512279 -0.03583004 -0.03202827 -0.02162655 -0.02978952 -0.01072923 0.03309735 -0.08702556 0.06307984 -0.04758082 -0.01375030 -0.04833331 -0.02423383 -0.05056193 -0.01962936 -0.09225006 0.12136275 -0.01154740 0.01780565 -0.11331154 -0.08333613 0.10504059
0.07054447 0.09089905 0.08463428 0.05792171 0.18682081 0.11860004 0.17513651 0.10956723 0.00537906 0.13486254 0.05724200 0.16172063 0.02237716 -0.07592763 0.05686923 -0.00631312 -0.08631149 -0.09483492 -0.02270854 0.04033095 -0.04123563 -0.02434122 0.03760152 -0.01884465 0.01466937 0.17246856 0.22714149 1.00000000 0.12276727 0.07574372 0.07370978 0.17325830 0.22244592 0.03648188 0.27007075 0.31951075 0.14092592 0.07161296 0.21807684 0.11612513 -0.09943228 -0.02138391 -0.01756534 -0.11684044 0.07267424 -0.19251119 -0.05114624 0.00865261 -0.11032165 0.02017783 0.02145015 -0.16588140 0.00213087 -0.01913021 0.07554251 -0.03853838 0.07131893 0.01698620 0.00730904 -0.06546708 0.04066982 0.05562230 -0.00391553 -0.06490883 0.13955989 0.02334222 -0.01850731 0.01298878 -0.08095894 0.04795169 -0.09606757 -0.11394749 0.16006276 -0.04361358 0.01062468 -0.04152357 -0.23962558 -0.00362911
0.03085982 0.07085094 0.11289663 0.02650809 0.06283387 0.16040409 0.06355832 0.10447324 0.03901561 0.02376723 0.05409661 -0.03690407 0.09072624 0.08839765 0.15114019 0.29210208 0.09126713 0.23331494 0.19841572 -0.05982127 0.07090426 -0.05163951 0.05853165 0.15272710 -0.07476300 0.07533339 0.07700404 0.12276727 1.00000000 0.00014040 -0.01457511 -0.12815846 0.05607018 0.20223111 0.08851367 0.06125353 0.22290040 0.01451100 0.18170495 -0.13982094 -0.06503108 -0.17442910 0.10883477 -0.14152489 -0.16227270 -0.13944946 -0.12742439 -0.10158003 -0.00850986 -0.24024438 -0.21319207 0.08680790 0.03475715 -0.00825012 0.10213002 0.16649189 0.14516324 0.02453188 0.07382213 -0.10398668 0.03898847 0.14178080 0.17323341 0.11215804 0.11304314 -0.01778046 0.06241254 0.33771695 -0.04465556 0.03232956 0.05763028 0.09804377 0.11375563 0.04134067 0.12870891 0.06060631 0.06416587 0.05322572
-0.31384105 -0.31369644 -0.17847747 -0.31967238 -0.23428672 -0.41849265 -0.25876194 -0.30802012 -0.06438107 -0.36016828 -0.07147015 -0.00509220 -0.22624058 -0.06442220 0.04289644 -0.03549815 -0.09807097 -0.02035473 -0.13379670 -0.06236731 0.14118778 0.03255723 -0.05882642 -0.13309182 -0.04873799 -0.23665247 0.16509778 0.07574372 0.00014040 1.00000000 0.39333183 0.17320485 0.27989066 0.19502533 0.36197809 0.04764914 0.14256912 0.18354065 0.14041514 -0.15157370 -0.01854266 0.14115871 -0.16852139 0.01653202 -0.09891247 0.04350418 -0.08138121 -0.06753132 0.03579646 -0.11251390 -0.01360762 -0.23636490 -0.07193120 0.07069870 -0.22066310 -0.01992813 -0.09150605 0.01164395 -0.10450074 0.15859786 -0.12903140 -0.03048405 -0.19516521 0.03204469 -0.20262422 -0.12445315 0.00010101 -0.16738263 0.01238810 -0.05414213 0.04306648 0.01137241 -0.19428766 0.14415316 -0.00929957 -0.20878025 0.07095880 -0.02410257
-0.20726845 -0.30247048 -0.14377886 -0.15492357 -0.16624423 -0.33430257 -0.22585514 -0.33475466 -0.22234722 -0.24605945 -0.09779928 -0.08344397 -0.24019283 -0.06895589 0.07140233 -0.14007148 -0.02711971 0.11148017 -0.08435774 -0.12762139 0.10482781 -0.03388538 -0.11356985 -0.04389321 0.10281196 -0.15673421 0.08883738 0.07370978 -0.01457511 0.39333183 1.00000000 0.21723768 0.16077205 0.15932553 0.15062569 0.16317118 0.08692931 0.30530818 0.14800967 0.02053522 0.21887267 0.19793175 0.10713435 0.13871034 0.14239990 0.11372928 0.03734701 0.17935499 0.18801362 -0.05691966 -0.09717580 -0.18632587 -0.07817661 -0.04150318 -0.09857954 -0.02030099 -0.18394922 -0.05045922 -0.19509048 0.11955210 0.02057093 -0.11121818 -0.19261047 0.01736581 -0.24464490 -0.13599942 -0.04062401 -0.12322685 0.06965533 0.06018757 -0.00723591 0.10250874 -0.21172758 0.06867110 0.11049370 -0.14092636 0.17737295 -0.15627757
-0.11778865 -0.21148215 -0.05001881 -0.09353850 -0.01262175 -0.19045423 0.00888434 -0.13180645 -0.01379954 -0.12817801 -0.09653249 0.02636642 -0.02525020 -0.09192492 0.00601050 -0.35852295 -0.23634130 -0.04743413 -0.30215204 -0.01135478 0.06323565 0.09212677 -0.21677331 -0.16717849 0.08836594 -0.10174769 0.12298217 0.17325830 -0.12815846 0.17320485 0.21723768 1.00000000 0.36270804 0.04998637 0.28249806 0.11162216 0.07818121 0.17679062 0.13664580 0.02003708 -0.27600085 0.22612711 -0.08892822 -0.04913452 -0.05958830 -0.02399810 -0.07940241 -0.10558476 -0.28074039 0.28230298 0.16640998 -0.23904848 -0.04133849 0.15804979 -0.01514379 -0.12320280 -0.03077916 0.03934942 0.05720549 0.09979695 0.09397006 0.00771119 -0.12182698 -0.16226390 0.06801778 -0.06808277 -0.05979190 -0.26023316 -0.03546025 0.01968478 -0.09968301 -0.34571625 -0.02996425 0.06428476 -0.03528723 -0.13343300 -0.11501097 0.02692470
-0.10192736 -0.20122304 -0.01756578 -0.01604943 0.02754090 -0.16764593 0.02833907 -0.01210670 -0.00828078 -0.13824892 -0.01252388 -0.01391465 -0.12051114 -0.06407951 -0.05127334 -0.15670612 -0.13932317 -0.08404077 -0.15232196 -0.08577793 -0.09518041 0.10243631 -0.05236964 -0.11162951 -0.05157265 -0.10777389 0.14233900 0.22244592 0.05607018 0.27989066 0.16077205 0.36270804 1.00000000 0.17234912 0.35303799 0.08817368 0.15050476 0.22619938 0.19567207 -0.09528706 -0.29431570 -0.00269530 -0.17043602 -0.02517195 -0.06612805 -0.00888539 -0.23873368 -0.11373630 -0.25858477 0.11930016 0.14336158 -0.26855564 0.08085575 0.12995882 0.03946355 0.01459403 0.02085049 0.07788799 0.08877406 0.16864231 0.07550997 0.09035611 -0.07589061 -0.10430222 0.04353689 -0.02645565 -0.21665679 -0.15514791 -0.04723004 -0.10249541 -0.10856866 -0.29138954 -0.02462629 -0.00292488 -0.00803230 -0.17861719 -0.10973634 -0.01149962
0.05312082 -0.07133243 0.11132849 -0.01765531 0.03670335 -0.03544786 0.09521889 0.07009611 0.13347844 0.00020505 0.05975114 0.08984876 0.02803309 -0.07340131 0.31876133 0.00205739 -0.11948882 0.10280585 0.09150176 0.05582005 0.10348518 0.03286810 0.05970910 0.02391757 0.24707973 -0.14932062 0.20541665 0.03648188 0.20223111 0.19502533 0.15932553 0.04998637 0.17234912 1.00000000 0.09900106 0.07696636 0.03853544 -0.08331627 0.28542792 -0.09819583 0.10838229 -0.21950092 0.04678485 0.05829266 -0.10807256 -0.09070379 -0.13663823 -0.23300886 -0.04870842 -0.07491224 0.02999185 0.12453445 -0.11369783 0.02832264 -0.09167727 0.09457968 -0.07006333 -0.02001732 0.03545105 0.06040922 -0.00296459 0.15143288 0.07117504 -0.19465880 -0.02359430 -0.02665156 -0.00731505 0.14665407 -0.14967711 -0.12907059 -0.00634348 -0.06398042 0.06712014 -0.08211289 0.16282827 -0.03467590 0.04568634 0.09310805
-0.15928192 -0.09418711 0.04878290 -0.02980416 0.07599811 -0.02290915 0.04468257 -0.04859787 0.01292235 -0.16844430 0.16956633 0.08360165 0.05256663 -0.20027901 0.06122118 -0.08099254 -0.06100453 -0.04291308 0.01933693 0.03250198 -0.07810620 0.01926899 0.02371731 -0.05287319 -0.08625528 -0.04407899 0.10929541 0.27007075 0.08851367 0.36197809 0.15062569 0.28249806 0.35303799 0.09900106 1.00000000 0.25848678 0.25943168 -0.00014421 0.23527130 -0.03723305 -0.24821765 0.06322247 -0.11583895 -0.13735790 -0.12083016 0.01895404 -0.09102630 -0.00507558 -0.16701359 -0.01054881 0.03956242 -0.24480230 0.07377369 0.17316495 -0.02164921 -0.00740893 0.15759216 0.05124431 -0.02367744 -0.03546370 -0.06839589 -0.03102484 -0.03001563 -0.07533846 0.01446709 0.05995283 -0.09854216 -0.02472350 0.05757322 -0.01534564 -0.10754614 -0.18105202 0.07939963 -0.00433288 0.15734588 -0.15549816 -0.04406033 0.08286371
0.05991214 0.14992630 0.11995748 0.00071342 0.21646132 0.14986105 0.19666201 0.01477444 -0.06828759 0.09509741 0.15373836 0.17630628 0.16712893 -0.11047987 0.04547665 -0.10876576 -0.15877601 -0.01439831 -0.06266142 0.05309529 -0.09243181 -0.18154128 -0.12470973 -0.05836239 0.08401492 0.17657905 0.24796133 0.31951075 0.06125353 0.04764914 0.16317118 0.11162216 0.08817368 0.07696636 0.25848678 1.00000000 0.18156879 0.03453581 0.21223157 0.04951542 0.09767046 -0.04073987 -0.02211387 -0.14967611 0.07915918 -0.12360167 -0.01514516 -0.04183773 0.01883990 -0.00438385 -0.06312702 -0.07211911 -0.05310786 0.05134098 0.07545218 -0.05391742 0.05828628 0.02685171 -0.08811821 -0.05055958 -0.03971206 -0.06323078 -0.00773497 -0.05851366 -0.01142473 0.01568828 -0.03020700 0.02396881 -0.02742275 -0.04967540 -0.09835265 -0.03558227 0.18698168 -0.18977538 0.02008750 -0.15093743 -0.19027896 0.09066501
-0.04554560 0.19141345 0.02720678 0.03289916 0.03485091 0.14186583 0.06269645 -0.01189473 -0.05764739 -0.05263866 0.11507798 0.07436757 0.02096811 0.00605088 0.00268636 0.05382373 0.04123487 0.06486360 0.00845796 -0.01543220 -0.01062150 -0.09686880 -0.01995759 -0.00139771 -0.20347723 0.01494986 0.08610047 0.14092592 0.22290040 0.14256912 0.08692931 0.07818121 0.15050476 0.03853544 0.25943168 0.18156879 1.00000000 0.15583255 0.15601400 0.01023444 -0.05842371 -0.01437014 -0.03586059 -0.12455363 -0.10758255 -0.07401132 0.01875315 -0.08293142 0.03418449 -0.01958748 -0.04351922 0.05212931 0.17144477 0.11688072 -0.01191020 0.07048465 0.11076821 0.07877660 -0.04479234 -0.22034636 -0.14511701 -0.01647468 0.13179702 0.00855741 0.09152273 0.12946327 0.09451024 0.07080115 0.10621440 -0.02096626 0.11834617 0.14298502 0.12158777 0.09783928 0.21502557 0.16481438 -0.00765837 0.06293924
-0.10451320 -0.16658159 -0.10662631 -0.06862354 -0.05256818 -0.26004099 -0.15147948 -0.19080285 0.01651830 -0.16255254 -0.00352444 0.10361566 -0.03719757 0.02960415 -0.16393807 -0.11177667 0.00927434 -0.10686480 -0.15904129 -0.20674532 0.02543591 -0.02654554 -0.03051398 -0.13001742 -0.06787145 -0.23005527 0.07921189 0.07161296 0.01451100 0.18354065 0.30530818 0.17679062 0.22619938 -0.08331627 -0.00014421 0.03453581 0.15583255 1.00000000 -0.02130662 -0.04784911 -0.03115969 0.08346897 -0.06604435 0.11083530 -0.00221793 -0.02856962 -0.03156892 0.03329192 0.06616513 0.00419650 -0.05452779 -0.18826390 0.07892870 -0.01371909 -0.07559992 0.07830611 -0.07224427 -0.01585790 -0.03518768 0.09152745 0.07599720 0.00773721 -0.08918236 0.03116775 -0.08045934 -0.10773410 -0.03760697 -0.18361053 0.06356803 -0.05922810 0.11160715 0.01365014 -0.12230290 -0.02022577 0.00831378 -0.07958737 0.06181195 -0.13113585
-0.03690031 0.04189364 0.07206997 -0.02603614 -0.07058919 -0.02408426 -0.01211796 -0.02099882 0.01964894 0.01412902 0.01021179 0.06785123 -0.07811218 -0.02901757 0.15561763 0.04818121 -0.02724397 -0.01366537 0.00220282 -0.06442624 0.00488583 0.04264512 0.07045630 0.01454305 0.03246647 0.02105464 0.10873216 0.21807684 0.18170495 0.14041514 0.14800967 0.13664580 0.19567207 0.28542792 0.23527130 0.21223157 0.15601400 -0.02130662 1.00000000 -0.04129755 -0.15273888 -0.00557967 -0.06273620 -0.06664842 -0.08377931 -0.04710499 -0.15464549 -0.04287555 -0.02618019 -0.09254437 -0.08751822 -0.05829009 0.00725195 -0.00778542 -0.09990310 0.02575888 0.00822273 0.05197971 0.11462220 0.09168201 0.07359878 0.14251572 0.07249209 -0.06847757 0.03540497 0.02362518 -0.07272014 0.11866934 -0.11103745 -0.12347307 -0.07872210 0.05428815 0.07110618 -0.04032158 0.13728449 -0.12114222 -0.00123446 0.04920731
-0.02235652 0.04812576 0.01952113 -0.04349624 0.14029047 0.06415573 0.12974003 0.00831217 -0.14205904 0.03462276 0.17542807 0.06146071 -0.01421529 -0.09072655 -0.09840547 -0.13079132 0.01226666 -0.12594582 -0.04150297 0.03579135 -0.09944756 -0.12204965 0.03494987 -0.05732265 0.00208729 0.16679857 -0.12442351 0.11612513 -0.13982094 -0.15157370 0.02053522 0.02003708 -0.09528706 -0.09819583 -0.03723305 0.04951542 0.01023444 -0.04784911 -0.04129755 1.00000000 0.04061819 0.25511426 0.13698108 0.30141510 0.39326307 0.19041831 0.33633405 0.24519709 0.18819328 0.28536784 0.24011756 -0.06622148 -0.14705764 0.05020442 0.00081049 -0.10863453 -0.01904598 -0.01522574 -0.00752064 -0.02428557 0.06708573 -0.12923196 -0.14784388 -0.07509252 -0.08191234 0.07145499 0.00920687 -0.08353433 -0.03585842 0.01726200 0.00323231 -0.09522384 -0.11158472 -0.19642175 0.02090296 -0.08229547 0.01944527 -0.08462083
0.09916830 -0.00161085 -0.05834177 0.02350325 -0.00253614 -0.04451559 0.02162481 -0.14918877 -0.12106503 -0.02291176 0.03815177 0.01615822 0.05144119 0.00835766 0.13177366 0.05407240 0.03246001 0.12853510 0.12149736 -0.07333622 0.03689887 -0.13218911 -0.04339620 0.02252583 0.22394361 0.02425774 0.08851047 -0.09943228 -0.06503108 -0.01854266 0.21887267 -0.27600085 -0.29431570 0.10838229 -0.24821765 0.09767046 -0.05842371 -0.03115969 -0.15273888 0.04061819 1.00000000 -0.07419766 0.36755189 0.14608969 0.27620232 0.06997143 0.15668666 0.11570547 0.42697250 -0.16481876 -0.06549073 0.27705002 -0.19594022 -0.13090569 -0.01758280 -0.02388079 -0.19874118 -0.13790617 -0.35341672 -0.03225980 0.00137010 -0.18143049 -0.01106547 0.17654088 -0.31176318 -0.05700799 0.02848939 -0.09171467 -0.01572107 0.05407274 0.07736129 0.20692830 -0.08811526 -0.22162147 0.01034852 -0.08990556 0.11947027 -0.13810467
-0.24679642 -0.12233766 -0.11448048 -0.17022987 -0.07271273 -0.28294914 -0.22332590 -0.26323723 -0.18049775 -0.20269015 -0.06457900 -0.10228448 -0.15869952 -0.01784862 -0.12214779 -0.15436356 -0.08673881 0.00381153 -0.10637822 -0.04216877 0.04472134 0.06777246 -0.16176216 -0.05380585 0.00124050 -0.11847737 -0.07879285 -0.02138391 -0.17442910 0.14115871 0.19793175 0.22612711 -0.00269530 -0.21950092 0.06322247 -0.04073987 -0.01437014 0.08346897 -0.00557967 0.25511426 -0.07419766 1.00000000 0.01481435 0.28451977 0.16325027 0.35065405 0.20538573 0.30808886 0.12652502 0.23087134 0.19413596 -0.13327313 -0.11623284 0.09957288 -0.07456027 -0.05569092 -0.04420365 0.06421226 0.04330096 0.23423126 -0.02829810 -0.08356519 -0.23817637 0.03610038 -0.15571436 -0.07173354 -0.01715864 -0.19197854 0.05034428 0.03494503 0.00205008 -0.02637522 -0.23084360 0.07588653 -0.07877040 -0.19176224 0.11723994 -0.05138959
0.07305530 -0.08844061 -0.04903422 0.12592369 -0.04190303 0.13843174 0.00578126 -0.02562702 -0.13547609 -0.04087735 -0.07487904 -0.14572182 0.03262599 0.20058755 0.14024743 0.05317156 0.18370063 0.13218143 0.14803016 0.00037189 0.08026777 -0.07986216 0.09425291 0.21671992 0.08303861 0.06404624 -0.04053771 -0.01756534 0.10883477 -0.16852139 0.10713435 -0.08892822 -0.17043602 0.04678485 -0.11583895 -0.02211387 -0.03586059 -0.06604435 -0.06273620 0.13698108 0.36755189 0.01481435 1.00000000 0.08204710 0.16855379 0.17907704 0.12848740 0.15771238 0.19452141 -0.01817580 0.03167855 0.33919893 -0.02440452 -0.12847419 0.16661188 0.04340319 -0.05286178 0.10756965 0.02235892 -0.06003300 0.12457008 -0.04717973 0.08368246 0.12841529 -0.04844285 -0.05425386 0.02218292 0.15354465 0.01095402 -0.03968147 0.02312593 0.08523261 0.04336359 -0.13735982 0.07181213 0.05611872 0.10560820 -0.10322347
-0.08936729 -0.17437454 -0.11888841 -0.16062967 -0.08971973 -0.24967955 -0.14358282 -0.09499840 -0.09379352 -0.11677396 -0.02303211 0.02461704 -0.15491679 -0.04468680 0.02892289 -0.04805088 0.05507259 -0.05513714 -0.01150599 -0.03679060 0.00828981 0.00774693 0.05811635 -0.04316967 0.09240169 -0.14394309 -0.10196745 -0.11684044 -0.14152489 0.01653202 0.13871034 -0.04913452 -0.02517195 0.05829266 -0.13735790 -0.14967611 -0.12455363 0.11083530 -0.06664842 0.30141510 0.14608969 0.28451977 0.08204710 1.00000000 0.36351092 0.17217630 0.19426647 0.16456850 0.38780825 0.17408259 0.27528642 0.00744919 -0.15363588 -0.06038700 -0.05105147 0.04601123 -0.17221957 0.03066659 0.09023305 0.26695597 0.23039902 0.03825325 -0.17189522 -0.02204698 -0.25116658 -0.01070798 0.00088280 -0.02258278 -0.02419531 0.06763230 0.12201679 0.03021286 -0.27962119 -0.11602367 -0.09960569 -0.12575563 0.16160418 0.00609497
-0.07925806 0.00299293 -0.12065752 -0.02119572 0.05022664 0.00961939 -0.04312200 -0.09493040 -0.15710144 -0.02625844 0.08416259 0.16512249 -0.12407597 -0.07896414 -0.05532660 -0.06868456 0.01459526 -0.08799905 -0.03641720 -0.06891907 -0.12613278 -0.11777509 -0.07863126 -0.00766415 0.09156098 0.05248708 -0.04154294 0.07267424 -0.16227270 -0.09891247 0.14239990 -0.05958830 -0.06612805 -0.10807256 -0.12083016 0.07915918 -0.10758255 -0.00221793 -0.08377931 0.39326307 0.27620232 0.16325027 0.16855379 0.36351092 1.00000000 0.00715132 0.30816147 0.14513947 0.35130327 0.13294338 0.15479800 -0.07289835 -0.22467983 -0.13670892 0.08683577 -0.02841890 -0.12383716 -0.09308681 -0.14464979 0.14682886 0.10487758 -0.16820075 -0.15461489 0.03061857 -0.31787676 0.03635738 0.00274232 -0.15675817 0.04586418 0.16139089 0.04463369 0.00587590 -0.21993595 -0.10920910 -0.12355558 -0.09460216 0.01263884 -0.08581130
-0.04716654 -0.07035177 0.06993485 -0.01770215 -0.10579263 -0.15007259 -0.09334560 -0.20153917 -0.12024610 -0.14403570 -0.07519327 -0.16889593 -0.10582880 -0.03050849 -0.14382274 -0.06159785 -0.02121692 0.07512706 -0.14768891 -0.00925357 0.08141456 0.05127311 -0.15230839 0.02483783 -0.04198004 -0.07680561 -0.06386444 -0.19251119 -0.13944946 0.04350418 0.11372928 -0.02399810 -0.00888539 -0.09070379 0.01895404 -0.12360167 -0.07401132 -0.02856962 -0.04710499 0.19041831 0.06997143 0.35065405 0.17907704 0.17217630 0.00715132 1.00000000 0.24385334 0.31872943 -0.04983343 0.20512382 0.17756181 0.24723540 0.22354980 0.16137228 -0.00439672 0.07222930 0.01691848 0.08458109 0.08788084 -0.06729759 -0.11320589 0.00464457 -0.08808541 0.09445921 0.03016604 0.00426565 0.06256788 -0.13222741 0.09643960 0.00064270 -0.02510904 0.04704015 -0.14486953 0.07574243 -0.04311132 0.05559203 0.11234764 0.00751437
-0.05934400 0.03306617 -0.11217330 -0.02136611 -0.09701878 0.04704300 -0.08530132 -0.09423053 -0.07196809 0.02378150 -0.05062752 -0.08799033 -0.10361453 -0.06135031 -0.03218707 -0.05007891 0.15080887 -0.00794843 -0.03575187 0.10580383 0.02376387 -0.03194443 -0.02694086 0.04093065 -0.10164605 0.10915274 -0.15415412 -0.05114624 -0.12742439 -0.08138121 0.03734701 -0.07940241 -0.23873368 -0.13663823 -0.09102630 -0.01514516 0.01875315 -0.03156892 -0.15464549 0.33633405 0.15668666 0.20538573 0.12848740 0.19426647 0.30816147 0.24385334 1.00000000 0.20028794 0.25212141 0.18348251 0.04310284 0.22618381 -0.00433603 0.00325539 -0.06820738 -0.12874611 -0.02581410 0.07635727 -0.14311998 -0.05761620 -0.16410835 -0.09908532 -0.12244549 0.07319077 -0.03631258 -0.08943916 0.09595681 -0.14726050 0.04333903 0.19357758 0.13837835 0.04445299 -0.11695344 -0.04523633 -0.11331082 0.08993665 0.07100073 -0.04384942
-0.05856566 0.03088200 -0.08405634 -0.01165570 -0.08161995 0.03005962 -0.17729934 -0.01091242 -0.13736762 0.05114324 -0.08082526 -0.21175096 -0.16738225 -0.06032900 -0.11286758 -0.01940406 0.07961000 -0.05651344 0.11148492 -0.08509870 0.02920839 -0.07339067 0.05996184 0.10745245 0.02100759 0.09888781 -0.12003151 0.00865261 -0.10158003 -0.06753132 0.17935499 -0.10558476 -0.11373630 -0.23300886 -0.00507558 -0.04183773 -0.08293142 0.03329192 -0.04287555 0.24519709 0.11570547 0.30808886 0.15771238 0.16456850 0.14513947 0.31872943 0.20028794 1.00000000 0.20301242 0.09837233 0.01235883 -0.00999524 0.02645621 -0.03712332 0.06160264 0.02767147 -0.05123835 0.03075098 -0.00487487 0.01587622 0.04510232 -0.07150430 -0.09611904 0.10403355 -0.07549542 -0.04324731 0.03205803 0.02652346 0.06989739 0.12054922 -0.06510483 0.06393214 -0.08334304 -0.04915048 -0.13881040 0.06486159 0.12196581 -0.22814777
-0.14047601 0.02737861 -0.25425849 -0.15766979 -0.12758066 0.00427036 -0.09142583 -0.20858590 -0.13510230 -0.06370772 0.07646077 -0.04037599 -0.14184242 0.01989823 0.14085134 0.19155240 0.20448046 0.19832202 0.24198881 0.02711233 0.08508527 -0.08403829 0.13975948 0.11141804 0.08721071 0.08986184 -0.15020092 -0.11032165 -0.00850986 0.03579646 0.18801362 -0.28074039 -0.25858477 -0.04870842 -0.16701359 0.01883990 0.03418449 0.06616513 -0.02618019 0.18819328 0.42697250 0.12652502 0.19452141 0.38780825 0.35130327 -0.04983343 0.25212141 0.20301242 1.00000000 -0.20056686 -0.19852946 0.00111703 -0.26397353 -0.14075512 -0.07882575 0.07431393 -0.19715981 -0.03729106 -0.23136458 0.15203453 0.02049682 -0.06839594 -0.03094279 0.29240528 -0.31484798 -0.03419770 0.25303459 0.08485650 0.15635478 0.27059544 0.25985839 0.29883291 -0.16884439 -0.09436848 -0.03430767 -0.05119066 0.26285244 -0.04373874
0.09038924 -0.05687394 0.05512053 -0.00906327 0.04882174 0.00383954 -0.07188091 0.08499445 -0.05621372 0.01107930 -0.07038701 0.15026234 -0.15001079 -0.09831357 -0.17648758 -0.32560559 -0.08380258 -0.17815734 -0.32047862 -0.01162702 -0.07617714 0.08406555 -0.18823476 -0.11653469 -0.03076943 -0.00136513 -0.03678570 0.02017783 -0.24024438 -0.11251390 -0.05691966 0.28230298 0.11930016 -0.07491224 -0.01054881 -0.00438385 -0.01958748 0.00419650 -0.09254437 0.28536784 -0.16481876 0.23087134 -0.01817580 0.17408259 0.13294338 0.20512382 0.18348251 0.09837233 -0.20056686 1.00000000 0.40161511 0.07700322 0.18005875 -0.03875007 0.02642663 -0.15750477 0.01217539 0.08207681 0.08662709 -0.04238580 -0.01466089 0.02029782 -0.10991095 -0.21507985 0.16864317 -0.05648187 -0.10733949 -0.24988718 -0.13849961 -0.03769810 -0.05210712 -0.23407571 -0.12930664 -0.06869545 -0.15614214 0.14021240 -0.07134391 0.01884617
0.10183794 -0.12989911 0.12176872 0.09809133 0.09630940 -0.08196169 0.11727624 0.14118610 -0.00602064 -0.06790151 -0.09504255 0.11736557 -0.00330273 -0.08917448 -0.07143230 -0.24841027 -0.12668990 -0.18224339 -0.20703484 -0.00079023 -0.01438746 0.06291256 -0.10114695 -0.13628376 0.05251133 -0.12554877 0.08360620 0.02145015 -0.21319207 -0.01360762 -0.09717580 0.16640998 0.14336158 0.02999185 0.03956242 -0.06312702 -0.04351922 -0.05452779 -0.08751822 0.24011756 -0.06549073 0.19413596 0.03167855 0.27528642 0.15479800 0.17756181 0.04310284 0.01235883 -0.19852946 0.40161511 1.00000000 0.07321435 0.03722462 0.02801842 0.00942812 -0.05582894 0.02783718 0.15847049 0.14494905 0.05744321 0.11630699 -0.04637633 -0.04499697 -0.22304179 0.06673154 0.00598881 -0.16293431 -0.16696526 -0.20324224 -0.18024046 -0.06694484 -0.29255113 -0.10626827 -0.12136882 -0.04364549 -0.02643883 -0.10667211 0.01821344
0.17648722 0.18846065 0.16063575 0.24652783 -0.04187070 0.21573342 0.05367453 0.11492920 0.02171544 0.13719124 -0.12409312 -0.09338494 0.05815809 0.11462758 0.06256174 0.14538002 0.08655827 0.15052061 0.05142622 0.10599847 0.12973804 0.06170844 -0.01182958 0.15510957 0.01691581 0.02691028 0.04799554 -0.16588140 0.08680790 -0.23636490 -0.18632587 -0.23904848 -0.26855564 0.12453445 -0.24480230 -0.07211911 0.05212931 -0.18826390 -0.05829009 -0.06622148 0.27705002 -0.13327313 0.33919893 0.00744919 -0.07289835 0.24723540 0.22618381 -0.00999524 0.00111703 0.07700322 0.07321435 1.00000000 0.15524841 -0.06424227 0.02700096 0.12884677 0.11830401 0.12845019 0.04108449 -0.25582415 -0.06372170 0.04018931 0.13735585 0.04366099 0.18874893 0.02694949 0.02756962 0.13750571 -0.05244442 -0.00088780 0.03128639 0.23260676 0.16322315 -0.05265182 0.06619962 0.23618389 0.03621173 0.04050873
0.14735386 0.06937373 0.24260377 0.12450495 0.12135369 0.14737155 -0.02242693 0.14049847 0.04298514 0.07092290 -0.02335271 0.00025245 -0.02085433 0.01055822 -0.15121364 -0.00496413 0.03643023 -0.05920460 -0.08305594 -0.08122646 -0.10077381 0.01825627 -0.10060320 -0.00851786 -0.08637540 -0.04170020 -0.01358912 0.00213087 0.03475715 -0.07193120 -0.07817661 -0.04133849 0.08085575 -0.11369783 0.07377369 -0.05310786 0.17144477 0.07892870 0.00725195 -0.14705764 -0.19594022 -0.11623284 -0.02440452 -0.15363588 -0.22467983 0.22354980 -0.00433603 0.02645621 -0.26397353 0.18005875 0.03722462 0.15524841 1.00000000 0.17270976 0.20551702 0.10670531 0.29970184 0.16541221 0.22100198 -0.18954152 -0.03542095 0.19861393 0.14908394 0.14125775 0.44822605 -0.00161244 0.12962489 0.02267426 0.01182418 0.02189119 -0.00692226 0.04562541 0.00913633 0.09808722 0.08727168 0.26694517 -0.04647161 -0.01559435
-0.00962611 -0.00206621 0.06331364 -0.05222861 0.08573142 -0.05337239 0.09558733 -0.16006034 -0.03906896 0.01106904 0.18919223 -0.00991657 0.05228708 -0.13007500 -0.13340755 -0.08655833 -0.12597539 -0.04155684 -0.09620732 -0.07590773 -0.03018123 0.05974903 -0.18468819 -0.16518322 -0.01868782 -0.01274120 0.02965383 -0.01913021 -0.00825012 0.07069870 -0.04150318 0.15804979 0.12995882 0.02832264 0.17316495 0.05134098 0.11688072 -0.01371909 -0.00778542 0.05020442 -0.13090569 0.09957288 -0.12847419 -0.06038700 -0.13670892 0.16137228 0.00325539 -0.03712332 -0.14075512 -0.03875007 0.02801842 -0.06424227 0.17270976 1.00000000 0.17951482 0.22461837 0.21594371 0.33360097 0.22013686 0.15446333 0.03860651 0.11106662 0.08255580 0.18332266 0.19227143 0.17656902 0.06889760 -0.11011298 0.14049551 0.11260357 -0.05473763 -0.06378438 0.00463503 0.15807657 0.16746486 0.06440957 0.05060174 0.18550154
0.06062435 0.01298212 0.12179198 0.03566725 0.11658414 0.07488444 0.08062754 -0.03215082 -0.08099131 0.06110123 -0.05779607 -0.04284331 -0.00343980 0.00061495 -0.11984266 0.00352503 -0.08890031 -0.05467124 -0.04085139 -0.00680582 -0.18044515 0.04226967 -0.01354619 0.07435050 0.12595810 0.11647291 0.05843878 0.07554251 0.10213002 -0.22066310 -0.09857954 -0.01514379 0.03946355 -0.09167727 -0.02164921 0.07545218 -0.01191020 -0.07559992 -0.09990310 0.00081049 -0.01758280 -0.07456027 0.16661188 -0.05105147 0.08683577 -0.00439672 -0.06820738 0.06160264 -0.07882575 0.02642663 0.00942812 0.02700096 0.20551702 0.17951482 1.00000000 0.02949265 0.18187034 0.25115455 0.12277681 0.01127248 0.27089988 0.15326808 0.16567105 0.10364684 0.22644059 0.07015951 -0.00456596 -0.02766956 0.01539635 0.11656096 -0.05364126 -0.02498240 0.01072695 -0.08265206 -0.06679944 0.05170590 0.07571167 -0.00487583
-0.00357474 0.09762595 -0.03257117 0.01671158 0.03117742 0.12378329 0.05811806 -0.02083518 0.04582476 0.05090492 0.24349722 -0.04924673 0.11981788 0.07460151 0.02905375 0.11903709 0.02414244 0.16994001 0.21236001 -0.09419750 0.08975079 -0.04499901 0.03976358 0.02345294 0.07045542 -0.00128961 0.00800531 -0.03853838 0.16649189 -0.01992813 -0.02030099 -0.12320280 0.01459403 0.09457968 -0.00740893 -0.05391742 0.07048465 0.07830611 0.02575888 -0.10863453 -0.02388079 -0.05569092 0.04340319 0.04601123 -0.02841890 0.07222930 -0.12874611 0.02767147 0.07431393 -0.15750477 -0.05582894 0.12884677 0.10670531 0.22461837 0.02949265 1.00000000 0.18316564 0.26250034 0.16365040 0.18953208 0.28734628 0.17452547 0.18580446 0.23830712 0.04783501 0.12024597 0.11271300 0.25760305 0.23499294 0.13846772 0.09125103 0.19834197 0.16400544 0.08476124 0.16318060 0.10650119 0.02730589 0.13563170
0.01386499 0.18409085 0.20200379 0.08080572 0.19811302 0.26137345 0.16169814 0.16952134 0.06141228 0.10176589 0.24693878 0.08770197 0.19735576 -0.07279908 -0.03599554 0.05335564 0.05542689 0.02560857 0.05014584 -0.00469635 -0.13012974 -0.17245832 0.02389474 -0.00760587 -0.09613381 0.13667102 0.02512279 0.07131893 0.14516324 -0.09150605 -0.18394922 -0.03077916 0.02085049 -0.07006333 0.15759216 0.05828628 0.11076821 -0.07224427 0.00822273 -0.01904598 -0.19874118 -0.04420365 -0.05286178 -0.17221957 -0.12383716 0.01691848 -0.02581410 -0.05123835 -0.19715981 0.01217539 0.02783718 0.11830401 0.29970184 0.21594371 0.18187034 0.18316564 1.00000000 0.27936079 0.14691715 -0.01164886 0.06127602 0.11351361 0.15981895 0.03864348 0.26566580 0.11742128 0.03927497 0.08333725 0.02582938 0.06755495 -0.10664645 0.00972894 0.14441223 0.07045244 0.05834729 0.06304273 -0.08710429 0.12313635
-0.09315916 0.02866875 -0.00034870 -0.04443334 -0.13108494 0.05498894 -0.04121623 -0.04175153 -0.06679345 0.01774515 0.00993280 -0.09188316 -0.03284889 -0.01913422 -0.08733459 -0.03143946 0.04300674 0.02629646 -0.02693306 -0.15860275 0.07731953 -0.03291649 -0.04484773 -0.08128149 -0.09981144 -0.08489593 -0.03583004 0.01698620 0.02453188 0.01164395 -0.05045922 0.03934942 0.07788799 -0.02001732 0.05124431 0.02685171 0.07877660 -0.01585790 0.05197971 -0.01522574 -0.13790617 0.06421226 0.10756965 0.03066659 -0.09308681 0.08458109 0.07635727 0.03075098 -0.03729106 0.08207681 0.15847049 0.12845019 0.16541221 0.33360097 0.25115455 0.26250034 0.27936079 1.00000000 0.30600001 0.23006222 0.23151016 0.26506113 0.19500098 0.24147327 0.28351865 -0.02750885 0.06225063 0.16784958 0.12260657 0.08013644 0.08403107 0.05777819 0.06877743 0.04081888 0.13149820 0.15273232 0.02718844 0.16071936
0.09221152 0.04464733 0.13685851 0.04546823 0.05580278 -0.01209907 0.02516767 0.08185660 0.09046043 -0.03412040 -0.02412074 -0.04426555 0.16909390 0.05515204 -0.05457023 0.00062513 -0.10825208 -0.09817256 0.02084222 -0.00487579 0.01564624 0.09621961 0.00398790 -0.01987209 0.00290478 -0.06959650 -0.03202827 0.00730904 0.07382213 -0.10450074 -0.19509048 0.05720549 0.08877406 0.03545105 -0.02367744 -0.08811821 -0.04479234 -0.03518768 0.11462220 -0.00752064 -0.35341672 0.04330096 0.02235892 0.09023305 -0.14464979 0.08788084 -0.14311998 -0.00487487 -0.23136458 0.08662709 0.14494905 0.04108449 0.22100198 0.22013686 0.12277681 0.16365040 0.14691715 0.30600001 1.00000000 0.14013289 0.24707427 0.24974453 0.01078109 0.06956858 0.33233858 0.11428181 -0.00933638 0.20381808 -0.05942159 -0.12942077 -0.04971517 -0.08880601 0.10588166 0.09657411 0.21716858 0.12901153 0.02280244 0.15975639
-0.18744213 -0.16604178 -0.27707472 -0.26079163 -0.14604052 -0.26393475 -0.17039039 -0.14784749 -0.07008976 -0.12843988 -0.02324072 -0.08620867 -0.18637024 -0.02522412 0.07104457 -0.11300825 -0.05595573 -0.04561129 0.04392371 -0.15881004 -0.00179386 -0.00375236 -0.03872140 -0.13956283 0.08045439 -0.23084642 -0.02162655 -0.06546708 -0.10398668 0.15859786 0.11955210 0.09979695 0.16864231 0.06040922 -0.03546370 -0.05055958 -0.22034636 0.09152745 0.09168201 -0.02428557 -0.03225980 0.23423126 -0.06003300 0.26695597 0.14682886 -0.06729759 -0.05761620 0.01587622 0.15203453 -0.04238580 0.05744321 -0.25582415 -0.18954152 0.15446333 0.01127248 0.18953208 -0.01164886 0.23006222 0.14013289 1.00000000 0.40700242 0.31105056 -0.02574547 0.18572741 -0.19585743 -0.04594906 -0.07703246 0.00385119 0.10512136 0.14588966 -0.02251046 -0.03140639 -0.19696834 -0.08065914 -0.02792449 -0.21517172 0.19429941 0.01988268
0.04115816 -0.06559377 0.02050933 0.04013080 -0.03751404 -0.10087325 -0.01280157 0.03234788 0.03082583 0.09119109 0.02686603 -0.04018751 0.01183611 0.03659824 0.03073066 -0.04195588 0.00947041 -0.07712125 0.09325341 -0.15777171 0.00171105 -0.00016855 0.09517834 -0.06962582 0.05433822 -0.03006640 -0.02978952 0.04066982 0.03898847 -0.12903140 0.02057093 0.09397006 0.07550997 -0.00296459 -0.06839589 -0.03971206 -0.14511701 0.07599720 0.07359878 0.06708573 0.00137010 -0.02829810 0.12457008 0.23039902 0.10487758 -0.11320589 -0.16410835 0.04510232 0.02049682 -0.01466089 0.11630699 -0.06372170 -0.03542095 0.03860651 0.27089988 0.28734628 0.06127602 0.23151016 0.24707427 0.40700242 1.00000000 0.20794673 0.11211455 0.08081680 -0.05433804 0.11172606 -0.04011096 0.13021148 -0.02613051 0.07856730 -0.04289061 -0.00065517 -0.01762602 -0.16979801 0.07916697 -0.04564406 0.06078750 -0.05420726
0.03132038 0.02845190 0.10990257 -0.08124613 -0.11111672 -0.04367367 -0.07502319 0.08000613 0.07823721 0.06941960 -0.05744085 -0.16693694 -0.04123222 0.08477619 0.10864073 -0.01467914 -0.04566812 0.04666384 0.06187402 -0.01437049 0.02470669 0.03802625 0.03348743 -0.01106994 -0.02163678 -0.07841548 -0.01072923 0.05562230 0.14178080 -0.03048405 -0.11121818 0.00771119 0.09035611 0.15143288 -0.03102484 -0.06323078 -0.01647468 0.00773721 0.14251572 -0.12923196 -0.18143049 -0.08356519 -0.04717973 0.03825325 -0.16820075 0.00464457 -0.09908532 -0.07150430 -0.06839594 0.02029782 -0.04637633 0.04018931 0.19861393 0.11106662 0.15326808 0.17452547 0.11351361 0.26506113 0.24974453 0.31105056 0.20794673 1.00000000 0.39663453 0.12332187 0.41811232 0.00287854 0.11061942 0.25165141 -0.04621172 0.15396409 0.03907712 0.07064857 0.11354631 0.01885887 0.13694025 0.11170745 0.07383570 0.11731327
0.08220262 0.21719878 0.15026834 0.13997046 -0.04391454 0.18125892 0.13591963 0.11142387 0.04785688 0.09800409 0.03318827 -0.02338554 0.17719115 0.11578062 0.10087239 0.08080803 0.06477265 0.08092539 0.06559329 0.01432204 0.00197619 -0.01061505 0.07535524 0.05616985 -0.07619171 0.05269395 0.03309735 -0.00391553 0.17323341 -0.19516521 -0.19261047 -0.12182698 -0.07589061 0.07117504 -0.03001563 -0.00773497 0.13179702 -0.08918236 0.07249209 -0.14784388 -0.01106547 -0.23817637 0.08368246 -0.17189522 -0.15461489 -0.08808541 -0.12244549 -0.09611904 -0.03094279 -0.10991095 -0.04499697 0.13735585 0.14908394 0.08255580 0.16567105 0.18580446 0.15981895 0.19500098 0.01078109 -0.02574547 0.11211455 0.39663453 1.00000000 0.24050445 0.35608855 0.16170845 0.04653687 0.31353872 0.06101524 0.14091315 0.13867122 0.08961886 0.32287533 -0.00765094 0.14492887 0.23520566 0.01510381 0.06533570
-0.09751717 0.08886351 -0.12764120 -0.04316467 -0.15751281 0.04666098 -0.01023699 -0.21638160 -0.00695025 -0.02735971 -0.01430026 -0.09878914 -0.02171951 0.09947620 0.02045239 0.13215506 0.21477991 0.21122135 0.18109893 -0.16590332 0.16786565 0.02217831 0.01280971 0.08229920 -0.02869728 -0.03019482 -0.08702556 -0.06490883 0.11215804 0.03204469 0.01736581 -0.16226390 -0.10430222 -0.19465880 -0.07533846 -0.05851366 0.00855741 0.03116775 -0.06847757 -0.07509252 0.17654088 0.03610038 0.12841529 -0.02204698 0.03061857 0.09445921 0.07319077 0.10403355 0.29240528 -0.21507985 -0.22304179 0.04366099 0.14125775 0.18332266 0.10364684 0.23830712 0.03864348 0.24147327 0.06956858 0.18572741 0.08081680 0.12332187 0.24050445 1.00000000 0.05729043 -0.00744071 0.23778173 0.16723296 0.21953921 0.24736189 0.26187927 0.24655684 0.01236755 0.06087751 0.03136134 0.12211703 0.16000802 0.03753025
0.22003743 0.22438362 0.27515186 0.16798989 0.09251651 0.21428016 0.15481800 0.26407498 0.04852209 0.16576848 -0.11506441 -0.02013446 0.08414502 0.07805421 -0.01034243 -0.00733089 -0.03362560 0.03302758 -0.06805155 0.04151895 0.06343868 0.10306212 0.03952255 0.06026962 -0.01788269 0.06337463 0.06307984 0.13955989 0.11304314 -0.20262422 -0.24464490 0.06801778 0.04353689 -0.02359430 0.01446709 -0.01142473 0.09152273 -0.08045934 0.03540497 -0.08191234 -0.31176318 -0.15571436 -0.04844285 -0.25116658 -0.31787676 0.03016604 -0.03631258 -0.07549542 -0.31484798 0.16864317 0.06673154 0.18874893 0.44822605 0.19227143 0.22644059 0.04783501 0.26566580 0.28351865 0.33233858 -0.19585743 -0.05433804 0.41811232 0.35608855 0.05729043 1.00000000 0.00004082 0.09460056 0.12721702 -0.14524138 0.01092280 -0.07182929 -0.12389565 0.21979493 0.13249531 0.10609984 0.35045048 -0.14608061 0.14500818
0.07979942 0.18498353 0.15518963 0.12959951 0.13048097 0.13916587 0.25422139 0.04464926 -0.01393537 0.11321505 0.19828609 0.14451531 0.17734846 -0.05910565 0.09508920 0.21335673 0.03011666 0.03383997 0.25273606 0.12862487 -0.02931724 -0.05152185 0.17661420 0.10233417 -0.01114212 0.26814611 -0.04758082 0.02334222 -0.01778046 -0.12445315 -0.13599942 -0.06808277 -0.02645565 -0.02665156 0.05995283 0.01568828 0.12946327 -0.10773410 0.02362518 0.07145499 -0.05700799 -0.07173354 -0.05425386 -0.01070798 0.03635738 0.00426565 -0.08943916 -0.04324731 -0.03419770 -0.05648187 0.00598881 0.02694949 -0.00161244 0.17656902 0.07015951 0.12024597 0.11742128 -0.02750885 0.11428181 -0.04594906 0.11172606 0.00287854 0.16170845 -0.00744071 0.00004082 1.00000000 0.18742093 0.16091260 0.23668178 0.15364175 0.01093474 0.15451123 0.19897225 0.13778745 0.23394110 0.25754404 0.19137408 0.15024210
0.03334582 0.12759950 0.01835390 -0.00131236 0.00012929 0.13597597 0.10688218 0.08378663 0.08342493 0.05514317 -0.01953326 0.03131004 0.07030175 0.06110437 0.09474584 0.11230267 0.06671726 0.24103341 0.14271568 -0.04268518 0.10026000 -0.08475090 0.00760743 0.09105732 0.03463043 0.13858576 -0.01375030 -0.01850731 0.06241254 0.00010101 -0.04062401 -0.05979190 -0.21665679 -0.00731505 -0.09854216 -0.03020700 0.09451024 -0.03760697 -0.07272014 0.00920687 0.02848939 -0.01715864 0.02218292 0.00088280 0.00274232 0.06256788 0.09595681 0.03205803 0.25303459 -0.10733949 -0.16293431 0.02756962 0.12962489 0.06889760 -0.00456596 0.11271300 0.03927497 0.06225063 -0.00933638 -0.07703246 -0.04011096 0.11061942 0.04653687 0.23778173 0.09460056 0.18742093 1.00000000 0.16579894 0.19091510 0.25741131 0.34691561 0.33831928 -0.02331691 0.20139210 0.11034923 0.23399239 0.19960067 0.17955816
0.13307599 0.26127506 0.06661879 0.22995783 -0.06173851 0.28428765 0.11344249 0.19781172 0.00594643 0.15266546 0.06767315 -0.12107774 0.12869673 0.23324245 0.28246021 0.27869950 0.23312948 0.33679331 0.42105636 0.13554014 0.16453973 -0.01464620 0.33784105 0.27902114 0.02848957 0.15942701 -0.04833331 0.01298878 0.33771695 -0.16738263 -0.12322685 -0.26023316 -0.15514791 0.14665407 -0.02472350 0.02396881 0.07080115 -0.18361053 0.11866934 -0.08353433 -0.09171467 -0.19197854 0.15354465 -0.02258278 -0.15675817 -0.13222741 -0.14726050 0.02652346 0.08485650 -0.24988718 -0.16696526 0.13750571 0.02267426 -0.11011298 -0.02766956 0.25760305 0.08333725 0.16784958 0.20381808 0.00385119 0.13021148 0.25165141 0.31353872 0.16723296 0.12721702 0.16091260 0.16579894 1.00000000 0.16307044 0.07888546 0.09153261 0.25327692 0.37363903 0.07273919 0.24018623 0.20782245 0.03355510 0.18340817
-0.08263575 0.06771236 -0.12610997 -0.04753610 -0.03030546 0.08792974 -0.01220585 -0.12035748 -0.03416366 -0.12920978 0.05553246 -0.04219998 -0.05007529 0.11985613 -0.01967907 0.08788854 0.13452616 0.17047699 0.09241052 -0.05221028 0.01122867 -0.01119374 -0.02664143 0.02980594 -0.12763435 0.00358970 -0.02423383 -0.08095894 -0.04465556 0.01238810 0.06965533 -0.03546025 -0.04723004 -0.14967711 0.05757322 -0.02742275 0.10621440 0.06356803 -0.11103745 -0.03585842 -0.01572107 0.05034428 0.01095402 -0.02419531 0.04586418 0.09643960 0.04333903 0.06989739 0.15635478 -0.13849961 -0.20324224 -0.05244442 0.01182418 0.14049551 0.01539635 0.23499294 0.02582938 0.12260657 -0.05942159 0.10512136 -0.02613051 -0.04621172 0.06101524 0.21953921 -0.14524138 0.23668178 0.19091510 0.16307044 1.00000000 0.38359630 0.06596631 0.31240290 0.16329937 0.39394804 0.12757544 0.18401140 0.20517406 0.15632166
-0.01848854 0.22060520 -0.14271912 -0.05407750 0.02105199 0.15356439 -0.00784728 -0.05146554 0.03192069 0.09966128 0.02076031 -0.05577666 -0.11775747 0.04900442 0.04779767 0.09321373 0.10297087 0.09658502 0.10729771 0.05981973 -0.01202235 -0.01647179 -0.07037083 -0.01789967 0.03295596 0.18020709 -0.05056193 0.04795169 0.03232956 -0.05414213 0.06018757 0.01968478 -0.10249541 -0.12907059 -0.01534564 -0.04967540 -0.02096626 -0.05922810 -0.12347307 0.01726200 0.05407274 0.03494503 -0.03968147 0.06763230 0.16139089 0.00064270 0.19357758 0.12054922 0.27059544 -0.03769810 -0.18024046 -0.00088780 0.02189119 0.11260357 0.11656096 0.13846772 0.06755495 0.08013644 -0.12942077 0.14588966 0.07856730 0.15396409 0.14091315 0.24736189 0.01092280 0.15364175 0.25741131 0.07888546 0.38359630 1.00000000 0.19343880 0.21612090 0.04586515 0.21867787 -0.04416286 0.23493659 0.19632638 0.17383914
-0.20058009 0.10481683 -0.10171011 -0.06745153 -0.13710391 -0.00160166 0.04783664 -0.09921730 0.09186942 -0.00101951 0.00263936 0.06694620 0.06713593 0.11980420 -0.05147406 0.10188149 0.07033235 0.09668547 0.04730118 -0.11126364 0.02647433 0.02375038 -0.07213997 0.03165125 0.00461086 -0.08453283 -0.01962936 -0.09606757 0.05763028 0.04306648 -0.00723591 -0.09968301 -0.10856866 -0.00634348 -0.10754614 -0.09835265 0.11834617 0.11160715 -0.07872210 0.00323231 0.07736129 0.00205008 0.02312593 0.12201679 0.04463369 -0.02510904 0.13837835 -0.06510483 0.25985839 -0.05210712 -0.06694484 0.03128639 -0.00692226 -0.05473763 -0.05364126 0.09125103 -0.10664645 0.08403107 -0.04971517 -0.02251046 -0.04289061 0.03907712 0.13867122 0.26187927 -0.07182929 0.01093474 0.34691561 0.09153261 0.06596631 0.19343880 1.00000000 0.22048644 -0.00273745 0.06417178 0.00867563 0.15842014 0.26505268 0.06607996
-0.03464137 0.17364118 -0.07251947 0.00188267 -0.11703116 0.06123766 -0.18037065 -0.09629516 -0.11733798 -0.00914787 -0.01262034 -0.13890315 -0.07165205 0.14815664 0.06547196 0.28759195 0.28368081 0.21787314 0.13454173 -0.02902063 0.08548305 -0.11608887 0.05939653 0.14929450 -0.06788152 0.08663442 -0.09225006 -0.11394749 0.09804377 0.01137241 0.10250874 -0.34571625 -0.29138954 -0.06398042 -0.18105202 -0.03558227 0.14298502 0.01365014 0.05428815 -0.09522384 0.20692830 -0.02637522 0.08523261 0.03021286 0.00587590 0.04704015 0.04445299 0.06393214 0.29883291 -0.23407571 -0.29255113 0.23260676 0.04562541 -0.06378438 -0.02498240 0.19834197 0.00972894 0.05777819 -0.08880601 -0.03140639 -0.00065517 0.07064857 0.08961886 0.24655684 -0.12389565 0.15451123 0.33831928 0.25327692 0.31240290 0.21612090 0.22048644 1.00000000 0.05855159 0.26604207 0.12995106 0.21437949 0.31007496 0.10919041
0.23577978 0.39193662 0.24932645 0.32403436 0.22989818 0.36311511 0.32619142 0.25684397 0.18909921 0.25331801 0.21637130 0.10443361 0.36771949 0.04315321 0.16306196 0.15598929 -0.03947599 0.08696632 0.22056579 0.14722961 -0.01880482 -0.06617617 0.15442137 0.13192841 0.03745253 0.29599378 0.12136275 0.16006276 0.11375563 -0.19428766 -0.21172758 -0.02996425 -0.02462629 0.06712014 0.07939963 0.18698168 0.12158777 -0.12230290 0.07110618 -0.11158472 -0.08811526 -0.23084360 0.04336359 -0.27962119 -0.21993595 -0.14486953 -0.11695344 -0.08334304 -0.16884439 -0.12930664 -0.10626827 0.16322315 0.00913633 0.00463503 0.01072695 0.16400544 0.14441223 0.06877743 0.10588166 -0.19696834 -0.01762602 0.11354631 0.32287533 0.01236755 0.21979493 0.19897225 -0.02331691 0.37363903 0.16329937 0.04586515 -0.00273745 0.05855159 1.00000000 0.06900938 0.17142440 0.10976329 -0.23452962 0.24838521
-0.08521546 0.06549750 -0.05680541 -0.05005042 -0.13911271 -0.02020085 -0.12085302 -0.08031936 -0.06983560 -0.18638241 -0.10067267 -0.07082352 -0.13901337 0.01681591 0.03278548 0.08848392 0.02253343 0.12341337 -0.02582828 0.06254796 0.08416354 0.02721683 -0.03589323 0.01903100 -0.11336991 0.06395476 -0.01154740 -0.04361358 0.04134067 0.14415316 0.06867110 0.06428476 -0.00292488 -0.08211289 -0.00433288 -0.18977538 0.09783928 -0.02022577 -0.04032158 -0.19642175 -0.22162147 0.07588653 -0.13735982 -0.11602367 -0.10920910 0.07574243 -0.04523633 -0.04915048 -0.09436848 -0.06869545 -0.12136882 -0.05265182 0.09808722 0.15807657 -0.08265206 0.08476124 0.07045244 0.04081888 0.09657411 -0.08065914 -0.16979801 0.01885887 -0.00765094 0.06087751 0.13249531 0.13778745 0.20139210 0.07273919 0.39394804 0.21867787 0.06417178 0.26604207 0.06900938 1.00000000 0.08010929 0.28309745 0.08623114 0.29026113
0.03878685 -0.04306871 0.09705395 -0.01476563 0.07700810 -0.05801628 0.07426134 -0.00624571 -0.06923784 -0.04707723 0.13558117 0.01311944 0.12981033 0.08098033 0.09903215 0.05031234 0.04514690 0.16230507 0.09752018 -0.05600107 0.03660267 0.04690605 -0.06352596 0.05651593 -0.12877912 -0.07285822 0.01780565 0.01062468 0.12870891 -0.00929957 0.11049370 -0.03528723 -0.00803230 0.16282827 0.15734588 0.02008750 0.21502557 0.00831378 0.13728449 0.02090296 0.01034852 -0.07877040 0.07181213 -0.09960569 -0.12355558 -0.04311132 -0.11331082 -0.13881040 -0.03430767 -0.15614214 -0.04364549 0.06619962 0.08727168 0.16746486 -0.06679944 0.16318060 0.05834729 0.13149820 0.21716858 -0.02792449 0.07916697 0.13694025 0.14492887 0.03136134 0.10609984 0.23394110 0.11034923 0.24018623 0.12757544 -0.04416286 0.00867563 0.12995106 0.17142440 0.08010929 1.00000000 0.14907876 0.16631220 0.14061953
0.22612974 0.23567089 0.04536230 0.13511398 -0.01871540 0.29126552 0.02745988 0.19523991 -0.05216042 0.17345419 -0.08595048 0.04777646 -0.03911678 0.14117935 -0.04599356 0.12641203 0.20944216 0.12640694 0.08028452 -0.01382215 0.08310018 0.03637728 0.01711933 0.13731237 -0.12826359 0.11683457 -0.11331154 -0.04152357 0.06060631 -0.20878025 -0.14092636 -0.13343300 -0.17861719 -0.03467590 -0.15549816 -0.15093743 0.16481438 -0.07958737 -0.12114222 -0.08229547 -0.08990556 -0.19176224 0.05611872 -0.12575563 -0.09460216 0.05559203 0.08993665 0.06486159 -0.05119066 0.14021240 -0.02643883 0.23618389 0.26694517 0.06440957 0.05170590 0.10650119 0.06304273 0.15273232 0.12901153 -0.21517172 -0.04564406 0.11170745 0.23520566 0.12211703 0.35045048 0.25754404 0.23399239 0.20782245 0.18401140 0.23493659 0.15842014 0.21437949 0.10976329 0.28309745 0.14907876 1.00000000 0.10534349 0.15144312
-0.22988960 -0.12307722 -0.20380571 -0.21970606 -0.14463519 -0.22170398 -0.17822542 -0.18802863 -0.09635724 -0.23825656 -0.14721502 -0.05998955 -0.16459237 0.12544783 -0.01343471 -0.01128964 0.07379551 0.04222827 0.02199861 -0.16872441 0.02455084 0.01394205 -0.04370357 0.00960414 -0.08495710 -0.27402782 -0.08333613 -0.23962558 0.06416587 0.07095880 0.17737295 -0.11501097 -0.10973634 0.04568634 -0.04406033 -0.19027896 -0.00765837 0.06181195 -0.00123446 0.01944527 0.11947027 0.11723994 0.10560820 0.16160418 0.01263884 0.11234764 0.07100073 0.12196581 0.26285244 -0.07134391 -0.10667211 0.03621173 -0.04647161 0.05060174 0.07571167 0.02730589 -0.08710429 0.02718844 0.02280244 0.19429941 0.06078750 0.07383570 0.01510381 0.16000802 -0.14608061 0.19137408 0.19960067 0.03355510 0.20517406 0.19632638 0.26505268 0.31007496 -0.23452962 0.08623114 0.16631220 0.10534349 1.00000000 -0.03626898
0.10276290 0.20646679 0.10766735 0.04891613 0.10747551 0.13529659 0.17507402 0.00006284 0.05419654 0.03970013 0.14001450 -0.00731755 0.07311958 0.05015681 0.07538514 0.09178245 -0.06136826 0.17463472 0.03175812 0.16920125 0.03738919 0.01829475 -0.03555202 -0.10865693 -0.00107697 0.14124336 0.10504059 -0.00362911 0.05322572 -0.02410257 -0.15627757 0.02692470 -0.01149962 0.09310805 0.08286371 0.09066501 0.06293924 -0.13113585 0.04920731 -0.08462083 -0.13810467 -0.05138959 -0.10322347 0.00609497 -0.08581130 0.00751437 -0.04384942 -0.22814777 -0.04373874 0.01884617 0.01821344 0.04050873 -0.01559435 0.18550154 -0.00487583 0.13563170 0.12313635 0.16071936 0.15975639 0.01988268 -0.05420726 0.11731327 0.06533570 0.03753025 0.14500818 0.15024210 0.17955816 0.18340817 0.15632166 0.17383914 0.06607996 0.10919041 0.24838521 0.29026113 0.14061953 0.15144312 -0.03626898 1.00000000
