1.00000000 0.18231198 0.26214203 0.21655447 0.06363769 0.32713543 0.14730443 0.28098104 0.11357288 0.09992046 0.15167820 0.17397949 0.08327391 0.05203095 0.09876972 0.10775994 0.02858321 -0.05441044 0.00725933 0.07049441 0.03037310 0.05664180 0.07273823 0.16892061 0.05943309 -0.03112894 0.07563461 -0.08766376 -0.01065200 -0.02485811 -0.00087095 -0.00419862 -0.04716605 -0.04269829 -0.01746389 -0.06804562 -0.09105415 -0.02456934 -0.22013428 0.00384994 -0.09197284 -0.06957576 0.00107428 -0.09317237 -0.08652054 -0.06946152 -0.04836318 -0.02532906 -0.01469323 0.09483119 -0.05117371 -0.03485889 -0.02222225 0.05667571 0.04451205 0.04421035 0.13755695 0.00124286 0.10864951 -0.02405393 0.08360390 0.07644705 0.05945360 0.04123690 0.13238159 -0.05341581 -0.03398405 -0.02780451 -0.15121336 0.06378029 -0.08085261 -0.14661120 0.13313266 -0.09852934 -0.00629180 -0.08267464 -0.12157451 -0.05867198
0.18231198 1.00000000 0.27776617 0.29422572 0.19325278 0.30084785 0.22160484 0.30540299 0.20708920 0.22103592 0.12518479 0.26782993 0.22619075 0.06689982 0.03877149 -0.07181485 0.03219863 -0.03408075 0.09120177 0.10110248 0.09109087 -0.02533465 0.04921333 0.07825965 -0.09473997 0.02234174 0.06242285 -0.01725969 -0.05825998 -0.03125523 0.03015409 0.02184012 -0.03435251 -0.06161796 0.07203978 -0.05375779 -0.01971095 -0.10764451 0.00356687 -0.12188643 0.07228285 -0.07116865 0.00697070 0.05821651 0.01177422 -0.03850340 0.05267466 0.03694477 -0.05286962 0.07250876 -0.00188563 0.02463846 0.08906240 0.08181023 0.07786536 -0.04294561 0.06657080 0.07593987 0.09270635 0.02317312 0.05019451 0.01501270 0.08592693 0.14475683 0.07563676 -0.03903637 0.06219378 -0.06792718 0.07556068 0.05090036 -0.00500491 -0.09033370 -0.01331810 0.01701310 0.01004983 0.06824212 -0.06868866 -0.00772876
0.26214203 0.27776617 1.00000000 0.27186717 0.12123345 0.27484834 0.07795586 0.28937612 0.26965866 0.15538516 0.09166075 0.12156235 0.25655489 0.07984037 0.11866483 0.01491024 0.12099906 0.03934992 0.05647374 0.11501464 0.12766476 0.06072339 0.08710763 0.02517361 -0.03957376 0.05903288 -0.01098720 -0.01562956 0.05336582 -0.02672489 0.02700503 0.05101883 0.06749701 -0.06370969 0.01843239 0.00792017 -0.05173592 -0.03368841 -0.02636600 -0.13026543 0.00093742 0.04875440 -0.06924202 -0.06787553 0.05820344 -0.12188974 0.02972506 0.10486741 0.01049497 -0.01101685 0.07962040 0.05194585 -0.05396303 0.03730163 0.06033590 -0.02145748 0.08556671 0.11154208 0.07497626 -0.04115497 0.04763439 0.14818753 0.04305503 0.09683312 0.15281452 0.00623360 -0.00882533 -0.04113270 0.05488403 -0.00185184 0.12715069 -0.04516176 0.07483934 -0.00201053 0.01169579 -0.02172847 -0.02511479 -0.01107687
0.21655447 0.29422572 0.27186717 1.00000000 0.25713809 0.29866899 0.28373746 0.28372841 0.32308601 0.11505453 0.28623642 0.08577436 0.25100849 0.02070814 0.06661043 0.05057192 0.09494839 -0.00819703 -0.06267190 0.11784650 -0.04076689 0.04150510 0.06339786 0.10112535 0.01803131 0.04331923 0.02678003 0.03821637 -0.03492793 0.02975439 0.01047392 -0.04926273 -0.02917829 -0.01641828 0.06937124 -0.05064133 0.00961469 -0.00583323 -0.04235936 -0.06656113 -0.06394310 0.03190788 -0.08841291 -0.09476098 0.04186538 -0.12047640 -0.06607455 0.04183691 -0.06885995 0.01707414 -0.06301598 -0.03525532 -0.08029709 -0.02387976 0.01184750 -0.07720384 -0.04961807 -0.00725471 -0.02931241 0.09912083 0.06572930 -0.00256069 -0.06393792 -0.03084971 0.04595909 -0.03832985 -0.04649681 -0.11185998 -0.06572613 0.00079322 -0.03374470 -0.11147982 -0.06454700 -0.09301602 0.01190880 -0.08618599 -0.02120322 -0.01498988
0.06363769 0.19325278 0.12123345 0.25713809 1.00000000 -0.00138458 0.27721431 0.22667203 0.33478934 0.14298662 0.20784894 0.21206620 0.14020730 0.02337172 0.01152965 0.00889629 -0.01296401 0.01016833 -0.04765633 0.09267066 -0.13782430 -0.08448892 -0.02783922 0.10195190 -0.10280690 0.08236248 0.06334258 0.05908227 0.07191993 -0.03750142 -0.02076501 0.07761417 0.06387447 0.03727336 0.08402529 0.00370070 0.12683077 -0.00270700 0.00052941 0.07331751 -0.00355765 0.11683022 0.02756046 -0.04775968 0.05648109 0.01445846 -0.05478858 0.02769939 0.00525902 -0.04571744 -0.04298465 0.00671069 -0.07750625 0.09928266 -0.06962964 -0.12837447 -0.02122884 -0.10176060 -0.09428823 0.04935790 0.06541430 -0.11430918 -0.04986427 0.03056471 -0.01467633 0.06871357 0.01385168 0.04538345 0.03022139 0.10265748 -0.06809094 -0.12155175 -0.05933164 0.01833711 0.05458107 0.05571531 0.01369347 0.07121378
0.32713543 0.30084785 0.27484834 0.29866899 -0.00138458 1.00000000 0.05709541 0.30787867 0.06106724 0.12789078 0.12182061 0.10917803 0.13882719 0.17976925 0.12749674 0.06881633 0.11322935 -0.01793006 0.09232953 0.07502021 0.06602605 0.00474910 0.09868933 0.00985982 0.02834216 0.07554566 0.03639408 0.01948143 -0.06922669 -0.00526771 -0.01274196 -0.13063258 -0.07410280 -0.03360920 0.05289617 0.00076898 -0.01680046 -0.03434108 -0.15748864 -0.04635928 -0.14722276 -0.07504756 -0.03463078 -0.09898681 -0.05302089 -0.08022048 -0.05255309 0.00890692 -0.11902062 0.00039861 -0.06043299 -0.05303820 0.04979152 0.01473385 0.12428169 -0.05914143 0.06657092 0.08288053 0.04372538 0.06813830 0.09265629 -0.04819526 0.09256492 0.05723387 0.13471701 -0.07765384 -0.01777123 -0.12970900 -0.03219012 0.01774979 -0.02563275 -0.11860406 0.01035113 -0.00105517 -0.12435425 0.00873723 -0.09430174 -0.05690494
0.14730443 0.22160484 0.07795586 0.28373746 0.27721431 0.05709541 1.00000000 0.10063363 0.24095786 0.19327399 0.31401610 0.18381791 0.17708560 -0.01016727 -0.00170532 -0.02827975 0.07141947 0.04308204 -0.05088288 0.06358747 0.04496692 -0.08224608 0.07010073 0.07094743 -0.04985083 -0.01974539 0.06874020 0.06556421 -0.00958174 -0.07040813 0.06154359 -0.09787280 0.05747839 0.02076141 0.10655023 0.00394765 0.14636997 0.01227934 -0.02781627 0.02133463 0.00873061 0.01435948 0.00215375 0.02731722 0.04741909 0.06497426 0.01290589 -0.04269302 -0.05635764 0.00065767 -0.07968164 -0.00696002 -0.03335974 0.06318314 0.05369404 -0.07961198 -0.09777149 -0.04429358 0.01496403 0.00347951 0.04516571 -0.05481498 -0.05441685 -0.01319806 -0.06410429 -0.03269436 -0.02549671 -0.03477423 0.06803079 0.14399493 -0.10157537 -0.08113901 0.02537603 -0.02004233 0.06810718 0.05702351 0.00242402 0.05389143
0.28098104 0.30540299 0.28937612 0.28372841 0.22667203 0.30787867 0.10063363 1.00000000 0.24197536 0.21953550 0.27927296 0.30750829 0.18976116 0.18303018 0.03494252 0.22425566 0.11950226 -0.03017504 0.11749487 0.12945106 -0.02855894 -0.08411075 0.04622588 0.11701976 -0.04853806 0.16207326 0.07304728 0.09762718 0.05635250 0.09782626 -0.01084304 0.09228849 0.03201143 -0.01989320 0.09489856 0.04733640 0.11268901 0.04586163 0.04797578 -0.15070957 -0.01299856 0.02813395 0.01905295 -0.09935302 -0.01736948 -0.04377682 -0.08429331 0.07886446 -0.02380594 0.02505955 -0.05382955 0.04401229 -0.04275229 0.07395161 0.01241469 0.03365798 0.02719432 0.07250073 0.04184383 0.09297456 0.03913606 0.01245484 -0.08342199 0.09277258 0.02938725 -0.06379731 0.07983848 -0.01817170 -0.04392923 -0.06082046 0.00891416 -0.05410560 -0.03050303 -0.09455444 0.02068936 -0.01999513 0.03863993 -0.08156861
0.11357288 0.20708920 0.26965866 0.32308601 0.33478934 0.06106724 0.24095786 0.24197536 1.00000000 0.25228294 0.23859782 0.25001855 0.34232790 0.05294696 0.10682296 0.04947317 0.09538722 0.04443124 0.01751072 0.14948537 -0.00406348 -0.00497001 0.02402923 0.04392729 0.00453275 0.03316952 0.02057026 -0.05963958 -0.00807435 -0.08164808 -0.04044093 -0.00382451 -0.05226763 -0.02315952 0.07193737 -0.06997605 0.13312948 -0.07242751 0.02187287 -0.02187768 -0.01141688 0.02539898 -0.05495898 -0.01268386 0.00540953 0.02488313 0.01505006 -0.01105984 0.00260460 0.00921078 -0.07745548 0.07906984 -0.10367331 0.10040360 0.01621695 -0.09834069 -0.05747068 0.01419519 0.01222150 -0.00274608 0.08757106 -0.04142304 0.00445794 0.03802579 0.01893051 -0.00153293 -0.03257454 -0.09434366 -0.01238013 -0.03670911 -0.10932734 -0.12205947 -0.02913548 -0.03811007 0.04385801 -0.02676271 -0.05388649 0.00471495
0.09992046 0.22103592 0.15538516 0.11505453 0.14298662 0.12789078 0.19327399 0.21953550 0.25228294 1.00000000 0.16230901 0.20515859 0.17286952 0.13823373 0.06375687 0.06314229 0.02691076 0.01915847 0.04251562 0.03625123 0.07693305 -0.00530944 0.02516167 -0.09708049 0.04163065 0.00831752 0.00742564 -0.02109870 -0.03768665 0.06571200 -0.06898127 -0.00000436 -0.01992853 0.02681490 0.17907025 -0.07308735 0.06566027 -0.02519369 -0.03244494 0.04933453 -0.01058411 0.05970659 0.05003411 -0.00850542 0.00405849 0.04804552 0.06042792 -0.03965673 0.02986845 0.03208290 -0.07242623 0.03714007 0.00692528 0.03802635 0.00745516 -0.00837742 -0.00882843 0.07539914 0.07804384 0.04041251 -0.05375793 0.00595403 0.04669596 0.02507724 0.02169290 -0.05513698 0.07896933 -0.01775291 0.01669808 0.07928018 0.03439380 0.02084341 0.05326388 0.01384487 -0.07168666 0.09712814 0.02243401 0.02175821
0.15167820 0.12518479 0.09166075 0.28623642 0.20784894 0.12182061 0.31401610 0.27927296 0.23859782 0.16230901 1.00000000 0.23911945 0.14223937 0.05464413 0.00756702 0.06189864 0.12612861 0.12455988 -0.02068951 0.03535276 0.01892154 -0.00597464 0.07194946 0.03822576 -0.04519159 0.07293374 0.02885665 0.01255372 -0.01125598 -0.00686427 -0.00212833 -0.13003195 -0.00803022 0.06539613 0.05706360 -0.06953169 0.07492605 -0.00819226 0.08839738 0.07809640 -0.01309741 0.06075289 0.01163248 -0.03913863 0.00237059 0.02625854 -0.02333933 -0.02503385 -0.06456909 -0.08996245 -0.05108908 0.03997135 0.00960706 -0.00369974 0.03882035 -0.08733714 -0.10244516 -0.06755005 0.02754401 0.05742381 0.06683508 0.04413390 -0.07808957 -0.04241187 0.01488068 -0.05887850 0.00133083 -0.06310893 0.04606981 0.04632015 -0.06180301 -0.06596390 0.01793736 0.05323168 0.03763830 -0.01997335 -0.00106939 -0.00788251
0.17397949 0.26782993 0.12156235 0.08577436 0.21206620 0.10917803 0.18381791 0.30750829 0.25001855 0.20515859 0.23911945 1.00000000 0.21151425 0.07049226 0.01119265 0.01389317 0.09509752 -0.01689546 -0.03241418 0.03763192 -0.01428097 -0.05666002 0.04857728 0.05978311 0.00095306 -0.04035249 0.12066443 0.03123161 -0.02869676 0.02878099 -0.02686821 0.01851022 -0.02122838 -0.02080963 0.06695894 0.01669504 0.06567608 -0.06114299 0.05101940 -0.10306213 -0.03745736 -0.04037701 -0.03951778 -0.04455549 -0.02660654 0.00946044 -0.06331119 -0.02824714 -0.03920543 -0.07623367 -0.12734387 0.08013010 -0.07864336 0.05089630 -0.02383922 -0.09838585 0.04401981 0.01396015 0.03181114 -0.06130912 0.01281443 -0.09031934 -0.08128136 -0.03564964 0.02207089 -0.02440341 0.07956058 -0.04966016 0.00266016 0.05363884 -0.08083005 -0.07753136 -0.08116538 -0.06785896 0.07329515 -0.01233321 -0.08138663 0.01504231
0.08327391 0.22619075 0.25655489 0.25100849 0.14020730 0.13882719 0.17708560 0.18976116 0.34232790 0.17286952 0.14223937 0.21151425 1.00000000 0.09051806 0.05363472 0.09884120 0.10749279 0.12752721 0.06202657 0.15251497 0.09353404 -0.00507344 0.01037860 -0.04193777 0.03111416 0.02709605 0.01093150 0.08159307 0.02030606 -0.03565104 0.15502961 -0.00963163 0.07349424 0.11933297 0.04064077 0.04368135 0.06827124 -0.01176803 -0.05326990 -0.02182160 0.02931745 0.13187739 0.08476037 0.08706772 0.01191645 -0.02157017 0.07873857 0.08203241 0.00992864 0.08975363 0.05661424 0.07979501 -0.00043880 0.10907258 0.07979480 -0.01409719 0.09808845 0.11916661 0.02239776 0.02956735 0.14066786 0.05532548 0.10330776 0.15739735 0.10303961 0.00305809 0.01741448 -0.04195707 0.07030858 -0.00746344 0.06748576 -0.03114630 0.00106888 0.03299876 0.07239741 0.08105007 -0.01555631 -0.06109127
0.05203095 0.06689982 0.07984037 0.02070814 0.02337172 0.17976925 -0.01016727 0.18303018 0.05294696 0.13823373 0.05464413 0.07049226 0.09051806 1.00000000 0.19159902 0.34842956 0.30412832 0.10559049 0.25098533 0.27308209 0.17277173 0.14558441 0.22733777 0.16246945 0.18016398 0.28833628 -0.01390431 0.00080365 0.06789117 0.09475037 0.00859677 0.06206467 0.03074531 0.09487201 0.07665362 0.04541856 0.02528625 0.06204549 -0.00125175 -0.01526582 -0.05320543 0.03919613 -0.00005202 -0.01389948 -0.08032098 -0.04083791 -0.04266928 0.00158890 -0.01923219 -0.00365816 -0.01755954 -0.02065056 0.06183591 0.08208214 0.06504571 0.00218066 -0.00073916 0.12774709 0.09453228 0.02380587 0.09300136 0.02927331 0.05343904 0.07541913 0.07350336 -0.01691971 0.01574577 -0.07898977 0.04030357 -0.01767655 -0.01091888 -0.06245885 -0.08814026 0.03480511 -0.01016594 -0.03886890 0.01672620 -0.00266001
0.09876972 0.03877149 0.11866483 0.06661043 0.01152965 0.12749674 -0.00170532 0.03494252 0.10682296 0.06375687 0.00756702 0.01119265 0.05363472 0.19159902 1.00000000 0.18033844 0.38550322 0.30716871 0.15529814 0.26014252 0.27727939 0.19142657 0.35386548 0.22330856 0.44064282 0.19447509 -0.02180230 -0.19078721 0.04395657 -0.00411675 0.05357028 -0.02875351 -0.03655385 -0.00780856 0.01016566 -0.04557465 -0.14097365 -0.05613256 -0.22844397 0.02635803 -0.00764472 -0.04250847 0.05773372 -0.04601193 -0.02917991 -0.04885900 0.01838892 0.04688286 0.00382573 0.07579611 0.05758333 0.01606650 0.00075989 0.04751868 0.05785323 0.02179702 0.04262601 0.17880600 0.06319082 -0.00426290 -0.04506738 0.12820491 0.04426181 0.08135340 0.03106593 -0.02058745 -0.09733873 -0.06669818 0.10951807 -0.06191213 -0.02113839 -0.06472579 0.02171379 0.01752172 -0.08944537 -0.01574771 0.03975607 0.01100559
0.10775994 -0.07181485 0.01491024 0.05057192 0.00889629 0.06881633 -0.02827975 0.22425566 0.04947317 0.06314229 0.06189864 0.01389317 0.09884120 0.34842956 0.18033844 1.00000000 0.18609186 0.13600206 0.16781348 0.27646262 0.16719543 0.24487647 0.14801472 0.11149886 0.14647614 0.11511915 0.11509145 0.05540416 0.07875691 0.05977267 0.05264038 0.04660555 -0.02537235 0.11856534 -0.00449876 0.06288041 0.04533953 0.14598942 0.02202201 -0.04404100 -0.04657868 0.00548444 0.00748735 -0.00734075 -0.02193417 0.02412045 0.04697194 -0.00346572 0.03774616 0.02557633 0.00479315 0.03424332 0.00964156 -0.01029632 0.10192105 0.09388021 0.05091918 0.07656304 0.00479649 0.13665941 0.06035021 -0.04438386 -0.00418439 0.00967396 0.03657148 0.00265051 -0.06637194 0.00889211 -0.01805611 -0.05169149 0.04657287 -0.04752732 -0.00770706 -0.05021627 -0.01764560 -0.02633457 -0.02000922 -0.04348281
0.02858321 0.03219863 0.12099906 0.09494839 -0.01296401 0.11322935 0.07141947 0.11950226 0.09538722 0.02691076 0.12612861 0.09509752 0.10749279 0.30412832 0.38550322 0.18609186 1.00000000 0.35809195 0.21923488 0.21795806 0.17776417 0.08869046 0.40683498 0.38892371 0.30206564 0.21346096 0.00413594 0.03408315 0.00772966 -0.01966075 0.08237333 -0.15988243 0.03902072 0.07180691 0.07949092 0.01629270 0.09289332 -0.00042653 -0.03469952 -0.03287460 -0.03586362 -0.02754337 0.01721594 -0.01265878 -0.05984630 -0.04464032 0.04953525 -0.01715837 -0.04246818 0.08694090 0.00419938 0.03873499 0.06602366 0.01549493 0.00857542 0.01092578 -0.00147083 0.12737621 0.05246705 0.00795987 0.08514661 0.00715576 -0.02214714 0.08585288 -0.00707474 -0.05744878 0.01349023 -0.04339434 0.02824227 -0.04845878 -0.07062925 -0.10464281 -0.08644127 -0.05581544 0.00615686 -0.06861356 0.06526755 -0.00716072
-0.05441044 -0.03408075 0.03934992 -0.00819703 0.01016833 -0.01793006 0.04308204 -0.03017504 0.04443124 0.01915847 0.12455988 -0.01689546 0.12752721 0.10559049 0.30716871 0.13600206 0.35809195 1.00000000 0.24763683 0.18477740 0.22751442 0.23857336 0.31204580 0.22708394 0.38462957 0.25576506 -0.01196369 -0.03174781 0.03989982 -0.08994212 0.13560961 -0.10395924 0.05749236 0.04985569 0.05027727 -0.03222209 0.02396568 -0.03502880 0.00437539 0.04351190 0.06692904 0.10114126 0.07521665 0.03196746 0.02002318 0.00033612 -0.00515292 0.01013240 -0.01661933 0.13945741 0.02572411 -0.05200890 0.11836667 -0.06610101 0.09031960 0.01154299 -0.03227228 0.13450025 0.02244611 0.03149088 -0.00710514 0.00050307 0.05997886 0.04838985 0.02764297 0.02943700 -0.10393076 0.07509945 0.11765225 -0.04612887 -0.08658746 -0.04383264 -0.01387394 0.03258573 -0.00675211 -0.01902516 -0.00441254 0.08496573
0.00725933 0.09120177 0.05647374 -0.06267190 -0.04765633 0.09232953 -0.05088288 0.11749487 0.01751072 0.04251562 -0.02068951 -0.03241418 0.06202657 0.25098533 0.15529814 0.16781348 0.21923488 0.24763683 1.00000000 0.29490123 0.40859704 0.16180941 0.36853445 0.23078506 0.21785829 0.21846874 0.05001428 0.03217748 0.06883376 -0.02236256 0.00158490 -0.12282957 -0.08720675 0.04904826 0.00188034 -0.01673658 -0.00404584 -0.03372294 -0.09594908 -0.06799684 0.04168010 0.11697822 0.08323837 0.03837022 -0.01508394 -0.03210402 0.02840335 0.03550670 0.02876125 0.09513510 0.07188749 0.03704368 0.14344185 0.03226393 0.09498279 0.08046983 0.00582682 0.13444517 0.11690914 0.10336023 -0.03419356 0.01836223 0.08940758 0.19798463 -0.06164549 -0.02041372 -0.00680683 0.03591750 0.08487754 -0.05387334 0.00078539 0.02019640 0.00321437 0.06671281 0.00221503 0.06136461 0.01130224 -0.14472411
0.07049441 0.10110248 0.11501464 0.11784650 0.09267066 0.07502021 0.06358747 0.12945106 0.14948537 0.03625123 0.03535276 0.03763192 0.15251497 0.27308209 0.26014252 0.27646262 0.21795806 0.18477740 0.29490123 1.00000000 0.14702994 0.10480215 0.28547324 0.26463151 0.07455312 0.17309934 0.01938223 0.04320043 -0.01626177 0.01397493 0.07736884 0.02451415 -0.01736903 0.01738221 0.05812561 -0.05694245 0.04440693 0.02739670 -0.04152853 -0.08207776 0.01617404 0.07384832 0.00168012 0.06768567 0.00510206 -0.01989939 0.01100122 0.09439059 0.00413902 0.04473575 0.05119311 0.06606531 0.05393211 -0.00590104 -0.02781368 -0.01699806 -0.04798035 0.03618038 -0.02780456 -0.01393312 0.00205998 -0.00175291 -0.03649486 0.04602197 0.01677455 0.02697612 0.00893771 0.04686269 0.01953467 0.10143324 0.01804904 -0.00957233 0.03948566 -0.00517526 -0.00370143 -0.07634679 -0.02038297 -0.00912417
0.03037310 0.09109087 0.12766476 -0.04076689 -0.13782430 0.06602605 0.04496692 -0.02855894 -0.00406348 0.07693305 0.01892154 -0.01428097 0.09353404 0.17277173 0.27727939 0.16719543 0.17776417 0.22751442 0.40859704 0.14702994 1.00000000 0.20745488 0.24220046 0.20143811 0.29378398 0.08377282 -0.02121717 -0.08588629 0.04304442 -0.07207506 0.03165494 -0.20034099 -0.05302155 0.05312558 0.02002444 -0.04512377 -0.03645626 -0.09760266 -0.08488024 -0.05904178 -0.01039426 -0.00313825 0.04604502 0.01200238 0.04274033 0.00055277 0.01934109 0.02981588 -0.00164934 0.12454749 0.08556750 0.06182513 0.08614614 -0.02201519 0.16792911 0.04435260 0.05991076 0.18908060 0.04881678 0.00068546 0.02237159 0.06219041 0.12734825 0.19163690 0.05309366 -0.03778993 -0.04971512 0.03058690 0.09887928 -0.01248909 -0.01358414 0.02649978 0.05620599 0.08488054 -0.03629229 0.06620275 0.00244311 -0.05088776
0.05664180 -0.02533465 0.06072339 0.04150510 -0.08448892 0.00474910 -0.08224608 -0.08411075 -0.00497001 -0.00530944 -0.00597464 -0.05666002 -0.00507344 0.14558441 0.19142657 0.24487647 0.08869046 0.23857336 0.16180941 0.10480215 0.20745488 1.00000000 0.22223672 0.04208842 0.30263835 0.22543418 -0.08219335 -0.13466999 0.05759646 -0.01165168 -0.02967161 -0.01180935 -0.11725173 -0.04416796 -0.16425073 -0.06802809 -0.13612964 -0.11080297 -0.09498055 -0.02567017 -0.04160638 0.05024851 -0.12218713 -0.00924559 -0.02939855 -0.04216755 -0.01330398 0.05474980 0.04803042 0.07354866 0.09412893 -0.09251570 -0.00327497 -0.02177617 0.07630160 0.02922091 -0.02871600 0.06295702 -0.04698733 0.07964978 0.01167541 0.02879277 -0.02073303 -0.11477380 0.07275486 0.07732508 -0.04361554 0.03516694 0.06922960 -0.06125644 0.04148164 0.00113985 0.05667882 0.04666871 -0.01981713 -0.07760151 0.02716902 0.04011106
0.07273823 0.04921333 0.08710763 0.06339786 -0.02783922 0.09868933 0.07010073 0.04622588 0.02402923 0.02516167 0.07194946 0.04857728 0.01037860 0.22733777 0.35386548 0.14801472 0.40683498 0.31204580 0.36853445 0.28547324 0.24220046 0.22223672 1.00000000 0.32923731 0.33680791 0.18855826 -0.02957041 -0.08626929 0.02331042 -0.08833270 -0.03154254 -0.11097614 0.00279231 -0.07667904 -0.03432794 -0.03484617 -0.02767364 -0.04414821 -0.05113891 0.01040774 -0.07352701 0.01676459 0.05029651 0.11055424 0.05711239 0.00498087 -0.01528957 -0.01539133 0.00070670 0.01806311 0.02502573 -0.00359240 0.03534611 -0.06385000 0.13477507 0.01379187 0.04182327 0.18803040 0.07371179 0.05857991 -0.01615959 0.04294452 0.01017927 0.00780927 0.06021650 -0.00695013 -0.08224175 -0.02058493 0.13571307 -0.05840758 -0.09221360 -0.02220257 -0.06741302 0.01420177 0.01370970 -0.12113964 -0.01395945 0.01730513
0.16892061 0.07825965 0.02517361 0.10112535 0.10195190 0.00985982 0.07094743 0.11701976 0.04392729 -0.09708049 0.03822576 0.05978311 -0.04193777 0.16246945 0.22330856 0.11149886 0.38892371 0.22708394 0.23078506 0.26463151 0.20143811 0.04208842 0.32923731 1.00000000 0.31081434 0.17251850 0.05476587 0.12511461 0.14117788 -0.02533623 0.06924523 -0.03352066 0.04677980 0.01726841 0.11989574 -0.03117571 0.08835749 -0.02082970 -0.05668122 -0.02609505 0.02473409 -0.06062299 -0.01586016 0.03849763 -0.00317119 -0.00803853 0.03780785 -0.06656739 0.00490047 0.05714235 0.11639977 -0.05244756 0.04933027 -0.08626116 0.03822300 0.02666175 0.06973810 0.08771112 0.03040878 0.05009930 -0.01661421 0.01904877 -0.00747548 0.06733753 0.04281921 -0.02008895 -0.03036610 -0.04396676 -0.00636632 0.02690076 -0.13594088 -0.05477667 -0.07156506 -0.10441504 -0.01292870 -0.04853056 -0.00975988 -0.04516697
0.05943309 -0.09473997 -0.03957376 0.01803131 -0.10280690 0.02834216 -0.04985083 -0.04853806 0.00453275 0.04163065 -0.04519159 0.00095306 0.03111416 0.18016398 0.44064282 0.14647614 0.30206564 0.38462957 0.21785829 0.07455312 0.29378398 0.30263835 0.33680791 0.31081434 1.00000000 0.20711629 -0.09718468 -0.03374269 0.11012880 0.00810299 0.04050069 -0.07111439 -0.04983689 -0.02248735 -0.00169994 -0.06831925 -0.08579069 -0.05540217 -0.11642084 -0.01096617 0.00849152 0.08628049 0.08877743 0.02469258 0.02016953 0.03309703 0.05638470 0.00861887 0.08300829 0.15327831 0.09548000 0.00911747 -0.01393183 -0.12928740 0.06305807 -0.00521685 0.03188296 0.09418098 0.08763809 0.04462395 0.02662079 0.02405961 0.08222563 0.01718748 0.01589312 -0.04675522 -0.14239804 -0.00948684 0.05414527 -0.16070070 -0.07686762 -0.02664400 -0.02822482 -0.02433758 -0.04892509 -0.08273415 -0.04429833 0.01411653
-0.03112894 0.02234174 0.05903288 0.04331923 0.08236248 0.07554566 -0.01974539 0.16207326 0.03316952 0.00831752 0.07293374 -0.04035249 0.02709605 0.28833628 0.19447509 0.11511915 0.21346096 0.25576506 0.21846874 0.17309934 0.08377282 0.22543418 0.18855826 0.17251850 0.20711629 1.00000000 -0.04812919 0.04093513 0.00895437 0.09968834 -0.02058637 0.03143875 -0.00603856 -0.00810183 -0.02635894 -0.01605293 0.00995486 0.07314260 -0.07719037 -0.10502371 -0.03771407 -0.00885332 -0.03603535 -0.08011039 -0.12950399 -0.15034938 -0.04360008 0.05838861 -0.10314297 0.00801905 -0.00864937 -0.05371912 0.05693287 0.03635335 0.00274351 0.00371498 0.00788653 0.11750387 0.10051283 0.02084843 0.05144072 -0.00928170 0.04632198 -0.02297647 -0.02312572 -0.00297629 -0.01566197 0.06881842 0.06770826 -0.07537614 -0.01303208 -0.07839113 0.01032805 0.09363733 0.00508256 -0.00893742 0.08310773 0.03649980
0.07563461 0.06242285 -0.01098720 0.02678003 0.06334258 0.03639408 0.06874020 0.07304728 0.02057026 0.00742564 0.02885665 0.12066443 0.01093150 -0.01390431 -0.02180230 0.11509145 0.00413594 -0.01196369 0.05001428 0.01938223 -0.02121717 -0.08219335 -0.02957041 0.05476587 -0.09718468 -0.04812919 1.00000000 0.34872583 0.20086177 0.29564795 0.21546856 0.33410301 0.24658404 0.34203327 0.30959709 0.36221206 0.20927725 0.27186988 0.25939836 0.00080836 0.18319022 0.07105834 0.16839214 0.02312656 0.00722675 0.03221074 0.10344484 0.05982756 0.08033821 0.09610630 0.02827683 0.16442736 0.00786151 -0.02225504 -0.02490778 -0.00008490 0.08941239 -0.02380309 0.08897462 -0.02258931 0.02945864 -0.01368488 -0.00531683 0.08496602 -0.09558796 0.05393473 0.11143676 0.10630258 -0.04816534 0.05299744 0.06298210 -0.03181632 -0.06054907 0.01842784 0.00012113 0.10844109 0.01036288 0.06923354
-0.08766376 -0.01725969 -0.01562956 0.03821637 0.05908227 0.01948143 0.06556421 0.09762718 -0.05963958 -0.02109870 0.01255372 0.03123161 0.08159307 0.00080365 -0.19078721 0.05540416 0.03408315 -0.03174781 0.03217748 0.04320043 -0.08588629 -0.13466999 -0.08626929 0.12511461 -0.03374269 0.04093513 0.34872583 1.00000000 0.20908598 0.24972713 0.36553427 0.25411730 0.30803181 0.23413065 0.35782730 0.32295245 0.35732656 0.36438959 0.28166668 -0.08502811 0.13402477 0.03524330 0.05416643 0.10423068 -0.05608403 0.00673118 0.08230364 0.00515035 0.09563511 0.10554691 0.03258836 0.07311479 0.00245688 -0.11705656 -0.02224286 -0.01548418 -0.05691304 -0.01422663 -0.03194504 0.09933417 0.00114915 -0.06076652 -0.00948014 0.04771418 -0.04152108 -0.03435917 -0.00662362 0.02198857 -0.11354545 0.01103498 0.04554574 0.00491798 -0.02677243 -0.01654344 -0.11368664 0.17916131 0.06962341 0.06410041
-0.01065200 -0.05825998 0.05336582 -0.03492793 0.07191993 -0.06922669 -0.00958174 0.05635250 -0.00807435 -0.03768665 -0.01125598 -0.02869676 0.02030606 0.06789117 0.04395657 0.07875691 0.00772966 0.03989982 0.06883376 -0.01626177 0.04304442 0.05759646 0.02331042 0.14117788 0.11012880 0.00895437 0.20086177 0.20908598 1.00000000 0.15579293 0.30076762 0.15817011 0.33563841 0.27197119 0.24658969 0.35075904 0.13403942 0.22125438 0.14577498 -0.05569940 0.10944556 0.04792734 0.06553762 0.08159505 -0.01339148 0.03377188 0.08161482 -0.03654462 0.13823241 0.05984085 0.06483276 -0.00104707 -0.06244050 -0.12288818 -0.07926631 -0.03443707 -0.01945831 -0.06197802 -0.10046004 -0.03151196 0.00600312 -0.05867525 0.00934848 -0.02386008 -0.09766488 0.06415042 0.04090848 0.12333946 0.02497832 -0.03947269 0.06475704 -0.05897318 0.02887776 0.05511045 -0.06929811 0.06806236 0.05985003 -0.01329716
-0.02485811 -0.03125523 -0.02672489 0.02975439 -0.03750142 -0.00526771 -0.07040813 0.09782626 -0.08164808 0.06571200 -0.00686427 0.02878099 -0.03565104 0.09475037 -0.00411675 0.05977267 -0.01966075 -0.08994212 -0.02236256 0.01397493 -0.07207506 -0.01165168 -0.08833270 -0.02533623 0.00810299 0.09968834 0.29564795 0.24972713 0.15579293 1.00000000 0.19620914 0.33926368 0.12924189 0.16151517 0.22624370 0.22528037 0.06677717 0.29839999 0.20445932 -0.06467861 0.09045320 0.02609969 0.09611883 0.00892143 0.10763065 -0.04001686 0.02111441 0.08664629 0.05702064 -0.02372082 0.01373302 0.10268825 0.01040054 0.01597636 -0.13094209 0.03191394 -0.04134033 -0.01513666 0.09045816 -0.02694215 -0.05771160 0.02020023 0.01922336 -0.04189669 -0.03023573 0.05918813 0.16002428 0.01964056 0.09010763 -0.04715311 0.20135104 0.08125246 0.02222533 0.08438422 0.05344806 0.08813971 0.17345541 0.02634435
-0.00087095 0.03015409 0.02700503 0.01047392 -0.02076501 -0.01274196 0.06154359 -0.01084304 -0.04044093 -0.06898127 -0.00212833 -0.02686821 0.15502961 0.00859677 0.05357028 0.05264038 0.08237333 0.13560961 0.00158490 0.07736884 0.03165494 -0.02967161 -0.03154254 0.06924523 0.04050069 -0.02058637 0.21546856 0.36553427 0.30076762 0.19620914 1.00000000 0.14203021 0.39120639 0.45123832 0.22342760 0.28003701 0.27801894 0.33936781 0.26728954 0.00511413 0.17494627 0.08470337 0.05492417 0.14047874 -0.00812293 0.00209175 0.08218584 0.06930718 0.06340250 0.05569501 0.06826896 0.07257511 0.00675970 0.02519015 -0.07960760 0.00475182 -0.04742684 -0.02518065 -0.02464786 0.02910255 0.00382146 -0.05490548 0.04568223 0.05445984 0.01135807 -0.05955328 -0.05648971 0.02887832 -0.03922672 0.00734001 0.10541050 -0.08461127 0.04824306 0.01876980 -0.01874036 0.06677062 0.08149482 0.06240822
-0.00419862 0.02184012 0.05101883 -0.04926273 0.07761417 -0.13063258 -0.09787280 0.09228849 -0.00382451 -0.00000436 -0.13003195 0.01851022 -0.00963163 0.06206467 -0.02875351 0.04660555 -0.15988243 -0.10395924 -0.12282957 0.02451415 -0.20034099 -0.01180935 -0.11097614 -0.03352066 -0.07111439 0.03143875 0.33410301 0.25411730 0.15817011 0.33926368 0.14203021 1.00000000 0.26781698 0.23642779 0.17082225 0.16964548 0.11745112 0.36460726 0.28344823 -0.05218869 0.11793497 -0.05132541 0.02026102 0.00200150 0.05890345 0.05359842 0.06043086 0.05977235 0.08911648 -0.01880133 0.07900413 0.10506559 -0.09566819 0.04888246 -0.11101552 0.02066914 -0.00323669 -0.02789420 0.03707100 -0.03924298 0.00867576 0.06187136 -0.08441711 -0.07544185 -0.03208494 0.12073701 0.17076907 -0.00171184 0.05285306 0.07372339 0.20976266 0.07897848 -0.00091395 0.03347421 0.13005618 0.03495013 0.08166761 0.11536529
-0.04716605 -0.03435251 0.06749701 -0.02917829 0.06387447 -0.07410280 0.05747839 0.03201143 -0.05226763 -0.01992853 -0.00803022 -0.02122838 0.07349424 0.03074531 -0.03655385 -0.02537235 0.03902072 0.05749236 -0.08720675 -0.01736903 -0.05302155 -0.11725173 0.00279231 0.04677980 -0.04983689 -0.00603856 0.24658404 0.30803181 0.33563841 0.12924189 0.39120639 0.26781698 1.00000000 0.39400790 0.27492647 0.33938360 0.28005218 0.38985827 0.34382638 0.06077933 -0.01918098 0.04356699 0.09517387 0.03922646 -0.00489398 0.01395413 0.07846494 0.00533459 0.10426939 0.07787844 0.05189950 0.00606392 -0.08206775 -0.11283501 -0.09205400 -0.03526162 -0.04695019 -0.01924469 -0.13176356 -0.02477067 0.00352096 -0.01984089 -0.13890557 -0.06686075 -0.02848550 0.03624710 0.01424721 0.09399074 -0.03232396 -0.00272754 0.08800319 -0.08097984 0.01245408 0.01012993 0.00519650 0.11492476 0.08282513 0.11600769
-0.04269829 -0.06161796 -0.06370969 -0.01641828 0.03727336 -0.03360920 0.02076141 -0.01989320 -0.02315952 0.02681490 0.06539613 -0.02080963 0.11933297 0.09487201 -0.00780856 0.11856534 0.07180691 0.04985569 0.04904826 0.01738221 0.05312558 -0.04416796 -0.07667904 0.01726841 -0.02248735 -0.00810183 0.34203327 0.23413065 0.27197119 0.16151517 0.45123832 0.23642779 0.39400790 1.00000000 0.26397088 0.19632525 0.20135840 0.31724763 0.32456818 0.06218696 0.13982637 0.11532983 0.12753127 0.08497879 0.04834592 0.05149379 0.13463392 -0.02891374 0.07634845 0.05813755 0.05710668 0.07571424 -0.09368145 0.03048598 -0.03475688 -0.02977560 -0.02086428 -0.05275721 -0.06714754 -0.03539749 0.03438021 -0.06464622 -0.02098164 0.05880500 -0.07597976 -0.01162429 0.04067617 0.04782941 -0.08245895 0.03455726 0.03508710 -0.10752973 0.05969230 0.00134696 -0.00485860 0.04557943 0.07240052 0.02177223
-0.01746389 0.07203978 0.01843239 0.06937124 0.08402529 0.05289617 0.10655023 0.09489856 0.07193737 0.17907025 0.05706360 0.06695894 0.04064077 0.07665362 0.01016566 -0.00449876 0.07949092 0.05027727 0.00188034 0.05812561 0.02002444 -0.16425073 -0.03432794 0.11989574 -0.00169994 -0.02635894 0.30959709 0.35782730 0.24658969 0.22624370 0.22342760 0.17082225 0.27492647 0.26397088 1.00000000 0.19978124 0.37805041 0.32424588 0.28776059 0.11600545 0.12011884 0.04382036 0.16175061 0.04532358 0.06134575 0.07837180 0.14881386 0.03216506 0.06876304 0.00932923 0.02418457 0.14106536 -0.08714863 -0.09127693 -0.06889735 -0.11182776 -0.08640254 -0.05586952 -0.02277157 -0.04822662 -0.07261571 -0.03913494 -0.03092361 0.05077492 -0.15647372 -0.02654525 0.13294832 -0.01162490 -0.02210846 -0.00719280 0.01326676 -0.03195956 -0.06383135 0.08284364 -0.08050336 0.20499364 0.08154871 0.13084211
-0.06804562 -0.05375779 0.00792017 -0.05064133 0.00370070 0.00076898 0.00394765 0.04733640 -0.06997605 -0.07308735 -0.06953169 0.01669504 0.04368135 0.04541856 -0.04557465 0.06288041 0.01629270 -0.03222209 -0.01673658 -0.05694245 -0.04512377 -0.06802809 -0.03484617 -0.03117571 -0.06831925 -0.01605293 0.36221206 0.32295245 0.35075904 0.22528037 0.28003701 0.16964548 0.33938360 0.19632525 0.19978124 1.00000000 0.24318396 0.25928953 0.32068196 -0.03359421 0.03699632 0.09183154 0.13847750 0.05116644 -0.04667369 -0.01232039 0.00324013 0.04874645 0.12652389 0.08272732 -0.01773263 0.10372140 -0.02170235 0.05499359 -0.02387658 0.02638092 0.03864715 0.03843193 -0.07169497 0.09649744 0.08278218 -0.05545632 0.02725367 0.09400571 -0.02247411 0.11953223 0.16595455 0.08388780 0.10685015 0.02676506 0.19196953 -0.01714403 0.01057338 0.11736139 0.01086448 0.15574769 0.13320266 0.10247840
-0.09105415 -0.01971095 -0.05173592 0.00961469 0.12683077 -0.01680046 0.14636997 0.11268901 0.13312948 0.06566027 0.07492605 0.06567608 0.06827124 0.02528625 -0.14097365 0.04533953 0.09289332 0.02396568 -0.00404584 0.04440693 -0.03645626 -0.13612964 -0.02767364 0.08835749 -0.08579069 0.00995486 0.20927725 0.35732656 0.13403942 0.06677717 0.27801894 0.11745112 0.28005218 0.20135840 0.37805041 0.24318396 1.00000000 0.22804451 0.33051994 -0.00946223 0.11803027 0.14115960 0.04902604 0.07120821 -0.04387338 0.09237963 0.10964980 0.01417472 0.10845275 0.07495238 0.03470129 0.14492261 -0.02133813 -0.03049708 -0.09043882 -0.03076365 -0.07188421 -0.02282347 -0.02305975 -0.05259600 0.07735176 -0.16706605 -0.04909101 0.00390463 -0.16027870 -0.07975881 0.08175873 0.07504663 0.00175679 -0.00267465 -0.00741276 -0.02237485 -0.06188929 -0.01567841 -0.04081912 0.06063075 0.08630778 0.10270865
-0.02456934 -0.10764451 -0.03368841 -0.00583323 -0.00270700 -0.03434108 0.01227934 0.04586163 -0.07242751 -0.02519369 -0.00819226 -0.06114299 -0.01176803 0.06204549 -0.05613256 0.14598942 -0.00042653 -0.03502880 -0.03372294 0.02739670 -0.09760266 -0.11080297 -0.04414821 -0.02082970 -0.05540217 0.07314260 0.27186988 0.36438959 0.22125438 0.29839999 0.33936781 0.36460726 0.38985827 0.31724763 0.32424588 0.25928953 0.22804451 1.00000000 0.34260181 0.05652257 0.05640249 -0.01565145 0.07065041 0.03380433 0.03071702 0.04296547 0.07053874 0.01258255 0.08397776 -0.00295206 -0.02794633 0.13734894 -0.02227103 -0.11113385 -0.05184854 -0.01468832 -0.00352569 -0.01230397 -0.01288993 0.09195946 0.02820694 0.06706260 -0.02952621 -0.04804042 -0.12223793 0.01484238 0.17014335 0.09583659 -0.05784053 0.09697174 0.13898995 0.01389729 0.07908563 0.13449730 -0.01091055 0.13512809 0.14928049 0.06745888
-0.22013428 0.00356687 -0.02636600 -0.04235936 0.00052941 -0.15748864 -0.02781627 0.04797578 0.02187287 -0.03244494 0.08839738 0.05101940 -0.05326990 -0.00125175 -0.22844397 0.02202201 -0.03469952 0.00437539 -0.09594908 -0.04152853 -0.08488024 -0.09498055 -0.05113891 -0.05668122 -0.11642084 -0.07719037 0.25939836 0.28166668 0.14577498 0.20445932 0.26728954 0.28344823 0.34382638 0.32456818 0.28776059 0.32068196 0.33051994 0.34260181 1.00000000 0.02505160 0.07413509 0.08980214 0.04752262 0.06660486 0.05974205 0.03866575 0.04283545 0.04611207 0.10983023 0.01532991 0.06065015 0.11857937 -0.03563128 -0.02474303 -0.07182506 -0.08477624 -0.02344312 -0.03538529 -0.08873655 0.03787831 0.03702785 -0.00947555 -0.05332266 0.05530758 -0.02496900 -0.07122129 0.04280421 0.10075911 0.06990704 0.02838996 0.04842126 0.05833245 -0.04135864 -0.02293734 0.05014141 0.01257693 0.06815917 0.15121497
0.00384994 -0.12188643 -0.13026543 -0.06656113 0.07331751 -0.04635928 0.02133463 -0.15070957 -0.02187768 0.04933453 0.07809640 -0.10306213 -0.02182160 -0.01526582 0.02635803 -0.04404100 -0.03287460 0.04351190 -0.06799684 -0.08207776 -0.05904178 -0.02567017 0.01040774 -0.02609505 -0.01096617 -0.10502371 0.00080836 -0.08502811 -0.05569940 -0.06467861 0.00511413 -0.05218869 0.06077933 0.06218696 0.11600545 -0.03359421 -0.00946223 0.05652257 0.02505160 1.00000000 0.01418289 0.11000233 0.22227816 0.15763252 0.20101994 0.26030841 0.08621437 0.03115846 0.02541526 0.22543247 0.10981578 0.14826657 -0.02196702 -0.01281427 0.05809886 0.02012350 0.00127536 -0.02195995 -0.01562528 0.08106187 -0.08116857 0.16421344 -0.01031802 0.05867878 0.09563455 0.03838885 -0.00463432 -0.05119942 0.05902034 0.02705547 0.02686520 -0.04560239 0.03716548 0.07503913 -0.02451154 0.11703672 -0.00937758 0.08162468
-0.09197284 0.07228285 0.00093742 -0.06394310 -0.00355765 -0.14722276 0.00873061 -0.01299856 -0.01141688 -0.01058411 -0.01309741 -0.03745736 0.02931745 -0.05320543 -0.00764472 -0.04657868 -0.03586362 0.06692904 0.04168010 0.01617404 -0.01039426 -0.04160638 -0.07352701 0.02473409 0.00849152 -0.03771407 0.18319022 0.13402477 0.10944556 0.09045320 0.17494627 0.11793497 -0.01918098 0.13982637 0.12011884 0.03699632 0.11803027 0.05640249 0.07413509 0.01418289 1.00000000 0.21636562 0.19827535 0.37148375 0.23750858 0.10301152 0.30339870 0.40625418 0.19646907 0.14870292 0.23585784 0.28375470 0.03297157 0.01986214 -0.03639229 -0.05734540 -0.00440706 -0.00883737 0.08529240 0.02601699 -0.05918696 -0.05378131 0.08296829 0.09476375 -0.04293182 -0.10590632 -0.04757441 0.03258865 -0.06477653 -0.07510139 -0.00272245 0.05179213 -0.09239852 0.01621565 -0.01830298 0.02652139 0.01867950 0.05998868
-0.06957576 -0.07116865 0.04875440 0.03190788 0.11683022 -0.07504756 0.01435948 0.02813395 0.02539898 0.05970659 0.06075289 -0.04037701 0.13187739 0.03919613 -0.04250847 0.00548444 -0.02754337 0.10114126 0.11697822 0.07384832 -0.00313825 0.05024851 0.01676459 -0.06062299 0.08628049 -0.00885332 0.07105834 0.03524330 0.04792734 0.02609969 0.08470337 -0.05132541 0.04356699 0.11532983 0.04382036 0.09183154 0.14115960 -0.01565145 0.08980214 0.11000233 0.21636562 1.00000000 0.24416563 0.18811895 0.23482383 0.24979276 0.15380685 0.26050690 0.33887784 0.25930021 0.32426910 0.21046593 0.01464699 0.04396028 0.01395564 0.07607922 0.07152403 -0.05457675 0.10584787 0.01496341 0.08025586 0.08943036 0.03390813 0.13475330 -0.05319844 0.02312637 -0.00909070 0.08067832 0.03753955 -0.10186017 0.06583935 0.08101174 0.01624309 0.02570232 0.08830354 0.01954670 0.05394105 0.03516143
0.00107428 0.00697070 -0.06924202 -0.08841291 0.02756046 -0.03463078 0.00215375 0.01905295 -0.05495898 0.05003411 0.01163248 -0.03951778 0.08476037 -0.00005202 0.05773372 0.00748735 0.01721594 0.07521665 0.08323837 0.00168012 0.04604502 -0.12218713 0.05029651 -0.01586016 0.08877743 -0.03603535 0.16839214 0.05416643 0.06553762 0.09611883 0.05492417 0.02026102 0.09517387 0.12753127 0.16175061 0.13847750 0.04902604 0.07065041 0.04752262 0.22227816 0.19827535 0.24416563 1.00000000 0.29094069 0.30400698 0.38189747 0.16294186 0.03517736 0.21013226 0.28982491 0.09298038 0.22464655 0.06529912 -0.00348024 0.14926313 0.07945068 0.04956812 0.09819433 0.04984654 0.05406673 0.03909930 0.04842919 0.09519853 0.15034357 -0.00708562 -0.03409253 0.06191060 0.07515472 0.09735979 -0.10881149 0.07932685 -0.01112021 -0.04815164 0.11409804 0.00000885 0.11131609 0.02477815 0.06269939
-0.09317237 0.05821651 -0.06787553 -0.09476098 -0.04775968 -0.09898681 0.02731722 -0.09935302 -0.01268386 -0.00850542 -0.03913863 -0.04455549 0.08706772 -0.01389948 -0.04601193 -0.00734075 -0.01265878 0.03196746 0.03837022 0.06768567 0.01200238 -0.00924559 0.11055424 0.03849763 0.02469258 -0.08011039 0.02312656 0.10423068 0.08159505 0.00892143 0.14047874 0.00200150 0.03922646 0.08497879 0.04532358 0.05116644 0.07120821 0.03380433 0.06660486 0.15763252 0.37148375 0.18811895 0.29094069 1.00000000 0.18545971 0.32701501 0.30954011 0.24752446 0.28820854 0.30195884 0.24892765 0.26338856 -0.05080524 -0.05665379 -0.01540365 -0.05513575 -0.02695134 -0.00306424 0.04146344 -0.02142048 -0.06233369 0.03413305 -0.00095540 0.08566983 -0.03388902 0.03257945 -0.07314144 0.06885804 0.06902749 -0.09861312 0.06075102 0.05407559 -0.08203704 -0.00507003 0.06210648 0.00561944 -0.01727804 0.00777666
-0.08652054 0.01177422 0.05820344 0.04186538 0.05648109 -0.05302089 0.04741909 -0.01736948 0.00540953 0.00405849 0.00237059 -0.02660654 0.01191645 -0.08032098 -0.02917991 -0.02193417 -0.05984630 0.02002318 -0.01508394 0.00510206 0.04274033 -0.02939855 0.05711239 -0.00317119 0.02016953 -0.12950399 0.00722675 -0.05608403 -0.01339148 0.10763065 -0.00812293 0.05890345 -0.00489398 0.04834592 0.06134575 -0.04667369 -0.04387338 0.03071702 0.05974205 0.20101994 0.23750858 0.23482383 0.30400698 0.18545971 1.00000000 0.15520423 0.16517241 0.20793009 0.23648094 0.09408866 0.16595797 0.20774967 -0.05608435 -0.15133881 0.05221087 -0.05815911 -0.03245291 -0.03903884 -0.02483317 0.02397733 -0.08886449 -0.00791807 -0.01120384 -0.06442474 -0.07028477 -0.00068812 0.04717773 0.06942512 0.06493488 -0.08302980 0.11112517 0.11306712 -0.09045799 0.13042498 0.15531167 0.12690162 0.08173454 0.09888494
-0.06946152 -0.03850340 -0.12188974 -0.12047640 0.01445846 -0.08022048 0.06497426 -0.04377682 0.02488313 0.04804552 0.02625854 0.00946044 -0.02157017 -0.04083791 -0.04885900 0.02412045 -0.04464032 0.00033612 -0.03210402 -0.01989939 0.00055277 -0.04216755 0.00498087 -0.00803853 0.03309703 -0.15034938 0.03221074 0.00673118 0.03377188 -0.04001686 0.00209175 0.05359842 0.01395413 0.05149379 0.07837180 -0.01232039 0.09237963 0.04296547 0.03866575 0.26030841 0.10301152 0.24979276 0.38189747 0.32701501 0.15520423 1.00000000 0.26584526 0.03464328 0.35760927 0.24810283 0.26229728 0.28388506 0.00045497 0.01911529 0.09155880 0.00360949 -0.04753748 -0.01637660 0.07705674 0.07386304 -0.07162248 0.04431968 -0.04755244 0.00567888 -0.00990274 0.10226593 0.04030680 0.02079045 0.03151816 -0.01613188 -0.00092081 0.09887668 0.03958915 0.07394121 0.04283502 0.07893627 0.06323487 0.14182223
-0.04836318 0.05267466 0.02972506 -0.06607455 -0.05478858 -0.05255309 0.01290589 -0.08429331 0.01505006 0.06042792 -0.02333933 -0.06331119 0.07873857 -0.04266928 0.01838892 0.04697194 0.04953525 -0.00515292 0.02840335 0.01100122 0.01934109 -0.01330398 -0.01528957 0.03780785 0.05638470 -0.04360008 0.10344484 0.08230364 0.08161482 0.02111441 0.08218584 0.06043086 0.07846494 0.13463392 0.14881386 0.00324013 0.10964980 0.07053874 0.04283545 0.08621437 0.30339870 0.15380685 0.16294186 0.30954011 0.16517241 0.26584526 1.00000000 0.09866313 0.20838545 0.28092331 0.45299083 0.25326215 0.04154865 -0.04034443 0.03912120 -0.11064546 -0.01430641 -0.03020141 0.12276763 0.03239287 -0.04250217 -0.02934593 0.03876109 0.01300864 -0.04625658 -0.00007806 -0.07980585 0.01286016 -0.12743139 -0.01425137 -0.05929667 -0.04143141 0.00223245 0.00181470 0.02854128 0.08432552 -0.08449717 0.18432552
-0.02532906 0.03694477 0.10486741 0.04183691 0.02769939 0.00890692 -0.04269302 0.07886446 -0.01105984 -0.03965673 -0.02503385 -0.02824714 0.08203241 0.00158890 0.04688286 -0.00346572 -0.01715837 0.01013240 0.03550670 0.09439059 0.02981588 0.05474980 -0.01539133 -0.06656739 0.00861887 0.05838861 0.05982756 0.00515035 -0.03654462 0.08664629 0.06930718 0.05977235 0.00533459 -0.02891374 0.03216506 0.04874645 0.01417472 0.01258255 0.04611207 0.03115846 0.40625418 0.26050690 0.03517736 0.24752446 0.20793009 0.03464328 0.09866313 1.00000000 0.14972910 0.22047413 0.20297390 0.38156442 -0.01423866 -0.00217801 -0.10766660 0.00343106 0.11848297 0.05384378 0.05033201 0.01811676 0.02994932 0.06434963 0.10394539 0.05930867 0.06786481 -0.03485945 0.03797096 0.05081872 0.04209329 -0.11830900 0.15705291 0.09035516 -0.06768611 0.09441921 0.10045744 0.05644419 0.11149333 0.06397638
-0.01469323 -0.05286962 0.01049497 -0.06885995 0.00525902 -0.11902062 -0.05635764 -0.02380594 0.00260460 0.02986845 -0.06456909 -0.03920543 0.00992864 -0.01923219 0.00382573 0.03774616 -0.04246818 -0.01661933 0.02876125 0.00413902 -0.00164934 0.04803042 0.00070670 0.00490047 0.08300829 -0.10314297 0.08033821 0.09563511 0.13823241 0.05702064 0.06340250 0.08911648 0.10426939 0.07634845 0.06876304 0.12652389 0.10845275 0.08397776 0.10983023 0.02541526 0.19646907 0.33887784 0.21013226 0.28820854 0.23648094 0.35760927 0.20838545 0.14972910 1.00000000 0.31326728 0.24563286 0.28828249 0.03430736 0.04203824 0.01544243 0.13231367 -0.01877971 0.03040821 0.03584490 0.08193187 0.03202698 0.06744720 0.02971006 0.09672350 -0.09029284 0.08984183 0.05785395 0.10338148 0.03762245 -0.03126004 0.10333820 0.07598893 0.01451167 0.10247320 -0.00239859 0.04859406 0.11489631 0.12943525
0.09483119 0.07250876 -0.01101685 0.01707414 -0.04571744 0.00039861 0.00065767 0.02505955 0.00921078 0.03208290 -0.08996245 -0.07623367 0.08975363 -0.00365816 0.07579611 0.02557633 0.08694090 0.13945741 0.09513510 0.04473575 0.12454749 0.07354866 0.01806311 0.05714235 0.15327831 0.00801905 0.09610630 0.10554691 0.05984085 -0.02372082 0.05569501 -0.01880133 0.07787844 0.05813755 0.00932923 0.08272732 0.07495238 -0.00295206 0.01532991 0.22543247 0.14870292 0.25930021 0.28982491 0.30195884 0.09408866 0.24810283 0.28092331 0.22047413 0.31326728 1.00000000 0.29145612 0.23991670 0.14195125 0.00907316 0.11524774 0.15083499 0.06600609 0.15031551 0.13376095 0.07361865 0.07290080 0.13589983 0.12112793 0.15453885 0.07874732 0.00564622 -0.02811726 0.11344679 -0.02950028 -0.08991101 0.01082664 0.02311046 0.01698214 -0.00110281 -0.02468395 0.06956034 -0.02089369 0.07141097
-0.05117371 -0.00188563 0.07962040 -0.06301598 -0.04298465 -0.06043299 -0.07968164 -0.05382955 -0.07745548 -0.07242623 -0.05108908 -0.12734387 0.05661424 -0.01755954 0.05758333 0.00479315 0.00419938 0.02572411 0.07188749 0.05119311 0.08556750 0.09412893 0.02502573 0.11639977 0.09548000 -0.00864937 0.02827683 0.03258836 0.06483276 0.01373302 0.06826896 0.07900413 0.05189950 0.05710668 0.02418457 -0.01773263 0.03470129 -0.02794633 0.06065015 0.10981578 0.23585784 0.32426910 0.09298038 0.24892765 0.16595797 0.26229728 0.45299083 0.20297390 0.24563286 0.29145612 1.00000000 0.21202219 -0.05300585 -0.02001142 0.02068680 -0.07042554 0.02261293 -0.07221120 0.07452761 -0.00347131 -0.08932745 0.03098126 -0.03283955 -0.01229256 -0.02442753 -0.08629442 -0.14071286 -0.04203519 -0.05584836 -0.09300808 -0.03959338 -0.02481100 -0.03388035 -0.02185228 0.00179082 0.02010563 -0.03888528 -0.01704277
-0.03485889 0.02463846 0.05194585 -0.03525532 0.00671069 -0.05303820 -0.00696002 0.04401229 0.07906984 0.03714007 0.03997135 0.08013010 0.07979501 -0.02065056 0.01606650 0.03424332 0.03873499 -0.05200890 0.03704368 0.06606531 0.06182513 -0.09251570 -0.00359240 -0.05244756 0.00911747 -0.05371912 0.16442736 0.07311479 -0.00104707 0.10268825 0.07257511 0.10506559 0.00606392 0.07571424 0.14106536 0.10372140 0.14492261 0.13734894 0.11857937 0.14826657 0.28375470 0.21046593 0.22464655 0.26338856 0.20774967 0.28388506 0.25326215 0.38156442 0.28828249 0.23991670 0.21202219 1.00000000 0.02697307 0.01379229 0.01681803 -0.06280882 0.00919313 0.09331992 0.09333235 0.03133344 0.01956526 -0.01078308 0.01058674 0.04019611 0.01437086 0.03245574 0.10186937 0.10807358 0.04339578 -0.04821339 0.05169244 0.02997369 0.00841191 0.11090971 0.10915981 0.10635742 0.03671488 0.17594756
-0.02222225 0.08906240 -0.05396303 -0.08029709 -0.07750625 0.04979152 -0.03335974 -0.04275229 -0.10367331 0.00692528 0.00960706 -0.07864336 -0.00043880 0.06183591 0.00075989 0.00964156 0.06602366 0.11836667 0.14344185 0.05393211 0.08614614 -0.00327497 0.03534611 0.04933027 -0.01393183 0.05693287 0.00786151 0.00245688 -0.06244050 0.01040054 0.00675970 -0.09566819 -0.08206775 -0.09368145 -0.08714863 -0.02170235 -0.02133813 -0.02227103 -0.03563128 -0.02196702 0.03297157 0.01464699 0.06529912 -0.05080524 -0.05608435 0.00045497 0.04154865 -0.01423866 0.03430736 0.14195125 -0.05300585 0.02697307 1.00000000 0.11195084 0.40817596 0.20795932 0.23311775 0.24555412 0.21005699 0.29567127 0.28065131 0.11313658 0.37206295 0.37645902 0.31553651 0.02531412 0.07469953 0.07181357 0.05710022 0.00563081 -0.03003768 0.01922439 0.00161347 0.14774548 0.04819010 0.16033576 -0.03913944 0.09143163
0.05667571 0.08181023 0.03730163 -0.02387976 0.09928266 0.01473385 0.06318314 0.07395161 0.10040360 0.03802635 -0.00369974 0.05089630 0.10907258 0.08208214 0.04751868 -0.01029632 0.01549493 -0.06610101 0.03226393 -0.00590104 -0.02201519 -0.02177617 -0.06385000 -0.08626116 -0.12928740 0.03635335 -0.02225504 -0.11705656 -0.12288818 0.01597636 0.02519015 0.04888246 -0.11283501 0.03048598 -0.09127693 0.05499359 -0.03049708 -0.11113385 -0.02474303 -0.01281427 0.01986214 0.04396028 -0.00348024 -0.05665379 -0.15133881 0.01911529 -0.04034443 -0.00217801 0.04203824 0.00907316 -0.02001142 0.01379229 0.11195084 1.00000000 0.11912849 0.25071901 0.03627103 0.15801159 0.23219268 0.09674904 0.19792612 0.08545273 0.10728136 0.28587532 0.11038047 0.09594174 0.13735494 -0.04439408 0.20355947 0.09550086 0.12901966 -0.02522783 0.05370004 0.07299202 0.09816287 -0.00601580 0.12167927 -0.01043477
0.04451205 0.07786536 0.06033590 0.01184750 -0.06962964 0.12428169 0.05369404 0.01241469 0.01621695 0.00745516 0.03882035 -0.02383922 0.07979480 0.06504571 0.05785323 0.10192105 0.00857542 0.09031960 0.09498279 -0.02781368 0.16792911 0.07630160 0.13477507 0.03822300 0.06305807 0.00274351 -0.02490778 -0.02224286 -0.07926631 -0.13094209 -0.07960760 -0.11101552 -0.09205400 -0.03475688 -0.06889735 -0.02387658 -0.09043882 -0.05184854 -0.07182506 0.05809886 -0.03639229 0.01395564 0.14926313 -0.01540365 0.05221087 0.09155880 0.03912120 -0.10766660 0.01544243 0.11524774 0.02068680 0.01681803 0.40817596 0.11912849 1.00000000 0.24457921 0.18751791 0.28761316 0.31100551 0.41754795 0.21942044 0.16589167 0.26687490 0.31495596 0.27901442 0.01635180 0.00353107 -0.03862043 0.12303050 -0.10300923 0.00284287 0.05833315 -0.02434933 0.08609714 -0.03367732 0.08827120 0.03233622 0.01015568
0.04421035 -0.04294561 -0.02145748 -0.07720384 -0.12837447 -0.05914143 -0.07961198 0.03365798 -0.09834069 -0.00837742 -0.08733714 -0.09838585 -0.01409719 0.00218066 0.02179702 0.09388021 0.01092578 0.01154299 0.08046983 -0.01699806 0.04435260 0.02922091 0.01379187 0.02666175 -0.00521685 0.00371498 -0.00008490 -0.01548418 -0.03443707 0.03191394 0.00475182 0.02066914 -0.03526162 -0.02977560 -0.11182776 0.02638092 -0.03076365 -0.01468832 -0.08477624 0.02012350 -0.05734540 0.07607922 0.07945068 -0.05513575 -0.05815911 0.00360949 -0.11064546 0.00343106 0.13231367 0.15083499 -0.07042554 -0.06280882 0.20795932 0.25071901 0.24457921 1.00000000 0.20788487 0.23242058 0.28607214 0.14583525 0.14656476 0.40516113 0.23505969 0.24658282 0.12933560 0.07505574 0.15715285 0.00409265 0.15535419 -0.00376459 0.27512311 0.13366447 0.07480397 0.11255355 0.00268783 0.01604483 0.17978972 -0.09976278
0.13755695 0.06657080 0.08556671 -0.04961807 -0.02122884 0.06657092 -0.09777149 0.02719432 -0.05747068 -0.00882843 -0.10244516 0.04401981 0.09808845 -0.00073916 0.04262601 0.05091918 -0.00147083 -0.03227228 0.00582682 -0.04798035 0.05991076 -0.02871600 0.04182327 0.06973810 0.03188296 0.00788653 0.08941239 -0.05691304 -0.01945831 -0.04134033 -0.04742684 -0.00323669 -0.04695019 -0.02086428 -0.08640254 0.03864715 -0.07188421 -0.00352569 -0.02344312 0.00127536 -0.00440706 0.07152403 0.04956812 -0.02695134 -0.03245291 -0.04753748 -0.01430641 0.11848297 -0.01877971 0.06600609 0.02261293 0.00919313 0.23311775 0.03627103 0.18751791 0.20788487 1.00000000 0.32959845 0.23610943 0.15509585 0.20064346 0.19795013 0.37406348 0.33445679 0.31617727 -0.01190668 0.04815057 0.03822598 0.00346360 0.05932238 0.01209121 0.08783971 0.06745250 0.05823769 0.04895259 0.10243134 -0.05657083 0.01497903
0.00124286 0.07593987 0.11154208 -0.00725471 -0.10176060 0.08288053 -0.04429358 0.07250073 0.01419519 0.07539914 -0.06755005 0.01396015 0.11916661 0.12774709 0.17880600 0.07656304 0.12737621 0.13450025 0.13444517 0.03618038 0.18908060 0.06295702 0.18803040 0.08771112 0.09418098 0.11750387 -0.02380309 -0.01422663 -0.06197802 -0.01513666 -0.02518065 -0.02789420 -0.01924469 -0.05275721 -0.05586952 0.03843193 -0.02282347 -0.01230397 -0.03538529 -0.02195995 -0.00883737 -0.05457675 0.09819433 -0.00306424 -0.03903884 -0.01637660 -0.03020141 0.05384378 0.03040821 0.15031551 -0.07221120 0.09331992 0.24555412 0.15801159 0.28761316 0.23242058 0.32959845 1.00000000 0.25042275 0.35641148 0.15824431 0.28397294 0.26235359 0.35407217 0.35361324 0.03461305 -0.00232812 0.01917488 0.18061250 -0.08445637 -0.03276154 0.06451450 -0.01292886 0.14932584 -0.05721794 0.15439971 -0.04713116 0.09042383
0.10864951 0.09270635 0.07497626 -0.02931241 -0.09428823 0.04372538 0.01496403 0.04184383 0.01222150 0.07804384 0.02754401 0.03181114 0.02239776 0.09453228 0.06319082 0.00479649 0.05246705 0.02244611 0.11690914 -0.02780456 0.04881678 -0.04698733 0.07371179 0.03040878 0.08763809 0.10051283 0.08897462 -0.03194504 -0.10046004 0.09045816 -0.02464786 0.03707100 -0.13176356 -0.06714754 -0.02277157 -0.07169497 -0.02305975 -0.01288993 -0.08873655 -0.01562528 0.08529240 0.10584787 0.04984654 0.04146344 -0.02483317 0.07705674 0.12276763 0.05033201 0.03584490 0.13376095 0.07452761 0.09333235 0.21005699 0.23219268 0.31100551 0.28607214 0.23610943 0.25042275 1.00000000 0.14494172 0.07437721 0.33979035 0.31784240 0.25346453 0.03083853 0.06101732 0.16331185 -0.00001871 0.13183339 0.02215672 0.14917885 0.16192309 0.09920055 0.13803391 0.00811312 0.13110533 0.08492448 -0.03283175
-0.02405393 0.02317312 -0.04115497 0.09912083 0.04935790 0.06813830 0.00347951 0.09297456 -0.00274608 0.04041251 0.05742381 -0.06130912 0.02956735 0.02380587 -0.00426290 0.13665941 0.00795987 0.03149088 0.10336023 -0.01393312 0.00068546 0.07964978 0.05857991 0.05009930 0.04462395 0.02084843 -0.02258931 0.09933417 -0.03151196 -0.02694215 0.02910255 -0.03924298 -0.02477067 -0.03539749 -0.04822662 0.09649744 -0.05259600 0.09195946 0.03787831 0.08106187 0.02601699 0.01496341 0.05406673 -0.02142048 0.02397733 0.07386304 0.03239287 0.01811676 0.08193187 0.07361865 -0.00347131 0.03133344 0.29567127 0.09674904 0.41754795 0.14583525 0.15509585 0.35641148 0.14494172 1.00000000 0.16786784 0.12294692 0.24626161 0.24491125 0.27079301 0.00259105 -0.02248259 0.02217388 0.10108075 -0.03951409 -0.00197917 0.02741709 0.01812450 0.03545652 -0.02138609 0.16392592 0.02961831 0.09650822
0.08360390 0.05019451 0.04763439 0.06572930 0.06541430 0.09265629 0.04516571 0.03913606 0.08757106 -0.05375793 0.06683508 0.01281443 0.14066786 0.09300136 -0.04506738 0.06035021 0.08514661 -0.00710514 -0.03419356 0.00205998 0.02237159 0.01167541 -0.01615959 -0.01661421 0.02662079 0.05144072 0.02945864 0.00114915 0.00600312 -0.05771160 0.00382146 0.00867576 0.00352096 0.03438021 -0.07261571 0.08278218 0.07735176 0.02820694 0.03702785 -0.08116857 -0.05918696 0.08025586 0.03909930 -0.06233369 -0.08886449 -0.07162248 -0.04250217 0.02994932 0.03202698 0.07290080 -0.08932745 0.01956526 0.28065131 0.19792612 0.21942044 0.14656476 0.20064346 0.15824431 0.07437721 0.16786784 1.00000000 0.09058715 0.20791110 0.23086300 0.32212807 -0.05426413 0.05714207 0.06265894 0.07230888 -0.00673891 -0.08489587 -0.12438977 -0.00209806 -0.01905763 0.08280090 -0.02379289 -0.09691461 0.09640342
0.07644705 0.01501270 0.14818753 -0.00256069 -0.11430918 -0.04819526 -0.05481498 0.01245484 -0.04142304 0.00595403 0.04413390 -0.09031934 0.05532548 0.02927331 0.12820491 -0.04438386 0.00715576 0.00050307 0.01836223 -0.00175291 0.06219041 0.02879277 0.04294452 0.01904877 0.02405961 -0.00928170 -0.01368488 -0.06076652 -0.05867525 0.02020023 -0.05490548 0.06187136 -0.01984089 -0.06464622 -0.03913494 -0.05545632 -0.16706605 0.06706260 -0.00947555 0.16421344 -0.05378131 0.08943036 0.04842919 0.03413305 -0.00791807 0.04431968 -0.02934593 0.06434963 0.06744720 0.13589983 0.03098126 -0.01078308 0.11313658 0.08545273 0.16589167 0.40516113 0.19795013 0.28397294 0.33979035 0.12294692 0.09058715 1.00000000 0.15998335 0.30982844 0.24781490 0.02832459 0.09710772 -0.00043123 0.10314250 0.03611405 0.22339030 0.22257504 0.10777494 0.10422212 0.04910646 0.04425373 0.08877226 -0.04264797
0.05945360 0.08592693 0.04305503 -0.06393792 -0.04986427 0.09256492 -0.05441685 -0.08342199 0.00445794 0.04669596 -0.07808957 -0.08128136 0.10330776 0.05343904 0.04426181 -0.00418439 -0.02214714 0.05997886 0.08940758 -0.03649486 0.12734825 -0.02073303 0.01017927 -0.00747548 0.08222563 0.04632198 -0.00531683 -0.00948014 0.00934848 0.01922336 0.04568223 -0.08441711 -0.13890557 -0.02098164 -0.03092361 0.02725367 -0.04909101 -0.02952621 -0.05332266 -0.01031802 0.08296829 0.03390813 0.09519853 -0.00095540 -0.01120384 -0.04755244 0.03876109 0.10394539 0.02971006 0.12112793 -0.03283955 0.01058674 0.37206295 0.10728136 0.26687490 0.23505969 0.37406348 0.26235359 0.31784240 0.24626161 0.20791110 0.15998335 1.00000000 0.33668817 0.34432209 -0.01919878 -0.04582949 0.06347211 0.06111768 -0.00982282 -0.05791977 0.01774506 0.11241619 0.17582026 0.03171637 0.22090705 -0.03850498 0.16816045
0.04123690 0.14475683 0.09683312 -0.03084971 0.03056471 0.05723387 -0.01319806 0.09277258 0.03802579 0.02507724 -0.04241187 -0.03564964 0.15739735 0.07541913 0.08135340 0.00967396 0.08585288 0.04838985 0.19798463 0.04602197 0.19163690 -0.11477380 0.00780927 0.06733753 0.01718748 -0.02297647 0.08496602 0.04771418 -0.02386008 -0.04189669 0.05445984 -0.07544185 -0.06686075 0.05880500 0.05077492 0.09400571 0.00390463 -0.04804042 0.05530758 0.05867878 0.09476375 0.13475330 0.15034357 0.08566983 -0.06442474 0.00567888 0.01300864 0.05930867 0.09672350 0.15453885 -0.01229256 0.04019611 0.37645902 0.28587532 0.31495596 0.24658282 0.33445679 0.35407217 0.25346453 0.24491125 0.23086300 0.30982844 0.33668817 1.00000000 0.18288007 0.03308208 0.07709815 0.00808497 0.09602204 -0.00567915 0.06741280 0.06075203 -0.00944625 0.15615403 -0.03690711 0.11650421 -0.00549360 -0.06480137
0.13238159 0.07563676 0.15281452 0.04595909 -0.01467633 0.13471701 -0.06410429 0.02938725 0.01893051 0.02169290 0.01488068 0.02207089 0.10303961 0.07350336 0.03106593 0.03657148 -0.00707474 0.02764297 -0.06164549 0.01677455 0.05309366 0.07275486 0.06021650 0.04281921 0.01589312 -0.02312572 -0.09558796 -0.04152108 -0.09766488 -0.03023573 0.01135807 -0.03208494 -0.02848550 -0.07597976 -0.15647372 -0.02247411 -0.16027870 -0.12223793 -0.02496900 0.09563455 -0.04293182 -0.05319844 -0.00708562 -0.03388902 -0.07028477 -0.00990274 -0.04625658 0.06786481 -0.09029284 0.07874732 -0.02442753 0.01437086 0.31553651 0.11038047 0.27901442 0.12933560 0.31617727 0.35361324 0.03083853 0.27079301 0.32212807 0.24781490 0.34432209 0.18288007 1.00000000 -0.07555860 -0.11660102 -0.05804785 0.00890628 0.04001791 -0.13482738 0.01525265 0.02022133 -0.08216850 0.04560834 0.03010439 -0.12464727 0.13162253
-0.05341581 -0.03903637 0.00623360 -0.03832985 0.06871357 -0.07765384 -0.03269436 -0.06379731 -0.00153293 -0.05513698 -0.05887850 -0.02440341 0.00305809 -0.01691971 -0.02058745 0.00265051 -0.05744878 0.02943700 -0.02041372 0.02697612 -0.03778993 0.07732508 -0.00695013 -0.02008895 -0.04675522 -0.00297629 0.05393473 -0.03435917 0.06415042 0.05918813 -0.05955328 0.12073701 0.03624710 -0.01162429 -0.02654525 0.11953223 -0.07975881 0.01484238 -0.07122129 0.03838885 -0.10590632 0.02312637 -0.03409253 0.03257945 -0.00068812 0.10226593 -0.00007806 -0.03485945 0.08984183 0.00564622 -0.08629442 0.03245574 0.02531412 0.09594174 0.01635180 0.07505574 -0.01190668 0.03461305 0.06101732 0.00259105 -0.05426413 0.02832459 -0.01919878 0.03308208 -0.07555860 1.00000000 0.38280391 0.23039061 0.30888209 0.19251377 0.40463876 0.16053168 0.29272876 0.20671463 0.12036569 0.13786973 0.27075585 0.16847093
-0.03398405 0.06219378 -0.00882533 -0.04649681 0.01385168 -0.01777123 -0.02549671 0.07983848 -0.03257454 0.07896933 0.00133083 0.07956058 0.01741448 0.01574577 -0.09733873 -0.06637194 0.01349023 -0.10393076 -0.00680683 0.00893771 -0.04971512 -0.04361554 -0.08224175 -0.03036610 -0.14239804 -0.01566197 0.11143676 -0.00662362 0.04090848 0.16002428 -0.05648971 0.17076907 0.01424721 0.04067617 0.13294832 0.16595455 0.08175873 0.17014335 0.04280421 -0.00463432 -0.04757441 -0.00909070 0.06191060 -0.07314144 0.04717773 0.04030680 -0.07980585 0.03797096 0.05785395 -0.02811726 -0.14071286 0.10186937 0.07469953 0.13735494 0.00353107 0.15715285 0.04815057 -0.00232812 0.16331185 -0.02248259 0.05714207 0.09710772 -0.04582949 0.07709815 -0.11660102 0.38280391 1.00000000 0.23217123 0.22199286 0.31108216 0.52884532 0.25465859 0.16729788 0.45442959 0.08509332 0.22607065 0.43809673 0.05233578
-0.02780451 -0.06792718 -0.04113270 -0.11185998 0.04538345 -0.12970900 -0.03477423 -0.01817170 -0.09434366 -0.01775291 -0.06310893 -0.04966016 -0.04195707 -0.07898977 -0.06669818 0.00889211 -0.04339434 0.07509945 0.03591750 0.04686269 0.03058690 0.03516694 -0.02058493 -0.04396676 -0.00948684 0.06881842 0.10630258 0.02198857 0.12333946 0.01964056 0.02887832 -0.00171184 0.09399074 0.04782941 -0.01162490 0.08388780 0.07504663 0.09583659 0.10075911 -0.05119942 0.03258865 0.08067832 0.07515472 0.06885804 0.06942512 0.02079045 0.01286016 0.05081872 0.10338148 0.11344679 -0.04203519 0.10807358 0.07181357 -0.04439408 -0.03862043 0.00409265 0.03822598 0.01917488 -0.00001871 0.02217388 0.06265894 -0.00043123 0.06347211 0.00808497 -0.05804785 0.23039061 0.23217123 1.00000000 0.20550189 0.27325453 0.22454885 0.24949432 0.23262981 0.20614081 0.27321945 0.26540754 0.23636739 0.19907558
-0.15121336 0.07556068 0.05488403 -0.06572613 0.03022139 -0.03219012 0.06803079 -0.04392923 -0.01238013 0.01669808 0.04606981 0.00266016 0.07030858 0.04030357 0.10951807 -0.01805611 0.02824227 0.11765225 0.08487754 0.01953467 0.09887928 0.06922960 0.13571307 -0.00636632 0.05414527 0.06770826 -0.04816534 -0.11354545 0.02497832 0.09010763 -0.03922672 0.05285306 -0.03232396 -0.08245895 -0.02210846 0.10685015 0.00175679 -0.05784053 0.06990704 0.05902034 -0.06477653 0.03753955 0.09735979 0.06902749 0.06493488 0.03151816 -0.12743139 0.04209329 0.03762245 -0.02950028 -0.05584836 0.04339578 0.05710022 0.20355947 0.12303050 0.15535419 0.00346360 0.18061250 0.13183339 0.10108075 0.07230888 0.10314250 0.06111768 0.09602204 0.00890628 0.30888209 0.22199286 0.20550189 1.00000000 0.10241449 0.36145098 0.18454968 0.08746906 0.28227017 0.15163735 0.08679966 0.36677351 0.04916053
0.06378029 0.05090036 -0.00185184 0.00079322 0.10265748 0.01774979 0.14399493 -0.06082046 -0.03670911 0.07928018 0.04632015 0.05363884 -0.00746344 -0.01767655 -0.06191213 -0.05169149 -0.04845878 -0.04612887 -0.05387334 0.10143324 -0.01248909 -0.06125644 -0.05840758 0.02690076 -0.16070070 -0.07537614 0.05299744 0.01103498 -0.03947269 -0.04715311 0.00734001 0.07372339 -0.00272754 0.03455726 -0.00719280 0.02676506 -0.00267465 0.09697174 0.02838996 0.02705547 -0.07510139 -0.10186017 -0.10881149 -0.09861312 -0.08302980 -0.01613188 -0.01425137 -0.11830900 -0.03126004 -0.08991101 -0.09300808 -0.04821339 0.00563081 0.09550086 -0.10300923 -0.00376459 0.05932238 -0.08445637 0.02215672 -0.03951409 -0.00673891 0.03611405 -0.00982282 -0.00567915 0.04001791 0.19251377 0.31108216 0.27325453 0.10241449 1.00000000 0.18813455 0.13075252 0.32228222 0.25174171 0.10546959 0.22671003 0.18266156 0.15530688
-0.08085261 -0.00500491 0.12715069 -0.03374470 -0.06809094 -0.02563275 -0.10157537 0.00891416 -0.10932734 0.03439380 -0.06180301 -0.08083005 0.06748576 -0.01091888 -0.02113839 0.04657287 -0.07062925 -0.08658746 0.00078539 0.01804904 -0.01358414 0.04148164 -0.09221360 -0.13594088 -0.07686762 -0.01303208 0.06298210 0.04554574 0.06475704 0.20135104 0.10541050 0.20976266 0.08800319 0.03508710 0.01326676 0.19196953 -0.00741276 0.13898995 0.04842126 0.02686520 -0.00272245 0.06583935 0.07932685 0.06075102 0.11112517 -0.00092081 -0.05929667 0.15705291 0.10333820 0.01082664 -0.03959338 0.05169244 -0.03003768 0.12901966 0.00284287 0.27512311 0.01209121 -0.03276154 0.14917885 -0.00197917 -0.08489587 0.22339030 -0.05791977 0.06741280 -0.13482738 0.40463876 0.52884532 0.22454885 0.36145098 0.18813455 1.00000000 0.37004311 0.16903368 0.33310766 0.11662171 0.16602144 0.40740247 -0.12870354
-0.14661120 -0.09033370 -0.04516176 -0.11147982 -0.12155175 -0.11860406 -0.08113901 -0.05410560 -0.12205947 0.02084341 -0.06596390 -0.07753136 -0.03114630 -0.06245885 -0.06472579 -0.04752732 -0.10464281 -0.04383264 0.02019640 -0.00957233 0.02649978 0.00113985 -0.02220257 -0.05477667 -0.02664400 -0.07839113 -0.03181632 0.00491798 -0.05897318 0.08125246 -0.08461127 0.07897848 -0.08097984 -0.10752973 -0.03195956 -0.01714403 -0.02237485 0.01389729 0.05833245 -0.04560239 0.05179213 0.08101174 -0.01112021 0.05407559 0.11306712 0.09887668 -0.04143141 0.09035516 0.07598893 0.02311046 -0.02481100 0.02997369 0.01922439 -0.02522783 0.05833315 0.13366447 0.08783971 0.06451450 0.16192309 0.02741709 -0.12438977 0.22257504 0.01774506 0.06075203 0.01525265 0.16053168 0.25465859 0.24949432 0.18454968 0.13075252 0.37004311 1.00000000 0.22121571 0.23043289 0.22204469 0.21946124 0.35482395 0.01904707
0.13313266 -0.01331810 0.07483934 -0.06454700 -0.05933164 0.01035113 0.02537603 -0.03050303 -0.02913548 0.05326388 0.01793736 -0.08116538 0.00106888 -0.08814026 0.02171379 -0.00770706 -0.08644127 -0.01387394 0.00321437 0.03948566 0.05620599 0.05667882 -0.06741302 -0.07156506 -0.02822482 0.01032805 -0.06054907 -0.02677243 0.02887776 0.02222533 0.04824306 -0.00091395 0.01245408 0.05969230 -0.06383135 0.01057338 -0.06188929 0.07908563 -0.04135864 0.03716548 -0.09239852 0.01624309 -0.04815164 -0.08203704 -0.09045799 0.03958915 0.00223245 -0.06768611 0.01451167 0.01698214 -0.03388035 0.00841191 0.00161347 0.05370004 -0.02434933 0.07480397 0.06745250 -0.01292886 0.09920055 0.01812450 -0.00209806 0.10777494 0.11241619 -0.00944625 0.02022133 0.29272876 0.16729788 0.23262981 0.08746906 0.32228222 0.16903368 0.22121571 1.00000000 0.20689437 0.02832107 0.16002437 0.10624123 0.12960878
-0.09852934 0.01701310 -0.00201053 -0.09301602 0.01833711 -0.00105517 -0.02004233 -0.09455444 -0.03811007 0.01384487 0.05323168 -0.06785896 0.03299876 0.03480511 0.01752172 -0.05021627 -0.05581544 0.03258573 0.06671281 -0.00517526 0.08488054 0.04666871 0.01420177 -0.10441504 -0.02433758 0.09363733 0.01842784 -0.01654344 0.05511045 0.08438422 0.01876980 0.03347421 0.01012993 0.00134696 0.08284364 0.11736139 -0.01567841 0.13449730 -0.02293734 0.07503913 0.01621565 0.02570232 0.11409804 -0.00507003 0.13042498 0.07394121 0.00181470 0.09441921 0.10247320 -0.00110281 -0.02185228 0.11090971 0.14774548 0.07299202 0.08609714 0.11255355 0.05823769 0.14932584 0.13803391 0.03545652 -0.01905763 0.10422212 0.17582026 0.15615403 -0.08216850 0.20671463 0.45442959 0.20614081 0.28227017 0.25174171 0.33310766 0.23043289 0.20689437 1.00000000 0.11481592 0.46168813 0.39911682 0.19848178
-0.00629180 0.01004983 0.01169579 0.01190880 0.05458107 -0.12435425 0.06810718 0.02068936 0.04385801 -0.07168666 0.03763830 0.07329515 0.07239741 -0.01016594 -0.08944537 -0.01764560 0.00615686 -0.00675211 0.00221503 -0.00370143 -0.03629229 -0.01981713 0.01370970 -0.01292870 -0.04892509 0.00508256 0.00012113 -0.11368664 -0.06929811 0.05344806 -0.01874036 0.13005618 0.00519650 -0.00485860 -0.08050336 0.01086448 -0.04081912 -0.01091055 0.05014141 -0.02451154 -0.01830298 0.08830354 0.00000885 0.06210648 0.15531167 0.04283502 0.02854128 0.10045744 -0.00239859 -0.02468395 0.00179082 0.10915981 0.04819010 0.09816287 -0.03367732 0.00268783 0.04895259 -0.05721794 0.00811312 -0.02138609 0.08280090 0.04910646 0.03171637 -0.03690711 0.04560834 0.12036569 0.08509332 0.27321945 0.15163735 0.10546959 0.11662171 0.22204469 0.02832107 0.11481592 1.00000000 0.02979464 0.17422944 0.15812569
-0.08267464 0.06824212 -0.02172847 -0.08618599 0.05571531 0.00873723 0.05702351 -0.01999513 -0.02676271 0.09712814 -0.01997335 -0.01233321 0.08105007 -0.03886890 -0.01574771 -0.02633457 -0.06861356 -0.01902516 0.06136461 -0.07634679 0.06620275 -0.07760151 -0.12113964 -0.04853056 -0.08273415 -0.00893742 0.10844109 0.17916131 0.06806236 0.08813971 0.06677062 0.03495013 0.11492476 0.04557943 0.20499364 0.15574769 0.06063075 0.13512809 0.01257693 0.11703672 0.02652139 0.01954670 0.11131609 0.00561944 0.12690162 0.07893627 0.08432552 0.05644419 0.04859406 0.06956034 0.02010563 0.10635742 0.16033576 -0.00601580 0.08827120 0.01604483 0.10243134 0.15439971 0.13110533 0.16392592 -0.02379289 0.04425373 0.22090705 0.11650421 0.03010439 0.13786973 0.22607065 0.26540754 0.08679966 0.22671003 0.16602144 0.21946124 0.16002437 0.46168813 0.02979464 1.00000000 0.18335327 0.24633260
-0.12157451 -0.06868866 -0.02511479 -0.02120322 0.01369347 -0.09430174 0.00242402 0.03863993 -0.05388649 0.02243401 -0.00106939 -0.08138663 -0.01555631 0.01672620 0.03975607 -0.02000922 0.06526755 -0.00441254 0.01130224 -0.02038297 0.00244311 0.02716902 -0.01395945 -0.00975988 -0.04429833 0.08310773 0.01036288 0.06962341 0.05985003 0.17345541 0.08149482 0.08166761 0.08282513 0.07240052 0.08154871 0.13320266 0.08630778 0.14928049 0.06815917 -0.00937758 0.01867950 0.05394105 0.02477815 -0.01727804 0.08173454 0.06323487 -0.08449717 0.11149333 0.11489631 -0.02089369 -0.03888528 0.03671488 -0.03913944 0.12167927 0.03233622 0.17978972 -0.05657083 -0.04713116 0.08492448 0.02961831 -0.09691461 0.08877226 -0.03850498 -0.00549360 -0.12464727 0.27075585 0.43809673 0.23636739 0.36677351 0.18266156 0.40740247 0.35482395 0.10624123 0.39911682 0.17422944 0.18335327 1.00000000 0.17998578
-0.05867198 -0.00772876 -0.01107687 -0.01498988 0.07121378 -0.05690494 0.05389143 -0.08156861 0.00471495 0.02175821 -0.00788251 0.01504231 -0.06109127 -0.00266001 0.01100559 -0.04348281 -0.00716072 0.08496573 -0.14472411 -0.00912417 -0.05088776 0.04011106 0.01730513 -0.04516697 0.01411653 0.03649980 0.06923354 0.06410041 -0.01329716 0.02634435 0.06240822 0.11536529 0.11600769 0.02177223 0.13084211 0.10247840 0.10270865 0.06745888 0.15121497 0.08162468 0.05998868 0.03516143 0.06269939 0.00777666 0.09888494 0.14182223 0.18432552 0.06397638 0.12943525 0.07141097 -0.01704277 0.17594756 0.09143163 -0.01043477 0.01015568 -0.09976278 0.01497903 0.09042383 -0.03283175 0.09650822 0.09640342 -0.04264797 0.16816045 -0.06480137 0.13162253 0.16847093 0.05233578 0.19907558 0.04916053 0.15530688 -0.12870354 0.01904707 0.12960878 0.19848178 0.15812569 0.24633260 0.17998578 1.00000000
