1.00000000 0.21411744 0.19997718 0.22151884 0.17386783 0.23924922 0.15624780 0.20330347 0.20701652 0.02485783 0.20127989 0.21835130 0.21295241 -0.08147206 -0.02235859 -0.00144267 0.01562256 0.03930928 -0.08431949 -0.07297607 -0.00826496 0.02088742 -0.03562663 0.08164103 0.03271105 -0.04509549 0.03629564 0.05191066 0.02347995 -0.06091362 0.01963553 -0.01510703 0.00725345 0.00689829 0.09463759 0.00302994 -0.02757618 -0.01661119 0.00674515 0.00531547 0.07688136 -0.05184937 0.01724619 0.04552762 0.01490627 0.00661861 -0.01851475 0.09116522 0.00116637 -0.00546743 -0.01964537 0.02066892 -0.05828793 0.02333098 0.01301544 -0.06082161 0.04027159 -0.05900133 0.01643054 0.03002926 0.07269885 -0.02876398 -0.04194764 -0.03762229 -0.05859829 0.02154540 0.00211658 0.00590709 0.00244028 -0.07677150 0.03464337 -0.08609091 -0.02218213 0.02042951 0.01257170 -0.03916938 -0.03925397 0.02866248
0.21411744 1.00000000 0.19410501 0.31957938 0.24126094 0.23622981 0.20245759 0.20241081 0.23250166 0.17728834 0.23636121 0.19637243 0.16358844 -0.02883563 -0.02027679 -0.01337489 0.05608424 0.04686054 0.03489864 -0.02834227 0.01908118 0.05599106 0.08404736 0.02579065 0.03047394 0.03250488 0.01840032 0.00710481 -0.00891892 0.01250801 -0.01699857 -0.00021141 -0.05831782 0.01503853 -0.04392009 -0.01374201 0.03258549 0.02148803 -0.01331804 0.00232198 0.06523163 -0.12163865 -0.05407018 0.06612468 0.03788884 0.03598169 0.05668278 0.01810827 0.01436236 0.09073541 -0.01624301 0.08174243 -0.08628113 0.01654487 -0.00845181 -0.01227341 -0.00515652 0.06929516 0.05467671 0.11071593 -0.01800884 -0.04526738 -0.06307098 -0.02880541 0.02234366 -0.02189366 -0.02496600 -0.02269747 -0.00733168 0.00749162 -0.03335905 0.10062816 -0.06067912 0.05604716 0.00177544 0.04108133 0.12305446 0.03143927
0.19997718 0.19410501 1.00000000 0.24580213 0.08145953 0.23645813 0.17399592 0.14323130 0.17252901 0.25435603 0.20385237 0.15381618 0.12257185 -0.01205950 0.01210113 0.00487696 -0.01522750 -0.02403789 -0.00211057 -0.08372861 -0.00556530 -0.01979242 -0.02390197 -0.01709564 0.01236419 0.01495158 0.02452536 -0.01420247 0.04844625 0.03895563 -0.01977539 0.04784214 -0.09247996 -0.06327211 0.00940448 0.06601922 -0.00469130 -0.03564273 -0.02412863 -0.08794327 0.02032423 -0.03538804 0.01443471 0.02359383 -0.02359883 -0.05289017 0.00847901 -0.01789389 -0.03216046 0.02949446 0.03088372 -0.05611786 0.04412142 0.04788915 0.05132129 -0.02697216 0.03029192 0.02984534 -0.04068970 0.01447594 -0.07155596 -0.05259745 -0.01651728 -0.02215342 -0.03697569 0.00057300 -0.02777154 -0.06755178 -0.05664407 0.04635138 -0.00383832 0.02028133 -0.00824827 0.01429960 -0.00645255 -0.04235626 -0.01882314 -0.00599701
0.22151884 0.31957938 0.24580213 1.00000000 0.17767886 0.29708550 0.34986500 0.09214104 0.13985282 0.18035816 0.33540287 0.07812113 0.14498455 -0.08751254 -0.05873765 -0.07475364 -0.04907709 0.00332658 -0.03953916 -0.05058178 0.00783611 0.01006516 -0.01404325 -0.02484469 0.01811495 -0.02015990 -0.00183795 -0.09781910 -0.00542354 0.02733348 0.03430530 -0.00394808 0.00544698 0.02067109 -0.04185797 0.05966507 0.01459945 0.04524290 -0.02077046 0.03440219 0.14399094 -0.05692247 -0.00557520 0.03198806 0.02261288 0.01153910 0.00319795 0.05510756 0.01288607 -0.04893615 -0.09471754 -0.01706432 -0.04786361 -0.00961537 0.01468740 -0.00877808 -0.02334152 0.01594070 -0.04186358 0.00409322 -0.03435177 -0.03364944 -0.01373011 -0.03582578 0.00449931 0.06340294 -0.05074233 0.00387584 -0.01342290 0.04721309 -0.00403274 0.09795284 -0.02886352 -0.01379289 0.03668227 0.00035204 0.04257363 0.00858010
0.17386783 0.24126094 0.08145953 0.17767886 1.00000000 0.16593570 0.35147032 0.25729681 0.15219195 0.19488160 0.26286907 0.21251836 0.08829344 -0.07526603 0.03346411 -0.06903621 0.09756720 -0.02071968 -0.11621228 -0.08899136 0.07577725 -0.03158432 -0.05916879 0.11382252 0.08134126 -0.01357161 0.05056438 0.04484979 0.02284898 0.02376996 -0.06257394 0.00255521 0.03007821 0.01468081 -0.01908047 0.05145687 0.07123706 0.01508945 0.06671168 0.01382575 -0.00109905 -0.05739399 -0.05167616 0.03485770 0.04787523 0.03307656 0.01219072 -0.02480999 0.00316584 -0.08190625 -0.08265893 0.04835376 -0.04526078 -0.03411669 0.00476889 -0.08024967 -0.09676322 0.04695822 -0.00260415 0.03631844 0.03936256 -0.00266437 -0.06038239 -0.04224620 0.00549495 -0.07273793 -0.08505378 0.02800877 -0.04535300 -0.06521237 -0.02539841 0.07044201 -0.00083888 0.00832927 0.03893184 0.02593580 0.07990088 0.05021085
0.23924922 0.23622981 0.23645813 0.29708550 0.16593570 1.00000000 0.21663698 0.25379666 0.10249162 0.18308521 0.16262815 0.19329439 0.13546097 -0.05301905 -0.00420988 -0.00609440 0.02013368 0.04170244 -0.00752403 -0.05640466 -0.07083386 0.03261978 -0.00096974 -0.02887496 0.08584979 -0.02292185 0.00873009 -0.05627800 0.10257695 -0.04301121 0.02942385 0.02706581 -0.04758075 0.02854787 -0.09700568 0.07688182 0.00719739 0.03029467 0.03804394 0.00499056 0.06714660 -0.02653141 0.06084428 0.09338559 -0.04036048 0.09874128 0.00898848 0.06119866 -0.01842716 0.05631075 0.03425317 0.03366452 0.00178226 -0.05131161 -0.04974199 -0.05923253 0.03101615 0.03913084 -0.03169503 0.01818143 -0.13646699 -0.12879847 0.01798719 -0.08453205 -0.08227437 0.00180237 -0.03089231 -0.08678017 -0.02206123 -0.04339045 -0.02748302 0.03003068 0.01877802 -0.08415581 0.03003957 -0.00329821 0.04302480 0.05232738
0.15624780 0.20245759 0.17399592 0.34986500 0.35147032 0.21663698 1.00000000 0.20552706 0.19061188 0.19753375 0.34600019 0.19253973 0.27762650 -0.12459496 -0.04065982 0.02050525 -0.05435742 0.02136005 -0.03363143 -0.08968110 0.04963105 0.01046396 -0.00907439 -0.02390461 0.03119155 -0.02178113 -0.00903331 0.03250275 -0.01264141 -0.03911024 -0.05121074 -0.03101248 0.00934844 0.00189327 -0.01927020 0.01648557 0.07329399 -0.01482541 -0.03700299 -0.00579336 0.11560695 -0.06151971 -0.03440817 0.13343682 0.00838612 0.07256066 0.03610326 -0.00061565 0.10881181 0.01519023 -0.07661959 0.01729708 -0.02914754 -0.00899688 0.03249582 -0.02403698 -0.01058362 -0.01305481 -0.03391325 -0.01469655 0.05829350 0.00943895 -0.05821221 -0.08433937 -0.03723034 0.03992519 -0.08491359 -0.00477609 -0.01644037 0.02279838 0.04029469 0.08457359 0.00486431 0.04863178 0.06830402 -0.06861936 0.08158254 0.04352644
0.20330347 0.20241081 0.14323130 0.09214104 0.25729681 0.25379666 0.20552706 1.00000000 0.20576604 0.05083039 0.21342129 0.23496827 0.18788715 -0.06015642 -0.01080809 0.00583922 0.00702941 -0.00764059 0.01052817 -0.01923974 0.04269316 0.01111289 -0.02123780 0.05352604 0.00408915 -0.00192940 0.04080247 0.05936320 -0.00277171 -0.11081280 -0.05708002 0.02990911 -0.08048896 0.00296033 -0.05017825 0.02335083 0.09414966 -0.04608247 0.05414802 -0.02201827 -0.03805067 -0.10340776 -0.04425951 0.12083880 -0.10002558 0.12155088 -0.00712169 0.04410638 -0.09631780 0.03641551 -0.02126531 0.03501242 -0.01695697 0.02252708 -0.10417485 -0.07662179 0.07049324 0.06412160 -0.03653079 0.00106026 0.06283548 -0.03261784 -0.01082297 0.02325625 -0.00060159 -0.00302231 -0.00751260 0.10618576 -0.01174914 0.00825580 -0.06553474 0.04418409 -0.01897336 -0.03404378 -0.01241703 -0.03445627 0.03274788 0.01829405
0.20701652 0.23250166 0.17252901 0.13985282 0.15219195 0.10249162 0.19061188 0.20576604 1.00000000 0.12153125 0.15006813 0.20838109 0.39361679 -0.02308694 0.07902675 0.08330150 0.03468988 0.07954943 0.03688352 0.01321762 0.05464122 0.04909083 0.05258456 0.06592781 0.07863121 0.08315234 -0.03463869 0.05204015 0.04368658 -0.01796998 0.02896775 0.08041229 0.00832129 0.01628844 0.06275429 0.05945116 0.06565580 0.05977893 0.05065537 -0.06292034 0.03347223 -0.05571666 0.01658710 0.09007489 0.01864685 0.02918576 0.05950060 0.01245015 0.01264301 0.09717511 0.02191947 0.07525911 0.03738676 -0.00088413 -0.01098613 -0.07280344 0.06826185 -0.03908032 0.03603687 0.03168952 0.04428374 0.04456170 -0.01670956 0.07112946 0.03533776 -0.00173827 0.04460756 0.08820778 0.04082193 0.05863289 0.04367855 0.13707284 0.05066451 0.10164707 0.08306328 0.03048954 0.07210294 0.00941526
0.02485783 0.17728834 0.25435603 0.18035816 0.19488160 0.18308521 0.19753375 0.05083039 0.12153125 1.00000000 0.25028615 0.16775367 0.13011720 -0.11692136 0.07961014 0.02551895 0.04750946 0.06181533 -0.09340431 -0.06192850 -0.03243203 0.08309181 -0.01621490 0.00447182 0.03166281 0.04381444 0.00098436 -0.05227385 0.04665534 0.05878867 -0.01969938 -0.08511887 0.00739119 -0.06109540 -0.00624321 -0.00628784 -0.02729518 0.00577358 -0.08311048 0.01566219 0.03957414 0.01097401 0.02726263 0.01779994 0.05310276 0.07892839 0.03364143 -0.02501466 0.04025930 0.04013082 0.05685340 0.01589425 -0.00146282 0.08875217 0.00494217 0.04534558 0.03727059 0.07172935 0.03135518 -0.02901347 -0.01084872 0.01220791 0.06442684 -0.00940444 -0.04230886 -0.07306275 -0.05608224 0.00486196 -0.01442995 0.06976993 0.00630271 0.07824806 0.01825884 0.06868587 -0.01993730 0.01064052 0.01228576 -0.01234358
0.20127989 0.23636121 0.20385237 0.33540287 0.26286907 0.16262815 0.34600019 0.21342129 0.15006813 0.25028615 1.00000000 0.26731770 0.13644325 0.02298024 0.06825694 0.05230156 -0.02296308 0.02313766 -0.04144877 -0.04319261 0.04600059 0.02158517 -0.07600913 0.04451995 0.04387296 0.09829756 -0.04085141 -0.03961757 -0.01624777 0.04013573 0.05261448 -0.04316274 0.05417384 -0.02760235 -0.00807410 0.02411006 0.08242028 0.02850437 0.00978388 -0.03655566 -0.00421225 -0.04979905 -0.10460848 0.04045881 -0.00171481 -0.04740362 -0.09657267 -0.02003311 0.01417422 -0.04987684 -0.03608374 0.00376742 -0.03046942 -0.05125507 0.08311916 0.00958816 -0.02015491 0.12628398 -0.00240871 0.04912772 0.01572150 0.00665934 0.00402953 -0.02432817 -0.01663018 0.04359116 -0.05043906 0.01905777 0.05900022 -0.03726070 0.05162807 0.07741060 -0.08199491 0.03182213 0.07220890 -0.07082621 0.02694393 0.06760560
0.21835130 0.19637243 0.15381618 0.07812113 0.21251836 0.19329439 0.19253973 0.23496827 0.20838109 0.16775367 0.26731770 1.00000000 0.24171396 -0.10644108 0.04395381 -0.00440789 0.06324650 -0.02416822 -0.08747619 0.02594080 -0.04770089 -0.01461605 -0.02454670 0.06634388 -0.02805889 -0.08212810 0.03281891 0.06258329 -0.00634906 -0.05838139 -0.02799064 -0.04987703 -0.01685533 0.10588185 -0.03226151 0.04981478 0.04161089 -0.05252298 0.13746862 -0.06194728 0.00593665 -0.04040796 -0.06938315 0.02342638 0.05343377 0.02980419 -0.04000375 -0.04819643 -0.03086258 0.01655053 0.03968280 -0.00350527 -0.01131386 -0.08550813 -0.02699999 -0.03991274 -0.01746910 -0.08894513 -0.04739121 0.03476603 -0.04114828 -0.12881214 -0.07523094 -0.02798841 -0.08331414 -0.03747847 0.03560460 0.01094558 -0.00560228 -0.04719487 -0.03035805 0.00243182 -0.01660008 0.08220158 0.01951802 0.02189063 -0.02732883 -0.04045719
0.21295241 0.16358844 0.12257185 0.14498455 0.08829344 0.13546097 0.27762650 0.18788715 0.39361679 0.13011720 0.13644325 0.24171396 1.00000000 -0.05330202 0.02889743 0.00423877 0.01315944 0.07650925 0.02318374 -0.02516894 -0.01418131 0.03547743 -0.00340808 0.01827209 0.09489956 0.04298863 -0.04483594 0.04119230 0.07966195 -0.01998992 0.00596434 0.07433472 0.01348810 -0.00122281 0.08664306 0.02540037 0.04163287 0.06995200 -0.01033959 0.03304047 0.00459396 -0.01154269 0.05998330 0.05791866 0.03396289 0.05105497 -0.01041089 0.06928092 0.04876254 -0.02888060 -0.04064694 0.08236820 0.04672378 0.09318371 0.02880308 -0.02315535 0.07101011 -0.01759075 0.10072698 0.06992803 -0.00972254 0.04262219 -0.00350954 -0.00014686 -0.01864305 0.10109846 -0.06807081 0.06347659 0.06736145 -0.08322210 0.07211089 0.05367139 0.01940907 0.02717147 0.05388163 -0.00672779 0.06059880 0.02493573
-0.08147206 -0.02883563 -0.01205950 -0.08751254 -0.07526603 -0.05301905 -0.12459496 -0.06015642 -0.02308694 -0.11692136 0.02298024 -0.10644108 -0.05330202 1.00000000 0.06035880 0.29647086 0.14039790 0.14897560 0.20894856 0.15659121 0.17317851 0.17527345 0.11798526 0.21018545 0.11328258 0.24363550 0.00112941 -0.02102709 0.02133518 -0.02996477 0.03523244 0.06468617 0.05923873 -0.02554534 0.00685102 0.04245201 0.13277825 0.04506973 -0.01965573 0.02585707 -0.01649703 0.03042831 0.02530523 0.03411686 -0.00702936 -0.00933866 0.02344548 0.11186151 -0.00603914 -0.06454223 0.00603208 0.00930623 0.01322880 -0.07130105 0.02418310 -0.00627023 0.01381921 -0.02590102 -0.00850142 -0.00455470 -0.00872801 -0.00523000 -0.02963114 0.02398429 0.05691634 -0.00722743 0.04784104 -0.00746454 -0.05832642 -0.07837239 -0.04069324 -0.06178207 -0.06274890 -0.03670228 0.03052506 -0.02620535 -0.04502673 -0.05678807
-0.02235859 -0.02027679 0.01210113 -0.05873765 0.03346411 -0.00420988 -0.04065982 -0.01080809 0.07902675 0.07961014 0.06825694 0.04395381 0.02889743 0.06035880 1.00000000 0.13966505 0.19860551 0.16015718 0.13968439 0.25020351 0.15480289 0.09450609 0.13865886 0.23996564 0.26946438 0.11308388 0.02746253 -0.01572777 0.00902023 0.05592709 -0.03201682 0.00075940 -0.01143293 -0.02702298 -0.00381560 0.01169929 -0.01539009 0.00151723 -0.02800014 -0.11500291 -0.04731989 -0.08408352 -0.02257670 -0.07802925 -0.04342621 -0.02677882 0.04052574 -0.01664370 -0.09431897 -0.06143967 -0.01561796 -0.02976820 0.03770358 -0.03347448 0.03108153 0.06767084 -0.00744332 0.08962143 0.03207690 0.02460863 -0.00304605 -0.00928413 -0.00496254 0.00474754 0.00386227 -0.02342494 0.01384544 -0.01140073 0.03010158 -0.04467521 -0.01125879 0.03963370 -0.02380592 -0.06489091 -0.04683244 0.08656517 -0.01063525 0.04137373
-0.00144267 -0.01337489 0.00487696 -0.07475364 -0.06903621 -0.00609440 0.02050525 0.00583922 0.08330150 0.02551895 0.05230156 -0.00440789 0.00423877 0.29647086 0.13966505 1.00000000 0.15481429 0.11793838 0.18385397 0.15791379 0.31692195 0.30092221 0.11905188 0.15093465 0.20956517 0.16174657 0.02165402 0.04167298 -0.07722539 -0.11115173 -0.01513142 0.06576007 0.00256335 0.00750691 0.04265889 -0.01731971 -0.02937448 0.01089177 -0.00562271 -0.01729420 0.02280032 -0.02846428 0.01355118 0.09233678 -0.10387638 0.01689991 -0.00141017 0.02441389 -0.04062626 -0.04764435 -0.00339744 -0.02669144 -0.09022895 0.01892742 -0.04155103 0.04858956 -0.01600656 -0.03952660 -0.00215158 -0.03428852 -0.03954201 -0.08385251 0.01334028 -0.03639875 -0.02091311 -0.05950110 -0.01169949 -0.08226249 0.00435136 0.01825162 -0.05372815 -0.03013013 -0.08758416 -0.04783888 -0.03925387 -0.13031209 -0.02629530 -0.02545371
0.01562256 0.05608424 -0.01522750 -0.04907709 0.09756720 0.02013368 -0.05435742 0.00702941 0.03468988 0.04750946 -0.02296308 0.06324650 0.01315944 0.14039790 0.19860551 0.15481429 1.00000000 0.14605218 0.09202477 0.21648326 0.17295513 0.15485270 0.20787036 0.41828102 0.10248682 0.10689039 0.02806705 0.00686655 0.00156818 -0.12508223 0.00855409 -0.02414825 0.05434836 0.01960635 -0.00376321 0.07705388 0.07998792 0.00290829 0.06150785 0.04080544 0.05736714 -0.00770048 -0.09273496 -0.00036766 -0.02635249 -0.08448627 0.00231016 0.03844785 -0.07178196 -0.07547640 -0.02345259 0.01785633 -0.03902373 -0.05978230 0.01202420 0.01176692 0.01897379 0.01531353 0.03473423 0.02363425 0.04187874 -0.00746257 -0.11743666 0.11705508 -0.02519736 -0.08797265 0.01467008 0.09255944 -0.07712918 -0.05530787 -0.02551465 -0.08882267 -0.01258000 -0.01261789 -0.02492143 0.07660108 -0.07088093 -0.03488893
0.03930928 0.04686054 -0.02403789 0.00332658 -0.02071968 0.04170244 0.02136005 -0.00764059 0.07954943 0.06181533 0.02313766 -0.02416822 0.07650925 0.14897560 0.16015718 0.11793838 0.14605218 1.00000000 0.22473716 0.11013786 0.24370980 0.24581735 0.23263806 0.12825924 0.29623549 0.17607520 -0.01394102 -0.04218374 -0.01604382 -0.01908237 0.00547802 -0.03186331 -0.07670011 -0.08134929 0.01983853 0.00767781 -0.02190053 -0.02511400 -0.03912472 0.03592570 -0.02568400 0.03959692 0.01081823 0.03709943 -0.03081633 -0.00868731 0.01981400 0.06010374 0.00661797 -0.05062502 0.04631907 0.03426461 0.04599605 -0.02974478 -0.02042052 0.00233273 -0.04987913 -0.04403013 -0.02934688 -0.00689878 0.03548640 -0.01662490 0.07560004 0.03240047 0.01607139 0.00851384 0.00071387 -0.03746718 0.07998265 0.05703461 0.02892346 0.03840797 -0.01035638 -0.08070646 -0.05191881 0.06384959 -0.02553523 -0.05414399
-0.08431949 0.03489864 -0.00211057 -0.03953916 -0.11621228 -0.00752403 -0.03363143 0.01052817 0.03688352 -0.09340431 -0.04144877 -0.08747619 0.02318374 0.20894856 0.13968439 0.18385397 0.09202477 0.22473716 1.00000000 0.24875931 0.31226870 0.11492189 0.24966349 0.12795070 0.16376642 0.29063044 -0.04763965 0.03335761 0.06711203 -0.01293270 -0.00997007 0.00820186 -0.04410922 -0.02173384 -0.01903497 0.01248903 0.03382811 0.02777427 -0.02293573 -0.02658209 -0.01055209 -0.00013507 0.01985951 0.04415982 -0.00584281 0.07947151 0.05176744 0.03860074 0.02617377 0.09310320 0.02989087 0.02766964 0.07078852 -0.03338605 -0.01302281 0.00239342 0.07080360 0.01601645 -0.00553976 0.02844404 -0.05119193 -0.06886185 -0.05570511 0.11544298 0.03637412 0.01793075 -0.01119382 -0.02191579 0.03233548 -0.03111061 -0.01638449 0.08799428 0.00386996 -0.05578184 -0.00506967 0.02200747 -0.10606393 0.07397975
-0.07297607 -0.02834227 -0.08372861 -0.05058178 -0.08899136 -0.05640466 -0.08968110 -0.01923974 0.01321762 -0.06192850 -0.04319261 0.02594080 -0.02516894 0.15659121 0.25020351 0.15791379 0.21648326 0.11013786 0.24875931 1.00000000 0.11785438 0.08019208 0.26865609 0.25866315 0.04875047 0.09223503 -0.02689834 -0.03388281 0.00957406 -0.03394585 0.05016487 -0.05465696 0.03842799 0.00993023 0.02257099 0.02976147 0.05241316 0.04687876 0.04861492 -0.04971282 0.02291060 0.01529582 0.05084371 -0.04058925 -0.01180463 -0.02765303 -0.00220990 0.03671430 -0.07488481 0.03614060 -0.02876146 -0.10130945 0.02743006 -0.08627928 0.03099559 0.06266723 0.01037557 0.06606774 0.02348540 0.03150557 0.02020800 -0.01432760 -0.02670398 -0.01088444 0.06267141 0.02586965 0.01835675 -0.02094062 -0.04824985 -0.05475293 0.01151534 -0.03292442 0.02314964 -0.00299451 0.03775003 0.05630456 -0.06495400 0.09253089
-0.00826496 0.01908118 -0.00556530 0.00783611 0.07577725 -0.07083386 0.04963105 0.04269316 0.05464122 -0.03243203 0.04600059 -0.04770089 -0.01418131 0.17317851 0.15480289 0.31692195 0.17295513 0.24370980 0.31226870 0.11785438 1.00000000 0.28330034 0.13353959 0.25838184 0.32641702 0.25828458 0.06159105 0.07532298 -0.06536179 -0.12467701 -0.08152170 -0.03223609 0.03853844 -0.07004490 0.03311537 -0.04771702 0.06770230 -0.01536825 -0.00771113 -0.01209699 0.00637180 0.02376183 -0.08490038 0.03053234 -0.10900737 0.00502200 -0.00523611 0.08613922 -0.10976304 -0.12835212 -0.04732766 -0.01699006 -0.05756156 -0.00997432 -0.05530193 0.00088162 0.02845063 -0.02770422 -0.03591087 -0.04685510 0.01706757 -0.01881263 -0.06104815 -0.01250782 0.01836796 0.05353445 0.06805724 0.00476632 0.06699801 0.00291648 0.00962187 0.07366616 -0.02616051 0.00433290 -0.02667545 0.01195515 0.05026528 0.12412243
0.02088742 0.05599106 -0.01979242 0.01006516 -0.03158432 0.03261978 0.01046396 0.01111289 0.04909083 0.08309181 0.02158517 -0.01461605 0.03547743 0.17527345 0.09450609 0.30092221 0.15485270 0.24581735 0.11492189 0.08019208 0.28330034 1.00000000 0.23955647 0.11843342 0.25182457 0.31504235 0.01969114 -0.00223636 -0.05295137 -0.09406940 -0.02379863 -0.02047256 0.02321504 -0.01816309 -0.02841553 -0.04179412 0.00593626 0.00824942 -0.05510377 -0.00266015 0.00344777 0.02473516 -0.03214280 0.06491433 -0.08599493 0.11816533 0.03143813 0.01305116 -0.04518034 -0.01195711 0.03208937 -0.01100207 -0.03316431 0.00016856 -0.02130228 -0.02666714 0.03672719 0.05818475 -0.00980678 -0.04854339 -0.05967815 -0.08327851 0.03692397 0.04439202 0.00020552 -0.00395369 0.07419984 0.06981292 -0.03128861 0.06737575 0.07323150 0.02081765 -0.04629829 0.02167820 0.00767787 0.03884131 0.01742028 0.05490839
-0.03562663 0.08404736 -0.02390197 -0.01404325 -0.05916879 -0.00096974 -0.00907439 -0.02123780 0.05258456 -0.01621490 -0.07600913 -0.02454670 -0.00340808 0.11798526 0.13865886 0.11905188 0.20787036 0.23263806 0.24966349 0.26865609 0.13353959 0.23955647 1.00000000 0.15131435 0.17675214 0.24253876 0.00343700 -0.06033569 0.07666588 0.05234616 0.02232037 0.08815572 0.02498650 0.00518183 0.05452821 0.08079523 0.00239943 0.02713283 -0.00469061 0.06756739 -0.03807931 0.02142362 0.04498841 0.02091061 0.03534457 0.05544694 0.04069666 0.04067729 -0.05267887 0.00401867 0.03960613 0.05351757 0.03551365 -0.01285659 -0.01547143 0.04783755 0.06468140 0.04852242 0.07073498 0.05363118 0.04112590 -0.02759848 0.03844539 0.13457641 0.06473232 -0.00395254 0.06869638 -0.01374946 0.04160162 0.11909417 0.03428275 0.10180435 0.03365726 0.00607912 0.00705812 0.06798249 -0.06238962 0.05373328
0.08164103 0.02579065 -0.01709564 -0.02484469 0.11382252 -0.02887496 -0.02390461 0.05352604 0.06592781 0.00447182 0.04451995 0.06634388 0.01827209 0.21018545 0.23996564 0.15093465 0.41828102 0.12825924 0.12795070 0.25866315 0.25838184 0.11843342 0.15131435 1.00000000 0.26045950 0.25199515 0.04007808 0.03203424 0.01157723 -0.09813827 0.01140543 -0.03179762 0.03243321 0.03910240 0.03607210 0.06127565 0.08045795 -0.01053690 0.12737248 -0.04880117 0.01933292 -0.02340781 -0.07943058 -0.00290981 -0.00938349 -0.04325250 -0.07062593 0.03223200 -0.07127053 -0.06827417 -0.04033043 0.01999480 0.04364875 -0.05641644 0.04971562 -0.01388246 -0.00909392 0.05214937 -0.04672874 -0.02297165 0.05392454 -0.04041625 -0.03492375 0.09261199 -0.00019131 -0.00471652 -0.00652110 0.05179050 -0.07003372 -0.04872059 -0.07443247 -0.04994369 0.00250391 -0.03319951 -0.02152745 0.05853604 -0.08365765 0.05921677
0.03271105 0.03047394 0.01236419 0.01811495 0.08134126 0.08584979 0.03119155 0.00408915 0.07863121 0.03166281 0.04387296 -0.02805889 0.09489956 0.11328258 0.26946438 0.20956517 0.10248682 0.29623549 0.16376642 0.04875047 0.32641702 0.25182457 0.17675214 0.26045950 1.00000000 0.24250177 -0.00603764 0.04378331 0.00530528 0.04341873 0.01418047 0.03192456 -0.03048625 -0.02568574 0.06746722 0.04389796 0.03242227 -0.02740851 0.00168535 0.00675249 -0.02006382 -0.02616599 0.01057858 -0.00305983 -0.02197301 0.00975639 -0.00518919 0.05379234 -0.04386747 -0.12413244 0.01585270 0.08578257 0.10523031 0.06974096 0.00277530 0.03467142 0.07274461 0.12937044 0.00965266 0.00730849 -0.06672911 -0.01974580 0.06948703 0.05644774 0.08268390 0.02171291 -0.02902864 0.01985171 0.12394879 -0.09541236 0.02791631 0.03875757 0.00358554 -0.09986819 0.03440317 0.02470031 0.05006356 0.01283806
-0.04509549 0.03250488 0.01495158 -0.02015990 -0.01357161 -0.02292185 -0.02178113 -0.00192940 0.08315234 0.04381444 0.09829756 -0.08212810 0.04298863 0.24363550 0.11308388 0.16174657 0.10689039 0.17607520 0.29063044 0.09223503 0.25828458 0.31504235 0.24253876 0.25199515 0.24250177 1.00000000 -0.00680922 0.00125919 0.09164350 0.04050376 -0.01431980 0.01378678 0.03387405 -0.06785416 -0.02198605 0.02390593 0.03572778 0.02953243 -0.01934849 -0.01754454 0.04424277 -0.01863844 0.02120002 0.01063797 -0.03792753 -0.01901471 0.02344553 0.03467435 0.05880838 -0.01819160 0.10534683 0.00267098 0.04947961 -0.02693007 0.00027223 0.02010800 0.05265844 0.10692159 0.03894386 0.03755219 -0.01793582 -0.01518291 0.06798280 0.03815335 0.05439308 -0.05032309 -0.02429064 0.03451559 -0.02279421 0.02339835 -0.01261616 0.06682670 -0.04771304 0.04242500 0.11678043 0.01227708 -0.01745807 0.10080005
0.03629564 0.01840032 0.02452536 -0.00183795 0.05056438 0.00873009 -0.00903331 0.04080247 -0.03463869 0.00098436 -0.04085141 0.03281891 -0.04483594 0.00112941 0.02746253 0.02165402 0.02806705 -0.01394102 -0.04763965 -0.02689834 0.06159105 0.01969114 0.00343700 0.04007808 -0.00603764 -0.00680922 1.00000000 0.29085921 0.18737572 0.15690874 0.05077194 0.16674613 0.20562554 0.27993406 0.10115838 0.14952694 0.20760108 0.12648257 0.28652293 0.05820798 0.01380577 -0.07898153 -0.01646718 -0.01889027 -0.01714787 0.02825337 0.05200461 -0.01607704 -0.07394652 -0.03516158 0.01880038 0.02408967 -0.00006666 0.00831930 -0.06002676 0.03421294 -0.12085646 -0.05530842 0.00010227 0.01014307 -0.06872636 -0.09334244 -0.02250503 -0.09142843 -0.06374544 -0.06675221 -0.03505200 -0.11828127 -0.05536534 -0.04657638 0.01584727 -0.01065723 -0.04217379 -0.05869160 -0.01860956 -0.07772016 -0.07820371 -0.09663220
0.05191066 0.00710481 -0.01420247 -0.09781910 0.04484979 -0.05627800 0.03250275 0.05936320 0.05204015 -0.05227385 -0.03961757 0.06258329 0.04119230 -0.02102709 -0.01572777 0.04167298 0.00686655 -0.04218374 0.03335761 -0.03388281 0.07532298 -0.00223636 -0.06033569 0.03203424 0.04378331 0.00125919 0.29085921 1.00000000 0.10521889 0.16575183 0.11297707 0.20820016 0.11239673 0.22113198 0.30150843 0.20052123 0.22759075 0.15029752 0.28516855 -0.02518800 0.03877411 -0.00368165 0.03911214 0.05751230 0.00820812 0.02967028 0.00096721 0.06244486 0.08919984 -0.04554658 -0.02216328 -0.01770727 0.00394858 0.03046623 -0.04606708 -0.01309002 0.00425541 -0.02535439 -0.01771460 0.07039441 0.01548779 -0.03469800 0.01863098 0.03450209 0.03887068 -0.04315626 -0.03405088 0.03706681 -0.04111603 -0.07795632 0.02689167 0.01369713 -0.01392837 -0.02141134 -0.00336201 -0.06036936 -0.02051759 -0.04318189
0.02347995 -0.00891892 0.04844625 -0.00542354 0.02284898 0.10257695 -0.01264141 -0.00277171 0.04368658 0.04665534 -0.01624777 -0.00634906 0.07966195 0.02133518 0.00902023 -0.07722539 0.00156818 -0.01604382 0.06711203 0.00957406 -0.06536179 -0.05295137 0.07666588 0.01157723 0.00530528 0.09164350 0.18737572 0.10521889 1.00000000 0.25326288 0.21719466 0.21357442 0.23956570 0.21260867 0.16882568 0.28314511 0.16180576 0.17510912 0.10303183 0.03389992 -0.07641156 -0.01986068 0.06018185 -0.06451376 0.01388348 0.03788496 0.05596111 0.01088649 0.01093246 0.00069845 0.01030828 -0.00497102 0.04462622 0.00080471 0.08578127 -0.03138021 0.00328077 0.11949003 0.05868614 0.07507172 -0.03346965 -0.00919443 0.07184983 0.06413475 0.01424800 0.07004402 0.00512418 0.03520217 0.00982415 -0.14311427 0.02481112 0.09012426 0.03296607 -0.02113791 0.05648081 0.06585150 -0.02346659 -0.01078069
-0.06091362 0.01250801 0.03895563 0.02733348 0.02376996 -0.04301121 -0.03911024 -0.11081280 -0.01796998 0.05878867 0.04013573 -0.05838139 -0.01998992 -0.02996477 0.05592709 -0.11115173 -0.12508223 -0.01908237 -0.01293270 -0.03394585 -0.12467701 -0.09406940 0.05234616 -0.09813827 0.04341873 0.04050376 0.15690874 0.16575183 0.25326288 1.00000000 0.24651837 0.16076174 0.21901336 0.13960951 0.20505288 0.20983588 0.11186350 0.22452242 0.01687976 -0.09260388 -0.05456898 -0.00392808 0.03942404 -0.03713696 0.06959539 -0.02245806 0.01299627 -0.08004794 0.06094564 0.00297354 0.03868791 -0.02405804 0.07099521 0.08361083 0.06015287 0.04773379 -0.00950746 0.04886750 -0.00743993 0.05056329 -0.05001186 0.00028127 0.11874568 0.00934883 0.09264532 0.03103620 0.04566778 -0.10448373 0.11142959 -0.06382535 0.01395554 0.13219226 0.06253619 0.04173680 0.02933938 0.02010323 0.04182825 -0.04125689
0.01963553 -0.01699857 -0.01977539 0.03430530 -0.06257394 0.02942385 -0.05121074 -0.05708002 0.02896775 -0.01969938 0.05261448 -0.02799064 0.00596434 0.03523244 -0.03201682 -0.01513142 0.00855409 0.00547802 -0.00997007 0.05016487 -0.08152170 -0.02379863 0.02232037 0.01140543 0.01418047 -0.01431980 0.05077194 0.11297707 0.21719466 0.24651837 1.00000000 0.18704094 0.28533392 0.24845646 0.17563158 0.21457655 0.19274430 0.24641998 0.16631812 -0.03617461 -0.09338413 -0.04911085 -0.00552410 -0.06557384 0.08008036 -0.11979421 -0.07869026 -0.05252372 -0.06002909 -0.07410676 -0.01954266 -0.09741515 -0.02104146 -0.02719750 0.05606641 -0.02315774 -0.06002417 0.02772588 0.01000681 0.01316398 0.04532447 0.01764234 0.06879543 -0.03482278 0.00305867 0.03210109 0.06548194 0.07494785 0.08583814 -0.11507877 0.01344295 0.00182478 0.01514687 0.05941662 0.04004946 -0.00572839 0.02705984 0.00959981
-0.01510703 -0.00021141 0.04784214 -0.00394808 0.00255521 0.02706581 -0.03101248 0.02990911 0.08041229 -0.08511887 -0.04316274 -0.04987703 0.07433472 0.06468617 0.00075940 0.06576007 -0.02414825 -0.03186331 0.00820186 -0.05465696 -0.03223609 -0.02047256 0.08815572 -0.03179762 0.03192456 0.01378678 0.16674613 0.20820016 0.21357442 0.16076174 0.18704094 1.00000000 0.14611163 0.19136915 0.18763156 0.08093229 0.09497712 0.21837599 0.11568684 -0.03704125 -0.05838282 -0.04565202 0.03022154 -0.02017050 -0.04261230 -0.04464202 -0.04700373 0.06056437 -0.03117084 -0.05061618 -0.02105248 -0.03871882 -0.05692043 -0.03977948 -0.05614063 0.02514701 -0.02311208 0.02142273 0.02214682 0.02002595 -0.02619779 0.01090149 0.06626778 0.03970249 -0.04624661 0.00611500 0.06823053 -0.00965281 -0.03033422 -0.09765462 0.05035522 0.05553082 0.08219134 -0.08647784 -0.00456284 -0.05279648 0.04025289 -0.03753814
0.00725345 -0.05831782 -0.09247996 0.00544698 0.03007821 -0.04758075 0.00934844 -0.08048896 0.00832129 0.00739119 0.05417384 -0.01685533 0.01348810 0.05923873 -0.01143293 0.00256335 0.05434836 -0.07670011 -0.04410922 0.03842799 0.03853844 0.02321504 0.02498650 0.03243321 -0.03048625 0.03387405 0.20562554 0.11239673 0.23956570 0.21901336 0.28533392 0.14611163 1.00000000 0.28889721 0.17048667 0.18459530 0.26779814 0.25326743 0.12602345 -0.02139674 -0.01464940 -0.02311558 -0.03544863 -0.06471285 -0.02576294 -0.02935659 -0.11366238 0.04879580 -0.00595123 -0.05072528 0.02053094 -0.06606438 -0.04804946 -0.01926093 0.04848447 -0.00393342 -0.03630647 0.02330592 -0.02266647 0.06303380 0.01517137 -0.04167472 0.00058059 -0.03501623 -0.00211038 -0.00141540 0.08021063 -0.01182718 -0.00115927 -0.08934055 -0.00793224 -0.05124867 -0.01321753 0.06984832 0.00826555 0.02080987 0.02372596 -0.03856515
0.00689829 0.01503853 -0.06327211 0.02067109 0.01468081 0.02854787 0.00189327 0.00296033 0.01628844 -0.06109540 -0.02760235 0.10588185 -0.00122281 -0.02554534 -0.02702298 0.00750691 0.01960635 -0.08134929 -0.02173384 0.00993023 -0.07004490 -0.01816309 0.00518183 0.03910240 -0.02568574 -0.06785416 0.27993406 0.22113198 0.21260867 0.13960951 0.24845646 0.19136915 0.28889721 1.00000000 0.09744365 0.18844567 0.10226133 0.20012678 0.30279639 0.03132638 -0.01981021 -0.02345814 -0.06922070 0.05021362 0.03891743 -0.03165176 -0.04573747 -0.06023170 -0.06003034 -0.03055168 -0.00231465 -0.00269885 -0.01025740 -0.05591951 -0.00888761 0.03299966 -0.02811893 -0.03466804 -0.06913662 0.02388730 0.00140612 -0.05003647 0.00013695 -0.01138951 -0.08219200 -0.07611897 0.02328875 -0.02879096 -0.02500221 -0.03248660 -0.00231529 0.00561441 0.00884849 -0.02249794 0.07287158 -0.03293144 0.00672180 -0.02820511
0.09463759 -0.04392009 0.00940448 -0.04185797 -0.01908047 -0.09700568 -0.01927020 -0.05017825 0.06275429 -0.00624321 -0.00807410 -0.03226151 0.08664306 0.00685102 -0.00381560 0.04265889 -0.00376321 0.01983853 -0.01903497 0.02257099 0.03311537 -0.02841553 0.05452821 0.03607210 0.06746722 -0.02198605 0.10115838 0.30150843 0.16882568 0.20505288 0.17563158 0.18763156 0.17048667 0.09744365 1.00000000 0.15216958 0.32745794 0.17106844 0.12483075 -0.07551704 0.00390419 0.03352230 -0.00723061 0.01994233 -0.05264918 -0.11793668 -0.07657946 0.03574532 0.06415874 -0.01052276 -0.04486539 0.03155190 -0.06245309 0.03410641 0.01763696 -0.02170841 -0.05036032 0.01332771 -0.00733056 0.00927993 -0.02549517 0.03083638 0.00570285 0.02754404 0.00576014 0.03091600 -0.02179429 0.07938188 0.08417590 0.02423302 -0.00281034 0.02434152 0.04018747 0.01046001 0.08082240 -0.02536156 -0.02131040 0.02344629
0.00302994 -0.01374201 0.06601922 0.05966507 0.05145687 0.07688182 0.01648557 0.02335083 0.05945116 -0.00628784 0.02411006 0.04981478 0.02540037 0.04245201 0.01169929 -0.01731971 0.07705388 0.00767781 0.01248903 0.02976147 -0.04771702 -0.04179412 0.08079523 0.06127565 0.04389796 0.02390593 0.14952694 0.20052123 0.28314511 0.20983588 0.21457655 0.08093229 0.18459530 0.18844567 0.15216958 1.00000000 0.20279070 0.15385245 0.27227472 -0.03188436 -0.00318698 -0.08254178 -0.01982144 0.03487237 0.01323183 0.00085435 0.03419962 0.03432919 0.04042989 -0.03498360 0.02324676 -0.01064426 0.00386170 -0.06715966 0.01966086 -0.04476380 -0.01015294 0.02024364 -0.01812154 -0.00570508 0.00265622 0.04991831 0.06977631 0.08515070 -0.00130583 -0.01772043 -0.01459272 0.04309881 -0.01965085 -0.05254977 -0.00772909 0.04927791 -0.00079112 0.04420108 0.08720651 -0.03360145 -0.03011224 -0.04750920
-0.02757618 0.03258549 -0.00469130 0.01459945 0.07123706 0.00719739 0.07329399 0.09414966 0.06565580 -0.02729518 0.08242028 0.04161089 0.04163287 0.13277825 -0.01539009 -0.02937448 0.07998792 -0.02190053 0.03382811 0.05241316 0.06770230 0.00593626 0.00239943 0.08045795 0.03242227 0.03572778 0.20760108 0.22759075 0.16180576 0.11186350 0.19274430 0.09497712 0.26779814 0.10226133 0.32745794 0.20279070 1.00000000 0.21793192 0.17464286 -0.01984462 -0.00849965 -0.00046025 -0.03782101 0.04944560 0.00782752 -0.01461994 -0.06353564 0.10199744 0.01230571 0.01500073 -0.01836084 -0.01620106 -0.02718569 -0.00331688 0.01908073 -0.03011201 -0.00824048 0.08135641 -0.00301232 -0.00441005 -0.07220124 0.02717952 -0.01893400 0.04813682 0.00264902 0.00057087 0.02296486 0.02897800 0.05196043 0.00974105 0.02449191 0.03082473 -0.06755903 0.04408305 0.09948295 0.03991116 0.05827522 0.01049534
-0.01661119 0.02148803 -0.03564273 0.04524290 0.01508945 0.03029467 -0.01482541 -0.04608247 0.05977893 0.00577358 0.02850437 -0.05252298 0.06995200 0.04506973 0.00151723 0.01089177 0.00290829 -0.02511400 0.02777427 0.04687876 -0.01536825 0.00824942 0.02713283 -0.01053690 -0.02740851 0.02953243 0.12648257 0.15029752 0.17510912 0.22452242 0.24641998 0.21837599 0.25326743 0.20012678 0.17106844 0.15385245 0.21793192 1.00000000 0.22095253 -0.05669934 0.01540764 0.01054281 0.04740501 -0.04354812 0.06705241 0.00588144 0.00365603 0.00324644 -0.02813550 -0.01602743 0.00379374 0.03892722 -0.01343179 0.00727399 -0.01347730 -0.02937477 -0.03886512 0.07944402 0.04763492 0.03704711 -0.00015930 0.00993003 0.06160397 -0.00891898 -0.00292850 -0.05069823 0.00510070 -0.04595445 0.00381696 0.00147713 0.07275218 -0.02383172 -0.02309991 0.05524353 0.05478639 -0.00180554 -0.02451407 -0.00804971
0.00674515 -0.01331804 -0.02412863 -0.02077046 0.06671168 0.03804394 -0.03700299 0.05414802 0.05065537 -0.08311048 0.00978388 0.13746862 -0.01033959 -0.01965573 -0.02800014 -0.00562271 0.06150785 -0.03912472 -0.02293573 0.04861492 -0.00771113 -0.05510377 -0.00469061 0.12737248 0.00168535 -0.01934849 0.28652293 0.28516855 0.10303183 0.01687976 0.16631812 0.11568684 0.12602345 0.30279639 0.12483075 0.27227472 0.17464286 0.22095253 1.00000000 -0.06407189 -0.00816346 -0.05729373 -0.10262127 0.04272912 0.05253685 0.01280129 -0.01538055 -0.01096754 -0.08090012 0.01743851 -0.00834637 0.01575103 0.01341238 -0.03426653 -0.01081816 0.01017848 -0.05607737 -0.00506813 0.02271340 0.01690698 -0.04765101 -0.00148899 0.00599021 0.02529907 0.02634843 -0.12753347 -0.06533016 0.02228495 -0.03073555 0.00147764 -0.05429076 -0.06671073 -0.01426058 0.02907206 0.05127953 -0.04901629 -0.10151474 -0.01400257
0.00531547 0.00232198 -0.08794327 0.03440219 0.01382575 0.00499056 -0.00579336 -0.02201827 -0.06292034 0.01566219 -0.03655566 -0.06194728 0.03304047 0.02585707 -0.11500291 -0.01729420 0.04080544 0.03592570 -0.02658209 -0.04971282 -0.01209699 -0.00266015 0.06756739 -0.04880117 0.00675249 -0.01754454 0.05820798 -0.02518800 0.03389992 -0.09260388 -0.03617461 -0.03704125 -0.02139674 0.03132638 -0.07551704 -0.03188436 -0.01984462 -0.05669934 -0.06407189 1.00000000 0.20943174 0.19343235 0.08760711 0.09499910 0.18332967 0.15493549 0.26477339 0.17226775 0.02387834 0.08590537 0.13410549 0.22199515 -0.01938693 -0.01013652 -0.04577588 -0.01087301 -0.03982990 -0.02492483 0.03110351 0.04136171 0.00540636 -0.00036472 -0.00072119 0.00416527 -0.00620510 -0.01729793 -0.03002755 -0.02596951 -0.02692161 -0.01434772 0.03158686 0.04314452 -0.11132319 -0.01413295 -0.07568417 0.03318328 -0.07795838 -0.07425606
0.07688136 0.06523163 0.02032423 0.14399094 -0.00109905 0.06714660 0.11560695 -0.03805067 0.03347223 0.03957414 -0.00421225 0.00593665 0.00459396 -0.01649703 -0.04731989 0.02280032 0.05736714 -0.02568400 -0.01055209 0.02291060 0.00637180 0.00344777 -0.03807931 0.01933292 -0.02006382 0.04424277 0.01380577 0.03877411 -0.07641156 -0.05456898 -0.09338413 -0.05838282 -0.01464940 -0.01981021 0.00390419 -0.00318698 -0.00849965 0.01540764 -0.00816346 0.20943174 1.00000000 0.22952695 0.19154135 0.18974260 0.18767788 0.09443845 0.23404298 0.24346575 0.21800254 0.19484010 0.15620936 0.19230594 -0.04343217 -0.02454668 -0.02569631 -0.08318006 0.02557045 -0.06449823 -0.04105558 -0.04431393 0.00499169 -0.04448158 -0.07808092 -0.03407296 -0.02331971 -0.01511147 -0.02997437 -0.00431862 -0.06508641 0.07282582 -0.00098950 -0.06689885 -0.03175205 0.06485020 -0.00239433 0.04718661 -0.12719920 0.03200120
-0.05184937 -0.12163865 -0.03538804 -0.05692247 -0.05739399 -0.02653141 -0.06151971 -0.10340776 -0.05571666 0.01097401 -0.04979905 -0.04040796 -0.01154269 0.03042831 -0.08408352 -0.02846428 -0.00770048 0.03959692 -0.00013507 0.01529582 0.02376183 0.02473516 0.02142362 -0.02340781 -0.02616599 -0.01863844 -0.07898153 -0.00368165 -0.01986068 -0.00392808 -0.04911085 -0.04565202 -0.02311558 -0.02345814 0.03352230 -0.08254178 -0.00046025 0.01054281 -0.05729373 0.19343235 0.22952695 1.00000000 0.19383676 0.07154994 0.17091051 0.11104653 0.15620492 0.17917378 0.28714491 0.17303401 0.25667281 0.11282748 0.06620727 0.02407630 -0.01986168 0.08193875 0.03442190 0.02198774 0.02458150 -0.02749871 0.00058886 0.03899093 0.07108253 0.05102607 0.03454076 -0.08962334 -0.04676392 -0.03702255 -0.00705748 0.03612954 0.03333223 -0.02129182 -0.02973325 -0.02728725 -0.03481090 0.00940998 -0.11173287 -0.05766594
0.01724619 -0.05407018 0.01443471 -0.00557520 -0.05167616 0.06084428 -0.03440817 -0.04425951 0.01658710 0.02726263 -0.10460848 -0.06938315 0.05998330 0.02530523 -0.02257670 0.01355118 -0.09273496 0.01081823 0.01985951 0.05084371 -0.08490038 -0.03214280 0.04498841 -0.07943058 0.01057858 0.02120002 -0.01646718 0.03911214 0.06018185 0.03942404 -0.00552410 0.03022154 -0.03544863 -0.06922070 -0.00723061 -0.01982144 -0.03782101 0.04740501 -0.10262127 0.08760711 0.19154135 0.19383676 1.00000000 0.16268946 0.18799121 0.29612593 0.20731179 0.11227777 0.25130906 0.18148034 0.00835218 0.10105861 -0.03259617 0.00480306 -0.02128601 -0.02704730 0.01739093 -0.01713162 -0.00175483 -0.02428216 -0.07909878 -0.03170030 0.03245104 -0.03529480 0.00744378 0.02610552 -0.03725632 -0.06034407 -0.06292021 0.00159013 0.04480933 -0.02184381 0.04771066 0.00447967 -0.01877171 0.01833343 -0.03848485 -0.01557721
0.04552762 0.06612468 0.02359383 0.03198806 0.03485770 0.09338559 0.13343682 0.12083880 0.09007489 0.01779994 0.04045881 0.02342638 0.05791866 0.03411686 -0.07802925 0.09233678 -0.00036766 0.03709943 0.04415982 -0.04058925 0.03053234 0.06491433 0.02091061 -0.00290981 -0.00305983 0.01063797 -0.01889027 0.05751230 -0.06451376 -0.03713696 -0.06557384 -0.02017050 -0.06471285 0.05021362 0.01994233 0.03487237 0.04944560 -0.04354812 0.04272912 0.09499910 0.18974260 0.07154994 0.16268946 1.00000000 -0.00608167 0.31455213 0.25254156 0.12962266 0.16703056 0.18127470 0.06650947 0.18076309 0.04086247 -0.01200536 -0.07214172 -0.06309340 0.01110791 -0.03693164 -0.01419342 -0.05353410 0.02579345 0.01757042 -0.02710845 0.02869238 0.01021622 0.01276942 0.06851304 0.06330750 0.01825122 0.13459987 -0.02794450 0.05843245 -0.03437155 0.01368067 0.04229770 -0.01600653 0.00740740 0.01062523
0.01490627 0.03788884 -0.02359883 0.02261288 0.04787523 -0.04036048 0.00838612 -0.10002558 0.01864685 0.05310276 -0.00171481 0.05343377 0.03396289 -0.00702936 -0.04342621 -0.10387638 -0.02635249 -0.03081633 -0.00584281 -0.01180463 -0.10900737 -0.08599493 0.03534457 -0.00938349 -0.02197301 -0.03792753 -0.01714787 0.00820812 0.01388348 0.06959539 0.08008036 -0.04261230 -0.02576294 0.03891743 -0.05264918 0.01323183 0.00782752 0.06705241 0.05253685 0.18332967 0.18767788 0.17091051 0.18799121 -0.00608167 1.00000000 0.05314769 0.23778287 0.08598545 0.11837078 0.08544753 0.13642953 0.11214715 0.00693113 -0.09160388 0.12191922 0.04567841 0.03561891 0.01742352 -0.00111364 0.09952663 0.05765193 0.03070329 -0.00668277 0.01624189 0.04009680 -0.02408654 -0.08044298 -0.00507636 0.04110598 -0.06717780 0.07070079 -0.05137436 0.01984296 0.12421064 0.02235176 0.06635803 -0.04593367 -0.03545732
0.00661861 0.03598169 -0.05289017 0.01153910 0.03307656 0.09874128 0.07256066 0.12155088 0.02918576 0.07892839 -0.04740362 0.02980419 0.05105497 -0.00933866 -0.02677882 0.01689991 -0.08448627 -0.00868731 0.07947151 -0.02765303 0.00502200 0.11816533 0.05544694 -0.04325250 0.00975639 -0.01901471 0.02825337 0.02967028 0.03788496 -0.02245806 -0.11979421 -0.04464202 -0.02935659 -0.03165176 -0.11793668 0.00085435 -0.01461994 0.00588144 0.01280129 0.15493549 0.09443845 0.11104653 0.29612593 0.31455213 0.05314769 1.00000000 0.23978835 0.10534508 0.23134309 0.19200111 0.09348640 0.20353069 -0.00432997 0.04176403 -0.08879398 -0.08653606 -0.05450760 -0.07673373 -0.03727485 -0.05832400 -0.05483830 -0.14371906 0.08125130 -0.02034083 -0.05211138 -0.01671542 -0.03119331 -0.05666126 0.01579072 0.13200461 -0.04849712 0.07008267 0.03305888 -0.02267022 -0.02012012 -0.05284084 -0.05278445 -0.07840646
-0.01851475 0.05668278 0.00847901 0.00319795 0.01219072 0.00898848 0.03610326 -0.00712169 0.05950060 0.03364143 -0.09657267 -0.04000375 -0.01041089 0.02344548 0.04052574 -0.00141017 0.00231016 0.01981400 0.05176744 -0.00220990 -0.00523611 0.03143813 0.04069666 -0.07062593 -0.00518919 0.02344553 0.05200461 0.00096721 0.05596111 0.01299627 -0.07869026 -0.04700373 -0.11366238 -0.04573747 -0.07657946 0.03419962 -0.06353564 0.00365603 -0.01538055 0.26477339 0.23404298 0.15620492 0.20731179 0.25254156 0.23778287 0.23978835 1.00000000 0.06674411 0.19010428 0.22153525 0.22392812 0.18349465 0.04460639 0.02298069 0.01395753 -0.01523560 0.03488373 -0.01981252 0.01924907 0.03944932 0.00732360 -0.04716405 -0.02128343 -0.02326448 0.05754468 -0.00993252 -0.08283007 0.02956631 -0.00275059 0.06032778 -0.01635870 0.05074348 0.03444231 0.07515865 -0.05143563 0.07157875 -0.10562545 -0.08074017
0.09116522 0.01810827 -0.01789389 0.05510756 -0.02480999 0.06119866 -0.00061565 0.04410638 0.01245015 -0.02501466 -0.02003311 -0.04819643 0.06928092 0.11186151 -0.01664370 0.02441389 0.03844785 0.06010374 0.03860074 0.03671430 0.08613922 0.01305116 0.04067729 0.03223200 0.05379234 0.03467435 -0.01607704 0.06244486 0.01088649 -0.08004794 -0.05252372 0.06056437 0.04879580 -0.06023170 0.03574532 0.03432919 0.10199744 0.00324644 -0.01096754 0.17226775 0.24346575 0.17917378 0.11227777 0.12962266 0.08598545 0.10534508 0.06674411 1.00000000 0.08460414 0.16278419 0.12687986 0.24270312 -0.00125944 -0.04086499 0.04056632 0.02503915 0.06729377 0.02368013 0.05432247 0.03614575 -0.01203619 0.03250207 -0.00485085 0.00590070 0.05627586 -0.04849807 -0.01726585 0.01045577 0.02763724 -0.01100472 0.02130450 -0.09704852 -0.07407912 -0.06800783 -0.06937625 0.00026111 -0.03985823 -0.00972380
0.00116637 0.01436236 -0.03216046 0.01288607 0.00316584 -0.01842716 0.10881181 -0.09631780 0.01264301 0.04025930 0.01417422 -0.03086258 0.04876254 -0.00603914 -0.09431897 -0.04062626 -0.07178196 0.00661797 0.02617377 -0.07488481 -0.10976304 -0.04518034 -0.05267887 -0.07127053 -0.04386747 0.05880838 -0.07394652 0.08919984 0.01093246 0.06094564 -0.06002909 -0.03117084 -0.00595123 -0.06003034 0.06415874 0.04042989 0.01230571 -0.02813550 -0.08090012 0.02387834 0.21800254 0.28714491 0.25130906 0.16703056 0.11837078 0.23134309 0.19010428 0.08460414 1.00000000 0.28335082 0.23882436 0.13206293 -0.05647442 -0.00856131 0.00057157 -0.04043341 -0.02978217 -0.01786639 0.01794461 -0.04510119 0.00340104 -0.00047926 -0.01016732 -0.01844113 -0.00525213 0.00089999 -0.09516222 0.03440787 -0.02179091 0.05543753 -0.02378844 0.06104411 0.05311930 0.06776040 0.02893405 -0.00062041 -0.05212264 0.01752434
-0.00546743 0.09073541 0.02949446 -0.04893615 -0.08190625 0.05631075 0.01519023 0.03641551 0.09717511 0.04013082 -0.04987684 0.01655053 -0.02888060 -0.06454223 -0.06143967 -0.04764435 -0.07547640 -0.05062502 0.09310320 0.03614060 -0.12835212 -0.01195711 0.00401867 -0.06827417 -0.12413244 -0.01819160 -0.03516158 -0.04554658 0.00069845 0.00297354 -0.07410676 -0.05061618 -0.05072528 -0.03055168 -0.01052276 -0.03498360 0.01500073 -0.01602743 0.01743851 0.08590537 0.19484010 0.17303401 0.18148034 0.18127470 0.08544753 0.19200111 0.22153525 0.16278419 0.28335082 1.00000000 0.26910426 0.11291837 -0.02412915 0.00034898 -0.04219824 -0.02240894 0.00671660 0.04355429 0.00166830 -0.01270479 -0.05460202 -0.09809786 0.00198215 -0.02774617 0.00407665 -0.04173898 0.00020767 -0.01356488 -0.04505892 0.11113711 0.06668903 -0.00854056 0.05616893 0.07221878 -0.03739972 0.02447334 -0.01150035 0.01899300
-0.01964537 -0.01624301 0.03088372 -0.09471754 -0.08265893 0.03425317 -0.07661959 -0.02126531 0.02191947 0.05685340 -0.03608374 0.03968280 -0.04064694 0.00603208 -0.01561796 -0.00339744 -0.02345259 0.04631907 0.02989087 -0.02876146 -0.04732766 0.03208937 0.03960613 -0.04033043 0.01585270 0.10534683 0.01880038 -0.02216328 0.01030828 0.03868791 -0.01954266 -0.02105248 0.02053094 -0.00231465 -0.04486539 0.02324676 -0.01836084 0.00379374 -0.00834637 0.13410549 0.15620936 0.25667281 0.00835218 0.06650947 0.13642953 0.09348640 0.22392812 0.12687986 0.23882436 0.26910426 1.00000000 0.21588086 0.10524989 0.00419753 0.03856338 0.00408257 0.05653771 0.01747490 -0.03720875 -0.02844368 -0.01067435 -0.08927122 0.01738445 0.01635409 0.02854531 -0.04343103 0.00589006 -0.11853589 -0.01211896 0.05802897 -0.03629409 -0.04632641 -0.06753245 0.08146389 0.00116146 -0.07405009 -0.09247328 -0.04364583
0.02066892 0.08174243 -0.05611786 -0.01706432 0.04835376 0.03366452 0.01729708 0.03501242 0.07525911 0.01589425 0.00376742 -0.00350527 0.08236820 0.00930623 -0.02976820 -0.02669144 0.01785633 0.03426461 0.02766964 -0.10130945 -0.01699006 -0.01100207 0.05351757 0.01999480 0.08578257 0.00267098 0.02408967 -0.01770727 -0.00497102 -0.02405804 -0.09741515 -0.03871882 -0.06606438 -0.00269885 0.03155190 -0.01064426 -0.01620106 0.03892722 0.01575103 0.22199515 0.19230594 0.11282748 0.10105861 0.18076309 0.11214715 0.20353069 0.18349465 0.24270312 0.13206293 0.11291837 0.21588086 1.00000000 0.09092631 -0.05710949 -0.00253802 -0.06108050 -0.00475528 -0.00712563 -0.02204348 0.06636021 -0.02948824 0.03343128 -0.04584335 -0.01034746 0.06390519 -0.00627997 -0.08621355 0.00063113 0.08375624 0.04627181 -0.02383531 0.01798300 -0.07418105 -0.03668738 0.04055212 0.01171041 -0.08347973 -0.06770505
-0.05828793 -0.08628113 0.04412142 -0.04786361 -0.04526078 0.00178226 -0.02914754 -0.01695697 0.03738676 -0.00146282 -0.03046942 -0.01131386 0.04672378 0.01322880 0.03770358 -0.09022895 -0.03902373 0.04599605 0.07078852 0.02743006 -0.05756156 -0.03316431 0.03551365 0.04364875 0.10523031 0.04947961 -0.00006666 0.00394858 0.04462622 0.07099521 -0.02104146 -0.05692043 -0.04804946 -0.01025740 -0.06245309 0.00386170 -0.02718569 -0.01343179 0.01341238 -0.01938693 -0.04343217 0.06620727 -0.03259617 0.04086247 0.00693113 -0.00432997 0.04460639 -0.00125944 -0.05647442 -0.02412915 0.10524989 0.09092631 1.00000000 0.07709339 0.26475803 0.19555587 0.23358701 0.15438885 0.09831541 0.23744745 0.19605018 0.16205635 0.28319730 0.18715289 0.26521920 0.04771251 0.03251426 -0.02794511 0.07206694 0.03847144 0.01708922 0.09632291 -0.01424754 -0.02108890 0.02387434 0.01958991 0.00820410 -0.08218235
0.02333098 0.01654487 0.04788915 -0.00961537 -0.03411669 -0.05131161 -0.00899688 0.02252708 -0.00088413 0.08875217 -0.05125507 -0.08550813 0.09318371 -0.07130105 -0.03347448 0.01892742 -0.05978230 -0.02974478 -0.03338605 -0.08627928 -0.00997432 0.00016856 -0.01285659 -0.05641644 0.06974096 -0.02693007 0.00831930 0.03046623 0.00080471 0.08361083 -0.02719750 -0.03977948 -0.01926093 -0.05591951 0.03410641 -0.06715966 -0.00331688 0.00727399 -0.03426653 -0.01013652 -0.02454668 0.02407630 0.00480306 -0.01200536 -0.09160388 0.04176403 0.02298069 -0.04086499 -0.00856131 0.00034898 0.00419753 -0.05710949 0.07709339 1.00000000 0.11043327 0.23349873 0.13409325 0.11560720 0.24215857 0.06108161 0.10628620 0.11879012 0.20588876 0.19775545 0.19797507 0.02637175 0.01771974 0.01845498 0.04926285 0.01526776 0.06463478 0.03607230 -0.03794923 0.03100164 -0.06159142 -0.05200003 0.07061754 -0.04201364
0.01301544 -0.00845181 0.05132129 0.01468740 0.00476889 -0.04974199 0.03249582 -0.10417485 -0.01098613 0.00494217 0.08311916 -0.02699999 0.02880308 0.02418310 0.03108153 -0.04155103 0.01202420 -0.02042052 -0.01302281 0.03099559 -0.05530193 -0.02130228 -0.01547143 0.04971562 0.00277530 0.00027223 -0.06002676 -0.04606708 0.08578127 0.06015287 0.05606641 -0.05614063 0.04848447 -0.00888761 0.01763696 0.01966086 0.01908073 -0.01347730 -0.01081816 -0.04577588 -0.02569631 -0.01986168 -0.02128601 -0.07214172 0.12191922 -0.08879398 0.01395753 0.04056632 0.00057157 -0.04219824 0.03856338 -0.00253802 0.26475803 0.11043327 1.00000000 0.20136437 0.08715833 0.15635951 0.16698620 0.27908861 0.28486398 0.13849046 0.09775921 0.21219442 0.20539827 0.05454668 -0.04305629 0.11695279 0.06544805 -0.05273044 0.02625622 0.07184200 0.01203575 0.06756711 0.11613316 0.02634919 0.13785216 0.02918714
-0.06082161 -0.01227341 -0.02697216 -0.00877808 -0.08024967 -0.05923253 -0.02403698 -0.07662179 -0.07280344 0.04534558 0.00958816 -0.03991274 -0.02315535 -0.00627023 0.06767084 0.04858956 0.01176692 0.00233273 0.00239342 0.06266723 0.00088162 -0.02666714 0.04783755 -0.01388246 0.03467142 0.02010800 0.03421294 -0.01309002 -0.03138021 0.04773379 -0.02315774 0.02514701 -0.00393342 0.03299966 -0.02170841 -0.04476380 -0.03011201 -0.02937477 0.01017848 -0.01087301 -0.08318006 0.08193875 -0.02704730 -0.06309340 0.04567841 -0.08653606 -0.01523560 0.02503915 -0.04043341 -0.02240894 0.00408257 -0.06108050 0.19555587 0.23349873 0.20136437 1.00000000 0.26120693 0.21365734 0.31517017 0.19720519 0.10672672 0.33200908 0.26062360 0.14409585 0.15954446 0.07499705 0.02822559 -0.06360587 0.03794229 -0.09060238 0.01670356 0.00795208 0.06855285 -0.00898511 -0.03373975 -0.06916313 0.01022303 -0.03400894
0.04027159 -0.00515652 0.03029192 -0.02334152 -0.09676322 0.03101615 -0.01058362 0.07049324 0.06826185 0.03727059 -0.02015491 -0.01746910 0.07101011 0.01381921 -0.00744332 -0.01600656 0.01897379 -0.04987913 0.07080360 0.01037557 0.02845063 0.03672719 0.06468140 -0.00909392 0.07274461 0.05265844 -0.12085646 0.00425541 0.00328077 -0.00950746 -0.06002417 -0.02311208 -0.03630647 -0.02811893 -0.05036032 -0.01015294 -0.00824048 -0.03886512 -0.05607737 -0.03982990 0.02557045 0.03442190 0.01739093 0.01110791 0.03561891 -0.05450760 0.03488373 0.06729377 -0.02978217 0.00671660 0.05653771 -0.00475528 0.23358701 0.13409325 0.08715833 0.26120693 1.00000000 0.22497918 0.18934749 0.18565439 0.27761930 0.31501670 0.15199744 0.28919527 0.22362375 0.03148342 -0.01041959 0.02734990 0.01054430 0.00762883 0.00192538 0.05297227 0.07911319 0.03752203 -0.01218253 0.03568797 0.05904943 0.08377064
-0.05900133 0.06929516 0.02984534 0.01594070 0.04695822 0.03913084 -0.01305481 0.06412160 -0.03908032 0.07172935 0.12628398 -0.08894513 -0.01759075 -0.02590102 0.08962143 -0.03952660 0.01531353 -0.04403013 0.01601645 0.06606774 -0.02770422 0.05818475 0.04852242 0.05214937 0.12937044 0.10692159 -0.05530842 -0.02535439 0.11949003 0.04886750 0.02772588 0.02142273 0.02330592 -0.03466804 0.01332771 0.02024364 0.08135641 0.07944402 -0.00506813 -0.02492483 -0.06449823 0.02198774 -0.01713162 -0.03693164 0.01742352 -0.07673373 -0.01981252 0.02368013 -0.01786639 0.04355429 0.01747490 -0.00712563 0.15438885 0.11560720 0.15635951 0.21365734 0.22497918 1.00000000 0.27600193 0.26011807 0.07067843 0.21500676 0.17394776 0.12165829 0.22800957 -0.00653541 -0.09348705 0.06219346 0.02201052 -0.08665932 0.01097592 0.04592187 -0.01695781 -0.06792467 0.06410342 0.01913177 0.03214179 0.03025114
0.01643054 0.05467671 -0.04068970 -0.04186358 -0.00260415 -0.03169503 -0.03391325 -0.03653079 0.03603687 0.03135518 -0.00240871 -0.04739121 0.10072698 -0.00850142 0.03207690 -0.00215158 0.03473423 -0.02934688 -0.00553976 0.02348540 -0.03591087 -0.00980678 0.07073498 -0.04672874 0.00965266 0.03894386 0.00010227 -0.01771460 0.05868614 -0.00743993 0.01000681 0.02214682 -0.02266647 -0.06913662 -0.00733056 -0.01812154 -0.00301232 0.04763492 0.02271340 0.03110351 -0.04105558 0.02458150 -0.00175483 -0.01419342 -0.00111364 -0.03727485 0.01924907 0.05432247 0.01794461 0.00166830 -0.03720875 -0.02204348 0.09831541 0.24215857 0.16698620 0.31517017 0.18934749 0.27600193 1.00000000 0.15340580 0.15478023 0.22842823 0.25566388 0.20133147 0.13029212 0.03226095 -0.06194373 0.02774364 0.01878915 -0.04918296 0.02942882 0.06270119 0.04892420 -0.00048912 -0.04183614 -0.02049343 0.02708260 0.10585286
0.03002926 0.11071593 0.01447594 0.00409322 0.03631844 0.01818143 -0.01469655 0.00106026 0.03168952 -0.02901347 0.04912772 0.03476603 0.06992803 -0.00455470 0.02460863 -0.03428852 0.02363425 -0.00689878 0.02844404 0.03150557 -0.04685510 -0.04854339 0.05363118 -0.02297165 0.00730849 0.03755219 0.01014307 0.07039441 0.07507172 0.05056329 0.01316398 0.02002595 0.06303380 0.02388730 0.00927993 -0.00570508 -0.00441005 0.03704711 0.01690698 0.04136171 -0.04431393 -0.02749871 -0.02428216 -0.05353410 0.09952663 -0.05832400 0.03944932 0.03614575 -0.04510119 -0.01270479 -0.02844368 0.06636021 0.23744745 0.06108161 0.27908861 0.19720519 0.18565439 0.26011807 0.15340580 1.00000000 0.26018486 0.12027362 0.15725654 0.20882976 0.17517782 0.04309726 -0.05537884 0.06884378 0.00648087 -0.04031802 0.07014899 0.02068969 -0.03656680 0.00440852 0.13552139 0.02215417 0.01114971 0.00264769
0.07269885 -0.01800884 -0.07155596 -0.03435177 0.03936256 -0.13646699 0.05829350 0.06283548 0.04428374 -0.01084872 0.01572150 -0.04114828 -0.00972254 -0.00872801 -0.00304605 -0.03954201 0.04187874 0.03548640 -0.05119193 0.02020800 0.01706757 -0.05967815 0.04112590 0.05392454 -0.06672911 -0.01793582 -0.06872636 0.01548779 -0.03346965 -0.05001186 0.04532447 -0.02619779 0.01517137 0.00140612 -0.02549517 0.00265622 -0.07220124 -0.00015930 -0.04765101 0.00540636 0.00499169 0.00058886 -0.07909878 0.02579345 0.05765193 -0.05483830 0.00732360 -0.01203619 0.00340104 -0.05460202 -0.01067435 -0.02948824 0.19605018 0.10628620 0.28486398 0.10672672 0.27761930 0.07067843 0.15478023 0.26018486 1.00000000 0.22942768 0.10782017 0.30444762 0.21646451 -0.01524241 -0.07667378 0.08423164 -0.02224905 0.02989886 0.00210897 0.08711381 0.01849906 0.01690560 0.02969959 -0.01221463 0.05568106 0.00332280
-0.02876398 -0.04526738 -0.05259745 -0.03364944 -0.00266437 -0.12879847 0.00943895 -0.03261784 0.04456170 0.01220791 0.00665934 -0.12881214 0.04262219 -0.00523000 -0.00928413 -0.08385251 -0.00746257 -0.01662490 -0.06886185 -0.01432760 -0.01881263 -0.08327851 -0.02759848 -0.04041625 -0.01974580 -0.01518291 -0.09334244 -0.03469800 -0.00919443 0.00028127 0.01764234 0.01090149 -0.04167472 -0.05003647 0.03083638 0.04991831 0.02717952 0.00993003 -0.00148899 -0.00036472 -0.04448158 0.03899093 -0.03170030 0.01757042 0.03070329 -0.14371906 -0.04716405 0.03250207 -0.00047926 -0.09809786 -0.08927122 0.03343128 0.16205635 0.11879012 0.13849046 0.33200908 0.31501670 0.21500676 0.22842823 0.12027362 0.22942768 1.00000000 0.07207190 0.17555526 0.25902922 0.04758291 -0.01606688 0.02135629 0.05811773 -0.06135019 -0.00507020 -0.01498239 0.09025492 0.02089533 0.05923480 -0.02964139 0.06146685 0.05499511
-0.04194764 -0.06307098 -0.01651728 -0.01373011 -0.06038239 0.01798719 -0.05821221 -0.01082297 -0.01670956 0.06442684 0.00402953 -0.07523094 -0.00350954 -0.02963114 -0.00496254 0.01334028 -0.11743666 0.07560004 -0.05570511 -0.02670398 -0.06104815 0.03692397 0.03844539 -0.03492375 0.06948703 0.06798280 -0.02250503 0.01863098 0.07184983 0.11874568 0.06879543 0.06626778 0.00058059 0.00013695 0.00570285 0.06977631 -0.01893400 0.06160397 0.00599021 -0.00072119 -0.07808092 0.07108253 0.03245104 -0.02710845 -0.00668277 0.08125130 -0.02128343 -0.00485085 -0.01016732 0.00198215 0.01738445 -0.04584335 0.28319730 0.20588876 0.09775921 0.26062360 0.15199744 0.17394776 0.25566388 0.15725654 0.10782017 0.07207190 1.00000000 0.16341682 0.24708639 -0.04721549 -0.01965387 -0.12298435 -0.03080072 -0.02739807 -0.02774942 0.02266224 -0.00337981 -0.05824985 -0.14845088 0.04263751 0.03223132 -0.10374946
-0.03762229 -0.02880541 -0.02215342 -0.03582578 -0.04224620 -0.08453205 -0.08433937 0.02325625 0.07112946 -0.00940444 -0.02432817 -0.02798841 -0.00014686 0.02398429 0.00474754 -0.03639875 0.11705508 0.03240047 0.11544298 -0.01088444 -0.01250782 0.04439202 0.13457641 0.09261199 0.05644774 0.03815335 -0.09142843 0.03450209 0.06413475 0.00934883 -0.03482278 0.03970249 -0.03501623 -0.01138951 0.02754404 0.08515070 0.04813682 -0.00891898 0.02529907 0.00416527 -0.03407296 0.05102607 -0.03529480 0.02869238 0.01624189 -0.02034083 -0.02326448 0.00590070 -0.01844113 -0.02774617 0.01635409 -0.01034746 0.18715289 0.19775545 0.21219442 0.14409585 0.28919527 0.12165829 0.20133147 0.20882976 0.30444762 0.17555526 0.16341682 1.00000000 0.21986035 0.03892823 0.04269342 0.12162592 -0.00677945 0.03537468 -0.01186632 0.08635206 0.08406150 0.05926284 -0.01341265 0.04220108 0.05703734 0.01048870
-0.05859829 0.02234366 -0.03697569 0.00449931 0.00549495 -0.08227437 -0.03723034 -0.00060159 0.03533776 -0.04230886 -0.01663018 -0.08331414 -0.01864305 0.05691634 0.00386227 -0.02091311 -0.02519736 0.01607139 0.03637412 0.06267141 0.01836796 0.00020552 0.06473232 -0.00019131 0.08268390 0.05439308 -0.06374544 0.03887068 0.01424800 0.09264532 0.00305867 -0.04624661 -0.00211038 -0.08219200 0.00576014 -0.00130583 0.00264902 -0.00292850 0.02634843 -0.00620510 -0.02331971 0.03454076 0.00744378 0.01021622 0.04009680 -0.05211138 0.05754468 0.05627586 -0.00525213 0.00407665 0.02854531 0.06390519 0.26521920 0.19797507 0.20539827 0.15954446 0.22362375 0.22800957 0.13029212 0.17517782 0.21646451 0.25902922 0.24708639 0.21986035 1.00000000 0.04520740 -0.01147255 0.09138913 0.05878310 -0.05702828 0.02328775 0.04194464 0.02974400 0.01316535 0.03318031 0.05941541 0.04716709 0.06759217
0.02154540 -0.02189366 0.00057300 0.06340294 -0.07273793 0.00180237 0.03992519 -0.00302231 -0.00173827 -0.07306275 0.04359116 -0.03747847 0.10109846 -0.00722743 -0.02342494 -0.05950110 -0.08797265 0.00851384 0.01793075 0.02586965 0.05353445 -0.00395369 -0.00395254 -0.00471652 0.02171291 -0.05032309 -0.06675221 -0.04315626 0.07004402 0.03103620 0.03210109 0.00611500 -0.00141540 -0.07611897 0.03091600 -0.01772043 0.00057087 -0.05069823 -0.12753347 -0.01729793 -0.01511147 -0.08962334 0.02610552 0.01276942 -0.02408654 -0.01671542 -0.00993252 -0.04849807 0.00089999 -0.04173898 -0.04343103 -0.00627997 0.04771251 0.02637175 0.05454668 0.07499705 0.03148342 -0.00653541 0.03226095 0.04309726 -0.01524241 0.04758291 -0.04721549 0.03892823 0.04520740 1.00000000 0.22581969 0.08233102 0.16013896 -0.02757657 0.24252330 0.23091545 0.25283669 0.08954869 0.09901157 0.11892985 0.18038304 0.21042819
0.00211658 -0.02496600 -0.02777154 -0.05074233 -0.08505378 -0.03089231 -0.08491359 -0.00751260 0.04460756 -0.05608224 -0.05043906 0.03560460 -0.06807081 0.04784104 0.01384544 -0.01169949 0.01467008 0.00071387 -0.01119382 0.01835675 0.06805724 0.07419984 0.06869638 -0.00652110 -0.02902864 -0.02429064 -0.03505200 -0.03405088 0.00512418 0.04566778 0.06548194 0.06823053 0.08021063 0.02328875 -0.02179429 -0.01459272 0.02296486 0.00510070 -0.06533016 -0.03002755 -0.02997437 -0.04676392 -0.03725632 0.06851304 -0.08044298 -0.03119331 -0.08283007 -0.01726585 -0.09516222 0.00020767 0.00589006 -0.08621355 0.03251426 0.01771974 -0.04305629 0.02822559 -0.01041959 -0.09348705 -0.06194373 -0.05537884 -0.07667378 -0.01606688 -0.01965387 0.04269342 -0.01147255 0.22581969 1.00000000 0.07646012 0.04371245 0.09319349 0.21016838 0.03977011 0.00206142 0.23174481 0.08220943 0.23242118 0.20686273 0.07458449
0.00590709 -0.02269747 -0.06755178 0.00387584 0.02800877 -0.08678017 -0.00477609 0.10618576 0.08820778 0.00486196 0.01905777 0.01094558 0.06347659 -0.00746454 -0.01140073 -0.08226249 0.09255944 -0.03746718 -0.02191579 -0.02094062 0.00476632 0.06981292 -0.01374946 0.05179050 0.01985171 0.03451559 -0.11828127 0.03706681 0.03520217 -0.10448373 0.07494785 -0.00965281 -0.01182718 -0.02879096 0.07938188 0.04309881 0.02897800 -0.04595445 0.02228495 -0.02596951 -0.00431862 -0.03702255 -0.06034407 0.06330750 -0.00507636 -0.05666126 0.02956631 0.01045577 0.03440787 -0.01356488 -0.11853589 0.00063113 -0.02794511 0.01845498 0.11695279 -0.06360587 0.02734990 0.06219346 0.02774364 0.06884378 0.08423164 0.02135629 -0.12298435 0.12162592 0.09138913 0.08233102 0.07646012 1.00000000 0.17729423 0.09558111 0.18774062 0.19609245 0.11151182 0.19278653 0.29089799 0.20008852 0.09451600 0.19762821
0.00244028 -0.00733168 -0.05664407 -0.01342290 -0.04535300 -0.02206123 -0.01644037 -0.01174914 0.04082193 -0.01442995 0.05900022 -0.00560228 0.06736145 -0.05832642 0.03010158 0.00435136 -0.07712918 0.07998265 0.03233548 -0.04824985 0.06699801 -0.03128861 0.04160162 -0.07003372 0.12394879 -0.02279421 -0.05536534 -0.04111603 0.00982415 0.11142959 0.08583814 -0.03033422 -0.00115927 -0.02500221 0.08417590 -0.01965085 0.05196043 0.00381696 -0.03073555 -0.02692161 -0.06508641 -0.00705748 -0.06292021 0.01825122 0.04110598 0.01579072 -0.00275059 0.02763724 -0.02179091 -0.04505892 -0.01211896 0.08375624 0.07206694 0.04926285 0.06544805 0.03794229 0.01054430 0.02201052 0.01878915 0.00648087 -0.02224905 0.05811773 -0.03080072 -0.00677945 0.05878310 0.16013896 0.04371245 0.17729423 1.00000000 0.23250490 0.20013978 0.20133651 0.15692642 0.18770226 0.17085576 0.08565751 0.19382080 0.16394091
-0.07677150 0.00749162 0.04635138 0.04721309 -0.06521237 -0.04339045 0.02279838 0.00825580 0.05863289 0.06976993 -0.03726070 -0.04719487 -0.08322210 -0.07837239 -0.04467521 0.01825162 -0.05530787 0.05703461 -0.03111061 -0.05475293 0.00291648 0.06737575 0.11909417 -0.04872059 -0.09541236 0.02339835 -0.04657638 -0.07795632 -0.14311427 -0.06382535 -0.11507877 -0.09765462 -0.08934055 -0.03248660 0.02423302 -0.05254977 0.00974105 0.00147713 0.00147764 -0.01434772 0.07282582 0.03612954 0.00159013 0.13459987 -0.06717780 0.13200461 0.06032778 -0.01100472 0.05543753 0.11113711 0.05802897 0.04627181 0.03847144 0.01526776 -0.05273044 -0.09060238 0.00762883 -0.08665932 -0.04918296 -0.04031802 0.02989886 -0.06135019 -0.02739807 0.03537468 -0.05702828 -0.02757657 0.09319349 0.09558111 0.23250490 1.00000000 0.12555308 0.17572754 0.20920317 0.12883432 0.11291125 0.09674688 0.13848896 0.11648825
0.03464337 -0.03335905 -0.00383832 -0.00403274 -0.02539841 -0.02748302 0.04029469 -0.06553474 0.04367855 0.00630271 0.05162807 -0.03035805 0.07211089 -0.04069324 -0.01125879 -0.05372815 -0.02551465 0.02892346 -0.01638449 0.01151534 0.00962187 0.07323150 0.03428275 -0.07443247 0.02791631 -0.01261616 0.01584727 0.02689167 0.02481112 0.01395554 0.01344295 0.05035522 -0.00793224 -0.00231529 -0.00281034 -0.00772909 0.02449191 0.07275218 -0.05429076 0.03158686 -0.00098950 0.03333223 0.04480933 -0.02794450 0.07070079 -0.04849712 -0.01635870 0.02130450 -0.02378844 0.06668903 -0.03629409 -0.02383531 0.01708922 0.06463478 0.02625622 0.01670356 0.00192538 0.01097592 0.02942882 0.07014899 0.00210897 -0.00507020 -0.02774942 -0.01186632 0.02328775 0.24252330 0.21016838 0.18774062 0.20013978 0.12555308 1.00000000 0.12599977 0.12655806 0.22189169 0.10705858 0.11397705 0.16986853 0.10610888
-0.08609091 0.10062816 0.02028133 0.09795284 0.07044201 0.03003068 0.08457359 0.04418409 0.13707284 0.07824806 0.07741060 0.00243182 0.05367139 -0.06178207 0.03963370 -0.03013013 -0.08882267 0.03840797 0.08799428 -0.03292442 0.07366616 0.02081765 0.10180435 -0.04994369 0.03875757 0.06682670 -0.01065723 0.01369713 0.09012426 0.13219226 0.00182478 0.05553082 -0.05124867 0.00561441 0.02434152 0.04927791 0.03082473 -0.02383172 -0.06671073 0.04314452 -0.06689885 -0.02129182 -0.02184381 0.05843245 -0.05137436 0.07008267 0.05074348 -0.09704852 0.06104411 -0.00854056 -0.04632641 0.01798300 0.09632291 0.03607230 0.07184200 0.00795208 0.05297227 0.04592187 0.06270119 0.02068969 0.08711381 -0.01498239 0.02266224 0.08635206 0.04194464 0.23091545 0.03977011 0.19609245 0.20133651 0.17572754 0.12599977 1.00000000 0.18068459 0.12053305 0.21965426 0.11596249 0.26528656 0.13697054
-0.02218213 -0.06067912 -0.00824827 -0.02886352 -0.00083888 0.01877802 0.00486431 -0.01897336 0.05066451 0.01825884 -0.08199491 -0.01660008 0.01940907 -0.06274890 -0.02380592 -0.08758416 -0.01258000 -0.01035638 0.00386996 0.02314964 -0.02616051 -0.04629829 0.03365726 0.00250391 0.00358554 -0.04771304 -0.04217379 -0.01392837 0.03296607 0.06253619 0.01514687 0.08219134 -0.01321753 0.00884849 0.04018747 -0.00079112 -0.06755903 -0.02309991 -0.01426058 -0.11132319 -0.03175205 -0.02973325 0.04771066 -0.03437155 0.01984296 0.03305888 0.03444231 -0.07407912 0.05311930 0.05616893 -0.06753245 -0.07418105 -0.01424754 -0.03794923 0.01203575 0.06855285 0.07911319 -0.01695781 0.04892420 -0.03656680 0.01849906 0.09025492 -0.00337981 0.08406150 0.02974400 0.25283669 0.00206142 0.11151182 0.15692642 0.20920317 0.12655806 0.18068459 1.00000000 0.14986806 0.03799894 0.07013146 0.14605564 0.23062566
0.02042951 0.05604716 0.01429960 -0.01379289 0.00832927 -0.08415581 0.04863178 -0.03404378 0.10164707 0.06868587 0.03182213 0.08220158 0.02717147 -0.03670228 -0.06489091 -0.04783888 -0.01261789 -0.08070646 -0.05578184 -0.00299451 0.00433290 0.02167820 0.00607912 -0.03319951 -0.09986819 0.04242500 -0.05869160 -0.02141134 -0.02113791 0.04173680 0.05941662 -0.08647784 0.06984832 -0.02249794 0.01046001 0.04420108 0.04408305 0.05524353 0.02907206 -0.01413295 0.06485020 -0.02728725 0.00447967 0.01368067 0.12421064 -0.02267022 0.07515865 -0.06800783 0.06776040 0.07221878 0.08146389 -0.03668738 -0.02108890 0.03100164 0.06756711 -0.00898511 0.03752203 -0.06792467 -0.00048912 0.00440852 0.01690560 0.02089533 -0.05824985 0.05926284 0.01316535 0.08954869 0.23174481 0.19278653 0.18770226 0.12883432 0.22189169 0.12053305 0.14986806 1.00000000 0.13081805 0.25258276 0.20899655 0.19200469
0.01257170 0.00177544 -0.00645255 0.03668227 0.03893184 0.03003957 0.06830402 -0.01241703 0.08306328 -0.01993730 0.07220890 0.01951802 0.05388163 0.03052506 -0.04683244 -0.03925387 -0.02492143 -0.05191881 -0.00506967 0.03775003 -0.02667545 0.00767787 0.00705812 -0.02152745 0.03440317 0.11678043 -0.01860956 -0.00336201 0.05648081 0.02933938 0.04004946 -0.00456284 0.00826555 0.07287158 0.08082240 0.08720651 0.09948295 0.05478639 0.05127953 -0.07568417 -0.00239433 -0.03481090 -0.01877171 0.04229770 0.02235176 -0.02012012 -0.05143563 -0.06937625 0.02893405 -0.03739972 0.00116146 0.04055212 0.02387434 -0.06159142 0.11613316 -0.03373975 -0.01218253 0.06410342 -0.04183614 0.13552139 0.02969959 0.05923480 -0.14845088 -0.01341265 0.03318031 0.09901157 0.08220943 0.29089799 0.17085576 0.11291125 0.10705858 0.21965426 0.03799894 0.13081805 1.00000000 0.00371120 0.11802085 0.18913469
-0.03916938 0.04108133 -0.04235626 0.00035204 0.02593580 -0.00329821 -0.06861936 -0.03445627 0.03048954 0.01064052 -0.07082621 0.02189063 -0.00672779 -0.02620535 0.08656517 -0.13031209 0.07660108 0.06384959 0.02200747 0.05630456 0.01195515 0.03884131 0.06798249 0.05853604 0.02470031 0.01227708 -0.07772016 -0.06036936 0.06585150 0.02010323 -0.00572839 -0.05279648 0.02080987 -0.03293144 -0.02536156 -0.03360145 0.03991116 -0.00180554 -0.04901629 0.03318328 0.04718661 0.00940998 0.01833343 -0.01600653 0.06635803 -0.05284084 0.07157875 0.00026111 -0.00062041 0.02447334 -0.07405009 0.01171041 0.01958991 -0.05200003 0.02634919 -0.06916313 0.03568797 0.01913177 -0.02049343 0.02215417 -0.01221463 -0.02964139 0.04263751 0.04220108 0.05941541 0.11892985 0.23242118 0.20008852 0.08565751 0.09674688 0.11397705 0.11596249 0.07013146 0.25258276 0.00371120 1.00000000 0.22440612 0.11782889
-0.03925397 0.12305446 -0.01882314 0.04257363 0.07990088 0.04302480 0.08158254 0.03274788 0.07210294 0.01228576 0.02694393 -0.02732883 0.06059880 -0.04502673 -0.01063525 -0.02629530 -0.07088093 -0.02553523 -0.10606393 -0.06495400 0.05026528 0.01742028 -0.06238962 -0.08365765 0.05006356 -0.01745807 -0.07820371 -0.02051759 -0.02346659 0.04182825 0.02705984 0.04025289 0.02372596 0.00672180 -0.02131040 -0.03011224 0.05827522 -0.02451407 -0.10151474 -0.07795838 -0.12719920 -0.11173287 -0.03848485 0.00740740 -0.04593367 -0.05278445 -0.10562545 -0.03985823 -0.05212264 -0.01150035 -0.09247328 -0.08347973 0.00820410 0.07061754 0.13785216 0.01022303 0.05904943 0.03214179 0.02708260 0.01114971 0.05568106 0.06146685 0.03223132 0.05703734 0.04716709 0.18038304 0.20686273 0.09451600 0.19382080 0.13848896 0.16986853 0.26528656 0.14605564 0.20899655 0.11802085 0.22440612 1.00000000 0.24061594
0.02866248 0.03143927 -0.00599701 0.00858010 0.05021085 0.05232738 0.04352644 0.01829405 0.00941526 -0.01234358 0.06760560 -0.04045719 0.02493573 -0.05678807 0.04137373 -0.02545371 -0.03488893 -0.05414399 0.07397975 0.09253089 0.12412243 0.05490839 0.05373328 0.05921677 0.01283806 0.10080005 -0.09663220 -0.04318189 -0.01078069 -0.04125689 0.00959981 -0.03753814 -0.03856515 -0.02820511 0.02344629 -0.04750920 0.01049534 -0.00804971 -0.01400257 -0.07425606 0.03200120 -0.05766594 -0.01557721 0.01062523 -0.03545732 -0.07840646 -0.08074017 -0.00972380 0.01752434 0.01899300 -0.04364583 -0.06770505 -0.08218235 -0.04201364 0.02918714 -0.03400894 0.08377064 0.03025114 0.10585286 0.00264769 0.00332280 0.05499511 -0.10374946 0.01048870 0.06759217 0.21042819 0.07458449 0.19762821 0.16394091 0.11648825 0.10610888 0.13697054 0.23062566 0.19200469 0.18913469 0.11782889 0.24061594 1.00000000
