1.00000000 0.54749940 0.53420111 0.48889398 0.57929010 0.57893078 0.58408055 0.52993051 0.40545768 0.59523041 0.62244433 0.52026064 0.48933406 0.53116776 0.58559109 0.14799822 0.50542784 0.45677073 0.49905600 0.61968695 0.33400043 0.44595717 0.45309920 0.48592854 0.39977984 0.49007576 0.47209633 0.16029263 0.36044453 0.46592385 0.41053630 0.51111407 0.46149240 0.56359149 0.27292134 0.47613954 0.51171699 0.50257126 0.43432767 0.61930332 0.46318340 0.43089188 0.48049997 0.55753397 0.25067443 0.50072152 0.43307738 0.41614207 0.38760490 0.56074040 0.25211197 0.52680542 0.01033444 0.36236378 0.13965881 0.27991413 0.18804571 0.20635319 0.50085406 -0.03376819 0.23505907 0.43115403 0.30905180 0.15011085 0.06615014 0.46013618 0.17768861 0.39347336 0.47295941 0.32392134 0.43542135 0.43590766 0.50533018 0.28133073 0.38864701 0.49823147 0.49240714 0.57600475
0.54749940 1.00000000 0.42517782 0.47519435 0.50147956 0.50142379 0.55701783 0.54966664 0.52928712 0.63564093 0.65038831 0.56622842 0.48249840 0.39477851 0.48633589 0.20669008 0.41495821 0.34758203 0.39864405 0.46593709 0.30467040 0.40998906 0.37194205 0.43605741 0.36198547 0.43514843 0.29533942 0.30783779 0.30556315 0.41781690 0.45204007 0.42520996 0.42881151 0.47857899 0.26445087 0.42255790 0.47687363 0.49308355 0.46813489 0.49263389 0.49303500 0.34176731 0.40438299 0.43098896 0.23862338 0.47056080 0.41562353 0.45963839 0.44295455 0.52155380 0.28006817 0.52307227 0.08570744 0.49738162 0.23694014 0.29829783 0.16965339 0.20084679 0.39222685 0.05555468 0.22007817 0.35613244 0.37285411 0.18654533 0.23337193 0.32204242 0.38785860 0.30115683 0.39930020 0.25385088 0.36604884 0.37774536 0.45046598 0.31023091 0.38664242 0.49875432 0.41770491 0.45097417
0.53420111 0.42517782 1.00000000 0.49749059 0.56520214 0.59674605 0.55644108 0.49872877 0.34540448 0.55602484 0.57984182 0.47025781 0.54511891 0.36668866 0.38500581 0.23539073 0.32186460 0.42322594 0.34349470 0.46117028 0.29351876 0.30292097 0.46398517 0.41116550 0.25177345 0.38576772 0.27122878 0.24548367 0.34897954 0.35615525 0.36418800 0.33371027 0.40428115 0.47549660 0.26279917 0.49467752 0.49561729 0.36284596 0.39849388 0.41892747 0.44671158 0.50277251 0.38907349 0.44928479 0.32069288 0.42067643 0.33054096 0.27583727 0.44066480 0.46059898 0.20300632 0.43595306 0.03537760 0.30979571 0.30724230 0.16155991 0.19737564 0.24222878 0.33208676 0.13729787 0.18214593 0.38412236 0.35743739 0.17464478 0.15295620 0.35391724 0.22879637 0.46328697 0.34552637 0.35498889 0.43035466 0.29093230 0.42266154 0.29166175 0.46389097 0.46713241 0.34625262 0.47716334
0.48889398 0.47519435 0.49749059 1.00000000 0.43046881 0.54152781 0.57791967 0.54581999 0.59466568 0.47454437 0.61315978 0.54919088 0.52592651 0.38678262 0.39498939 0.43656716 0.53524491 0.36945357 0.56671892 0.39775509 0.43657539 0.45291586 0.28445269 0.28217699 0.53282781 0.52529963 0.19953820 0.30918334 0.13338772 0.42364650 0.41709949 0.19862740 0.46057921 0.38219182 0.44528250 0.35515627 0.26277680 0.36395766 0.40053665 0.41745947 0.29320512 0.35442444 0.39384045 0.23090889 0.36763255 0.40285629 0.43271420 0.48774653 0.47472608 0.36395465 0.50246949 0.46591550 0.35644752 0.43679796 0.42389823 0.58803099 0.38286680 0.50641122 0.46937216 0.28844801 0.49373361 0.34552728 0.39210582 0.52184039 0.49705121 0.34553143 0.39820173 0.11348865 0.54831666 0.45724586 0.31960292 0.45089886 0.41498227 0.37575146 0.37318371 0.47000129 0.51263717 0.53254923
0.57929010 0.50147956 0.56520214 0.43046881 1.00000000 0.50299528 0.58122900 0.54530037 0.45670471 0.58567882 0.57591113 0.50624953 0.44169017 0.39289194 0.48267570 0.27849437 0.39026618 0.45939299 0.45080287 0.42893251 0.40761674 0.34231733 0.48818369 0.40802981 0.26115507 0.39532614 0.16470152 0.04999113 0.19983453 0.29590768 0.40863103 0.32724862 0.39516099 0.44212211 0.10617729 0.41067207 0.38702408 0.34476205 0.37778516 0.51621515 0.36493726 0.36159523 0.31400126 0.46350095 0.33766319 0.42527879 0.40099488 0.32405509 0.52741133 0.44551306 0.31608966 0.43725078 -0.00676514 0.31457245 0.21481123 0.22203653 0.34844983 0.15147418 0.36862314 0.03496104 0.24034801 0.40465029 0.27200702 0.13649754 0.18348821 0.35737184 0.31709454 0.35561141 0.34744367 0.40032307 0.41215277 0.39573046 0.37448157 0.26780620 0.38063296 0.51739151 0.40970171 0.43408043
0.57893078 0.50142379 0.59674605 0.54152781 0.50299528 1.00000000 0.55588559 0.52469340 0.37395437 0.56636566 0.60703552 0.52837147 0.55106574 0.45171421 0.51366763 0.21450491 0.47292920 0.36966674 0.50329231 0.54842634 0.36366122 0.45772458 0.45155212 0.49836253 0.42817562 0.46856027 0.35422033 0.23182506 0.36577597 0.40100822 0.38095532 0.45539609 0.42129882 0.51933738 0.28821386 0.48477285 0.54350376 0.46787380 0.48264999 0.50694261 0.41289079 0.39074294 0.42457372 0.47054860 0.32702616 0.47226782 0.44653699 0.41003069 0.44893420 0.53139952 0.28881218 0.49564907 0.10759692 0.39159210 0.28680653 0.27274311 0.21166377 0.32023819 0.46915359 0.04747062 0.20828997 0.34965364 0.36866191 0.24684416 0.19577091 0.39251999 0.31738820 0.39436854 0.41235973 0.37099347 0.42886417 0.34626150 0.48124135 0.28775510 0.41488684 0.52919760 0.44892392 0.48965881
0.58408055 0.55701783 0.55644108 0.57791967 0.58122900 0.55588559 1.00000000 0.62584805 0.58250566 0.63748570 0.64278530 0.67789267 0.53872395 0.47136280 0.51221126 0.20893064 0.55843394 0.41830890 0.49942477 0.56622468 0.35603383 0.50429681 0.46440396 0.45846797 0.42051162 0.52648760 0.29931844 0.18767772 0.24174858 0.52480166 0.40579588 0.44488737 0.53083236 0.54934570 0.30171405 0.49902259 0.45244726 0.53043523 0.47853727 0.61429887 0.52912104 0.45618156 0.54894884 0.50380780 0.39823780 0.57306417 0.54566470 0.51266808 0.58999180 0.53169947 0.40876426 0.63479473 0.12306794 0.49831981 0.29056672 0.47228205 0.26242974 0.35209927 0.57236000 0.09323619 0.39207602 0.42733176 0.31494939 0.34039626 0.37793358 0.50448582 0.40890163 0.34207635 0.59963130 0.35199586 0.50425958 0.57789511 0.55282606 0.43322916 0.43758599 0.57552384 0.56297721 0.61634241
0.52993051 0.54966664 0.49872877 0.54581999 0.54530037 0.52469340 0.62584805 1.00000000 0.48830877 0.57199026 0.57772071 0.51439159 0.55382415 0.36362004 0.36831218 0.20658609 0.38169069 0.33122404 0.40734684 0.41136501 0.32494965 0.36751370 0.36137725 0.36656134 0.31223493 0.43774858 0.27904514 0.25675482 0.24968934 0.43259022 0.41698789 0.34597251 0.42545910 0.45987099 0.32788799 0.45484685 0.41789873 0.40320016 0.43664963 0.43881051 0.45514255 0.39923730 0.42201175 0.39714625 0.36195266 0.44203370 0.45925353 0.43052503 0.51118823 0.43140631 0.37186931 0.50003541 0.09799235 0.39761866 0.32899858 0.33608633 0.25874004 0.34561409 0.43729842 0.21463684 0.30611924 0.38806818 0.32360789 0.30285849 0.32533080 0.38603423 0.38572474 0.28649477 0.44854720 0.37744431 0.43156041 0.43120237 0.49724906 0.39050035 0.43432699 0.46192301 0.42192735 0.51175190
0.40545768 0.52928712 0.34540448 0.59466568 0.45670471 0.37395437 0.58250566 0.48830877 1.00000000 0.50350520 0.52559979 0.56075581 0.48165971 0.29299610 0.31576042 0.40201004 0.41801258 0.30355134 0.47706588 0.26629835 0.40677457 0.40312810 0.26999728 0.25680941 0.38141535 0.43428235 0.04206966 0.16452411 0.06077838 0.31426712 0.38508711 0.16298963 0.43159982 0.31375402 0.30849514 0.27221971 0.19767338 0.30336098 0.35794422 0.35255935 0.34582453 0.33823879 0.35687147 0.20755121 0.42444518 0.39865911 0.41799445 0.47324475 0.59222317 0.28381574 0.53977011 0.42895697 0.30327544 0.45154464 0.44007175 0.54157187 0.38443038 0.40531863 0.39605288 0.28286252 0.48453438 0.34940909 0.35290582 0.44467760 0.55245586 0.35317262 0.53330178 0.11561869 0.48740256 0.41582526 0.37389558 0.50699867 0.32712347 0.45357431 0.34821737 0.45907228 0.50529649 0.45931258
0.59523041 0.63564093 0.55602484 0.47454437 0.58567882 0.56636566 0.63748570 0.57199026 0.50350520 1.00000000 0.64812248 0.61170446 0.54761876 0.43119652 0.49396581 0.17307723 0.37595481 0.39932513 0.44729792 0.47606015 0.31563520 0.39986744 0.48114749 0.48263912 0.36332570 0.45211788 0.27123615 0.28860901 0.36360851 0.40562432 0.48178640 0.45743828 0.44109872 0.52325470 0.26800149 0.50690550 0.52754316 0.49627151 0.48539635 0.53744560 0.52011541 0.39700268 0.42031498 0.52111910 0.29613427 0.46007949 0.44267732 0.44987449 0.54488597 0.51548579 0.24908277 0.54119011 0.10334537 0.49908521 0.31161524 0.31872847 0.25977009 0.25937338 0.41159280 0.12402380 0.28181297 0.44450714 0.41071723 0.22397123 0.27879332 0.37139557 0.39316479 0.39146991 0.42282697 0.35269315 0.47804695 0.39681171 0.48166949 0.35015038 0.50010008 0.56562271 0.41238780 0.50955764
0.62244433 0.65038831 0.57984182 0.61315978 0.57591113 0.60703552 0.64278530 0.57772071 0.52559979 0.64812248 1.00000000 0.59446609 0.59975593 0.44461885 0.55781193 0.31331671 0.47888623 0.42532851 0.52647485 0.51781753 0.37204785 0.43544747 0.42558624 0.51116504 0.44829779 0.49955432 0.28649075 0.31750996 0.33446868 0.44143824 0.48849950 0.43986762 0.45741007 0.51890798 0.30561013 0.49113298 0.52835936 0.50697838 0.48369126 0.54903510 0.48003999 0.39888747 0.40510125 0.45951893 0.25663449 0.46635128 0.41463024 0.41021387 0.49345514 0.58403679 0.32493980 0.54013173 0.15571242 0.47869265 0.34767773 0.40297307 0.25360495 0.30123512 0.44274045 0.09565508 0.32949543 0.42673077 0.47204419 0.24684254 0.28350629 0.38367774 0.40615776 0.39638789 0.50485443 0.41636544 0.44779537 0.42742558 0.49769963 0.33873892 0.45625524 0.58746768 0.49642388 0.54557999
0.52026064 0.56622842 0.47025781 0.54919088 0.50624953 0.52837147 0.67789267 0.51439159 0.56075581 0.61170446 0.59446609 1.00000000 0.46101718 0.44622286 0.47096596 0.15850689 0.48525707 0.28488395 0.47607117 0.48783510 0.27934057 0.43429114 0.39273954 0.43371361 0.44560090 0.45528047 0.21443540 0.20665417 0.16670436 0.45130787 0.36776998 0.42088923 0.45905213 0.45639256 0.26715112 0.40037347 0.43812325 0.54640245 0.45310873 0.55297779 0.48227996 0.34827072 0.43945145 0.40204544 0.35679720 0.47395902 0.48592871 0.50067572 0.52395678 0.47081473 0.39305468 0.55212241 0.16319383 0.50112089 0.24838189 0.45515719 0.20280914 0.34070030 0.49972513 0.05278561 0.37507658 0.38727132 0.35113073 0.36234212 0.35577917 0.43809507 0.44342373 0.23279572 0.49646932 0.28000881 0.42362326 0.49858917 0.40597331 0.40308204 0.35836566 0.51502657 0.52929629 0.50816964
0.48933406 0.48249840 0.54511891 0.52592651 0.44169017 0.55106574 0.53872395 0.55382415 0.48165971 0.54761876 0.59975593 0.46101718 1.00000000 0.31040670 0.35679266 0.29984379 0.35193024 0.37348509 0.42392346 0.37403457 0.36500612 0.35427729 0.35688591 0.34832507 0.33206729 0.41405255 0.19857783 0.23821041 0.23143556 0.34215777 0.38649400 0.27680120 0.40023876 0.41002876 0.30291676 0.39712662 0.37080457 0.31700789 0.41182675 0.39250664 0.34872582 0.37300844 0.34277548 0.32019876 0.32321657 0.36019602 0.39172454 0.38682728 0.43833865 0.37898539 0.30443232 0.42157242 0.18414857 0.35813709 0.35175369 0.32393442 0.29728596 0.33310552 0.37516784 0.19702423 0.30314763 0.39597265 0.33943082 0.28843979 0.33068093 0.27413116 0.33291372 0.27268641 0.38326783 0.36305863 0.37556170 0.37812106 0.40716733 0.29007309 0.40892510 0.42739969 0.36152890 0.47355315
0.53116776 0.39477851 0.36668866 0.38678262 0.39289194 0.45171421 0.47136280 0.36362004 0.29299610 0.43119652 0.44461885 0.44622286 0.31040670 1.00000000 0.60583617 0.09817887 0.51746417 0.42650867 0.54703330 0.61652480 0.30960615 0.46932096 0.50258362 0.56125786 0.42296483 0.53092154 0.39440649 0.27488451 0.33098440 0.40803019 0.33856609 0.48247543 0.36246007 0.48495622 0.23823961 0.39115597 0.47214279 0.52015198 0.35173011 0.54567708 0.41427194 0.27569302 0.40052807 0.48067606 0.15952804 0.38986994 0.41411631 0.40040953 0.28905493 0.55856898 0.16583490 0.54548131 0.08269716 0.41828039 0.09927446 0.28430933 0.02424850 0.24038701 0.43735991 -0.03200142 0.23458137 0.37742249 0.27981203 0.19015258 0.10138567 0.37484906 0.21653420 0.35007488 0.41641894 0.24636797 0.36171953 0.37285302 0.44160166 0.22899947 0.30253629 0.40214943 0.39934289 0.45494732
0.58559109 0.48633589 0.38500581 0.39498939 0.48267570 0.51366763 0.51221126 0.36831218 0.31576042 0.49396581 0.55781193 0.47096596 0.35679266 0.60583617 1.00000000 0.19956748 0.60516785 0.52095537 0.65880318 0.70322693 0.39496169 0.52672484 0.50697899 0.63238829 0.54000193 0.62374321 0.33299931 0.20713899 0.35732874 0.38220027 0.39474852 0.55941487 0.38223250 0.57222754 0.17580959 0.44592746 0.50151153 0.51474425 0.41440186 0.65375126 0.40987181 0.29720197 0.36847683 0.55368093 0.12460010 0.42261764 0.42093504 0.39087845 0.28999396 0.62856627 0.13547933 0.58582753 -0.01486498 0.40148252 0.07534444 0.29747120 0.03565629 0.12583159 0.45191905 -0.15996961 0.22820817 0.32664436 0.28288522 0.03731047 -0.00185851 0.32588447 0.21539079 0.41334645 0.44096688 0.26160093 0.38837661 0.37120542 0.48360112 0.14350539 0.29818823 0.52671210 0.42138876 0.53258760
0.14799822 0.20669008 0.23539073 0.43656716 0.27849437 0.21450491 0.20893064 0.20658609 0.40201004 0.17307723 0.31331671 0.15850689 0.29984379 0.09817887 0.19956748 1.00000000 0.31850240 0.50259221 0.47448559 0.03864124 0.56376058 0.26475571 0.11701230 0.09420229 0.45066184 0.34066676 -0.13258754 0.14223835 -0.00260121 0.07543242 0.31373476 -0.11411109 0.21360662 0.08602793 0.24015840 0.09240069 -0.10025497 -0.02331178 0.19025146 0.08557654 -0.08580306 0.10886419 0.04964975 -0.06619526 0.15672299 0.07012533 0.13031698 0.14236490 0.29601162 0.03981152 0.35578982 0.08896951 0.43867901 0.18219416 0.42251637 0.40245331 0.48462528 0.27170020 0.05157947 0.36345819 0.40965719 0.18692196 0.31881039 0.35365774 0.42000399 -0.02029274 0.24103719 -0.06176175 0.24723522 0.49731891 0.13043243 0.18237085 0.07001949 0.10174129 0.19992970 0.23653780 0.27762454 0.23701965
0.50542784 0.41495821 0.32186460 0.53524491 0.39026618 0.47292920 0.55843394 0.38169069 0.41801258 0.37595481 0.47888623 0.48525707 0.35193024 0.51746417 0.60516785 0.31850240 1.00000000 0.50870212 0.65804671 0.65476766 0.45404438 0.66051818 0.39680353 0.49959340 0.60924236 0.66125375 0.31194159 0.16237586 0.16491814 0.50359677 0.31774337 0.41414814 0.46242672 0.47938979 0.26348103 0.34565965 0.32375681 0.48769176 0.44305565 0.61488096 0.37100082 0.33314320 0.51298254 0.43425177 0.27679063 0.51427268 0.52423217 0.53909867 0.36038301 0.51720358 0.35295442 0.59540587 0.16460593 0.44215722 0.14165812 0.50917441 0.22055024 0.32090106 0.59194791 -0.05248878 0.38813247 0.31762123 0.26811484 0.34073601 0.29883912 0.46408585 0.23915428 0.29293561 0.60739189 0.34816035 0.39710547 0.52380238 0.51224580 0.27154001 0.29817246 0.49787900 0.53460942 0.54711865
0.45677073 0.34758203 0.42322594 0.36945357 0.45939299 0.36966674 0.41830890 0.33122404 0.30355134 0.39932513 0.42532851 0.28488395 0.37348509 0.42650867 0.52095537 0.50259221 0.50870212 1.00000000 0.51114742 0.46244753 0.51327199 0.45473872 0.44276099 0.39748504 0.43450625 0.52099100 0.18521834 0.17645412 0.24072481 0.27829179 0.40378732 0.29217981 0.29886960 0.39976634 0.19285544 0.34574727 0.25068268 0.25179715 0.31775563 0.42365117 0.22066476 0.29558388 0.30110591 0.34361471 0.11947511 0.28591443 0.29309875 0.24019044 0.31330462 0.38559026 0.16329188 0.39260819 0.16098625 0.24974809 0.17425166 0.24129736 0.26231021 0.12734777 0.20689812 0.10422903 0.25077038 0.32706898 0.25542715 0.14307865 0.14811740 0.18739062 0.08893470 0.27902259 0.34349339 0.42992538 0.30839621 0.27912374 0.34811688 0.08750514 0.34946851 0.37071644 0.31007676 0.41855535
0.49905600 0.39864405 0.34349470 0.56671892 0.45080287 0.50329231 0.49942477 0.40734684 0.47706588 0.44729792 0.52647485 0.47607117 0.42392346 0.54703330 0.65880318 0.47448559 0.65804671 0.51114742 1.00000000 0.52082534 0.58528334 0.60163685 0.41675863 0.48407611 0.66767492 0.66870863 0.20360949 0.21959306 0.20253823 0.37430898 0.42526777 0.35810587 0.40399713 0.43750548 0.29473308 0.33012111 0.30860974 0.43022135 0.42379094 0.52862677 0.27220541 0.26407362 0.36373548 0.36406313 0.26506246 0.35779083 0.46408698 0.48575065 0.43455573 0.46664872 0.39845255 0.50779228 0.27777541 0.46563002 0.31170419 0.53852226 0.31422444 0.37044666 0.47874065 0.11323491 0.45154716 0.35343029 0.35888501 0.36352127 0.35060768 0.31756446 0.37383123 0.21993003 0.54170004 0.45070223 0.38932286 0.45018505 0.44945422 0.26516217 0.32990483 0.50573343 0.49817094 0.53589502
0.61968695 0.46593709 0.46117028 0.39775509 0.42893251 0.54842634 0.56622468 0.41136501 0.26629835 0.47606015 0.51781753 0.48783510 0.37403457 0.61652480 0.70322693 0.03864124 0.65476766 0.46244753 0.52082534 1.00000000 0.31607389 0.59331095 0.57556643 0.61524160 0.45859765 0.59065622 0.49122732 0.19146321 0.37563028 0.53847090 0.33523895 0.62349208 0.43089114 0.61405714 0.24057667 0.48572780 0.60772395 0.57678561 0.47669552 0.70423750 0.53979996 0.44495259 0.57618379 0.66206723 0.24032564 0.59053562 0.51574946 0.47991956 0.33567545 0.70367006 0.17404539 0.68546794 -0.07387409 0.44017726 0.08572196 0.28757915 0.02739827 0.20852037 0.60332652 -0.16605365 0.16717690 0.36790305 0.27422852 0.09841187 0.04004877 0.49066167 0.17379729 0.49775692 0.54125864 0.23023310 0.46720540 0.43167758 0.59271239 0.25358469 0.40031544 0.55153803 0.45087529 0.58767985
0.33400043 0.30467040 0.29351876 0.43657539 0.40761674 0.36366122 0.35603383 0.32494965 0.40677457 0.31563520 0.37204785 0.27934057 0.36500612 0.30960615 0.39496169 0.56376058 0.45404438 0.51327199 0.58528334 0.31607389 1.00000000 0.41081912 0.41999714 0.36111445 0.36814945 0.49949656 0.03480136 0.10281653 0.05377817 0.22619123 0.38289231 0.16911813 0.34431380 0.32272383 0.16502288 0.23472005 0.18142061 0.14284534 0.31605719 0.33858897 0.14881891 0.23672884 0.25854763 0.22878708 0.28088246 0.26565494 0.39328499 0.34564705 0.41869366 0.28375385 0.36063709 0.30412675 0.19631043 0.27040471 0.28485077 0.33881577 0.37080459 0.29162298 0.27684049 0.24371599 0.31974635 0.33053391 0.29296223 0.24771297 0.34220887 0.16052059 0.31521489 0.08738945 0.31239360 0.38780222 0.27087832 0.35229494 0.25415594 0.23959524 0.29207664 0.34720631 0.31447324 0.37128227
0.44595717 0.40998906 0.30292097 0.45291586 0.34231733 0.45772458 0.50429681 0.36751370 0.40312810 0.39986744 0.43544747 0.43429114 0.35427729 0.46932096 0.52672484 0.26475571 0.66051818 0.45473872 0.60163685 0.59331095 0.41081912 1.00000000 0.38553876 0.53205531 0.58350892 0.61909896 0.35404093 0.27856055 0.30724411 0.48338923 0.34139568 0.43568189 0.40683542 0.44689439 0.34037719 0.39710223 0.39217796 0.52694058 0.47482777 0.53116298 0.39435567 0.29939552 0.51112854 0.47597323 0.22495839 0.47130227 0.55783237 0.52006883 0.42587892 0.55300061 0.34776529 0.62776241 0.19211374 0.51472788 0.23082839 0.46952158 0.20644465 0.32149125 0.59999038 0.01884194 0.31531970 0.29100598 0.30555486 0.32297855 0.33025097 0.35569252 0.35072891 0.27700690 0.57090459 0.36605654 0.35467932 0.41543668 0.54641140 0.27549420 0.37381397 0.48053600 0.47999621 0.54214530
0.45309920 0.37194205 0.46398517 0.28445269 0.48818369 0.45155212 0.46440396 0.36137725 0.26999728 0.48114749 0.42558624 0.39273954 0.35688591 0.50258362 0.50697899 0.11701230 0.39680353 0.44276099 0.41675863 0.57556643 0.41999714 0.38553876 1.00000000 0.58272016 0.20597979 0.48135541 0.19818112 0.08878528 0.23210126 0.30183615 0.29330521 0.43987649 0.35605788 0.47280512 0.04422606 0.43149657 0.51797274 0.38427556 0.40503068 0.50753863 0.43911451 0.40377166 0.37658016 0.53204904 0.30903535 0.39787478 0.41973609 0.30138271 0.46991523 0.48080892 0.15053139 0.46764062 -0.14850279 0.32266101 0.12220831 0.11672150 0.10269270 0.16199359 0.37160285 -0.01421638 0.11802784 0.42729815 0.25111670 0.06590635 0.08701750 0.34297128 0.27181751 0.41581798 0.28221594 0.23122667 0.43248875 0.34514233 0.35927856 0.25254804 0.39613427 0.45854659 0.28539940 0.42993489
0.48592854 0.43605741 0.41116550 0.28217699 0.40802981 0.49836253 0.45846797 0.36656134 0.25680941 0.48263912 0.51116504 0.43371361 0.34832507 0.56125786 0.63238829 0.09420229 0.49959340 0.39748504 0.48407611 0.61524160 0.36111445 0.53205531 0.58272016 1.00000000 0.39266993 0.55742932 0.34686053 0.26911256 0.38020253 0.40858530 0.33318489 0.57371368 0.39094293 0.54549752 0.15043032 0.46389510 0.62568181 0.52897519 0.49649333 0.55258878 0.51188233 0.34391290 0.44809990 0.56841801 0.18516997 0.38308154 0.46206576 0.34212056 0.38396304 0.62194141 0.10970444 0.56925185 -0.05674023 0.44045945 0.11188282 0.20469941 -0.02022452 0.18731555 0.43993012 -0.07802944 0.11760447 0.36812582 0.37816604 0.06788917 0.08050389 0.35992959 0.35819714 0.43512441 0.39241252 0.20904588 0.42066081 0.34190959 0.46409629 0.26537700 0.36282822 0.50627311 0.37718066 0.48192323
0.39977984 0.36198547 0.25177345 0.53282781 0.26115507 0.42817562 0.42051162 0.31223493 0.38141535 0.36332570 0.44829779 0.44560090 0.33206729 0.42296483 0.54000193 0.45066184 0.60924236 0.43450625 0.66767492 0.45859765 0.36814945 0.58350892 0.20597979 0.39266993 1.00000000 0.59834691 0.28834547 0.36428925 0.28951740 0.39251421 0.39625036 0.30390600 0.33611843 0.35826086 0.44286676 0.29830776 0.24604795 0.47213974 0.38383384 0.42305931 0.19535115 0.13251062 0.30358027 0.21998610 0.06581001 0.25464579 0.34027412 0.42645099 0.27070504 0.40748882 0.33643825 0.43749831 0.42496262 0.46007516 0.30068673 0.58359299 0.25032741 0.38389535 0.41916119 0.11565384 0.45435568 0.20153002 0.38915148 0.47235095 0.34126411 0.22456532 0.30565152 0.11040782 0.53653680 0.41099541 0.21463544 0.29474346 0.40023666 0.17498637 0.26702763 0.37141249 0.49007796 0.45422437
0.49007576 0.43514843 0.38576772 0.52529963 0.39532614 0.46856027 0.52648760 0.43774858 0.43428235 0.45211788 0.49955432 0.45528047 0.41405255 0.53092154 0.62374321 0.34066676 0.66125375 0.52099100 0.66870863 0.59065622 0.49949656 0.61909896 0.48135541 0.55742932 0.59834691 1.00000000 0.30451881 0.32071246 0.31255695 0.45851233 0.43107395 0.44969496 0.43317402 0.54013156 0.38091341 0.41971571 0.43232594 0.47819869 0.45556288 0.56003003 0.40231878 0.35656290 0.49437874 0.47663983 0.22702149 0.42484892 0.51341844 0.50057660 0.43041498 0.56225475 0.29809704 0.60475418 0.19733907 0.50597590 0.25151680 0.48028177 0.18766915 0.38486191 0.50870791 0.17320000 0.37436618 0.41524383 0.38706614 0.33808837 0.34689988 0.38423544 0.34339558 0.30606408 0.57338863 0.38992606 0.42823905 0.44445060 0.54815888 0.32143933 0.41028812 0.48062227 0.46144125 0.58885531
0.47209633 0.29533942 0.27122878 0.19953820 0.16470152 0.35422033 0.29931844 0.27904514 0.04206966 0.27123615 0.28649075 0.21443540 0.19857783 0.39440649 0.33299931 -0.13258754 0.31194159 0.18521834 0.20360949 0.49122732 0.03480136 0.35404093 0.19818112 0.34686053 0.28834547 0.30451881 1.00000000 0.38938564 0.58111731 0.55917764 0.30514979 0.52832769 0.40690514 0.49922290 0.47009298 0.42742586 0.51803166 0.54561987 0.38145569 0.38501006 0.40159090 0.30233291 0.44434911 0.44589842 0.05707673 0.39107669 0.28645579 0.31265229 0.08016827 0.48781841 0.06678678 0.41993599 0.04526792 0.30418822 0.07115734 0.13669857 -0.03024890 0.15986733 0.42638969 -0.07286835 0.03587167 0.17481219 0.22621470 0.11506530 -0.05706022 0.34299338 -0.01668542 0.30889463 0.34499815 0.06779628 0.25795854 0.18922217 0.47897740 0.14874730 0.24123842 0.23216350 0.26036306 0.38725932
0.16029263 0.30783779 0.24548367 0.30918334 0.04999113 0.23182506 0.18767772 0.25675482 0.16452411 0.28860901 0.31750996 0.20665417 0.23821041 0.27488451 0.20713899 0.14223835 0.16237586 0.17645412 0.21959306 0.19146321 0.10281653 0.27856055 0.08878528 0.26911256 0.36428925 0.32071246 0.38938564 1.00000000 0.47160501 0.38000798 0.43633519 0.26878644 0.30184107 0.31191595 0.52061674 0.39079651 0.37924806 0.41973057 0.35476587 0.13646754 0.28430414 0.11875139 0.22567957 0.13479140 -0.07086645 0.10598123 0.16071143 0.23908544 0.12143308 0.33096213 0.07684210 0.28479713 0.32282193 0.38894019 0.27200719 0.25776715 0.00233415 0.29272466 0.18444233 0.23468285 0.21527768 0.17499237 0.38865017 0.29164980 0.21412089 0.07390244 0.24126009 0.14830377 0.25908267 0.19397937 0.12426766 0.05032311 0.32193490 0.14880940 0.24522228 0.13770279 0.15599611 0.26451393
0.36044453 0.30556315 0.34897954 0.13338772 0.19983453 0.36577597 0.24174858 0.24968934 0.06077838 0.36360851 0.33446868 0.16670436 0.23143556 0.33098440 0.35732874 -0.00260121 0.16491814 0.24072481 0.20253823 0.37563028 0.05377817 0.30724411 0.23210126 0.38020253 0.28951740 0.31255695 0.58111731 0.47160501 1.00000000 0.39151649 0.39407594 0.52381820 0.26507836 0.53692854 0.38014516 0.54077349 0.55292578 0.49000081 0.40038532 0.29677919 0.34087315 0.21436125 0.28508625 0.41355019 -0.05130781 0.26962864 0.17613686 0.18830418 0.10244294 0.51702033 -0.07425361 0.35037658 0.05028277 0.33265245 0.18912050 0.05348424 -0.03155004 0.11792649 0.23020738 0.00318942 0.00028936 0.20036891 0.35120905 0.02543814 -0.04965209 0.18406180 0.05002064 0.43174043 0.23440707 0.16124315 0.25813967 0.01590891 0.43902876 0.05322299 0.31065562 0.28174484 0.13662910 0.31567134
0.46592385 0.41781690 0.35615525 0.42364650 0.29590768 0.40100822 0.52480166 0.43259022 0.31426712 0.40562432 0.44143824 0.45130787 0.34215777 0.40803019 0.38220027 0.07543242 0.50359677 0.27829179 0.37430898 0.53847090 0.22619123 0.48338923 0.30183615 0.40858530 0.39251421 0.45851233 0.55917764 0.38000798 0.39151649 1.00000000 0.46195407 0.51192932 0.56718252 0.58402633 0.45342293 0.55300673 0.55136260 0.60322107 0.52020277 0.52788437 0.53272979 0.39857986 0.63184942 0.50158151 0.27380045 0.54603515 0.47497840 0.52482197 0.34779327 0.56441975 0.26470189 0.58274717 0.11566393 0.53206665 0.25781566 0.43216954 0.15544286 0.38027475 0.58441538 0.11337378 0.28300468 0.39457059 0.38813473 0.33018848 0.29078620 0.48389733 0.23082171 0.35463126 0.59381137 0.23154419 0.46440874 0.48388376 0.58522967 0.37243688 0.41845515 0.43711916 0.46786544 0.55948080
0.41053630 0.45204007 0.36418800 0.41709949 0.40863103 0.38095532 0.40579588 0.41698789 0.38508711 0.48178640 0.48849950 0.36776998 0.38649400 0.33856609 0.39474852 0.31373476 0.31774337 0.40378732 0.42526777 0.33523895 0.38289231 0.34139568 0.29330521 0.33318489 0.39625036 0.43107395 0.30514979 0.43633519 0.39407594 0.46195407 1.00000000 0.42615240 0.50455139 0.50410652 0.43879978 0.44850091 0.44140608 0.43572375 0.47607052 0.43591092 0.33417214 0.20267803 0.36079028 0.37478162 0.11724577 0.31303298 0.35777679 0.43189748 0.35129581 0.43257632 0.18362080 0.42617934 0.27763105 0.48950090 0.34473052 0.39614539 0.31220583 0.34454346 0.30544629 0.28941050 0.37168830 0.41954774 0.45204775 0.26706286 0.33874881 0.24592081 0.30377450 0.23900121 0.42085862 0.41989105 0.35497863 0.34592821 0.42892784 0.26971057 0.42368088 0.42726107 0.35147298 0.39751008
0.51111407 0.42520996 0.33371027 0.19862740 0.32724862 0.45539609 0.44488737 0.34597251 0.16298963 0.45743828 0.43986762 0.42088923 0.27680120 0.48247543 0.55941487 -0.11411109 0.41414814 0.29217981 0.35810587 0.62349208 0.16911813 0.43568189 0.43987649 0.57371368 0.30390600 0.44969496 0.52832769 0.26878644 0.52381820 0.51192932 0.42615240 1.00000000 0.39380763 0.67642662 0.23692473 0.55164496 0.70482573 0.64425403 0.56057272 0.64588563 0.56643954 0.30278125 0.52431501 0.64875304 0.13909016 0.50274455 0.45056516 0.42783631 0.26388960 0.67873784 0.01227965 0.60050281 -0.11110951 0.47155333 0.06655615 0.20384981 -0.05215176 0.18451599 0.50085745 -0.13001466 0.09899744 0.38353418 0.32919759 0.03263096 0.03333967 0.44582408 0.20284582 0.52252974 0.44754617 0.13983751 0.50373190 0.37212205 0.58167660 0.26245760 0.39933692 0.51180486 0.34928528 0.49670409
0.46149240 0.42881151 0.40428115 0.46057921 0.39516099 0.42129882 0.53083236 0.42545910 0.43159982 0.44109872 0.45741007 0.45905213 0.40023876 0.36246007 0.38223250 0.21360662 0.46242672 0.29886960 0.40399713 0.43089114 0.34431380 0.40683542 0.35605788 0.39094293 0.33611843 0.43317402 0.40690514 0.30184107 0.26507836 0.56718252 0.50455139 0.39380763 1.00000000 0.55360151 0.43641487 0.47124735 0.45927851 0.47803132 0.52844459 0.48977541 0.46539303 0.42648111 0.51385094 0.42981405 0.34529346 0.48233788 0.47923405 0.48113763 0.44654568 0.42499324 0.34609011 0.49483315 0.18020970 0.44039708 0.29714306 0.41398052 0.25789411 0.36737973 0.49507295 0.17038841 0.35288892 0.40578301 0.36042644 0.36167668 0.35004447 0.46811331 0.32697200 0.27058415 0.48985890 0.28439629 0.45828280 0.51829113 0.43315130 0.41804075 0.37477481 0.46169397 0.47571167 0.55033750
0.56359149 0.47857899 0.47549660 0.38219182 0.44212211 0.51933738 0.54934570 0.45987099 0.31375402 0.52325470 0.51890798 0.45639256 0.41002876 0.48495622 0.57222754 0.08602793 0.47938979 0.39976634 0.43750548 0.61405714 0.32272383 0.44689439 0.47280512 0.54549752 0.35826086 0.54013156 0.49922290 0.31191595 0.53692854 0.58402633 0.50410652 0.67642662 0.55360151 1.00000000 0.36833750 0.60691807 0.67276882 0.62154253 0.60151217 0.63659029 0.55081124 0.40880985 0.55769950 0.61867081 0.21830516 0.51328328 0.51216013 0.45285852 0.37165287 0.62877874 0.11969326 0.59837037 0.03378598 0.50046622 0.19234319 0.28417980 0.08585393 0.28596218 0.51103840 0.06437607 0.22748336 0.47439356 0.39188127 0.15914535 0.16445812 0.46113530 0.23975187 0.52102160 0.50921193 0.28701092 0.55732795 0.43568108 0.61536461 0.35287597 0.48433664 0.54260429 0.43369427 0.61911631
0.27292134 0.26445087 0.26279917 0.44528250 0.10617729 0.28821386 0.30171405 0.32788799 0.30849514 0.26800149 0.30561013 0.26715112 0.30291676 0.23823961 0.17580959 0.24015840 0.26348103 0.19285544 0.29473308 0.24057667 0.16502288 0.34037719 0.04422606 0.15043032 0.44286676 0.38091341 0.47009298 0.52061674 0.38014516 0.45342293 0.43879978 0.23692473 0.43641487 0.36833750 1.00000000 0.38756741 0.26570891 0.40617793 0.40352653 0.23705754 0.24381192 0.22825329 0.34371339 0.16835444 0.10801139 0.25144650 0.30236996 0.35487904 0.23678562 0.28227139 0.28298178 0.34839580 0.44327081 0.40489041 0.39673161 0.44740660 0.21778043 0.44982652 0.34816737 0.39456693 0.40280017 0.25015289 0.41500405 0.46564331 0.37304533 0.22477998 0.20777623 0.08794527 0.44670733 0.34964040 0.23072513 0.22893140 0.38067788 0.28747251 0.33946881 0.23123549 0.35700135 0.41707695
0.47613954 0.42255790 0.49467752 0.35515627 0.41067207 0.48477285 0.49902259 0.45484685 0.27221971 0.50690550 0.49113298 0.40037347 0.39712662 0.39115597 0.44592746 0.09240069 0.34565965 0.34574727 0.33012111 0.48572780 0.23472005 0.39710223 0.43149657 0.46389510 0.29830776 0.41971571 0.42742586 0.39079651 0.54077349 0.55300673 0.44850091 0.55164496 0.47124735 0.60691807 0.38756741 1.00000000 0.60782682 0.53028992 0.52969027 0.48105079 0.47714324 0.39731972 0.43044514 0.52041264 0.27868780 0.44324205 0.41379407 0.31016135 0.44783218 0.57922288 0.21162015 0.55589194 0.00038969 0.39963487 0.26901355 0.24267326 0.13712120 0.27859126 0.43718030 0.04966731 0.20213732 0.39202160 0.34299798 0.17748848 0.18518698 0.37588192 0.29210344 0.48166406 0.45213223 0.35710290 0.46505030 0.30467529 0.54269569 0.27735277 0.49312269 0.49012908 0.37263572 0.51289850
0.51171699 0.47687363 0.49561729 0.26277680 0.38702408 0.54350376 0.45244726 0.41789873 0.19767338 0.52754316 0.52835936 0.43812325 0.37080457 0.47214279 0.50151153 -0.10025497 0.32375681 0.25068268 0.30860974 0.60772395 0.18142061 0.39217796 0.51797274 0.62568181 0.24604795 0.43232594 0.51803166 0.37924806 0.55292578 0.55136260 0.44140608 0.70482573 0.45927851 0.67276882 0.26570891 0.60782682 1.00000000 0.63794012 0.56569162 0.54423120 0.63844923 0.42601747 0.51792325 0.64605166 0.23911272 0.50611223 0.45938976 0.40506986 0.37141774 0.68611700 0.10121889 0.57836468 -0.14774693 0.46903106 0.16252611 0.12627430 -0.03952306 0.25828752 0.48599561 -0.02978834 0.05964311 0.43080103 0.41321034 0.05871106 0.04830094 0.42931828 0.32191976 0.54715492 0.39695180 0.16683045 0.51826467 0.33229697 0.56977526 0.34989520 0.47313189 0.50761600 0.33034804 0.48654630
0.50257126 0.49308355 0.36284596 0.36395766 0.34476205 0.46787380 0.53043523 0.40320016 0.30336098 0.49627151 0.50697838 0.54640245 0.31700789 0.52015198 0.51474425 -0.02331178 0.48769176 0.25179715 0.43022135 0.57678561 0.14284534 0.52694058 0.38427556 0.52897519 0.47213974 0.47819869 0.54561987 0.41973057 0.49000081 0.60322107 0.43572375 0.64425403 0.47803132 0.62154253 0.40617793 0.53028992 0.63794012 1.00000000 0.57031919 0.58846142 0.56713365 0.30911709 0.52403314 0.54949030 0.16735284 0.50829588 0.49315442 0.51525884 0.36818108 0.63382138 0.23137794 0.62636179 0.07851203 0.55482824 0.17052093 0.36668555 0.00997477 0.30090028 0.54120688 -0.04245658 0.23798162 0.34902973 0.38690449 0.27422711 0.17769529 0.46204691 0.31782241 0.40851097 0.53891400 0.18618824 0.45166084 0.38053288 0.58587685 0.31511626 0.38809636 0.47425598 0.47524625 0.50921600
0.43432767 0.46813489 0.39849388 0.40053665 0.37778516 0.48264999 0.47853727 0.43664963 0.35794422 0.48539635 0.48369126 0.45310873 0.41182675 0.35173011 0.41440186 0.19025146 0.44305565 0.31775563 0.42379094 0.47669552 0.31605719 0.47482777 0.40503068 0.49649333 0.38383384 0.45556288 0.38145569 0.35476587 0.40038532 0.52020277 0.47607052 0.56057272 0.52844459 0.60151217 0.40352653 0.52969027 0.56569162 0.57031919 1.00000000 0.52324839 0.48447651 0.36285525 0.50416248 0.48395152 0.27500139 0.45978343 0.49093141 0.49025240 0.44760440 0.49949856 0.23517394 0.53847155 0.17869696 0.53152602 0.31324205 0.36890629 0.21517292 0.37959347 0.49616358 0.14743243 0.28973967 0.43113144 0.44591243 0.31337955 0.37227775 0.40663773 0.38007532 0.36981484 0.49075739 0.32965426 0.46648182 0.43124675 0.52258154 0.40590694 0.47372345 0.52395715 0.45797560 0.53919313
0.61930332 0.49263389 0.41892747 0.41745947 0.51621515 0.50694261 0.61429887 0.43881051 0.35255935 0.53744560 0.54903510 0.55297779 0.39250664 0.54567708 0.65375126 0.08557654 0.61488096 0.42365117 0.52862677 0.70423750 0.33858897 0.53116298 0.50753863 0.55258878 0.42305931 0.56003003 0.38501006 0.13646754 0.29677919 0.52788437 0.43591092 0.64588563 0.48977541 0.63659029 0.23705754 0.48105079 0.54423120 0.58846142 0.52324839 1.00000000 0.56843806 0.40306465 0.61319172 0.71338521 0.26958266 0.58363273 0.60951388 0.60738295 0.42321957 0.67704242 0.19177457 0.73231283 0.02257859 0.52568136 0.12055036 0.41367637 0.15553516 0.26019847 0.59999814 -0.07216084 0.34481903 0.48057688 0.33033260 0.16508903 0.20103100 0.55160534 0.24164962 0.45278271 0.56815575 0.29790540 0.54076934 0.55687767 0.59321697 0.33255221 0.42430582 0.60100510 0.52077451 0.59639242
0.46318340 0.49303500 0.44671158 0.29320512 0.36493726 0.41289079 0.52912104 0.45514255 0.34582453 0.52011541 0.48003999 0.48227996 0.34872582 0.41427194 0.40987181 -0.08580306 0.37100082 0.22066476 0.27220541 0.53979996 0.14881891 0.39435567 0.43911451 0.51188233 0.19535115 0.40231878 0.40159090 0.28430414 0.34087315 0.53272979 0.33417214 0.56643954 0.46539303 0.55081124 0.24381192 0.47714324 0.63844923 0.56713365 0.48447651 0.56843806 1.00000000 0.54666583 0.64757785 0.62219057 0.39383580 0.62460978 0.58091466 0.55423608 0.52127495 0.62613345 0.27328058 0.66650512 -0.08841194 0.50033739 0.21654488 0.27042329 0.05294684 0.30171496 0.54076875 0.06776895 0.19329312 0.43644885 0.37861393 0.16834596 0.21511132 0.53440776 0.35640535 0.46512973 0.47745275 0.15291483 0.53710561 0.48330301 0.54091334 0.47204270 0.48122365 0.52186431 0.42935005 0.52641563
0.43089188 0.34176731 0.50277251 0.35442444 0.36159523 0.39074294 0.45618156 0.39923730 0.33823879 0.39700268 0.39888747 0.34827072 0.37300844 0.27569302 0.29720197 0.10886419 0.33314320 0.29558388 0.26407362 0.44495259 0.23672884 0.29939552 0.40377166 0.34391290 0.13251062 0.35656290 0.30233291 0.11875139 0.21436125 0.39857986 0.20267803 0.30278125 0.42648111 0.40880985 0.22825329 0.39731972 0.42601747 0.30911709 0.36285525 0.40306465 0.54666583 1.00000000 0.53793152 0.47036463 0.52471445 0.58905827 0.41895271 0.34773593 0.51451906 0.44488933 0.42315926 0.51439026 -0.05851529 0.28418435 0.23302822 0.22376175 0.18749172 0.25870754 0.41072167 0.12899722 0.12957556 0.36313531 0.25645010 0.19052468 0.19103541 0.46038187 0.21352415 0.34671501 0.37998179 0.26346622 0.44585902 0.41857284 0.40688466 0.36565156 0.36608606 0.43033902 0.38379603 0.49706988
0.48049997 0.40438299 0.38907349 0.39384045 0.31400126 0.42457372 0.54894884 0.42201175 0.35687147 0.42031498 0.40510125 0.43945145 0.34277548 0.40052807 0.36847683 0.04964975 0.51298254 0.30110591 0.36373548 0.57618379 0.25854763 0.51112854 0.37658016 0.44809990 0.30358027 0.49437874 0.44434911 0.22567957 0.28508625 0.63184942 0.36079028 0.52431501 0.51385094 0.55769950 0.34371339 0.43044514 0.51792325 0.52403314 0.50416248 0.61319172 0.64757785 0.53793152 1.00000000 0.59465799 0.38160304 0.63898362 0.62793970 0.62539549 0.43613451 0.61718415 0.29110313 0.63089602 0.06124115 0.51934871 0.23785269 0.40514955 0.18310475 0.38245725 0.64324665 0.14440194 0.27271580 0.44837209 0.36045386 0.27518263 0.34085329 0.55281049 0.27594367 0.39977294 0.60217393 0.23998316 0.54800431 0.54909761 0.62004845 0.45036353 0.47725644 0.50247770 0.48926956 0.56865858
0.55753397 0.43098896 0.44928479 0.23090889 0.46350095 0.47054860 0.50380780 0.39714625 0.20755121 0.52111910 0.45951893 0.40204544 0.32019876 0.48067606 0.55368093 -0.06619526 0.43425177 0.34361471 0.36406313 0.66206723 0.22878708 0.47597323 0.53204904 0.56841801 0.21998610 0.47663983 0.44589842 0.13479140 0.41355019 0.50158151 0.37478162 0.64875304 0.42981405 0.61867081 0.16835444 0.52041264 0.64605166 0.54949030 0.48395152 0.71338521 0.62219057 0.47036463 0.59465799 1.00000000 0.23728240 0.61565191 0.55310128 0.44971366 0.42580014 0.72438788 0.13074468 0.67490079 -0.17569152 0.43110425 0.07689736 0.17091931 0.05941642 0.12926653 0.55923484 -0.11492087 0.10048166 0.45207434 0.27389729 -0.02169236 0.03098455 0.47843779 0.18984609 0.53462663 0.44394076 0.22718638 0.53433755 0.40221477 0.58862380 0.26827814 0.46434037 0.53283349 0.37466546 0.51926798
0.25067443 0.23862338 0.32069288 0.36763255 0.33766319 0.32702616 0.39823780 0.36195266 0.42444518 0.29613427 0.25663449 0.35679720 0.32321657 0.15952804 0.12460010 0.15672299 0.27679063 0.11947511 0.26506246 0.24032564 0.28088246 0.22495839 0.30903535 0.18516997 0.06581001 0.22702149 0.05707673 -0.07086645 -0.05130781 0.27380045 0.11724577 0.13909016 0.34529346 0.21830516 0.10801139 0.27868780 0.23911272 0.16735284 0.27500139 0.26958266 0.39383580 0.52471445 0.38160304 0.23728240 1.00000000 0.51362537 0.45141631 0.41388938 0.60523052 0.21657924 0.57340817 0.38009574 -0.01413677 0.22537831 0.30570596 0.28692301 0.30390227 0.34077448 0.38738368 0.17142591 0.22817840 0.23857400 0.16964431 0.28729222 0.40214152 0.43342520 0.39982302 0.13046088 0.33825233 0.25280929 0.38782958 0.48277784 0.25231800 0.45414328 0.28210449 0.42262232 0.35940879 0.36196726
0.50072152 0.47056080 0.42067643 0.40285629 0.42527879 0.47226782 0.57306417 0.44203370 0.39865911 0.46007949 0.46635128 0.47395902 0.36019602 0.38986994 0.42261764 0.07012533 0.51427268 0.28591443 0.35779083 0.59053562 0.26565494 0.47130227 0.39787478 0.38308154 0.25464579 0.42484892 0.39107669 0.10598123 0.26962864 0.54603515 0.31303298 0.50274455 0.48233788 0.51328328 0.25144650 0.44324205 0.50611223 0.50829588 0.45978343 0.58363273 0.62460978 0.58905827 0.63898362 0.61565191 0.51362537 1.00000000 0.58399937 0.54336549 0.52201735 0.61005648 0.43143752 0.63462915 -0.06486477 0.40799271 0.19062031 0.32675075 0.18623159 0.27267573 0.60302175 -0.02185978 0.19976251 0.37584073 0.26176828 0.18398767 0.23179104 0.53593066 0.25433099 0.38300907 0.53391229 0.25477320 0.49416917 0.51396731 0.54340986 0.39382888 0.38231097 0.53011428 0.47092285 0.53171536
0.43307738 0.41562353 0.33054096 0.43271420 0.40099488 0.44653699 0.54566470 0.45925353 0.41799445 0.44267732 0.41463024 0.48592871 0.39172454 0.41411631 0.42093504 0.13031698 0.52423217 0.29309875 0.46408698 0.51574946 0.39328499 0.55783237 0.41973609 0.46206576 0.34027412 0.51341844 0.28645579 0.16071143 0.17613686 0.47497840 0.35777679 0.45056516 0.47923405 0.51216013 0.30236996 0.41379407 0.45938976 0.49315442 0.49093141 0.60951388 0.58091466 0.41895271 0.62793970 0.55310128 0.45141631 0.58399937 1.00000000 0.60218698 0.58158646 0.53661044 0.42033343 0.68123223 0.08868801 0.49509439 0.23444903 0.46794069 0.24872869 0.43107964 0.63984946 0.15926426 0.39196287 0.45855113 0.33383904 0.34418719 0.43504734 0.50195393 0.43300848 0.29195822 0.55781854 0.33201283 0.51296784 0.57818809 0.53501288 0.50665412 0.44995989 0.52148356 0.53686536 0.57582422
0.41614207 0.45963839 0.27583727 0.48774653 0.32405509 0.41003069 0.51266808 0.43052503 0.47324475 0.44987449 0.41021387 0.50067572 0.38682728 0.40040953 0.39087845 0.14236490 0.53909867 0.24019044 0.48575065 0.47991956 0.34564705 0.52006883 0.30138271 0.34212056 0.42645099 0.50057660 0.31265229 0.23908544 0.18830418 0.52482197 0.43189748 0.42783631 0.48113763 0.45285852 0.35487904 0.31016135 0.40506986 0.51525884 0.49025240 0.60738295 0.55423608 0.34773593 0.62539549 0.44971366 0.41388938 0.54336549 0.60218698 1.00000000 0.47940759 0.48454978 0.39839419 0.65948851 0.23788874 0.60288573 0.30466618 0.55081177 0.28169542 0.48432642 0.60975109 0.19867714 0.45683435 0.40636542 0.39351673 0.42087541 0.51559040 0.49645038 0.40558845 0.20885073 0.55708710 0.27044870 0.46472069 0.57065028 0.53870206 0.46504373 0.41267404 0.50690826 0.50016687 0.51096779
0.38760490 0.44295455 0.44066480 0.47472608 0.52741133 0.44893420 0.58999180 0.51118823 0.59222317 0.54488597 0.49345514 0.52395678 0.43833865 0.28905493 0.28999396 0.29601162 0.36038301 0.31330462 0.43455573 0.33567545 0.41869366 0.42587892 0.46991523 0.38396304 0.27070504 0.43041498 0.08016827 0.12143308 0.10244294 0.34779327 0.35129581 0.26388960 0.44654568 0.37165287 0.23678562 0.44783218 0.37141774 0.36818108 0.44760440 0.42321957 0.52127495 0.51451906 0.43613451 0.42580014 0.60523052 0.52201735 0.58158646 0.47940759 1.00000000 0.38943310 0.66026883 0.54760381 0.08591304 0.43186523 0.42575204 0.43213466 0.41522266 0.41432792 0.45181855 0.26142096 0.36464843 0.41571341 0.34525702 0.40602584 0.55309306 0.44690275 0.61183361 0.22223171 0.47117011 0.45664122 0.46635155 0.53695829 0.39909477 0.53651096 0.48631437 0.54005569 0.51315565 0.48172364
0.56074040 0.52155380 0.46059898 0.36395465 0.44551306 0.53139952 0.53169947 0.43140631 0.28381574 0.51548579 0.58403679 0.47081473 0.37898539 0.55856898 0.62856627 0.03981152 0.51720358 0.38559026 0.46664872 0.70367006 0.28375385 0.55300061 0.48080892 0.62194141 0.40748882 0.56225475 0.48781841 0.33096213 0.51702033 0.56441975 0.43257632 0.67873784 0.42499324 0.62877874 0.28227139 0.57922288 0.68611700 0.63382138 0.49949856 0.67704242 0.62613345 0.44488933 0.61718415 0.72438788 0.21657924 0.61005648 0.53661044 0.48454978 0.38943310 1.00000000 0.22119430 0.73331189 -0.05185641 0.52193978 0.17264945 0.28982081 0.03414717 0.21237233 0.57363640 -0.08568064 0.16148120 0.40307357 0.38246110 0.07994282 0.08333372 0.41601455 0.28664408 0.52137317 0.53036486 0.26947044 0.49448223 0.38244233 0.64234655 0.25844718 0.44139322 0.56470823 0.41096183 0.55334081
0.25211197 0.28006817 0.20300632 0.50246949 0.31608966 0.28881218 0.40876426 0.37186931 0.53977011 0.24908277 0.32493980 0.39305468 0.30443232 0.16583490 0.13547933 0.35578982 0.35295442 0.16329188 0.39845255 0.17404539 0.36063709 0.34776529 0.15053139 0.10970444 0.33643825 0.29809704 0.06678678 0.07684210 -0.07425361 0.26470189 0.18362080 0.01227965 0.34609011 0.11969326 0.28298178 0.21162015 0.10121889 0.23137794 0.23517394 0.19177457 0.27328058 0.42315926 0.29110313 0.13074468 0.57340817 0.43143752 0.42033343 0.39839419 0.66026883 0.22119430 1.00000000 0.33147457 0.19407431 0.25573427 0.38005242 0.48905788 0.41043991 0.42045337 0.39298408 0.23883549 0.36767273 0.14997620 0.18847014 0.50762563 0.50953697 0.29581175 0.51183261 -0.08277616 0.43896912 0.41277132 0.22173760 0.44862678 0.22849384 0.39937674 0.23647766 0.33648725 0.48891369 0.35345181
0.52680542 0.52307227 0.43595306 0.46591550 0.43725078 0.49564907 0.63479473 0.50003541 0.42895697 0.54119011 0.54013173 0.55212241 0.42157242 0.54548131 0.58582753 0.08896951 0.59540587 0.39260819 0.50779228 0.68546794 0.30412675 0.62776241 0.46764062 0.56925185 0.43749831 0.60475418 0.41993599 0.28479713 0.35037658 0.58274717 0.42617934 0.60050281 0.49483315 0.59837037 0.34839580 0.55589194 0.57836468 0.62636179 0.53847155 0.73231283 0.66650512 0.51439026 0.63089602 0.67490079 0.38009574 0.63462915 0.68123223 0.65948851 0.54760381 0.73331189 0.33147457 1.00000000 0.08416935 0.62612168 0.24487489 0.48828817 0.16824878 0.38265967 0.64361666 0.05906306 0.37513620 0.45271748 0.37943977 0.28057820 0.33741281 0.55298197 0.38735790 0.44080581 0.63765944 0.34363375 0.55813609 0.55360153 0.67040744 0.41299359 0.48805352 0.60770308 0.52694273 0.63618447
0.01033444 0.08570744 0.03537760 0.35644752 -0.00676514 0.10759692 0.12306794 0.09799235 0.30327544 0.10334537 0.15571242 0.16319383 0.18414857 0.08269716 -0.01486498 0.43867901 0.16460593 0.16098625 0.27777541 -0.07387409 0.19631043 0.19211374 -0.14850279 -0.05674023 0.42496262 0.19733907 0.04526792 0.32282193 0.05028277 0.11566393 0.27763105 -0.11110951 0.18020970 0.03378598 0.44327081 0.00038969 -0.14774693 0.07851203 0.17869696 0.02257859 -0.08841194 -0.05851529 0.06124115 -0.17569152 -0.01413677 -0.06486477 0.08868801 0.23788874 0.08591304 -0.05185641 0.19407431 0.08416935 1.00000000 0.37902783 0.45397443 0.57273675 0.42213943 0.44619319 0.13918660 0.49488809 0.51528395 0.15817915 0.41294383 0.53755475 0.54354673 0.02168522 0.18229839 -0.16731474 0.27950262 0.39959487 0.03985598 0.10911720 0.09337713 0.13641547 0.15445546 0.10438704 0.27943812 0.20314893
0.36236378 0.49738162 0.30979571 0.43679796 0.31457245 0.39159210 0.49831981 0.39761866 0.45154464 0.49908521 0.47869265 0.50112089 0.35813709 0.41828039 0.40148252 0.18219416 0.44215722 0.24974809 0.46563002 0.44017726 0.27040471 0.51472788 0.32266101 0.44045945 0.46007516 0.50597590 0.30418822 0.38894019 0.33265245 0.53206665 0.48950090 0.47155333 0.44039708 0.50046622 0.40489041 0.39963487 0.46903106 0.55482824 0.53152602 0.52568136 0.50033739 0.28418435 0.51934871 0.43110425 0.22537831 0.40799271 0.49509439 0.60288573 0.43186523 0.52193978 0.25573427 0.62612168 0.37902783 1.00000000 0.45265227 0.62222332 0.29828159 0.56026817 0.56746681 0.29643374 0.50883942 0.50351365 0.60575537 0.44757856 0.57089417 0.44658797 0.48017786 0.32705309 0.59743392 0.38815110 0.47306173 0.48588827 0.57600672 0.42880900 0.49693999 0.54148611 0.50857012 0.50698358
0.13965881 0.23694014 0.30724230 0.42389823 0.21481123 0.28680653 0.29056672 0.32899858 0.44007175 0.31161524 0.34767773 0.24838189 0.35175369 0.09927446 0.07534444 0.42251637 0.14165812 0.17425166 0.31170419 0.08572196 0.28485077 0.23082839 0.12220831 0.11188282 0.30068673 0.25151680 0.07115734 0.27200719 0.18912050 0.25781566 0.34473052 0.06655615 0.29714306 0.19234319 0.39673161 0.26901355 0.16252611 0.17052093 0.31324205 0.12055036 0.21654488 0.23302822 0.23785269 0.07689736 0.30570596 0.19062031 0.23444903 0.30466618 0.42575204 0.17264945 0.38005242 0.24487489 0.45397443 0.45265227 1.00000000 0.49681049 0.50210379 0.51996887 0.28288967 0.50877669 0.47098625 0.29462250 0.54101792 0.52988382 0.58412792 0.19674644 0.43025463 0.11728298 0.38226967 0.45988211 0.30601074 0.26938377 0.28788448 0.34671341 0.44776918 0.36615177 0.31005781 0.30717171
0.27991413 0.29829783 0.16155991 0.58803099 0.22203653 0.27274311 0.47228205 0.33608633 0.54157187 0.31872847 0.40297307 0.45515719 0.32393442 0.28430933 0.29747120 0.40245331 0.50917441 0.24129736 0.53852226 0.28757915 0.33881577 0.46952158 0.11672150 0.20469941 0.58359299 0.48028177 0.13669857 0.25776715 0.05348424 0.43216954 0.39614539 0.20384981 0.41398052 0.28417980 0.44740660 0.24267326 0.12627430 0.36668555 0.36890629 0.41367637 0.27042329 0.22376175 0.40514955 0.17091931 0.28692301 0.32675075 0.46794069 0.55081177 0.43213466 0.28982081 0.48905788 0.48828817 0.57273675 0.62222332 0.49681049 1.00000000 0.48445675 0.65319049 0.54880068 0.41177122 0.74226075 0.39994375 0.50734185 0.64122335 0.72402881 0.39453895 0.45499944 0.00953657 0.66744462 0.50557506 0.34613804 0.56171365 0.41260152 0.44991103 0.36116113 0.44905211 0.59065847 0.51859473
0.18804571 0.16965339 0.19737564 0.38286680 0.34844983 0.21166377 0.26242974 0.25874004 0.38443038 0.25977009 0.25360495 0.20280914 0.29728596 0.02424850 0.03565629 0.48462528 0.22055024 0.26231021 0.31422444 0.02739827 0.37080459 0.20644465 0.10269270 -0.02022452 0.25032741 0.18766915 -0.03024890 0.00233415 -0.03155004 0.15544286 0.31220583 -0.05215176 0.25789411 0.08585393 0.21778043 0.13712120 -0.03952306 0.00997477 0.21517292 0.15553516 0.05294684 0.18749172 0.18310475 0.05941642 0.30390227 0.18623159 0.24872869 0.28169542 0.41522266 0.03414717 0.41043991 0.16824878 0.42213943 0.29828159 0.50210379 0.48445675 1.00000000 0.40047828 0.27256027 0.41054794 0.51058906 0.31602949 0.31639795 0.44973679 0.52835534 0.16490248 0.26339290 -0.04240368 0.32964299 0.49451182 0.22261515 0.30108675 0.19797615 0.25669087 0.28395207 0.31978620 0.33155968 0.24622761
0.20635319 0.20084679 0.24222878 0.50641122 0.15147418 0.32023819 0.35209927 0.34561409 0.40531863 0.25937338 0.30123512 0.34070030 0.33310552 0.24038701 0.12583159 0.27170020 0.32090106 0.12734777 0.37044666 0.20852037 0.29162298 0.32149125 0.16199359 0.18731555 0.38389535 0.38486191 0.15986733 0.29272466 0.11792649 0.38027475 0.34454346 0.18451599 0.36737973 0.28596218 0.44982652 0.27859126 0.25828752 0.30090028 0.37959347 0.26019847 0.30171496 0.25870754 0.38245725 0.12926653 0.34077448 0.27267573 0.43107964 0.48432642 0.41432792 0.21237233 0.42045337 0.38265967 0.44619319 0.56026817 0.51996887 0.65319049 0.40047828 1.00000000 0.47467918 0.53638943 0.61297243 0.43395461 0.51539941 0.66034610 0.69830535 0.39418956 0.46275912 0.08557041 0.53337541 0.43092122 0.37106416 0.45254254 0.40002773 0.53404034 0.45004695 0.34685746 0.46795539 0.39699351
0.50085406 0.39222685 0.33208676 0.46937216 0.36862314 0.46915359 0.57236000 0.43729842 0.39605288 0.41159280 0.44274045 0.49972513 0.37516784 0.43735991 0.45191905 0.05157947 0.59194791 0.20689812 0.47874065 0.60332652 0.27684049 0.59999038 0.37160285 0.43993012 0.41916119 0.50870791 0.42638969 0.18444233 0.23020738 0.58441538 0.30544629 0.50085745 0.49507295 0.51103840 0.34816737 0.43718030 0.48599561 0.54120688 0.49616358 0.59999814 0.54076875 0.41072167 0.64324665 0.55923484 0.38738368 0.60302175 0.63984946 0.60975109 0.45181855 0.57363640 0.39298408 0.64361666 0.13918660 0.56746681 0.28288967 0.54880068 0.27256027 0.47467918 1.00000000 0.07630649 0.39752056 0.48146692 0.36726878 0.39668766 0.39202931 0.58871268 0.38170511 0.33321291 0.67548971 0.32549961 0.51297717 0.60065599 0.63051609 0.49103846 0.44597398 0.56948990 0.58669741 0.64424381
-0.03376819 0.05555468 0.13729787 0.28844801 0.03496104 0.04747062 0.09323619 0.21463684 0.28286252 0.12402380 0.09565508 0.05278561 0.19702423 -0.03200142 -0.15996961 0.36345819 -0.05248878 0.10422903 0.11323491 -0.16605365 0.24371599 0.01884194 -0.01421638 -0.07802944 0.11565384 0.17320000 -0.07286835 0.23468285 0.00318942 0.11337378 0.28941050 -0.13001466 0.17038841 0.06437607 0.39456693 0.04966731 -0.02978834 -0.04245658 0.14743243 -0.07216084 0.06776895 0.12899722 0.14440194 -0.11492087 0.17142591 -0.02185978 0.15926426 0.19867714 0.26142096 -0.08568064 0.23883549 0.05906306 0.49488809 0.29643374 0.50877669 0.41177122 0.41054794 0.53638943 0.07630649 1.00000000 0.45357398 0.37414479 0.45972089 0.45661329 0.58324774 0.06875503 0.27085377 -0.10403097 0.24798788 0.37488355 0.16536639 0.20495188 0.13449554 0.36204719 0.34586674 0.08931570 0.21593667 0.20008455
0.23505907 0.22007817 0.18214593 0.49373361 0.24034801 0.20828997 0.39207602 0.30611924 0.48453438 0.28181297 0.32949543 0.37507658 0.30314763 0.23458137 0.22820817 0.40965719 0.38813247 0.25077038 0.45154716 0.16717690 0.31974635 0.31531970 0.11802784 0.11760447 0.45435568 0.37436618 0.03587167 0.21527768 0.00028936 0.28300468 0.37168830 0.09899744 0.35288892 0.22748336 0.40280017 0.20213732 0.05964311 0.23798162 0.28973967 0.34481903 0.19329312 0.12957556 0.27271580 0.10048166 0.22817840 0.19976251 0.39196287 0.45683435 0.36464843 0.16148120 0.36767273 0.37513620 0.51528395 0.50883942 0.47098625 0.74226075 0.51058906 0.61297243 0.39752056 0.45357398 1.00000000 0.40078903 0.44697761 0.57876150 0.66895040 0.30958166 0.37616233 0.02073596 0.54503379 0.50106853 0.31777145 0.50191177 0.32300116 0.43021326 0.35739038 0.36736374 0.50604396 0.39702337
0.43115403 0.35613244 0.38412236 0.34552728 0.40465029 0.34965364 0.42733176 0.38806818 0.34940909 0.44450714 0.42673077 0.38727132 0.39597265 0.37742249 0.32664436 0.18692196 0.31762123 0.32706898 0.35343029 0.36790305 0.33053391 0.29100598 0.42729815 0.36812582 0.20153002 0.41524383 0.17481219 0.17499237 0.20036891 0.39457059 0.41954774 0.38353418 0.40578301 0.47439356 0.25015289 0.39202160 0.43080103 0.34902973 0.43113144 0.48057688 0.43644885 0.36313531 0.44837209 0.45207434 0.23857400 0.37584073 0.45855113 0.40636542 0.41571341 0.40307357 0.14997620 0.45271748 0.15817915 0.50351365 0.29462250 0.39994375 0.31602949 0.43395461 0.48146692 0.37414479 0.40078903 1.00000000 0.47184646 0.25027131 0.39334661 0.45554998 0.29715561 0.35962433 0.44166399 0.36269841 0.54867475 0.50375916 0.44474490 0.44455227 0.51040575 0.46223544 0.40917599 0.47986770
0.30905180 0.37285411 0.35743739 0.39210582 0.27200702 0.36866191 0.31494939 0.32360789 0.35290582 0.41071723 0.47204419 0.35113073 0.33943082 0.27981203 0.28288522 0.31881039 0.26811484 0.25542715 0.35888501 0.27422852 0.29296223 0.30555486 0.25111670 0.37816604 0.38915148 0.38706614 0.22621470 0.38865017 0.35120905 0.38813473 0.45204775 0.32919759 0.36042644 0.39188127 0.41500405 0.34299798 0.41321034 0.38690449 0.44591243 0.33033260 0.37861393 0.25645010 0.36045386 0.27389729 0.16964431 0.26176828 0.33383904 0.39351673 0.34525702 0.38246110 0.18847014 0.37943977 0.41294383 0.60575537 0.54101792 0.50734185 0.31639795 0.51539941 0.36726878 0.45972089 0.44697761 0.47184646 1.00000000 0.40976046 0.47280813 0.31032807 0.40411227 0.25643157 0.47165990 0.41492308 0.42232964 0.35352344 0.39861636 0.44012402 0.50552201 0.45782387 0.42357284 0.43334775
0.15011085 0.18654533 0.17464478 0.52184039 0.13649754 0.24684416 0.34039626 0.30285849 0.44467760 0.22397123 0.24684254 0.36234212 0.28843979 0.19015258 0.03731047 0.35365774 0.34073601 0.14307865 0.36352127 0.09841187 0.24771297 0.32297855 0.06590635 0.06788917 0.47235095 0.33808837 0.11506530 0.29164980 0.02543814 0.33018848 0.26706286 0.03263096 0.36167668 0.15914535 0.46564331 0.17748848 0.05871106 0.27422711 0.31337955 0.16508903 0.16834596 0.19052468 0.27518263 -0.02169236 0.28729222 0.18398767 0.34418719 0.42087541 0.40602584 0.07994282 0.50762563 0.28057820 0.53755475 0.44757856 0.52988382 0.64122335 0.44973679 0.66034610 0.39668766 0.45661329 0.57876150 0.25027131 0.40976046 1.00000000 0.68640590 0.28981855 0.40532746 -0.06927172 0.47912395 0.40132672 0.21730052 0.38433255 0.28040191 0.41613026 0.29879271 0.23559389 0.47806433 0.35380949
0.06615014 0.23337193 0.15295620 0.49705121 0.18348821 0.19577091 0.37793358 0.32533080 0.55245586 0.27879332 0.28350629 0.35577917 0.33068093 0.10138567 -0.00185851 0.42000399 0.29883912 0.14811740 0.35060768 0.04004877 0.34220887 0.33025097 0.08701750 0.08050389 0.34126411 0.34689988 -0.05706022 0.21412089 -0.04965209 0.29078620 0.33874881 0.03333967 0.35004447 0.16445812 0.37304533 0.18518698 0.04830094 0.17769529 0.37227775 0.20103100 0.21511132 0.19103541 0.34085329 0.03098455 0.40214152 0.23179104 0.43504734 0.51559040 0.55309306 0.08333372 0.50953697 0.33741281 0.54354673 0.57089417 0.58412792 0.72402881 0.52835534 0.69830535 0.39202931 0.58324774 0.66895040 0.39334661 0.47280813 0.68640590 1.00000000 0.31789020 0.56892420 -0.04458023 0.51093146 0.47574207 0.31705120 0.50961198 0.30262882 0.54276866 0.40897721 0.35260057 0.46768580 0.34734047
0.46013618 0.32204242 0.35391724 0.34553143 0.35737184 0.39251999 0.50448582 0.38603423 0.35317262 0.37139557 0.38367774 0.43809507 0.27413116 0.37484906 0.32588447 -0.02029274 0.46408585 0.18739062 0.31756446 0.49066167 0.16052059 0.35569252 0.34297128 0.35992959 0.22456532 0.38423544 0.34299338 0.07390244 0.18406180 0.48389733 0.24592081 0.44582408 0.46811331 0.46113530 0.22477998 0.37588192 0.42931828 0.46204691 0.40663773 0.55160534 0.53440776 0.46038187 0.55281049 0.47843779 0.43342520 0.53593066 0.50195393 0.49645038 0.44690275 0.41601455 0.29581175 0.55298197 0.02168522 0.44658797 0.19674644 0.39453895 0.16490248 0.39418956 0.58871268 0.06875503 0.30958166 0.45554998 0.31032807 0.28981855 0.31789020 1.00000000 0.31490666 0.47192063 0.59237940 0.28543909 0.59776066 0.64067497 0.54991289 0.56929045 0.45591786 0.54156279 0.55653932 0.55480997
0.17768861 0.38785860 0.22879637 0.39820173 0.31709454 0.31738820 0.40890163 0.38572474 0.53330178 0.39316479 0.40615776 0.44342373 0.33291372 0.21653420 0.21539079 0.24103719 0.23915428 0.08893470 0.37383123 0.17379729 0.31521489 0.35072891 0.27181751 0.35819714 0.30565152 0.34339558 -0.01668542 0.24126009 0.05002064 0.23082171 0.30377450 0.20284582 0.32697200 0.23975187 0.20777623 0.29210344 0.32191976 0.31782241 0.38007532 0.24164962 0.35640535 0.21352415 0.27594367 0.18984609 0.39982302 0.25433099 0.43300848 0.40558845 0.61183361 0.28664408 0.51183261 0.38735790 0.18229839 0.48017786 0.43025463 0.45499944 0.26339290 0.46275912 0.38170511 0.27085377 0.37616233 0.29715561 0.40411227 0.40532746 0.56892420 0.31490666 1.00000000 0.12839325 0.46304604 0.40970618 0.36801870 0.48685094 0.33016708 0.56128809 0.44980908 0.49486154 0.50965881 0.37963980
0.39347336 0.30115683 0.46328697 0.11348865 0.35561141 0.39436854 0.34207635 0.28649477 0.11561869 0.39146991 0.39638789 0.23279572 0.27268641 0.35007488 0.41334645 -0.06176175 0.29293561 0.27902259 0.21993003 0.49775692 0.08738945 0.27700690 0.41581798 0.43512441 0.11040782 0.30606408 0.30889463 0.14830377 0.43174043 0.35463126 0.23900121 0.52252974 0.27058415 0.52102160 0.08794527 0.48166406 0.54715492 0.40851097 0.36981484 0.45278271 0.46512973 0.34671501 0.39977294 0.53462663 0.13046088 0.38300907 0.29195822 0.20885073 0.22223171 0.52137317 -0.08277616 0.44080581 -0.16731474 0.32705309 0.11728298 0.00953657 -0.04240368 0.08557041 0.33321291 -0.10403097 0.02073596 0.35962433 0.25643157 -0.06927172 -0.04458023 0.47192063 0.12839325 1.00000000 0.33809161 0.23149664 0.53414539 0.26198380 0.53932986 0.21447608 0.50832570 0.47239107 0.27161781 0.40939417
0.47295941 0.39930020 0.34552637 0.54831666 0.34744367 0.41235973 0.59963130 0.44854720 0.48740256 0.42282697 0.50485443 0.49646932 0.38326783 0.41641894 0.44096688 0.24723522 0.60739189 0.34349339 0.54170004 0.54125864 0.31239360 0.57090459 0.28221594 0.39241252 0.53653680 0.57338863 0.34499815 0.25908267 0.23440707 0.59381137 0.42085862 0.44754617 0.48985890 0.50921193 0.44670733 0.45213223 0.39695180 0.53891400 0.49075739 0.56815575 0.47745275 0.37998179 0.60217393 0.44394076 0.33825233 0.53391229 0.55781854 0.55708710 0.47117011 0.53036486 0.43896912 0.63765944 0.27950262 0.59743392 0.38226967 0.66744462 0.32964299 0.53337541 0.67548971 0.24798788 0.54503379 0.44166399 0.47165990 0.47912395 0.51093146 0.59237940 0.46304604 0.33809161 1.00000000 0.51692749 0.55325066 0.63949287 0.69007588 0.51630358 0.55316565 0.63803073 0.69348797 0.69527952
0.32392134 0.25385088 0.35498889 0.45724586 0.40032307 0.37099347 0.35199586 0.37744431 0.41582526 0.35269315 0.41636544 0.28000881 0.36305863 0.24636797 0.26160093 0.49731891 0.34816035 0.42992538 0.45070223 0.23023310 0.38780222 0.36605654 0.23122667 0.20904588 0.41099541 0.38992606 0.06779628 0.19397937 0.16124315 0.23154419 0.41989105 0.13983751 0.28439629 0.28701092 0.34964040 0.35710290 0.16683045 0.18618824 0.32965426 0.29790540 0.15291483 0.26346622 0.23998316 0.22718638 0.25280929 0.25477320 0.33201283 0.27044870 0.45664122 0.26947044 0.41277132 0.34363375 0.39959487 0.38815110 0.45988211 0.50557506 0.49451182 0.43092122 0.32549961 0.37488355 0.50106853 0.36269841 0.41492308 0.40132672 0.47574207 0.28543909 0.40970618 0.23149664 0.51692749 1.00000000 0.39209630 0.43800470 0.40414861 0.36334361 0.51821577 0.46688397 0.50430409 0.43941928
0.43542135 0.36604884 0.43035466 0.31960292 0.41215277 0.42886417 0.50425958 0.43156041 0.37389558 0.47804695 0.44779537 0.42362326 0.37556170 0.36171953 0.38837661 0.13043243 0.39710547 0.30839621 0.38932286 0.46720540 0.27087832 0.35467932 0.43248875 0.42066081 0.21463544 0.42823905 0.25795854 0.12426766 0.25813967 0.46440874 0.35497863 0.50373190 0.45828280 0.55732795 0.23072513 0.46505030 0.51826467 0.45166084 0.46648182 0.54076934 0.53710561 0.44585902 0.54800431 0.53433755 0.38782958 0.49416917 0.51296784 0.46472069 0.46635155 0.49448223 0.22173760 0.55813609 0.03985598 0.47306173 0.30601074 0.34613804 0.22261515 0.37106416 0.51297717 0.16536639 0.31777145 0.54867475 0.42232964 0.21730052 0.31705120 0.59776066 0.36801870 0.53414539 0.55325066 0.39209630 1.00000000 0.55380004 0.61426013 0.49666162 0.60802275 0.65187976 0.48753956 0.63041455
0.43590766 0.37774536 0.29093230 0.45089886 0.39573046 0.34626150 0.57789511 0.43120237 0.50699867 0.39681171 0.42742558 0.49858917 0.37812106 0.37285302 0.37120542 0.18237085 0.52380238 0.27912374 0.45018505 0.43167758 0.35229494 0.41543668 0.34514233 0.34190959 0.29474346 0.44445060 0.18922217 0.05032311 0.01590891 0.48388376 0.34592821 0.37212205 0.51829113 0.43568108 0.22893140 0.30467529 0.33229697 0.38053288 0.43124675 0.55687767 0.48330301 0.41857284 0.54909761 0.40221477 0.48277784 0.51396731 0.57818809 0.57065028 0.53695829 0.38244233 0.44862678 0.55360153 0.10911720 0.48588827 0.26938377 0.56171365 0.30108675 0.45254254 0.60065599 0.20495188 0.50191177 0.50375916 0.35352344 0.38433255 0.50961198 0.64067497 0.48685094 0.26198380 0.63949287 0.43800470 0.55380004 1.00000000 0.50607202 0.64603600 0.44689561 0.55866506 0.61154053 0.59672643
0.50533018 0.45046598 0.42266154 0.41498227 0.37448157 0.48124135 0.55282606 0.49724906 0.32712347 0.48166949 0.49769963 0.40597331 0.40716733 0.44160166 0.48360112 0.07001949 0.51224580 0.34811688 0.44945422 0.59271239 0.25415594 0.54641140 0.35927856 0.46409629 0.40023666 0.54815888 0.47897740 0.32193490 0.43902876 0.58522967 0.42892784 0.58167660 0.43315130 0.61536461 0.38067788 0.54269569 0.56977526 0.58587685 0.52258154 0.59321697 0.54091334 0.40688466 0.62004845 0.58862380 0.25231800 0.54340986 0.53501288 0.53870206 0.39909477 0.64234655 0.22849384 0.67040744 0.09337713 0.57600672 0.28788448 0.41260152 0.19797615 0.40002773 0.63051609 0.13449554 0.32300116 0.44474490 0.39861636 0.28040191 0.30262882 0.54991289 0.33016708 0.53932986 0.69007588 0.40414861 0.61426013 0.50607202 1.00000000 0.41326217 0.57880825 0.59854122 0.52686194 0.65045772
0.28133073 0.31023091 0.29166175 0.37575146 0.26780620 0.28775510 0.43322916 0.39050035 0.45357431 0.35015038 0.33873892 0.40308204 0.29007309 0.22899947 0.14350539 0.10174129 0.27154001 0.08750514 0.26516217 0.25358469 0.23959524 0.27549420 0.25254804 0.26537700 0.17498637 0.32143933 0.14874730 0.14880940 0.05322299 0.37243688 0.26971057 0.26245760 0.41804075 0.35287597 0.28747251 0.27735277 0.34989520 0.31511626 0.40590694 0.33255221 0.47204270 0.36565156 0.45036353 0.26827814 0.45414328 0.39382888 0.50665412 0.46504373 0.53651096 0.25844718 0.39937674 0.41299359 0.13641547 0.42880900 0.34671341 0.44991103 0.25669087 0.53404034 0.49103846 0.36204719 0.43021326 0.44455227 0.44012402 0.41613026 0.54276866 0.56929045 0.56128809 0.21447608 0.51630358 0.36334361 0.49666162 0.64603600 0.41326217 1.00000000 0.47212726 0.44496203 0.54536513 0.49690082
0.38864701 0.38664242 0.46389097 0.37318371 0.38063296 0.41488684 0.43758599 0.43432699 0.34821737 0.50010008 0.45625524 0.35836566 0.40892510 0.30253629 0.29818823 0.19992970 0.29817246 0.34946851 0.32990483 0.40031544 0.29207664 0.37381397 0.39613427 0.36282822 0.26702763 0.41028812 0.24123842 0.24522228 0.31065562 0.41845515 0.42368088 0.39933692 0.37477481 0.48433664 0.33946881 0.49312269 0.47313189 0.38809636 0.47372345 0.42430582 0.48122365 0.36608606 0.47725644 0.46434037 0.28210449 0.38231097 0.44995989 0.41267404 0.48631437 0.44139322 0.23647766 0.48805352 0.15445546 0.49693999 0.44776918 0.36116113 0.28395207 0.45004695 0.44597398 0.34586674 0.35739038 0.51040575 0.50552201 0.29879271 0.40897721 0.45591786 0.44980908 0.50832570 0.55316565 0.51821577 0.60802275 0.44689561 0.57880825 0.47212726 1.00000000 0.56264048 0.47191552 0.52505174
0.49823147 0.49875432 0.46713241 0.47000129 0.51739151 0.52919760 0.57552384 0.46192301 0.45907228 0.56562271 0.58746768 0.51502657 0.42739969 0.40214943 0.52671210 0.23653780 0.49787900 0.37071644 0.50573343 0.55153803 0.34720631 0.48053600 0.45854659 0.50627311 0.37141249 0.48062227 0.23216350 0.13770279 0.28174484 0.43711916 0.42726107 0.51180486 0.46169397 0.54260429 0.23123549 0.49012908 0.50761600 0.47425598 0.52395715 0.60100510 0.52186431 0.43033902 0.50247770 0.53283349 0.42262232 0.53011428 0.52148356 0.50690826 0.54005569 0.56470823 0.33648725 0.60770308 0.10438704 0.54148611 0.36615177 0.44905211 0.31978620 0.34685746 0.56948990 0.08931570 0.36736374 0.46223544 0.45782387 0.23559389 0.35260057 0.54156279 0.49486154 0.47239107 0.63803073 0.46688397 0.65187976 0.55866506 0.59854122 0.44496203 0.56264048 1.00000000 0.58243057 0.61864117
0.49240714 0.41770491 0.34625262 0.51263717 0.40970171 0.44892392 0.56297721 0.42192735 0.50529649 0.41238780 0.49642388 0.52929629 0.36152890 0.39934289 0.42138876 0.27762454 0.53460942 0.31007676 0.49817094 0.45087529 0.31447324 0.47999621 0.28539940 0.37718066 0.49007796 0.46144125 0.26036306 0.15599611 0.13662910 0.46786544 0.35147298 0.34928528 0.47571167 0.43369427 0.35700135 0.37263572 0.33034804 0.47524625 0.45797560 0.52077451 0.42935005 0.38379603 0.48926956 0.37466546 0.35940879 0.47092285 0.53686536 0.50016687 0.51315565 0.41096183 0.48891369 0.52694273 0.27943812 0.50857012 0.31005781 0.59065847 0.33155968 0.46795539 0.58669741 0.21593667 0.50604396 0.40917599 0.42357284 0.47806433 0.46768580 0.55653932 0.50965881 0.27161781 0.69348797 0.50430409 0.48753956 0.61154053 0.52686194 0.54536513 0.47191552 0.58243057 1.00000000 0.63916497
0.57600475 0.45097417 0.47716334 0.53254923 0.43408043 0.48965881 0.61634241 0.51175190 0.45931258 0.50955764 0.54557999 0.50816964 0.47355315 0.45494732 0.53258760 0.23701965 0.54711865 0.41855535 0.53589502 0.58767985 0.37128227 0.54214530 0.42993489 0.48192323 0.45422437 0.58885531 0.38725932 0.26451393 0.31567134 0.55948080 0.39751008 0.49670409 0.55033750 0.61911631 0.41707695 0.51289850 0.48654630 0.50921600 0.53919313 0.59639242 0.52641563 0.49706988 0.56865858 0.51926798 0.36196726 0.53171536 0.57582422 0.51096779 0.48172364 0.55334081 0.35345181 0.63618447 0.20314893 0.50698358 0.30717171 0.51859473 0.24622761 0.39699351 0.64424381 0.20008455 0.39702337 0.47986770 0.43334775 0.35380949 0.34734047 0.55480997 0.37963980 0.40939417 0.69527952 0.43941928 0.63041455 0.59672643 0.65045772 0.49690082 0.52505174 0.61864117 0.63916497 1.00000000
