1.00000000 0.06860157 0.18169628 0.06516334 0.12486858 0.00914698 0.03189575 0.16476285 0.21381502 0.21291733 0.14431176 0.05399176 0.16594124 -0.15009705 0.05207258 -0.07008152 0.04139838 -0.05169823 -0.02347624 -0.08772841 -0.00521093 -0.14385075 0.00342734 -0.10548725 -0.02946726 0.00484009 0.01668767 -0.05086090 0.02098383 -0.01930086 -0.01125141 0.02759185 -0.06035338 -0.10254828 0.04361296 -0.07494340 0.02107813 -0.00772391 0.05304443 0.07153337 0.01045473 0.04106944 0.08206150 0.09039932 -0.00587960 0.01090227 0.02036867 0.09826621 0.02081439 0.07985195 0.08652755 0.00853602 0.04241037 0.10778390 -0.01801064 -0.00955954 0.01303315 0.00528088 0.05624518 -0.06886199 0.09300295 0.00967864 -0.04706488 0.04919685 -0.06369615 -0.04111052 0.01714188 0.06289647 0.05632326 0.05086229 0.06651129 0.07565539 0.08665122 -0.08312940 0.04270214 0.07958261 -0.03224558 0.06210481
0.06860157 1.00000000 0.08987831 0.29052682 0.06809305 0.23757235 0.11694564 0.26320505 0.24838562 0.27160257 0.19178547 0.10139894 0.13785971 -0.06791275 0.02622668 -0.07008460 0.03600702 0.06641163 -0.03016124 0.05757210 -0.00792358 -0.01596602 0.01441729 0.02699363 -0.05600834 -0.05960644 0.01563251 0.00386033 0.01839178 0.01237421 -0.06990546 0.04525718 0.00830894 0.00389691 0.09520395 0.08804872 0.05797857 -0.00367801 0.00272018 0.00194582 0.04474029 -0.01435304 0.06342565 0.02099571 0.06767719 0.02491489 0.09415319 0.01539899 -0.01533574 -0.06660464 0.00658382 0.05235933 0.01297811 0.00574486 -0.03680499 -0.01125728 0.05873442 -0.00418998 0.05613005 -0.06960805 0.03284333 0.08146451 0.01601488 -0.01095535 -0.00290474 0.07127767 0.02144357 -0.03750250 0.02819335 -0.03333950 0.05976402 0.04112170 0.02036899 0.10503232 0.01033307 -0.01454191 0.05876565 0.00425542
0.18169628 0.08987831 1.00000000 0.28046069 0.21024361 0.23146128 0.26447031 0.24523953 0.17759092 0.15003992 0.09241627 0.38732008 0.25276314 -0.05731617 0.00765228 -0.05846445 0.03950488 -0.09089689 0.00373693 0.00332655 0.04133473 -0.06543139 0.12019832 0.01221936 -0.04111107 -0.11344210 0.02065381 -0.05838171 -0.11306289 0.01140995 -0.05337699 0.07804024 -0.02555098 -0.05553013 0.06349818 -0.07060647 0.02312118 -0.02462617 -0.03915955 0.09814480 0.01794833 0.16814839 0.03570266 -0.01700351 0.15102691 0.01866528 -0.03799365 0.03610835 0.09839741 -0.02024518 0.17830694 -0.00867616 -0.13984843 0.02203208 -0.04846185 -0.02021092 -0.09287842 -0.01123390 0.07295944 -0.15068414 0.05783455 0.02769276 -0.07295873 -0.05807768 0.02059179 0.05716509 0.09737046 -0.00197404 -0.04795617 0.00693589 0.10438989 0.13920687 -0.04188091 0.04365377 0.01515364 0.11169804 -0.01479063 0.10059936
0.06516334 0.29052682 0.28046069 1.00000000 0.14640768 0.13892046 0.18651184 0.21933541 0.33587112 0.26122033 0.33389648 0.18088546 0.08026769 -0.05627549 -0.00204782 0.00720147 0.05704639 -0.03032408 0.06681256 0.06487371 -0.01619842 -0.00328459 0.00963013 0.03867160 -0.05608065 -0.06873807 0.01051916 -0.01086756 -0.04813329 0.07200986 0.07034243 0.06724270 0.00038442 0.06729923 0.03287556 0.14442745 0.14525262 0.05976190 0.13688659 0.09282449 0.00149905 0.20882771 -0.01333881 -0.03822251 0.17998918 0.03747134 -0.07456322 0.07465471 0.13080313 -0.00275940 0.21228168 0.06305765 0.03340092 0.04371206 0.05604291 0.03272925 0.10558822 0.08582449 0.15837039 -0.14801612 0.12217736 0.04303691 -0.03986940 -0.07347349 0.10411072 0.03178457 0.08782128 0.00587254 -0.05225056 0.04857751 0.10635330 0.18086495 -0.05433106 0.10937976 0.04898951 0.07432980 -0.01174470 0.03427936
0.12486858 0.06809305 0.21024361 0.14640768 1.00000000 0.05045283 0.10351078 0.09001175 0.30341397 0.17603114 0.14357603 0.22401087 0.15202356 0.00348108 -0.01154490 0.06142805 0.03067055 -0.00392688 0.01402437 -0.02237808 0.09917502 0.00225025 0.02721814 0.06951746 -0.04633183 -0.02927972 -0.01257946 -0.01435792 -0.00309312 -0.08481042 -0.05774905 -0.10695881 -0.12592067 -0.02616596 -0.03164270 -0.06140523 0.03820722 -0.06053435 0.07063336 -0.05220289 -0.12602374 0.10493879 -0.05252458 -0.06552642 0.14828314 -0.03074523 -0.02613671 0.00585210 0.14290050 -0.08519590 0.15082476 -0.01887304 -0.06264982 -0.03083800 -0.04202075 0.05422538 0.11324428 -0.01282364 -0.01444414 -0.02676966 -0.01083352 -0.04127752 -0.05520974 0.07439025 0.04109399 0.06647105 0.01848866 -0.04470548 -0.04342314 0.03856132 0.07151199 0.05834910 -0.06296593 0.01098194 -0.08358263 0.03945172 0.08175229 0.11256096
0.00914698 0.23757235 0.23146128 0.13892046 0.05045283 1.00000000 0.15331976 0.20205664 0.06896800 0.14416368 0.06593788 0.19137558 0.19763953 -0.02722614 0.04424570 -0.06084421 0.07295085 0.06338993 0.03388980 0.03080956 0.02078675 -0.00493880 -0.02685415 0.04873911 0.07307911 0.01745037 0.02386638 0.01962014 0.02827056 0.01580723 -0.02600048 0.00072097 0.00111335 0.09265804 0.10314173 -0.04096921 0.02035535 0.02262044 0.01489053 0.05316223 0.02834197 0.06466173 0.10452575 0.06183790 0.08870381 0.01330506 0.10992554 0.00932526 -0.00096415 -0.03563342 -0.00699905 0.03426990 -0.12768465 -0.00606418 -0.06731308 -0.07360104 -0.07065775 -0.07688396 0.04731316 -0.12662044 -0.02320995 -0.03368296 -0.08516108 -0.10871813 -0.10282050 -0.01173946 0.03936113 -0.03227883 0.05282507 -0.01369542 0.07080284 0.03353144 -0.02660825 0.00400670 -0.00014720 -0.03473803 0.04537809 0.02541851
0.03189575 0.11694564 0.26447031 0.18651184 0.10351078 0.15331976 1.00000000 0.23400487 0.15811173 0.15524170 0.09185318 0.28612933 0.21332710 -0.00032220 -0.00345350 -0.09536063 -0.03521267 -0.10267049 -0.04570648 -0.00142334 0.01265725 -0.04749455 0.03383867 0.01920205 0.01073382 -0.00947264 -0.04499796 0.01229606 -0.06433495 -0.05778503 -0.04023075 0.01557777 -0.03545405 0.06435380 0.08244690 -0.02609441 0.03434413 -0.00041834 0.04448366 0.09404609 0.05009254 0.04362292 -0.02846635 -0.04180365 0.07579047 -0.04039601 0.03226987 -0.04203568 0.02897151 -0.04996368 0.04711629 -0.05350484 -0.05475935 -0.04011997 -0.01353165 0.05717430 -0.02701570 -0.03604087 -0.02093523 -0.01194579 -0.08049408 -0.02263111 0.00247873 0.01879887 0.03513550 -0.02437598 0.13911209 0.04105651 -0.01070337 0.06675938 0.13797324 0.09125157 -0.08230801 0.11623714 0.04370011 0.10244871 0.03415436 0.09685933
0.16476285 0.26320505 0.24523953 0.21933541 0.09001175 0.20205664 0.23400487 1.00000000 0.17463354 0.24747631 0.08817120 0.23794051 0.21953070 -0.03748121 0.01448858 -0.16654595 0.01656564 -0.06655309 -0.10955190 0.05137154 0.03523811 -0.04845714 0.01803769 0.02472844 -0.09375775 -0.09431291 -0.01778366 -0.06810189 -0.06517027 -0.06493111 -0.14049835 0.06059413 -0.07238042 0.03881510 0.04538767 -0.04225531 0.03692952 0.03788881 -0.02604978 0.01276642 0.10172776 0.13280370 0.07018726 0.04666755 0.12010604 0.06448868 0.00358550 0.03130703 0.07407474 -0.03914351 0.13626544 0.07226917 -0.02936323 -0.04457660 -0.11095437 -0.01702731 -0.09809036 -0.01088528 0.15035318 -0.02964497 -0.01508305 0.07450911 0.06325625 -0.09961660 -0.03374938 0.12836792 0.07850602 0.04358219 -0.00675866 0.04824598 0.13621413 0.20883104 0.06024590 0.13039825 0.08425102 0.06721093 0.05681505 0.07173807
0.21381502 0.24838562 0.17759092 0.33587112 0.30341397 0.06896800 0.15811173 0.17463354 1.00000000 0.26156518 0.22344715 0.29791786 0.30437270 -0.08984755 0.01025592 0.07543751 0.00684153 -0.06201857 0.04361372 -0.09387393 0.06032853 -0.00788014 0.09393517 -0.03424327 -0.07838232 0.02963062 -0.04511306 -0.05009118 -0.06117770 -0.03096487 -0.06432875 -0.08785193 -0.05162502 -0.03163638 -0.03119627 -0.01588311 0.07175862 0.02746610 0.06056677 0.00644937 -0.02538036 0.18363484 -0.04200785 -0.07996252 0.26672225 0.03128652 -0.03225072 0.09443727 0.25230015 -0.09899141 0.25206172 0.04281900 0.03963936 0.08339852 0.06778120 0.06988398 0.10099841 0.09548643 0.01514178 -0.06555595 0.05305623 0.07318741 0.02267585 0.02126893 0.20607423 0.04225857 0.17915209 -0.00550301 -0.01238719 0.13257928 0.18076189 0.15462198 -0.11489575 0.12716799 0.04778794 0.09254467 -0.02073665 0.18610148
0.21291733 0.27160257 0.15003992 0.26122033 0.17603114 0.14416368 0.15524170 0.24747631 0.26156518 1.00000000 0.10649788 0.16611777 0.20478219 0.00957969 0.06788665 -0.03597611 0.07992069 0.04966562 0.01830314 0.01432000 0.10941343 0.08788297 0.09125456 -0.03398708 -0.04277356 0.04817109 -0.00097826 0.03220376 -0.00861539 -0.01132327 -0.04618992 -0.03327203 -0.06230581 -0.01773514 -0.01531664 0.03443700 -0.01026530 0.02521961 0.03491960 0.05389217 0.02450989 0.10612307 0.01294163 0.04999850 0.06367627 0.02212755 -0.01112796 0.02424295 0.01550302 -0.02016370 0.12200030 0.04771330 -0.00474458 -0.06003431 -0.06860961 0.00312823 0.05202706 0.10034449 0.08244824 -0.11279409 0.04302346 0.04954474 -0.02659044 -0.01527824 0.04581227 0.04186897 0.04784028 0.00090444 -0.03407328 -0.01154190 0.07457550 0.05127547 -0.03340956 0.13265365 0.07749336 0.06709893 -0.01037689 0.15774047
0.14431176 0.19178547 0.09241627 0.33389648 0.14357603 0.06593788 0.09185318 0.08817120 0.22344715 0.10649788 1.00000000 0.09097183 0.17190042 0.06792590 0.01732051 0.00016399 -0.02067220 -0.02493108 -0.00461844 0.00258909 -0.05830355 -0.00770958 0.04429544 -0.00849773 -0.02927694 0.02873313 0.03383949 0.04674064 -0.01299960 0.08104839 0.06480903 0.07069222 -0.04142754 0.00716686 0.04533913 0.02222958 0.13094810 0.11605246 0.17556666 0.07433200 -0.00451742 0.11676817 -0.00542405 -0.00421781 0.05174545 -0.02295097 -0.03199006 0.07441362 0.05291261 -0.02639233 0.05564691 -0.00412581 0.08229397 0.05648285 0.03959227 0.08168145 0.01072795 0.03154214 0.02992355 -0.10787325 0.08102643 -0.04052210 -0.03372000 -0.01316107 0.02295321 0.02249840 -0.03789456 -0.05912684 -0.02026746 0.04857467 0.00858204 0.05874486 -0.01385362 -0.02204134 -0.01964602 -0.00135149 -0.09164819 -0.02184099
0.05399176 0.10139894 0.38732008 0.18088546 0.22401087 0.19137558 0.28612933 0.23794051 0.29791786 0.16611777 0.09097183 1.00000000 0.14863236 -0.01993722 0.05356647 -0.01602664 0.03928164 -0.08856385 0.00009703 -0.03151563 0.10402352 -0.05570286 0.12900596 0.05900564 -0.04882464 0.03702626 -0.04530123 -0.03792789 -0.10786987 -0.04901847 -0.11668998 0.00858140 0.03815179 0.04258354 0.00134287 -0.06042069 0.09477098 0.00311088 0.06475563 0.06634839 0.05363351 0.20280473 0.04051750 -0.02027245 0.21738035 0.03463780 -0.07479339 0.09223700 0.18362276 -0.09728591 0.24059580 -0.02191296 -0.16191077 -0.01241816 -0.01468339 -0.02971633 -0.07664541 0.00295062 0.05476385 -0.12225307 0.00533724 0.00255314 -0.04469360 -0.07337614 0.00443048 0.10580832 0.16567892 -0.05160333 -0.06476018 0.03816245 0.19809518 0.19688522 -0.13784412 0.17614053 -0.02457781 0.06252869 0.00003569 0.12794752
0.16594124 0.13785971 0.25276314 0.08026769 0.15202356 0.19763953 0.21332710 0.21953070 0.30437270 0.20478219 0.17190042 0.14863236 1.00000000 -0.05029100 -0.03221974 -0.00605889 -0.05150926 -0.03720816 -0.03681277 -0.06056259 -0.00058381 -0.03915336 0.05634075 -0.03674504 -0.03525524 -0.06566099 -0.03219322 -0.01407739 -0.08550622 -0.03090411 -0.00869541 -0.04021621 -0.02044425 0.00873256 -0.02685070 -0.04970084 -0.01719678 -0.04210841 0.00531221 0.13171592 0.01746655 0.12230009 -0.08110973 -0.00130204 0.15426515 -0.01162159 0.04318236 -0.00087067 0.05732073 -0.14347137 0.03336085 0.05177134 -0.01633297 0.06530437 -0.04058701 -0.00477496 0.04498306 0.02607190 -0.00806918 -0.03993477 -0.01127474 0.08997569 -0.06474414 -0.02210238 0.04606741 0.01692498 0.12077251 0.04215138 -0.00693769 0.07019226 0.10237539 0.09637236 -0.06173080 0.01010518 -0.05192440 0.08386543 0.02677775 0.09734021
-0.15009705 -0.06791275 -0.05731617 -0.05627549 0.00348108 -0.02722614 -0.00032220 -0.03748121 -0.08984755 0.00957969 0.06792590 -0.01993722 -0.05029100 1.00000000 0.23907131 0.20391793 0.28052391 0.27263872 0.21642959 0.27226299 0.16414114 0.15295482 0.12187622 0.14480486 0.11234914 0.15458893 -0.02772804 0.00637309 -0.01902882 0.00363891 0.02274008 0.02188236 -0.05656216 0.02559709 -0.02883150 -0.01951113 -0.11217372 0.00694676 -0.08440621 0.03277664 -0.11226388 -0.05029836 -0.02985970 0.07864131 -0.02744183 -0.06023427 -0.01352368 -0.05831420 -0.01499673 -0.01173724 -0.09597720 0.02424848 0.09578855 0.02193758 -0.05404059 0.00027386 -0.00550328 0.02415246 0.03554639 0.03150956 0.08705030 -0.05999551 0.03241733 0.00383865 -0.04475578 0.02124710 -0.11254644 -0.05746231 -0.04761167 -0.03696802 -0.01546008 0.04162963 -0.01560466 0.00855046 -0.05519643 -0.02707876 0.02577595 -0.00093436
0.05207258 0.02622668 0.00765228 -0.00204782 -0.01154490 0.04424570 -0.00345350 0.01448858 0.01025592 0.06788665 0.01732051 0.05356647 -0.03221974 0.23907131 1.00000000 0.18460956 0.14970701 0.26564863 0.35055820 0.17365683 0.19538578 -0.01884305 0.10647707 0.09690056 0.20808154 0.22894289 -0.04761076 0.03201578 -0.00189313 -0.09704732 0.03627402 -0.01005985 -0.02373712 -0.03633819 0.00920475 -0.04039941 -0.02908938 0.00392145 -0.07300366 0.12622776 0.03715748 -0.06764471 0.02709399 0.10219650 -0.06265074 -0.05210014 -0.04447238 0.03267598 0.01589202 0.05235951 -0.03841478 -0.02094712 0.05867502 -0.03039367 -0.04383047 -0.04380465 0.00942203 -0.04159798 0.04546022 -0.03311520 0.03431526 -0.06531663 -0.01979533 -0.03817941 -0.16785897 -0.03126053 -0.03821876 -0.01734487 -0.03106662 0.00420382 0.02379522 0.02802755 0.08705888 -0.04714232 0.04206465 0.00509211 0.07979478 -0.00218298
-0.07008152 -0.07008460 -0.05846445 0.00720147 0.06142805 -0.06084421 -0.09536063 -0.16654595 0.07543751 -0.03597611 0.00016399 -0.01602664 -0.00605889 0.20391793 0.18460956 1.00000000 0.30946384 0.30148124 0.40208209 0.08982005 0.32806074 0.18798382 0.16752028 0.04286801 0.23090171 0.26590069 -0.08346056 0.01640549 -0.03402252 -0.09686656 0.10848341 -0.20354149 -0.03961594 -0.17684086 -0.03555280 -0.06338921 -0.08325471 -0.15942496 -0.09132183 0.03807865 -0.14855085 0.03842694 -0.16280035 -0.04906891 0.02961819 -0.09820669 -0.10762838 0.01716090 0.11557895 -0.07982091 0.01759197 0.06991256 0.16765242 0.07486711 0.14326340 0.15136057 0.15921608 0.00307519 -0.08659597 0.10812176 0.20678686 0.09164087 0.02678116 0.06456634 0.15651331 0.02929195 -0.01380106 -0.01434407 0.02455008 0.03295563 -0.10631466 0.01093346 -0.00447854 -0.00860488 0.07019902 -0.02527557 -0.00747471 -0.09217154
0.04139838 0.03600702 0.03950488 0.05704639 0.03067055 0.07295085 -0.03521267 0.01656564 0.00684153 0.07992069 -0.02067220 0.03928164 -0.05150926 0.28052391 0.14970701 0.30946384 1.00000000 0.32630969 0.33867921 0.22174722 0.14149815 0.25985880 0.13687036 0.15359462 0.18296934 0.37591984 -0.06707758 -0.05836741 -0.07341026 0.01403459 0.01780205 -0.00317586 0.00759477 -0.02383461 -0.05971433 -0.01444786 -0.05079479 0.02762563 -0.02282408 0.07885965 -0.02542888 0.03965921 0.03851682 0.06415983 0.04187207 0.02402510 0.01648499 -0.00722329 0.14478477 -0.00603960 0.10765996 0.09217970 0.07936809 0.07006567 0.01481969 0.10543675 0.01441294 0.05043157 0.09022600 -0.04505897 0.22608422 0.09528352 0.05464036 0.01359547 0.08073945 0.15412458 -0.01613965 0.06839572 0.07992019 0.00850389 0.02020368 0.13855276 0.00382705 0.08777219 0.15117691 0.07092421 -0.00057800 -0.03435889
-0.05169823 0.06641163 -0.09089689 -0.03032408 -0.00392688 0.06338993 -0.10267049 -0.06655309 -0.06201857 0.04966562 -0.02493108 -0.08856385 -0.03720816 0.27263872 0.26564863 0.30148124 0.32630969 1.00000000 0.26571280 0.21242946 0.26250310 0.14909591 0.21702539 0.09984935 0.21608063 0.28253165 -0.06494011 0.01369337 -0.07285156 -0.06988250 0.10793165 -0.11055275 -0.00453296 -0.05935897 0.01066735 -0.02006579 -0.04134450 -0.06707152 -0.06485579 0.08924335 -0.07140293 -0.05189958 -0.01013896 -0.00358691 -0.00818768 -0.10623416 0.00371696 0.00484045 0.01682220 -0.02895332 -0.02676830 0.00490504 0.07365760 0.00118916 0.04780100 0.04336305 0.09403090 -0.01962513 0.00563855 0.00295637 0.04539936 0.01321698 0.03723145 0.04783486 -0.00677380 -0.01129805 -0.11128700 -0.07597641 0.01062269 0.02486800 -0.04864899 0.01032045 -0.00994911 -0.00179684 -0.04950014 -0.04302581 0.01705974 -0.03972395
-0.02347624 -0.03016124 0.00373693 0.06681256 0.01402437 0.03388980 -0.04570648 -0.10955190 0.04361372 0.01830314 -0.00461844 0.00009703 -0.03681277 0.21642959 0.35055820 0.40208209 0.33867921 0.26571280 1.00000000 0.10193422 0.30652104 0.14307643 0.18267676 0.11046285 0.29404424 0.24803845 -0.07007535 -0.01533224 -0.01133009 -0.03157340 0.09642750 -0.08440330 -0.02503337 -0.12832959 -0.00761852 -0.00191858 0.03167479 -0.02094725 -0.06977140 0.09704393 0.01240153 0.02116035 0.03166352 -0.00124789 0.00863158 -0.03922136 -0.09407565 0.01961699 0.12065458 0.03832466 0.03560284 0.08120492 0.12838495 0.13073849 0.09668218 0.08492269 0.09344540 -0.00038773 -0.01311827 -0.02223819 0.14733531 0.00302842 -0.00665668 -0.01430082 0.07974960 0.01396581 0.02138283 -0.02616020 0.09297213 0.10914182 0.03500525 0.08961274 0.06142724 -0.00868714 0.08558179 0.08023050 0.01255608 -0.01917045
-0.08772841 0.05757210 0.00332655 0.06487371 -0.02237808 0.03080956 -0.00142334 0.05137154 -0.09387393 0.01432000 0.00258909 -0.03151563 -0.06056259 0.27226299 0.17365683 0.08982005 0.22174722 0.21242946 0.10193422 1.00000000 0.19107484 0.21143712 0.22336969 0.18218982 0.14109313 0.12848794 -0.05538292 -0.09222643 -0.03084679 -0.16739272 -0.03243901 0.03653013 -0.00761195 -0.02831140 -0.03230867 0.06693515 -0.00940960 -0.00478172 -0.07326771 0.06146826 0.02188828 -0.01643337 0.12614154 0.01963871 0.01079199 0.02492718 0.04323700 -0.00898358 0.05945115 0.05896755 0.01351751 0.06943240 -0.06594182 -0.01642463 -0.07589595 -0.02721529 -0.07936948 0.00297073 0.07027769 -0.04697952 -0.04987812 -0.01182066 -0.00816241 -0.09519879 -0.06204818 0.01750712 -0.00631538 0.01895320 0.02153063 -0.06346741 -0.03444329 -0.00684734 0.05080380 -0.05822997 -0.01306070 0.03057269 0.05458171 0.02217796
-0.00521093 -0.00792358 0.04133473 -0.01619842 0.09917502 0.02078675 0.01265725 0.03523811 0.06032853 0.10941343 -0.05830355 0.10402352 -0.00058381 0.16414114 0.19538578 0.32806074 0.14149815 0.26250310 0.30652104 0.19107484 1.00000000 0.16048726 0.35081436 0.24346223 0.06033200 0.18742977 -0.13852115 -0.15695518 -0.07193972 -0.14378399 -0.02979535 -0.21086188 -0.08481973 -0.10195868 -0.10476053 -0.02905143 -0.07326358 -0.12548677 -0.06029815 0.06906854 -0.06778657 0.13587141 0.04214856 -0.06289428 0.06616211 -0.08585747 -0.02366191 0.07876703 0.13365619 -0.06320488 0.06920979 0.05180602 0.08994918 0.08009114 0.06818277 0.05412516 0.06261301 0.10183330 0.01565717 0.06250221 0.09167003 0.04830748 0.02160671 0.03223431 0.07027928 0.07677324 0.06049161 0.02656980 -0.02056917 0.05937305 0.03864730 0.07131724 -0.01112610 0.06440638 0.08385362 0.09784966 0.13141720 0.07159158
-0.14385075 -0.01596602 -0.06543139 -0.00328459 0.00225025 -0.00493880 -0.04749455 -0.04845714 -0.00788014 0.08788297 -0.00770958 -0.05570286 -0.03915336 0.15295482 -0.01884305 0.18798382 0.25985880 0.14909591 0.14307643 0.21143712 0.16048726 1.00000000 0.06997720 0.06887874 0.13120665 0.17830695 0.03882253 0.04854034 0.07829063 0.06549415 0.04766058 0.09653402 0.01629019 -0.00683411 -0.03792900 0.08470527 0.03328115 0.09814886 0.11514535 -0.01258345 -0.03851407 -0.00087800 -0.03906487 0.00954506 0.00195273 0.02547126 0.02003213 -0.00244833 0.00871264 -0.02446298 -0.02280690 0.00871732 0.04572074 0.02126452 0.06331111 0.14012871 0.01064140 0.12453135 0.00012637 0.05888828 0.08597162 0.00985787 0.13692320 0.05778495 0.16975251 0.05942843 -0.02128404 0.09945863 0.01155255 -0.01810461 -0.04788047 0.00010326 -0.03479130 0.00128939 0.05293130 0.00906419 -0.07852250 -0.07171357
0.00342734 0.01441729 0.12019832 0.00963013 0.02721814 -0.02685415 0.03383867 0.01803769 0.09393517 0.09125456 0.04429544 0.12900596 0.05634075 0.12187622 0.10647707 0.16752028 0.13687036 0.21702539 0.18267676 0.22336969 0.35081436 0.06997720 1.00000000 0.18971303 -0.02158456 0.23353391 -0.26601068 -0.17332065 -0.26282381 -0.08602490 -0.08679910 -0.05400131 -0.02472899 -0.11479778 -0.14939932 -0.01425793 0.00240455 -0.08741852 0.02986384 0.05724376 0.09820720 0.15109930 0.06562091 0.02100374 0.15214603 0.01616659 0.01209126 0.10875738 0.21403621 -0.07165955 0.16120735 0.06277225 -0.03803825 0.04368035 -0.06454798 0.02737535 0.02377791 0.10769421 0.02376228 -0.08016894 -0.04700271 0.13178047 0.00540068 0.02548138 0.10390246 0.09506763 0.05905824 -0.01201769 -0.04953664 0.06264405 0.05352794 0.14003662 -0.11543093 0.09880122 0.00477876 0.13712491 0.02786832 0.08562098
-0.10548725 0.02699363 0.01221936 0.03867160 0.06951746 0.04873911 0.01920205 0.02472844 -0.03424327 -0.03398708 -0.00849773 0.05900564 -0.03674504 0.14480486 0.09690056 0.04286801 0.15359462 0.09984935 0.11046285 0.18218982 0.24346223 0.06887874 0.18971303 1.00000000 0.07511315 0.13652745 -0.13954314 -0.08519768 -0.05983269 -0.00775082 -0.03650454 0.04993930 0.02600147 0.06318022 -0.09468829 0.13957073 0.10426800 0.01989897 0.09007780 0.05114296 0.11993039 0.10713383 0.11245324 0.02993882 0.10126778 0.02898085 0.09006483 0.09728757 0.13630608 0.04401890 0.10095024 0.08028363 -0.06181864 -0.01971618 -0.03331027 0.00935998 -0.06444634 0.03954811 0.07732683 0.00243297 0.03692916 0.05744070 -0.01653250 -0.09288530 -0.01743594 0.11654774 0.08366153 -0.02822683 0.06842015 0.07003663 0.06262028 0.05316892 -0.00467556 0.14008358 -0.00561034 -0.00982920 0.09492144 0.02770106
-0.02946726 -0.05600834 -0.04111107 -0.05608065 -0.04633183 0.07307911 0.01073382 -0.09375775 -0.07838232 -0.04277356 -0.02927694 -0.04882464 -0.03525524 0.11234914 0.20808154 0.23090171 0.18296934 0.21608063 0.29404424 0.14109313 0.06033200 0.13120665 -0.02158456 0.07511315 1.00000000 0.15363016 0.00496039 0.10081081 0.05603734 -0.10047321 0.06642882 -0.00287854 0.01513795 -0.09767845 0.00629649 -0.05959725 -0.04896000 0.03529169 -0.03180771 0.10077248 -0.01010241 -0.16155692 0.01888740 -0.03219773 -0.10694970 -0.09467260 -0.03936991 0.01419478 -0.02646232 0.15005613 -0.00812891 0.04215904 0.06193879 0.10092724 0.01932754 0.00987963 0.03331191 -0.01728670 0.05371017 -0.01630662 0.05529987 -0.06316733 -0.04001248 -0.01987395 -0.06990672 -0.16146069 0.00514846 -0.00641890 0.07495592 0.04883298 -0.06401110 -0.05474854 0.05306043 -0.06275868 0.07078316 0.05724723 0.04084966 -0.05113110
0.00484009 -0.05960644 -0.11344210 -0.06873807 -0.02927972 0.01745037 -0.00947264 -0.09431291 0.02963062 0.04817109 0.02873313 0.03702626 -0.06566099 0.15458893 0.22894289 0.26590069 0.37591984 0.28253165 0.24803845 0.12848794 0.18742977 0.17830695 0.23353391 0.13652745 0.15363016 1.00000000 -0.02440925 0.00048113 -0.00812169 -0.02801888 0.13575538 -0.03320663 0.00110225 -0.06115983 -0.01624263 -0.00537727 0.06090639 0.03184063 0.02265253 0.03144729 -0.02666607 -0.01257170 -0.02813149 0.06323613 0.02967608 -0.06853283 0.04237306 0.00061338 0.13357271 -0.05444222 0.01212469 0.00111836 0.09481481 -0.09272458 0.05967458 0.09475626 0.10073052 -0.02363020 0.03240022 -0.00379918 0.09048572 0.08380456 0.02232736 0.04872819 0.08018670 0.04850464 -0.04639250 -0.04064813 0.04593623 0.02952865 -0.03882788 0.01882088 -0.03715586 0.06698608 0.03897242 0.01665854 -0.01718078 -0.04535640
0.01668767 0.01563251 0.02065381 0.01051916 -0.01257946 0.02386638 -0.04499796 -0.01778366 -0.04511306 -0.00097826 0.03383949 -0.04530123 -0.03219322 -0.02772804 -0.04761076 -0.08346056 -0.06707758 -0.06494011 -0.07007535 -0.05538292 -0.13852115 0.03882253 -0.26601068 -0.13954314 0.00496039 -0.02440925 1.00000000 0.38480027 0.47120772 0.27489672 0.25674748 0.30721585 0.10859676 0.17701702 0.39768893 0.11168730 0.19950136 0.29749575 0.15224817 0.01591151 -0.02762898 -0.02555991 0.06295086 0.01014117 -0.09114991 0.00008039 -0.02476052 -0.03307089 -0.05850633 -0.02160675 -0.06665058 -0.04834712 0.05336983 -0.00553347 0.04831139 0.08107499 0.05045242 -0.04798503 0.01520884 0.00860727 0.10793949 -0.02415387 0.02924874 0.01062429 -0.03052440 -0.04918502 0.01146828 -0.05749040 0.05703450 0.01504278 -0.00358959 -0.02119490 0.03390380 -0.02057972 0.06882329 0.03114792 0.05931380 0.03744249
-0.05086090 0.00386033 -0.05838171 -0.01086756 -0.01435792 0.01962014 0.01229606 -0.06810189 -0.05009118 0.03220376 0.04674064 -0.03792789 -0.01407739 0.00637309 0.03201578 0.01640549 -0.05836741 0.01369337 -0.01533224 -0.09222643 -0.15695518 0.04854034 -0.17332065 -0.08519768 0.10081081 0.00048113 0.38480027 1.00000000 0.35876693 0.26340968 0.28734709 0.24112648 0.17635392 0.18128427 0.30199140 0.24126510 0.14015491 0.25948037 0.09523485 -0.02586455 0.02281318 -0.08313637 0.03687027 0.04208215 -0.09242785 0.00277489 0.00606007 -0.04180517 -0.07575622 -0.00653738 -0.07735376 -0.01848470 0.08404016 -0.03224475 0.04060258 0.04148033 0.11259800 -0.03386213 0.03113950 0.03610561 0.07453169 -0.01605265 -0.04355705 0.01516594 -0.02017306 -0.01155673 0.00089018 -0.01828702 0.01358769 -0.02388883 0.00081674 -0.05457870 0.03319953 0.01054738 0.03126732 0.02844132 0.05319220 0.01629341
0.02098383 0.01839178 -0.11306289 -0.04813329 -0.00309312 0.02827056 -0.06433495 -0.06517027 -0.06117770 -0.00861539 -0.01299960 -0.10786987 -0.08550622 -0.01902882 -0.00189313 -0.03402252 -0.07341026 -0.07285156 -0.01133009 -0.03084679 -0.07193972 0.07829063 -0.26282381 -0.05983269 0.05603734 -0.00812169 0.47120772 0.35876693 1.00000000 0.17357754 0.25408315 0.24218732 0.06425700 0.23872307 0.21823883 0.29135628 0.21098449 0.28715850 0.16068958 -0.00700827 -0.04492536 -0.10314690 0.04355977 0.05285926 -0.15980618 -0.08564375 -0.01661030 -0.07019397 -0.14272277 0.00097761 -0.17555511 -0.09584769 0.10865539 0.02851772 0.03126881 0.03680279 0.05481346 -0.00444857 0.07973020 0.07073090 0.01751254 -0.01122968 0.01483660 0.01792777 -0.04506657 -0.03281738 0.03173487 0.02235794 0.03675021 0.05114099 0.01921268 -0.04911680 0.05872232 0.00509860 0.06381019 -0.03131196 0.02942840 0.01111348
-0.01930086 0.01237421 0.01140995 0.07200986 -0.08481042 0.01580723 -0.05778503 -0.06493111 -0.03096487 -0.01132327 0.08104839 -0.04901847 -0.03090411 0.00363891 -0.09704732 -0.09686656 0.01403459 -0.06988250 -0.03157340 -0.16739272 -0.14378399 0.06549415 -0.08602490 -0.00775082 -0.10047321 -0.02801888 0.27489672 0.26340968 0.17357754 1.00000000 0.24330670 0.23527290 0.21520499 0.18949985 0.14533158 0.28240259 0.28517810 0.27091626 0.29530897 0.01783679 0.04975211 0.00682565 0.03033295 0.07595878 -0.01470778 0.04167382 -0.03314782 0.00630792 0.02693024 -0.04243869 0.00663413 -0.04609177 0.10638508 0.05155345 0.06683410 0.08360161 0.10245936 0.08760548 0.03261786 -0.00645573 0.10161483 0.03121105 0.01709275 0.10535584 0.12793147 0.02087144 0.10749473 -0.00862352 0.05719711 0.06622727 0.04451868 0.01246946 0.06853035 0.01041378 0.04646982 0.00378443 0.05606511 0.03790414
-0.01125141 -0.06990546 -0.05337699 0.07034243 -0.05774905 -0.02600048 -0.04023075 -0.14049835 -0.06432875 -0.04618992 0.06480903 -0.11668998 -0.00869541 0.02274008 0.03627402 0.10848341 0.01780205 0.10793165 0.09642750 -0.03243901 -0.02979535 0.04766058 -0.08679910 -0.03650454 0.06642882 0.13575538 0.25674748 0.28734709 0.25408315 0.24330670 1.00000000 0.09761542 0.28123646 0.10445844 0.24549912 0.23729495 0.18664343 0.18995246 0.10152953 0.06253389 0.08422110 -0.07839369 0.01265854 0.06330055 -0.08384161 -0.05379980 -0.02166565 0.05711050 -0.01759172 -0.04315549 -0.08192037 -0.01648200 0.10396512 0.04454607 0.07534793 0.03547686 0.12322975 -0.01260631 -0.02438725 0.02415705 0.03877508 0.01208459 -0.00140987 0.01101671 0.04137282 -0.05284465 -0.06453033 -0.01946065 0.06671761 0.06815994 -0.03816120 -0.06227032 0.05316342 -0.05602146 0.04156209 0.00110640 -0.03125210 -0.08413051
0.02759185 0.04525718 0.07804024 0.06724270 -0.10695881 0.00072097 0.01557777 0.06059413 -0.08785193 -0.03327203 0.07069222 0.00858140 -0.04021621 0.02188236 -0.01005985 -0.20354149 -0.00317586 -0.11055275 -0.08440330 0.03653013 -0.21086188 0.09653402 -0.05400131 0.04993930 -0.00287854 -0.03320663 0.30721585 0.24112648 0.24218732 0.23527290 0.09761542 1.00000000 0.17523391 0.28004000 0.19780606 0.25306959 0.30647889 0.25679053 0.32470440 0.06518407 0.11209653 -0.02208868 0.03078019 0.10510399 -0.06654945 0.01340354 -0.00647458 -0.02836312 -0.07730618 0.04687680 -0.05990691 0.00266715 -0.01975850 -0.01219633 0.01391064 0.04108573 -0.08621144 0.00144618 0.05704478 -0.05179707 0.02379639 -0.00139290 0.05326124 -0.02277374 -0.02496295 0.03964291 0.01840828 0.02863691 0.06993454 -0.03170104 0.00448422 -0.00155517 0.09631555 0.01015562 -0.03721976 0.04669838 -0.00972094 0.04224714
-0.06035338 0.00830894 -0.02555098 0.00038442 -0.12592067 0.00111335 -0.03545405 -0.07238042 -0.05162502 -0.06230581 -0.04142754 0.03815179 -0.02044425 -0.05656216 -0.02373712 -0.03961594 0.00759477 -0.00453296 -0.02503337 -0.00761195 -0.08481973 0.01629019 -0.02472899 0.02600147 0.01513795 0.00110225 0.10859676 0.17635392 0.06425700 0.21520499 0.28123646 0.17523391 1.00000000 0.21617809 0.21681411 0.18558061 0.13726324 0.17028963 0.17300445 -0.01088442 0.05227639 -0.09585455 -0.01297284 -0.05328554 -0.07208105 -0.04283741 -0.04913652 0.04146607 -0.11143686 -0.07029365 -0.01229825 -0.07459157 0.03542308 -0.00705307 0.05274987 -0.00273284 0.02708841 -0.04859291 0.02623391 -0.00385631 0.01613406 0.00544670 -0.00372148 0.01279207 -0.01910917 -0.02501267 0.00375262 -0.06711923 0.04710954 -0.03952853 0.00358253 -0.02070733 -0.01911773 0.00305518 -0.01137050 -0.01585892 -0.02770352 0.04889815
-0.10254828 0.00389691 -0.05553013 0.06729923 -0.02616596 0.09265804 0.06435380 0.03881510 -0.03163638 -0.01773514 0.00716686 0.04258354 0.00873256 0.02559709 -0.03633819 -0.17684086 -0.02383461 -0.05935897 -0.12832959 -0.02831140 -0.10195868 -0.00683411 -0.11479778 0.06318022 -0.09767845 -0.06115983 0.17701702 0.18128427 0.23872307 0.18949985 0.10445844 0.28004000 0.21617809 1.00000000 0.19223246 0.18428379 0.27433730 0.22853632 0.22572860 0.09581130 0.10733348 0.01295909 0.03705468 0.05355175 -0.02584025 -0.04855938 -0.00050796 0.00523134 0.03099323 -0.08029389 0.00366526 -0.01309183 0.00299563 -0.02353929 -0.02253326 0.00260793 -0.06875479 0.06134526 0.05609363 -0.01541686 -0.00206550 0.01550690 0.03198232 0.00277815 -0.01515387 0.03028616 0.02698589 -0.03972522 0.05345675 0.02718804 0.02723455 0.04166914 -0.05809640 0.08274360 -0.02768223 0.07570307 0.01980183 -0.03089541
0.04361296 0.09520395 0.06349818 0.03287556 -0.03164270 0.10314173 0.08244690 0.04538767 -0.03119627 -0.01531664 0.04533913 0.00134287 -0.02685070 -0.02883150 0.00920475 -0.03555280 -0.05971433 0.01066735 -0.00761852 -0.03230867 -0.10476053 -0.03792900 -0.14939932 -0.09468829 0.00629649 -0.01624263 0.39768893 0.30199140 0.21823883 0.14533158 0.24549912 0.19780606 0.21681411 0.19223246 1.00000000 0.19817502 0.18163344 0.25499273 0.13586140 -0.02055663 0.04465303 -0.11416728 0.02086242 -0.03987514 -0.09231868 -0.04351175 0.02483326 0.03759213 -0.01421635 -0.06182205 -0.00738722 -0.05320230 0.01874399 -0.01379032 0.01360883 0.05985226 0.00107234 -0.04121114 0.02535077 0.05377568 0.02866208 -0.00160592 0.04836861 -0.03756875 -0.02450921 -0.05781137 0.02306203 0.01377631 0.06207496 0.00632880 -0.01039757 -0.02292286 -0.02415137 0.02017254 0.02629257 -0.01694607 -0.04020050 -0.01008275
-0.07494340 0.08804872 -0.07060647 0.14442745 -0.06140523 -0.04096921 -0.02609441 -0.04225531 -0.01588311 0.03443700 0.02222958 -0.06042069 -0.04970084 -0.01951113 -0.04039941 -0.06338921 -0.01444786 -0.02006579 -0.00191858 0.06693515 -0.02905143 0.08470527 -0.01425793 0.13957073 -0.05959725 -0.00537727 0.11168730 0.24126510 0.29135628 0.28240259 0.23729495 0.25306959 0.18558061 0.18428379 0.19817502 1.00000000 0.25804860 0.18609143 0.28406631 0.01466769 0.05186422 -0.11452740 -0.00056828 -0.02380478 -0.05987825 -0.06228301 -0.04616061 -0.03747565 0.00812065 -0.13312956 -0.00635020 -0.05526856 0.04649228 -0.02610782 0.05420536 0.08636768 0.06375160 0.05658932 0.09378589 0.06026416 0.07304927 0.12810608 -0.01602788 -0.00597661 0.07826821 -0.03633554 0.04129045 -0.04248113 0.03744622 0.02916096 -0.02061168 0.01751991 -0.00362337 -0.02119970 0.01884452 -0.04161383 -0.07324465 -0.04448444
0.02107813 0.05797857 0.02312118 0.14525262 0.03820722 0.02035535 0.03434413 0.03692952 0.07175862 -0.01026530 0.13094810 0.09477098 -0.01719678 -0.11217372 -0.02908938 -0.08325471 -0.05079479 -0.04134450 0.03167479 -0.00940960 -0.07326358 0.03328115 0.00240455 0.10426800 -0.04896000 0.06090639 0.19950136 0.14015491 0.21098449 0.28517810 0.18664343 0.30647889 0.13726324 0.27433730 0.18163344 0.25804860 1.00000000 0.27873847 0.31125249 0.09324880 0.09520604 0.05095411 -0.03013072 0.02754263 0.02523379 0.00078083 -0.10749531 0.05885606 0.05396654 -0.07071291 0.01653593 0.02304852 0.05823452 0.07755366 0.06639131 0.08339450 0.00932354 0.09698939 0.03479725 -0.02535025 0.08409616 0.04410711 -0.03096653 0.01146217 0.07605075 0.01752078 0.12169542 0.01657857 0.11781623 0.07016466 0.00245630 0.09705620 0.02201486 0.09719401 0.01067639 0.04857417 -0.00898197 -0.02061060
-0.00772391 -0.00367801 -0.02462617 0.05976190 -0.06053435 0.02262044 -0.00041834 0.03788881 0.02746610 0.02521961 0.11605246 0.00311088 -0.04210841 0.00694676 0.00392145 -0.15942496 0.02762563 -0.06707152 -0.02094725 -0.00478172 -0.12548677 0.09814886 -0.08741852 0.01989897 0.03529169 0.03184063 0.29749575 0.25948037 0.28715850 0.27091626 0.18995246 0.25679053 0.17028963 0.22853632 0.25499273 0.18609143 0.27873847 1.00000000 0.24692690 0.11053708 0.09041866 0.02580735 0.00764742 0.05967735 0.03244856 0.03758674 0.08295148 0.00980597 0.06856362 -0.02085361 -0.01289293 0.01514292 0.02311285 0.05079545 0.02204701 0.05460581 -0.02517951 0.06059593 0.10948814 -0.09898717 0.09964794 -0.05677399 0.03472910 0.00287779 0.03550183 0.07749793 0.08266674 0.00927149 0.14383964 0.06685119 0.09865605 0.03896748 0.01774952 0.12322780 0.14424444 0.08127820 -0.00727273 0.03191758
0.05304443 0.00272018 -0.03915955 0.13688659 0.07063336 0.01489053 0.04448366 -0.02604978 0.06056677 0.03491960 0.17556666 0.06475563 0.00531221 -0.08440621 -0.07300366 -0.09132183 -0.02282408 -0.06485579 -0.06977140 -0.07326771 -0.06029815 0.11514535 0.02986384 0.09007780 -0.03180771 0.02265253 0.15224817 0.09523485 0.16068958 0.29530897 0.10152953 0.32470440 0.17300445 0.22572860 0.13586140 0.28406631 0.31125249 0.24692690 1.00000000 0.05339657 0.16472344 0.08137231 0.06277994 0.01637603 0.07910000 -0.04299518 0.00244918 0.00765454 0.05859239 -0.04547878 0.06648688 -0.00186031 0.01460992 -0.03802366 0.06644194 0.09796410 0.04931135 -0.00113115 -0.03809544 -0.03140920 0.08090738 -0.00341737 -0.01749462 -0.02644398 0.03831689 -0.03637969 0.02999803 -0.00053043 0.03561468 0.09610310 0.01947907 0.11817173 -0.00338173 -0.02186182 -0.00744867 0.04189581 -0.01915687 0.07559583
0.07153337 0.00194582 0.09814480 0.09282449 -0.05220289 0.05316223 0.09404609 0.01276642 0.00644937 0.05389217 0.07433200 0.06634839 0.13171592 0.03277664 0.12622776 0.03807865 0.07885965 0.08924335 0.09704393 0.06146826 0.06906854 -0.01258345 0.05724376 0.05114296 0.10077248 0.03144729 0.01591151 -0.02586455 -0.00700827 0.01783679 0.06253389 0.06518407 -0.01088442 0.09581130 -0.02055663 0.01466769 0.09324880 0.11053708 0.05339657 1.00000000 0.24000523 0.21446453 0.18402457 0.27458813 0.18936418 0.08086365 0.18276305 0.23788443 0.34748542 0.16643108 0.13446175 0.27957857 -0.01935619 0.13298058 -0.02583214 0.05711407 0.07891212 0.05862198 0.13032978 -0.07218804 0.13364100 0.11936643 0.03455528 -0.06866162 0.04152438 0.03753936 0.15141644 -0.00437325 0.06267985 0.11514157 0.13026418 0.17694163 0.01726454 0.09197279 0.06280589 0.18378445 0.12334200 0.01733180
0.01045473 0.04474029 0.01794833 0.00149905 -0.12602374 0.02834197 0.05009254 0.10172776 -0.02538036 0.02450989 -0.00451742 0.05363351 0.01746655 -0.11226388 0.03715748 -0.14855085 -0.02542888 -0.07140293 0.01240153 0.02188828 -0.06778657 -0.03851407 0.09820720 0.11993039 -0.01010241 -0.02666607 -0.02762898 0.02281318 -0.04492536 0.04975211 0.08422110 0.11209653 0.05227639 0.10733348 0.04465303 0.05186422 0.09520604 0.09041866 0.16472344 0.24000523 1.00000000 0.21807043 0.42700079 0.27723749 0.21819275 0.34442565 0.33560703 0.31872673 0.25811835 0.25318295 0.22324148 0.25932418 -0.16429799 -0.01447279 -0.09732351 -0.12923161 -0.05923735 0.02923754 0.13349671 -0.07778005 -0.09437968 0.05131029 0.02063394 -0.09553502 -0.02720017 0.04854798 0.04465018 0.03552829 0.02624388 -0.04571468 0.03201076 0.05850771 0.07387394 0.01279184 0.07586482 0.10118580 0.07546668 0.05730577
0.04106944 -0.01435304 0.16814839 0.20882771 0.10493879 0.06466173 0.04362292 0.13280370 0.18363484 0.10612307 0.11676817 0.20280473 0.12230009 -0.05029836 -0.06764471 0.03842694 0.03965921 -0.05189958 0.02116035 -0.01643337 0.13587141 -0.00087800 0.15109930 0.10713383 -0.16155692 -0.01257170 -0.02555991 -0.08313637 -0.10314690 0.00682565 -0.07839369 -0.02208868 -0.09585455 0.01295909 -0.11416728 -0.11452740 0.05095411 0.02580735 0.08137231 0.21446453 0.21807043 1.00000000 0.19352006 0.21000566 0.51064415 0.28690551 0.12493461 0.17507369 0.30383219 0.01824784 0.43188949 0.26702843 -0.14428430 0.07580773 -0.00530472 0.02229737 0.03734496 0.11515192 0.11843472 -0.18778475 0.05658277 0.10346405 -0.00028620 -0.09135016 0.06523524 0.20294675 0.10416896 0.07112194 0.00807129 0.07784210 0.12497133 0.17494835 -0.12233252 0.17451484 0.07633684 0.11453949 0.06795624 0.10188252
0.08206150 0.06342565 0.03570266 -0.01333881 -0.05252458 0.10452575 -0.02846635 0.07018726 -0.04200785 0.01294163 -0.00542405 0.04051750 -0.08110973 -0.02985970 0.02709399 -0.16280035 0.03851682 -0.01013896 0.03166352 0.12614154 0.04214856 -0.03906487 0.06562091 0.11245324 0.01888740 -0.02813149 0.06295086 0.03687027 0.04355977 0.03033295 0.01265854 0.03078019 -0.01297284 0.03705468 0.02086242 -0.00056828 -0.03013072 0.00764742 0.06277994 0.18402457 0.42700079 0.19352006 1.00000000 0.26204677 0.15889651 0.31808789 0.30768409 0.27798489 0.09302226 0.40421448 0.13942616 0.10629674 -0.08276587 0.00572742 -0.11532146 -0.09016046 -0.06641513 0.02908849 0.15144696 -0.04894473 -0.07119253 0.07092291 0.05397626 -0.04349203 -0.08538511 0.07830556 0.03340264 0.09941264 0.03965784 -0.04635999 0.06235986 0.07977251 0.14680707 0.00833329 0.03158904 0.12109717 0.07459102 0.07850738
0.09039932 0.02099571 -0.01700351 -0.03822251 -0.06552642 0.06183790 -0.04180365 0.04666755 -0.07996252 0.04999850 -0.00421781 -0.02027245 -0.00130204 0.07864131 0.10219650 -0.04906891 0.06415983 -0.00358691 -0.00124789 0.01963871 -0.06289428 0.00954506 0.02100374 0.02993882 -0.03219773 0.06323613 0.01014117 0.04208215 0.05285926 0.07595878 0.06330055 0.10510399 -0.05328554 0.05355175 -0.03987514 -0.02380478 0.02754263 0.05967735 0.01637603 0.27458813 0.27723749 0.21000566 0.26204677 1.00000000 0.10907782 0.24138634 0.27766217 0.15153208 0.17625921 0.16274028 0.01935272 0.21146873 -0.08681640 0.02955531 -0.12930275 -0.03739902 -0.05635371 0.02797185 0.12707961 -0.03115176 0.04264855 0.02434108 0.04392734 0.01232490 -0.10708576 0.13776066 0.02291214 0.11044351 0.06452050 -0.02826977 0.03003828 0.04493058 0.09591337 -0.00083656 0.07033968 0.05316768 0.06840469 -0.02521082
-0.00587960 0.06767719 0.15102691 0.17998918 0.14828314 0.08870381 0.07579047 0.12010604 0.26672225 0.06367627 0.05174545 0.21738035 0.15426515 -0.02744183 -0.06265074 0.02961819 0.04187207 -0.00818768 0.00863158 0.01079199 0.06616211 0.00195273 0.15214603 0.10126778 -0.10694970 0.02967608 -0.09114991 -0.09242785 -0.15980618 -0.01470778 -0.08384161 -0.06654945 -0.07208105 -0.02584025 -0.09231868 -0.05987825 0.02523379 0.03244856 0.07910000 0.18936418 0.21819275 0.51064415 0.15889651 0.10907782 1.00000000 0.29897329 0.21399310 0.22242986 0.46177436 -0.08669643 0.43809662 0.25394872 -0.16131238 0.06402446 0.01733122 0.02821810 0.12780398 0.14016830 0.12631692 -0.13300535 0.04711879 0.19338382 -0.02415161 -0.07677467 0.19598561 0.24458047 0.21731126 0.01249276 -0.00348273 0.10933990 0.19206575 0.27479048 -0.16078680 0.26188314 0.05845355 0.14017401 0.11277203 0.14098756
0.01090227 0.02491489 0.01866528 0.03747134 -0.03074523 0.01330506 -0.04039601 0.06448868 0.03128652 0.02212755 -0.02295097 0.03463780 -0.01162159 -0.06023427 -0.05210014 -0.09820669 0.02402510 -0.10623416 -0.03922136 0.02492718 -0.08585747 0.02547126 0.01616659 0.02898085 -0.09467260 -0.06853283 0.00008039 0.00277489 -0.08564375 0.04167382 -0.05379980 0.01340354 -0.04283741 -0.04855938 -0.04351175 -0.06228301 0.00078083 0.03758674 -0.04299518 0.08086365 0.34442565 0.28690551 0.31808789 0.24138634 0.29897329 1.00000000 0.34266680 0.27166399 0.20984587 0.23108356 0.15996237 0.27159985 -0.15057264 0.05235772 -0.02224586 -0.04661392 -0.03796840 0.09546069 0.13536257 -0.07814608 -0.02651197 0.07764650 0.05326810 -0.01081762 0.02517209 0.13941092 0.05767131 0.12097222 0.11094321 0.05607631 0.07860430 0.11818188 0.02763713 0.09475829 0.12601762 0.05054872 0.04491744 0.00684826
0.02036867 0.09415319 -0.03799365 -0.07456322 -0.02613671 0.10992554 0.03226987 0.00358550 -0.03225072 -0.01112796 -0.03199006 -0.07479339 0.04318236 -0.01352368 -0.04447238 -0.10762838 0.01648499 0.00371696 -0.09407565 0.04323700 -0.02366191 0.02003213 0.01209126 0.09006483 -0.03936991 0.04237306 -0.02476052 0.00606007 -0.01661030 -0.03314782 -0.02166565 -0.00647458 -0.04913652 -0.00050796 0.02483326 -0.04616061 -0.10749531 0.08295148 0.00244918 0.18276305 0.33560703 0.12493461 0.30768409 0.27766217 0.21399310 0.34266680 1.00000000 0.16068396 0.19389302 0.11814631 0.06413099 0.20459900 -0.13038669 -0.00248867 -0.09331749 -0.04536933 0.03903860 -0.00756947 0.12509449 0.00176135 -0.07684920 0.07375718 0.09764898 0.01746150 0.00995961 0.14205069 0.11093058 0.05488028 0.04344543 0.06874672 0.09256360 0.06440977 0.00166931 0.16387249 0.02168623 0.08281493 0.13599007 0.04978714
0.09826621 0.01539899 0.03610835 0.07465471 0.00585210 0.00932526 -0.04203568 0.03130703 0.09443727 0.02424295 0.07441362 0.09223700 -0.00087067 -0.05831420 0.03267598 0.01716090 -0.00722329 0.00484045 0.01961699 -0.00898358 0.07876703 -0.00244833 0.10875738 0.09728757 0.01419478 0.00061338 -0.03307089 -0.04180517 -0.07019397 0.00630792 0.05711050 -0.02836312 0.04146607 0.00523134 0.03759213 -0.03747565 0.05885606 0.00980597 0.00765454 0.23788443 0.31872673 0.17507369 0.27798489 0.15153208 0.22242986 0.27166399 0.16068396 1.00000000 0.23128510 0.17657951 0.26605493 0.27746555 0.02401101 0.17769807 0.02827592 0.01551183 0.11016782 0.15583968 0.15055276 -0.06607901 0.03497425 0.08707651 -0.03523602 -0.04456337 0.12987099 0.07293921 0.08539037 0.05236021 0.01235549 0.04210353 0.00643491 0.10367091 0.00985030 0.04201001 0.09254973 0.06195343 0.02817773 -0.04043107
0.02081439 -0.01533574 0.09839741 0.13080313 0.14290050 -0.00096415 0.02897151 0.07407474 0.25230015 0.01550302 0.05291261 0.18362276 0.05732073 -0.01499673 0.01589202 0.11557895 0.14478477 0.01682220 0.12065458 0.05945115 0.13365619 0.00871264 0.21403621 0.13630608 -0.02646232 0.13357271 -0.05850633 -0.07575622 -0.14272277 0.02693024 -0.01759172 -0.07730618 -0.11143686 0.03099323 -0.01421635 0.00812065 0.05396654 0.06856362 0.05859239 0.34748542 0.25811835 0.30383219 0.09302226 0.17625921 0.46177436 0.20984587 0.19389302 0.23128510 1.00000000 -0.02923077 0.41050902 0.17945732 -0.12310737 0.07153001 0.04078193 0.11305286 0.10655559 0.11632472 0.17210664 -0.03200295 0.09703454 0.18548779 0.01900352 -0.06825701 0.24181376 0.21498128 0.22813363 -0.04245063 0.05495399 0.19706347 0.17324544 0.26629654 -0.01858056 0.20846829 0.12756197 0.15681230 0.10433064 0.11401246
0.07985195 -0.06660464 -0.02024518 -0.00275940 -0.08519590 -0.03563342 -0.04996368 -0.03914351 -0.09899141 -0.02016370 -0.02639233 -0.09728591 -0.14347137 -0.01173724 0.05235951 -0.07982091 -0.00603960 -0.02895332 0.03832466 0.05896755 -0.06320488 -0.02446298 -0.07165955 0.04401890 0.15005613 -0.05444222 -0.02160675 -0.00653738 0.00097761 -0.04243869 -0.04315549 0.04687680 -0.07029365 -0.08029389 -0.06182205 -0.13312956 -0.07071291 -0.02085361 -0.04547878 0.16643108 0.25318295 0.01824784 0.40421448 0.16274028 -0.08669643 0.23108356 0.11814631 0.17657951 -0.02923077 1.00000000 0.00330512 0.19697527 -0.01590447 0.04755653 -0.04831414 -0.15999837 -0.11469175 -0.08379038 0.10064576 -0.01444207 -0.04006862 -0.14126545 -0.03318600 -0.04546512 -0.21235976 -0.05389511 -0.01479297 0.08111994 0.03826880 -0.02339270 -0.03265435 -0.02612578 0.16396018 -0.12770638 0.03273281 -0.00175786 0.04837058 -0.02121420
0.08652755 0.00658382 0.17830694 0.21228168 0.15082476 -0.00699905 0.04711629 0.13626544 0.25206172 0.12200030 0.05564691 0.24059580 0.03336085 -0.09597720 -0.03841478 0.01759197 0.10765996 -0.02676830 0.03560284 0.01351751 0.06920979 -0.02280690 0.16120735 0.10095024 -0.00812891 0.01212469 -0.06665058 -0.07735376 -0.17555511 0.00663413 -0.08192037 -0.05990691 -0.01229825 0.00366526 -0.00738722 -0.00635020 0.01653593 -0.01289293 0.06648688 0.13446175 0.22324148 0.43188949 0.13942616 0.01935272 0.43809662 0.15996237 0.06413099 0.26605493 0.41050902 0.00330512 1.00000000 0.13685268 -0.10256346 0.02988066 0.00984347 0.04130650 0.13597875 0.11796211 0.11039101 -0.12097546 0.13084135 0.12441438 -0.02666135 -0.06148021 0.15520668 0.03390663 0.12938933 -0.04993136 -0.02627774 0.11154621 0.06844076 0.15109636 -0.11815874 0.08625515 0.10458145 0.13402592 0.01234072 0.08112879
0.00853602 0.05235933 -0.00867616 0.06305765 -0.01887304 0.03426990 -0.05350484 0.07226917 0.04281900 0.04771330 -0.00412581 -0.02191296 0.05177134 0.02424848 -0.02094712 0.06991256 0.09217970 0.00490504 0.08120492 0.06943240 0.05180602 0.00871732 0.06277225 0.08028363 0.04215904 0.00111836 -0.04834712 -0.01848470 -0.09584769 -0.04609177 -0.01648200 0.00266715 -0.07459157 -0.01309183 -0.05320230 -0.05526856 0.02304852 0.01514292 -0.00186031 0.27957857 0.25932418 0.26702843 0.10629674 0.21146873 0.25394872 0.27159985 0.20459900 0.27746555 0.17945732 0.19697527 0.13685268 1.00000000 -0.03445641 0.07329576 -0.02661649 0.02311993 0.00495022 0.04985785 0.08420941 -0.05849640 0.17747066 0.10078613 0.01279552 0.02535415 0.03406013 0.09307020 0.10145758 0.07308995 0.01399965 0.08536213 0.07271223 0.09258074 0.02091618 0.08747106 0.07577501 0.13599181 0.15297771 0.01049792
0.04241037 0.01297811 -0.13984843 0.03340092 -0.06264982 -0.12768465 -0.05475935 -0.02936323 0.03963936 -0.00474458 0.08229397 -0.16191077 -0.01633297 0.09578855 0.05867502 0.16765242 0.07936809 0.07365760 0.12838495 -0.06594182 0.08994918 0.04572074 -0.03803825 -0.06181864 0.06193879 0.09481481 0.05336983 0.08404016 0.10865539 0.10638508 0.10396512 -0.01975850 0.03542308 0.00299563 0.01874399 0.04649228 0.05823452 0.02311285 0.01460992 -0.01935619 -0.16429799 -0.14428430 -0.08276587 -0.08681640 -0.16131238 -0.15057264 -0.13038669 0.02401101 -0.12310737 -0.01590447 -0.10256346 -0.03445641 1.00000000 0.30349993 0.32806515 0.36711363 0.31351742 0.29148444 0.18404204 0.31077825 0.25541703 0.14182225 0.24294587 0.24085612 0.23541491 -0.02867187 -0.07817623 0.00323875 0.13252914 0.11010136 -0.07953205 0.02726882 0.09998977 -0.04213034 0.15935321 0.03833544 0.00590320 -0.07548289
0.10778390 0.00574486 0.02203208 0.04371206 -0.03083800 -0.00606418 -0.04011997 -0.04457660 0.08339852 -0.06003431 0.05648285 -0.01241816 0.06530437 0.02193758 -0.03039367 0.07486711 0.07006567 0.00118916 0.13073849 -0.01642463 0.08009114 0.02126452 0.04368035 -0.01971618 0.10092724 -0.09272458 -0.00553347 -0.03224475 0.02851772 0.05155345 0.04454607 -0.01219633 -0.00705307 -0.02353929 -0.01379032 -0.02610782 0.07755366 0.05079545 -0.03802366 0.13298058 -0.01447279 0.07580773 0.00572742 0.02955531 0.06402446 0.05235772 -0.00248867 0.17769807 0.07153001 0.04755653 0.02988066 0.07329576 0.30349993 1.00000000 0.21326646 0.21645134 0.17427060 0.31237133 0.22535793 0.15667802 0.24656468 0.10801703 0.22899222 0.15425377 0.27181000 0.14767733 0.10457292 0.14196598 0.10503468 0.15571694 0.06160453 0.09751206 0.07593261 0.05160392 0.15571513 0.11620715 0.07846468 -0.00577164
-0.01801064 -0.03680499 -0.04846185 0.05604291 -0.04202075 -0.06731308 -0.01353165 -0.11095437 0.06778120 -0.06860961 0.03959227 -0.01468339 -0.04058701 -0.05404059 -0.04383047 0.14326340 0.01481969 0.04780100 0.09668218 -0.07589595 0.06818277 0.06331111 -0.06454798 -0.03331027 0.01932754 0.05967458 0.04831139 0.04060258 0.03126881 0.06683410 0.07534793 0.01391064 0.05274987 -0.02253326 0.01360883 0.05420536 0.06639131 0.02204701 0.06644194 -0.02583214 -0.09732351 -0.00530472 -0.11532146 -0.12930275 0.01733122 -0.02224586 -0.09331749 0.02827592 0.04078193 -0.04831414 0.00984347 -0.02661649 0.32806515 0.21326646 1.00000000 0.33180326 0.28834779 0.29799584 0.12365002 0.21181460 0.33403334 0.19585399 0.21513785 0.25270940 0.26451458 0.02925577 0.05331446 -0.01105733 0.07222528 0.08662330 0.04960552 0.01258243 0.05866815 0.10878090 0.09342604 0.08240433 0.03380096 -0.03916350
-0.00955954 -0.01125728 -0.02021092 0.03272925 0.05422538 -0.07360104 0.05717430 -0.01702731 0.06988398 0.00312823 0.08168145 -0.02971633 -0.00477496 0.00027386 -0.04380465 0.15136057 0.10543675 0.04336305 0.08492269 -0.02721529 0.05412516 0.14012871 0.02737535 0.00935998 0.00987963 0.09475626 0.08107499 0.04148033 0.03680279 0.08360161 0.03547686 0.04108573 -0.00273284 0.00260793 0.05985226 0.08636768 0.08339450 0.05460581 0.09796410 0.05711407 -0.12923161 0.02229737 -0.09016046 -0.03739902 0.02821810 -0.04661392 -0.04536933 0.01551183 0.11305286 -0.15999837 0.04130650 0.02311993 0.36711363 0.21645134 0.33180326 1.00000000 0.29462030 0.27019506 0.23126850 0.25924080 0.36739630 0.23272101 0.31130492 0.29970212 0.44705088 0.11534521 0.08553617 -0.04888802 0.12350293 0.16460983 0.05121255 0.04736688 -0.01401728 0.07622561 0.10879059 0.11721726 0.02014725 -0.03644347
0.01303315 0.05873442 -0.09287842 0.10558822 0.11324428 -0.07065775 -0.02701570 -0.09809036 0.10099841 0.05202706 0.01072795 -0.07664541 0.04498306 -0.00550328 0.00942203 0.15921608 0.01441294 0.09403090 0.09344540 -0.07936948 0.06261301 0.01064140 0.02377791 -0.06444634 0.03331191 0.10073052 0.05045242 0.11259800 0.05481346 0.10245936 0.12322975 -0.08621144 0.02708841 -0.06875479 0.00107234 0.06375160 0.00932354 -0.02517951 0.04931135 0.07891212 -0.05923735 0.03734496 -0.06641513 -0.05635371 0.12780398 -0.03796840 0.03903860 0.11016782 0.10655559 -0.11469175 0.13597875 0.00495022 0.31351742 0.17427060 0.28834779 0.29462030 1.00000000 0.17132687 0.19312924 0.18696509 0.22655266 0.31148040 0.09588381 0.23891223 0.27796370 0.02305951 0.09406260 -0.03926933 0.02979105 0.19233066 0.09008295 0.03226974 0.01694718 0.10218268 0.08483432 0.13868412 0.02085293 0.03146130
0.00528088 -0.00418998 -0.01123390 0.08582449 -0.01282364 -0.07688396 -0.03604087 -0.01088528 0.09548643 0.10034449 0.03154214 0.00295062 0.02607190 0.02415246 -0.04159798 0.00307519 0.05043157 -0.01962513 -0.00038773 0.00297073 0.10183330 0.12453135 0.10769421 0.03954811 -0.01728670 -0.02363020 -0.04798503 -0.03386213 -0.00444857 0.08760548 -0.01260631 0.00144618 -0.04859291 0.06134526 -0.04121114 0.05658932 0.09698939 0.06059593 -0.00113115 0.05862198 0.02923754 0.11515192 0.02908849 0.02797185 0.14016830 0.09546069 -0.00756947 0.15583968 0.11632472 -0.08379038 0.11796211 0.04985785 0.29148444 0.31237133 0.29799584 0.27019506 0.17132687 1.00000000 0.33234541 0.16384782 0.25260138 0.24049307 0.19667173 0.26698366 0.36507807 0.12624706 0.11339344 0.08806984 0.00494068 0.00407786 0.05711560 0.07868702 0.02609249 0.15537745 0.13904157 0.12135037 0.02522839 -0.04357902
0.05624518 0.05613005 0.07295944 0.15837039 -0.01444414 0.04731316 -0.02093523 0.15035318 0.01514178 0.08244824 0.02992355 0.05476385 -0.00806918 0.03554639 0.04546022 -0.08659597 0.09022600 0.00563855 -0.01311827 0.07027769 0.01565717 0.00012637 0.02376228 0.07732683 0.05371017 0.03240022 0.01520884 0.03113950 0.07973020 0.03261786 -0.02438725 0.05704478 0.02623391 0.05609363 0.02535077 0.09378589 0.03479725 0.10948814 -0.03809544 0.13032978 0.13349671 0.11843472 0.15144696 0.12707961 0.12631692 0.13536257 0.12509449 0.15055276 0.17210664 0.10064576 0.11039101 0.08420941 0.18404204 0.22535793 0.12365002 0.23126850 0.19312924 0.33234541 1.00000000 0.06257549 0.22801340 0.30105854 0.19722200 0.16270078 0.17796064 0.21156016 0.15093160 0.07765259 0.13172309 0.09981905 0.17577424 0.14588151 0.12725796 0.19835431 0.19450650 0.23266417 0.13252002 0.03372751
-0.06886199 -0.06960805 -0.15068414 -0.14801612 -0.02676966 -0.12662044 -0.01194579 -0.02964497 -0.06555595 -0.11279409 -0.10787325 -0.12225307 -0.03993477 0.03150956 -0.03311520 0.10812176 -0.04505897 0.00295637 -0.02223819 -0.04697952 0.06250221 0.05888828 -0.08016894 0.00243297 -0.01630662 -0.00379918 0.00860727 0.03610561 0.07073090 -0.00645573 0.02415705 -0.05179707 -0.00385631 -0.01541686 0.05377568 0.06026416 -0.02535025 -0.09898717 -0.03140920 -0.07218804 -0.07778005 -0.18778475 -0.04894473 -0.03115176 -0.13300535 -0.07814608 0.00176135 -0.06607901 -0.03200295 -0.01444207 -0.12097546 -0.05849640 0.31077825 0.15667802 0.21181460 0.25924080 0.18696509 0.16384782 0.06257549 1.00000000 0.11894009 0.22143473 0.32323871 0.16129988 0.21185492 0.01558495 0.00756839 0.03793008 0.01048507 0.03419464 -0.03375725 -0.09284865 0.06006321 -0.03757655 0.02985944 0.01928970 0.01807982 -0.09181873
0.09300295 0.03284333 0.05783455 0.12217736 -0.01083352 -0.02320995 -0.08049408 -0.01508305 0.05305623 0.04302346 0.08102643 0.00533724 -0.01127474 0.08705030 0.03431526 0.20678686 0.22608422 0.04539936 0.14733531 -0.04987812 0.09167003 0.08597162 -0.04700271 0.03692916 0.05529987 0.09048572 0.10793949 0.07453169 0.01751254 0.10161483 0.03877508 0.02379639 0.01613406 -0.00206550 0.02866208 0.07304927 0.08409616 0.09964794 0.08090738 0.13364100 -0.09437968 0.05658277 -0.07119253 0.04264855 0.04711879 -0.02651197 -0.07684920 0.03497425 0.09703454 -0.04006862 0.13084135 0.17747066 0.25541703 0.24656468 0.33403334 0.36739630 0.22655266 0.25260138 0.22801340 0.11894009 1.00000000 0.25098199 0.20200821 0.24156251 0.26908985 0.13918570 0.08341916 -0.00771839 0.14692346 0.17330720 0.06470273 0.16196906 0.01955901 0.11824214 0.16437450 0.15136349 0.07447157 0.04374652
0.00967864 0.08146451 0.02769276 0.04303691 -0.04127752 -0.03368296 -0.02263111 0.07450911 0.07318741 0.04954474 -0.04052210 0.00255314 0.08997569 -0.05999551 -0.06531663 0.09164087 0.09528352 0.01321698 0.00302842 -0.01182066 0.04830748 0.00985787 0.13178047 0.05744070 -0.06316733 0.08380456 -0.02415387 -0.01605265 -0.01122968 0.03121105 0.01208459 -0.00139290 0.00544670 0.01550690 -0.00160592 0.12810608 0.04410711 -0.05677399 -0.00341737 0.11936643 0.05131029 0.10346405 0.07092291 0.02434108 0.19338382 0.07764650 0.07375718 0.08707651 0.18548779 -0.14126545 0.12441438 0.10078613 0.14182225 0.10801703 0.19585399 0.23272101 0.31148040 0.24049307 0.30105854 0.22143473 0.25098199 1.00000000 0.14945959 0.13112460 0.33516312 0.09568714 0.05884998 -0.00996706 0.02905061 0.07226917 0.05252783 0.12828174 -0.07572296 0.11953398 0.08612184 0.20525385 0.06261567 0.05585222
-0.04706488 0.01601488 -0.07295873 -0.03986940 -0.05520974 -0.08516108 0.00247873 0.06325625 0.02267585 -0.02659044 -0.03372000 -0.04469360 -0.06474414 0.03241733 -0.01979533 0.02678116 0.05464036 0.03723145 -0.00665668 -0.00816241 0.02160671 0.13692320 0.00540068 -0.01653250 -0.04001248 0.02232736 0.02924874 -0.04355705 0.01483660 0.01709275 -0.00140987 0.05326124 -0.00372148 0.03198232 0.04836861 -0.01602788 -0.03096653 0.03472910 -0.01749462 0.03455528 0.02063394 -0.00028620 0.05397626 0.04392734 -0.02415161 0.05326810 0.09764898 -0.03523602 0.01900352 -0.03318600 -0.02666135 0.01279552 0.24294587 0.22899222 0.21513785 0.31130492 0.09588381 0.19667173 0.19722200 0.32323871 0.20200821 0.14945959 1.00000000 0.23770781 0.22888940 0.10485569 0.04598611 0.03342504 0.10031102 0.08815832 0.02195365 0.01082946 0.05649894 0.08299682 0.10789521 0.07368551 0.00460364 -0.02942626
0.04919685 -0.01095535 -0.05807768 -0.07347349 0.07439025 -0.10871813 0.01879887 -0.09961660 0.02126893 -0.01527824 -0.01316107 -0.07337614 -0.02210238 0.00383865 -0.03817941 0.06456634 0.01359547 0.04783486 -0.01430082 -0.09519879 0.03223431 0.05778495 0.02548138 -0.09288530 -0.01987395 0.04872819 0.01062429 0.01516594 0.01792777 0.10535584 0.01101671 -0.02277374 0.01279207 0.00277815 -0.03756875 -0.00597661 0.01146217 0.00287779 -0.02644398 -0.06866162 -0.09553502 -0.09135016 -0.04349203 0.01232490 -0.07677467 -0.01081762 0.01746150 -0.04456337 -0.06825701 -0.04546512 -0.06148021 0.02535415 0.24085612 0.15425377 0.25270940 0.29970212 0.23891223 0.26698366 0.16270078 0.16129988 0.24156251 0.13112460 0.23770781 1.00000000 0.30153320 0.04679046 0.00605767 0.05166317 0.03999901 0.11558228 -0.00817640 0.02365014 0.07676617 0.06177465 -0.00257808 0.09351265 0.10021460 0.02872252
-0.06369615 -0.00290474 0.02059179 0.10411072 0.04109399 -0.10282050 0.03513550 -0.03374938 0.20607423 0.04581227 0.02295321 0.00443048 0.04606741 -0.04475578 -0.16785897 0.15651331 0.08073945 -0.00677380 0.07974960 -0.06204818 0.07027928 0.16975251 0.10390246 -0.01743594 -0.06990672 0.08018670 -0.03052440 -0.02017306 -0.04506657 0.12793147 0.04137282 -0.02496295 -0.01910917 -0.01515387 -0.02450921 0.07826821 0.07605075 0.03550183 0.03831689 0.04152438 -0.02720017 0.06523524 -0.08538511 -0.10708576 0.19598561 0.02517209 0.00995961 0.12987099 0.24181376 -0.21235976 0.15520668 0.03406013 0.23541491 0.27181000 0.26451458 0.44705088 0.27796370 0.36507807 0.17796064 0.21185492 0.26908985 0.33516312 0.22888940 0.30153320 1.00000000 0.10552385 0.12300815 -0.02744988 0.01409235 0.11629755 0.01835217 0.11962281 -0.12239555 0.11216770 0.12152343 0.13261301 -0.03257251 0.00375824
-0.04111052 0.07127767 0.05716509 0.03178457 0.06647105 -0.01173946 -0.02437598 0.12836792 0.04225857 0.04186897 0.02249840 0.10580832 0.01692498 0.02124710 -0.03126053 0.02929195 0.15412458 -0.01129805 0.01396581 0.01750712 0.07677324 0.05942843 0.09506763 0.11654774 -0.16146069 0.04850464 -0.04918502 -0.01155673 -0.03281738 0.02087144 -0.05284465 0.03964291 -0.02501267 0.03028616 -0.05781137 -0.03633554 0.01752078 0.07749793 -0.03637969 0.03753936 0.04854798 0.20294675 0.07830556 0.13776066 0.24458047 0.13941092 0.14205069 0.07293921 0.21498128 -0.05389511 0.03390663 0.09307020 -0.02867187 0.14767733 0.02925577 0.11534521 0.02305951 0.12624706 0.21156016 0.01558495 0.13918570 0.09568714 0.10485569 0.04679046 0.10552385 1.00000000 0.26852483 0.24174049 0.22271684 0.14834197 0.30038189 0.33309023 0.10791099 0.38403117 0.14930322 0.21670891 0.19963346 0.18354954
0.01714188 0.02144357 0.09737046 0.08782128 0.01848866 0.03936113 0.13911209 0.07850602 0.17915209 0.04784028 -0.03789456 0.16567892 0.12077251 -0.11254644 -0.03821876 -0.01380106 -0.01613965 -0.11128700 0.02138283 -0.00631538 0.06049161 -0.02128404 0.05905824 0.08366153 0.00514846 -0.04639250 0.01146828 0.00089018 0.03173487 0.10749473 -0.06453033 0.01840828 0.00375262 0.02698589 0.02306203 0.04129045 0.12169542 0.08266674 0.02999803 0.15141644 0.04465018 0.10416896 0.03340264 0.02291214 0.21731126 0.05767131 0.11093058 0.08539037 0.22813363 -0.01479297 0.12938933 0.10145758 -0.07817623 0.10457292 0.05331446 0.08553617 0.09406260 0.11339344 0.15093160 0.00756839 0.08341916 0.05884998 0.04598611 0.00605767 0.12300815 0.26852483 1.00000000 0.08883184 0.18010125 0.28737210 0.29370605 0.32035699 0.05065760 0.43423308 0.26770416 0.25794568 0.28981229 0.24337140
0.06289647 -0.03750250 -0.00197404 0.00587254 -0.04470548 -0.03227883 0.04105651 0.04358219 -0.00550301 0.00090444 -0.05912684 -0.05160333 0.04215138 -0.05746231 -0.01734487 -0.01434407 0.06839572 -0.07597641 -0.02616020 0.01895320 0.02656980 0.09945863 -0.01201769 -0.02822683 -0.00641890 -0.04064813 -0.05749040 -0.01828702 0.02235794 -0.00862352 -0.01946065 0.02863691 -0.06711923 -0.03972522 0.01377631 -0.04248113 0.01657857 0.00927149 -0.00053043 -0.00437325 0.03552829 0.07112194 0.09941264 0.11044351 0.01249276 0.12097222 0.05488028 0.05236021 -0.04245063 0.08111994 -0.04993136 0.07308995 0.00323875 0.14196598 -0.01105733 -0.04888802 -0.03926933 0.08806984 0.07765259 0.03793008 -0.00771839 -0.00996706 0.03342504 0.05166317 -0.02744988 0.24174049 0.08883184 1.00000000 0.09843452 0.12242116 0.12158069 0.05505426 0.26766921 0.07607624 0.27434500 0.18406418 0.07183051 0.13651167
0.05632326 0.02819335 -0.04795617 -0.05225056 -0.04342314 0.05282507 -0.01070337 -0.00675866 -0.01238719 -0.03407328 -0.02026746 -0.06476018 -0.00693769 -0.04761167 -0.03106662 0.02455008 0.07992019 0.01062269 0.09297213 0.02153063 -0.02056917 0.01155255 -0.04953664 0.06842015 0.07495592 0.04593623 0.05703450 0.01358769 0.03675021 0.05719711 0.06671761 0.06993454 0.04710954 0.05345675 0.06207496 0.03744622 0.11781623 0.14383964 0.03561468 0.06267985 0.02624388 0.00807129 0.03965784 0.06452050 -0.00348273 0.11094321 0.04344543 0.01235549 0.05495399 0.03826880 -0.02627774 0.01399965 0.13252914 0.10503468 0.07222528 0.12350293 0.02979105 0.00494068 0.13172309 0.01048507 0.14692346 0.02905061 0.10031102 0.03999901 0.01409235 0.22271684 0.18010125 0.09843452 1.00000000 0.34668692 0.07567206 0.19431333 0.28250968 0.11110871 0.28761683 0.15096077 0.19187623 0.11344713
0.05086229 -0.03333950 0.00693589 0.04857751 0.03856132 -0.01369542 0.06675938 0.04824598 0.13257928 -0.01154190 0.04857467 0.03816245 0.07019226 -0.03696802 0.00420382 0.03295563 0.00850389 0.02486800 0.10914182 -0.06346741 0.05937305 -0.01810461 0.06264405 0.07003663 0.04883298 0.02952865 0.01504278 -0.02388883 0.05114099 0.06622727 0.06815994 -0.03170104 -0.03952853 0.02718804 0.00632880 0.02916096 0.07016466 0.06685119 0.09610310 0.11514157 -0.04571468 0.07784210 -0.04635999 -0.02826977 0.10933990 0.05607631 0.06874672 0.04210353 0.19706347 -0.02339270 0.11154621 0.08536213 0.11010136 0.15571694 0.08662330 0.16460983 0.19233066 0.00407786 0.09981905 0.03419464 0.17330720 0.07226917 0.08815832 0.11558228 0.11629755 0.14834197 0.28737210 0.12242116 0.34668692 1.00000000 0.21661663 0.32462635 0.11493851 0.21727071 0.24934575 0.25400599 0.25461957 0.17822152
0.06651129 0.05976402 0.10438989 0.10635330 0.07151199 0.07080284 0.13797324 0.13621413 0.18076189 0.07457550 0.00858204 0.19809518 0.10237539 -0.01546008 0.02379522 -0.10631466 0.02020368 -0.04864899 0.03500525 -0.03444329 0.03864730 -0.04788047 0.05352794 0.06262028 -0.06401110 -0.03882788 -0.00358959 0.00081674 0.01921268 0.04451868 -0.03816120 0.00448422 0.00358253 0.02723455 -0.01039757 -0.02061168 0.00245630 0.09865605 0.01947907 0.13026418 0.03201076 0.12497133 0.06235986 0.03003828 0.19206575 0.07860430 0.09256360 0.00643491 0.17324544 -0.03265435 0.06844076 0.07271223 -0.07953205 0.06160453 0.04960552 0.05121255 0.09008295 0.05711560 0.17577424 -0.03375725 0.06470273 0.05252783 0.02195365 -0.00817640 0.01835217 0.30038189 0.29370605 0.12158069 0.07567206 0.21661663 1.00000000 0.22678538 0.08997242 0.25740343 0.25631739 0.31835788 0.17972107 0.30453520
0.07565539 0.04112170 0.13920687 0.18086495 0.05834910 0.03353144 0.09125157 0.20883104 0.15462198 0.05127547 0.05874486 0.19688522 0.09637236 0.04162963 0.02802755 0.01093346 0.13855276 0.01032045 0.08961274 -0.00684734 0.07131724 0.00010326 0.14003662 0.05316892 -0.05474854 0.01882088 -0.02119490 -0.05457870 -0.04911680 0.01246946 -0.06227032 -0.00155517 -0.02070733 0.04166914 -0.02292286 0.01751991 0.09705620 0.03896748 0.11817173 0.17694163 0.05850771 0.17494835 0.07977251 0.04493058 0.27479048 0.11818188 0.06440977 0.10367091 0.26629654 -0.02612578 0.15109636 0.09258074 0.02726882 0.09751206 0.01258243 0.04736688 0.03226974 0.07868702 0.14588151 -0.09284865 0.16196906 0.12828174 0.01082946 0.02365014 0.11962281 0.33309023 0.32035699 0.05505426 0.19431333 0.32462635 0.22678538 1.00000000 0.01237261 0.40899372 0.21450569 0.25092343 0.19642102 0.16256618
0.08665122 0.02036899 -0.04188091 -0.05433106 -0.06296593 -0.02660825 -0.08230801 0.06024590 -0.11489575 -0.03340956 -0.01385362 -0.13784412 -0.06173080 -0.01560466 0.08705888 -0.00447854 0.00382705 -0.00994911 0.06142724 0.05080380 -0.01112610 -0.03479130 -0.11543093 -0.00467556 0.05306043 -0.03715586 0.03390380 0.03319953 0.05872232 0.06853035 0.05316342 0.09631555 -0.01911773 -0.05809640 -0.02415137 -0.00362337 0.02201486 0.01774952 -0.00338173 0.01726454 0.07387394 -0.12233252 0.14680707 0.09591337 -0.16078680 0.02763713 0.00166931 0.00985030 -0.01858056 0.16396018 -0.11815874 0.02091618 0.09998977 0.07593261 0.05866815 -0.01401728 0.01694718 0.02609249 0.12725796 0.06006321 0.01955901 -0.07572296 0.05649894 0.07676617 -0.12239555 0.10791099 0.05065760 0.26766921 0.28250968 0.11493851 0.08997242 0.01237261 1.00000000 0.00175646 0.12106110 0.14172227 0.13749337 0.07713165
-0.08312940 0.10503232 0.04365377 0.10937976 0.01098194 0.00400670 0.11623714 0.13039825 0.12716799 0.13265365 -0.02204134 0.17614053 0.01010518 0.00855046 -0.04714232 -0.00860488 0.08777219 -0.00179684 -0.00868714 -0.05822997 0.06440638 0.00128939 0.09880122 0.14008358 -0.06275868 0.06698608 -0.02057972 0.01054738 0.00509860 0.01041378 -0.05602146 0.01015562 0.00305518 0.08274360 0.02017254 -0.02119970 0.09719401 0.12322780 -0.02186182 0.09197279 0.01279184 0.17451484 0.00833329 -0.00083656 0.26188314 0.09475829 0.16387249 0.04201001 0.20846829 -0.12770638 0.08625515 0.08747106 -0.04213034 0.05160392 0.10878090 0.07622561 0.10218268 0.15537745 0.19835431 -0.03757655 0.11824214 0.11953398 0.08299682 0.06177465 0.11216770 0.38403117 0.43423308 0.07607624 0.11110871 0.21727071 0.25740343 0.40899372 0.00175646 1.00000000 0.17653674 0.20844878 0.23721024 0.17627097
0.04270214 0.01033307 0.01515364 0.04898951 -0.08358263 -0.00014720 0.04370011 0.08425102 0.04778794 0.07749336 -0.01964602 -0.02457781 -0.05192440 -0.05519643 0.04206465 0.07019902 0.15117691 -0.04950014 0.08558179 -0.01306070 0.08385362 0.05293130 0.00477876 -0.00561034 0.07078316 0.03897242 0.06882329 0.03126732 0.06381019 0.04646982 0.04156209 -0.03721976 -0.01137050 -0.02768223 0.02629257 0.01884452 0.01067639 0.14424444 -0.00744867 0.06280589 0.07586482 0.07633684 0.03158904 0.07033968 0.05845355 0.12601762 0.02168623 0.09254973 0.12756197 0.03273281 0.10458145 0.07577501 0.15935321 0.15571513 0.09342604 0.10879059 0.08483432 0.13904157 0.19450650 0.02985944 0.16437450 0.08612184 0.10789521 -0.00257808 0.12152343 0.14930322 0.26770416 0.27434500 0.28761683 0.24934575 0.25631739 0.21450569 0.12106110 0.17653674 1.00000000 0.21488904 0.19482584 0.16492406
0.07958261 -0.01454191 0.11169804 0.07432980 0.03945172 -0.03473803 0.10244871 0.06721093 0.09254467 0.06709893 -0.00135149 0.06252869 0.08386543 -0.02707876 0.00509211 -0.02527557 0.07092421 -0.04302581 0.08023050 0.03057269 0.09784966 0.00906419 0.13712491 -0.00982920 0.05724723 0.01665854 0.03114792 0.02844132 -0.03131196 0.00378443 0.00110640 0.04669838 -0.01585892 0.07570307 -0.01694607 -0.04161383 0.04857417 0.08127820 0.04189581 0.18378445 0.10118580 0.11453949 0.12109717 0.05316768 0.14017401 0.05054872 0.08281493 0.06195343 0.15681230 -0.00175786 0.13402592 0.13599181 0.03833544 0.11620715 0.08240433 0.11721726 0.13868412 0.12135037 0.23266417 0.01928970 0.15136349 0.20525385 0.07368551 0.09351265 0.13261301 0.21670891 0.25794568 0.18406418 0.15096077 0.25400599 0.31835788 0.25092343 0.14172227 0.20844878 0.21488904 1.00000000 0.22867529 0.26510998
-0.03224558 0.05876565 -0.01479063 -0.01174470 0.08175229 0.04537809 0.03415436 0.05681505 -0.02073665 -0.01037689 -0.09164819 0.00003569 0.02677775 0.02577595 0.07979478 -0.00747471 -0.00057800 0.01705974 0.01255608 0.05458171 0.13141720 -0.07852250 0.02786832 0.09492144 0.04084966 -0.01718078 0.05931380 0.05319220 0.02942840 0.05606511 -0.03125210 -0.00972094 -0.02770352 0.01980183 -0.04020050 -0.07324465 -0.00898197 -0.00727273 -0.01915687 0.12334200 0.07546668 0.06795624 0.07459102 0.06840469 0.11277203 0.04491744 0.13599007 0.02817773 0.10433064 0.04837058 0.01234072 0.15297771 0.00590320 0.07846468 0.03380096 0.02014725 0.02085293 0.02522839 0.13252002 0.01807982 0.07447157 0.06261567 0.00460364 0.10021460 -0.03257251 0.19963346 0.28981229 0.07183051 0.19187623 0.25461957 0.17972107 0.19642102 0.13749337 0.23721024 0.19482584 0.22867529 1.00000000 0.31439599
0.06210481 0.00425542 0.10059936 0.03427936 0.11256096 0.02541851 0.09685933 0.07173807 0.18610148 0.15774047 -0.02184099 0.12794752 0.09734021 -0.00093436 -0.00218298 -0.09217154 -0.03435889 -0.03972395 -0.01917045 0.02217796 0.07159158 -0.07171357 0.08562098 0.02770106 -0.05113110 -0.04535640 0.03744249 0.01629341 0.01111348 0.03790414 -0.08413051 0.04224714 0.04889815 -0.03089541 -0.01008275 -0.04448444 -0.02061060 0.03191758 0.07559583 0.01733180 0.05730577 0.10188252 0.07850738 -0.02521082 0.14098756 0.00684826 0.04978714 -0.04043107 0.11401246 -0.02121420 0.08112879 0.01049792 -0.07548289 -0.00577164 -0.03916350 -0.03644347 0.03146130 -0.04357902 0.03372751 -0.09181873 0.04374652 0.05585222 -0.02942626 0.02872252 0.00375824 0.18354954 0.24337140 0.13651167 0.11344713 0.17822152 0.30453520 0.16256618 0.07713165 0.17627097 0.16492406 0.26510998 0.31439599 1.00000000
