1.00000000 0.14972737 0.18693124 0.09863504 0.05500194 0.01453467 0.16484254 0.10921753 0.19666674 0.07385362 0.13859308 0.01309162 0.16231324 0.12170625 -0.05524083 -0.10279658 0.07731786 0.03887653 -0.08830972 -0.09685055 -0.12620461 0.09226249 0.14085679 -0.01953566 0.00177241 -0.04159666 0.04118024 0.03988362 0.06197500 0.07943253 -0.03228716 -0.07856923 0.04355274 -0.08544157 -0.12937081 0.16652724 0.05026199 -0.01651068 0.17210559 0.05100282 0.03233353 0.18933739 -0.01061966 0.07196546 -0.11845443 0.03978979 -0.07641343 0.01027933 -0.03079198 0.11072376 -0.08219858 -0.02003494 -0.01140617 0.05359100 -0.02429862 -0.05954802 -0.14569601 0.10352351 0.08960463 -0.03773479 0.12666684 0.01217504 0.07153722 -0.13311524 -0.04644792 0.10083094 0.03781464 0.09263474 0.17566043 0.06721152 0.02343194 0.04513558 0.10317622 0.08413148 -0.01266244 -0.01815431 0.07858788 0.02071336
0.14972737 1.00000000 0.03316877 0.25706787 0.13830384 0.07227849 -0.04037716 0.14963264 0.24278438 0.17119594 0.11173198 0.11856645 0.01559949 0.01590706 -0.04749335 -0.02709539 0.03830956 0.07162921 0.02733104 -0.04009923 0.03482446 -0.05641055 0.01658084 -0.15758026 0.05039000 0.01429845 -0.08068348 -0.06748414 0.00406339 -0.00981209 -0.02599173 -0.14207145 -0.05843948 -0.17149680 0.01828034 -0.00334568 -0.08616676 0.04347671 0.01396482 -0.05238312 0.04137671 -0.02179812 0.02434232 0.00569885 -0.01343875 0.12485279 0.07973683 0.12992725 -0.14434104 0.10173413 -0.02864276 0.07021706 -0.06295296 0.06489368 0.02439541 -0.01561137 0.07309431 0.10281208 0.06544767 -0.03957487 0.05855137 -0.04007954 0.06189043 0.02933443 -0.03124692 -0.04129987 0.10119234 0.07965898 0.00476536 -0.01047803 -0.03332589 -0.00501152 0.04470869 -0.00604285 0.01552748 -0.00504437 -0.01436552 -0.08390378
0.18693124 0.03316877 1.00000000 0.14886984 0.11667782 0.18453385 0.24585478 0.12691008 -0.04001762 0.03962247 0.17622329 0.24519561 0.14412034 -0.03611807 0.11166205 0.02438652 0.00797910 -0.00077679 -0.06303370 -0.08329783 -0.03179001 -0.06054338 0.10296443 0.00733452 -0.08479001 -0.05508588 0.02281225 0.01242484 -0.04603141 0.05779745 0.06745798 0.06143222 0.12539603 -0.01129272 0.00251432 -0.01401563 -0.02584010 -0.03368522 0.09482546 0.06472796 0.05468051 0.03335270 0.09278894 -0.04388494 0.04490583 0.04358720 0.20166786 -0.11936836 0.14915937 -0.00245358 0.02663608 -0.00510576 -0.05788761 0.03804383 0.00399627 -0.06156623 0.00841255 0.06362698 0.03329110 0.01658162 0.10284590 0.08126574 0.09396401 -0.08085122 0.14557993 0.16349057 0.04736709 -0.01989476 0.17843108 -0.05836116 0.08011536 0.18365215 0.01267669 0.14544333 -0.00435911 0.15564077 0.06067360 0.03931017
0.09863504 0.25706787 0.14886984 1.00000000 0.17498851 0.09418695 0.23641403 0.20214860 0.27009137 0.23498538 0.38085255 0.18363143 0.01135028 0.02876528 0.11324598 0.04952595 -0.03020343 0.07631177 0.08854851 -0.05864365 0.09782233 -0.05187182 0.06811361 -0.05653342 0.12853380 0.08375566 -0.07308607 -0.02400145 0.06538587 -0.05625608 0.08826244 -0.02636617 0.07607081 0.02571671 -0.04720258 0.01996070 -0.10876182 -0.00402407 -0.02381985 0.04263302 -0.10678445 -0.00342669 0.03816209 -0.09155988 -0.15469009 0.04452892 -0.00591318 0.00571414 -0.06327126 -0.05625579 0.00613292 -0.04686339 0.08545865 -0.05463725 0.11146033 0.16031727 0.05319822 -0.02573402 -0.03892074 0.03688905 0.06669595 -0.04942387 -0.10258462 -0.05818934 0.05128885 -0.07151742 0.04385174 0.01754839 0.02510109 0.00036974 0.04438576 -0.01072066 0.04018628 -0.07342923 -0.04516521 0.00504807 -0.03263752 0.15294476
0.05500194 0.13830384 0.11667782 0.17498851 1.00000000 0.03866606 0.19055270 0.05032410 0.24366150 0.08774738 0.25338661 0.26375578 0.18730941 -0.06669574 0.00838745 -0.01349525 -0.15310288 0.03002105 -0.00472917 -0.04507049 -0.00151989 -0.17057857 0.10580638 0.01894938 -0.02890998 0.01681019 -0.06805473 -0.08422176 -0.18343410 -0.04328199 -0.10314212 -0.03666557 -0.07259277 -0.04437732 -0.06983849 -0.05915164 -0.06406816 -0.09399685 -0.01843514 0.06928578 0.04996173 0.00823086 0.02973333 0.00658083 0.06424817 0.05277867 0.00508014 0.03201902 0.15211930 -0.04331066 0.17007458 0.03220876 -0.04679012 -0.06008419 -0.05574096 0.06447846 0.18339980 0.07556337 0.01025951 -0.05603296 0.05635817 -0.09420798 -0.11039812 0.04583107 0.06732052 0.06554370 0.05751035 0.02006734 -0.01296193 0.05615935 -0.00745147 -0.00724987 -0.00652473 0.06901795 0.03660340 0.01503490 0.08162555 0.04145323
0.01453467 0.07227849 0.18453385 0.09418695 0.03866606 1.00000000 0.15344431 0.15905144 0.05192972 0.15291919 0.05143875 0.13458433 0.13579799 -0.00078020 -0.03475315 -0.04240382 -0.09590674 -0.10212125 -0.06721691 -0.07565866 0.01379194 0.00226727 -0.10080910 -0.12259385 -0.14742315 -0.09570805 0.07512612 0.05352538 0.07837434 0.01375510 0.14700831 0.11493297 -0.02022585 0.04910093 -0.02756460 0.04985341 0.05998866 0.08880834 0.12194809 0.07331380 0.04857390 0.01896811 0.05404707 0.15862618 0.07509759 0.04957146 0.11456444 0.02174991 0.01044688 0.07908076 0.02547208 0.02571171 0.02923547 -0.03130000 -0.02582642 0.05125742 0.08924330 -0.05609238 0.07931590 0.02655024 -0.05146882 0.05353968 -0.00224326 0.04054300 -0.01398912 0.01708629 -0.00803268 0.13990039 0.02747279 -0.00592818 -0.00288451 0.02492315 0.11312915 -0.06773001 0.05895953 0.09300952 0.12146567 0.09168796
0.16484254 -0.04037716 0.24585478 0.23641403 0.19055270 0.15344431 1.00000000 0.15618181 0.08124877 0.11649522 0.27116198 0.27012860 0.17787194 0.03333139 0.07543515 -0.00717270 -0.03425128 -0.02700407 0.07733445 -0.03946815 0.07127160 -0.10716231 0.10981756 0.00710230 -0.07880369 -0.03856710 -0.12756135 -0.11352922 -0.11036899 0.01711938 0.06475849 -0.09697580 0.16954400 -0.03946036 -0.14664226 -0.01593084 -0.08813027 -0.11379396 -0.01494266 0.08794715 0.05429002 0.04170571 -0.05748939 -0.02850709 0.00580834 -0.03015112 -0.01023622 0.05131571 0.17352908 -0.07661524 0.01070256 -0.02181392 -0.04233040 -0.12530708 -0.08321673 -0.05281328 0.08247257 -0.09936439 -0.05966527 -0.03597127 0.06691516 -0.06154247 -0.01768360 -0.05294540 -0.01061457 0.07213184 0.10686301 0.05574038 0.07448567 0.12899580 0.01290814 -0.02087949 -0.07655226 -0.03569948 -0.05158128 0.10973811 0.08731316 0.09007254
0.10921753 0.14963264 0.12691008 0.20214860 0.05032410 0.15905144 0.15618181 1.00000000 0.07022565 0.12812136 0.06356437 0.08298045 0.00027819 -0.01368600 -0.00898456 0.00356214 0.05694319 -0.01778700 -0.08062011 -0.04190518 -0.06546395 0.12902440 0.03283738 0.07416426 0.01167422 0.04128742 0.08627718 0.04041606 0.04589661 0.06644977 0.00507395 0.02024305 0.04634050 0.00872634 0.02287816 0.04816741 0.00926625 0.04919167 0.06482025 0.02051889 0.00956453 0.07445811 0.13117132 0.04907961 -0.12631583 0.00676544 0.07458901 0.01883842 -0.03781721 0.00234195 0.00476954 -0.11449212 0.07732831 0.10050950 0.06392568 0.11071902 -0.05336810 -0.05935442 0.14334796 -0.03782607 -0.00460016 0.01229078 -0.02258945 0.01759112 0.08969590 0.12335391 0.10623138 0.14121996 0.13396999 0.01695809 0.05994759 0.03095994 0.13546639 0.08969180 0.03837405 0.09772290 0.04499634 -0.03107990
0.19666674 0.24278438 -0.04001762 0.27009137 0.24366150 0.05192972 0.08124877 0.07022565 1.00000000 0.07255700 0.31321614 0.17770441 0.10622698 0.05837009 -0.06001601 0.05442929 0.03337187 0.18855333 -0.01428544 -0.15771381 0.18586801 0.02305247 -0.03329037 -0.12597253 0.08570627 0.05342498 -0.06842333 0.03466094 -0.01396009 -0.07795343 0.00270105 -0.11283660 -0.04026535 -0.09610881 -0.03421933 -0.05954299 -0.11260588 -0.05986476 -0.08422836 -0.02117895 -0.08676418 -0.14798361 0.05286069 -0.09674549 -0.15272556 -0.03190716 -0.06211041 0.10206247 -0.08472072 -0.03031232 0.07464945 -0.05983637 0.28084636 0.17369085 0.03776578 0.06263910 0.04559238 0.03779308 -0.02261387 -0.07913613 0.18188832 -0.08217407 -0.15885649 -0.02109023 -0.02408072 -0.06934303 0.05992431 -0.01868235 0.02542923 0.13330758 -0.14963792 0.02383450 0.18132080 -0.06989057 0.02830163 -0.04202990 -0.00663631 0.05706684
0.07385362 0.17119594 0.03962247 0.23498538 0.08774738 0.15291919 0.11649522 0.12812136 0.07255700 1.00000000 0.05893315 0.30243058 0.02013951 -0.06275058 0.00116752 -0.00576481 -0.15255523 -0.02558866 -0.00955626 0.00708795 -0.02952619 0.05837381 -0.08086393 -0.09447885 -0.08421542 0.02124719 0.05073685 0.11652882 0.09939900 0.03517026 0.11072606 0.11629863 0.12809348 0.04825441 0.08357901 0.04165020 0.05243526 0.01761195 0.01410886 0.09068787 0.00837765 -0.10850079 -0.00596719 0.03309935 -0.01214521 0.04926738 0.02793767 0.12312730 0.01782166 -0.04074785 0.01822886 0.11127792 -0.05817107 0.05885837 0.00196823 0.03162911 0.11944760 0.03505453 0.04992668 -0.03357452 -0.06908679 -0.05200363 -0.04614691 -0.02251457 0.06765193 -0.05244819 0.06510809 0.07816649 0.09699112 0.02462828 -0.06864806 0.03545633 0.09247236 -0.00327314 0.12502098 -0.01166936 0.09247644 0.10087631
0.13859308 0.11173198 0.17622329 0.38085255 0.25338661 0.05143875 0.27116198 0.06356437 0.31321614 0.05893315 1.00000000 0.17768595 0.27577029 -0.00072129 0.06699131 -0.06309298 -0.08257178 0.09200207 -0.08204587 -0.06462050 0.01723982 -0.13654947 0.04601024 -0.10856918 -0.05501857 -0.03809665 -0.02573559 -0.11877489 -0.03114824 -0.02101909 -0.00502499 -0.08316955 0.01720363 -0.09884923 -0.09517411 -0.07374849 -0.09442573 0.01591145 0.01767292 0.00149565 -0.01201770 -0.05784520 0.06621292 -0.04565054 -0.14785261 -0.01330822 0.02515876 0.00168111 0.07876431 -0.02132692 0.12184918 -0.02979365 0.05968491 -0.06106187 -0.02865978 0.14231927 -0.00255730 -0.04192339 -0.00156640 -0.02864488 0.08633016 -0.00596683 -0.09278618 -0.01497698 0.03598446 -0.08652961 0.00043223 -0.04401100 -0.06589627 -0.02633137 0.01738018 -0.01570863 0.04897169 0.03688777 0.00941421 -0.12475363 -0.11286726 -0.00752182
0.01309162 0.11856645 0.24519561 0.18363143 0.26375578 0.13458433 0.27012860 0.08298045 0.17770441 0.30243058 0.17768595 1.00000000 -0.00950459 0.00303108 0.16302791 0.02596560 -0.00228813 -0.04135990 0.02826997 0.03675289 0.12585814 0.00889259 0.18373878 0.06835266 -0.04716126 0.02150828 -0.21314332 -0.07676337 -0.17037944 -0.07310186 0.09285993 0.02352797 0.07637547 0.01366073 -0.10095749 -0.08776665 -0.09088272 -0.01721604 -0.09187181 0.06886679 0.14174684 0.00717816 0.11648142 0.04965907 0.12907067 0.03652622 0.17238652 0.10598966 0.14312649 0.07356011 0.14889462 0.03952378 -0.05578121 -0.06912304 0.04690776 -0.10247863 0.06140932 -0.04126743 0.06913263 -0.14071346 0.07031468 -0.02838541 -0.17815180 -0.10943287 0.01354830 0.04538284 -0.01357750 0.08265182 0.05869563 -0.04549180 -0.00508390 0.08157783 0.00360243 0.07026797 0.02292580 0.06758562 -0.01459647 0.02500651
0.16231324 0.01559949 0.14412034 0.01135028 0.18730941 0.13579799 0.17787194 0.00027819 0.10622698 0.02013951 0.27577029 -0.00950459 1.00000000 -0.09776083 -0.02310376 -0.04139600 -0.17699182 -0.02182255 -0.07213658 -0.07912303 -0.08676508 -0.13388190 -0.03637666 -0.04911004 -0.20500862 -0.11512284 0.07718567 0.00439925 0.01670497 0.00848875 -0.00192202 0.07276573 0.01843449 -0.02414473 0.02887389 0.02352816 0.04163954 0.05725682 0.18082827 0.03347274 0.13016612 0.05733402 0.06273964 0.05234750 0.04377723 0.01028589 -0.00939634 -0.02330769 0.09023854 -0.00207074 0.00189358 -0.06682853 -0.04044988 -0.10580774 -0.05689521 0.13101313 -0.01643563 -0.08845429 0.00064118 -0.03846305 -0.11904753 0.00691821 0.04740140 0.04698030 0.06359178 0.00990983 0.00333611 -0.13081262 -0.06236814 -0.12860608 -0.01802496 -0.06285337 -0.02655300 -0.01470554 -0.02012850 -0.04022403 -0.03188595 0.00602970
0.12170625 0.01590706 -0.03611807 0.02876528 -0.06669574 -0.00078020 0.03333139 -0.01368600 0.05837009 -0.06275058 -0.00072129 0.00303108 -0.09776083 1.00000000 0.24450004 0.17490438 0.30388773 0.20883500 0.18253046 0.14072166 0.21568941 0.18925261 0.24507434 0.23247389 0.21801554 0.32279638 -0.01750273 0.08959093 0.00264369 0.08512030 0.03267986 -0.01204512 -0.07370476 -0.06873402 -0.03081110 0.10020705 0.02717816 0.11000570 -0.05134902 -0.08558066 0.01897175 0.04775895 0.07786763 0.08590841 -0.08362025 -0.03283819 -0.02732215 -0.06121628 0.05808092 0.03140166 -0.01247278 0.04814375 0.09082562 -0.02966108 -0.11091972 -0.15556554 -0.13527588 0.04216113 0.03187509 -0.01325145 0.13134847 0.11409839 -0.01397324 -0.09051970 -0.00376343 -0.06176918 -0.04103025 0.14211649 0.09284413 0.06087603 0.02387270 -0.00449515 0.09725335 -0.04780863 -0.05010048 0.03916667 -0.12265194 0.13642967
-0.05524083 -0.04749335 0.11166205 0.11324598 0.00838745 -0.03475315 0.07543515 -0.00898456 -0.06001601 0.00116752 0.06699131 0.16302791 -0.02310376 0.24450004 1.00000000 0.25279035 0.15871108 0.19174769 0.37820513 0.19312168 0.28466211 -0.06712388 0.28675968 0.18282173 0.16270827 0.30917005 -0.18557198 -0.16319546 -0.12368727 -0.09970942 0.06898717 -0.03919803 0.01428137 0.00435468 -0.07502717 -0.00676407 -0.16932560 -0.07838746 -0.10403034 0.08383929 0.07011820 0.10068785 0.04650701 -0.00085718 0.19613488 0.05991101 0.14696767 -0.20053716 0.17564342 -0.03143922 0.07453183 -0.03719798 -0.01382622 -0.13384296 -0.01903334 -0.00880547 -0.03832814 -0.09186935 -0.02775259 0.05069187 0.14630362 0.10392999 -0.07502447 -0.14358758 0.00666967 -0.06785711 -0.09126315 0.01064492 -0.04734268 -0.09245975 0.02564900 0.00775563 -0.14925876 -0.01993021 -0.16895024 0.00567175 -0.03423664 0.07451038
-0.10279658 -0.02709539 0.02438652 0.04952595 -0.01349525 -0.04240382 -0.00717270 0.00356214 0.05442929 -0.00576481 -0.06309298 0.02596560 -0.04139600 0.17490438 0.25279035 1.00000000 0.38290707 0.31774994 0.39781049 0.05808385 0.27007599 0.15926707 0.05272218 0.25849890 0.37904264 0.30284354 -0.13103197 0.03805414 -0.00311591 -0.08893825 0.09536614 -0.08496351 0.03994082 -0.01689486 0.07199484 0.04823301 -0.28882837 -0.07411245 -0.08520257 -0.01786929 -0.21866621 -0.03962392 -0.11912366 -0.15396577 -0.02834167 -0.18272604 -0.10703211 -0.14802704 0.03273785 -0.17892947 -0.01201918 -0.18480049 0.09501410 0.09887340 -0.08621514 0.00711380 0.00883975 0.04176687 -0.13739995 0.19566863 0.24484955 0.00754239 -0.02004941 -0.02234381 -0.04333476 -0.20747020 0.04837877 -0.06893917 0.03302459 0.09332903 -0.07320372 0.03088204 -0.04809141 -0.07794879 -0.09557903 -0.01856977 -0.10997949 0.06789067
0.07731786 0.03830956 0.00797910 -0.03020343 -0.15310288 -0.09590674 -0.03425128 0.05694319 0.03337187 -0.15255523 -0.08257178 -0.00228813 -0.17699182 0.30388773 0.15871108 0.38290707 1.00000000 0.42503288 0.28667227 0.08657253 0.25724014 0.24912413 0.24281230 0.26290563 0.42000169 0.34986747 -0.07860312 0.06136015 -0.03071777 -0.01402958 0.04077557 -0.04770469 -0.08077813 -0.10549849 0.00881462 -0.04318456 -0.13293403 0.01926810 -0.04314596 -0.06284110 -0.07311688 0.01041694 -0.04276600 -0.09241880 -0.01748689 -0.12056669 0.00247568 -0.13511711 -0.09391068 -0.07074692 -0.04820242 -0.10852418 0.04504333 0.12444593 -0.13584726 -0.14746730 -0.17774281 0.15740970 0.10396913 -0.00864028 0.38680201 0.12156671 0.07271323 0.01658922 -0.07909129 -0.15822472 0.01836333 -0.00319682 0.10265154 0.05019254 -0.14699092 -0.00420970 0.05531349 -0.00853740 -0.03047782 -0.04630170 -0.12983294 -0.02144598
0.03887653 0.07162921 -0.00077679 0.07631177 0.03002105 -0.10212125 -0.02700407 -0.01778700 0.18855333 -0.02558866 0.09200207 -0.04135990 -0.02182255 0.20883500 0.19174769 0.31774994 0.42503288 1.00000000 0.25623966 0.02480694 0.22599215 0.17201241 0.14818426 0.08563160 0.45305409 0.18527608 -0.07461093 -0.00501034 -0.00304792 -0.11822916 0.02113745 -0.08871708 -0.00989561 -0.20719877 0.07454266 -0.01027483 -0.12516920 -0.08824382 -0.05026981 0.05607714 -0.19215887 -0.10394653 -0.13026142 -0.10747186 -0.06537960 -0.16556731 -0.15323882 -0.13702725 -0.01978739 -0.10403759 0.05929189 -0.03085571 0.14295521 -0.04809333 -0.19601895 0.00078961 -0.09130334 -0.00002146 -0.06051143 0.05860519 0.25310351 -0.01974283 -0.19068032 -0.12718063 -0.03716651 -0.18671392 -0.05656874 -0.04120869 0.04326645 0.15398765 -0.13130038 0.12990021 0.00295859 -0.16191794 -0.02359378 -0.08496527 -0.04305428 0.11983154
-0.08830972 0.02733104 -0.06303370 0.08854851 -0.00472917 -0.06721691 0.07733445 -0.08062011 -0.01428544 -0.00955626 -0.08204587 0.02826997 -0.07213658 0.18253046 0.37820513 0.39781049 0.28667227 0.25623966 1.00000000 0.02050662 0.38293751 0.07833624 0.16253324 0.18899396 0.35501037 0.39961246 -0.21708231 -0.05244828 -0.11415632 -0.06867086 0.11455732 -0.26023013 0.02163536 -0.11887322 0.07086116 -0.12351663 -0.16209260 -0.19541374 -0.17520061 0.04085188 -0.02519143 -0.05612253 -0.17002110 -0.11258876 0.08586324 -0.14337103 -0.09021933 -0.09220514 0.19518914 -0.10033158 0.08880446 -0.02404521 0.07508236 -0.08644885 -0.01234817 0.02956431 0.07235986 -0.07978969 -0.03361733 0.12005366 0.07292078 0.01945961 -0.03009949 -0.04598143 0.07653448 -0.16549935 -0.02483553 0.06179004 -0.02010431 0.09525268 -0.10159465 0.04764185 -0.08195207 -0.13367677 -0.09517345 0.01444466 -0.05829365 0.08200294
-0.09685055 -0.04009923 -0.08329783 -0.05864365 -0.04507049 -0.07565866 -0.03946815 -0.04190518 -0.15771381 0.00708795 -0.06462050 0.03675289 -0.07912303 0.14072166 0.19312168 0.05808385 0.08657253 0.02480694 0.02050662 1.00000000 0.18053529 0.19776019 0.22352560 0.13055245 -0.02645327 0.16224854 0.05035419 -0.06043154 0.00107450 0.01341666 0.08258954 0.19059943 -0.01168899 0.07835290 0.08022308 0.00836158 0.01424020 0.00857548 -0.02592391 0.01367818 0.09336347 0.05721241 0.17185626 0.19151964 0.07236192 0.08263568 0.14934553 0.07580379 0.15660107 0.18102712 0.02818590 0.14043981 -0.10119516 0.01917884 0.04616599 -0.03198830 0.02333390 -0.05767829 -0.06491851 0.02451058 -0.14689473 -0.00663934 0.09612327 0.10483673 -0.03852001 0.12123028 -0.05226976 0.08227855 -0.01049094 -0.06725636 0.08729609 -0.08849501 -0.03705048 0.02577645 0.02492149 0.05218166 -0.06790462 -0.03654088
-0.12620461 0.03482446 -0.03179001 0.09782233 -0.00151989 0.01379194 0.07127160 -0.06546395 0.18586801 -0.02952619 0.01723982 0.12585814 -0.08676508 0.21568941 0.28466211 0.27007599 0.25724014 0.22599215 0.38293751 0.18053529 1.00000000 0.08618133 0.26044545 0.21688306 0.07827638 0.37338641 -0.22624600 -0.10479499 -0.16175138 -0.11034323 0.08423034 -0.26271857 0.00502915 -0.09913213 -0.03540603 -0.16911858 -0.17410457 -0.14573451 -0.23129504 0.01809194 -0.07809837 -0.24599391 -0.03542587 -0.13296190 0.13132920 0.00943623 0.03410502 -0.11423776 0.15639968 -0.07541860 0.13397199 0.02071540 0.06853900 -0.00013316 0.03396824 -0.01486393 0.04692516 0.01601878 -0.12362635 0.11898143 0.12280678 -0.02348736 0.00304866 -0.02241341 -0.03322831 -0.07072070 0.12019778 0.09052772 -0.03307374 -0.02742593 -0.09335018 0.05561465 0.04361342 -0.01470708 -0.02670105 -0.04202455 -0.06207210 0.15511884
0.09226249 -0.05641055 -0.06054338 -0.05187182 -0.17057857 0.00226727 -0.10716231 0.12902440 0.02305247 0.05837381 -0.13654947 0.00889259 -0.13388190 0.18925261 -0.06712388 0.15926707 0.24912413 0.17201241 0.07833624 0.19776019 0.08618133 1.00000000 -0.01763941 0.21776300 0.21440487 0.21092289 0.19107893 0.19870043 0.22412856 0.18269560 0.14589356 0.08675015 0.10247775 0.12406497 0.11341526 0.14785009 0.10705284 0.20209012 0.10589714 -0.01765035 0.06953354 0.03790038 0.10863137 0.06382586 -0.17412409 -0.01679088 -0.00779942 0.00412042 -0.01582115 0.09700701 0.02144146 0.02866897 0.11730117 0.21435680 0.02128416 -0.05690783 -0.08674204 0.05450360 -0.03357828 0.02433174 -0.06956489 0.07515729 0.03983715 0.05323883 0.00846763 -0.02334350 -0.07891958 0.06916903 0.10894193 0.10590705 -0.11664320 -0.05854103 0.24270910 0.08455135 -0.07428199 0.08839449 -0.01379452 -0.05832608
0.14085679 0.01658084 0.10296443 0.06811361 0.10580638 -0.10080910 0.10981756 0.03283738 -0.03329037 -0.08086393 0.04601024 0.18373878 -0.03637666 0.24507434 0.28675968 0.05272218 0.24281230 0.14818426 0.16253324 0.22352560 0.26044545 -0.01763941 1.00000000 0.26643475 0.09057852 0.29962370 -0.19382720 -0.19219341 -0.20421265 0.10278764 -0.09862254 0.04671478 -0.00181939 -0.01362768 -0.19214943 -0.00137395 -0.01751897 -0.02336489 -0.00102652 0.00943621 0.16489473 0.08415978 0.08152685 0.12897769 0.22372413 0.13212756 0.14586579 -0.10614528 0.28766558 0.03139148 0.10514634 -0.05264673 -0.19548363 -0.08538369 -0.06475559 -0.09986558 -0.16073410 0.06481317 0.13411538 0.01966999 0.16075696 0.09536850 0.05241772 -0.18116204 0.02083357 0.05892030 0.14091251 0.10851076 -0.04863308 -0.10112231 0.18084531 -0.05473776 -0.17473617 0.07897493 -0.03609003 0.08824807 -0.05762694 0.08413986
-0.01953566 -0.15758026 0.00733452 -0.05653342 0.01894938 -0.12259385 0.00710230 0.07416426 -0.12597253 -0.09447885 -0.10856918 0.06835266 -0.04911004 0.23247389 0.18282173 0.25849890 0.26290563 0.08563160 0.18899396 0.13055245 0.21688306 0.21776300 0.26643475 1.00000000 0.25603407 0.21079999 -0.00784660 0.14413885 -0.01479102 0.20445321 -0.03702865 0.08427192 0.06491617 0.10920101 -0.07527946 0.15386490 0.07383404 0.05318706 0.03718553 0.01134400 0.07087830 0.02008185 0.13565604 0.04731313 0.00233805 0.01963897 -0.02707098 -0.14583113 0.14771042 0.07569612 0.03523707 -0.13944422 -0.06390671 0.13006848 0.02031728 -0.02803995 -0.11133541 0.04039491 0.13743838 0.03462096 0.05569738 0.15314253 0.10012005 -0.04464754 0.12498497 0.05922237 0.12096178 0.08978544 0.01949487 0.02681696 0.03063108 -0.04531801 0.03846511 0.13022495 -0.00638232 0.03771609 0.06217500 0.13001088
0.00177241 0.05039000 -0.08479001 0.12853380 -0.02890998 -0.14742315 -0.07880369 0.01167422 0.08570627 -0.08421542 -0.05501857 -0.04716126 -0.20500862 0.21801554 0.16270827 0.37904264 0.42000169 0.45305409 0.35501037 -0.02645327 0.07827638 0.21440487 0.09057852 0.25603407 1.00000000 0.26520765 0.02883994 0.15822281 0.12725106 -0.00108441 -0.03273387 -0.06929889 -0.12881170 -0.05277444 0.05534030 0.06646153 -0.04190360 -0.09686166 -0.04672219 -0.06392675 -0.15722378 -0.08656159 -0.10472162 -0.15239340 -0.22514047 -0.27554670 -0.27665251 -0.13856216 -0.15909152 -0.08222965 -0.02665183 -0.13495331 0.23492960 0.20535802 -0.01678976 -0.01379167 -0.13470794 0.10387809 0.07254369 -0.01462451 0.31492801 -0.09181147 -0.11899036 -0.11639592 0.05614379 -0.25002792 -0.04467873 -0.02235758 0.04568966 0.18251892 -0.14538545 -0.08792592 0.05938294 -0.13133010 -0.12260960 -0.06258275 -0.10187681 0.07111603
-0.04159666 0.01429845 -0.05508588 0.08375566 0.01681019 -0.09570805 -0.03856710 0.04128742 0.05342498 0.02124719 -0.03809665 0.02150828 -0.11512284 0.32279638 0.30917005 0.30284354 0.34986747 0.18527608 0.39961246 0.16224854 0.37338641 0.21092289 0.29962370 0.21079999 0.26520765 1.00000000 -0.07370979 0.00530197 0.01411324 -0.02759999 0.06960019 -0.15806420 -0.01521033 -0.02768314 0.09262754 -0.01414295 -0.12433022 -0.09498688 -0.15000817 0.00785471 0.06673541 0.00686391 0.04637482 -0.02538906 0.04146493 -0.02829524 0.09545970 -0.02375798 0.11920563 0.02974040 0.16608459 0.03322224 0.11255102 0.07471984 0.01849544 -0.00185468 0.04771733 -0.07102037 -0.02486984 0.10835072 0.05674501 0.02218076 0.00728108 -0.04673600 0.01669036 -0.13993910 0.05871254 0.06616220 0.04749568 0.01863294 -0.15808999 -0.01115013 0.04815201 -0.09943306 0.02792348 -0.03787097 -0.14614994 0.01797412
0.04118024 -0.08068348 0.02281225 -0.07308607 -0.06805473 0.07512612 -0.12756135 0.08627718 -0.06842333 0.05073685 -0.02573559 -0.21314332 0.07718567 -0.01750273 -0.18557198 -0.13103197 -0.07860312 -0.07461093 -0.21708231 0.05035419 -0.22624600 0.19107893 -0.19382720 -0.00784660 0.02883994 -0.07370979 1.00000000 0.36102818 0.51082762 0.41520269 0.12191144 0.37631373 0.12597916 0.34202371 0.41219713 0.36980539 0.40158611 0.38214022 0.27258140 -0.05281683 0.05615847 0.02718358 0.15617254 0.11602987 -0.19458913 0.07998180 -0.02631723 0.16182930 -0.11966989 0.14866025 -0.15840270 -0.02685201 0.17904356 0.21146816 0.07851371 0.08331173 0.04225080 0.10150542 0.13066904 0.07365598 -0.15742528 -0.00348713 0.23845871 0.20549390 0.12831068 0.07570410 0.02800793 -0.02628523 0.14156009 0.12694046 0.07052940 -0.02794330 0.21241162 0.14317048 0.06590662 -0.01643082 0.07371683 -0.05182171
0.03988362 -0.06748414 0.01242484 -0.02400145 -0.08422176 0.05352538 -0.11352922 0.04041606 0.03466094 0.11652882 -0.11877489 -0.07676337 0.00439925 0.08959093 -0.16319546 0.03805414 0.06136015 -0.00501034 -0.05244828 -0.06043154 -0.10479499 0.19870043 -0.19219341 0.14413885 0.15822281 0.00530197 0.36102818 1.00000000 0.37316519 0.36872143 0.25375276 0.24794246 0.22083243 0.24050622 0.35230163 0.27671229 0.25461775 0.24842526 0.19014481 -0.24873167 -0.09507444 -0.08169271 -0.00138017 0.07707436 -0.25221431 -0.15770752 -0.07116643 -0.05586827 -0.21463578 0.03923492 -0.07919951 -0.11496745 0.23139740 0.25381679 0.21263097 0.00543566 -0.02619940 0.15599368 0.08646611 0.12745733 0.02430256 0.03024760 0.15057290 0.10459585 0.20853304 -0.14007072 -0.09482607 -0.06103588 0.08318499 0.12807295 -0.01886807 -0.06599046 0.25267334 0.01334360 -0.01199555 -0.04497542 -0.03213176 -0.06792999
0.06197500 0.00406339 -0.04603141 0.06538587 -0.18343410 0.07837434 -0.11036899 0.04589661 -0.01396009 0.09939900 -0.03114824 -0.17037944 0.01670497 0.00264369 -0.12368727 -0.00311591 -0.03071777 -0.00304792 -0.11415632 0.00107450 -0.16175138 0.22412856 -0.20421265 -0.01479102 0.12725106 0.01411324 0.51082762 0.37316519 1.00000000 0.32969928 0.29146784 0.18962057 0.17411592 0.34914696 0.31125909 0.47487037 0.25078502 0.29216687 0.24726538 -0.05734208 -0.09641609 0.00592580 -0.00017437 0.05812185 -0.29679108 -0.04374203 -0.13218057 0.04637122 -0.23861851 0.08048069 -0.15640971 -0.02272191 0.22094728 0.21832661 0.11973770 0.03418744 -0.03217330 0.06160880 -0.09797714 0.12071280 -0.07789739 -0.04789309 0.12579279 0.14994734 0.06713058 -0.09036756 -0.00211063 -0.00293242 0.13498562 0.16836920 -0.06944397 -0.14643223 0.22595520 -0.03046681 -0.02686705 -0.10099588 0.07633401 -0.01425910
0.07943253 -0.00981209 0.05779745 -0.05625608 -0.04328199 0.01375510 0.01711938 0.06644977 -0.07795343 0.03517026 -0.02101909 -0.07310186 0.00848875 0.08512030 -0.09970942 -0.08893825 -0.01402958 -0.11822916 -0.06867086 0.01341666 -0.11034323 0.18269560 0.10278764 0.20445321 -0.00108441 -0.02759999 0.41520269 0.36872143 0.32969928 1.00000000 0.18911547 0.29962819 0.24641548 0.30795934 0.13034141 0.48600108 0.38356594 0.36303075 0.32700776 -0.13244668 0.09849071 0.02182150 0.14594502 0.10957319 -0.02764683 0.05425346 -0.01939263 0.01514201 0.05420214 0.12093758 -0.02750871 0.04801447 -0.06163286 0.06767040 0.05380195 -0.09337575 -0.12982675 0.09960877 0.09293469 0.04083505 -0.02216775 0.09695919 0.10150993 -0.03341613 0.18092231 -0.02957567 0.06397459 -0.02501655 0.02829244 0.09428843 0.12572615 -0.10096024 0.14769693 0.21528842 -0.05168215 -0.06182742 0.07346801 -0.03396402
-0.03228716 -0.02599173 0.06745798 0.08826244 -0.10314212 0.14700831 0.06475849 0.00507395 0.00270105 0.11072606 -0.00502499 0.09285993 -0.00192202 0.03267986 0.06898717 0.09536614 0.04077557 0.02113745 0.11455732 0.08258954 0.08423034 0.14589356 -0.09862254 -0.03702865 -0.03273387 0.06960019 0.12191144 0.25375276 0.29146784 0.18911547 1.00000000 0.05989560 0.32857366 0.16766229 0.32477410 0.19261832 0.16602130 0.18460183 0.08462942 -0.03734303 -0.07711475 0.03662999 0.00275000 0.03421247 -0.04358965 -0.01611314 -0.02863796 0.02350915 -0.04410417 0.02356582 0.06510976 0.07777594 0.12264645 0.07109983 0.17581337 -0.02922165 0.02196065 -0.01125015 -0.09114431 0.07595653 -0.07178877 -0.03329447 0.02064992 0.18416705 0.20677226 -0.01383216 -0.00142049 0.06539956 0.11758239 0.10784780 -0.01285173 -0.08059824 0.13484071 -0.14661546 -0.03428004 -0.01846926 0.07607171 -0.05121942
-0.07856923 -0.14207145 0.06143222 -0.02636617 -0.03666557 0.11493297 -0.09697580 0.02024305 -0.11283660 0.11629863 -0.08316955 0.02352797 0.07276573 -0.01204512 -0.03919803 -0.08496351 -0.04770469 -0.08871708 -0.26023013 0.19059943 -0.26271857 0.08675015 0.04671478 0.08427192 -0.06929889 -0.15806420 0.37631373 0.24794246 0.18962057 0.29962819 0.05989560 1.00000000 0.16934874 0.42080630 0.10752290 0.38180204 0.51204368 0.35475880 0.40790484 0.03996170 0.23316108 0.14192054 0.19836766 0.19516663 0.03805805 0.19468283 0.19546322 0.01616754 0.05070294 0.21991293 -0.09427376 0.04947504 -0.13615821 0.01204403 -0.00002646 -0.03303453 -0.09753005 0.03817382 0.13737040 -0.01827921 -0.04817742 0.15030000 0.07964144 -0.00669776 0.07962148 0.07663307 -0.00788329 -0.09783069 -0.01008432 -0.01952583 0.15451184 -0.05544995 0.02812552 0.10211441 0.02396427 0.09472584 0.06336850 0.00790987
0.04355274 -0.05843948 0.12539603 0.07607081 -0.07259277 -0.02022585 0.16954400 0.04634050 -0.04026535 0.12809348 0.01720363 0.07637547 0.01843449 -0.07370476 0.01428137 0.03994082 -0.08077813 -0.00989561 0.02163536 -0.01168899 0.00502915 0.10247775 -0.00181939 0.06491617 -0.12881170 -0.01521033 0.12597916 0.22083243 0.17411592 0.24641548 0.32857366 0.16934874 1.00000000 0.26503315 0.21306109 0.21857795 0.14449617 0.11345846 0.22822065 0.01775285 0.03608351 0.03504387 -0.04618340 -0.01886462 -0.01946981 0.07458886 0.06559439 0.00595913 0.09220457 -0.03240308 0.02240124 -0.06345161 -0.00897615 0.00857111 0.16959528 0.03383272 0.02501204 -0.03525445 -0.07443301 0.09851555 -0.06729555 0.11496610 0.13181512 0.07417989 0.16792280 0.09285987 0.04746099 -0.05317861 0.08587608 0.06002198 -0.00228698 -0.00564981 0.05655750 0.11382896 -0.07158724 -0.00244434 0.13078729 0.04731006
-0.08544157 -0.17149680 -0.01129272 0.02571671 -0.04437732 0.04910093 -0.03946036 0.00872634 -0.09610881 0.04825441 -0.09884923 0.01366073 -0.02414473 -0.06873402 0.00435468 -0.01689486 -0.10549849 -0.20719877 -0.11887322 0.07835290 -0.09913213 0.12406497 -0.01362768 0.10920101 -0.05277444 -0.02768314 0.34202371 0.24050622 0.34914696 0.30795934 0.16766229 0.42080630 0.26503315 1.00000000 0.13113388 0.34922980 0.28673962 0.30837332 0.31131081 -0.04888592 0.07301752 0.02689906 0.13476250 0.05008950 -0.11820232 0.11581789 0.07584473 -0.08960426 -0.00883298 0.09117397 -0.05862829 -0.02415638 0.12674642 0.05701470 0.11586021 0.02623268 -0.10553382 0.08579273 0.04061008 0.12352468 -0.04916460 0.07665216 0.16581584 0.09625524 0.04290591 0.07402299 0.07892516 -0.07392846 0.12983605 0.11794314 0.09176003 -0.08411206 0.12693199 0.12030393 -0.00443708 0.05768260 0.11210992 0.02254536
-0.12937081 0.01828034 0.00251432 -0.04720258 -0.06983849 -0.02756460 -0.14664226 0.02287816 -0.03421933 0.08357901 -0.09517411 -0.10095749 0.02887389 -0.03081110 -0.07502717 0.07199484 0.00881462 0.07454266 0.07086116 0.08022308 -0.03540603 0.11341526 -0.19214943 -0.07527946 0.05534030 0.09262754 0.41219713 0.35230163 0.31125909 0.13034141 0.32477410 0.10752290 0.21306109 0.13113388 1.00000000 0.10266174 0.16343898 0.25411056 0.10686531 -0.02539402 -0.10533941 -0.12614899 0.01050696 0.02590923 -0.16698022 -0.09682804 -0.01484819 0.09750720 -0.14772434 -0.04840674 -0.04841360 -0.01951166 0.23722850 0.12887394 0.05679015 0.10939223 0.12729876 0.04591571 -0.03623100 0.07560644 -0.19608465 0.00567247 0.13276091 0.20817248 0.10068713 -0.03870741 -0.03028040 -0.05819389 0.12612029 0.12343092 -0.02601132 0.04369018 0.11207210 -0.06216549 -0.05730433 -0.02577895 0.01539940 -0.02099566
0.16652724 -0.00334568 -0.01401563 0.01996070 -0.05915164 0.04985341 -0.01593084 0.04816741 -0.05954299 0.04165020 -0.07374849 -0.08776665 0.02352816 0.10020705 -0.00676407 0.04823301 -0.04318456 -0.01027483 -0.12351663 0.00836158 -0.16911858 0.14785009 -0.00137395 0.15386490 0.06646153 -0.01414295 0.36980539 0.27671229 0.47487037 0.48600108 0.19261832 0.38180204 0.21857795 0.34922980 0.10266174 1.00000000 0.28970724 0.30288613 0.35541058 -0.07306718 0.04459719 0.15245713 0.09266437 0.15869083 -0.12926484 0.04688493 -0.00417238 -0.06275098 -0.06199709 0.08477034 -0.09699287 -0.06975951 0.01187630 0.13558784 0.07815410 -0.04695409 -0.11810626 0.04464542 0.03267249 0.07774715 -0.05818646 0.00875950 0.15298039 0.03270615 0.08605460 -0.04024050 0.07298496 0.00708208 0.07636253 0.15394446 0.10151020 -0.10668577 0.14569048 0.13510102 -0.06604905 -0.01253615 0.01744583 -0.01932457
0.05026199 -0.08616676 -0.02584010 -0.10876182 -0.06406816 0.05998866 -0.08813027 0.00926625 -0.11260588 0.05243526 -0.09442573 -0.09088272 0.04163954 0.02717816 -0.16932560 -0.28882837 -0.13293403 -0.12516920 -0.16209260 0.01424020 -0.17410457 0.10705284 -0.01751897 0.07383404 -0.04190360 -0.12433022 0.40158611 0.25461775 0.25078502 0.38356594 0.16602130 0.51204368 0.14449617 0.28673962 0.16343898 0.28970724 1.00000000 0.34405375 0.44240738 -0.04752156 0.18310377 0.12238915 0.16290946 0.14434767 -0.03992180 0.14684683 0.00955551 0.13899549 -0.05714797 0.20665681 -0.03040852 0.12798909 -0.01337616 0.03456566 0.10376107 0.02994331 -0.03356010 0.12524100 0.19740847 0.00128601 -0.21283178 -0.03692185 0.09347506 -0.04079225 0.18618887 0.05003120 -0.02007512 0.00996542 0.00499540 -0.04243934 0.05435188 -0.12183762 0.13392764 0.06058757 -0.02787953 0.03468902 0.07382737 -0.09258475
-0.01651068 0.04347671 -0.03368522 -0.00402407 -0.09399685 0.08880834 -0.11379396 0.04919167 -0.05986476 0.01761195 0.01591145 -0.01721604 0.05725682 0.11000570 -0.07838746 -0.07411245 0.01926810 -0.08824382 -0.19541374 0.00857548 -0.14573451 0.20209012 -0.02336489 0.05318706 -0.09686166 -0.09498688 0.38214022 0.24842526 0.29216687 0.36303075 0.18460183 0.35475880 0.11345846 0.30837332 0.25411056 0.30288613 0.34405375 1.00000000 0.40892039 -0.04312942 0.11341597 0.07284675 0.20613294 0.15616069 -0.09697092 0.10748754 0.05311987 0.07135862 -0.10757340 0.07844564 -0.08852242 0.01938486 0.01356537 0.01971044 0.06051156 -0.00002640 -0.18380382 0.09494544 0.05821683 0.04455436 -0.12020840 0.15242646 0.15627404 0.12736181 0.15005183 -0.00962524 0.00117560 0.02325382 0.09193891 0.04548221 0.06676097 -0.14745171 0.12743717 0.03148399 -0.06151035 0.01789186 0.06608677 -0.01088896
0.17210559 0.01396482 0.09482546 -0.02381985 -0.01843514 0.12194809 -0.01494266 0.06482025 -0.08422836 0.01410886 0.01767292 -0.09187181 0.18082827 -0.05134902 -0.10403034 -0.08520257 -0.04314596 -0.05026981 -0.17520061 -0.02592391 -0.23129504 0.10589714 -0.00102652 0.03718553 -0.04672219 -0.15000817 0.27258140 0.19014481 0.24726538 0.32700776 0.08462942 0.40790484 0.22822065 0.31131081 0.10686531 0.35541058 0.44240738 0.40892039 1.00000000 -0.03638754 0.11607872 0.18180082 0.16047576 0.19229301 -0.14829517 0.09236019 0.01193581 -0.02757207 -0.06734480 0.10921080 -0.02699442 -0.00962196 -0.04490955 -0.06000824 0.03189618 0.06013313 -0.15808397 0.11652616 0.11392594 0.08649414 0.01123510 0.16598015 0.14526713 -0.05903956 0.05353354 0.04627707 0.14455662 -0.05485326 0.07179809 0.02311061 0.06389107 -0.12198472 0.12534763 0.16063713 -0.04097416 -0.02569767 0.14740129 0.06511820
0.05100282 -0.05238312 0.06472796 0.04263302 0.06928578 0.07331380 0.08794715 0.02051889 -0.02117895 0.09068787 0.00149565 0.06886679 0.03347274 -0.08558066 0.08383929 -0.01786929 -0.06284110 0.05607714 0.04085188 0.01367818 0.01809194 -0.01765035 0.00943621 0.01134400 -0.06392675 0.00785471 -0.05281683 -0.24873167 -0.05734208 -0.13244668 -0.03734303 0.03996170 0.01775285 -0.04888592 -0.02539402 -0.07306718 -0.04752156 -0.04312942 -0.03638754 1.00000000 0.19548206 -0.02811789 0.00047345 0.00346792 0.09530895 0.07445128 0.12620334 0.23412985 0.35752378 0.12150865 0.14787428 0.24206982 -0.09295409 -0.08051231 -0.15347350 0.29954569 0.30898128 -0.01437638 -0.01065991 -0.02923772 -0.05090436 -0.02290409 -0.10478560 -0.02337076 0.04548814 0.16640852 -0.08623132 -0.00778267 0.18996174 0.01845240 -0.07969199 0.10656056 -0.09332480 -0.01784122 -0.05047346 0.11166693 0.14462124 0.02837266
0.03233353 0.04137671 0.05468051 -0.10678445 0.04996173 0.04857390 0.05429002 0.00956453 -0.08676418 0.00837765 -0.01201770 0.14174684 0.13016612 0.01897175 0.07011820 -0.21866621 -0.07311688 -0.19215887 -0.02519143 0.09336347 -0.07809837 0.06953354 0.16489473 0.07087830 -0.15722378 0.06673541 0.05615847 -0.09507444 -0.09641609 0.09849071 -0.07711475 0.23316108 0.03608351 0.07301752 -0.10533941 0.04459719 0.18310377 0.11341597 0.11607872 0.19548206 1.00000000 0.25510110 0.35024988 0.24039025 0.24197297 0.30666171 0.34727120 0.28937438 0.32247530 0.37444132 0.13091313 0.32582794 -0.26220280 -0.09824999 -0.09919563 -0.06705541 0.00735660 -0.04211263 0.17653430 -0.16177547 -0.10053167 0.05829449 0.12764568 -0.07230967 -0.02628965 0.16026195 0.00990941 -0.02571094 0.00813862 -0.16168190 0.09788342 -0.00434844 0.00515879 0.14636920 0.08883376 0.10154101 0.02049161 -0.11488036
0.18933739 -0.02179812 0.03335270 -0.00342669 0.00823086 0.01896811 0.04170571 0.07445811 -0.14798361 -0.10850079 -0.05784520 0.00717816 0.05733402 0.04775895 0.10068785 -0.03962392 0.01041694 -0.10394653 -0.05612253 0.05721241 -0.24599391 0.03790038 0.08415978 0.02008185 -0.08656159 0.00686391 0.02718358 -0.08169271 0.00592580 0.02182150 0.03662999 0.14192054 0.03504387 0.02689906 -0.12614899 0.15245713 0.12238915 0.07284675 0.18180082 -0.02811789 0.25510110 1.00000000 0.24792769 0.23005755 0.06515830 0.26521136 0.16279699 -0.04807416 0.00640977 0.20066486 0.07228269 0.09359107 -0.13772207 -0.11332445 0.01514638 -0.13331129 -0.14188809 -0.16078142 0.11998489 -0.13991795 -0.10413802 0.02821975 0.13038284 0.00732353 -0.11840904 0.03122495 0.01131536 0.06589550 0.01482456 -0.07694759 0.07712651 -0.06903051 0.01344964 0.10958951 0.07039999 0.11727402 0.12503653 -0.08782479
-0.01061966 0.02434232 0.09278894 0.03816209 0.02973333 0.05404707 -0.05748939 0.13117132 0.05286069 -0.00596719 0.06621292 0.11648142 0.06273964 0.07786763 0.04650701 -0.11912366 -0.04276600 -0.13026142 -0.17002110 0.17185626 -0.03542587 0.10863137 0.08152685 0.13565604 -0.10472162 0.04637482 0.15617254 -0.00138017 -0.00017437 0.14594502 0.00275000 0.19836766 -0.04618340 0.13476250 0.01050696 0.09266437 0.16290946 0.20613294 0.16047576 0.00047345 0.35024988 0.24792769 1.00000000 0.18942469 0.04076583 0.39865813 0.40164251 0.19927901 0.07710626 0.31957306 0.10665124 0.11066212 -0.05247888 0.10200933 0.04566576 -0.12762579 -0.08000303 -0.02191709 0.05554955 -0.13816569 -0.13074662 -0.05303776 0.08581405 -0.01259912 -0.04963909 0.16864892 0.17484824 0.00196581 0.01860000 -0.14209841 0.11745383 0.04968364 0.10824311 0.17652478 0.13582433 0.18704722 -0.00556177 -0.06655294
0.07196546 0.00569885 -0.04388494 -0.09155988 0.00658083 0.15862618 -0.02850709 0.04907961 -0.09674549 0.03309935 -0.04565054 0.04965907 0.05234750 0.08590841 -0.00085718 -0.15396577 -0.09241880 -0.10747186 -0.11258876 0.19151964 -0.13296190 0.06382586 0.12897769 0.04731313 -0.15239340 -0.02538906 0.11602987 0.07707436 0.05812185 0.10957319 0.03421247 0.19516663 -0.01886462 0.05008950 0.02590923 0.15869083 0.14434767 0.15616069 0.19229301 0.00346792 0.24039025 0.23005755 0.18942469 1.00000000 0.12370147 0.23055624 0.22210894 0.10984880 0.20647711 0.18950370 -0.08037158 0.16963401 -0.10719457 -0.01584607 0.00908014 -0.05584577 -0.11136521 0.00837804 0.09016014 -0.09741679 -0.11186664 0.04844887 0.10094226 -0.10307187 -0.05402429 0.11395090 0.01845594 0.16499290 -0.14733724 -0.14519676 0.20746429 -0.12007914 0.14581281 0.02893715 0.14391998 -0.05355731 0.10820963 -0.01548274
-0.11845443 -0.01343875 0.04490583 -0.15469009 0.06424817 0.07509759 0.00580834 -0.12631583 -0.15272556 -0.01214521 -0.14785261 0.12907067 0.04377723 -0.08362025 0.19613488 -0.02834167 -0.01748689 -0.06537960 0.08586324 0.07236192 0.13132920 -0.17412409 0.22372413 0.00233805 -0.22514047 0.04146493 -0.19458913 -0.25221431 -0.29679108 -0.02764683 -0.04358965 0.03805805 -0.01946981 -0.11820232 -0.16698022 -0.12926484 -0.03992180 -0.09697092 -0.14829517 0.09530895 0.24197297 0.06515830 0.04076583 0.12370147 1.00000000 0.27885094 0.30939768 -0.02772696 0.37612176 0.05740167 0.21611435 0.17936032 -0.39026966 -0.23265347 -0.12777999 -0.06072869 0.09307600 -0.07035278 -0.06358321 -0.04121752 -0.05388390 0.06154233 0.01556587 -0.12057737 -0.04284431 0.05779492 -0.10281454 -0.00885654 -0.25491909 -0.27772799 0.09942262 0.02213303 -0.32756125 -0.02487132 0.05137297 -0.03733657 -0.00626951 0.01050032
0.03978979 0.12485279 0.04358720 0.04452892 0.05277867 0.04957146 -0.03015112 0.00676544 -0.03190716 0.04926738 -0.01330822 0.03652622 0.01028589 -0.03283819 0.05991101 -0.18272604 -0.12056669 -0.16556731 -0.14337103 0.08263568 0.00943623 -0.01679088 0.13212756 0.01963897 -0.27554670 -0.02829524 0.07998180 -0.15770752 -0.04374203 0.05425346 -0.01611314 0.19468283 0.07458886 0.11581789 -0.09682804 0.04688493 0.14684683 0.10748754 0.09236019 0.07445128 0.30666171 0.26521136 0.39865813 0.23055624 0.27885094 1.00000000 0.37578886 0.17747903 0.12281204 0.27614288 0.12564763 0.25057191 -0.25812505 -0.08542504 0.06403484 -0.13457796 0.05426617 0.04208327 0.06011427 -0.08086733 -0.21438378 -0.00546916 0.11910101 0.06783345 -0.10393106 0.12824129 0.18233400 0.05404287 -0.12088870 -0.23383618 0.13311273 0.03271923 0.04094735 0.09789017 0.13104460 0.00899045 0.12287261 0.01052332
-0.07641343 0.07973683 0.20166786 -0.00591318 0.00508014 0.11456444 -0.01023622 0.07458901 -0.06211041 0.02793767 0.02515876 0.17238652 -0.00939634 -0.02732215 0.14696767 -0.10703211 0.00247568 -0.15323882 -0.09021933 0.14934553 0.03410502 -0.00779942 0.14586579 -0.02707098 -0.27665251 0.09545970 -0.02631723 -0.07116643 -0.13218057 -0.01939263 -0.02863796 0.19546322 0.06559439 0.07584473 -0.01484819 -0.00417238 0.00955551 0.05311987 0.01193581 0.12620334 0.34727120 0.16279699 0.40164251 0.22210894 0.30939768 0.37578886 1.00000000 0.10669832 0.23772410 0.15997503 0.18151839 0.27355795 -0.15765533 -0.07008774 -0.00065067 -0.06938674 0.05587043 -0.08040135 0.08023137 -0.03243138 -0.09365877 0.05712254 0.13273497 0.02835865 -0.08759025 0.13725464 -0.03218330 -0.08004002 -0.08355331 -0.24075873 0.01769693 0.14992402 -0.00296621 0.11934891 0.12309048 0.06259755 0.03898232 -0.10798312
0.01027933 0.12992725 -0.11936836 0.00571414 0.03201902 0.02174991 0.05131571 0.01883842 0.10206247 0.12312730 0.00168111 0.10598966 -0.02330769 -0.06121628 -0.20053716 -0.14802704 -0.13511711 -0.13702725 -0.09220514 0.07580379 -0.11423776 0.00412042 -0.10614528 -0.14583113 -0.13856216 -0.02375798 0.16182930 -0.05586827 0.04637122 0.01514201 0.02350915 0.01616754 0.00595913 -0.08960426 0.09750720 -0.06275098 0.13899549 0.07135862 -0.02757207 0.23412985 0.28937438 -0.04807416 0.19927901 0.10984880 -0.02772696 0.17747903 0.10669832 1.00000000 0.04170524 0.27225799 0.04244196 0.25114121 -0.07985425 0.01814860 -0.07722478 0.00673114 0.17578757 -0.02821024 0.02434120 -0.13722109 -0.12745957 -0.18374730 -0.03820685 0.07028698 -0.06437194 0.08240877 0.06927050 0.09801122 0.08908480 -0.02550108 -0.11731384 0.16280026 0.05039211 -0.00886011 0.16302538 0.01378961 0.05799961 -0.12294386
-0.03079198 -0.14434104 0.14915937 -0.06327126 0.15211930 0.01044688 0.17352908 -0.03781721 -0.08472072 0.01782166 0.07876431 0.14312649 0.09023854 0.05808092 0.17564342 0.03273785 -0.09391068 -0.01978739 0.19518914 0.15660107 0.15639968 -0.01582115 0.28766558 0.14771042 -0.15909152 0.11920563 -0.11966989 -0.21463578 -0.23861851 0.05420214 -0.04410417 0.05070294 0.09220457 -0.00883298 -0.14772434 -0.06199709 -0.05714797 -0.10757340 -0.06734480 0.35752378 0.32247530 0.00640977 0.07710626 0.20647711 0.37612176 0.12281204 0.23772410 0.04170524 1.00000000 0.14903316 0.29817342 0.21184824 -0.25362735 -0.18358196 -0.17637117 0.06911576 0.10364038 -0.10949569 0.05778138 0.06249768 -0.01838206 0.12307284 0.03984860 -0.08460739 0.12274835 0.21050707 -0.03303908 0.07970703 -0.03856735 -0.10903340 0.07420815 0.08288979 -0.07440004 0.02632416 0.02458625 0.06853484 0.01686728 0.01030046
0.11072376 0.10173413 -0.00245358 -0.05625579 -0.04331066 0.07908076 -0.07661524 0.00234195 -0.03031232 -0.04074785 -0.02132692 0.07356011 -0.00207074 0.03140166 -0.03143922 -0.17892947 -0.07074692 -0.10403759 -0.10033158 0.18102712 -0.07541860 0.09700701 0.03139148 0.07569612 -0.08222965 0.02974040 0.14866025 0.03923492 0.08048069 0.12093758 0.02356582 0.21991293 -0.03240308 0.09117397 -0.04840674 0.08477034 0.20665681 0.07844564 0.10921080 0.12150865 0.37444132 0.20066486 0.31957306 0.18950370 0.05740167 0.27614288 0.15997503 0.27225799 0.14903316 1.00000000 0.17039512 0.27924934 -0.20238054 -0.05510260 -0.05226557 -0.07392437 -0.07267063 -0.08961423 0.04019021 -0.09148237 -0.08566233 -0.07223581 0.04223562 -0.02873683 -0.14509911 0.13738031 -0.01153948 0.03123620 -0.07720277 -0.08639865 0.03749422 -0.02571021 -0.04062142 0.01716495 0.01858804 0.03497609 0.05347914 -0.18463352
-0.08219858 -0.02864276 0.02663608 0.00613292 0.17007458 0.02547208 0.01070256 0.00476954 0.07464945 0.01822886 0.12184918 0.14889462 0.00189358 -0.01247278 0.07453183 -0.01201918 -0.04820242 0.05929189 0.08880446 0.02818590 0.13397199 0.02144146 0.10514634 0.03523707 -0.02665183 0.16608459 -0.15840270 -0.07919951 -0.15640971 -0.02750871 0.06510976 -0.09427376 0.02240124 -0.05862829 -0.04841360 -0.09699287 -0.03040852 -0.08852242 -0.02699442 0.14787428 0.13091313 0.07228269 0.10665124 -0.08037158 0.21611435 0.12564763 0.18151839 0.04244196 0.29817342 0.17039512 1.00000000 0.11182859 -0.07914259 -0.12032984 -0.03149193 -0.03095432 0.13565180 -0.16154572 -0.06240738 0.11759230 0.01353100 -0.01143499 -0.13353414 -0.00272783 0.02089410 -0.12611057 -0.10155564 -0.10293898 -0.10499288 0.00221668 -0.13271148 0.06182806 -0.12501078 -0.07778209 0.00493361 -0.07401308 0.03549373 -0.03753066
-0.02003494 0.07021706 -0.00510576 -0.04686339 0.03220876 0.02571171 -0.02181392 -0.11449212 -0.05983637 0.11127792 -0.02979365 0.03952378 -0.06682853 0.04814375 -0.03719798 -0.18480049 -0.10852418 -0.03085571 -0.02404521 0.14043981 0.02071540 0.02866897 -0.05264673 -0.13944422 -0.13495331 0.03322224 -0.02685201 -0.11496745 -0.02272191 0.04801447 0.07777594 0.04947504 -0.06345161 -0.02415638 -0.01951166 -0.06975951 0.12798909 0.01938486 -0.00962196 0.24206982 0.32582794 0.09359107 0.11066212 0.16963401 0.17936032 0.25057191 0.27355795 0.25114121 0.21184824 0.27924934 0.11182859 1.00000000 -0.16397427 -0.16996429 -0.07720737 -0.04661821 0.09853158 -0.08336849 0.00849325 -0.16197188 -0.11900241 -0.06811261 -0.07561553 -0.12654939 -0.07059491 0.11927002 0.00177936 0.05127572 0.06222005 0.00041645 -0.03549695 0.12262515 0.06743596 0.06791764 0.16546161 -0.03474570 0.14803525 -0.00352431
-0.01140617 -0.06295296 -0.05788761 0.08545865 -0.04679012 0.02923547 -0.04233040 0.07732831 0.28084636 -0.05817107 0.05968491 -0.05578121 -0.04044988 0.09082562 -0.01382622 0.09501410 0.04504333 0.14295521 0.07508236 -0.10119516 0.06853900 0.11730117 -0.19548363 -0.06390671 0.23492960 0.11255102 0.17904356 0.23139740 0.22094728 -0.06163286 0.12264645 -0.13615821 -0.00897615 0.12674642 0.23722850 0.01187630 -0.01337616 0.01356537 -0.04490955 -0.09295409 -0.26220280 -0.13772207 -0.05247888 -0.10719457 -0.39026966 -0.25812505 -0.15765533 -0.07985425 -0.25362735 -0.20238054 -0.07914259 -0.16397427 1.00000000 0.25116248 0.26600969 0.19853360 0.15339023 0.03137055 0.12232238 0.26750475 0.04329567 0.04279220 0.03340113 0.18722881 0.07387002 -0.10621799 -0.04416719 0.01885431 0.11503391 0.16610626 -0.08969664 -0.00217497 0.20188703 -0.08648679 0.04549262 -0.02065731 -0.04958270 0.05724975
0.05359100 0.06489368 0.03804383 -0.05463725 -0.06008419 -0.03130000 -0.12530708 0.10050950 0.17369085 0.05885837 -0.06106187 -0.06912304 -0.10580774 -0.02966108 -0.13384296 0.09887340 0.12444593 -0.04809333 -0.08644885 0.01917884 -0.00013316 0.21435680 -0.08538369 0.13006848 0.20535802 0.07471984 0.21146816 0.25381679 0.21832661 0.06767040 0.07109983 0.01204403 0.00857111 0.05701470 0.12887394 0.13558784 0.03456566 0.01971044 -0.06000824 -0.08051231 -0.09824999 -0.11332445 0.10200933 -0.01584607 -0.23265347 -0.08542504 -0.07008774 0.01814860 -0.18358196 -0.05510260 -0.12032984 -0.16996429 0.25116248 1.00000000 0.20097267 0.03989298 0.09420188 0.38219274 0.08846686 0.02843032 0.14646905 -0.09584351 0.19377343 0.20817042 0.25283387 0.05615175 0.10502403 0.05021974 0.05344618 0.11349189 -0.00909996 -0.11739982 0.19020736 0.05432329 0.04968882 0.06412799 0.00019063 -0.14567554
-0.02429862 0.02439541 0.00399627 0.11146033 -0.05574096 -0.02582642 -0.08321673 0.06392568 0.03776578 0.00196823 -0.02865978 0.04690776 -0.05689521 -0.11091972 -0.01903334 -0.08621514 -0.13584726 -0.19601895 -0.01234817 0.04616599 0.03396824 0.02128416 -0.06475559 0.02031728 -0.01678976 0.01849544 0.07851371 0.21263097 0.11973770 0.05380195 0.17581337 -0.00002646 0.16959528 0.11586021 0.05679015 0.07815410 0.10376107 0.06051156 0.03189618 -0.15347350 -0.09919563 0.01514638 0.04566576 0.00908014 -0.12777999 0.06403484 -0.00065067 -0.07722478 -0.17637117 -0.05226557 -0.03149193 -0.07720737 0.26600969 0.20097267 1.00000000 0.12707116 0.14025638 0.07585512 0.14228569 0.19004812 -0.04387900 0.01210278 0.17150466 0.23951505 0.25620927 0.05734816 0.05649965 0.01026681 0.02999569 -0.01994641 0.05531511 -0.13596762 0.09386825 0.03418039 -0.00730472 0.14423608 0.09901700 0.02146327
-0.05954802 -0.01561137 -0.06156623 0.16031727 0.06447846 0.05125742 -0.05281328 0.11071902 0.06263910 0.03162911 0.14231927 -0.10247863 0.13101313 -0.15556554 -0.00880547 0.00711380 -0.14746730 0.00078961 0.02956431 -0.03198830 -0.01486393 -0.05690783 -0.09986558 -0.02803995 -0.01379167 -0.00185468 0.08331173 0.00543566 0.03418744 -0.09337575 -0.02922165 -0.03303453 0.03383272 0.02623268 0.10939223 -0.04695409 0.02994331 -0.00002640 0.06013313 0.29954569 -0.06705541 -0.13331129 -0.12762579 -0.05584577 -0.06072869 -0.13457796 -0.06938674 0.00673114 0.06911576 -0.07392437 -0.03095432 -0.04661821 0.19853360 0.03989298 0.12707116 1.00000000 0.33467258 0.06482940 0.14596746 0.24157576 -0.02347343 0.07969648 0.11666108 0.15931205 0.30404244 0.10068758 -0.03636758 0.03637730 0.08840263 0.04323659 -0.03334793 -0.01655416 0.05857000 0.01479187 -0.07143455 -0.01626107 0.00834313 0.02466668
-0.14569601 0.07309431 0.00841255 0.05319822 0.18339980 0.08924330 0.08247257 -0.05336810 0.04559238 0.11944760 -0.00255730 0.06140932 -0.01643563 -0.13527588 -0.03832814 0.00883975 -0.17774281 -0.09130334 0.07235986 0.02333390 0.04692516 -0.08674204 -0.16073410 -0.11133541 -0.13470794 0.04771733 0.04225080 -0.02619940 -0.03217330 -0.12982675 0.02196065 -0.09753005 0.02501204 -0.10553382 0.12729876 -0.11810626 -0.03356010 -0.18380382 -0.15808397 0.30898128 0.00735660 -0.14188809 -0.08000303 -0.11136521 0.09307600 0.05426617 0.05587043 0.17578757 0.10364038 -0.07267063 0.13565180 0.09853158 0.15339023 0.09420188 0.14025638 0.33467258 1.00000000 0.01980176 0.12515092 0.26665443 -0.00199411 0.06634698 0.10498614 0.20486612 0.15006651 0.11495717 -0.01303050 0.01665749 0.01857477 -0.00033123 0.02426238 0.08187256 -0.06743844 -0.02832476 0.03280805 0.16907758 0.16571016 0.00017681
0.10352351 0.10281208 0.06362698 -0.02573402 0.07556337 -0.05609238 -0.09936439 -0.05935442 0.03779308 0.03505453 -0.04192339 -0.04126743 -0.08845429 0.04216113 -0.09186935 0.04176687 0.15740970 -0.00002146 -0.07978969 -0.05767829 0.01601878 0.05450360 0.06481317 0.04039491 0.10387809 -0.07102037 0.10150542 0.15599368 0.06160880 0.09960877 -0.01125015 0.03817382 -0.03525445 0.08579273 0.04591571 0.04464542 0.12524100 0.09494544 0.11652616 -0.01437638 -0.04211263 -0.16078142 -0.02191709 0.00837804 -0.07035278 0.04208327 -0.08040135 -0.02821024 -0.10949569 -0.08961423 -0.16154572 -0.08336849 0.03137055 0.38219274 0.07585512 0.06482940 0.01980176 1.00000000 0.18879634 0.05745431 0.24009015 0.09736784 0.20545652 0.18967892 0.16446213 0.08010004 0.10382207 0.00355573 -0.01123231 -0.06554143 0.01771652 -0.15226691 0.05016056 0.07828559 -0.12817439 -0.01879962 0.08844434 -0.06518325
0.08960463 0.06544767 0.03329110 -0.03892074 0.01025951 0.07931590 -0.05966527 0.14334796 -0.02261387 0.04992668 -0.00156640 0.06913263 0.00064118 0.03187509 -0.02775259 -0.13739995 0.10396913 -0.06051143 -0.03361733 -0.06491851 -0.12362635 -0.03357828 0.13411538 0.13743838 0.07254369 -0.02486984 0.13066904 0.08646611 -0.09797714 0.09293469 -0.09114431 0.13737040 -0.07443301 0.04061008 -0.03623100 0.03267249 0.19740847 0.05821683 0.11392594 -0.01065991 0.17653430 0.11998489 0.05554955 0.09016014 -0.06358321 0.06011427 0.08023137 0.02434120 0.05778138 0.04019021 -0.06240738 0.00849325 0.12232238 0.08846686 0.14228569 0.14596746 0.12515092 0.18879634 1.00000000 0.04922161 0.13684376 0.20616691 0.21751615 0.08138545 0.13334741 0.05324759 0.04404873 0.13083122 0.03297754 -0.09300855 0.09392730 -0.03666426 0.10250694 0.19561187 0.05515586 0.05831229 0.05517662 -0.14024501
-0.03773479 -0.03957487 0.01658162 0.03688905 -0.05603296 0.02655024 -0.03597127 -0.03782607 -0.07913613 -0.03357452 -0.02864488 -0.14071346 -0.03846305 -0.01325145 0.05069187 0.19566863 -0.00864028 0.05860519 0.12005366 0.02451058 0.11898143 0.02433174 0.01966999 0.03462096 -0.01462451 0.10835072 0.07365598 0.12745733 0.12071280 0.04083505 0.07595653 -0.01827921 0.09851555 0.12352468 0.07560644 0.07774715 0.00128601 0.04455436 0.08649414 -0.02923772 -0.16177547 -0.13991795 -0.13816569 -0.09741679 -0.04121752 -0.08086733 -0.03243138 -0.13722109 0.06249768 -0.09148237 0.11759230 -0.16197188 0.26750475 0.02843032 0.19004812 0.24157576 0.26665443 0.05745431 0.04922161 1.00000000 0.13230276 0.25159995 0.35979068 0.10596530 0.22483354 -0.09540393 0.02050756 -0.01925854 -0.07867904 0.04949233 0.07474035 -0.01799026 -0.07593247 0.01995516 -0.13427882 -0.03125578 -0.01984435 0.02133205
0.12666684 0.05855137 0.10284590 0.06669595 0.05635817 -0.05146882 0.06691516 -0.00460016 0.18188832 -0.06908679 0.08633016 0.07031468 -0.11904753 0.13134847 0.14630362 0.24484955 0.38680201 0.25310351 0.07292078 -0.14689473 0.12280678 -0.06956489 0.16075696 0.05569738 0.31492801 0.05674501 -0.15742528 0.02430256 -0.07789739 -0.02216775 -0.07178877 -0.04817742 -0.06729555 -0.04916460 -0.19608465 -0.05818646 -0.21283178 -0.12020840 0.01123510 -0.05090436 -0.10053167 -0.10413802 -0.13074662 -0.11186664 -0.05388390 -0.21438378 -0.09365877 -0.12745957 -0.01838206 -0.08566233 0.01353100 -0.11900241 0.04329567 0.14646905 -0.04387900 -0.02347343 -0.00199411 0.24009015 0.13684376 0.13230276 1.00000000 0.09588090 -0.01726829 -0.12948130 -0.02243779 -0.03840902 -0.03745733 0.01902964 0.01776804 0.09179673 -0.02457617 0.05060831 0.00726772 -0.04881312 -0.09151124 -0.02054576 -0.03442816 0.01436344
0.01217504 -0.04007954 0.08126574 -0.04942387 -0.09420798 0.05353968 -0.06154247 0.01229078 -0.08217407 -0.05200363 -0.00596683 -0.02838541 0.00691821 0.11409839 0.10392999 0.00754239 0.12156671 -0.01974283 0.01945961 -0.00663934 -0.02348736 0.07515729 0.09536850 0.15314253 -0.09181147 0.02218076 -0.00348713 0.03024760 -0.04789309 0.09695919 -0.03329447 0.15030000 0.11496610 0.07665216 0.00567247 0.00875950 -0.03692185 0.15242646 0.16598015 -0.02290409 0.05829449 0.02821975 -0.05303776 0.04844887 0.06154233 -0.00546916 0.05712254 -0.18374730 0.12307284 -0.07223581 -0.01143499 -0.06811261 0.04279220 -0.09584351 0.01210278 0.07969648 0.06634698 0.09736784 0.20616691 0.25159995 0.09588090 1.00000000 0.17203038 -0.01664777 0.14449084 -0.00624311 0.04774131 -0.07191468 -0.02617287 -0.09348970 0.03984488 0.04020600 -0.05292671 0.09174513 -0.05108128 0.02991007 0.07775730 -0.00238297
0.07153722 0.06189043 0.09396401 -0.10258462 -0.11039812 -0.00224326 -0.01768360 -0.02258945 -0.15885649 -0.04614691 -0.09278618 -0.17815180 0.04740140 -0.01397324 -0.07502447 -0.02004941 0.07271323 -0.19068032 -0.03009949 0.09612327 0.00304866 0.03983715 0.05241772 0.10012005 -0.11899036 0.00728108 0.23845871 0.15057290 0.12579279 0.10150993 0.02064992 0.07964144 0.13181512 0.16581584 0.13276091 0.15298039 0.09347506 0.15627404 0.14526713 -0.10478560 0.12764568 0.13038284 0.08581405 0.10094226 0.01556587 0.11910101 0.13273497 -0.03820685 0.03984860 0.04223562 -0.13353414 -0.07561553 0.03340113 0.19377343 0.17150466 0.11666108 0.10498614 0.20545652 0.21751615 0.35979068 -0.01726829 0.17203038 1.00000000 0.36222436 0.09788694 0.16162239 0.15678249 0.10139251 -0.01630516 -0.05035703 0.18584344 -0.11892051 0.05468101 0.17239215 0.01531329 0.10838435 0.07824562 -0.09696725
-0.13311524 0.02933443 -0.08085122 -0.05818934 0.04583107 0.04054300 -0.05294540 0.01759112 -0.02109023 -0.02251457 -0.01497698 -0.10943287 0.04698030 -0.09051970 -0.14358758 -0.02234381 0.01658922 -0.12718063 -0.04598143 0.10483673 -0.02241341 0.05323883 -0.18116204 -0.04464754 -0.11639592 -0.04673600 0.20549390 0.10459585 0.14994734 -0.03341613 0.18416705 -0.00669776 0.07417989 0.09625524 0.20817248 0.03270615 -0.04079225 0.12736181 -0.05903956 -0.02337076 -0.07230967 0.00732353 -0.01259912 -0.10307187 -0.12057737 0.06783345 0.02835865 0.07028698 -0.08460739 -0.02873683 -0.00272783 -0.12654939 0.18722881 0.20817042 0.23951505 0.15931205 0.20486612 0.18967892 0.08138545 0.10596530 -0.12948130 -0.01664777 0.36222436 1.00000000 0.15772675 0.04481258 -0.00530082 0.01093715 -0.00053831 0.07038266 -0.10462238 -0.13006336 0.02270078 -0.01000882 -0.00866188 0.05460415 0.05525876 -0.12911382
-0.04644792 -0.03124692 0.14557993 0.05128885 0.06732052 -0.01398912 -0.01061457 0.08969590 -0.02408072 0.06765193 0.03598446 0.01354830 0.06359178 -0.00376343 0.00666967 -0.04333476 -0.07909129 -0.03716651 0.07653448 -0.03852001 -0.03322831 0.00846763 0.02083357 0.12498497 0.05614379 0.01669036 0.12831068 0.20853304 0.06713058 0.18092231 0.20677226 0.07962148 0.16792280 0.04290591 0.10068713 0.08605460 0.18618887 0.15005183 0.05353354 0.04548814 -0.02628965 -0.11840904 -0.04963909 -0.05402429 -0.04284431 -0.10393106 -0.08759025 -0.06437194 0.12274835 -0.14509911 0.02089410 -0.07059491 0.07387002 0.25283387 0.25620927 0.30404244 0.15006651 0.16446213 0.13334741 0.22483354 -0.02243779 0.14449084 0.09788694 0.15772675 1.00000000 0.02757215 0.01062135 -0.01840765 0.06813637 -0.00682708 0.10977761 -0.03181522 -0.00717070 0.06791079 -0.15448535 0.05100957 0.08367471 0.01957468
0.10083094 -0.04129987 0.16349057 -0.07151742 0.06554370 0.01708629 0.07213184 0.12335391 -0.06934303 -0.05244819 -0.08652961 0.04538284 0.00990983 -0.06176918 -0.06785711 -0.20747020 -0.15822472 -0.18671392 -0.16549935 0.12123028 -0.07072070 -0.02334350 0.05892030 0.05922237 -0.25002792 -0.13993910 0.07570410 -0.14007072 -0.09036756 -0.02957567 -0.01383216 0.07663307 0.09285987 0.07402299 -0.03870741 -0.04024050 0.05003120 -0.00962524 0.04627707 0.16640852 0.16026195 0.03122495 0.16864892 0.11395090 0.05779492 0.12824129 0.13725464 0.08240877 0.21050707 0.13738031 -0.12611057 0.11927002 -0.10621799 0.05615175 0.05734816 0.10068758 0.11495717 0.08010004 0.05324759 -0.09540393 -0.03840902 -0.00624311 0.16162239 0.04481258 0.02757215 1.00000000 0.14590623 0.30722664 0.29696264 0.13592258 0.27621197 0.18532619 0.17529065 0.31606589 0.16254852 0.32494164 0.24668017 0.05661659
0.03781464 0.10119234 0.04736709 0.04385174 0.05751035 -0.00803268 0.10686301 0.10623138 0.05992431 0.06510809 0.00043223 -0.01357750 0.00333611 -0.04103025 -0.09126315 0.04837877 0.01836333 -0.05656874 -0.02483553 -0.05226976 0.12019778 -0.07891958 0.14091251 0.12096178 -0.04467873 0.05871254 0.02800793 -0.09482607 -0.00211063 0.06397459 -0.00142049 -0.00788329 0.04746099 0.07892516 -0.03028040 0.07298496 -0.02007512 0.00117560 0.14455662 -0.08623132 0.00990941 0.01131536 0.17484824 0.01845594 -0.10281454 0.18233400 -0.03218330 0.06927050 -0.03303908 -0.01153948 -0.10155564 0.00177936 -0.04416719 0.10502403 0.05649965 -0.03636758 -0.01303050 0.10382207 0.04404873 0.02050756 -0.03745733 0.04774131 0.15678249 -0.00530082 0.01062135 0.14590623 1.00000000 0.15303570 0.13018422 0.09027910 0.17906085 0.11736277 0.14295432 0.24867727 0.24015038 0.11195342 0.28975867 0.22029576
0.09263474 0.07965898 -0.01989476 0.01754839 0.02006734 0.13990039 0.05574038 0.14121996 -0.01868235 0.07816649 -0.04401100 0.08265182 -0.13081262 0.14211649 0.01064492 -0.06893917 -0.00319682 -0.04120869 0.06179004 0.08227855 0.09052772 0.06916903 0.10851076 0.08978544 -0.02235758 0.06616220 -0.02628523 -0.06103588 -0.00293242 -0.02501655 0.06539956 -0.09783069 -0.05317861 -0.07392846 -0.05819389 0.00708208 0.00996542 0.02325382 -0.05485326 -0.00778267 -0.02571094 0.06589550 0.00196581 0.16499290 -0.00885654 0.05404287 -0.08004002 0.09801122 0.07970703 0.03123620 -0.10293898 0.05127572 0.01885431 0.05021974 0.01026681 0.03637730 0.01665749 0.00355573 0.13083122 -0.01925854 0.01902964 -0.07191468 0.10139251 0.01093715 -0.01840765 0.30722664 0.15303570 1.00000000 0.19113924 0.18050818 0.12591459 0.10062379 0.29744071 0.10685467 0.22448507 0.23713012 0.11894255 0.11241806
0.17566043 0.00476536 0.17843108 0.02510109 -0.01296193 0.02747279 0.07448567 0.13396999 0.02542923 0.09699112 -0.06589627 0.05869563 -0.06236814 0.09284413 -0.04734268 0.03302459 0.10265154 0.04326645 -0.02010431 -0.01049094 -0.03307374 0.10894193 -0.04863308 0.01949487 0.04568966 0.04749568 0.14156009 0.08318499 0.13498562 0.02829244 0.11758239 -0.01008432 0.08587608 0.12983605 0.12612029 0.07636253 0.00499540 0.09193891 0.07179809 0.18996174 0.00813862 0.01482456 0.01860000 -0.14733724 -0.25491909 -0.12088870 -0.08355331 0.08908480 -0.03856735 -0.07720277 -0.10499288 0.06222005 0.11503391 0.05344618 0.02999569 0.08840263 0.01857477 -0.01123231 0.03297754 -0.07867904 0.01776804 -0.02617287 -0.01630516 -0.00053831 0.06813637 0.29696264 0.13018422 0.19113924 1.00000000 0.37864029 -0.02499117 0.33343247 0.32813512 0.20658333 0.23737088 0.32017876 0.15066738 0.22260063
0.06721152 -0.01047803 -0.05836116 0.00036974 0.05615935 -0.00592818 0.12899580 0.01695809 0.13330758 0.02462828 -0.02633137 -0.04549180 -0.12860608 0.06087603 -0.09245975 0.09332903 0.05019254 0.15398765 0.09525268 -0.06725636 -0.02742593 0.10590705 -0.10112231 0.02681696 0.18251892 0.01863294 0.12694046 0.12807295 0.16836920 0.09428843 0.10784780 -0.01952583 0.06002198 0.11794314 0.12343092 0.15394446 -0.04243934 0.04548221 0.02311061 0.01845240 -0.16168190 -0.07694759 -0.14209841 -0.14519676 -0.27772799 -0.23383618 -0.24075873 -0.02550108 -0.10903340 -0.08639865 0.00221668 0.00041645 0.16610626 0.11349189 -0.01994641 0.04323659 -0.00033123 -0.06554143 -0.09300855 0.04949233 0.09179673 -0.09348970 -0.05035703 0.07038266 -0.00682708 0.13592258 0.09027910 0.18050818 0.37864029 1.00000000 -0.10676259 0.21121190 0.19597387 0.09332160 0.09808310 0.21336383 0.20683663 0.11792488
0.02343194 -0.03332589 0.08011536 0.04438576 -0.00745147 -0.00288451 0.01290814 0.05994759 -0.14963792 -0.06864806 0.01738018 -0.00508390 -0.01802496 0.02387270 0.02564900 -0.07320372 -0.14699092 -0.13130038 -0.10159465 0.08729609 -0.09335018 -0.11664320 0.18084531 0.03063108 -0.14538545 -0.15808999 0.07052940 -0.01886807 -0.06944397 0.12572615 -0.01285173 0.15451184 -0.00228698 0.09176003 -0.02601132 0.10151020 0.05435188 0.06676097 0.06389107 -0.07969199 0.09788342 0.07712651 0.11745383 0.20746429 0.09942262 0.13311273 0.01769693 -0.11731384 0.07420815 0.03749422 -0.13271148 -0.03549695 -0.08969664 -0.00909996 0.05531511 -0.03334793 0.02426238 0.01771652 0.09392730 0.07474035 -0.02457617 0.03984488 0.18584344 -0.10462238 0.10977761 0.27621197 0.17906085 0.12591459 -0.02499117 -0.10676259 1.00000000 0.04392872 0.03205360 0.23367881 0.18972087 0.17841488 0.05471842 0.19358032
0.04513558 -0.00501152 0.18365215 -0.01072066 -0.00724987 0.02492315 -0.02087949 0.03095994 0.02383450 0.03545633 -0.01570863 0.08157783 -0.06285337 -0.00449515 0.00775563 0.03088204 -0.00420970 0.12990021 0.04764185 -0.08849501 0.05561465 -0.05854103 -0.05473776 -0.04531801 -0.08792592 -0.01115013 -0.02794330 -0.06599046 -0.14643223 -0.10096024 -0.08059824 -0.05544995 -0.00564981 -0.08411206 0.04369018 -0.10668577 -0.12183762 -0.14745171 -0.12198472 0.10656056 -0.00434844 -0.06903051 0.04968364 -0.12007914 0.02213303 0.03271923 0.14992402 0.16280026 0.08288979 -0.02571021 0.06182806 0.12262515 -0.00217497 -0.11739982 -0.13596762 -0.01655416 0.08187256 -0.15226691 -0.03666426 -0.01799026 0.05060831 0.04020600 -0.11892051 -0.13006336 -0.03181522 0.18532619 0.11736277 0.10062379 0.33343247 0.21121190 0.04392872 1.00000000 0.10395778 0.22710800 0.29210008 0.19512662 0.09515358 0.12517475
0.10317622 0.04470869 0.01267669 0.04018628 -0.00652473 0.11312915 -0.07655226 0.13546639 0.18132080 0.09247236 0.04897169 0.00360243 -0.02655300 0.09725335 -0.14925876 -0.04809141 0.05531349 0.00295859 -0.08195207 -0.03705048 0.04361342 0.24270910 -0.17473617 0.03846511 0.05938294 0.04815201 0.21241162 0.25267334 0.22595520 0.14769693 0.13484071 0.02812552 0.05655750 0.12693199 0.11207210 0.14569048 0.13392764 0.12743717 0.12534763 -0.09332480 0.00515879 0.01344964 0.10824311 0.14581281 -0.32756125 0.04094735 -0.00296621 0.05039211 -0.07440004 -0.04062142 -0.12501078 0.06743596 0.20188703 0.19020736 0.09386825 0.05857000 -0.06743844 0.05016056 0.10250694 -0.07593247 0.00726772 -0.05292671 0.05468101 0.02270078 -0.00717070 0.17529065 0.14295432 0.29744071 0.32813512 0.19597387 0.03205360 0.10395778 1.00000000 0.11038192 0.27916652 0.10906692 0.05212612 0.09373604
0.08413148 -0.00604285 0.14544333 -0.07342923 0.06901795 -0.06773001 -0.03569948 0.08969180 -0.06989057 -0.00327314 0.03688777 0.07026797 -0.01470554 -0.04780863 -0.01993021 -0.07794879 -0.00853740 -0.16191794 -0.13367677 0.02577645 -0.01470708 0.08455135 0.07897493 0.13022495 -0.13133010 -0.09943306 0.14317048 0.01334360 -0.03046681 0.21528842 -0.14661546 0.10211441 0.11382896 0.12030393 -0.06216549 0.13510102 0.06058757 0.03148399 0.16063713 -0.01784122 0.14636920 0.10958951 0.17652478 0.02893715 -0.02487132 0.09789017 0.11934891 -0.00886011 0.02632416 0.01716495 -0.07778209 0.06791764 -0.08648679 0.05432329 0.03418039 0.01479187 -0.02832476 0.07828559 0.19561187 0.01995516 -0.04881312 0.09174513 0.17239215 -0.01000882 0.06791079 0.31606589 0.24867727 0.10685467 0.20658333 0.09332160 0.23367881 0.22710800 0.11038192 1.00000000 0.15697184 0.19671978 0.13665688 0.10214846
-0.01266244 0.01552748 -0.00435911 -0.04516521 0.03660340 0.05895953 -0.05158128 0.03837405 0.02830163 0.12502098 0.00941421 0.02292580 -0.02012850 -0.05010048 -0.16895024 -0.09557903 -0.03047782 -0.02359378 -0.09517345 0.02492149 -0.02670105 -0.07428199 -0.03609003 -0.00638232 -0.12260960 0.02792348 0.06590662 -0.01199555 -0.02686705 -0.05168215 -0.03428004 0.02396427 -0.07158724 -0.00443708 -0.05730433 -0.06604905 -0.02787953 -0.06151035 -0.04097416 -0.05047346 0.08883376 0.07039999 0.13582433 0.14391998 0.05137297 0.13104460 0.12309048 0.16302538 0.02458625 0.01858804 0.00493361 0.16546161 0.04549262 0.04968882 -0.00730472 -0.07143455 0.03280805 -0.12817439 0.05515586 -0.13427882 -0.09151124 -0.05108128 0.01531329 -0.00866188 -0.15448535 0.16254852 0.24015038 0.22448507 0.23737088 0.09808310 0.18972087 0.29210008 0.27916652 0.15697184 1.00000000 0.11761868 0.18850168 0.19159609
-0.01815431 -0.00504437 0.15564077 0.00504807 0.01503490 0.09300952 0.10973811 0.09772290 -0.04202990 -0.01166936 -0.12475363 0.06758562 -0.04022403 0.03916667 0.00567175 -0.01856977 -0.04630170 -0.08496527 0.01444466 0.05218166 -0.04202455 0.08839449 0.08824807 0.03771609 -0.06258275 -0.03787097 -0.01643082 -0.04497542 -0.10099588 -0.06182742 -0.01846926 0.09472584 -0.00244434 0.05768260 -0.02577895 -0.01253615 0.03468902 0.01789186 -0.02569767 0.11166693 0.10154101 0.11727402 0.18704722 -0.05355731 -0.03733657 0.00899045 0.06259755 0.01378961 0.06853484 0.03497609 -0.07401308 -0.03474570 -0.02065731 0.06412799 0.14423608 -0.01626107 0.16907758 -0.01879962 0.05831229 -0.03125578 -0.02054576 0.02991007 0.10838435 0.05460415 0.05100957 0.32494164 0.11195342 0.23713012 0.32017876 0.21336383 0.17841488 0.19512662 0.10906692 0.19671978 0.11761868 1.00000000 0.28871322 0.03285322
0.07858788 -0.01436552 0.06067360 -0.03263752 0.08162555 0.12146567 0.08731316 0.04499634 -0.00663631 0.09247644 -0.11286726 -0.01459647 -0.03188595 -0.12265194 -0.03423664 -0.10997949 -0.12983294 -0.04305428 -0.05829365 -0.06790462 -0.06207210 -0.01379452 -0.05762694 0.06217500 -0.10187681 -0.14614994 0.07371683 -0.03213176 0.07633401 0.07346801 0.07607171 0.06336850 0.13078729 0.11210992 0.01539940 0.01744583 0.07382737 0.06608677 0.14740129 0.14462124 0.02049161 0.12503653 -0.00556177 0.10820963 -0.00626951 0.12287261 0.03898232 0.05799961 0.01686728 0.05347914 0.03549373 0.14803525 -0.04958270 0.00019063 0.09901700 0.00834313 0.16571016 0.08844434 0.05517662 -0.01984435 -0.03442816 0.07775730 0.07824562 0.05525876 0.08367471 0.24668017 0.28975867 0.11894255 0.15066738 0.20683663 0.05471842 0.09515358 0.05212612 0.13665688 0.18850168 0.28871322 1.00000000 0.18542082
0.02071336 -0.08390378 0.03931017 0.15294476 0.04145323 0.09168796 0.09007254 -0.03107990 0.05706684 0.10087631 -0.00752182 0.02500651 0.00602970 0.13642967 0.07451038 0.06789067 -0.02144598 0.11983154 0.08200294 -0.03654088 0.15511884 -0.05832608 0.08413986 0.13001088 0.07111603 0.01797412 -0.05182171 -0.06792999 -0.01425910 -0.03396402 -0.05121942 0.00790987 0.04731006 0.02254536 -0.02099566 -0.01932457 -0.09258475 -0.01088896 0.06511820 0.02837266 -0.11488036 -0.08782479 -0.06655294 -0.01548274 0.01050032 0.01052332 -0.10798312 -0.12294386 0.01030046 -0.18463352 -0.03753066 -0.00352431 0.05724975 -0.14567554 0.02146327 0.02466668 0.00017681 -0.06518325 -0.14024501 0.02133205 0.01436344 -0.00238297 -0.09696725 -0.12911382 0.01957468 0.05661659 0.22029576 0.11241806 0.22260063 0.11792488 0.19358032 0.12517475 0.09373604 0.10214846 0.19159609 0.03285322 0.18542082 1.00000000
