1.00000000 -0.00510599 0.12866436 0.16076558 0.16692645 0.01836181 0.03521649 0.18313268 0.24867855 0.25530525 0.13571747 0.06572070 0.21601797 -0.07337838 0.08544268 0.06167175 -0.01283170 0.06393354 0.10159406 -0.03155658 0.08681578 -0.14104774 0.01476065 -0.07705809 -0.00401981 -0.06445711 -0.02288788 0.11968575 0.07379333 0.00950496 -0.04249044 -0.08836476 0.05583402 0.04631632 0.07981322 -0.02323702 -0.02009521 -0.04347492 0.00059222 -0.00091431 -0.10764416 -0.02020435 -0.05483245 -0.02635694 -0.09609511 -0.07280152 -0.04532081 -0.10922813 -0.08265674 0.02311431 -0.01516606 0.00379871 0.12013894 0.14397899 0.06592669 0.01183338 0.04193690 0.06494915 -0.09240227 -0.06876121 0.08008383 0.03540293 -0.12427958 -0.01203848 -0.04939191 -0.03873828 -0.01866108 -0.00184237 -0.01698383 0.10875819 0.11202722 0.02565543 0.03176801 -0.04638053 0.00687149 0.06779729 -0.02535253 0.01654675
-0.00510599 1.00000000 0.10393817 0.26082870 0.13154947 0.22785075 0.09117250 0.28196796 0.26425927 0.23539922 0.20847496 0.20093346 0.15822016 -0.04306865 -0.05208292 -0.04153957 -0.01824015 -0.01125686 0.03334281 -0.00125590 -0.00981311 0.02792847 0.00827402 0.03245391 -0.06299279 -0.06597410 0.03057108 -0.01351465 0.04322714 0.04950308 0.02502797 -0.03045748 -0.15432217 -0.21005647 -0.01236336 0.14396972 0.01272367 0.05975122 0.00676438 -0.06243132 0.06005298 0.02519257 0.04364937 -0.02786621 0.08313828 0.08042105 0.01964925 0.08076585 -0.01801391 0.00383127 -0.01327680 0.08772302 0.06000884 0.05054258 0.15586269 0.09009144 0.12503132 0.00752152 0.04907972 -0.02967942 0.02462243 0.02226541 0.08812524 -0.01412285 0.15540102 -0.03305480 -0.02206551 -0.14695679 -0.09645809 -0.00564983 -0.04053067 0.05620375 -0.04608404 0.03945307 -0.02650198 0.02307835 -0.15022174 -0.13571209
0.12866436 0.10393817 1.00000000 0.31871705 0.25348053 0.21434494 0.32869308 -0.00638956 0.10156866 0.10655483 0.15473706 0.22852014 0.16614605 0.12162314 0.17059727 0.05549910 0.02990806 0.15598830 0.12923085 0.06794550 0.14720720 -0.13759967 -0.00366022 0.08139739 -0.02567619 0.04292621 -0.07317741 -0.07478839 0.00622082 -0.09072220 -0.06300476 0.00356676 0.00733521 -0.02235105 -0.08184838 -0.09509444 -0.02017592 -0.12808156 -0.08824881 0.00987313 -0.02497671 0.03425702 0.04485995 0.00086829 -0.01110190 -0.01272655 0.03198547 0.01282632 -0.04975643 0.08233061 -0.00241285 -0.06634299 -0.01881097 -0.03360893 0.03417095 -0.03892313 -0.02328143 -0.03020430 0.07232478 -0.01945633 0.07958785 -0.01747035 -0.06931612 0.00457533 -0.11572779 0.01891386 0.07518659 0.05297592 0.14169843 0.03436758 0.00409622 0.08336642 0.04250818 0.02599065 0.03383976 0.13456784 0.02687915 0.11699333
0.16076558 0.26082870 0.31871705 1.00000000 0.15126763 0.18754545 0.28365294 0.13806121 0.21614341 0.17008192 0.35623616 0.10021304 -0.01139609 0.01557979 0.21609298 0.08313543 -0.02684636 0.08018074 0.12403647 -0.09490653 -0.06072794 -0.20502869 -0.17275781 -0.05091472 0.05584228 -0.08862247 -0.03907696 0.05927014 0.07331356 -0.01189422 -0.02952035 0.01886653 -0.03162414 0.03083204 -0.08809654 0.04993279 -0.04760563 -0.04399683 -0.02195888 0.12228006 0.02734557 -0.05365113 -0.09903625 -0.02668007 -0.05004967 -0.06231803 -0.13246189 -0.04086474 -0.05549281 0.02112167 -0.01032954 -0.14525497 0.08872790 -0.09813059 0.04781712 0.03685335 0.03077308 -0.00812895 0.05718115 -0.05490640 0.11816564 0.00562217 -0.07619892 -0.01788403 -0.05946832 -0.08157832 -0.03663541 -0.05981083 -0.01220386 0.07351252 0.01812734 0.02514134 0.04034840 -0.02860538 0.05128189 -0.00166679 -0.01723594 0.02067653
0.16692645 0.13154947 0.25348053 0.15126763 1.00000000 0.04616688 0.36283227 0.15716988 0.21767262 0.17706124 0.14526770 0.20075535 0.20332689 0.07595956 0.06327138 0.11146607 0.03827401 0.08516745 0.07243645 0.02405481 0.13077724 0.00446887 0.16822132 0.04747644 -0.00012025 0.05711498 -0.15575605 -0.07324798 -0.16168834 -0.06968923 -0.02555364 -0.04654354 -0.00805717 -0.09099529 -0.16249938 -0.01948879 -0.06723840 -0.13654007 -0.06188553 0.04543917 0.00551907 0.03920766 -0.03295759 -0.08735682 0.06427685 -0.07049140 -0.01731842 0.06732547 0.06584413 -0.10919290 0.06182100 -0.01913697 0.02487008 0.00112925 0.02656392 0.07521325 0.09827404 -0.00565774 -0.06936056 0.09765544 -0.01168648 -0.00722632 -0.04765140 0.08289057 0.04867257 0.16872000 0.04697319 0.06033932 0.00888763 0.02853196 0.13282032 0.05946530 0.07282204 0.10682438 0.11441557 0.15714984 0.05717614 0.06836761
0.01836181 0.22785075 0.21434494 0.18754545 0.04616688 1.00000000 0.17744941 0.16834935 0.14065036 0.16241604 0.16447602 0.17769542 0.21039089 -0.05891274 0.16180364 -0.00171714 0.00425682 0.07160272 0.10647503 0.01745610 0.04548693 -0.14958469 0.00589882 -0.02726218 0.07562708 0.04147396 -0.02299139 -0.05977200 0.02573333 -0.11072418 -0.00440212 0.03119851 0.01728107 -0.00099210 -0.00955253 -0.06106059 -0.07959750 -0.07749940 -0.07217581 -0.01653808 -0.04498220 0.00232545 -0.01121968 -0.04356373 -0.05860184 -0.08563245 0.02111331 0.00571827 -0.10401310 -0.13733819 -0.01701697 -0.06798166 -0.02967990 -0.09132878 0.11745064 -0.01036987 -0.02018349 -0.04562499 -0.04012598 -0.06584522 0.03253052 -0.01383720 -0.04449496 -0.10064869 -0.04264749 -0.13055809 -0.07079587 -0.05956931 0.00318561 -0.04760903 -0.05291337 0.06557999 0.07218977 -0.04385311 -0.06162599 0.04039460 -0.12917236 -0.08789929
0.03521649 0.09117250 0.32869308 0.28365294 0.36283227 0.17744941 1.00000000 0.16269473 0.16510815 0.12269942 0.18760013 0.09164565 0.22826125 0.03973013 0.08874544 0.05783534 0.02338600 0.07690307 0.10212808 0.03323294 -0.01548325 -0.15594932 -0.05723714 -0.02766508 0.03637880 0.03145325 -0.10922312 -0.03433877 0.05270181 -0.09720429 -0.01306323 -0.09232974 -0.02089507 0.04196833 -0.14412841 -0.01081017 -0.11305929 -0.05783453 -0.04756036 -0.07696147 -0.07082038 0.03789622 -0.17032040 -0.04833500 -0.05116717 -0.17196269 -0.12602377 -0.12039864 -0.10178579 0.00113144 -0.01770855 -0.21023808 -0.03013031 -0.06833422 0.04779120 0.04703018 0.00176550 -0.08678872 -0.03740411 -0.05341209 0.03976997 0.04709527 -0.14034479 -0.08149176 -0.13335663 -0.00677468 0.05568952 0.10514681 0.00499651 0.02143194 0.05260912 -0.02379785 -0.04245016 0.06966629 0.05663893 -0.03764557 0.00396428 0.14618496
0.18313268 0.28196796 -0.00638956 0.13806121 0.15716988 0.16834935 0.16269473 1.00000000 0.20961507 0.18708529 0.06511792 0.11210510 0.22102302 -0.10543775 0.01232652 0.05354180 -0.08305642 -0.02913219 0.03486496 0.00955150 0.04137246 -0.02688079 0.04485401 0.05655675 -0.05944889 -0.15751430 -0.08728933 -0.07547763 0.02959091 -0.02798968 -0.05849836 -0.04880622 -0.11686546 -0.04438798 -0.10071087 0.15490069 0.08519406 0.00012889 -0.00313766 -0.07968095 0.05556288 0.08448693 0.04135316 -0.02445139 0.12171896 0.11709362 0.01470017 -0.03732621 0.09114474 -0.06146044 0.11391070 0.01669720 0.10206831 -0.00901360 0.17637854 0.06942297 0.03388404 0.05154437 0.00107353 0.02306703 0.01260012 0.16855058 0.12734723 -0.06001816 0.08540076 -0.04617745 0.02896235 0.00229276 -0.07755516 0.08661753 0.00569875 0.12010951 0.02840204 0.04623045 0.02532135 0.02075812 -0.02684939 -0.06316042
0.24867855 0.26425927 0.10156866 0.21614341 0.21767262 0.14065036 0.16510815 0.20961507 1.00000000 0.13592013 0.24442859 0.19564705 0.20155753 -0.04999771 0.06712211 0.16090961 0.11335008 0.06011503 0.12368577 -0.09673009 -0.02054075 -0.07131937 0.03893488 -0.12851341 -0.06498804 -0.07095151 -0.03709109 -0.07945420 -0.11653065 -0.02764914 0.00784576 -0.13009613 -0.08975376 -0.13998076 -0.00570949 -0.12640482 -0.11400736 -0.05556654 -0.01011632 0.01033403 -0.09583539 0.03750045 -0.10209547 0.05747646 -0.03611321 0.00779022 -0.12742783 0.00887422 0.03428830 -0.12049104 0.05971038 0.01810363 0.14691433 0.01750500 0.08242816 0.02293678 0.05026572 0.00394621 -0.02665583 0.07842360 0.07704607 0.09163510 0.08379169 -0.05803924 0.14501985 -0.02203903 -0.05925792 -0.00617935 -0.00335077 0.04706848 0.01029939 0.05036376 -0.04313650 -0.02977413 0.00780693 -0.08037220 -0.05915386 -0.11779565
0.25530525 0.23539922 0.10655483 0.17008192 0.17706124 0.16241604 0.12269942 0.18708529 0.13592013 1.00000000 0.14300675 0.18555854 0.20962201 0.03607690 -0.02072708 -0.08682223 -0.13794278 -0.02909644 -0.03352150 -0.05132752 0.03030582 -0.12346126 0.04555850 -0.04928310 -0.05006086 -0.00857047 0.00197470 0.03092557 0.00130818 0.07453720 -0.10417908 -0.02042704 0.04245891 -0.01400518 -0.05784919 0.01290431 -0.05982249 -0.00573754 0.02755142 -0.05258855 -0.07805686 0.07458826 -0.03968912 -0.12777469 0.04360627 -0.10784434 0.01988767 -0.09619993 -0.15735823 -0.08365056 -0.07125744 0.02198041 -0.01053648 -0.07995075 -0.01862708 -0.00686711 0.06881098 0.13981111 -0.05689535 -0.00885764 0.04156769 0.00382576 0.00711941 0.00660850 0.01770199 0.05024172 -0.06168574 -0.05971329 0.04609368 0.01133460 0.01366748 0.08144746 -0.04405701 0.07947288 0.08704024 -0.03641057 -0.06164052 -0.03464487
0.13571747 0.20847496 0.15473706 0.35623616 0.14526770 0.16447602 0.18760013 0.06511792 0.24442859 0.14300675 1.00000000 0.19264504 0.19920904 0.15599823 0.13335361 0.16949533 0.17971095 0.14999386 0.05874282 -0.04326710 -0.09717022 -0.11555871 -0.12903947 -0.13561737 0.07358733 0.13513369 0.05677941 0.12961045 0.06565331 -0.06941065 0.01334433 -0.01797955 0.03694152 0.05719478 -0.00051518 -0.08279305 -0.00096314 -0.00100909 -0.07371261 0.00951504 -0.10597565 -0.07370784 -0.31075471 -0.10154307 -0.13522253 -0.12820382 -0.16720033 -0.06041662 -0.10693646 -0.06903816 0.01840560 -0.11823334 0.12701953 0.02390969 0.10825168 0.10609229 0.03093324 -0.08794938 -0.07391383 -0.11635766 0.11469772 -0.03947024 -0.11060321 -0.00140065 0.02521680 -0.11667860 -0.08691299 -0.03130307 -0.05768825 0.09463814 -0.01964138 -0.00168757 -0.08083775 -0.14788522 -0.02597642 -0.12828057 -0.20521252 -0.05525054
0.06572070 0.20093346 0.22852014 0.10021304 0.20075535 0.17769542 0.09164565 0.11210510 0.19564705 0.18555854 0.19264504 1.00000000 0.08500657 0.02065383 -0.01410127 -0.00627148 0.06396947 0.03286622 0.00537591 0.01886057 0.07178466 -0.01735952 0.16953914 0.00178753 -0.09755462 -0.12223091 -0.06758776 -0.07921173 -0.12945952 -0.01435629 -0.02510116 0.05669311 0.02692876 -0.05190234 -0.04742863 0.00443025 -0.07455786 0.03493779 -0.03421472 -0.01104318 -0.00718813 -0.03684379 0.03353581 -0.12277985 0.08780504 0.04450289 -0.09708422 0.03234876 -0.00895780 -0.11054541 0.15951175 0.00402870 0.03272290 -0.03266092 0.06172952 0.01848177 0.06685722 0.06593649 -0.00205277 0.01700507 0.13733705 -0.02470815 0.04621513 -0.02084014 0.01679862 0.03131796 -0.01701626 -0.06376459 0.02244037 0.08036154 0.04147110 0.19831439 0.00700837 0.17264034 0.07858149 -0.00519831 -0.02458687 0.00495381
0.21601797 0.15822016 0.16614605 -0.01139609 0.20332689 0.21039089 0.22826125 0.22102302 0.20155753 0.20962201 0.19920904 0.08500657 1.00000000 0.11130534 0.12554036 -0.04751874 0.03951822 0.03864388 0.07891028 0.03456036 0.01329726 -0.05846681 0.03661063 0.03403048 0.06356379 -0.00980149 -0.16206626 0.01090895 -0.06198070 0.01592560 -0.06001720 -0.03603634 -0.01208304 -0.06748814 -0.21074754 -0.06725025 0.01004844 -0.10631030 -0.05361462 0.06489654 -0.03898930 0.03350862 -0.04823704 -0.00831237 0.02797765 -0.00742827 0.03091009 -0.06111013 0.01652415 -0.03759952 -0.07374802 0.00357561 -0.01797376 0.03337385 0.10091779 -0.00061892 0.09932240 0.02082639 -0.08236738 -0.00932926 0.00030552 0.03520756 -0.01424123 -0.07200216 -0.02415388 -0.09596788 0.02362043 -0.00516175 0.06310797 0.08267482 0.00068559 0.08404932 -0.02597305 -0.06157249 0.00935311 0.07579077 -0.04317794 -0.00356072
-0.07337838 -0.04306865 0.12162314 0.01557979 0.07595956 -0.05891274 0.03973013 -0.10543775 -0.04999771 0.03607690 0.15599823 0.02065383 0.11130534 1.00000000 0.25474156 0.28136046 0.20121746 0.29203376 0.28993834 0.20156987 0.14645177 0.14361037 0.14303908 0.12117180 0.24170059 0.18526673 -0.09788598 -0.01639870 -0.07579473 -0.13696112 -0.00643397 -0.06130011 -0.00069250 -0.07758064 -0.08427413 -0.02242513 -0.08574062 -0.05744354 -0.14033003 0.01734122 -0.15227597 -0.05034220 -0.21163908 -0.07541950 -0.02402032 -0.18100372 -0.09162109 0.00578652 0.02708510 0.00177271 -0.02619583 -0.00856558 0.15790266 0.04241450 0.07828970 0.09293721 0.09051093 0.04827496 0.03761589 0.06891070 0.07097348 -0.00955692 -0.02202901 0.11001772 -0.02477082 0.02399919 0.01582463 -0.01626179 0.07866875 0.00130561 -0.01954885 0.07851015 -0.03511766 -0.05887085 0.08428881 0.05600184 0.03571557 0.08062859
0.08544268 -0.05208292 0.17059727 0.21609298 0.06327138 0.16180364 0.08874544 0.01232652 0.06712211 -0.02072708 0.13335361 -0.01410127 0.12554036 0.25474156 1.00000000 0.27769137 0.09266928 0.27403017 0.35342990 0.11833170 0.17959871 -0.12572348 0.03664621 0.06695383 0.26714937 0.24198932 -0.00671859 0.01945090 0.05959583 -0.14308472 0.07347682 -0.05849607 0.03616770 0.07014492 -0.01038456 0.04242732 -0.01440474 -0.03730804 -0.12302741 0.09319754 -0.07670788 -0.10931634 -0.24537073 0.05914723 -0.08606444 -0.13403917 -0.06099414 -0.00290130 0.00208199 -0.12236501 -0.04899546 -0.05436989 0.18063766 0.08310557 0.11699011 0.15754831 0.18786597 0.06713567 -0.02496938 0.14508839 0.19125060 0.03303326 -0.03197728 0.00092992 -0.06285201 -0.02925251 0.05522333 -0.03462100 0.14509607 0.12297011 0.08006113 0.03056553 0.08274681 -0.09092764 0.04362649 0.11107457 -0.05736405 -0.04590518
0.06167175 -0.04153957 0.05549910 0.08313543 0.11146607 -0.00171714 0.05783534 0.05354180 0.16090961 -0.08682223 0.16949533 -0.00627148 -0.04751874 0.28136046 0.27769137 1.00000000 0.25652828 0.32614546 0.42367843 0.10883784 0.27736013 0.11738312 0.11043758 -0.01808602 0.28584182 0.16310902 -0.07192418 0.08826404 -0.01307697 -0.15468687 0.18093810 -0.20171466 0.03421081 0.02962442 0.11017363 -0.03195751 -0.11400642 -0.03544909 -0.17305920 -0.02173952 -0.26106652 -0.09447365 -0.27045806 -0.10255247 -0.17883096 -0.17599742 -0.25412946 -0.01650991 -0.10223012 -0.07360771 0.03706636 -0.11968429 0.31343125 0.15486817 0.23309624 0.24877213 0.13157075 -0.13992253 -0.05606701 0.13767640 0.29012762 0.01753840 -0.00803525 0.09368063 0.07306125 0.01908530 0.00596148 0.07829215 0.09323885 0.23633201 -0.04034768 0.12102795 -0.01493993 -0.00741524 0.12879885 -0.07732932 -0.02977396 0.00853518
-0.01283170 -0.01824015 0.02990806 -0.02684636 0.03827401 0.00425682 0.02338600 -0.08305642 0.11335008 -0.13794278 0.17971095 0.06396947 0.03951822 0.20121746 0.09266928 0.25652828 1.00000000 0.32319660 0.21600805 0.17938993 0.05339105 0.22808576 0.15760849 0.12584371 0.03836865 0.20785569 -0.11017445 -0.12995255 -0.08814833 0.01120717 -0.09016470 0.06813894 0.03686947 0.03579726 -0.05039456 -0.03127044 0.03412344 0.02651542 -0.01755467 0.05487854 -0.02958459 -0.05755494 -0.13953888 -0.09997325 -0.09762227 0.00247724 -0.05427735 -0.00806999 0.09098754 -0.00780779 0.10797574 0.08132562 0.18788118 0.04303493 0.08152152 0.14216719 -0.03563895 0.02773740 0.10161498 0.10095947 0.18890531 0.08000616 -0.01371100 0.06278728 0.18719845 0.03854606 0.03962208 0.01419985 0.13336124 0.11539883 0.05435788 0.10221095 -0.08224414 0.08567373 0.07027123 0.06642964 0.04349013 0.04321676
0.06393354 -0.01125686 0.15598830 0.08018074 0.08516745 0.07160272 0.07690307 -0.02913219 0.06011503 -0.02909644 0.14999386 0.03286622 0.03864388 0.29203376 0.27403017 0.32614546 0.32319660 1.00000000 0.23960048 0.24864481 0.26494189 0.15096311 0.23322586 -0.06786894 0.16814997 0.24260445 -0.07516166 0.00516423 -0.03924058 -0.11542474 0.12821897 -0.13923517 0.00517608 0.03208380 0.02077268 0.00236508 0.03536467 -0.08792921 -0.19150618 -0.01915670 -0.19387089 -0.12437198 -0.17506643 -0.03502136 -0.13662235 -0.18464451 -0.16287703 0.01306794 -0.01185417 -0.11566664 0.00312395 -0.14698831 0.17981317 -0.06068409 0.09862060 0.10451915 0.03447706 -0.06956649 -0.05184641 0.06773817 0.14911355 0.05740614 -0.06213931 0.02403931 -0.03033273 -0.01702373 0.03026675 0.02243091 0.05513724 0.12607799 0.03366265 0.07092696 -0.01248497 0.02260788 0.12087103 0.11958811 -0.02436100 0.05116477
0.10159406 0.03334281 0.12923085 0.12403647 0.07243645 0.10647503 0.10212808 0.03486496 0.12368577 -0.03352150 0.05874282 0.00537591 0.07891028 0.28993834 0.35342990 0.42367843 0.21600805 0.23960048 1.00000000 0.08749647 0.36224159 0.00110231 0.16122381 0.11636479 0.30144237 0.14100422 -0.17268252 -0.05304942 -0.05171172 -0.10686380 0.01061691 -0.07607926 -0.01587046 -0.05995658 -0.06702267 -0.04626286 -0.03698940 -0.08399802 -0.13899179 -0.03757571 -0.13900625 -0.08808440 -0.18603711 -0.05786843 -0.06028844 -0.07912145 -0.08221868 -0.04059352 0.01400666 0.00077069 -0.06167347 -0.01629746 0.24681662 0.11554731 0.09546645 0.11683717 0.15667697 -0.01644131 0.00557854 0.08355050 0.25954199 0.01265042 -0.05683872 -0.02239197 0.03822261 -0.03061715 0.05974306 0.02819491 0.15092286 0.09005727 0.00094391 0.10950242 0.00775477 -0.04521086 0.06178060 -0.01899694 0.02661774 0.01507735
-0.03155658 -0.00125590 0.06794550 -0.09490653 0.02405481 0.01745610 0.03323294 0.00955150 -0.09673009 -0.05132752 -0.04326710 0.01886057 0.03456036 0.20156987 0.11833170 0.10883784 0.17938993 0.24864481 0.08749647 1.00000000 0.28699356 0.22221219 0.43535841 0.25142608 0.20501331 0.22504162 -0.14264937 -0.16615732 -0.03854220 -0.10196869 -0.05058571 -0.04770152 -0.03505774 -0.04812234 -0.09671350 0.07000661 0.02627436 -0.09786546 -0.06354370 0.08330945 -0.08995700 0.05884354 -0.02386248 -0.01135770 0.03512734 -0.04437958 0.02758250 0.09901774 0.04011880 -0.02036178 0.11586659 0.11064471 0.07582095 0.03352286 0.03421751 0.04579808 0.18653778 0.01879599 0.10976397 0.01671662 -0.01849202 0.13147822 0.02782549 0.04580650 0.04401788 -0.02617326 0.06590325 -0.00782973 0.06544759 0.06141070 -0.01000432 0.05622151 0.01185750 0.02479273 0.09713526 0.17291136 0.13011238 -0.03148713
0.08681578 -0.00981311 0.14720720 -0.06072794 0.13077724 0.04548693 -0.01548325 0.04137246 -0.02054075 0.03030582 -0.09717022 0.07178466 0.01329726 0.14645177 0.17959871 0.27736013 0.05339105 0.26494189 0.36224159 0.28699356 1.00000000 0.19529773 0.42616712 0.22407557 0.13251927 0.11504041 -0.08233300 -0.09345727 -0.09291377 -0.16941237 -0.00755046 -0.23545413 -0.05677667 -0.00757660 -0.03127855 -0.12171131 -0.03595680 -0.09215837 -0.15717009 -0.02948594 -0.12789980 0.04276778 -0.01637839 -0.05983983 0.05621445 -0.12849657 -0.02062622 0.01954031 0.00119787 0.00133454 0.10449897 -0.02378563 0.12413863 0.09622930 0.06086458 0.09460241 0.16102449 0.04581883 0.07232607 -0.00685606 0.20151280 -0.00789433 -0.00505064 -0.02307118 0.10622633 0.02021550 0.11883611 -0.04987648 0.18769085 0.02852894 0.01265070 0.03565804 0.09214139 0.06616791 0.15191377 0.04565965 0.05560121 0.08056909
-0.14104774 0.02792847 -0.13759967 -0.20502869 0.00446887 -0.14958469 -0.15594932 -0.02688079 -0.07131937 -0.12346126 -0.11555871 -0.01735952 -0.05846681 0.14361037 -0.12572348 0.11738312 0.22808576 0.15096311 0.00110231 0.22221219 0.19529773 1.00000000 0.16517141 0.19888149 0.08282188 0.15957868 0.01477313 -0.05485752 -0.00814070 0.05795338 0.05381612 0.08518196 -0.06931591 -0.12518794 -0.01565758 0.04372535 0.11226200 -0.00167932 0.10621136 0.07396198 0.02228168 -0.00905238 0.06468621 -0.07665471 0.04220777 0.05220420 0.06973774 0.15424933 0.09799965 -0.08319741 0.05772896 0.11794043 -0.02504092 -0.00681944 -0.11065708 0.04936573 0.00887824 -0.04476755 0.01911372 0.04572837 -0.13257982 0.02444774 0.14660974 -0.09443459 0.11847518 0.10307227 -0.04519435 -0.03212722 -0.05714725 -0.05615442 -0.02762770 -0.00085722 -0.03471944 0.03126401 -0.03318880 -0.01739278 -0.06111430 0.00651473
0.01476065 0.00827402 -0.00366022 -0.17275781 0.16822132 0.00589882 -0.05723714 0.04485401 0.03893488 0.04555850 -0.12903947 0.16953914 0.03661063 0.14303908 0.03664621 0.11043758 0.15760849 0.23322586 0.16122381 0.43535841 0.42616712 0.16517141 1.00000000 0.34682946 0.00377413 0.20715042 -0.31559798 -0.28629082 -0.31323146 -0.07591713 -0.12425635 -0.06724177 -0.01050449 -0.09155011 -0.15664303 -0.08074192 0.03178196 -0.13262852 -0.02604495 0.05780697 0.04291041 0.21396128 0.08837015 -0.06392160 0.31899296 0.00995316 0.16859969 0.12454626 0.13460303 -0.09826373 0.28044733 0.16495015 -0.03284712 -0.05523171 0.09011608 0.02557775 0.15742648 0.09010932 0.07740785 -0.02325986 0.03400913 0.24020536 0.03715812 0.06420636 0.14651081 0.07883622 -0.00424654 -0.08268536 0.07452244 -0.01900415 0.09421726 0.21619699 -0.12732440 0.13734010 0.13118441 0.21699050 0.11608806 -0.00768577
-0.07705809 0.03245391 0.08139739 -0.05091472 0.04747644 -0.02726218 -0.02766508 0.05655675 -0.12851341 -0.04928310 -0.13561737 0.00178753 0.03403048 0.12117180 0.06695383 -0.01808602 0.12584371 -0.06786894 0.11636479 0.25142608 0.22407557 0.19888149 0.34682946 1.00000000 0.03897855 0.15281390 -0.22114493 -0.26628916 -0.10526492 -0.00689695 -0.14717474 0.07676945 -0.03730237 0.01892089 -0.17779224 -0.01292741 0.18615328 -0.01610168 0.07069118 0.05573303 0.17574462 0.24834545 0.14576019 0.06627852 0.27431441 0.11365621 0.35560698 0.06589445 0.29771519 -0.04988383 0.19711034 0.14155271 -0.19800441 -0.09212950 -0.10559546 -0.12731285 0.04549002 0.08926203 0.18168622 -0.02194780 -0.12146416 0.15421780 0.02149988 -0.08598968 0.11415714 0.19249637 0.14559635 -0.05034075 0.07849387 -0.06634806 0.15445329 0.14190347 -0.03392420 0.18227340 0.09240182 0.15723521 0.14152553 0.13571646
-0.00401981 -0.06299279 -0.02567619 0.05584228 -0.00012025 0.07562708 0.03637880 -0.05944889 -0.06498804 -0.05006086 0.07358733 -0.09755462 0.06356379 0.24170059 0.26714937 0.28584182 0.03836865 0.16814997 0.30144237 0.20501331 0.13251927 0.08282188 0.00377413 0.03897855 1.00000000 0.23135629 0.00762508 0.08374294 0.08324681 -0.03614736 0.07751598 -0.00984029 0.16809849 0.06031431 -0.03040802 -0.02089987 -0.11665590 -0.02263574 0.02188652 0.04865998 -0.22295166 -0.18957230 -0.17309286 -0.09292162 -0.17822129 -0.23005095 -0.05842944 0.02158688 -0.11976972 -0.08703718 -0.18441838 -0.05711126 0.12169253 0.07692031 0.01487738 0.11923263 0.15599159 -0.05681355 0.03161426 0.02414122 0.03712541 -0.10455640 -0.18985878 0.07013995 -0.05376431 -0.05757736 0.10480638 0.04472048 0.05745246 0.14584539 -0.07968780 -0.09372358 0.16153081 -0.13035994 -0.01160315 0.00668500 0.03998808 -0.02916814
-0.06445711 -0.06597410 0.04292621 -0.08862247 0.05711498 0.04147396 0.03145325 -0.15751430 -0.07095151 -0.00857047 0.13513369 -0.12223091 -0.00980149 0.18526673 0.24198932 0.16310902 0.20785569 0.24260445 0.14100422 0.22504162 0.11504041 0.15957868 0.20715042 0.15281390 0.23135629 1.00000000 0.04681417 0.02338573 0.12875269 -0.07838832 0.09557354 -0.02393486 0.10903879 0.08111831 0.02439294 0.01076163 0.01211766 0.02047923 -0.03850210 0.12071785 -0.13016912 0.01506892 -0.19096401 -0.05427639 0.01534261 -0.16409423 0.10467687 -0.01638625 0.09351549 -0.13056925 -0.00273866 0.09035524 0.03713205 -0.03157614 -0.05425123 0.11983586 0.08418570 -0.08709249 -0.01158913 0.02029207 -0.03689436 -0.00670615 -0.14832102 -0.03167706 0.05513802 0.03739703 -0.01187934 0.02340572 0.11418656 0.01228797 0.03601225 0.03942540 -0.00321402 -0.11332189 0.02508782 0.02991788 -0.01840042 -0.00961459
-0.02288788 0.03057108 -0.07317741 -0.03907696 -0.15575605 -0.02299139 -0.10922312 -0.08728933 -0.03709109 0.00197470 0.05677941 -0.06758776 -0.16206626 -0.09788598 -0.00671859 -0.07192418 -0.11017445 -0.07516166 -0.17268252 -0.14264937 -0.08233300 0.01477313 -0.31559798 -0.22114493 0.00762508 0.04681417 1.00000000 0.23994535 0.39359170 0.22610621 0.18633505 0.14142569 0.10352634 0.19439352 0.42804611 0.12861661 0.15919446 0.31586805 0.14324274 -0.03918482 -0.01144178 -0.10615446 -0.04259827 0.02353637 -0.17697250 -0.09429703 -0.04534121 0.04391684 -0.13986573 0.05785462 -0.21545046 -0.07802543 0.00259516 0.06988141 -0.09380483 0.00738610 0.01059379 -0.08458376 -0.12436930 -0.07451089 -0.08143336 -0.26477778 -0.11706208 0.04906293 -0.01191785 -0.03752764 -0.09343797 0.01100708 -0.12923385 -0.01201714 -0.10078362 -0.14921681 0.02133339 -0.07484338 -0.06544926 -0.19392102 -0.08407605 -0.13326707
0.11968575 -0.01351465 -0.07478839 0.05927014 -0.07324798 -0.05977200 -0.03433877 -0.07547763 -0.07945420 0.03092557 0.12961045 -0.07921173 0.01090895 -0.01639870 0.01945090 0.08826404 -0.12995255 0.00516423 -0.05304942 -0.16615732 -0.09345727 -0.05485752 -0.28629082 -0.26628916 0.08374294 0.02338573 0.23994535 1.00000000 0.31245382 0.16967073 0.28285466 0.11067499 0.23226825 0.31333186 0.32633991 0.28776364 0.16234860 0.25860530 0.14760972 -0.08967621 -0.15462160 -0.12399281 -0.14929624 -0.07271527 -0.19293897 -0.15395167 -0.18805081 -0.06314847 -0.16794240 0.00650763 -0.15836605 -0.11981781 0.16072981 0.07716677 -0.05308255 -0.00861206 -0.05575425 -0.02616849 -0.20611118 0.01148456 -0.00401398 -0.10226584 -0.15647739 -0.02482874 -0.15361027 0.00826876 -0.11209452 0.15021510 0.01920167 0.12610782 -0.07304401 -0.15806235 0.15863677 -0.08248537 -0.13195563 -0.08421515 -0.07360184 -0.09850979
0.07379333 0.04322714 0.00622082 0.07331356 -0.16168834 0.02573333 0.05270181 0.02959091 -0.11653065 0.00130818 0.06565331 -0.12945952 -0.06198070 -0.07579473 0.05959583 -0.01307697 -0.08814833 -0.03924058 -0.05171172 -0.03854220 -0.09291377 -0.00814070 -0.31323146 -0.10526492 0.08324681 0.12875269 0.39359170 0.31245382 1.00000000 0.13690073 0.31099703 0.18413067 0.09874986 0.35149585 0.28893634 0.31976260 0.17793000 0.24962288 0.17335489 -0.10376085 -0.00198413 -0.09095356 -0.08803979 0.02756808 -0.22332442 -0.10709483 -0.04323800 -0.11192482 -0.17184885 0.02546749 -0.26739040 -0.17343211 -0.03092242 -0.00228644 -0.10574908 -0.03216637 -0.09716569 -0.11551047 -0.12700466 -0.01428216 -0.05331207 -0.19777562 -0.18402396 -0.16882105 -0.21254209 0.00340625 -0.08418195 0.02766628 0.04579207 0.06251920 -0.10434815 -0.19077855 0.04013545 -0.08874749 -0.18927027 -0.13541218 -0.08605833 -0.10274912
0.00950496 0.04950308 -0.09072220 -0.01189422 -0.06968923 -0.11072418 -0.09720429 -0.02798968 -0.02764914 0.07453720 -0.06941065 -0.01435629 0.01592560 -0.13696112 -0.14308472 -0.15468687 0.01120717 -0.11542474 -0.10686380 -0.10196869 -0.16941237 0.05795338 -0.07591713 -0.00689695 -0.03614736 -0.07838832 0.22610621 0.16967073 0.13690073 1.00000000 0.09124741 0.16364747 0.20928541 0.14288676 0.08984920 0.34489544 0.27439373 0.32243654 0.36242989 0.15621627 0.28020298 -0.00119861 0.18201778 0.00570999 0.11666484 0.06984624 0.15679711 0.19380413 0.05365389 -0.03276086 -0.06552244 0.10117819 -0.06200768 -0.02392719 -0.16932442 0.01733216 -0.02910882 0.08589469 -0.05187096 0.01590449 -0.08796100 -0.09041497 -0.02259883 0.00002902 -0.04508208 0.02175351 -0.05510617 -0.02618902 -0.07658595 0.03910568 0.03246476 0.02478333 0.02050161 0.10984343 -0.03835681 -0.08285822 0.02381959 -0.06506901
-0.04249044 0.02502797 -0.06300476 -0.02952035 -0.02555364 -0.00440212 -0.01306323 -0.05849836 0.00784576 -0.10417908 0.01334433 -0.02510116 -0.06001720 -0.00643397 0.07347682 0.18093810 -0.09016470 0.12821897 0.01061691 -0.05058571 -0.00755046 0.05381612 -0.12425635 -0.14717474 0.07751598 0.09557354 0.18633505 0.28285466 0.31099703 0.09124741 1.00000000 -0.03098312 0.19706276 0.10313993 0.27995229 0.19540584 0.10758803 0.15836408 0.04509850 -0.03438461 -0.16058723 -0.07235349 -0.17841126 -0.04719853 -0.08580260 -0.08293494 -0.18510227 0.00075930 -0.14156602 -0.07973699 -0.06642789 -0.06737479 0.11799165 0.06595576 0.03356132 0.09274292 -0.05330685 -0.09435817 -0.13154287 0.08687319 0.00677602 -0.11952780 0.02944661 -0.06255238 -0.01338904 -0.05586939 -0.19204098 0.00067710 -0.03380537 0.09908213 -0.06552714 -0.13785074 -0.01337430 -0.21404913 -0.07737867 -0.06775167 -0.12482016 -0.08961742
-0.08836476 -0.03045748 0.00356676 0.01886653 -0.04654354 0.03119851 -0.09232974 -0.04880622 -0.13009613 -0.02042704 -0.01797955 0.05669311 -0.03603634 -0.06130011 -0.05849607 -0.20171466 0.06813894 -0.13923517 -0.07607926 -0.04770152 -0.23545413 0.08518196 -0.06724177 0.07676945 -0.00984029 -0.02393486 0.14142569 0.11067499 0.18413067 0.16364747 -0.03098312 1.00000000 0.15158149 0.23806829 0.07566098 0.21739515 0.34788826 0.22412481 0.34567347 0.12909761 0.19353121 0.10840836 0.14591530 0.04278052 0.07228234 0.14306197 0.17339883 0.09848098 0.12464512 -0.02105851 -0.01459575 0.00650867 -0.17210353 -0.13450162 -0.13646655 -0.04932368 -0.11911847 0.05877987 0.01926507 0.01438415 -0.09234644 -0.06798857 -0.02991904 -0.06816008 -0.01483528 0.09085907 0.04344224 0.04065246 0.07660921 0.08702818 0.07277671 0.07840904 0.08454225 0.14770076 -0.08979843 0.06508405 0.10332448 -0.02509328
0.05583402 -0.15432217 0.00733521 -0.03162414 -0.00805717 0.01728107 -0.02089507 -0.11686546 -0.08975376 0.04245891 0.03694152 0.02692876 -0.01208304 -0.00069250 0.03616770 0.03421081 0.03686947 0.00517608 -0.01587046 -0.03505774 -0.05677667 -0.06931591 -0.01050449 -0.03730237 0.16809849 0.10903879 0.10352634 0.23226825 0.09874986 0.20928541 0.19706276 0.15158149 1.00000000 0.25929103 0.19556067 0.13023707 0.06054498 0.16416931 0.21388734 -0.00705382 -0.07329953 -0.06926053 -0.05019364 -0.22255706 -0.08792759 -0.16902931 0.07048452 -0.04960392 -0.06652316 -0.09663734 -0.08511095 -0.02247746 0.11427557 -0.07144731 -0.01264151 0.02203661 0.04980150 0.01248842 0.03092094 0.06132160 0.09485859 -0.06485799 -0.16996333 0.12868328 -0.04338417 0.06097423 -0.04521833 0.00291349 0.03883164 0.13946715 0.09101842 0.03592992 -0.00015727 0.03164360 0.02335512 -0.03106368 0.09490673 0.01008078
0.04631632 -0.21005647 -0.02235105 0.03083204 -0.09099529 -0.00099210 0.04196833 -0.04438798 -0.13998076 -0.01400518 0.05719478 -0.05190234 -0.06748814 -0.07758064 0.07014492 0.02962442 0.03579726 0.03208380 -0.05995658 -0.04812234 -0.00757660 -0.12518794 -0.09155011 0.01892089 0.06031431 0.08111831 0.19439352 0.31333186 0.35149585 0.14288676 0.10313993 0.23806829 0.25929103 1.00000000 0.18034834 0.19508262 0.21876616 0.31163246 0.23753341 -0.03604019 -0.01746398 0.02852471 -0.02974446 -0.00162557 -0.13300768 -0.11210544 0.08042912 -0.17851272 -0.06011255 -0.15180600 -0.12154636 -0.18241221 -0.04191498 -0.12599113 -0.09591448 -0.00607389 -0.04164294 0.06208277 -0.10210425 0.01580984 0.07637576 -0.01308600 -0.16068443 -0.00798111 -0.11562780 0.05207062 -0.07991976 0.10139558 0.06599680 0.05438958 -0.02111549 -0.04369571 0.06338975 0.04539867 -0.01414558 -0.03003059 0.05905540 0.02572385
0.07981322 -0.01236336 -0.08184838 -0.08809654 -0.16249938 -0.00955253 -0.14412841 -0.10071087 -0.00570949 -0.05784919 -0.00051518 -0.04742863 -0.21074754 -0.08427413 -0.01038456 0.11017363 -0.05039456 0.02077268 -0.06702267 -0.09671350 -0.03127855 -0.01565758 -0.15664303 -0.17779224 -0.03040802 0.02439294 0.42804611 0.32633991 0.28893634 0.08984920 0.27995229 0.07566098 0.19556067 0.18034834 1.00000000 0.16118044 0.22002940 0.30688308 0.16061830 -0.14892312 -0.02255587 -0.01127444 -0.03773081 0.02972990 -0.16748557 0.05398916 -0.06885913 -0.05295490 -0.16060839 -0.05236958 -0.01831953 -0.08945608 0.04467505 0.05552675 0.00434339 0.04189262 -0.04110920 0.03439835 -0.05095599 -0.05704019 0.05241790 -0.13277383 -0.05359916 0.04880002 -0.01554696 0.08085131 -0.11078410 0.09928966 0.02476107 0.01739746 -0.04580836 -0.12867180 -0.01175747 -0.01587139 -0.08291015 -0.11798538 -0.16294180 -0.09493476
-0.02323702 0.14396972 -0.09509444 0.04993279 -0.01948879 -0.06106059 -0.01081017 0.15490069 -0.12640482 0.01290431 -0.08279305 0.00443025 -0.06725025 -0.02242513 0.04242732 -0.03195751 -0.03127044 0.00236508 -0.04626286 0.07000661 -0.12171131 0.04372535 -0.08074192 -0.01292741 -0.02089987 0.01076163 0.12861661 0.28776364 0.31976260 0.34489544 0.19540584 0.21739515 0.13023707 0.19508262 0.16118044 1.00000000 0.21685767 0.34384574 0.28484664 -0.01026185 0.11785949 -0.02243358 0.10572202 0.00597387 0.06298154 0.02730244 0.03122969 -0.00145945 0.04677916 -0.00855306 -0.05653067 0.00482832 0.10983074 -0.08623393 -0.05234061 -0.02920398 -0.03516558 -0.07899078 -0.06310527 -0.06405565 -0.03252012 -0.01880107 -0.07359063 -0.02106392 -0.10419954 0.04176438 -0.08245004 -0.01796550 -0.06957664 0.05708839 0.00383635 -0.01276051 0.02171147 0.07060695 -0.08432226 0.05264758 0.01976352 -0.09864646
-0.02009521 0.01272367 -0.02017592 -0.04760563 -0.06723840 -0.07959750 -0.11305929 0.08519406 -0.11400736 -0.05982249 -0.00096314 -0.07455786 0.01004844 -0.08574062 -0.01440474 -0.11400642 0.03412344 0.03536467 -0.03698940 0.02627436 -0.03595680 0.11226200 0.03178196 0.18615328 -0.11665590 0.01211766 0.15919446 0.16234860 0.17793000 0.27439373 0.10758803 0.34788826 0.06054498 0.21876616 0.22002940 0.21685767 1.00000000 0.25396732 0.28863542 0.00387605 0.28249471 0.15263594 0.14920258 0.21023575 0.09318839 0.20325886 0.17860408 0.08754796 0.13589110 -0.11884668 -0.00971858 -0.00288153 -0.18196871 0.00577808 -0.13343111 -0.03891239 -0.15578840 0.09774924 0.05353912 -0.01168481 -0.15905929 -0.13347784 0.10691849 0.02988518 0.02415271 0.10831452 0.03935709 0.13250574 -0.04768597 -0.00877320 0.04802560 -0.05174760 -0.01578038 0.07380719 0.01721958 0.14037878 -0.05866587 -0.05060360
-0.04347492 0.05975122 -0.12808156 -0.04399683 -0.13654007 -0.07749940 -0.05783453 0.00012889 -0.05556654 -0.00573754 -0.00100909 0.03493779 -0.10631030 -0.05744354 -0.03730804 -0.03544909 0.02651542 -0.08792921 -0.08399802 -0.09786546 -0.09215837 -0.00167932 -0.13262852 -0.01610168 -0.02263574 0.02047923 0.31586805 0.25860530 0.24962288 0.32243654 0.15836408 0.22412481 0.16416931 0.31163246 0.30688308 0.34384574 0.25396732 1.00000000 0.27685105 0.04619040 0.21432762 0.02285510 0.12538062 -0.04356331 0.06665910 0.07162386 0.06868200 0.02213174 0.07186197 0.07072024 -0.02683527 -0.02871805 -0.00203770 0.00792477 -0.00278897 -0.03587377 -0.04279902 -0.03149879 0.00876232 -0.08473476 0.01083745 -0.10847206 -0.04003969 -0.09428039 -0.02408482 -0.02184185 -0.11274794 -0.08059417 -0.04413785 -0.03154414 -0.02680283 -0.11665909 0.00193334 0.02628823 -0.10712317 -0.16798679 -0.03660039 -0.12028815
0.00059222 0.00676438 -0.08824881 -0.02195888 -0.06188553 -0.07217581 -0.04756036 -0.00313766 -0.01011632 0.02755142 -0.07371261 -0.03421472 -0.05361462 -0.14033003 -0.12302741 -0.17305920 -0.01755467 -0.19150618 -0.13899179 -0.06354370 -0.15717009 0.10621136 -0.02604495 0.07069118 0.02188652 -0.03850210 0.14324274 0.14760972 0.17335489 0.36242989 0.04509850 0.34567347 0.21388734 0.23753341 0.16061830 0.28484664 0.28863542 0.27685105 1.00000000 0.04821299 0.19383360 0.13692528 0.15327991 0.02258683 0.17690211 0.10283201 0.22664435 -0.01700571 -0.00520343 -0.09314283 0.01773205 0.11988475 -0.09788679 -0.01824538 -0.24343043 -0.08224138 -0.05817008 0.04507620 -0.04499607 -0.00352710 -0.07966820 -0.03442794 -0.03793509 0.02369622 0.00425501 0.07685766 -0.15377267 -0.05719517 -0.03574060 -0.02367571 0.03874723 -0.11595528 -0.02410725 0.01125734 -0.13399804 -0.05267570 -0.03404508 -0.01004758
-0.00091431 -0.06243132 0.00987313 0.12228006 0.04543917 -0.01653808 -0.07696147 -0.07968095 0.01033403 -0.05258855 0.00951504 -0.01104318 0.06489654 0.01734122 0.09319754 -0.02173952 0.05487854 -0.01915670 -0.03757571 0.08330945 -0.02948594 0.07396198 0.05780697 0.05573303 0.04865998 0.12071785 -0.03918482 -0.08967621 -0.10376085 0.15621627 -0.03438461 0.12909761 -0.00705382 -0.03604019 -0.14892312 -0.01026185 0.00387605 0.04619040 0.04821299 1.00000000 0.27516250 0.06268847 0.14721608 0.14871813 0.13668090 0.03884814 0.21931896 0.19446135 0.23956036 0.09930952 0.12158187 0.22866716 -0.02327407 0.01760666 -0.07771078 0.13641322 0.09369136 -0.09239810 0.04280971 0.00669113 -0.04537700 0.03907906 0.07123972 -0.10048181 0.10466329 -0.11000503 -0.00097245 -0.15482949 0.07943070 0.06053158 0.03590412 0.08758225 -0.00838176 -0.06288311 -0.03839229 0.05897602 -0.01448922 -0.11394161
-0.10764416 0.06005298 -0.02497671 0.02734557 0.00551907 -0.04498220 -0.07082038 0.05556288 -0.09583539 -0.07805686 -0.10597565 -0.00718813 -0.03898930 -0.15227597 -0.07670788 -0.26106652 -0.02958459 -0.19387089 -0.13900625 -0.08995700 -0.12789980 0.02228168 0.04291041 0.17574462 -0.22295166 -0.13016912 -0.01144178 -0.15462160 -0.00198413 0.28020298 -0.16058723 0.19353121 -0.07329953 -0.01746398 -0.02255587 0.11785949 0.28249471 0.21432762 0.19383360 0.27516250 1.00000000 0.28975026 0.53169651 0.26381206 0.40185189 0.43362266 0.49519035 0.33494960 0.34090716 0.17522845 0.20816003 0.18983822 -0.29577828 -0.07552866 -0.10735397 -0.08664574 -0.12997531 0.09070918 0.14133291 -0.06143395 -0.21978386 0.01899932 0.13076233 -0.07168313 0.06070691 0.14923185 0.04535736 -0.06868283 0.04732320 -0.03095800 0.06343424 0.08138942 -0.06462432 0.19287468 -0.05612264 0.09910864 0.05676402 -0.04276482
-0.02020435 0.02519257 0.03425702 -0.05365113 0.03920766 0.00232545 0.03789622 0.08448693 0.03750045 0.07458826 -0.07370784 -0.03684379 0.03350862 -0.05034220 -0.10931634 -0.09447365 -0.05755494 -0.12437198 -0.08808440 0.05884354 0.04276778 -0.00905238 0.21396128 0.24834545 -0.18957230 0.01506892 -0.10615446 -0.12399281 -0.09095356 -0.00119861 -0.07235349 0.10840836 -0.06926053 0.02852471 -0.01127444 -0.02243358 0.15263594 0.02285510 0.13692528 0.06268847 0.28975026 1.00000000 0.25463414 0.35697251 0.39618570 0.33306147 0.37756323 0.07536194 0.22090647 0.04008413 0.38041630 0.22208140 -0.25705017 -0.01618425 -0.02445259 -0.06174597 -0.07200383 0.09248553 0.05337338 -0.02328138 -0.15293435 0.16341686 0.01225966 -0.07060483 0.17577396 0.14393639 0.03660141 0.09545732 0.07865041 -0.03181727 0.14010266 0.08105081 -0.10687715 0.07595535 0.09848359 0.11051524 0.06387881 0.01035193
-0.05483245 0.04364937 0.04485995 -0.09903625 -0.03295759 -0.01121968 -0.17032040 0.04135316 -0.10209547 -0.03968912 -0.31075471 0.03353581 -0.04823704 -0.21163908 -0.24537073 -0.27045806 -0.13953888 -0.17506643 -0.18603711 -0.02386248 -0.01637839 0.06468621 0.08837015 0.14576019 -0.17309286 -0.19096401 -0.04259827 -0.14929624 -0.08803979 0.18201778 -0.17841126 0.14591530 -0.05019364 -0.02974446 -0.03773081 0.10572202 0.14920258 0.12538062 0.15327991 0.14721608 0.53169651 0.25463414 1.00000000 0.17356151 0.37459451 0.33622019 0.43585875 0.26599161 0.24354716 0.28941254 0.14549575 0.09156234 -0.22341801 -0.06998283 -0.16891955 -0.07693247 -0.03170247 0.02816090 0.11899186 -0.00231161 -0.20134695 0.03142692 0.06422639 -0.02082055 -0.00417554 0.11149964 0.14729148 -0.06351741 0.11976112 -0.03778927 -0.00189523 0.04022131 0.06160962 0.17559278 -0.00593390 0.05647290 0.13542282 -0.00304976
-0.02635694 -0.02786621 0.00086829 -0.02668007 -0.08735682 -0.04356373 -0.04833500 -0.02445139 0.05747646 -0.12777469 -0.10154307 -0.12277985 -0.00831237 -0.07541950 0.05914723 -0.10255247 -0.09997325 -0.03502136 -0.05786843 -0.01135770 -0.05983983 -0.07665471 -0.06392160 0.06627852 -0.09292162 -0.05427639 0.02353637 -0.07271527 0.02756808 0.00570999 -0.04719853 0.04278052 -0.22255706 -0.00162557 0.02972990 0.00597387 0.21023575 -0.04356331 0.02258683 0.14871813 0.26381206 0.35697251 0.17356151 1.00000000 0.15311393 0.34566508 0.18425705 0.22996817 0.26365216 0.12913407 0.08852084 0.17195186 -0.20519813 0.11808895 -0.05322102 0.04655093 -0.01110274 0.03819847 0.10858612 0.01101444 -0.11644245 -0.00052098 0.11385155 0.03219506 0.11577066 0.11024422 0.05912836 0.22023909 0.05269397 -0.02836875 0.03045961 0.00966072 0.02289741 0.02781647 0.02449466 0.08907643 0.00813699 -0.09620066
-0.09609511 0.08313828 -0.01110190 -0.05004967 0.06427685 -0.05860184 -0.05116717 0.12171896 -0.03611321 0.04360627 -0.13522253 0.08780504 0.02797765 -0.02402032 -0.08606444 -0.17883096 -0.09762227 -0.13662235 -0.06028844 0.03512734 0.05621445 0.04220777 0.31899296 0.27431441 -0.17822129 0.01534261 -0.17697250 -0.19293897 -0.22332442 0.11666484 -0.08580260 0.07228234 -0.08792759 -0.13300768 -0.16748557 0.06298154 0.09318839 0.06665910 0.17690211 0.13668090 0.40185189 0.39618570 0.37459451 0.15311393 1.00000000 0.36453774 0.47253778 0.19669476 0.31287484 0.05514465 0.38309978 0.23358122 -0.17900062 -0.13909222 -0.07423569 -0.07622515 0.10434038 0.05667240 0.04090587 -0.00625278 -0.16016005 0.17412353 0.04785697 -0.04679681 0.10537792 0.13779691 0.07452930 -0.08741589 0.04777551 0.00010908 0.13050625 0.25782587 -0.16235321 0.18505530 0.08702959 0.12844398 0.06241983 0.01356345
-0.07280152 0.08042105 -0.01272655 -0.06231803 -0.07049140 -0.08563245 -0.17196269 0.11709362 0.00779022 -0.10784434 -0.12820382 0.04450289 -0.00742827 -0.18100372 -0.13403917 -0.17599742 0.00247724 -0.18464451 -0.07912145 -0.04437958 -0.12849657 0.05220420 0.00995316 0.11365621 -0.23005095 -0.16409423 -0.09429703 -0.15395167 -0.10709483 0.06984624 -0.08293494 0.14306197 -0.16902931 -0.11210544 0.05398916 0.02730244 0.20325886 0.07162386 0.10283201 0.03884814 0.43362266 0.33306147 0.33622019 0.34566508 0.36453774 1.00000000 0.35617511 0.26506181 0.24781018 0.17073954 0.29160983 0.23723703 -0.22611105 -0.05648227 -0.06028980 -0.15024415 -0.10807978 0.04817169 0.13605682 -0.02951988 -0.14038785 0.04727047 0.15586182 -0.03179396 0.12797772 0.18198842 0.09117994 0.02491944 0.03958496 0.06208129 0.07668639 0.13412007 -0.04945069 0.14920480 0.03946040 0.09828840 -0.01046284 -0.00173413
-0.04532081 0.01964925 0.03198547 -0.13246189 -0.01731842 0.02111331 -0.12602377 0.01470017 -0.12742783 0.01988767 -0.16720033 -0.09708422 0.03091009 -0.09162109 -0.06099414 -0.25412946 -0.05427735 -0.16287703 -0.08221868 0.02758250 -0.02062622 0.06973774 0.16859969 0.35560698 -0.05842944 0.10467687 -0.04534121 -0.18805081 -0.04323800 0.15679711 -0.18510227 0.17339883 0.07048452 0.08042912 -0.06885913 0.03122969 0.17860408 0.06868200 0.22664435 0.21931896 0.49519035 0.37756323 0.43585875 0.18425705 0.47253778 0.35617511 1.00000000 0.16829500 0.30220072 -0.01824328 0.19759547 0.28831891 -0.29773675 -0.16225366 -0.16858040 -0.18921598 -0.02523259 0.02192698 0.10795218 0.00309385 -0.18877103 0.05634069 0.06427743 -0.04890380 -0.01165325 0.14829454 0.08300601 -0.06702864 0.07909285 -0.01652304 0.10778571 0.09645490 -0.11445815 0.17384061 0.00013835 0.11945000 0.10673511 -0.00864078
-0.10922813 0.08076585 0.01282632 -0.04086474 0.06732547 0.00571827 -0.12039864 -0.03732621 0.00887422 -0.09619993 -0.06041662 0.03234876 -0.06111013 0.00578652 -0.00290130 -0.01650991 -0.00806999 0.01306794 -0.04059352 0.09901774 0.01954031 0.15424933 0.12454626 0.06589445 0.02158688 -0.01638625 0.04391684 -0.06314847 -0.11192482 0.19380413 0.00075930 0.09848098 -0.04960392 -0.17851272 -0.05295490 -0.00145945 0.08754796 0.02213174 -0.01700571 0.19446135 0.33494960 0.07536194 0.26599161 0.22996817 0.19669476 0.26506181 0.16829500 1.00000000 0.13496400 0.17572753 0.11162512 0.28807877 -0.12293569 -0.01625677 -0.09932914 -0.06708954 -0.03431667 0.01402363 0.05354106 -0.14048966 -0.22296283 -0.06695124 -0.01579114 -0.03008133 0.07521948 0.02883998 0.10647901 0.06554741 -0.02276472 0.02723037 -0.00309541 0.11833055 0.00583519 0.08372512 0.01554856 0.05165065 0.02453125 -0.05359450
-0.08265674 -0.01801391 -0.04975643 -0.05549281 0.06584413 -0.10401310 -0.10178579 0.09114474 0.03428830 -0.15735823 -0.10693646 -0.00895780 0.01652415 0.02708510 0.00208199 -0.10223012 0.09098754 -0.01185417 0.01400666 0.04011880 0.00119787 0.09799965 0.13460303 0.29771519 -0.11976972 0.09351549 -0.13986573 -0.16794240 -0.17184885 0.05365389 -0.14156602 0.12464512 -0.06652316 -0.06011255 -0.16060839 0.04677916 0.13589110 0.07186197 -0.00520343 0.23956036 0.34090716 0.22090647 0.24354716 0.26365216 0.31287484 0.24781018 0.30220072 0.13496400 1.00000000 -0.00623846 0.32426106 0.11716134 -0.16633349 -0.05093584 0.01349162 0.10009240 0.02692600 -0.01788652 0.22202883 0.03233410 -0.11839812 0.16724992 0.06171873 -0.12016214 0.24978260 0.05625319 0.09602202 -0.10316863 0.04550521 -0.00879195 0.13142616 0.14388202 -0.04219032 0.13947547 0.07229435 0.10017713 0.10093952 0.05233711
0.02311431 0.00383127 0.08233061 0.02112167 -0.10919290 -0.13733819 0.00113144 -0.06146044 -0.12049104 -0.08365056 -0.06903816 -0.11054541 -0.03759952 0.00177271 -0.12236501 -0.07360771 -0.00780779 -0.11566664 0.00077069 -0.02036178 0.00133454 -0.08319741 -0.09826373 -0.04988383 -0.08703718 -0.13056925 0.05785462 0.00650763 0.02546749 -0.03276086 -0.07973699 -0.02105851 -0.09663734 -0.15180600 -0.05236958 -0.00855306 -0.11884668 0.07072024 -0.09314283 0.09930952 0.17522845 0.04008413 0.28941254 0.12913407 0.05514465 0.17073954 -0.01824328 0.17572753 -0.00623846 1.00000000 0.05988541 0.20930165 0.04846555 0.02596970 -0.06331024 -0.07323568 -0.08636154 -0.18984275 0.01409892 -0.11211894 -0.06996199 -0.12198222 -0.10317932 -0.10069975 -0.05882811 -0.13255735 0.04243378 -0.05265297 0.07211706 0.08099171 -0.15623275 0.02449374 0.11303891 -0.19351863 -0.04320705 -0.15009421 0.09586601 0.01198422
-0.01516606 -0.01327680 -0.00241285 -0.01032954 0.06182100 -0.01701697 -0.01770855 0.11391070 0.05971038 -0.07125744 0.01840560 0.15951175 -0.07374802 -0.02619583 -0.04899546 0.03706636 0.10797574 0.00312395 -0.06167347 0.11586659 0.10449897 0.05772896 0.28044733 0.19711034 -0.18441838 -0.00273866 -0.21545046 -0.15836605 -0.26739040 -0.06552244 -0.06642789 -0.01459575 -0.08511095 -0.12154636 -0.01831953 -0.05653067 -0.00971858 -0.02683527 0.01773205 0.12158187 0.20816003 0.38041630 0.14549575 0.08852084 0.38309978 0.29160983 0.19759547 0.11162512 0.32426106 0.05988541 1.00000000 0.08637417 -0.05462052 -0.10007059 0.01344535 0.05036840 -0.01439133 -0.02393084 0.08442673 -0.04424119 0.00563908 0.21638600 0.14285377 -0.11558302 0.22684005 0.01719365 -0.03403521 -0.09120744 0.02118027 0.03108104 0.09035460 0.16578028 -0.12902889 0.05758404 0.12596774 -0.00663859 -0.08946739 -0.00682307
0.00379871 0.08772302 -0.06634299 -0.14525497 -0.01913697 -0.06798166 -0.21023808 0.01669720 0.01810363 0.02198041 -0.11823334 0.00402870 0.00357561 -0.00856558 -0.05436989 -0.11968429 0.08132562 -0.14698831 -0.01629746 0.11064471 -0.02378563 0.11794043 0.16495015 0.14155271 -0.05711126 0.09035524 -0.07802543 -0.11981781 -0.17343211 0.10117819 -0.06737479 0.00650867 -0.02247746 -0.18241221 -0.08945608 0.00482832 -0.00288153 -0.02871805 0.11988475 0.22866716 0.18983822 0.22208140 0.09156234 0.17195186 0.23358122 0.23723703 0.28831891 0.28807877 0.11716134 0.20930165 0.08637417 1.00000000 0.00306678 0.09334660 -0.09531551 -0.06502251 0.01595372 0.02138360 0.06468337 -0.02145661 0.00516747 0.02726759 0.08438733 0.05857129 0.15806448 -0.00391458 -0.07942101 -0.10103827 -0.00818838 0.05286112 0.00727617 0.15425045 -0.03765739 -0.04652124 0.02337729 0.13567505 0.06677718 -0.07216735
0.12013894 0.06000884 -0.01881097 0.08872790 0.02487008 -0.02967990 -0.03013031 0.10206831 0.14691433 -0.01053648 0.12701953 0.03272290 -0.01797376 0.15790266 0.18063766 0.31343125 0.18788118 0.17981317 0.24681662 0.07582095 0.12413863 -0.02504092 -0.03284712 -0.19800441 0.12169253 0.03713205 0.00259516 0.16072981 -0.03092242 -0.06200768 0.11799165 -0.17210353 0.11427557 -0.04191498 0.04467505 0.10983074 -0.18196871 -0.00203770 -0.09788679 -0.02327407 -0.29577828 -0.25705017 -0.22341801 -0.20519813 -0.17900062 -0.22611105 -0.29773675 -0.12293569 -0.16633349 0.04846555 -0.05462052 0.00306678 1.00000000 0.23132359 0.30643053 0.37271643 0.25900016 0.15771973 0.08600359 0.26415473 0.27128909 0.14808236 0.11445035 0.23904865 0.11821379 -0.16494868 -0.10117083 -0.09124183 -0.03628184 0.13666728 -0.13273442 0.06823532 0.00263663 -0.13512550 -0.00176273 -0.09986757 0.02992308 -0.17254390
0.14397899 0.05054258 -0.03360893 -0.09813059 0.00112925 -0.09132878 -0.06833422 -0.00901360 0.01750500 -0.07995075 0.02390969 -0.03266092 0.03337385 0.04241450 0.08310557 0.15486817 0.04303493 -0.06068409 0.11554731 0.03352286 0.09622930 -0.00681944 -0.05523171 -0.09212950 0.07692031 -0.03157614 0.06988141 0.07716677 -0.00228644 -0.02392719 0.06595576 -0.13450162 -0.07144731 -0.12599113 0.05552675 -0.08623393 0.00577808 0.00792477 -0.01824538 0.01760666 -0.07552866 -0.01618425 -0.06998283 0.11808895 -0.13909222 -0.05648227 -0.16225366 -0.01625677 -0.05093584 0.02596970 -0.10007059 0.09334660 0.23132359 1.00000000 0.26204031 0.31915956 0.26028597 0.18137773 0.09332552 0.19285814 0.19635767 0.07240953 0.15696382 0.24274589 0.30699461 -0.03311789 0.02861265 -0.01634898 -0.02330050 0.00917653 -0.02849792 -0.08809827 0.03683521 -0.10502878 0.05187911 -0.01924415 -0.04669996 -0.15017419
0.06592669 0.15586269 0.03417095 0.04781712 0.02656392 0.11745064 0.04779120 0.17637854 0.08242816 -0.01862708 0.10825168 0.06172952 0.10091779 0.07828970 0.11699011 0.23309624 0.08152152 0.09862060 0.09546645 0.03421751 0.06086458 -0.11065708 0.09011608 -0.10559546 0.01487738 -0.05425123 -0.09380483 -0.05308255 -0.10574908 -0.16932442 0.03356132 -0.13646655 -0.01264151 -0.09591448 0.00434339 -0.05234061 -0.13343111 -0.00278897 -0.24343043 -0.07771078 -0.10735397 -0.02445259 -0.16891955 -0.05322102 -0.07423569 -0.06028980 -0.16858040 -0.09932914 0.01349162 -0.06331024 0.01344535 -0.09531551 0.30643053 0.26204031 1.00000000 0.24961241 0.15417495 0.15028000 0.10954195 0.12936824 0.38139264 0.17691367 0.17054838 0.24217369 0.21558724 -0.04531771 0.01284734 -0.09343454 -0.07331794 0.00317546 -0.04225166 0.01975137 -0.07711610 0.00168725 -0.01128138 0.02958844 -0.04394688 -0.02864333
0.01183338 0.09009144 -0.03892313 0.03685335 0.07521325 -0.01036987 0.04703018 0.06942297 0.02293678 -0.00686711 0.10609229 0.01848177 -0.00061892 0.09293721 0.15754831 0.24877213 0.14216719 0.10451915 0.11683717 0.04579808 0.09460241 0.04936573 0.02557775 -0.12731285 0.11923263 0.11983586 0.00738610 -0.00861206 -0.03216637 0.01733216 0.09274292 -0.04932368 0.02203661 -0.00607389 0.04189262 -0.02920398 -0.03891239 -0.03587377 -0.08224138 0.13641322 -0.08664574 -0.06174597 -0.07693247 0.04655093 -0.07622515 -0.15024415 -0.18921598 -0.06708954 0.10009240 -0.07323568 0.05036840 -0.06502251 0.37271643 0.31915956 0.24961241 1.00000000 0.26607178 0.20676090 0.18855364 0.20704232 0.31163919 0.20388283 0.21030773 0.26361953 0.40091853 -0.05752681 -0.00519389 -0.00687283 0.03261586 0.03646564 -0.06893162 0.02680810 0.01340617 0.01319835 0.02175344 -0.02280474 -0.10446523 -0.11837993
0.04193690 0.12503132 -0.02328143 0.03077308 0.09827404 -0.02018349 0.00176550 0.03388404 0.05026572 0.06881098 0.03093324 0.06685722 0.09932240 0.09051093 0.18786597 0.13157075 -0.03563895 0.03447706 0.15667697 0.18653778 0.16102449 0.00887824 0.15742648 0.04549002 0.15599159 0.08418570 0.01059379 -0.05575425 -0.09716569 -0.02910882 -0.05330685 -0.11911847 0.04980150 -0.04164294 -0.04110920 -0.03516558 -0.15578840 -0.04279902 -0.05817008 0.09369136 -0.12997531 -0.07200383 -0.03170247 -0.01110274 0.10434038 -0.10807978 -0.02523259 -0.03431667 0.02692600 -0.08636154 -0.01439133 0.01595372 0.25900016 0.26028597 0.15417495 0.26607178 1.00000000 0.13239129 0.07878652 0.13434724 0.22692777 0.19849432 0.04299147 0.17174239 0.20793556 0.03192980 0.09839109 -0.09270375 -0.00833327 0.05092623 0.04272899 0.04447178 -0.05095315 0.08533998 0.14240362 0.01139626 0.09019619 -0.13557058
0.06494915 0.00752152 -0.03020430 -0.00812895 -0.00565774 -0.04562499 -0.08678872 0.05154437 0.00394621 0.13981111 -0.08794938 0.06593649 0.02082639 0.04827496 0.06713567 -0.13992253 0.02773740 -0.06956649 -0.01644131 0.01879599 0.04581883 -0.04476755 0.09010932 0.08926203 -0.05681355 -0.08709249 -0.08458376 -0.02616849 -0.11551047 0.08589469 -0.09435817 0.05877987 0.01248842 0.06208277 0.03439835 -0.07899078 0.09774924 -0.03149879 0.04507620 -0.09239810 0.09070918 0.09248553 0.02816090 0.03819847 0.05667240 0.04817169 0.02192698 0.01402363 -0.01788652 -0.18984275 -0.02393084 0.02138360 0.15771973 0.18137773 0.15028000 0.20676090 0.13239129 1.00000000 0.26767991 0.18974704 0.12215096 0.24180347 0.27305573 0.24650345 0.27923150 0.16944780 0.09482860 -0.01540695 0.05907185 -0.00408916 0.14976446 0.10299185 0.10812746 0.16483251 0.11749233 0.03644929 0.12451301 0.00772496
-0.09240227 0.04907972 0.07232478 0.05718115 -0.06936056 -0.04012598 -0.03740411 0.00107353 -0.02665583 -0.05689535 -0.07391383 -0.00205277 -0.08236738 0.03761589 -0.02496938 -0.05606701 0.10161498 -0.05184641 0.00557854 0.10976397 0.07232607 0.01911372 0.07740785 0.18168622 0.03161426 -0.01158913 -0.12436930 -0.20611118 -0.12700466 -0.05187096 -0.13154287 0.01926507 0.03092094 -0.10210425 -0.05095599 -0.06310527 0.05353912 0.00876232 -0.04499607 0.04280971 0.14133291 0.05337338 0.11899186 0.10858612 0.04090587 0.13605682 0.10795218 0.05354106 0.22202883 0.01409892 0.08442673 0.06468337 0.08600359 0.09332552 0.10954195 0.18855364 0.07878652 0.26767991 1.00000000 0.11220081 0.11802053 0.21736754 0.24416325 0.07204549 0.18298969 0.05622454 0.14368540 -0.13804020 0.08077834 -0.10770256 0.05583658 0.00036386 -0.04071799 0.08839712 0.09874592 0.08614675 0.22506479 0.03970720
-0.06876121 -0.02967942 -0.01945633 -0.05490640 0.09765544 -0.06584522 -0.05341209 0.02306703 0.07842360 -0.00885764 -0.11635766 0.01700507 -0.00932926 0.06891070 0.14508839 0.13767640 0.10095947 0.06773817 0.08355050 0.01671662 -0.00685606 0.04572837 -0.02325986 -0.02194780 0.02414122 0.02029207 -0.07451089 0.01148456 -0.01428216 0.01590449 0.08687319 0.01438415 0.06132160 0.01580984 -0.05704019 -0.06405565 -0.01168481 -0.08473476 -0.00352710 0.00669113 -0.06143395 -0.02328138 -0.00231161 0.01101444 -0.00625278 -0.02951988 0.00309385 -0.14048966 0.03233410 -0.11211894 -0.04424119 -0.02145661 0.26415473 0.19285814 0.12936824 0.20704232 0.13434724 0.18974704 0.11220081 1.00000000 0.14942311 0.19796035 0.21400054 0.11156049 0.10287498 0.07042747 0.04411270 0.02700429 0.02720332 0.02181914 0.08640488 -0.00763935 0.01504478 0.00350117 0.02575634 0.06862583 0.13513411 -0.08282908
0.08008383 0.02462243 0.07958785 0.11816564 -0.01168648 0.03253052 0.03976997 0.01260012 0.07704607 0.04156769 0.11469772 0.13733705 0.00030552 0.07097348 0.19125060 0.29012762 0.18890531 0.14911355 0.25954199 -0.01849202 0.20151280 -0.13257982 0.03400913 -0.12146416 0.03712541 -0.03689436 -0.08143336 -0.00401398 -0.05331207 -0.08796100 0.00677602 -0.09234644 0.09485859 0.07637576 0.05241790 -0.03252012 -0.15905929 0.01083745 -0.07966820 -0.04537700 -0.21978386 -0.15293435 -0.20134695 -0.11644245 -0.16016005 -0.14038785 -0.18877103 -0.22296283 -0.11839812 -0.06996199 0.00563908 0.00516747 0.27128909 0.19635767 0.38139264 0.31163919 0.22692777 0.12215096 0.11802053 0.14942311 1.00000000 0.24650861 0.11807591 0.24933447 0.13741204 0.02791398 -0.00711280 -0.03766928 0.08340301 0.12715762 0.09899118 0.05850221 0.02250620 0.01790856 0.08039983 -0.05267818 -0.05574295 -0.00696069
0.03540293 0.02226541 -0.01747035 0.00562217 -0.00722632 -0.01383720 0.04709527 0.16855058 0.09163510 0.00382576 -0.03947024 -0.02470815 0.03520756 -0.00955692 0.03303326 0.01753840 0.08000616 0.05740614 0.01265042 0.13147822 -0.00789433 0.02444774 0.24020536 0.15421780 -0.10455640 -0.00670615 -0.26477778 -0.10226584 -0.19777562 -0.09041497 -0.11952780 -0.06798857 -0.06485799 -0.01308600 -0.13277383 -0.01880107 -0.13347784 -0.10847206 -0.03442794 0.03907906 0.01899932 0.16341686 0.03142692 -0.00052098 0.17412353 0.04727047 0.05634069 -0.06695124 0.16724992 -0.12198222 0.21638600 0.02726759 0.14808236 0.07240953 0.17691367 0.20388283 0.19849432 0.24180347 0.21736754 0.19796035 0.24650861 1.00000000 0.20998108 0.11127703 0.23739440 0.07603769 0.00471858 -0.03470430 0.04249402 0.05837625 0.19097697 0.12338768 -0.01061656 0.15262621 0.08301822 0.10108837 0.03375442 -0.04928490
-0.12427958 0.08812524 -0.06931612 -0.07619892 -0.04765140 -0.04449496 -0.14034479 0.12734723 0.08379169 0.00711941 -0.11060321 0.04621513 -0.01424123 -0.02202901 -0.03197728 -0.00803525 -0.01371100 -0.06213931 -0.05683872 0.02782549 -0.00505064 0.14660974 0.03715812 0.02149988 -0.18985878 -0.14832102 -0.11706208 -0.15647739 -0.18402396 -0.02259883 0.02944661 -0.02991904 -0.16996333 -0.16068443 -0.05359916 -0.07359063 0.10691849 -0.04003969 -0.03793509 0.07123972 0.13076233 0.01225966 0.06422639 0.11385155 0.04785697 0.15586182 0.06427743 -0.01579114 0.06171873 -0.10317932 0.14285377 0.08438733 0.11445035 0.15696382 0.17054838 0.21030773 0.04299147 0.27305573 0.24416325 0.21400054 0.11807591 0.20998108 1.00000000 0.21805654 0.26425552 -0.07752270 -0.02332361 -0.16177506 -0.09438086 -0.09448059 -0.06669330 -0.06779992 -0.06759551 -0.01704898 0.03747704 -0.02096517 -0.08333320 -0.04155089
-0.01203848 -0.01412285 0.00457533 -0.01788403 0.08289057 -0.10064869 -0.08149176 -0.06001816 -0.05803924 0.00660850 -0.00140065 -0.02084014 -0.07200216 0.11001772 0.00092992 0.09368063 0.06278728 0.02403931 -0.02239197 0.04580650 -0.02307118 -0.09443459 0.06420636 -0.08598968 0.07013995 -0.03167706 0.04906293 -0.02482874 -0.16882105 0.00002902 -0.06255238 -0.06816008 0.12868328 -0.00798111 0.04880002 -0.02106392 0.02988518 -0.09428039 0.02369622 -0.10048181 -0.07168313 -0.07060483 -0.02082055 0.03219506 -0.04679681 -0.03179396 -0.04890380 -0.03008133 -0.12016214 -0.10069975 -0.11558302 0.05857129 0.23904865 0.24274589 0.24217369 0.26361953 0.17174239 0.24650345 0.07204549 0.11156049 0.24933447 0.11127703 0.21805654 1.00000000 0.19635757 0.04784838 -0.00254114 0.06242530 -0.07667997 0.02742895 -0.01602664 -0.04048246 0.02723553 0.08883726 0.07632614 0.04387574 0.11004842 -0.00987337
-0.04939191 0.15540102 -0.11572779 -0.05946832 0.04867257 -0.04264749 -0.13335663 0.08540076 0.14501985 0.01770199 0.02521680 0.01679862 -0.02415388 -0.02477082 -0.06285201 0.07306125 0.18719845 -0.03033273 0.03822261 0.04401788 0.10622633 0.11847518 0.14651081 0.11415714 -0.05376431 0.05513802 -0.01191785 -0.15361027 -0.21254209 -0.04508208 -0.01338904 -0.01483528 -0.04338417 -0.11562780 -0.01554696 -0.10419954 0.02415271 -0.02408482 0.00425501 0.10466329 0.06070691 0.17577396 -0.00417554 0.11577066 0.10537792 0.12797772 -0.01165325 0.07521948 0.24978260 -0.05882811 0.22684005 0.15806448 0.11821379 0.30699461 0.21558724 0.40091853 0.20793556 0.27923150 0.18298969 0.10287498 0.13741204 0.23739440 0.26425552 0.19635757 1.00000000 0.10044361 0.04368699 -0.05381473 -0.05742819 0.04642689 -0.04757475 0.09735262 -0.13466981 0.00547214 0.09450870 -0.01713795 -0.11244184 -0.12673324
-0.03873828 -0.03305480 0.01891386 -0.08157832 0.16872000 -0.13055809 -0.00677468 -0.04617745 -0.02203903 0.05024172 -0.11667860 0.03131796 -0.09596788 0.02399919 -0.02925251 0.01908530 0.03854606 -0.01702373 -0.03061715 -0.02617326 0.02021550 0.10307227 0.07883622 0.19249637 -0.05757736 0.03739703 -0.03752764 0.00826876 0.00340625 0.02175351 -0.05586939 0.09085907 0.06097423 0.05207062 0.08085131 0.04176438 0.10831452 -0.02184185 0.07685766 -0.11000503 0.14923185 0.14393639 0.11149964 0.11024422 0.13779691 0.18198842 0.14829454 0.02883998 0.05625319 -0.13255735 0.01719365 -0.00391458 -0.16494868 -0.03311789 -0.04531771 -0.05752681 0.03192980 0.16944780 0.05622454 0.07042747 0.02791398 0.07603769 -0.07752270 0.04784838 0.10044361 1.00000000 0.23654324 0.35889534 0.27737636 0.20172645 0.32428190 0.19259904 0.14968965 0.47204010 0.11745036 0.13348004 0.22464915 0.17100209
-0.01866108 -0.02206551 0.07518659 -0.03663541 0.04697319 -0.07079587 0.05568952 0.02896235 -0.05925792 -0.06168574 -0.08691299 -0.01701626 0.02362043 0.01582463 0.05522333 0.00596148 0.03962208 0.03026675 0.05974306 0.06590325 0.11883611 -0.04519435 -0.00424654 0.14559635 0.10480638 -0.01187934 -0.09343797 -0.11209452 -0.08418195 -0.05510617 -0.19204098 0.04344224 -0.04521833 -0.07991976 -0.11078410 -0.08245004 0.03935709 -0.11274794 -0.15377267 -0.00097245 0.04535736 0.03660141 0.14729148 0.05912836 0.07452930 0.09117994 0.08300601 0.10647901 0.09602202 0.04243378 -0.03403521 -0.07942101 -0.10117083 0.02861265 0.01284734 -0.00519389 0.09839109 0.09482860 0.14368540 0.04411270 -0.00711280 0.00471858 -0.02332361 -0.00254114 0.04368699 0.23654324 1.00000000 0.18862091 0.23466888 0.21769103 0.23050078 0.15571840 0.15749037 0.35171429 0.29392281 0.28482230 0.25072274 0.30118067
-0.00184237 -0.14695679 0.05297592 -0.05981083 0.06033932 -0.05956931 0.10514681 0.00229276 -0.00617935 -0.05971329 -0.03130307 -0.06376459 -0.00516175 -0.01626179 -0.03462100 0.07829215 0.01419985 0.02243091 0.02819491 -0.00782973 -0.04987648 -0.03212722 -0.08268536 -0.05034075 0.04472048 0.02340572 0.01100708 0.15021510 0.02766628 -0.02618902 0.00067710 0.04065246 0.00291349 0.10139558 0.09928966 -0.01796550 0.13250574 -0.08059417 -0.05719517 -0.15482949 -0.06868283 0.09545732 -0.06351741 0.22023909 -0.08741589 0.02491944 -0.06702864 0.06554741 -0.10316863 -0.05265297 -0.09120744 -0.10103827 -0.09124183 -0.01634898 -0.09343454 -0.00687283 -0.09270375 -0.01540695 -0.13804020 0.02700429 -0.03766928 -0.03470430 -0.16177506 0.06242530 -0.05381473 0.35889534 0.18862091 1.00000000 0.22540525 0.20279625 0.10841257 0.10349503 0.21728316 0.19450378 0.13538898 0.13600502 0.18931897 0.12705744
-0.01698383 -0.09645809 0.14169843 -0.01220386 0.00888763 0.00318561 0.00499651 -0.07755516 -0.00335077 0.04609368 -0.05768825 0.02244037 0.06310797 0.07866875 0.14509607 0.09323885 0.13336124 0.05513724 0.15092286 0.06544759 0.18769085 -0.05714725 0.07452244 0.07849387 0.05745246 0.11418656 -0.12923385 0.01920167 0.04579207 -0.07658595 -0.03380537 0.07660921 0.03883164 0.06599680 0.02476107 -0.06957664 -0.04768597 -0.04413785 -0.03574060 0.07943070 0.04732320 0.07865041 0.11976112 0.05269397 0.04777551 0.03958496 0.07909285 -0.02276472 0.04550521 0.07211706 0.02118027 -0.00818838 -0.03628184 -0.02330050 -0.07331794 0.03261586 -0.00833327 0.05907185 0.08077834 0.02720332 0.08340301 0.04249402 -0.09438086 -0.07667997 -0.05742819 0.27737636 0.23466888 0.22540525 1.00000000 0.28030975 0.09617833 0.18958520 0.23257101 0.16421771 0.18543698 0.14067387 0.21052226 0.16519222
0.10875819 -0.00564983 0.03436758 0.07351252 0.02853196 -0.04760903 0.02143194 0.08661753 0.04706848 0.01133460 0.09463814 0.08036154 0.08267482 0.00130561 0.12297011 0.23633201 0.11539883 0.12607799 0.09005727 0.06141070 0.02852894 -0.05615442 -0.01900415 -0.06634806 0.14584539 0.01228797 -0.01201714 0.12610782 0.06251920 0.03910568 0.09908213 0.08702818 0.13946715 0.05438958 0.01739746 0.05708839 -0.00877320 -0.03154414 -0.02367571 0.06053158 -0.03095800 -0.03181727 -0.03778927 -0.02836875 0.00010908 0.06208129 -0.01652304 0.02723037 -0.00879195 0.08099171 0.03108104 0.05286112 0.13666728 0.00917653 0.00317546 0.03646564 0.05092623 -0.00408916 -0.10770256 0.02181914 0.12715762 0.05837625 -0.09448059 0.02742895 0.04642689 0.20172645 0.21769103 0.20279625 0.28030975 1.00000000 0.19655012 0.27745417 0.08345473 0.15595414 0.21653574 0.08339297 0.11003758 0.15570507
0.11202722 -0.04053067 0.00409622 0.01812734 0.13282032 -0.05291337 0.05260912 0.00569875 0.01029939 0.01366748 -0.01964138 0.04147110 0.00068559 -0.01954885 0.08006113 -0.04034768 0.05435788 0.03366265 0.00094391 -0.01000432 0.01265070 -0.02762770 0.09421726 0.15445329 -0.07968780 0.03601225 -0.10078362 -0.07304401 -0.10434815 0.03246476 -0.06552714 0.07277671 0.09101842 -0.02111549 -0.04580836 0.00383635 0.04802560 -0.02680283 0.03874723 0.03590412 0.06343424 0.14010266 -0.00189523 0.03045961 0.13050625 0.07668639 0.10778571 -0.00309541 0.13142616 -0.15623275 0.09035460 0.00727617 -0.13273442 -0.02849792 -0.04225166 -0.06893162 0.04272899 0.14976446 0.05583658 0.08640488 0.09899118 0.19097697 -0.06669330 -0.01602664 -0.04757475 0.32428190 0.23050078 0.10841257 0.09617833 0.19655012 1.00000000 0.09970346 0.06271813 0.24047038 0.22272681 0.27612370 0.11405812 0.29740859
0.02565543 0.05620375 0.08336642 0.02514134 0.05946530 0.06557999 -0.02379785 0.12010951 0.05036376 0.08144746 -0.00168757 0.19831439 0.08404932 0.07851015 0.03056553 0.12102795 0.10221095 0.07092696 0.10950242 0.05622151 0.03565804 -0.00085722 0.21619699 0.14190347 -0.09372358 0.03942540 -0.14921681 -0.15806235 -0.19077855 0.02478333 -0.13785074 0.07840904 0.03592992 -0.04369571 -0.12867180 -0.01276051 -0.05174760 -0.11665909 -0.11595528 0.08758225 0.08138942 0.08105081 0.04022131 0.00966072 0.25782587 0.13412007 0.09645490 0.11833055 0.14388202 0.02449374 0.16578028 0.15425045 0.06823532 -0.08809827 0.01975137 0.02680810 0.04447178 0.10299185 0.00036386 -0.00763935 0.05850221 0.12338768 -0.06779992 -0.04048246 0.09735262 0.19259904 0.15571840 0.10349503 0.18958520 0.27745417 0.09970346 1.00000000 0.04407348 0.31368945 0.19231927 0.19052054 0.09927072 0.10826488
0.03176801 -0.04608404 0.04250818 0.04034840 0.07282204 0.07218977 -0.04245016 0.02840204 -0.04313650 -0.04405701 -0.08083775 0.00700837 -0.02597305 -0.03511766 0.08274681 -0.01493993 -0.08224414 -0.01248497 0.00775477 0.01185750 0.09214139 -0.03471944 -0.12732440 -0.03392420 0.16153081 -0.00321402 0.02133339 0.15863677 0.04013545 0.02050161 -0.01337430 0.08454225 -0.00015727 0.06338975 -0.01175747 0.02171147 -0.01578038 0.00193334 -0.02410725 -0.00838176 -0.06462432 -0.10687715 0.06160962 0.02289741 -0.16235321 -0.04945069 -0.11445815 0.00583519 -0.04219032 0.11303891 -0.12902889 -0.03765739 0.00263663 0.03683521 -0.07711610 0.01340617 -0.05095315 0.10812746 -0.04071799 0.01504478 0.02250620 -0.01061656 -0.06759551 0.02723553 -0.13466981 0.14968965 0.15749037 0.21728316 0.23257101 0.08345473 0.06271813 0.04407348 1.00000000 0.07486198 0.04731992 0.05238432 0.16985037 0.10095821
-0.04638053 0.03945307 0.02599065 -0.02860538 0.10682438 -0.04385311 0.06966629 0.04623045 -0.02977413 0.07947288 -0.14788522 0.17264034 -0.06157249 -0.05887085 -0.09092764 -0.00741524 0.08567373 0.02260788 -0.04521086 0.02479273 0.06616791 0.03126401 0.13734010 0.18227340 -0.13035994 -0.11332189 -0.07484338 -0.08248537 -0.08874749 0.10984343 -0.21404913 0.14770076 0.03164360 0.04539867 -0.01587139 0.07060695 0.07380719 0.02628823 0.01125734 -0.06288311 0.19287468 0.07595535 0.17559278 0.02781647 0.18505530 0.14920480 0.17384061 0.08372512 0.13947547 -0.19351863 0.05758404 -0.04652124 -0.13512550 -0.10502878 0.00168725 0.01319835 0.08533998 0.16483251 0.08839712 0.00350117 0.01790856 0.15262621 -0.01704898 0.08883726 0.00547214 0.47204010 0.35171429 0.19450378 0.16421771 0.15595414 0.24047038 0.31368945 0.07486198 1.00000000 0.24440285 0.14236633 0.30907472 0.15657050
0.00687149 -0.02650198 0.03383976 0.05128189 0.11441557 -0.06162599 0.05663893 0.02532135 0.00780693 0.08704024 -0.02597642 0.07858149 0.00935311 0.08428881 0.04362649 0.12879885 0.07027123 0.12087103 0.06178060 0.09713526 0.15191377 -0.03318880 0.13118441 0.09240182 -0.01160315 0.02508782 -0.06544926 -0.13195563 -0.18927027 -0.03835681 -0.07737867 -0.08979843 0.02335512 -0.01414558 -0.08291015 -0.08432226 0.01721958 -0.10712317 -0.13399804 -0.03839229 -0.05612264 0.09848359 -0.00593390 0.02449466 0.08702959 0.03946040 0.00013835 0.01554856 0.07229435 -0.04320705 0.12596774 0.02337729 -0.00176273 0.05187911 -0.01128138 0.02175344 0.14240362 0.11749233 0.09874592 0.02575634 0.08039983 0.08301822 0.03747704 0.07632614 0.09450870 0.11745036 0.29392281 0.13538898 0.18543698 0.21653574 0.22272681 0.19231927 0.04731992 0.24440285 1.00000000 0.21847509 0.16038061 0.25478005
0.06779729 0.02307835 0.13456784 -0.00166679 0.15714984 0.04039460 -0.03764557 0.02075812 -0.08037220 -0.03641057 -0.12828057 -0.00519831 0.07579077 0.05600184 0.11107457 -0.07732932 0.06642964 0.11958811 -0.01899694 0.17291136 0.04565965 -0.01739278 0.21699050 0.15723521 0.00668500 0.02991788 -0.19392102 -0.08421515 -0.13541218 -0.08285822 -0.06775167 0.06508405 -0.03106368 -0.03003059 -0.11798538 0.05264758 0.14037878 -0.16798679 -0.05267570 0.05897602 0.09910864 0.11051524 0.05647290 0.08907643 0.12844398 0.09828840 0.11945000 0.05165065 0.10017713 -0.15009421 -0.00663859 0.13567505 -0.09986757 -0.01924415 0.02958844 -0.02280474 0.01139626 0.03644929 0.08614675 0.06862583 -0.05267818 0.10108837 -0.02096517 0.04387574 -0.01713795 0.13348004 0.28482230 0.13600502 0.14067387 0.08339297 0.27612370 0.19052054 0.05238432 0.14236633 0.21847509 1.00000000 0.18522062 0.27286784
-0.02535253 -0.15022174 0.02687915 -0.01723594 0.05717614 -0.12917236 0.00396428 -0.02684939 -0.05915386 -0.06164052 -0.20521252 -0.02458687 -0.04317794 0.03571557 -0.05736405 -0.02977396 0.04349013 -0.02436100 0.02661774 0.13011238 0.05560121 -0.06111430 0.11608806 0.14152553 0.03998808 -0.01840042 -0.08407605 -0.07360184 -0.08605833 0.02381959 -0.12482016 0.10332448 0.09490673 0.05905540 -0.16294180 0.01976352 -0.05866587 -0.03660039 -0.03404508 -0.01448922 0.05676402 0.06387881 0.13542282 0.00813699 0.06241983 -0.01046284 0.10673511 0.02453125 0.10093952 0.09586601 -0.08946739 0.06677718 0.02992308 -0.04669996 -0.04394688 -0.10446523 0.09019619 0.12451301 0.22506479 0.13513411 -0.05574295 0.03375442 -0.08333320 0.11004842 -0.11244184 0.22464915 0.25072274 0.18931897 0.21052226 0.11003758 0.11405812 0.09927072 0.16985037 0.30907472 0.16038061 0.18522062 1.00000000 0.28699338
0.01654675 -0.13571209 0.11699333 0.02067653 0.06836761 -0.08789929 0.14618496 -0.06316042 -0.11779565 -0.03464487 -0.05525054 0.00495381 -0.00356072 0.08062859 -0.04590518 0.00853518 0.04321676 0.05116477 0.01507735 -0.03148713 0.08056909 0.00651473 -0.00768577 0.13571646 -0.02916814 -0.00961459 -0.13326707 -0.09850979 -0.10274912 -0.06506901 -0.08961742 -0.02509328 0.01008078 0.02572385 -0.09493476 -0.09864646 -0.05060360 -0.12028815 -0.01004758 -0.11394161 -0.04276482 0.01035193 -0.00304976 -0.09620066 0.01356345 -0.00173413 -0.00864078 -0.05359450 0.05233711 0.01198422 -0.00682307 -0.07216735 -0.17254390 -0.15017419 -0.02864333 -0.11837993 -0.13557058 0.00772496 0.03970720 -0.08282908 -0.00696069 -0.04928490 -0.04155089 -0.00987337 -0.12673324 0.17100209 0.30118067 0.12705744 0.16519222 0.15570507 0.29740859 0.10826488 0.10095821 0.15657050 0.25478005 0.27286784 0.28699338 1.00000000
