1.00000000 0.13455521 0.21114380 0.03365238 0.17787319 -0.03414443 0.05174467 0.11743095 0.24317378 0.26595543 0.13031783 0.22939179 0.15178869 0.00662626 -0.08219564 -0.09061660 0.02089385 -0.03689572 -0.05236387 0.08321624 -0.00994819 -0.02721681 0.04144245 -0.02531947 0.06518930 0.08707936 0.04580072 0.13492489 0.08206634 0.05592377 0.01076460 0.11947228 0.07641040 0.11016170 0.08346679 0.05809555 0.13463548 0.05116540 -0.06803378 -0.03543447 0.03423713 0.01744756 0.01685579 0.04644569 0.02347452 0.07718798 0.02541648 0.07149462 -0.09110950 -0.14882293 -0.04781327 -0.00230879 -0.02194851 -0.12579306 0.08713784 -0.00877072 -0.09434562 0.13423766 0.10888912 -0.15388604 0.01298057 0.00222538 0.02129055 -0.06791712 0.00104882 -0.08571607 0.00872570 -0.04118804 -0.06939850 -0.10093027 0.03650528 -0.05438536 -0.05110167 0.02350566 -0.09226013 0.05006515 -0.06216602 -0.03361044
0.13455521 1.00000000 0.03321975 0.15402292 0.06165499 0.20633158 -0.01456127 0.22475315 0.15653961 0.30594277 0.26753698 0.15574834 0.19139882 -0.13094017 0.01045481 -0.19842011 -0.01470142 -0.09757125 -0.10450973 0.00554613 -0.18023198 -0.03160985 -0.06535636 -0.12622253 -0.01686639 -0.03614219 0.10733817 0.12145015 0.12151601 0.06241733 0.09174547 0.12329830 -0.08451709 0.09062500 0.06318413 -0.01081990 0.11278904 0.11425095 0.15550611 0.00353342 0.09224274 0.00897244 -0.00325753 0.12989256 -0.03158328 -0.03361971 0.04766987 0.19757495 -0.08052100 0.02225838 0.01269249 0.02320683 -0.01614928 0.12055485 -0.13143814 -0.08168756 -0.03110674 0.04636997 0.08696685 -0.08986194 -0.11790851 -0.00511941 0.04935938 -0.08151239 -0.12489984 -0.12587111 0.04055132 0.12084054 -0.04405714 -0.15625523 -0.05230436 -0.02748630 0.06950300 -0.02677811 0.07395530 -0.05522364 -0.18735681 -0.06180507
0.21114380 0.03321975 1.00000000 0.14377054 0.21647320 0.17951699 0.33948476 0.08513823 0.17338768 0.11982179 0.14731962 0.18525502 0.28435037 -0.01155473 0.01040016 0.02685327 -0.02261536 0.00999330 0.06341619 0.04395114 0.04344862 0.01801359 0.11310131 -0.10142771 -0.01146467 -0.02249194 0.00463313 -0.06095096 -0.01358463 -0.01847311 -0.04245767 0.12516580 0.18447822 0.04938683 -0.02306284 0.07224444 -0.00697802 -0.07519880 -0.14764637 -0.00694552 0.02095179 -0.04764397 -0.04514628 0.01377175 0.06778819 0.01847120 -0.08343677 -0.02543506 0.03115992 -0.09055906 0.07673451 -0.05802164 -0.18053166 -0.07105911 0.06048482 -0.05337711 -0.02663277 -0.03252178 -0.00116664 -0.01883414 0.00222306 -0.01828244 0.02683519 -0.00891079 -0.07747621 0.02174749 0.00678992 -0.08505286 -0.10407456 -0.04292340 -0.03789792 -0.01565969 -0.13176585 0.05594572 -0.07275611 -0.06339107 0.06220121 -0.10325651
0.03365238 0.15402292 0.14377054 1.00000000 0.15244742 0.12754972 0.12659593 0.04708509 0.16767787 0.12998264 0.15847929 0.10493645 -0.03304167 -0.03649488 0.07264501 0.05639967 0.04106497 -0.00510319 0.12366356 0.00626394 0.06361733 -0.10435429 0.08434556 -0.06188853 -0.01866409 0.03060064 -0.07216204 -0.08775186 -0.06119437 -0.15884498 -0.04266839 -0.07156756 -0.00321276 -0.00122328 0.03279283 0.01772682 -0.16410473 -0.09421132 -0.00857332 0.00122202 0.01390600 -0.05676700 -0.12061370 -0.04753646 0.13127497 -0.02001887 0.00388816 0.00867964 0.04757636 -0.01222877 0.09885040 0.05774401 -0.10769882 -0.06427767 0.00010096 -0.00870595 0.04813198 -0.02342878 -0.19926526 -0.07684963 0.07901317 -0.01037430 -0.10084234 0.00417320 -0.07995997 0.00583953 0.04401233 0.01531238 0.08488123 0.06858248 0.08415469 0.02901675 -0.12540200 -0.02847263 -0.01278160 0.07499841 0.06913289 -0.01489879
0.17787319 0.06165499 0.21647320 0.15244742 1.00000000 0.00171091 0.26932205 -0.04998741 0.37828685 -0.00085758 0.12618140 0.14667932 0.17702647 0.00458826 0.10385268 0.26135201 0.08260991 0.21561827 0.10196384 0.02193202 0.08189739 -0.07114811 0.24701990 0.11030597 0.03220006 -0.01743518 -0.24199308 -0.32511716 -0.20131525 -0.13537972 0.00121335 -0.07754391 0.17774024 -0.05550953 -0.06885445 -0.17283344 -0.20963520 -0.20295360 -0.14812150 0.08014155 -0.11061312 -0.15113633 -0.02307165 -0.24003005 0.14684623 -0.17374695 -0.04911174 -0.16333915 0.13261775 -0.06999982 0.04481854 0.01433323 -0.07688067 -0.20378467 0.06714321 0.07826849 0.11050651 -0.10278751 -0.17307076 -0.00313973 0.10801184 0.00795923 -0.06939803 0.02387740 0.02070534 -0.05404536 0.05478434 -0.12413446 0.05411782 -0.10667699 -0.03504663 0.09717913 -0.19315957 -0.05882512 -0.07256652 0.14727536 0.07581691 0.07429259
-0.03414443 0.20633158 0.17951699 0.12754972 0.00171091 1.00000000 0.09762487 0.15174725 0.10548941 0.15227512 0.08134605 0.10870400 0.12621159 0.00547145 -0.06484939 0.00165593 -0.03229461 -0.01143154 -0.04630999 -0.05751988 -0.06565364 0.07030967 0.01271509 -0.07137650 -0.02191871 -0.02187841 0.08156269 0.02823877 0.07332078 0.09120131 -0.01516411 0.13129493 0.07970581 0.10299371 0.06809338 0.02455861 0.08155201 0.04166613 0.02646180 0.00645154 0.07951708 -0.00905119 0.01150875 0.05907349 0.00074580 0.03604594 0.07786779 0.06429985 -0.07659651 0.00955841 0.03054727 0.04345175 0.04131909 0.10935564 0.09886981 0.08962088 0.12486907 0.04407477 -0.00004141 0.02081630 0.04091200 0.00964807 -0.00450788 0.04925553 0.04696365 -0.08299823 0.03761245 0.08227035 0.05574515 -0.10590821 -0.08815045 -0.00243913 0.07052988 -0.00985902 0.05414090 -0.14426234 -0.07035251 -0.01529017
0.05174467 -0.01456127 0.33948476 0.12659593 0.26932205 0.09762487 1.00000000 0.06295851 0.23115118 0.06169517 0.18214821 0.16305252 0.17803484 -0.03594441 0.05720962 0.05324581 0.08214801 0.20819403 0.12393130 0.06872935 0.00943304 -0.05421802 0.12190167 -0.00664920 0.03744171 -0.00151189 -0.01493489 -0.16401774 -0.13229583 -0.01504946 -0.00547385 -0.00243575 0.17278601 0.06680848 0.07096238 0.04260949 -0.02083312 -0.08940486 -0.14727237 0.03949851 -0.15786326 -0.13360855 -0.08179859 -0.10833326 0.04008585 -0.03322093 -0.10740534 -0.14313596 0.15971863 -0.15024830 -0.01664621 -0.03884673 -0.15158576 -0.23461157 0.03547152 -0.06877041 -0.02124465 -0.02563008 -0.12475266 0.05256704 0.01718720 0.02079031 -0.08637123 -0.08383281 -0.04596029 0.00672093 0.06392498 -0.09554459 -0.04945541 -0.11827344 -0.00001141 -0.05052408 -0.13635361 -0.04421083 -0.14194699 -0.02364940 0.11494898 0.00376398
0.11743095 0.22475315 0.08513823 0.04708509 -0.04998741 0.15174725 0.06295851 1.00000000 -0.05366925 0.14427995 0.02618749 0.12770755 0.10390157 0.09118734 -0.09221854 -0.09803296 0.04664125 -0.05308627 -0.02981002 -0.02075818 -0.03452967 -0.02044517 0.00414534 -0.06679184 0.00543354 -0.06896974 0.18694085 0.15513127 0.17114449 0.08579774 0.03324832 0.13146780 0.00093365 0.04645157 0.11117224 0.04270852 0.11994944 0.15259048 0.09549302 0.02317205 0.02135469 0.06900798 0.06686950 0.04303859 -0.02293124 0.06524099 0.07768930 0.00503903 -0.08481661 0.12160150 -0.02377942 0.03655066 -0.04593247 -0.01376038 0.01773145 0.02255844 -0.12661122 0.08193150 0.16182247 -0.10170798 -0.00298678 -0.01959426 0.02271306 0.01212031 -0.04098049 -0.11995869 -0.04469209 0.01646347 -0.16887462 -0.05224398 -0.04345892 -0.19038101 0.05091731 -0.12089598 0.00384105 -0.13944374 -0.18041263 -0.08531371
0.24317378 0.15653961 0.17338768 0.16767787 0.37828685 0.10548941 0.23115118 -0.05366925 1.00000000 0.14305362 0.20352784 0.21249189 0.31116659 0.04245585 0.19519543 0.27169773 0.12449418 0.13617072 0.10909742 -0.01635747 0.09324676 -0.03292954 0.11820007 0.01162107 0.04712151 0.09012072 -0.29738305 -0.26404569 -0.18726386 -0.06948067 -0.06963902 -0.02846937 0.20697178 -0.07812126 -0.03513558 -0.11803395 -0.15043662 -0.23333852 -0.14545956 0.04037018 -0.12600777 -0.15570151 -0.10390500 -0.14154850 0.06456119 -0.20707284 -0.05046705 -0.02291634 0.09251406 -0.20729618 0.10901431 0.00812638 -0.08510809 -0.16068047 0.09504075 0.07289276 0.13109064 -0.07456800 -0.15285169 0.07154377 0.15690602 0.13761512 -0.04800470 0.01110330 0.05882407 -0.14535476 0.08543743 0.00714790 0.13690068 0.08889803 0.01232239 0.11167117 -0.09315416 0.06173997 0.05039937 0.09730977 0.12847690 0.07494146
0.26595543 0.30594277 0.11982179 0.12998264 -0.00085758 0.15227512 0.06169517 0.14427995 0.14305362 1.00000000 0.23164593 0.19584060 0.13574557 0.02027505 -0.03911430 -0.05873017 -0.08960265 -0.07190907 0.00797385 -0.00014723 -0.03394269 0.02000771 -0.05228906 -0.02004400 0.00150820 -0.08184638 0.01675834 0.10187740 0.10134544 0.06638207 -0.05854948 0.06630961 0.09320654 0.05199395 0.08126577 0.01250245 0.05597402 0.01121087 -0.02093179 0.02121645 0.10719662 0.03845144 -0.02772308 0.07555526 0.03073159 0.04353290 0.03651524 0.21339679 -0.00510331 -0.13117954 0.00959211 0.06324746 0.00959621 0.02874307 -0.03354131 -0.01694637 0.04051582 0.02701794 0.03673926 -0.07327104 0.12736317 0.17899389 0.06035760 0.01392248 0.05270504 -0.06708590 0.04725388 0.13679676 0.05046336 -0.07188218 0.02776559 -0.02453960 0.09468818 0.04865275 0.03976177 -0.01597941 0.00577843 -0.03958506
0.13031783 0.26753698 0.14731962 0.15847929 0.12618140 0.08134605 0.18214821 0.02618749 0.20352784 0.23164593 1.00000000 0.23064255 0.32210262 -0.10137822 0.02638755 -0.09750423 -0.01214190 0.02094776 -0.01850951 0.08665993 -0.11284171 0.04694692 0.00894954 -0.11580557 0.05750368 -0.09440632 -0.00283537 0.01337355 0.00641408 -0.01564677 -0.01529934 -0.00302754 0.10714569 -0.03605707 0.09774224 -0.02619295 0.06700129 -0.06352660 0.09825515 0.12980565 -0.14008869 -0.06666003 -0.10094136 0.00873689 -0.04295458 -0.08094633 0.02827319 -0.00478732 -0.07506002 -0.09676774 0.05207231 0.03027084 -0.00571344 -0.05931786 0.01376440 -0.00751487 -0.05624336 -0.01938439 0.00632644 -0.05692010 0.04860426 -0.01550786 -0.05000443 -0.10442627 -0.05175076 -0.16188321 0.03862787 0.03948089 -0.05290116 -0.13242178 -0.04461806 -0.01337101 -0.07411855 -0.07755650 0.03039786 0.03451445 0.00594201 -0.11399313
0.22939179 0.15574834 0.18525502 0.10493645 0.14667932 0.10870400 0.16305252 0.12770755 0.21249189 0.19584060 0.23064255 1.00000000 0.16244859 -0.14508701 -0.01130884 0.02766417 -0.05076041 0.00493349 0.01736739 -0.01389994 -0.06447767 -0.08475289 -0.03280008 -0.11640796 -0.01586719 -0.02702735 -0.05754165 -0.06323389 -0.05081663 -0.00996370 -0.07797423 -0.01201356 0.01210040 0.11709637 0.04392336 -0.15246505 0.01050569 -0.09916676 -0.04147370 0.06518027 -0.01942596 -0.01431531 -0.03693745 -0.04690997 0.07454616 -0.00535640 0.07774175 -0.10984334 -0.10891160 -0.10134687 0.00890477 -0.07263309 -0.04395866 -0.11773903 0.01171688 0.01310123 -0.10454212 0.11695319 -0.06912436 -0.04039932 0.06491370 0.00182807 -0.08033233 -0.02603638 -0.04245708 -0.04416895 0.02859266 -0.03922269 -0.07796918 -0.10976928 -0.09395601 -0.11095732 -0.06141000 -0.07725869 -0.03311699 0.03579522 -0.00216076 -0.08626285
0.15178869 0.19139882 0.28435037 -0.03304167 0.17702647 0.12621159 0.17803484 0.10390157 0.31116659 0.13574557 0.32210262 0.16244859 1.00000000 -0.04127598 0.07897205 -0.00124886 -0.02334679 0.10530382 0.00893457 0.05756667 -0.05409371 -0.03929893 -0.01230746 -0.09995601 0.03707122 -0.04501312 -0.03300514 0.00043721 -0.02243758 -0.01104000 0.09162798 0.08575229 0.12983351 0.00487722 0.00899468 0.02376933 0.05582691 -0.02809440 0.01094350 0.03113453 -0.12889771 -0.12882027 -0.03555025 -0.09156807 -0.01889685 -0.07983180 0.02882752 -0.04523575 -0.02430993 -0.07254330 -0.00479757 -0.03654783 -0.11622128 -0.05419033 0.01505951 0.01665276 -0.00153386 -0.02931737 -0.01821560 0.00422920 0.08092952 -0.01710550 0.01584572 -0.00090041 -0.07376925 -0.07024336 0.06344905 0.04119015 -0.02985884 -0.12005216 -0.13180473 -0.01510928 -0.08143823 0.01884390 -0.01492426 0.05275474 -0.01582449 -0.00764287
0.00662626 -0.13094017 -0.01155473 -0.03649488 0.00458826 0.00547145 -0.03594441 0.09118734 0.04245585 0.02027505 -0.10137822 -0.14508701 -0.04127598 1.00000000 0.18141188 0.18381209 0.09078439 0.15814075 0.22060480 0.14020816 0.13505519 0.05807778 0.19542844 0.27221275 0.21920317 0.19814280 -0.01820383 -0.01312689 0.12023565 0.04369590 0.08914860 0.09609983 0.06538376 0.09262178 -0.03093077 0.10819893 0.00575326 0.06010578 -0.03691930 0.02964562 0.12176183 0.03648505 0.07663889 -0.00952986 -0.03502917 0.01264477 0.01558381 0.06928390 0.07758494 -0.00190881 0.00106185 0.03930005 -0.00037608 -0.03227071 0.10523012 0.20495559 0.07418348 0.00226810 0.05366893 0.01088827 0.10160069 0.05069588 0.05250633 0.08150148 0.09147322 0.05091979 0.00173503 0.01816310 0.03680068 0.03928629 0.02282064 0.00148478 0.05665504 0.05593503 0.07948102 -0.09562934 0.10201053 0.02772092
-0.08219564 0.01045481 0.01040016 0.07264501 0.10385268 -0.06484939 0.05720962 -0.09221854 0.19519543 -0.03911430 0.02638755 -0.01130884 0.07897205 0.18141188 1.00000000 0.20220831 0.13711264 0.19859058 0.22907632 0.08417000 0.20533282 -0.08187794 0.12817153 0.16327396 0.08038130 0.25331481 -0.12943573 -0.10323624 -0.01870842 -0.01903393 -0.01083398 0.09264167 0.06882182 0.10990964 -0.01652430 0.10635982 -0.06359695 -0.04651943 0.04923401 0.10273854 -0.07312953 0.04018582 -0.09142371 -0.05739057 0.08172254 -0.03147349 0.04466154 0.01419304 0.08200802 0.01038483 0.09475225 0.13473380 -0.09354392 -0.08848368 -0.03955796 0.04317831 0.02445597 -0.16870172 -0.09359280 0.11360223 -0.03567436 0.12242489 -0.03153971 0.00401361 0.03210344 -0.13164428 -0.00236020 0.02858575 0.08220337 0.03637078 -0.02194486 0.10641114 -0.07573240 0.00559302 0.03723620 0.02419969 0.09961749 0.12784408
-0.09061660 -0.19842011 0.02685327 0.05639967 0.26135201 0.00165593 0.05324581 -0.09803296 0.27169773 -0.05873017 -0.09750423 0.02766417 -0.00124886 0.18381209 0.20220831 1.00000000 0.30717258 0.29408667 0.38538458 0.08429184 0.29239551 0.09876001 0.34012235 0.16797075 0.11260685 0.16719777 -0.35550322 -0.46072644 -0.31194773 -0.24597281 -0.13743857 -0.23737257 0.23379445 -0.14945611 -0.15419140 -0.15092824 -0.33495812 -0.30368999 -0.16528611 0.05715866 -0.05922551 -0.07518529 -0.16322994 -0.20454784 0.25482383 -0.07283604 0.11578941 -0.17969740 0.13329099 -0.05192390 0.22709764 -0.06071718 0.01934487 -0.16455547 0.19951023 0.13322777 0.17552541 -0.17555155 -0.11620224 0.14293970 0.17572816 0.09123999 -0.12221021 0.18922912 0.12186936 -0.01253252 0.06831872 -0.18542245 0.08526051 0.13959442 0.07086535 0.13115411 -0.19695418 0.11466269 0.05195241 0.06490937 0.17884642 0.20055683
0.02089385 -0.01470142 -0.02261536 0.04106497 0.08260991 -0.03229461 0.08214801 0.04664125 0.12449418 -0.08960265 -0.01214190 -0.05076041 -0.02334679 0.09078439 0.13711264 0.30717258 1.00000000 0.23997853 0.22225176 0.24971756 0.15470043 0.19791718 0.26888187 0.19647523 0.12671560 0.26549118 -0.09528893 -0.14623567 -0.09995259 -0.08022123 -0.05054425 -0.04604982 0.07037559 -0.08210295 0.00787196 0.11732847 -0.05848313 0.02317169 -0.00295186 -0.01033776 -0.06466167 -0.07670739 -0.12177447 -0.02761793 0.08514967 0.00933321 0.01527741 -0.13068512 0.04373622 0.01004079 0.10854755 -0.01503158 -0.04031254 -0.12637316 0.01131151 -0.01131738 0.13121146 -0.03647792 -0.03691823 0.09615628 0.12617719 0.03897955 -0.06504483 0.07516500 0.05813934 -0.03868786 0.03439863 -0.13292967 -0.07322939 0.07438515 0.02519655 0.02695830 -0.11063295 0.05073088 0.08076020 -0.17093052 -0.01998957 0.11028613
-0.03689572 -0.09757125 0.00999330 -0.00510319 0.21561827 -0.01143154 0.20819403 -0.05308627 0.13617072 -0.07190907 0.02094776 0.00493349 0.10530382 0.15814075 0.19859058 0.29408667 0.23997853 1.00000000 0.26830128 0.09487544 0.18183604 0.03756219 0.32462972 0.05477553 0.19017004 0.14504854 -0.12197499 -0.28053134 -0.17171525 -0.11844926 0.01307285 -0.04930475 0.02404707 -0.13742328 0.01069662 -0.05473011 -0.20555418 -0.22563166 -0.14427874 -0.01286245 -0.19612855 -0.10752086 -0.10801596 -0.15297406 0.07497477 -0.06116876 -0.04523394 -0.24425307 0.11614868 -0.02725237 0.03358298 0.04280735 -0.03918326 -0.23368315 0.10996827 0.09930798 0.08474639 -0.12468053 -0.09586601 0.15088570 0.08851436 -0.03339354 -0.11051872 0.01619439 -0.02352446 0.02699766 0.00372457 -0.18384775 -0.01868039 -0.05649396 0.01727692 0.07410888 -0.13118149 -0.04070690 -0.02846700 0.01606130 0.04756680 0.10397948
-0.05236387 -0.10450973 0.06341619 0.12366356 0.10196384 -0.04630999 0.12393130 -0.02981002 0.10909742 0.00797385 -0.01850951 0.01736739 0.00893457 0.22060480 0.22907632 0.38538458 0.22225176 0.26830128 1.00000000 0.02632536 0.32431505 0.02321045 0.22772686 0.13249799 0.10460688 0.19490852 -0.26206273 -0.21553326 -0.16067164 -0.18394599 -0.04961269 -0.10600674 0.03906308 -0.09940582 -0.14157849 -0.02313726 -0.20345900 -0.16788636 -0.12418945 0.14910938 -0.04606344 -0.06946187 -0.07047973 -0.05539007 0.17553900 -0.04851937 0.01792692 -0.01287865 0.17118253 0.00225869 0.10026268 0.00519056 -0.05262484 -0.05059501 0.10501544 0.05687680 0.07352030 -0.04270249 -0.09056756 0.13157405 0.18201850 0.03790402 -0.00505865 0.04893053 0.06049774 -0.01138778 0.09325229 -0.16377053 0.09655642 0.02551824 0.06309232 0.07034669 -0.17386735 0.01489249 -0.04816351 0.02051929 0.08895273 0.11274323
0.08321624 0.00554613 0.04395114 0.00626394 0.02193202 -0.05751988 0.06872935 -0.02075818 -0.01635747 -0.00014723 0.08665993 -0.01389994 0.05756667 0.14020816 0.08417000 0.08429184 0.24971756 0.09487544 0.02632536 1.00000000 0.06009627 0.15235182 0.20065826 0.13355974 0.23747109 0.11520093 0.11743851 0.00721681 0.00963550 0.03739559 -0.10590195 0.08225688 0.01336252 0.09264639 -0.00529904 0.09963831 0.15485508 0.14820153 0.12283408 0.04378068 0.08404910 0.01551688 0.12119618 0.03771171 -0.02415934 0.06396717 0.14487112 -0.02960116 0.05041326 0.04593377 0.05200238 -0.00346757 -0.12525737 -0.08016908 -0.02352367 -0.03903425 0.00383348 0.00823824 0.07925833 -0.02847052 -0.12789012 -0.05203115 0.02884593 0.03762763 -0.03178516 -0.08701568 0.00261018 -0.04054289 -0.09648168 -0.01861202 -0.11822963 -0.09272544 0.00266567 0.04321733 0.05034410 -0.05074634 -0.07687310 0.03049847
-0.00994819 -0.18023198 0.04344862 0.06361733 0.08189739 -0.06565364 0.00943304 -0.03452967 0.09324676 -0.03394269 -0.11284171 -0.06447767 -0.05409371 0.13505519 0.20533282 0.29239551 0.15470043 0.18183604 0.32431505 0.06009627 1.00000000 0.08937501 0.33520198 0.23615630 0.02618526 0.17084695 -0.13136721 -0.19784111 -0.09696710 -0.12726763 -0.01050748 -0.13109204 0.06075002 -0.11021262 -0.12360293 -0.07852576 -0.19340488 -0.12263111 -0.18377938 0.03069761 -0.01503556 0.01200523 -0.02000550 0.00649721 0.13540419 -0.00243456 0.08640024 -0.13292941 0.06823888 -0.02879012 0.09138255 0.02363019 -0.10415485 -0.02027632 0.03876654 0.10539823 0.19213079 -0.06609684 -0.03159274 0.04754253 0.10449639 0.02104562 -0.00343937 0.09319031 0.12532048 -0.06441316 -0.01309629 -0.08031466 0.01305545 0.08187571 0.08097879 0.07440142 -0.14338697 -0.00001015 -0.06523811 0.06704215 0.09765204 0.08123896
-0.02721681 -0.03160985 0.01801359 -0.10435429 -0.07114811 0.07030967 -0.05421802 -0.02044517 -0.03292954 0.02000771 0.04694692 -0.08475289 -0.03929893 0.05807778 -0.08187794 0.09876001 0.19791718 0.03756219 0.02321045 0.15235182 0.08937501 1.00000000 0.10928009 0.22495880 0.26739325 0.17256608 0.19119979 0.04571422 0.10901842 0.14614325 0.08932889 0.10859737 0.15692776 0.02910014 -0.00938292 0.08037530 0.14383182 0.15663760 0.12385643 0.04077739 0.07327775 -0.03094231 0.02681707 0.11969032 0.02033251 -0.01014264 0.06361185 0.09868025 0.00865397 0.04560242 0.10980019 0.10302295 0.08030575 0.16804237 0.02336684 -0.05432638 0.15464637 0.12809124 0.03702425 0.04360645 -0.11713815 -0.00126590 0.10644728 0.15662609 0.13362638 0.06392657 0.01088677 0.11221155 -0.02749421 -0.01231978 -0.06257649 0.00539786 0.18750825 0.07284656 0.10938650 -0.14153099 0.08188561 -0.06802113
0.04144245 -0.06535636 0.11310131 0.08434556 0.24701990 0.01271509 0.12190167 0.00414534 0.11820007 -0.05228906 0.00894954 -0.03280008 -0.01230746 0.19542844 0.12817153 0.34012235 0.26888187 0.32462972 0.22772686 0.20065826 0.33520198 0.10928009 1.00000000 0.15015705 0.12336461 0.22057049 -0.23024132 -0.25180406 -0.14292990 -0.07391938 -0.02329057 -0.04768196 0.17143082 -0.06474008 -0.13684210 -0.05368700 -0.11173491 -0.15175167 -0.01527735 0.11920482 -0.02145528 -0.01155686 -0.02825260 -0.08715590 0.19704962 -0.03378040 0.06545547 -0.15498219 0.22772722 -0.02521218 0.09717265 0.07881285 -0.18412184 -0.12880827 0.04454453 0.05339738 0.05468041 -0.12970759 -0.10621740 -0.02896231 0.11264653 -0.03530714 -0.15628271 0.04438998 0.04596888 -0.02345752 0.05181861 -0.17384949 -0.04713491 -0.03121944 0.04662420 0.12616377 -0.14263034 0.09056233 0.04663801 -0.02208126 0.11980279 0.08407966
-0.02531947 -0.12622253 -0.10142771 -0.06188853 0.11030597 -0.07137650 -0.00664920 -0.06679184 0.01162107 -0.02004400 -0.11580557 -0.11640796 -0.09995601 0.27221275 0.16327396 0.16797075 0.19647523 0.05477553 0.13249799 0.13355974 0.23615630 0.22495880 0.15015705 1.00000000 0.17438630 0.12917614 0.12518498 -0.04257753 0.01741489 0.00418901 0.05002276 0.04743264 0.14279936 0.12258506 0.04611015 0.03371145 0.09268106 0.05330817 0.05210689 -0.05715405 0.03464954 -0.01512781 0.09698744 -0.06071000 -0.01018959 0.00384844 0.10754191 -0.03487358 -0.01747042 0.06528810 -0.07479661 -0.04971378 -0.06813539 -0.03998083 -0.02360990 -0.02562912 0.05131007 -0.05118978 0.07646646 -0.03626710 -0.05502236 -0.03914748 -0.00363290 0.03607693 0.09402045 0.03240990 0.14440985 0.02776447 0.08675667 0.02564629 0.04912273 0.06315130 -0.02319767 0.01273329 -0.01228830 0.02023799 0.09930815 0.07830562
0.06518930 -0.01686639 -0.01146467 -0.01866409 0.03220006 -0.02191871 0.03744171 0.00543354 0.04712151 0.00150820 0.05750368 -0.01586719 0.03707122 0.21920317 0.08038130 0.11260685 0.12671560 0.19017004 0.10460688 0.23747109 0.02618526 0.26739325 0.12336461 0.17438630 1.00000000 0.20853319 0.10081603 0.09287922 0.13731268 -0.03814456 0.11326803 0.07711781 0.02696803 0.11664630 0.08850898 0.12218156 0.09874565 0.05942818 0.00742672 -0.06572881 0.00284586 -0.02110236 -0.04319265 -0.04391241 -0.03690730 -0.09181299 -0.02697151 -0.01670095 -0.07609700 -0.04781127 -0.04270219 0.04944178 0.11416694 0.07411967 0.08474522 0.06789196 0.06799114 0.10490445 -0.05638180 0.01442972 0.00607449 -0.01526291 -0.00474926 0.09525909 0.07678740 -0.02480121 0.02453212 0.02965453 -0.01314956 -0.04767038 0.00275991 -0.02064998 0.13916944 0.05770626 0.09550443 -0.07824683 0.01635472 0.08927295
0.08707936 -0.03614219 -0.02249194 0.03060064 -0.01743518 -0.02187841 -0.00151189 -0.06896974 0.09012072 -0.08184638 -0.09440632 -0.02702735 -0.04501312 0.19814280 0.25331481 0.16719777 0.26549118 0.14504854 0.19490852 0.11520093 0.17084695 0.17256608 0.22057049 0.12917614 0.20853319 1.00000000 0.00308679 0.02379385 0.05110779 -0.04656479 0.04592067 -0.03180160 0.00998946 0.02469512 -0.09833160 0.02546496 -0.00724529 0.01730160 0.08651766 0.01717748 0.05410869 0.05512388 -0.02000781 0.06255911 0.12734832 0.05523856 -0.04902710 0.04954236 0.03447916 0.06911027 0.05040620 0.07477953 -0.06343994 0.04526492 0.15435967 0.01159635 0.13022277 0.04075376 -0.01483875 0.04198550 0.03382968 0.07837772 0.00101584 0.05245259 0.07918671 0.00831086 -0.01970567 -0.04883837 -0.00713296 0.06144902 0.04606709 0.06181990 -0.00482170 0.12739442 -0.00220333 -0.11187343 -0.01096245 0.14853239
0.04580072 0.10733817 0.00463313 -0.07216204 -0.24199308 0.08156269 -0.01493489 0.18694085 -0.29738305 0.01675834 -0.00283537 -0.05754165 -0.03300514 -0.01820383 -0.12943573 -0.35550322 -0.09528893 -0.12197499 -0.26206273 0.11743851 -0.13136721 0.19119979 -0.23024132 0.12518498 0.10081603 0.00308679 1.00000000 0.53227429 0.52852973 0.40721616 0.18508376 0.43478114 -0.01048684 0.39808997 0.38221506 0.29892535 0.48354864 0.42532770 0.29457791 -0.05460558 0.14587553 0.11254816 0.26274137 0.19030650 -0.23176795 0.23835765 0.09043413 0.17503237 -0.14224080 0.21381681 -0.15949168 0.01640259 0.06302458 0.20425189 0.01373753 -0.13415439 -0.08879563 0.19453790 0.30954298 -0.14411028 -0.24158191 -0.11167444 0.04945764 -0.03461108 -0.08671726 0.09922411 0.00385674 0.09495853 0.00810035 -0.06561240 -0.03586547 -0.17243696 0.19260130 0.04218306 0.01280105 -0.15649774 -0.13923341 -0.05099317
0.13492489 0.12145015 -0.06095096 -0.08775186 -0.32511716 0.02823877 -0.16401774 0.15513127 -0.26404569 0.10187740 0.01337355 -0.06323389 0.00043721 -0.01312689 -0.10323624 -0.46072644 -0.14623567 -0.28053134 -0.21553326 0.00721681 -0.19784111 0.04571422 -0.25180406 -0.04257753 0.09287922 0.02379385 0.53227429 1.00000000 0.49874815 0.34329174 0.21254650 0.34440641 -0.02732112 0.34999187 0.32358080 0.32658285 0.46391675 0.43470542 0.24261532 -0.05491532 0.21772921 0.11180081 0.16412793 0.25861780 -0.18883105 0.23008940 0.07086964 0.23390560 -0.19448677 0.15850176 -0.18529509 0.02722164 0.19550401 0.28236820 0.06914397 -0.01824676 -0.17101263 0.32705975 0.32297615 -0.15403298 -0.12276136 -0.01889641 0.12303351 0.00727957 -0.02313210 0.03423991 -0.06499988 0.10920074 -0.04103919 -0.04452425 -0.02309435 -0.20248021 0.28716851 -0.02088242 -0.03819912 -0.19484783 -0.15869580 -0.10377252
0.08206634 0.12151601 -0.01358463 -0.06119437 -0.20131525 0.07332078 -0.13229583 0.17114449 -0.18726386 0.10134544 0.00641408 -0.05081663 -0.02243758 0.12023565 -0.01870842 -0.31194773 -0.09995259 -0.17171525 -0.16067164 0.00963550 -0.09696710 0.10901842 -0.14292990 0.01741489 0.13731268 0.05110779 0.52852973 0.49874815 1.00000000 0.32072948 0.28563237 0.41025218 -0.02819030 0.35105312 0.27817722 0.39757679 0.39589540 0.39060031 0.27540714 0.01768243 0.27189746 0.16132540 0.22469350 0.22622988 -0.11538638 0.16667495 0.08725012 0.30264345 -0.08920576 0.17139885 -0.04303805 0.07609655 0.11845909 0.25741350 0.17255353 -0.09407259 -0.05725121 0.27681697 0.21032061 -0.06226848 -0.10800003 0.08106071 0.11542546 0.05187208 -0.00141094 -0.01466837 0.04477506 0.16543911 0.01246228 -0.04068071 0.04433145 -0.13033711 0.21560873 0.08310530 0.08177523 -0.13060820 -0.07566255 0.08075681
0.05592377 0.06241733 -0.01847311 -0.15884498 -0.13537972 0.09120131 -0.01504946 0.08579774 -0.06948067 0.06638207 -0.01564677 -0.00996370 -0.01104000 0.04369590 -0.01903393 -0.24597281 -0.08022123 -0.11844926 -0.18394599 0.03739559 -0.12726763 0.14614325 -0.07391938 0.00418901 -0.03814456 -0.04656479 0.40721616 0.34329174 0.32072948 1.00000000 0.14601202 0.25229118 0.11797404 0.33207641 0.11563456 0.25562741 0.44220453 0.39624115 0.22013238 0.03285930 0.10756132 0.14580898 0.19350009 0.22413605 -0.14506776 0.25466271 0.09560872 0.18508814 -0.05821281 0.16712980 -0.08923043 0.01340687 0.07971776 0.07388688 -0.05885421 -0.08476440 -0.10361929 0.16552201 0.20759402 -0.03919309 -0.19036741 -0.02319187 0.09194625 -0.02204581 -0.10411111 0.09860007 -0.08388638 0.09350743 0.05466059 -0.07836531 -0.00985155 -0.14692429 0.22553564 0.01342369 -0.08663039 -0.10024783 -0.14032448 -0.13593259
0.01076460 0.09174547 -0.04245767 -0.04266839 0.00121335 -0.01516411 -0.00547385 0.03324832 -0.06963902 -0.05854948 -0.01529934 -0.07797423 0.09162798 0.08914860 -0.01083398 -0.13743857 -0.05054425 0.01307285 -0.04961269 -0.10590195 -0.01050748 0.08932889 -0.02329057 0.05002276 0.11326803 0.04592067 0.18508376 0.21254650 0.28563237 0.14601202 1.00000000 0.10848179 0.19507461 0.10441729 0.17907423 0.10138245 0.18059704 0.15044905 0.07442944 -0.06608944 0.03801350 0.02168345 0.11479512 0.15072665 -0.01123543 0.07799030 -0.10834344 0.10982131 -0.04078350 0.09579860 -0.02797972 0.02204758 0.07126558 0.14735394 0.03307377 -0.09376031 -0.04488202 0.11737355 0.02263243 -0.10125059 0.04424868 -0.05481196 0.10229936 -0.02174207 -0.01685120 0.12790694 0.02000274 0.05823289 0.01368439 -0.07262209 -0.02053775 0.01602766 0.10175776 0.03892491 0.00981339 -0.09297223 -0.08045468 -0.04774213
0.11947228 0.12329830 0.12516580 -0.07156756 -0.07754391 0.13129493 -0.00243575 0.13146780 -0.02846937 0.06630961 -0.00302754 -0.01201356 0.08575229 0.09609983 0.09264167 -0.23737257 -0.04604982 -0.04930475 -0.10600674 0.08225688 -0.13109204 0.10859737 -0.04768196 0.04743264 0.07711781 -0.03180160 0.43478114 0.34440641 0.41025218 0.25229118 0.10848179 1.00000000 0.09338374 0.28856161 0.32306272 0.35035689 0.44241547 0.36809540 0.35532594 0.05298102 0.18065891 -0.00508788 0.18188269 0.19184375 -0.06990980 0.07757766 0.09726570 0.27141731 0.05314005 0.15033887 0.02013618 0.05757237 0.04465149 0.13539088 0.07801035 0.00073132 0.05809601 0.17707668 0.21263392 0.03980057 -0.07722125 0.17951009 0.08760545 0.10403985 -0.02085638 0.02025411 0.08151791 0.05328480 -0.01084330 -0.06994465 0.04344982 -0.04716454 0.10062142 0.04855342 0.02824696 -0.09105234 -0.04456895 -0.02676876
0.07641040 -0.08451709 0.18447822 -0.00321276 0.17774024 0.07970581 0.17278601 0.00093365 0.20697178 0.09320654 0.10714569 0.01210040 0.12983351 0.06538376 0.06882182 0.23379445 0.07037559 0.02404707 0.03906308 0.01336252 0.06075002 0.15692776 0.17143082 0.14279936 0.02696803 0.00998946 -0.01048684 -0.02732112 -0.02819030 0.11797404 0.19507461 0.09338374 1.00000000 0.21839968 0.13066339 0.17284132 -0.00118064 -0.11283821 0.01105751 -0.02665832 -0.01577710 -0.10256650 -0.01593941 -0.02091118 0.06017645 -0.02263617 0.00262207 -0.00943286 0.09462713 -0.00556135 0.07766493 -0.00319621 -0.08636257 -0.04933495 0.05206865 -0.06398125 -0.01986028 -0.03468052 -0.03331494 0.03690197 0.02413499 0.07638700 0.04973379 0.12634997 0.00955831 0.07045661 0.06448260 -0.06977195 0.00230665 0.04416125 0.03338653 0.07286214 -0.01083738 0.07489635 -0.04050702 -0.05623651 0.08950273 -0.11338519
0.11016170 0.09062500 0.04938683 -0.00122328 -0.05550953 0.10299371 0.06680848 0.04645157 -0.07812126 0.05199395 -0.03605707 0.11709637 0.00487722 0.09262178 0.10990964 -0.14945611 -0.08210295 -0.13742328 -0.09940582 0.09264639 -0.11021262 0.02910014 -0.06474008 0.12258506 0.11664630 0.02469512 0.39808997 0.34999187 0.35105312 0.33207641 0.10441729 0.28856161 0.21839968 1.00000000 0.21109637 0.22910194 0.33327533 0.30886471 0.20005677 -0.06325204 0.12681815 0.06229606 0.11221795 0.10536176 -0.07919980 0.13647669 0.07570463 0.10453161 -0.08387023 0.05302437 -0.09608807 -0.00087774 -0.01421882 0.08303487 0.05492897 -0.06487684 -0.14417073 0.15205576 0.06824437 -0.01829367 -0.17934106 0.00974480 0.04398377 0.08241200 -0.04195778 0.04262567 0.06564211 0.01063677 -0.00752413 -0.04249710 0.02395910 -0.10893133 0.02745784 0.03898984 0.02291542 -0.10351590 -0.06801891 0.00073257
0.08346679 0.06318413 -0.02306284 0.03279283 -0.06885445 0.06809338 0.07096238 0.11117224 -0.03513558 0.08126577 0.09774224 0.04392336 0.00899468 -0.03093077 -0.01652430 -0.15419140 0.00787196 0.01069662 -0.14157849 -0.00529904 -0.12360293 -0.00938292 -0.13684210 0.04611015 0.08850898 -0.09833160 0.38221506 0.32358080 0.27817722 0.11563456 0.17907423 0.32306272 0.13066339 0.21109637 1.00000000 0.25229318 0.27472885 0.26627431 0.27509841 -0.12734005 0.10186791 0.03999335 0.00691750 -0.02404920 -0.10746711 0.08507967 0.04091316 0.00826515 -0.15150142 0.00377873 -0.01771688 -0.07410030 0.03749154 0.03366746 0.03768098 -0.02774434 0.00858605 0.11612721 0.05616004 -0.02573942 -0.04895968 0.03680749 -0.02266931 -0.07148686 0.00493470 0.04697327 0.06469452 0.06342649 0.07383375 -0.00723938 0.02896438 -0.03113415 0.06105295 0.03170253 0.04741223 -0.07325936 -0.05977982 0.00837370
0.05809555 -0.01081990 0.07224444 0.01772682 -0.17283344 0.02455861 0.04260949 0.04270852 -0.11803395 0.01250245 -0.02619295 -0.15246505 0.02376933 0.10819893 0.10635982 -0.15092824 0.11732847 -0.05473011 -0.02313726 0.09963831 -0.07852576 0.08037530 -0.05368700 0.03371145 0.12218156 0.02546496 0.29892535 0.32658285 0.39757679 0.25562741 0.10138245 0.35035689 0.17284132 0.22910194 0.25229318 1.00000000 0.20867252 0.33886094 0.22482719 0.01600585 0.23411082 0.14774554 0.10705686 0.16964811 -0.08530941 0.12696354 0.03480187 0.17459775 0.06182557 0.13850202 -0.01375476 0.06769906 -0.02866066 0.05467232 -0.02793434 -0.07258168 -0.02409329 0.11473570 0.09090531 0.03198389 -0.05445494 0.01156269 -0.02679331 0.09245705 -0.09763068 0.10006738 0.02420205 0.02153217 0.04689923 -0.03078291 0.06300614 -0.02697361 0.09698358 0.09158982 0.01950263 -0.13372432 -0.00325624 -0.02968278
0.13463548 0.11278904 -0.00697802 -0.16410473 -0.20963520 0.08155201 -0.02083312 0.11994944 -0.15043662 0.05597402 0.06700129 0.01050569 0.05582691 0.00575326 -0.06359695 -0.33495812 -0.05848313 -0.20555418 -0.20345900 0.15485508 -0.19340488 0.14383182 -0.11173491 0.09268106 0.09874565 -0.00724529 0.48354864 0.46391675 0.39589540 0.44220453 0.18059704 0.44241547 -0.00118064 0.33327533 0.27472885 0.20867252 1.00000000 0.44351198 0.36904640 0.08097356 0.14592549 0.09311733 0.16735966 0.19277417 -0.24808124 0.15155554 0.05666200 0.26799397 -0.14213971 0.07550332 -0.16718900 -0.00422509 0.06455304 0.17019939 -0.05072617 -0.04880555 -0.11536909 0.21518332 0.25163823 -0.13700789 -0.23403372 -0.01966660 0.11181918 -0.03429071 -0.03486556 -0.02933478 -0.02267188 0.08406472 -0.12108217 -0.16629721 -0.10011065 -0.25196589 0.12139190 0.00412532 -0.05280164 -0.15040584 -0.21535383 -0.00157368
0.05116540 0.11425095 -0.07519880 -0.09421132 -0.20295360 0.04166613 -0.08940486 0.15259048 -0.23333852 0.01121087 -0.06352660 -0.09916676 -0.02809440 0.06010578 -0.04651943 -0.30368999 0.02317169 -0.22563166 -0.16788636 0.14820153 -0.12263111 0.15663760 -0.15175167 0.05330817 0.05942818 0.01730160 0.42532770 0.43470542 0.39060031 0.39624115 0.15044905 0.36809540 -0.11283821 0.30886471 0.26627431 0.33886094 0.44351198 1.00000000 0.41679318 0.06228040 0.23761098 0.17244382 0.20930804 0.24608187 -0.11166237 0.25734914 0.12880615 0.22399584 -0.05976393 0.18510981 -0.02745763 0.06704534 0.06586923 0.16126413 0.01273818 -0.03780467 -0.04164215 0.31415284 0.32598993 -0.04259155 -0.16350747 -0.03242904 0.13213074 0.10724543 0.03569152 0.05269308 0.04427468 0.11704137 0.03701344 -0.01263062 0.00319540 -0.14630174 0.21306532 0.08275589 0.09050941 -0.19466126 -0.11154290 -0.05217083
-0.06803378 0.15550611 -0.14764637 -0.00857332 -0.14812150 0.02646180 -0.14727237 0.09549302 -0.14545956 -0.02093179 0.09825515 -0.04147370 0.01094350 -0.03691930 0.04923401 -0.16528611 -0.00295186 -0.14427874 -0.12418945 0.12283408 -0.18377938 0.12385643 -0.01527735 0.05210689 0.00742672 0.08651766 0.29457791 0.24261532 0.27540714 0.22013238 0.07442944 0.35532594 0.01105751 0.20005677 0.27509841 0.22482719 0.36904640 0.41679318 1.00000000 0.07425244 0.17396463 0.04568986 0.09546601 0.17328261 -0.06272937 0.14572629 0.09371491 0.18946650 0.01124945 0.19628954 0.05006219 -0.03614556 0.00440895 0.16917428 -0.05673053 -0.09055730 -0.03056851 0.08221486 0.17798891 -0.08179562 -0.15374401 0.11658069 0.04413645 0.10562573 -0.01691210 -0.01404439 0.00814437 0.08754177 0.03500774 -0.10864416 -0.02466523 -0.08688520 0.14464986 -0.02071599 0.07375900 -0.14488756 -0.07782191 0.04718012
-0.03543447 0.00353342 -0.00694552 0.00122202 0.08014155 0.00645154 0.03949851 0.02317205 0.04037018 0.02121645 0.12980565 0.06518027 0.03113453 0.02964562 0.10273854 0.05715866 -0.01033776 -0.01286245 0.14910938 0.04378068 0.03069761 0.04077739 0.11920482 -0.05715405 -0.06572881 0.01717748 -0.05460558 -0.05491532 0.01768243 0.03285930 -0.06608944 0.05298102 -0.02665832 -0.06325204 -0.12734005 0.01600585 0.08097356 0.06228040 0.07425244 1.00000000 0.10490525 0.08705596 0.03900154 0.18534465 0.14175467 0.05837736 0.13944447 0.31496981 0.22149021 0.04871692 0.06700719 0.19645318 -0.06284963 0.03328757 0.03466273 0.16564113 0.05242761 0.08026290 0.04799003 -0.01711640 0.07601726 0.05231158 0.11635589 0.10358526 -0.01042972 0.05878185 0.02756083 0.04640128 0.04361475 -0.02647777 0.09117214 0.04135071 -0.02099203 0.06427941 0.04651633 0.04298921 0.04125616 0.03792329
0.03423713 0.09224274 0.02095179 0.01390600 -0.11061312 0.07951708 -0.15786326 0.02135469 -0.12600777 0.10719662 -0.14008869 -0.01942596 -0.12889771 0.12176183 -0.07312953 -0.05922551 -0.06466167 -0.19612855 -0.04606344 0.08404910 -0.01503556 0.07327775 -0.02145528 0.03464954 0.00284586 0.05410869 0.14587553 0.21772921 0.27189746 0.10756132 0.03801350 0.18065891 -0.01577710 0.12681815 0.10186791 0.23411082 0.14592549 0.23761098 0.17396463 0.10490525 1.00000000 0.27638739 0.27886723 0.36430734 0.18763202 0.27855052 0.22170885 0.41646851 0.11897723 0.27422779 0.11768174 0.21068639 0.00013317 0.12474450 0.02202164 0.04686973 0.03326600 0.11585783 0.10737741 -0.08275443 -0.11420469 0.05799868 0.09020059 0.04303545 -0.09757888 0.04307787 0.06607242 0.13241033 -0.02256601 0.02368876 0.01985356 -0.02503088 0.14941779 0.14336816 0.14071914 -0.04459728 -0.02077309 0.04630438
0.01744756 0.00897244 -0.04764397 -0.05676700 -0.15113633 -0.00905119 -0.13360855 0.06900798 -0.15570151 0.03845144 -0.06666003 -0.01431531 -0.12882027 0.03648505 0.04018582 -0.07518529 -0.07670739 -0.10752086 -0.06946187 0.01551688 0.01200523 -0.03094231 -0.01155686 -0.01512781 -0.02110236 0.05512388 0.11254816 0.11180081 0.16132540 0.14580898 0.02168345 -0.00508788 -0.10256650 0.06229606 0.03999335 0.14774554 0.09311733 0.17244382 0.04568986 0.08705596 0.27638739 1.00000000 0.17544505 0.25539412 0.19250682 0.32192093 0.07249925 0.13885923 0.00575870 0.16342257 0.16629971 0.24065870 -0.08712878 -0.01680808 -0.07312944 0.02334697 -0.04953954 0.02184011 0.11786089 -0.09466138 -0.09371296 0.01339655 -0.05318146 -0.06582381 -0.12763726 0.02452016 0.00524074 0.10970170 -0.09849222 -0.01666305 0.01946953 0.05479661 0.06036893 0.13648999 0.04798323 -0.00649042 -0.06852669 -0.00645276
0.01685579 -0.00325753 -0.04514628 -0.12061370 -0.02307165 0.01150875 -0.08179859 0.06686950 -0.10390500 -0.02772308 -0.10094136 -0.03693745 -0.03555025 0.07663889 -0.09142371 -0.16322994 -0.12177447 -0.10801596 -0.07047973 0.12119618 -0.02000550 0.02681707 -0.02825260 0.09698744 -0.04319265 -0.02000781 0.26274137 0.16412793 0.22469350 0.19350009 0.11479512 0.18188269 -0.01593941 0.11221795 0.00691750 0.10705686 0.16735966 0.20930804 0.09546601 0.03900154 0.27886723 0.17544505 1.00000000 0.22539919 0.13725004 0.24249852 0.16619393 0.23448196 0.09347012 0.42579960 0.00096928 0.12003897 -0.04627836 0.11530085 -0.03006017 -0.07795106 -0.14142819 0.05001216 0.14743125 -0.11201159 -0.12713430 0.02302428 0.07508787 -0.08499829 -0.07186739 0.00310044 -0.01513032 -0.02666508 -0.04592011 -0.07124268 0.00433185 -0.10511812 0.03936086 0.04043705 -0.09876067 -0.11031875 -0.18828862 -0.08130192
0.04644569 0.12989256 0.01377175 -0.04753646 -0.24003005 0.05907349 -0.10833326 0.04303859 -0.14154850 0.07555526 0.00873689 -0.04690997 -0.09156807 -0.00952986 -0.05739057 -0.20454784 -0.02761793 -0.15297406 -0.05539007 0.03771171 0.00649721 0.11969032 -0.08715590 -0.06071000 -0.04391241 0.06255911 0.19030650 0.25861780 0.22622988 0.22413605 0.15072665 0.19184375 -0.02091118 0.10536176 -0.02404920 0.16964811 0.19277417 0.24608187 0.17328261 0.18534465 0.36430734 0.25539412 0.22539919 1.00000000 0.06606452 0.31152068 0.15669555 0.36008038 0.11551135 0.23085006 0.10672825 0.13447433 0.00445524 0.14929641 -0.05037238 0.00318208 -0.03559222 0.22611636 0.12605785 -0.02061519 -0.06463496 0.12484108 0.14525778 0.04131160 -0.07943945 0.05670466 -0.01195300 0.17002128 -0.06609933 -0.04047082 -0.00985215 0.01281510 0.24897326 0.08145213 0.09243980 -0.07592538 -0.09577210 -0.01975782
0.02347452 -0.03158328 0.06778819 0.13127497 0.14684623 0.00074580 0.04008585 -0.02293124 0.06456119 0.03073159 -0.04295458 0.07454616 -0.01889685 -0.03502917 0.08172254 0.25482383 0.08514967 0.07497477 0.17553900 -0.02415934 0.13540419 0.02033251 0.19704962 -0.01018959 -0.03690730 0.12734832 -0.23176795 -0.18883105 -0.11538638 -0.14506776 -0.01123543 -0.06990980 0.06017645 -0.07919980 -0.10746711 -0.08530941 -0.24808124 -0.11166237 -0.06272937 0.14175467 0.18763202 0.19250682 0.13725004 0.06606452 1.00000000 0.28044144 0.21107929 0.07515504 0.31035618 0.11826883 0.42344358 0.22754607 -0.10663040 -0.00450958 0.04975252 0.00963550 0.08669366 -0.03580728 -0.08153858 0.01910241 0.11578687 0.16430831 0.03728632 0.07582996 0.09876865 0.10215474 0.15248923 -0.09715953 0.05453386 0.07603681 0.02663659 0.14628044 -0.10257288 0.17614361 -0.00911144 0.06426685 0.10319139 -0.01267353
0.07718798 -0.03361971 0.01847120 -0.02001887 -0.17374695 0.03604594 -0.03322093 0.06524099 -0.20707284 0.04353290 -0.08094633 -0.00535640 -0.07983180 0.01264477 -0.03147349 -0.07283604 0.00933321 -0.06116876 -0.04851937 0.06396717 -0.00243456 -0.01014264 -0.03378040 0.00384844 -0.09181299 0.05523856 0.23835765 0.23008940 0.16667495 0.25466271 0.07799030 0.07757766 -0.02263617 0.13647669 0.08507967 0.12696354 0.15155554 0.25734914 0.14572629 0.05837736 0.27855052 0.32192093 0.24249852 0.31152068 0.28044144 1.00000000 0.30317275 0.25608108 0.09866455 0.30354563 0.11580985 0.10363832 -0.00995163 0.17637862 0.06548312 0.00688418 -0.05192278 0.17013145 0.20770458 -0.04970958 -0.09379994 0.04856490 0.08921477 0.04829908 -0.03029876 0.14903441 -0.01743816 -0.02325077 -0.06841110 -0.11195762 -0.03336216 -0.09884316 0.03979133 0.07944106 -0.04477392 -0.09090784 -0.06683968 -0.08128104
0.02541648 0.04766987 -0.08343677 0.00388816 -0.04911174 0.07786779 -0.10740534 0.07768930 -0.05046705 0.03651524 0.02827319 0.07774175 0.02882752 0.01558381 0.04466154 0.11578941 0.01527741 -0.04523394 0.01792692 0.14487112 0.08640024 0.06361185 0.06545547 0.10754191 -0.02697151 -0.04902710 0.09043413 0.07086964 0.08725012 0.09560872 -0.10834344 0.09726570 0.00262207 0.07570463 0.04091316 0.03480187 0.05666200 0.12880615 0.09371491 0.13944447 0.22170885 0.07249925 0.16619393 0.15669555 0.21107929 0.30317275 1.00000000 0.05311366 0.17627892 0.17898925 0.16762197 0.12059534 0.01152600 -0.04371755 -0.00727915 0.09460597 0.03869969 0.11131766 0.19154441 0.05634819 -0.04382338 0.11107713 0.09975491 0.09290469 0.07859145 0.01047008 0.07375722 0.07837844 0.03145495 -0.04895535 0.01589991 -0.05505311 0.01923817 0.02174774 0.00188408 0.00384726 -0.01783886 -0.02477498
0.07149462 0.19757495 -0.02543506 0.00867964 -0.16333915 0.06429985 -0.14313596 0.00503903 -0.02291634 0.21339679 -0.00478732 -0.10984334 -0.04523575 0.06928390 0.01419304 -0.17969740 -0.13068512 -0.24425307 -0.01287865 -0.02960116 -0.13292941 0.09868025 -0.15498219 -0.03487358 -0.01670095 0.04954236 0.17503237 0.23390560 0.30264345 0.18508814 0.10982131 0.27141731 -0.00943286 0.10453161 0.00826515 0.17459775 0.26799397 0.22399584 0.18946650 0.31496981 0.41646851 0.13885923 0.23448196 0.36008038 0.07515504 0.25608108 0.05311366 1.00000000 0.03610339 0.20881681 0.09238179 0.18814723 0.12428324 0.30492276 0.03015972 0.02378260 0.07552958 0.16702862 0.14434781 -0.06891803 -0.07512742 0.16825546 0.23973791 0.10730387 -0.04634987 0.06698295 0.00223211 0.23282127 0.00646054 -0.04436184 0.02500167 0.00073243 0.13785897 0.11903232 0.11964826 0.02215486 -0.04453896 -0.03951204
-0.09110950 -0.08052100 0.03115992 0.04757636 0.13261775 -0.07659651 0.15971863 -0.08481661 0.09251406 -0.00510331 -0.07506002 -0.10891160 -0.02430993 0.07758494 0.08200802 0.13329099 0.04373622 0.11614868 0.17118253 0.05041326 0.06823888 0.00865397 0.22772722 -0.01747042 -0.07609700 0.03447916 -0.14224080 -0.19448677 -0.08920576 -0.05821281 -0.04078350 0.05314005 0.09462713 -0.08387023 -0.15150142 0.06182557 -0.14213971 -0.05976393 0.01124945 0.22149021 0.11897723 0.00575870 0.09347012 0.11551135 0.31035618 0.09866455 0.17627892 0.03610339 1.00000000 0.12463189 0.23726084 0.17752268 -0.11402395 -0.05703086 0.01945716 0.07861752 0.06351850 -0.00680410 -0.11951817 0.10647916 0.09800053 0.12046268 0.05767587 0.14390861 0.08132511 0.11894391 0.08075980 -0.07694206 0.09599594 0.03687587 0.02664672 0.04548203 -0.04469644 0.06578512 0.02807395 -0.01580891 0.20291038 0.00571639
-0.14882293 0.02225838 -0.09055906 -0.01222877 -0.06999982 0.00955841 -0.15024830 0.12160150 -0.20729618 -0.13117954 -0.09676774 -0.10134687 -0.07254330 -0.00190881 0.01038483 -0.05192390 0.01004079 -0.02725237 0.00225869 0.04593377 -0.02879012 0.04560242 -0.02521218 0.06528810 -0.04781127 0.06911027 0.21381681 0.15850176 0.17139885 0.16712980 0.09579860 0.15033887 -0.00556135 0.05302437 0.00377873 0.13850202 0.07550332 0.18510981 0.19628954 0.04871692 0.27422779 0.16342257 0.42579960 0.23085006 0.11826883 0.30354563 0.17898925 0.20881681 0.12463189 1.00000000 0.09872624 0.21058302 0.01110403 0.11754961 -0.02346252 -0.05108332 -0.16125569 -0.02552456 0.10981106 -0.08880786 -0.15678862 -0.09117676 0.10045075 0.02600602 -0.09986663 0.06986039 -0.01060191 -0.01972341 0.04571885 -0.05621092 0.02844336 -0.10482439 0.02328301 -0.06723809 -0.03583133 -0.05154967 -0.10113007 -0.02965090
-0.04781327 0.01269249 0.07673451 0.09885040 0.04481854 0.03054727 -0.01664621 -0.02377942 0.10901431 0.00959211 0.05207231 0.00890477 -0.00479757 0.00106185 0.09475225 0.22709764 0.10854755 0.03358298 0.10026268 0.05200238 0.09138255 0.10980019 0.09717265 -0.07479661 -0.04270219 0.05040620 -0.15949168 -0.18529509 -0.04303805 -0.08923043 -0.02797972 0.02013618 0.07766493 -0.09608807 -0.01771688 -0.01375476 -0.16718900 -0.02745763 0.05006219 0.06700719 0.11768174 0.16629971 0.00096928 0.10672825 0.42344358 0.11580985 0.16762197 0.09238179 0.23726084 0.09872624 1.00000000 0.12004384 -0.09181243 0.00713125 0.01662584 -0.00470448 0.16966875 0.00504351 -0.06850804 0.11602559 0.09438073 0.19775847 0.00376161 0.15564864 0.13874048 -0.05820573 0.14390869 0.11961233 -0.08770780 0.13057697 0.01601747 0.07349502 -0.06028873 0.14043139 0.06637240 0.00155347 0.00992348 0.02455960
-0.00230879 0.02320683 -0.05802164 0.05774401 0.01433323 0.04345175 -0.03884673 0.03655066 0.00812638 0.06324746 0.03027084 -0.07263309 -0.03654783 0.03930005 0.13473380 -0.06071718 -0.01503158 0.04280735 0.00519056 -0.00346757 0.02363019 0.10302295 0.07881285 -0.04971378 0.04944178 0.07477953 0.01640259 0.02722164 0.07609655 0.01340687 0.02204758 0.05757237 -0.00319621 -0.00087774 -0.07410030 0.06769906 -0.00422509 0.06704534 -0.03614556 0.19645318 0.21068639 0.24065870 0.12003897 0.13447433 0.22754607 0.10363832 0.12059534 0.18814723 0.17752268 0.21058302 0.12004384 1.00000000 -0.00172478 0.05149333 -0.02624321 0.05905004 0.00228664 -0.03243577 -0.04914336 0.01640241 -0.03681597 -0.02700892 0.04793087 -0.01131144 -0.07756165 0.09210406 -0.00884202 0.01255088 0.05007165 -0.00095821 0.06693013 0.03562198 0.00227550 0.10154328 0.10362592 0.06216526 0.06870990 -0.00153035
-0.02194851 -0.01614928 -0.18053166 -0.10769882 -0.07688067 0.04131909 -0.15158576 -0.04593247 -0.08510809 0.00959621 -0.00571344 -0.04395866 -0.11622128 -0.00037608 -0.09354392 0.01934487 -0.04031254 -0.03918326 -0.05262484 -0.12525737 -0.10415485 0.08030575 -0.18412184 -0.06813539 0.11416694 -0.06343994 0.06302458 0.19550401 0.11845909 0.07971776 0.07126558 0.04465149 -0.08636257 -0.01421882 0.03749154 -0.02866066 0.06455304 0.06586923 0.00440895 -0.06284963 0.00013317 -0.08712878 -0.04627836 0.00445524 -0.10663040 -0.00995163 0.01152600 0.12428324 -0.11402395 0.01110403 -0.09181243 -0.00172478 1.00000000 0.29727333 0.20926338 0.19905111 0.22243598 0.23576631 0.18947628 0.12284143 0.05412654 0.12806274 0.18614135 0.13290261 0.18358125 0.00959303 -0.02605085 -0.01770133 0.15436167 0.06249066 -0.01503866 -0.01748828 0.09470641 -0.00284385 0.04710492 0.03388285 0.08744127 0.01137005
-0.12579306 0.12055485 -0.07105911 -0.06427767 -0.20378467 0.10935564 -0.23461157 -0.01376038 -0.16068047 0.02874307 -0.05931786 -0.11773903 -0.05419033 -0.03227071 -0.08848368 -0.16455547 -0.12637316 -0.23368315 -0.05059501 -0.08016908 -0.02027632 0.16804237 -0.12880827 -0.03998083 0.07411967 0.04526492 0.20425189 0.28236820 0.25741350 0.07388688 0.14735394 0.13539088 -0.04933495 0.08303487 0.03366746 0.05467232 0.17019939 0.16126413 0.16917428 0.03328757 0.12474450 -0.01680808 0.11530085 0.14929641 -0.00450958 0.17637862 -0.04371755 0.30492276 -0.05703086 0.11754961 0.00713125 0.05149333 0.29727333 1.00000000 0.07469711 0.08982352 0.18935857 0.35399946 0.19337898 0.15611553 -0.00912998 0.18003393 0.30835037 0.19940550 0.25577491 0.07022998 -0.06117912 0.10014992 0.02614666 0.07805880 -0.01983703 -0.00859718 0.14058231 0.12975870 0.06416023 -0.08981773 0.00043842 0.01634441
0.08713784 -0.13143814 0.06048482 0.00010096 0.06714321 0.09886981 0.03547152 0.01773145 0.09504075 -0.03354131 0.01376440 0.01171688 0.01505951 0.10523012 -0.03955796 0.19951023 0.01131151 0.10996827 0.10501544 -0.02352367 0.03876654 0.02336684 0.04454453 -0.02360990 0.08474522 0.15435967 0.01373753 0.06914397 0.17255353 -0.05885421 0.03307377 0.07801035 0.05206865 0.05492897 0.03768098 -0.02793434 -0.05072617 0.01273818 -0.05673053 0.03466273 0.02202164 -0.07312944 -0.03006017 -0.05037238 0.04975252 0.06548312 -0.00727915 0.03015972 0.01945716 -0.02346252 0.01662584 -0.02624321 0.20926338 0.07469711 1.00000000 0.28953258 0.21782614 0.25480637 0.12607673 0.03470804 0.37189710 0.17039740 0.14339354 0.27263294 0.18241711 0.04055897 0.05427536 -0.07463408 0.07931736 0.09723574 0.12071608 0.07530844 -0.05922139 0.17066193 0.04184360 0.11587332 0.10436080 0.05649739
-0.00877072 -0.08168756 -0.05337711 -0.00870595 0.07826849 0.08962088 -0.06877041 0.02255844 0.07289276 -0.01694637 -0.00751487 0.01310123 0.01665276 0.20495559 0.04317831 0.13322777 -0.01131738 0.09930798 0.05687680 -0.03903425 0.10539823 -0.05432638 0.05339738 -0.02562912 0.06789196 0.01159635 -0.13415439 -0.01824676 -0.09407259 -0.08476440 -0.09376031 0.00073132 -0.06398125 -0.06487684 -0.02774434 -0.07258168 -0.04880555 -0.03780467 -0.09055730 0.16564113 0.04686973 0.02334697 -0.07795106 0.00318208 0.00963550 0.00688418 0.09460597 0.02378260 0.07861752 -0.05108332 -0.00470448 0.05905004 0.19905111 0.08982352 0.28953258 1.00000000 0.27026761 0.21081169 0.08086732 0.16114297 0.26842385 0.23436994 0.27510782 0.21926464 0.29165637 0.04033859 -0.11852073 -0.03857671 -0.00872804 -0.07949075 -0.01243200 -0.00264278 0.00671608 -0.03347936 0.04970163 0.03910905 0.06730589 0.03834761
-0.09434562 -0.03110674 -0.02663277 0.04813198 0.11050651 0.12486907 -0.02124465 -0.12661122 0.13109064 0.04051582 -0.05624336 -0.10454212 -0.00153386 0.07418348 0.02445597 0.17552541 0.13121146 0.08474639 0.07352030 0.00383348 0.19213079 0.15464637 0.05468041 0.05131007 0.06799114 0.13022277 -0.08879563 -0.17101263 -0.05725121 -0.10361929 -0.04488202 0.05809601 -0.01986028 -0.14417073 0.00858605 -0.02409329 -0.11536909 -0.04164215 -0.03056851 0.05242761 0.03326600 -0.04953954 -0.14142819 -0.03559222 0.08669366 -0.05192278 0.03869969 0.07552958 0.06351850 -0.16125569 0.16966875 0.00228664 0.22243598 0.18935857 0.21782614 0.27026761 1.00000000 0.09141955 0.02970944 0.27285137 0.28774648 0.28858621 0.15031843 0.22215291 0.24512781 -0.03479757 -0.01334561 0.02944935 0.11914380 0.02709202 0.04167679 0.16522170 0.02640246 0.11958788 0.14414291 0.03713778 0.16006540 0.11834223
0.13423766 0.04636997 -0.03252178 -0.02342878 -0.10278751 0.04407477 -0.02563008 0.08193150 -0.07456800 0.02701794 -0.01938439 0.11695319 -0.02931737 0.00226810 -0.16870172 -0.17555155 -0.03647792 -0.12468053 -0.04270249 0.00823824 -0.06609684 0.12809124 -0.12970759 -0.05118978 0.10490445 0.04075376 0.19453790 0.32705975 0.27681697 0.16552201 0.11737355 0.17707668 -0.03468052 0.15205576 0.11612721 0.11473570 0.21518332 0.31415284 0.08221486 0.08026290 0.11585783 0.02184011 0.05001216 0.22611636 -0.03580728 0.17013145 0.11131766 0.16702862 -0.00680410 -0.02552456 0.00504351 -0.03243577 0.23576631 0.35399946 0.25480637 0.21081169 0.09141955 1.00000000 0.20913240 0.20500939 0.13292495 0.13084955 0.28620289 0.29089197 0.22563369 0.07017820 0.03267087 0.04536561 -0.01323337 0.01802945 0.05658775 -0.07350278 0.22442520 0.11046687 0.05327237 -0.08145822 -0.07353481 -0.06860089
0.10888912 0.08696685 -0.00116664 -0.19926526 -0.17307076 -0.00004141 -0.12475266 0.16182247 -0.15285169 0.03673926 0.00632644 -0.06912436 -0.01821560 0.05366893 -0.09359280 -0.11620224 -0.03691823 -0.09586601 -0.09056756 0.07925833 -0.03159274 0.03702425 -0.10621740 0.07646646 -0.05638180 -0.01483875 0.30954298 0.32297615 0.21032061 0.20759402 0.02263243 0.21263392 -0.03331494 0.06824437 0.05616004 0.09090531 0.25163823 0.32598993 0.17798891 0.04799003 0.10737741 0.11786089 0.14743125 0.12605785 -0.08153858 0.20770458 0.19154441 0.14434781 -0.11951817 0.10981106 -0.06850804 -0.04914336 0.18947628 0.19337898 0.12607673 0.08086732 0.02970944 0.20913240 1.00000000 -0.09354061 -0.07839401 0.09576320 0.22955111 0.09330184 0.06542094 0.04188943 0.00701636 0.01985602 -0.06197045 -0.03256723 0.03971445 -0.15465164 0.09992359 -0.02340039 0.05335963 -0.14664624 -0.11093499 -0.04787264
-0.15388604 -0.08986194 -0.01883414 -0.07684963 -0.00313973 0.02081630 0.05256704 -0.10170798 0.07154377 -0.07327104 -0.05692010 -0.04039932 0.00422920 0.01088827 0.11360223 0.14293970 0.09615628 0.15088570 0.13157405 -0.02847052 0.04754253 0.04360645 -0.02896231 -0.03626710 0.01442972 0.04198550 -0.14411028 -0.15403298 -0.06226848 -0.03919309 -0.10125059 0.03980057 0.03690197 -0.01829367 -0.02573942 0.03198389 -0.13700789 -0.04259155 -0.08179562 -0.01711640 -0.08275443 -0.09466138 -0.11201159 -0.02061519 0.01910241 -0.04970958 0.05634819 -0.06891803 0.10647916 -0.08880786 0.11602559 0.01640241 0.12284143 0.15611553 0.03470804 0.16114297 0.27285137 0.20500939 -0.09354061 1.00000000 0.22925731 0.33385092 0.36866179 0.13622828 0.24416878 0.07589844 -0.09997180 -0.04001243 0.03632658 0.12865887 0.08221330 0.03353589 -0.06666486 0.10214023 -0.04217222 -0.01120359 0.04407570 0.12082473
0.01298057 -0.11790851 0.00222306 0.07901317 0.10801184 0.04091200 0.01718720 -0.00298678 0.15690602 0.12736317 0.04860426 0.06491370 0.08092952 0.10160069 -0.03567436 0.17572816 0.12617719 0.08851436 0.18201850 -0.12789012 0.10449639 -0.11713815 0.11264653 -0.05502236 0.00607449 0.03382968 -0.24158191 -0.12276136 -0.10800003 -0.19036741 0.04424868 -0.07722125 0.02413499 -0.17934106 -0.04895968 -0.05445494 -0.23403372 -0.16350747 -0.15374401 0.07601726 -0.11420469 -0.09371296 -0.12713430 -0.06463496 0.11578687 -0.09379994 -0.04382338 -0.07512742 0.09800053 -0.15678862 0.09438073 -0.03681597 0.05412654 -0.00912998 0.37189710 0.26842385 0.28774648 0.13292495 -0.07839401 0.22925731 1.00000000 0.26929192 0.12402555 0.08216188 0.19418235 0.06330462 -0.00510711 -0.08863898 0.16234556 0.08903608 0.09704457 0.14868093 -0.07175552 0.09125129 0.01664803 0.10058006 0.04330490 0.04797294
0.00222538 -0.00511941 -0.01828244 -0.01037430 0.00795923 0.00964807 0.02079031 -0.01959426 0.13761512 0.17899389 -0.01550786 0.00182807 -0.01710550 0.05069588 0.12242489 0.09123999 0.03897955 -0.03339354 0.03790402 -0.05203115 0.02104562 -0.00126590 -0.03530714 -0.03914748 -0.01526291 0.07837772 -0.11167444 -0.01889641 0.08106071 -0.02319187 -0.05481196 0.17951009 0.07638700 0.00974480 0.03680749 0.01156269 -0.01966660 -0.03242904 0.11658069 0.05231158 0.05799868 0.01339655 0.02302428 0.12484108 0.16430831 0.04856490 0.11107713 0.16825546 0.12046268 -0.09117676 0.19775847 -0.02700892 0.12806274 0.18003393 0.17039740 0.23436994 0.28858621 0.13084955 0.09576320 0.33385092 0.26929192 1.00000000 0.26360855 0.19330497 0.31273155 -0.02449101 -0.06261708 0.10820686 0.09010362 -0.04617408 0.08007142 0.07839038 0.03298480 0.12307941 0.09970741 0.02356925 0.10051633 0.10521212
0.02129055 0.04935938 0.02683519 -0.10084234 -0.06939803 -0.00450788 -0.08637123 0.02271306 -0.04800470 0.06035760 -0.05000443 -0.08033233 0.01584572 0.05250633 -0.03153971 -0.12221021 -0.06504483 -0.11051872 -0.00505865 0.02884593 -0.00343937 0.10644728 -0.15628271 -0.00363290 -0.00474926 0.00101584 0.04945764 0.12303351 0.11542546 0.09194625 0.10229936 0.08760545 0.04973379 0.04398377 -0.02266931 -0.02679331 0.11181918 0.13213074 0.04413645 0.11635589 0.09020059 -0.05318146 0.07508787 0.14525778 0.03728632 0.08921477 0.09975491 0.23973791 0.05767587 0.10045075 0.00376161 0.04793087 0.18614135 0.30835037 0.14339354 0.27510782 0.15031843 0.28620289 0.22955111 0.36866179 0.12402555 0.26360855 1.00000000 0.25938266 0.26195881 0.07467055 -0.01704127 0.02523797 0.02953830 0.04628805 0.08022434 0.00086914 0.10130606 0.03323459 0.01575540 0.02558363 0.03198621 0.03624298
-0.06791712 -0.08151239 -0.00891079 0.00417320 0.02387740 0.04925553 -0.08383281 0.01212031 0.01110330 0.01392248 -0.10442627 -0.02603638 -0.00090041 0.08150148 0.00401361 0.18922912 0.07516500 0.01619439 0.04893053 0.03762763 0.09319031 0.15662609 0.04438998 0.03607693 0.09525909 0.05245259 -0.03461108 0.00727957 0.05187208 -0.02204581 -0.02174207 0.10403985 0.12634997 0.08241200 -0.07148686 0.09245705 -0.03429071 0.10724543 0.10562573 0.10358526 0.04303545 -0.06582381 -0.08499829 0.04131160 0.07582996 0.04829908 0.09290469 0.10730387 0.14390861 0.02600602 0.15564864 -0.01131144 0.13290261 0.19940550 0.27263294 0.21926464 0.22215291 0.29089197 0.09330184 0.13622828 0.08216188 0.19330497 0.25938266 1.00000000 0.25556258 0.06133443 0.04589998 0.05759281 0.00450281 0.07690404 -0.04553008 -0.01474910 0.05901152 0.06183409 0.17367649 -0.06801805 0.10485728 0.04644560
0.00104882 -0.12489984 -0.07747621 -0.07995997 0.02070534 0.04696365 -0.04596029 -0.04098049 0.05882407 0.05270504 -0.05175076 -0.04245708 -0.07376925 0.09147322 0.03210344 0.12186936 0.05813934 -0.02352446 0.06049774 -0.03178516 0.12532048 0.13362638 0.04596888 0.09402045 0.07678740 0.07918671 -0.08671726 -0.02313210 -0.00141094 -0.10411111 -0.01685120 -0.02085638 0.00955831 -0.04195778 0.00493470 -0.09763068 -0.03486556 0.03569152 -0.01691210 -0.01042972 -0.09757888 -0.12763726 -0.07186739 -0.07943945 0.09876865 -0.03029876 0.07859145 -0.04634987 0.08132511 -0.09986663 0.13874048 -0.07756165 0.18358125 0.25577491 0.18241711 0.29165637 0.24512781 0.22563369 0.06542094 0.24416878 0.19418235 0.31273155 0.26195881 0.25556258 1.00000000 0.01308330 0.07220785 0.05027424 0.09597499 0.09277531 0.05987835 0.08528903 0.03180912 0.10787132 0.08266210 0.03452780 0.24814320 0.13957117
-0.08571607 -0.12587111 0.02174749 0.00583953 -0.05404536 -0.08299823 0.00672093 -0.11995869 -0.14535476 -0.06708590 -0.16188321 -0.04416895 -0.07024336 0.05091979 -0.13164428 -0.01253252 -0.03868786 0.02699766 -0.01138778 -0.08701568 -0.06441316 0.06392657 -0.02345752 0.03240990 -0.02480121 0.00831086 0.09922411 0.03423991 -0.01466837 0.09860007 0.12790694 0.02025411 0.07045661 0.04262567 0.04697327 0.10006738 -0.02933478 0.05269308 -0.01404439 0.05878185 0.04307787 0.02452016 0.00310044 0.05670466 0.10215474 0.14903441 0.01047008 0.06698295 0.11894391 0.06986039 -0.05820573 0.09210406 0.00959303 0.07022998 0.04055897 0.04033859 -0.03479757 0.07017820 0.04188943 0.07589844 0.06330462 -0.02449101 0.07467055 0.06133443 0.01308330 1.00000000 0.10530560 0.15277186 0.21255346 0.18708258 0.27844532 0.17088377 0.21181299 0.27769155 0.09100193 0.02215148 0.22135498 -0.01380726
0.00872570 0.04055132 0.00678992 0.04401233 0.05478434 0.03761245 0.06392498 -0.04469209 0.08543743 0.04725388 0.03862787 0.02859266 0.06344905 0.00173503 -0.00236020 0.06831872 0.03439863 0.00372457 0.09325229 0.00261018 -0.01309629 0.01088677 0.05181861 0.14440985 0.02453212 -0.01970567 0.00385674 -0.06499988 0.04477506 -0.08388638 0.02000274 0.08151791 0.06448260 0.06564211 0.06469452 0.02420205 -0.02267188 0.04427468 0.00814437 0.02756083 0.06607242 0.00524074 -0.01513032 -0.01195300 0.15248923 -0.01743816 0.07375722 0.00223211 0.08075980 -0.01060191 0.14390869 -0.00884202 -0.02605085 -0.06117912 0.05427536 -0.11852073 -0.01334561 0.03267087 0.00701636 -0.09997180 -0.00510711 -0.06261708 -0.01704127 0.04589998 0.07220785 0.10530560 1.00000000 0.08217800 0.19563218 0.20564403 0.19344047 0.21601352 0.12047942 0.24306782 0.11835975 0.15013413 0.28075953 0.13266996
-0.04118804 0.12084054 -0.08505286 0.01531238 -0.12413446 0.08227035 -0.09554459 0.01646347 0.00714790 0.13679676 0.03948089 -0.03922269 0.04119015 0.01816310 0.02858575 -0.18542245 -0.13292967 -0.18384775 -0.16377053 -0.04054289 -0.08031466 0.11221155 -0.17384949 0.02776447 0.02965453 -0.04883837 0.09495853 0.10920074 0.16543911 0.09350743 0.05823289 0.05328480 -0.06977195 0.01063677 0.06342649 0.02153217 0.08406472 0.11704137 0.08754177 0.04640128 0.13241033 0.10970170 -0.02666508 0.17002128 -0.09715953 -0.02325077 0.07837844 0.23282127 -0.07694206 -0.01972341 0.11961233 0.01255088 -0.01770133 0.10014992 -0.07463408 -0.03857671 0.02944935 0.04536561 0.01985602 -0.04001243 -0.08863898 0.10820686 0.02523797 0.05759281 0.05027424 0.15277186 0.08217800 1.00000000 0.09526285 0.10879514 0.08369453 0.06624377 0.33486445 0.16281505 0.28850757 0.06310428 0.03060452 0.04476681
-0.06939850 -0.04405714 -0.10407456 0.08488123 0.05411782 0.05574515 -0.04945541 -0.16887462 0.13690068 0.05046336 -0.05290116 -0.07796918 -0.02985884 0.03680068 0.08220337 0.08526051 -0.07322939 -0.01868039 0.09655642 -0.09648168 0.01305545 -0.02749421 -0.04713491 0.08675667 -0.01314956 -0.00713296 0.00810035 -0.04103919 0.01246228 0.05466059 0.01368439 -0.01084330 0.00230665 -0.00752413 0.07383375 0.04689923 -0.12108217 0.03701344 0.03500774 0.04361475 -0.02256601 -0.09849222 -0.04592011 -0.06609933 0.05453386 -0.06841110 0.03145495 0.00646054 0.09599594 0.04571885 -0.08770780 0.05007165 0.15436167 0.02614666 0.07931736 -0.00872804 0.11914380 -0.01323337 -0.06197045 0.03632658 0.16234556 0.09010362 0.02953830 0.00450281 0.09597499 0.21255346 0.19563218 0.09526285 1.00000000 0.28237771 0.21569973 0.21563969 0.15309308 0.18881626 0.24712075 0.30168765 0.29326419 0.12335500
-0.10093027 -0.15625523 -0.04292340 0.06858248 -0.10667699 -0.10590821 -0.11827344 -0.05224398 0.08889803 -0.07188218 -0.13242178 -0.10976928 -0.12005216 0.03928629 0.03637078 0.13959442 0.07438515 -0.05649396 0.02551824 -0.01861202 0.08187571 -0.01231978 -0.03121944 0.02564629 -0.04767038 0.06144902 -0.06561240 -0.04452425 -0.04068071 -0.07836531 -0.07262209 -0.06994465 0.04416125 -0.04249710 -0.00723938 -0.03078291 -0.16629721 -0.01263062 -0.10864416 -0.02647777 0.02368876 -0.01666305 -0.07124268 -0.04047082 0.07603681 -0.11195762 -0.04895535 -0.04436184 0.03687587 -0.05621092 0.13057697 -0.00095821 0.06249066 0.07805880 0.09723574 -0.07949075 0.02709202 0.01802945 -0.03256723 0.12865887 0.08903608 -0.04617408 0.04628805 0.07690404 0.09277531 0.18708258 0.20564403 0.10879514 0.28237771 1.00000000 0.26177500 0.29222992 0.06843615 0.33163075 0.20482848 0.24484184 0.22713286 0.10411975
0.03650528 -0.05230436 -0.03789792 0.08415469 -0.03504663 -0.08815045 -0.00001141 -0.04345892 0.01232239 0.02776559 -0.04461806 -0.09395601 -0.13180473 0.02282064 -0.02194486 0.07086535 0.02519655 0.01727692 0.06309232 -0.11822963 0.08097879 -0.06257649 0.04662420 0.04912273 0.00275991 0.04606709 -0.03586547 -0.02309435 0.04433145 -0.00985155 -0.02053775 0.04344982 0.03338653 0.02395910 0.02896438 0.06300614 -0.10011065 0.00319540 -0.02466523 0.09117214 0.01985356 0.01946953 0.00433185 -0.00985215 0.02663659 -0.03336216 0.01589991 0.02500167 0.02664672 0.02844336 0.01601747 0.06693013 -0.01503866 -0.01983703 0.12071608 -0.01243200 0.04167679 0.05658775 0.03971445 0.08221330 0.09704457 0.08007142 0.08022434 -0.04553008 0.05987835 0.27844532 0.19344047 0.08369453 0.21569973 0.26177500 1.00000000 0.24580138 0.05927126 0.33671012 0.16625349 0.24338601 0.15522217 0.14242689
-0.05438536 -0.02748630 -0.01565969 0.02901675 0.09717913 -0.00243913 -0.05052408 -0.19038101 0.11167117 -0.02453960 -0.01337101 -0.11095732 -0.01510928 0.00148478 0.10641114 0.13115411 0.02695830 0.07410888 0.07034669 -0.09272544 0.07440142 0.00539786 0.12616377 0.06315130 -0.02064998 0.06181990 -0.17243696 -0.20248021 -0.13033711 -0.14692429 0.01602766 -0.04716454 0.07286214 -0.10893133 -0.03113415 -0.02697361 -0.25196589 -0.14630174 -0.08688520 0.04135071 -0.02503088 0.05479661 -0.10511812 0.01281510 0.14628044 -0.09884316 -0.05505311 0.00073243 0.04548203 -0.10482439 0.07349502 0.03562198 -0.01748828 -0.00859718 0.07530844 -0.00264278 0.16522170 -0.07350278 -0.15465164 0.03353589 0.14868093 0.07839038 0.00086914 -0.01474910 0.08528903 0.17088377 0.21601352 0.06624377 0.21563969 0.29222992 0.24580138 1.00000000 0.03296757 0.32333947 0.18330584 0.24343243 0.27454824 0.19286481
-0.05110167 0.06950300 -0.13176585 -0.12540200 -0.19315957 0.07052988 -0.13635361 0.05091731 -0.09315416 0.09468818 -0.07411855 -0.06141000 -0.08143823 0.05665504 -0.07573240 -0.19695418 -0.11063295 -0.13118149 -0.17386735 0.00266567 -0.14338697 0.18750825 -0.14263034 -0.02319767 0.13916944 -0.00482170 0.19260130 0.28716851 0.21560873 0.22553564 0.10175776 0.10062142 -0.01083738 0.02745784 0.06105295 0.09698358 0.12139190 0.21306532 0.14464986 -0.02099203 0.14941779 0.06036893 0.03936086 0.24897326 -0.10257288 0.03979133 0.01923817 0.13785897 -0.04469644 0.02328301 -0.06028873 0.00227550 0.09470641 0.14058231 -0.05922139 0.00671608 0.02640246 0.22442520 0.09992359 -0.06666486 -0.07175552 0.03298480 0.10130606 0.05901152 0.03180912 0.21181299 0.12047942 0.33486445 0.15309308 0.06843615 0.05927126 0.03296757 1.00000000 0.15576244 0.15059433 -0.07166934 0.03451626 0.03648057
0.02350566 -0.02677811 0.05594572 -0.02847263 -0.05882512 -0.00985902 -0.04421083 -0.12089598 0.06173997 0.04865275 -0.07755650 -0.07725869 0.01884390 0.05593503 0.00559302 0.11466269 0.05073088 -0.04070690 0.01489249 0.04321733 -0.00001015 0.07284656 0.09056233 0.01273329 0.05770626 0.12739442 0.04218306 -0.02088242 0.08310530 0.01342369 0.03892491 0.04855342 0.07489635 0.03898984 0.03170253 0.09158982 0.00412532 0.08275589 -0.02071599 0.06427941 0.14336816 0.13648999 0.04043705 0.08145213 0.17614361 0.07944106 0.02174774 0.11903232 0.06578512 -0.06723809 0.14043139 0.10154328 -0.00284385 0.12975870 0.17066193 -0.03347936 0.11958788 0.11046687 -0.02340039 0.10214023 0.09125129 0.12307941 0.03323459 0.06183409 0.10787132 0.27769155 0.24306782 0.16281505 0.18881626 0.33163075 0.33671012 0.32333947 0.15576244 1.00000000 0.29001109 0.14986445 0.21375739 0.23215392
-0.09226013 0.07395530 -0.07275611 -0.01278160 -0.07256652 0.05414090 -0.14194699 0.00384105 0.05039937 0.03976177 0.03039786 -0.03311699 -0.01492426 0.07948102 0.03723620 0.05195241 0.08076020 -0.02846700 -0.04816351 0.05034410 -0.06523811 0.10938650 0.04663801 -0.01228830 0.09550443 -0.00220333 0.01280105 -0.03819912 0.08177523 -0.08663039 0.00981339 0.02824696 -0.04050702 0.02291542 0.04741223 0.01950263 -0.05280164 0.09050941 0.07375900 0.04651633 0.14071914 0.04798323 -0.09876067 0.09243980 -0.00911144 -0.04477392 0.00188408 0.11964826 0.02807395 -0.03583133 0.06637240 0.10362592 0.04710492 0.06416023 0.04184360 0.04970163 0.14414291 0.05327237 0.05335963 -0.04217222 0.01664803 0.09970741 0.01575540 0.17367649 0.08266210 0.09100193 0.11835975 0.28850757 0.24712075 0.20482848 0.16625349 0.18330584 0.15059433 0.29001109 1.00000000 -0.00228266 0.16685935 0.07257216
0.05006515 -0.05522364 -0.06339107 0.07499841 0.14727536 -0.14426234 -0.02364940 -0.13944374 0.09730977 -0.01597941 0.03451445 0.03579522 0.05275474 -0.09562934 0.02419969 0.06490937 -0.17093052 0.01606130 0.02051929 -0.05074634 0.06704215 -0.14153099 -0.02208126 0.02023799 -0.07824683 -0.11187343 -0.15649774 -0.19484783 -0.13060820 -0.10024783 -0.09297223 -0.09105234 -0.05623651 -0.10351590 -0.07325936 -0.13372432 -0.15040584 -0.19466126 -0.14488756 0.04298921 -0.04459728 -0.00649042 -0.11031875 -0.07592538 0.06426685 -0.09090784 0.00384726 0.02215486 -0.01580891 -0.05154967 0.00155347 0.06216526 0.03388285 -0.08981773 0.11587332 0.03910905 0.03713778 -0.08145822 -0.14664624 -0.01120359 0.10058006 0.02356925 0.02558363 -0.06801805 0.03452780 0.02215148 0.15013413 0.06310428 0.30168765 0.24484184 0.24338601 0.24343243 -0.07166934 0.14986445 -0.00228266 1.00000000 0.32413574 0.19283823
-0.06216602 -0.18735681 0.06220121 0.06913289 0.07581691 -0.07035251 0.11494898 -0.18041263 0.12847690 0.00577843 0.00594201 -0.00216076 -0.01582449 0.10201053 0.09961749 0.17884642 -0.01998957 0.04756680 0.08895273 -0.07687310 0.09765204 0.08188561 0.11980279 0.09930815 0.01635472 -0.01096245 -0.13923341 -0.15869580 -0.07566255 -0.14032448 -0.08045468 -0.04456895 0.08950273 -0.06801891 -0.05977982 -0.00325624 -0.21535383 -0.11154290 -0.07782191 0.04125616 -0.02077309 -0.06852669 -0.18828862 -0.09577210 0.10319139 -0.06683968 -0.01783886 -0.04453896 0.20291038 -0.10113007 0.00992348 0.06870990 0.08744127 0.00043842 0.10436080 0.06730589 0.16006540 -0.07353481 -0.11093499 0.04407570 0.04330490 0.10051633 0.03198621 0.10485728 0.24814320 0.22135498 0.28075953 0.03060452 0.29326419 0.22713286 0.15522217 0.27454824 0.03451626 0.21375739 0.16685935 0.32413574 1.00000000 0.25539693
-0.03361044 -0.06180507 -0.10325651 -0.01489879 0.07429259 -0.01529017 0.00376398 -0.08531371 0.07494146 -0.03958506 -0.11399313 -0.08626285 -0.00764287 0.02772092 0.12784408 0.20055683 0.11028613 0.10397948 0.11274323 0.03049847 0.08123896 -0.06802113 0.08407966 0.07830562 0.08927295 0.14853239 -0.05099317 -0.10377252 0.08075681 -0.13593259 -0.04774213 -0.02676876 -0.11338519 0.00073257 0.00837370 -0.02968278 -0.00157368 -0.05217083 0.04718012 0.03792329 0.04630438 -0.00645276 -0.08130192 -0.01975782 -0.01267353 -0.08128104 -0.02477498 -0.03951204 0.00571639 -0.02965090 0.02455960 -0.00153035 0.01137005 0.01634441 0.05649739 0.03834761 0.11834223 -0.06860089 -0.04787264 0.12082473 0.04797294 0.10521212 0.03624298 0.04644560 0.13957117 -0.01380726 0.13266996 0.04476681 0.12335500 0.10411975 0.14242689 0.19286481 0.03648057 0.23215392 0.07257216 0.19283823 0.25539693 1.00000000
