1.00000000 0.25582447 0.36310622 -0.01884843 0.19956602 0.40313474 0.01302828 0.20436502 0.00792703 0.10749953 -0.01586419 0.36303273 0.29657102 0.05290375 -0.11122925 -0.10267787 -0.04746862 -0.15119750 -0.10669715 -0.12586081 -0.12242836 0.11052823 -0.00758571 0.08031682 0.10931962 0.23277491 -0.12992151 -0.24489796 -0.10210720 0.17022089 0.07248791 0.08260426 0.27487921 0.14321783 0.18527247 0.03602927 0.17821944 -0.15602246 0.13977500 0.06906591 0.11049702 0.08087575 0.09959086 0.10603363 0.08761690 -0.04552963 0.10762382 0.07349978 0.17899257 0.18783271 0.12131410 -0.04519123 -0.06571252 0.01658522 0.11815348 0.27310570 0.05081741 0.02679655 -0.17199055 0.20925906 0.20542872 -0.04219959 -0.12018383 0.05445387 0.11073154 -0.16569050 0.22633739 -0.13917001 0.02131073 0.18928528 -0.09229876 0.05180103 0.01671034 0.37394096 -0.08780324 -0.04037232 0.34510860 0.11114125
0.25582447 1.00000000 0.19050468 0.06592527 0.15830466 0.16175508 0.14592278 0.22149110 0.27142252 0.12580597 0.06749341 0.16852365 0.16208027 0.02619756 0.03249395 -0.12913000 -0.04539126 -0.04406611 0.03176647 -0.05238775 -0.13759602 0.17083221 -0.05839088 0.04468380 -0.04986743 0.23860601 0.07023488 -0.00707859 0.07529546 0.02948189 0.17792164 -0.10371643 -0.04776822 -0.01499262 0.19929507 -0.04373387 0.06480462 0.02305694 0.12466095 -0.06440476 -0.03947106 -0.05343648 -0.04144781 0.13811361 0.07703842 -0.17271948 -0.08877851 -0.07011759 -0.01322108 -0.00887956 -0.14211244 -0.15317376 0.08455774 0.21079601 0.07559346 0.05084858 0.02015851 0.06029384 0.06453101 -0.02731265 0.12669483 -0.03682814 -0.03193652 0.22439190 0.13189545 -0.03874923 0.09787452 -0.02367738 0.03901447 0.19726077 -0.00036754 0.16116084 -0.02203513 0.11132831 -0.06380695 0.10457091 0.19710650 0.04659407
0.36310622 0.19050468 1.00000000 0.04930221 0.08441299 0.31439435 0.07180684 0.11656946 -0.02560119 0.24459617 0.05741931 0.25487866 0.34737804 -0.01994160 -0.12943555 0.04834391 -0.03074531 -0.20004609 -0.10144390 0.04707265 -0.14133120 0.11626345 0.04174718 0.09966332 0.18850792 0.06918975 -0.20912548 -0.23926820 -0.11967239 0.11246515 -0.16661537 -0.08665453 0.11947927 0.04693320 0.03505759 0.14287285 0.07899246 -0.21281632 0.02465151 0.09044648 0.04627256 0.02747023 -0.05526420 -0.07128632 0.04622845 -0.00492893 0.03553107 -0.01826327 0.07714338 0.05174692 0.10637919 0.07881538 -0.02334358 -0.04139442 0.02281559 0.04372257 0.05780880 -0.03949159 -0.16197682 0.12631957 0.14384526 -0.09933505 -0.13710789 0.07073111 0.07111139 -0.17171340 -0.03632635 -0.29813580 -0.09016889 0.06376483 -0.17250249 -0.04563123 -0.09068877 0.11659319 -0.13776701 -0.16896148 0.10784880 -0.03200597
-0.01884843 0.06592527 0.04930221 1.00000000 0.31706655 0.16435329 0.26697904 0.24001879 0.07983863 0.33633036 0.04445042 -0.20386100 -0.08905783 -0.20232091 -0.13230387 -0.09492419 0.12727189 0.11085468 0.10832612 -0.12513239 0.14291255 -0.17114385 0.15568388 0.09503893 0.04923136 -0.08611695 0.16936417 0.17581187 0.08025559 -0.05829011 0.01717268 0.18322075 -0.01661644 0.08507760 -0.14651532 -0.04377200 0.14974381 0.08879350 0.10551786 0.04339732 0.01207942 0.17307304 0.14545481 0.14958013 0.02587581 0.15563350 0.15910346 0.14341462 0.05896110 0.02662500 0.00847486 0.13761307 0.02374510 -0.11689394 -0.06994925 -0.01736940 -0.02835332 -0.02507943 -0.00063401 -0.15046676 -0.16666051 0.12826633 0.18981325 0.02577047 0.00801380 0.17361841 0.12531329 -0.02893016 -0.23189036 -0.00002151 0.11200489 -0.14241137 0.21240484 -0.01213803 0.17544957 -0.01795778 -0.11212922 0.10485879
0.19956602 0.15830466 0.08441299 0.31706655 1.00000000 0.24978915 0.20843771 0.51472933 0.16183650 0.22078550 -0.01347888 0.01576530 0.01145732 -0.09773545 -0.19088632 -0.11163180 0.07568366 0.04309107 0.12708982 -0.21679828 0.01304219 -0.06893465 0.12304352 0.17185075 -0.00366174 0.10193053 0.23112593 0.16944015 0.15168446 0.10089712 0.22223475 0.14349560 0.02944979 0.20354802 0.19169680 0.02013317 0.34719382 0.16907360 0.26801803 0.10372692 0.07782108 0.10117347 0.14755015 0.34334667 0.16043173 0.04615675 0.30568422 0.16914271 0.06244600 0.18699566 -0.08449068 0.00502907 0.03540778 0.05505405 0.00832435 0.13290379 -0.15084394 0.24184705 -0.00122702 -0.04570331 -0.10749170 0.11138871 0.27031425 0.02651186 0.18425907 0.24309148 0.27199597 0.12187121 0.04983115 0.24503992 0.18149212 0.06346859 0.28990035 0.17900627 0.22064086 0.22750595 0.15081045 0.32141869
0.40313474 0.16175508 0.31439435 0.16435329 0.24978915 1.00000000 -0.03991726 0.17577875 0.06505992 0.17412454 -0.14476678 0.25779933 0.44164746 0.06104222 -0.10184768 0.08614329 0.13120615 -0.15467232 -0.08310300 -0.05598605 -0.17697812 0.06002331 0.01207768 0.07820850 0.23358670 0.10316222 -0.00370912 -0.30506788 -0.20942771 0.03354866 -0.01202319 -0.03778218 0.22163463 0.20199821 0.27187450 -0.03787464 0.24213839 -0.27080627 -0.03234331 0.19063593 0.33456775 0.23137429 0.07464691 0.16938788 0.33456802 0.02305652 0.23083609 0.20767461 0.18802653 0.29690857 0.16293410 0.21837398 -0.05899605 0.04581690 0.02425635 0.14703626 -0.06885546 -0.01020909 -0.08811197 0.11883776 0.00283781 -0.12649130 -0.17340141 -0.04259072 0.01199268 -0.11497683 0.05286727 -0.11102695 0.11559261 0.09780956 -0.09809717 -0.00436766 -0.10023672 0.25366840 -0.04115970 -0.07615515 0.23950985 -0.01999525
0.01302828 0.14592278 0.07180684 0.26697904 0.20843771 -0.03991726 1.00000000 0.18013972 0.06887266 0.13658180 0.22498879 -0.14272128 -0.00768170 -0.07557091 -0.01232618 -0.06485287 -0.01172048 0.08610031 0.07147696 -0.02757920 0.02903081 -0.02672049 0.01092121 0.00847450 -0.08536190 0.00435019 0.16050039 0.16579370 0.15983407 -0.01981245 0.13214684 -0.01963857 -0.05808339 0.01747967 0.00959058 0.04850555 0.07509568 0.10593528 0.11937010 -0.07597938 -0.11526593 -0.07154802 -0.01409858 0.06170603 -0.02761743 0.02427349 -0.01760324 -0.01577208 -0.06894049 -0.03955011 -0.15373017 -0.03336527 0.05475159 0.07776374 -0.01433293 -0.07706915 -0.07933830 -0.01661835 0.04434244 -0.11418447 -0.05570041 0.03477795 0.09547613 0.12941468 0.06259700 0.16108670 0.00116646 0.02484606 -0.03987582 0.08497338 0.10689874 0.03015969 0.16875947 -0.01972420 0.07633362 0.08006519 -0.01884291 0.06425895
0.20436502 0.22149110 0.11656946 0.24001879 0.51472933 0.17577875 0.18013972 1.00000000 0.12549813 0.23075918 0.08024750 0.02224960 0.01030052 -0.04574207 -0.09380927 -0.06073860 0.07137387 0.12141924 0.14951738 -0.15335121 0.08389114 -0.04129407 0.15151150 0.23165841 0.02681453 0.15427890 0.19342298 0.16707427 0.15601586 0.09665168 0.17730097 0.12691752 0.02364900 0.20913333 0.13105553 -0.01631429 0.29434619 0.14319206 0.25483447 0.07299294 0.00155956 0.10178950 0.11475909 0.28607584 0.07749366 0.02411511 0.24175443 0.12833698 0.04349565 0.10097855 -0.11257562 -0.01830667 0.08121983 0.03787365 -0.03299090 0.11692715 -0.08749597 0.14131470 -0.03909064 -0.04805577 -0.07110255 0.10371293 0.26108804 0.04443031 0.18333143 0.18521905 0.25591831 0.05440914 -0.04826050 0.25999150 0.15262126 0.06919525 0.24584846 0.16999389 0.16916249 0.19574622 0.11420311 0.26836430
0.00792703 0.27142252 -0.02560119 0.07983863 0.16183650 0.06505992 0.06887266 0.12549813 1.00000000 0.05863317 0.16981394 -0.03562301 0.16314126 0.03423204 0.11509188 0.02871724 0.10101782 -0.00212552 0.10706343 -0.05526017 -0.10118949 -0.01438180 -0.00705376 -0.06009719 -0.03649968 0.10371871 0.21150625 0.03924613 -0.00491876 -0.05185765 0.23043035 -0.09468497 -0.07765098 0.15078157 0.22479975 -0.15438036 0.10446680 0.04102276 -0.04686680 0.04517079 0.16734346 0.00545310 0.00262258 0.16867779 0.25669476 -0.03688451 0.07144445 0.04224807 -0.05924469 0.15619253 -0.16064465 0.00609041 0.22496409 0.25425961 -0.00765917 0.00507723 -0.16258015 0.00650415 0.13895954 -0.06924194 -0.00701917 -0.08694447 0.09346689 0.05827629 0.09865189 0.05176239 -0.11745072 0.23749208 0.27612517 0.01980094 0.09147144 0.20333011 -0.06402712 0.02083803 0.06911868 0.20643794 0.05359743 -0.05877037
0.10749953 0.12580597 0.24459617 0.33633036 0.22078550 0.17412454 0.13658180 0.23075918 0.05863317 1.00000000 0.11254696 0.03480638 0.07743644 -0.15053514 -0.14792256 -0.13073015 0.06414906 0.01614349 0.00705632 -0.06858310 0.05289894 -0.00791112 0.10316412 0.04090624 0.02854853 0.01410196 0.02930951 0.07761373 0.09493153 0.09025783 0.02190382 0.14137304 0.02919138 0.05954025 -0.12018209 0.07590489 0.12468122 0.04729763 0.13098217 0.01662408 -0.05384921 0.08970730 0.04855217 0.08562549 -0.01320036 0.00457122 0.05150421 0.02061192 0.02070655 -0.04759859 0.04579090 -0.00564756 -0.00642486 -0.08305034 0.02907395 0.04500448 0.09750985 -0.06307774 -0.08850890 -0.09560371 -0.00844334 0.11003235 0.07913241 0.12066703 0.00560141 0.10792671 0.17297374 -0.22603519 -0.25150867 0.10763256 0.06870308 -0.10043071 0.20635131 0.01775109 0.06594391 -0.03752738 0.09193685 0.12436798
-0.01586419 0.06749341 0.05741931 0.04445042 -0.01347888 -0.14476678 0.22498879 0.08024750 0.16981394 0.11254696 1.00000000 0.12865177 0.04070898 0.00348782 0.16443901 0.02239523 -0.01158126 0.05526923 0.05652419 0.08509522 0.01344120 -0.00726982 0.03342531 -0.04334379 0.03235217 0.02482158 0.07875380 -0.01519234 0.06929264 0.00604855 -0.05287372 -0.03775389 -0.02422313 -0.00338592 -0.06964553 -0.04097207 0.02458304 -0.05221187 -0.02953852 0.03475762 -0.04150303 -0.12382629 -0.10184934 -0.07243355 -0.04715275 0.02186007 -0.12364925 -0.03847032 -0.10211286 -0.05155414 -0.01745089 -0.13821123 0.18297958 0.02139211 0.10432364 0.04645816 -0.08705005 -0.09860835 0.02357319 -0.08283071 0.01982247 -0.01546548 0.09397573 0.12978925 0.05344216 -0.05836690 -0.20475013 0.06174563 0.01352015 -0.12776203 0.05565416 0.06381322 -0.04336861 -0.09904732 -0.04104502 0.02283498 -0.10570160 -0.02821902
0.36303273 0.16852365 0.25487866 -0.20386100 0.01576530 0.25779933 -0.14272128 0.02224960 -0.03562301 0.03480638 0.12865177 1.00000000 0.42901351 0.06777021 -0.03840969 0.05872117 -0.13792694 -0.21345339 -0.27246700 0.04495222 -0.20727728 0.28973075 -0.14500916 -0.05142030 0.11920441 0.12208996 -0.35628755 -0.32723764 -0.13241635 0.18522422 -0.20593541 -0.10595552 0.15394289 -0.17232841 0.08854700 0.15313254 -0.05546051 -0.19244327 0.02663647 0.05840508 0.00416584 -0.16025393 -0.15630257 -0.13224185 -0.04156041 -0.16789964 -0.11218407 -0.16877405 -0.03497439 -0.03712942 0.16891068 -0.20405998 -0.16052609 -0.02758301 0.25896128 0.23286078 0.19884104 0.13449376 -0.11941073 0.31111330 0.22167965 -0.10600824 -0.22860489 0.07013928 0.09724628 -0.34230837 -0.04584640 -0.18802456 0.01055781 0.14823211 -0.10114226 0.15034055 -0.24117925 -0.00266499 -0.20255341 -0.07328818 0.27642617 0.05374670
0.29657102 0.16208027 0.34737804 -0.08905783 0.01145732 0.44164746 -0.00768170 0.01030052 0.16314126 0.07743644 0.04070898 0.42901351 1.00000000 0.10789531 0.02559379 0.13461659 -0.02776359 -0.29119833 -0.19374619 0.06500771 -0.34471644 0.14580931 -0.12557997 -0.10642266 0.15628729 0.08129776 -0.13582368 -0.37973385 -0.21109315 0.05594926 -0.11974482 -0.27647248 0.13139199 0.05583036 0.28419112 0.07459530 0.10304404 -0.32741904 -0.14586657 0.13621472 0.13001806 -0.09136637 -0.21135483 -0.09544471 0.18012607 -0.14018576 -0.02860753 -0.08080164 0.00451235 0.13066419 0.05750831 0.01122854 0.00362231 0.16856533 0.08727597 0.08509739 0.00675845 0.00765832 -0.04964375 0.13974191 0.15376294 -0.23042035 -0.20934855 0.06233167 0.03848705 -0.30989866 -0.20057141 -0.09662587 0.19317451 0.03252084 -0.17215522 0.14894562 -0.35373955 0.03937310 -0.15993029 -0.04839302 0.21637572 -0.18403176
0.05290375 0.02619756 -0.01994160 -0.20232091 -0.09773545 0.06104222 -0.07557091 -0.04574207 0.03423204 -0.15053514 0.00348782 0.06777021 0.10789531 1.00000000 0.41278895 0.56690007 0.37339369 0.26894056 0.19108239 0.37629531 0.11331109 0.17436323 0.13426607 0.19314205 0.35821395 0.31731012 0.09074645 -0.27892781 -0.23793980 -0.14600175 -0.08200489 -0.05606968 0.22662712 0.12163652 0.24323754 -0.14838097 -0.04519991 -0.29975120 -0.22858676 0.07578223 0.26443378 0.06635203 0.10255953 0.08566015 0.22004790 0.11646760 0.13288765 0.18624046 0.10247963 0.25738180 0.11162875 0.12111530 0.04874533 0.07306352 -0.18872679 -0.00841351 -0.19951906 -0.06098411 -0.01889714 0.04957762 -0.09419264 -0.27872962 -0.14241238 -0.26853647 -0.02093792 -0.21069148 -0.11627981 0.24909532 0.38646438 -0.09962569 -0.10948849 0.05391944 -0.15358847 0.19087023 -0.15634730 -0.03050653 -0.03978596 -0.15396986
-0.11122925 0.03249395 -0.12943555 -0.13230387 -0.19088632 -0.10184768 -0.01232618 -0.09380927 0.11509188 -0.14792256 0.16443901 -0.03840969 0.02559379 0.41278895 1.00000000 0.40287081 0.27222959 0.31196962 0.21387272 0.36354324 0.12752604 0.08591594 0.03681569 -0.00939265 0.21815122 0.21827110 0.15353087 -0.03230649 -0.10051719 -0.13947779 0.00594842 -0.04925963 0.01014580 0.09287362 0.16133206 -0.14876175 -0.09146639 -0.05411764 -0.17935218 -0.06569491 0.14729665 -0.02433408 -0.04587442 0.00734259 0.15251944 0.09888043 -0.00652438 0.03791549 0.00704123 0.10734024 0.04224831 0.01267457 0.12274407 0.15866773 -0.08423134 -0.06455144 -0.15483971 -0.04354653 0.03638948 -0.08711092 -0.09199485 -0.16948088 -0.04496286 -0.14408912 -0.01134932 -0.14162489 -0.24224208 0.25878346 0.27966228 -0.13399529 -0.04007483 0.14031935 -0.15297026 -0.06907299 -0.08003254 0.04171311 -0.08875233 -0.20285203
-0.10267787 -0.12913000 0.04834391 -0.09492419 -0.11163180 0.08614329 -0.06485287 -0.06073860 0.02871724 -0.13073015 0.02239523 0.05872117 0.13461659 0.56690007 0.40287081 1.00000000 0.44478133 0.19403442 0.15495407 0.43838166 0.13561493 0.18215045 0.10539011 0.06619182 0.36778769 0.11977674 0.07163516 -0.22077527 -0.25091433 -0.06576923 -0.18003874 -0.12171463 0.09788846 0.16675663 0.19346615 -0.07615443 -0.04680879 -0.23400111 -0.20676338 0.06775419 0.25100139 0.02841692 -0.06093381 -0.01672589 0.21600706 0.08228862 0.11863658 0.08762985 -0.02170622 0.17196285 0.10854059 0.16284297 -0.01197679 0.04167563 -0.13015634 -0.05474691 -0.23097725 -0.07972497 -0.06818662 -0.03019401 -0.15761188 -0.26828919 -0.13612952 -0.27550463 -0.08455430 -0.16262894 -0.27367846 0.16706776 0.32071233 -0.15443255 -0.12076492 0.04891276 -0.23140435 -0.05150568 -0.13315449 -0.07558223 -0.08406967 -0.22790256
-0.04746862 -0.04539126 -0.03074531 0.12727189 0.07568366 0.13120615 -0.01172048 0.07137387 0.10101782 0.06414906 -0.01158126 -0.13792694 -0.02776359 0.37339369 0.27222959 0.44478133 1.00000000 0.33421107 0.26328253 0.20624053 0.22179624 0.04967913 0.28896341 0.26237231 0.30609306 0.26888390 0.27010914 0.02288621 -0.02755320 -0.00324581 0.10944164 0.07662713 0.11853307 0.31736521 0.16029290 -0.13776142 0.14542101 -0.02806041 0.00522413 0.04082492 0.22728693 0.17814505 0.07039898 0.11931632 0.21657059 0.09906051 0.14229403 0.18106821 0.04267639 0.18886348 0.02377390 0.12229109 0.07109352 0.04068838 -0.11318781 0.01341800 -0.19892262 -0.13106897 -0.04336448 -0.15199172 -0.14549167 -0.07581555 0.05293172 -0.13604481 -0.03640045 0.09954087 0.02405841 0.14899972 0.19981510 -0.01327223 0.02879519 -0.01666595 0.06387432 0.09090441 0.11127993 0.03504647 -0.02808609 -0.01560749
-0.15119750 -0.04406611 -0.20004609 0.11085468 0.04309107 -0.15467232 0.08610031 0.12141924 -0.00212552 0.01614349 0.05526923 -0.21345339 -0.29119833 0.26894056 0.31196962 0.19403442 0.33421107 1.00000000 0.39057771 0.16132942 0.40810792 0.04190971 0.26642135 0.16037909 0.18634745 0.12793767 0.29789594 0.28117769 0.09461809 -0.13893342 0.14037208 0.23004607 -0.02001783 0.09710548 -0.04202316 -0.18790280 -0.06193461 0.18000303 0.06555494 -0.06848042 0.05448496 0.21012371 0.24866754 0.16107106 0.06658479 0.21913556 0.12843073 0.23020353 0.06780502 0.06712927 0.05826792 0.07887133 0.02946544 -0.10406058 -0.17872442 -0.07264720 -0.14008002 -0.03980865 0.04251381 -0.14626031 -0.18994059 0.10886794 0.14770592 -0.16480956 -0.03044640 0.12274971 0.11717547 0.23151771 0.01422028 -0.05682705 0.14048684 -0.11802607 0.25042170 0.03674307 0.07448202 0.03931735 -0.20573333 0.08299612
-0.10669715 0.03176647 -0.10144390 0.10832612 0.12708982 -0.08310300 0.07147696 0.14951738 0.10706343 0.00705632 0.05652419 -0.27246700 -0.19374619 0.19108239 0.21387272 0.15495407 0.26328253 0.39057771 1.00000000 0.16600710 0.36634840 0.03999358 0.29167662 0.20893429 0.09050468 0.23967037 0.28432516 0.21038721 0.09327064 -0.09140105 0.20400285 0.09134150 -0.04801732 0.20865958 0.05161708 -0.11706057 0.08452223 0.14138706 0.07960135 -0.04358119 0.01112209 0.08992684 0.10342797 0.16318015 0.05057123 0.09284548 0.13009056 0.16000307 0.01341577 0.08389303 -0.13323403 0.04941993 0.16509550 0.06729652 -0.10345992 -0.00246237 -0.16065896 0.01267103 0.09455243 -0.17401265 -0.12970101 0.07763772 0.17050224 -0.01903248 0.10540018 0.23831434 0.12672691 0.25215012 0.07374521 -0.02566161 0.18103674 0.07566266 0.17198074 0.04725706 0.14207050 0.19297638 -0.09412030 0.12410398
-0.12586081 -0.05238775 0.04707265 -0.12513239 -0.21679828 -0.05598605 -0.02757920 -0.15335121 -0.05526017 -0.06858310 0.08509522 0.04495222 0.06500771 0.37629531 0.36354324 0.43838166 0.20624053 0.16132942 0.16600710 1.00000000 0.06364633 0.18129063 0.19373597 0.16740326 0.30466180 0.03974659 -0.05511886 -0.19492668 -0.15402084 -0.08453257 -0.25271742 -0.15777631 0.09125066 0.02806697 -0.01484460 0.02328339 -0.12490076 -0.24874292 -0.19337462 0.00732856 0.05441519 -0.05066833 -0.04356361 -0.12385978 0.00796230 0.06184445 -0.02800258 0.02146106 -0.00806335 0.02474784 0.09531212 0.14366058 -0.00333158 -0.02048988 -0.09886100 -0.10090461 -0.05842530 -0.12521842 -0.01908656 -0.08575906 -0.06484909 -0.11442075 -0.15264334 -0.12226641 -0.10992909 -0.17940153 -0.22183181 -0.01765451 0.09020217 -0.20034983 -0.16815820 -0.07722598 -0.19934940 -0.09833059 -0.17368887 -0.21126392 -0.18545728 -0.21413904
-0.12242836 -0.13759602 -0.14133120 0.14291255 0.01304219 -0.17697812 0.02903081 0.08389114 -0.10118949 0.05289894 0.01344120 -0.20727728 -0.34471644 0.11331109 0.12752604 0.13561493 0.22179624 0.40810792 0.36634840 0.06364633 1.00000000 0.06503452 0.12582873 0.17605812 0.11531358 0.12221147 0.10468662 0.22834532 0.06688079 -0.06950385 0.02796059 0.29687178 0.04046562 0.05427046 -0.21790250 -0.04427942 -0.05821725 0.19546939 0.10922953 -0.08685127 -0.07053007 0.12884527 0.19553019 0.03818111 -0.09908575 0.21990393 0.08856027 0.14780606 0.06964491 -0.04402063 0.11896345 0.08481545 -0.08108635 -0.22212123 -0.12662497 0.02690376 -0.00903688 -0.04585671 -0.04087440 -0.06541550 -0.18409842 0.13220748 0.13049412 -0.13797019 0.00984406 0.17041303 0.14883853 0.10221328 -0.16026296 -0.05977550 0.11689180 -0.12749667 0.25904468 -0.01930120 0.10877660 -0.02010142 -0.20200758 0.15223692
0.11052823 0.17083221 0.11626345 -0.17114385 -0.06893465 0.06002331 -0.02672049 -0.04129407 -0.01438180 -0.00791112 -0.00726982 0.28973075 0.14580931 0.17436323 0.08591594 0.18215045 0.04967913 0.04190971 0.03999358 0.18129063 0.06503452 1.00000000 -0.00820515 0.12882313 0.03947334 0.41055735 -0.25928771 -0.15086880 0.05565420 0.17301340 -0.08334051 -0.24764162 0.03992691 -0.20315790 0.06494329 0.19600243 -0.03783139 -0.06815731 0.13111121 -0.11977977 -0.15392292 -0.16024361 -0.17625807 -0.11854224 -0.05295102 -0.28817863 -0.21642466 -0.26473278 -0.16479613 -0.19023607 -0.12551042 -0.22049185 -0.10793784 0.06168125 0.22207158 0.01454489 0.25654698 0.05055566 -0.05506712 0.14964266 0.20537631 0.03153249 -0.20619465 0.23732172 0.02508253 -0.07227905 0.03999486 -0.25233627 -0.09544392 0.18644368 -0.05885476 0.10078000 -0.07678369 -0.08463931 -0.09912831 0.01075982 0.15014794 0.01967755
-0.00758571 -0.05839088 0.04174718 0.15568388 0.12304352 0.01207768 0.01092121 0.15151150 -0.00705376 0.10316412 0.03342531 -0.14500916 -0.12557997 0.13426607 0.03681569 0.10539011 0.28896341 0.26642135 0.29167662 0.19373597 0.12582873 -0.00820515 1.00000000 0.28607634 0.35276117 0.09078996 0.15342944 0.15547109 0.10778807 0.09394293 0.06893780 0.15478802 0.06924067 0.24277461 -0.00526997 0.03284328 0.16976734 0.07074086 0.15833880 0.04660404 0.00656454 0.12860127 0.04128440 0.05533942 -0.02994367 0.08522101 0.12059270 0.09114505 0.02899649 0.06685059 -0.03906953 0.07255454 0.12998502 -0.05264319 -0.07993684 0.02838761 -0.10298032 -0.07668226 -0.06746027 -0.09880729 -0.04740190 0.09403644 0.18749825 -0.05142139 0.03837457 0.13166116 0.12728554 0.02755296 -0.02948921 0.02299529 0.08658741 -0.11197719 0.15707111 0.05674748 0.08704965 0.02101309 -0.07240809 0.07581321
0.08031682 0.04468380 0.09966332 0.09503893 0.17185075 0.07820850 0.00847450 0.23165841 -0.06009719 0.04090624 -0.04334379 -0.05142030 -0.10642266 0.19314205 -0.00939265 0.06619182 0.26237231 0.16037909 0.20893429 0.16740326 0.17605812 0.12882313 0.28607634 1.00000000 0.26231543 0.31805783 -0.00476346 0.01805771 0.02097538 0.08790164 0.02696891 0.09644229 0.18821023 0.14707841 0.05442724 0.05746664 0.19247106 -0.01694423 0.16849793 0.11243394 0.00149178 0.09637108 0.09795938 0.11399760 0.02182039 0.00597079 0.13301564 0.10147293 0.09035035 0.07301757 -0.05465561 0.04424281 -0.00761264 -0.05750845 -0.03419996 0.08248614 0.05473793 0.06313280 -0.06170264 0.04566052 0.01165056 0.15184721 0.13287486 0.02885823 0.11872094 0.09707701 0.24784315 -0.05642997 -0.10334052 0.12569703 0.05029817 -0.05495250 0.21358353 0.16458959 0.08499328 0.03953231 -0.00638587 0.17834161
0.10931962 -0.04986743 0.18850792 0.04923136 -0.00366174 0.23358670 -0.08536190 0.02681453 -0.03649968 0.02854853 0.03235217 0.11920441 0.15628729 0.35821395 0.21815122 0.36778769 0.30609306 0.18634745 0.09050468 0.30466180 0.11531358 0.03947334 0.35276117 0.26231543 1.00000000 0.08398108 0.06804524 -0.26587280 -0.25884674 -0.04001171 -0.16984334 0.08866513 0.24756200 0.25465653 0.09641738 -0.11534456 0.08454076 -0.29372965 -0.14262985 0.17044523 0.24227577 0.20066397 0.10082699 0.03227215 0.16645582 0.17955471 0.19186311 0.26204527 0.15756040 0.24824826 0.23521507 0.24409452 0.04977090 -0.07205100 -0.13488107 0.07608466 -0.09941021 -0.12825736 -0.13920572 0.02535678 -0.09342254 -0.14935462 -0.06041353 -0.21358026 -0.02662366 -0.17071165 -0.05870293 0.01175432 0.13498653 -0.09031522 -0.11176578 -0.11440706 -0.09703547 0.17753122 -0.11685741 -0.19294255 -0.00741880 -0.11299161
0.23277491 0.23860601 0.06918975 -0.08611695 0.10193053 0.10316222 0.00435019 0.15427890 0.10371871 0.01410196 0.02482158 0.12208996 0.08129776 0.31731012 0.21827110 0.11977674 0.26888390 0.12793767 0.23967037 0.03974659 0.12221147 0.41055735 0.09078996 0.31805783 0.08398108 1.00000000 0.03638868 -0.07497458 0.07652529 0.16873755 0.19238063 -0.03631616 0.19186775 0.16063313 0.26980752 0.02407189 0.20508065 0.01294351 0.20161354 -0.03901586 0.02092856 -0.05008213 -0.04010982 0.11016378 0.11876291 -0.15933673 0.01500904 -0.03936908 -0.00151651 0.09087153 -0.13494452 -0.16312799 0.07929457 0.19161293 0.09338563 0.14111567 0.01445441 0.01241874 -0.04396444 0.07758571 0.18342959 -0.00775845 -0.00472558 0.14852943 0.17427288 0.03865250 0.21550845 0.03211839 0.12916604 0.25122834 0.06489271 0.24187873 0.06871844 0.19839825 0.04092296 0.17787066 0.25511162 0.12258938
-0.12992151 0.07023488 -0.20912548 0.16936417 0.23112593 -0.00370912 0.16050039 0.19342298 0.21150625 0.02930951 0.07875380 -0.35628755 -0.13582368 0.09074645 0.15353087 0.07163516 0.27010914 0.29789594 0.28432516 -0.05511886 0.10468662 -0.25928771 0.15342944 -0.00476346 0.06804524 0.03638868 1.00000000 0.30253047 0.17133886 -0.04404196 0.41205141 0.26105701 -0.04196372 0.45831607 0.30835323 -0.22880422 0.30396710 0.18748501 0.10271644 0.07664593 0.25707848 0.20863610 0.15710115 0.29994396 0.36837549 0.20498890 0.28970653 0.35887182 0.12129600 0.34600284 -0.06273113 0.18615975 0.31010744 0.19673357 -0.13550977 0.02265764 -0.40827750 -0.03644553 0.17236556 -0.25379887 -0.18830706 -0.04210364 0.30890877 -0.10512140 0.08037012 0.22933303 0.05127572 0.46839015 0.35684903 -0.05733465 0.24607272 0.08204731 0.17842195 0.14681705 0.18289182 0.18851845 -0.04396436 0.09323228
-0.24489796 -0.00707859 -0.23926820 0.17581187 0.16944015 -0.30506788 0.16579370 0.16707427 0.03924613 0.07761373 -0.01519234 -0.32723764 -0.37973385 -0.27892781 -0.03230649 -0.22077527 0.02288621 0.28117769 0.21038721 -0.19492668 0.22834532 -0.15086880 0.15547109 0.01805771 -0.26587280 -0.07497458 0.30253047 1.00000000 0.48585496 0.13984663 0.41684329 0.30167603 -0.24026573 0.00579838 -0.07585328 0.13360894 0.06677845 0.70087953 0.38061067 -0.17952897 -0.25903236 0.02085226 0.00960929 0.08886682 -0.13418509 0.01230720 -0.00684888 -0.02645871 -0.13390451 -0.18033607 -0.25258686 -0.15003636 0.03455531 -0.00077696 0.02763070 -0.06793880 -0.01346851 0.09772057 0.11820232 -0.17957680 -0.10347554 0.26752799 0.35701526 0.09390923 0.09240284 0.32354507 0.17951613 0.16099401 -0.14041884 0.09317012 0.27535009 0.01341437 0.35403080 -0.19940925 0.27884533 0.25364910 -0.10151075 0.21470859
-0.10210720 0.07529546 -0.11967239 0.08025559 0.15168446 -0.20942771 0.15983407 0.15601586 -0.00491876 0.09493153 0.06929264 -0.13241635 -0.21109315 -0.23793980 -0.10051719 -0.25091433 -0.02755320 0.09461809 0.09327064 -0.15402084 0.06688079 0.05565420 0.10778807 0.02097538 -0.25884674 0.07652529 0.17133886 0.48585496 1.00000000 0.37761780 0.43373255 0.13313164 -0.05436920 0.02932486 -0.01045187 0.38647728 0.29045122 0.50036351 0.52671205 -0.14816553 -0.32384489 -0.13516920 -0.18639911 -0.10043679 -0.25892760 -0.21540880 -0.17771019 -0.20354543 -0.23132378 -0.25316100 -0.33178995 -0.33783174 0.09809751 -0.01998501 0.18375276 0.01679556 0.07476132 0.05193473 -0.04275725 -0.07260826 0.02955077 0.28958232 0.22322549 0.25300528 0.14365726 0.32984938 0.24171995 -0.05435927 -0.19770279 0.22053277 0.19405790 0.07836590 0.27767668 -0.11112117 0.26194127 0.26210093 0.06760056 0.28583997
0.17022089 0.02948189 0.11246515 -0.05829011 0.10089712 0.03354866 -0.01981245 0.09665168 -0.05185765 0.09025783 0.00604855 0.18522422 0.05594926 -0.14600175 -0.13947779 -0.06576923 -0.00324581 -0.13893342 -0.09140105 -0.08453257 -0.06950385 0.17301340 0.09394293 0.08790164 -0.04001171 0.16873755 -0.04404196 0.13984663 0.37761780 1.00000000 0.26572742 0.12505900 0.16886280 0.19233664 0.20221410 0.38473471 0.34369947 0.28712795 0.48232700 -0.05030646 -0.10597343 -0.13544958 -0.23457483 -0.16488021 -0.09259613 -0.28951522 -0.10112313 -0.21645249 -0.18710374 -0.11619301 -0.17289749 -0.25261848 -0.02768827 0.03912087 0.24575584 0.17208987 0.07972899 0.07830020 -0.15519462 0.15525277 0.17523207 0.08706787 0.03018907 0.17993768 0.10080930 0.12327538 0.19867087 -0.20153728 -0.05113731 0.29326489 0.04941580 0.16578955 0.06753838 0.00891631 0.14952472 0.11675922 0.33039358 0.20775150
0.07248791 0.17792164 -0.16661537 0.01717268 0.22223475 -0.01202319 0.13214684 0.17730097 0.23043035 0.02190382 -0.05287372 -0.20593541 -0.11974482 -0.08200489 0.00594842 -0.18003874 0.10944164 0.14037208 0.20400285 -0.25271742 0.02796059 -0.08334051 0.06893780 0.02696891 -0.16984334 0.19238063 0.41205141 0.41684329 0.43373255 0.26572742 1.00000000 0.18418581 0.01665572 0.36089751 0.39753850 0.03175830 0.40229337 0.48652610 0.39376201 -0.07617903 0.01631924 0.08663510 0.01948846 0.16657885 0.17919836 -0.11319156 0.08194760 0.11927606 -0.00301780 0.12726567 -0.30922303 -0.12686889 0.15986198 0.28434276 0.07554871 0.08213440 -0.17617698 0.06692194 0.10936736 -0.02889514 0.02650042 0.06731108 0.21615527 0.10510080 0.14684003 0.31043867 0.27924866 0.27307901 0.22071245 0.22927973 0.25183047 0.23559195 0.25189406 0.18921747 0.27711943 0.39090407 0.22666620 0.22948640
0.08260426 -0.10371643 -0.08665453 0.18322075 0.14349560 -0.03778218 -0.01963857 0.12691752 -0.09468497 0.14137304 -0.03775389 -0.10595552 -0.27647248 -0.05606968 -0.04925963 -0.12171463 0.07662713 0.23004607 0.09134150 -0.15777631 0.29687178 -0.24764162 0.15478802 0.09644229 0.08866513 -0.03631616 0.26105701 0.30167603 0.13313164 0.12505900 0.18418581 1.00000000 0.25320123 0.25842099 -0.07004514 -0.05682537 0.07903544 0.27551350 0.20545327 -0.00137141 0.08991712 0.26729520 0.27162255 0.17433684 -0.03605514 0.26901262 0.26940979 0.32830556 0.21675397 0.16152477 0.25064101 0.10298245 -0.07622854 -0.23260239 -0.09814047 0.16429392 -0.12722994 -0.05955370 -0.07264685 -0.09638849 -0.16078269 0.10195533 0.21190995 -0.21019625 0.02122615 0.07601458 0.30300884 0.16581782 -0.07836870 0.01169581 0.19900994 -0.16065449 0.30071036 0.16505731 0.09612602 -0.05873714 -0.00917835 0.22891729
0.27487921 -0.04776822 0.11947927 -0.01661644 0.02944979 0.22163463 -0.05808339 0.02364900 -0.07765098 0.02919138 -0.02422313 0.15394289 0.13139199 0.22662712 0.01014580 0.09788846 0.11853307 -0.02001783 -0.04801732 0.09125066 0.04046562 0.03992691 0.06924067 0.18821023 0.24756200 0.19186775 -0.04196372 -0.24026573 -0.05436920 0.16886280 0.01665572 0.25320123 1.00000000 0.37838733 0.24571120 0.15511415 0.33332788 -0.17918785 0.10124096 0.17087409 0.21971058 0.19579019 0.13087432 0.03927048 0.06544679 0.13180530 0.20553437 0.23169206 0.21820265 0.28192052 0.26142882 0.09790342 -0.12281676 -0.08324500 -0.04825060 0.17528337 -0.07453020 -0.07715319 -0.12120164 0.08674384 -0.00667466 -0.12706821 -0.10604161 -0.16480589 0.00019862 -0.13308689 0.15004878 0.03716727 0.10387954 0.05042446 -0.03001195 -0.03062523 0.01672745 0.31504552 -0.03994751 -0.12396166 0.11904069 0.01957212
0.14321783 -0.01499262 0.04693320 0.08507760 0.20354802 0.20199821 0.01747967 0.20913333 0.15078157 0.05954025 -0.00338592 -0.17232841 0.05583036 0.12163652 0.09287362 0.16675663 0.31736521 0.09710548 0.20865958 0.02806697 0.05427046 -0.20315790 0.24277461 0.14707841 0.25465653 0.16063313 0.45831607 0.00579838 0.02932486 0.19233664 0.36089751 0.25842099 0.37838733 1.00000000 0.43289985 -0.03965397 0.47969782 0.00636811 0.25452486 0.16366836 0.38985393 0.30730029 0.07717306 0.20890425 0.32919302 0.16987481 0.38929819 0.37726405 0.17587022 0.46744334 0.07969640 0.26551335 0.18480976 0.14077138 -0.12263479 0.16236046 -0.38757329 -0.07690182 -0.01568196 -0.08907937 -0.14645481 -0.13243832 0.16430882 -0.18734414 0.09122069 0.13256327 0.15900363 0.27748158 0.32964231 0.03993972 0.08411168 0.13226874 0.13561597 0.35126023 0.14819930 0.13137512 0.18330481 0.07728083
0.18527247 0.19929507 0.03505759 -0.14651532 0.19169680 0.27187450 0.00959058 0.13105553 0.22479975 -0.12018209 -0.06964553 0.08854700 0.28419112 0.24323754 0.16133206 0.19346615 0.16029290 -0.04202316 0.05161708 -0.01484460 -0.21790250 0.06494329 -0.00526997 0.05442724 0.09641738 0.26980752 0.30835323 -0.07585328 -0.01045187 0.20221410 0.39753850 -0.07004514 0.24571120 0.43289985 1.00000000 0.01065432 0.48021957 -0.00914363 0.12643205 0.17330746 0.33459081 0.10077753 -0.07884699 0.19923486 0.42314773 -0.07477460 0.24992967 0.14044274 0.11078400 0.38937585 -0.13300546 0.05545372 0.11505140 0.37094118 0.00841519 0.17573134 -0.24247711 0.12448014 0.01386599 0.13173061 0.04023636 -0.26155650 -0.00317104 -0.06285930 0.12637399 -0.04275583 0.03942155 0.32605210 0.54503103 0.17880103 0.01720806 0.33707038 -0.07250100 0.25023593 0.04710207 0.27519845 0.31064195 0.02926510
0.03602927 -0.04373387 0.14287285 -0.04377200 0.02013317 -0.03787464 0.04850555 -0.01631429 -0.15438036 0.07590489 -0.04097207 0.15313254 0.07459530 -0.14838097 -0.14876175 -0.07615443 -0.13776142 -0.18790280 -0.11706057 0.02328339 -0.04427942 0.19600243 0.03284328 0.05746664 -0.11534456 0.02407189 -0.22880422 0.13360894 0.38647728 0.38473471 0.03175830 -0.05682537 0.15511415 -0.03965397 0.01065432 1.00000000 0.16644198 0.14794185 0.39204422 -0.04305364 -0.28228154 -0.15272102 -0.26026650 -0.25967170 -0.28038147 -0.23823616 -0.18561181 -0.29831066 -0.14205610 -0.26364669 -0.12035555 -0.19174744 -0.12754366 -0.04964031 0.21061330 0.00814243 0.20273792 0.08201873 -0.10176203 0.16271932 0.16285413 0.08052916 -0.07312801 0.18918270 0.07367554 0.03608896 0.08505195 -0.30992980 -0.24131532 0.18457845 -0.05223103 0.07570036 0.01520771 -0.11498999 0.03732059 0.02932871 0.16172724 0.12873440
0.17821944 0.06480462 0.07899246 0.14974381 0.34719382 0.24213839 0.07509568 0.29434619 0.10446680 0.12468122 0.02458304 -0.05546051 0.10304404 -0.04519991 -0.09146639 -0.04680879 0.14542101 -0.06193461 0.08452223 -0.12490076 -0.05821725 -0.03783139 0.16976734 0.19247106 0.08454076 0.20508065 0.30396710 0.06677845 0.29045122 0.34369947 0.40229337 0.07903544 0.33332788 0.47969782 0.48021957 0.16644198 1.00000000 0.10615511 0.41219298 0.24658933 0.13381270 0.12757196 -0.09260546 0.12003701 0.16929679 -0.07755771 0.21513391 0.10065878 0.04677688 0.25360861 -0.18081227 0.00819685 0.16749465 0.12843378 0.02836353 0.20963235 -0.14494556 0.05637778 -0.11248760 -0.02115490 -0.03905323 0.02886948 0.17953662 0.04434380 0.12672731 0.22065093 0.27149128 0.06635092 0.12732360 0.22371933 0.07662760 0.17913605 0.16434270 0.24459980 0.26276627 0.23455475 0.23141948 0.17715699
-0.15602246 0.02305694 -0.21281632 0.08879350 0.16907360 -0.27080627 0.10593528 0.14319206 0.04102276 0.04729763 -0.05221187 -0.19244327 -0.32741904 -0.29975120 -0.05411764 -0.23400111 -0.02806041 0.18000303 0.14138706 -0.24874292 0.19546939 -0.06815731 0.07074086 -0.01694423 -0.29372965 0.01294351 0.18748501 0.70087953 0.50036351 0.28712795 0.48652610 0.27551350 -0.17918785 0.00636811 -0.00914363 0.14794185 0.10615511 1.00000000 0.49438243 -0.23712426 -0.29718011 -0.09260827 -0.08689312 -0.00266980 -0.16997278 -0.10199385 -0.08745090 -0.13226257 -0.21046792 -0.23101048 -0.29110594 -0.28990038 -0.01139497 0.03239176 0.11867340 0.04520555 0.01298420 0.15936482 0.06242404 -0.10684627 -0.03798061 0.25317989 0.28280022 0.13136761 0.12974474 0.35154106 0.22616944 0.11532111 -0.12696205 0.21644786 0.24193687 0.13840079 0.33384989 -0.15809508 0.30908493 0.28704625 0.07062967 0.28567838
0.13977500 0.12466095 0.02465151 0.10551786 0.26801803 -0.03234331 0.11937010 0.25483447 -0.04686680 0.13098217 -0.02953852 0.02663647 -0.14586657 -0.22858676 -0.17935218 -0.20676338 0.00522413 0.06555494 0.07960135 -0.19337462 0.10922953 0.13111121 0.15833880 0.16849793 -0.14262985 0.20161354 0.10271644 0.38061067 0.52671205 0.48232700 0.39376201 0.20545327 0.10124096 0.25452486 0.12643205 0.39204422 0.41219298 0.49438243 1.00000000 -0.14424972 -0.22105369 -0.03815328 -0.12678361 -0.02101441 -0.16967850 -0.22545461 -0.04463593 -0.09173200 -0.18101048 -0.14451119 -0.23497870 -0.25008598 -0.00389125 -0.00140134 0.20969101 0.14375969 0.05385494 0.12978036 -0.11555104 0.06447263 0.07298391 0.23354625 0.19903621 0.23144334 0.18172211 0.31728513 0.39889863 -0.12861325 -0.21581468 0.39648939 0.15105487 0.15795160 0.36174638 0.06819255 0.25936743 0.24234585 0.23619976 0.42893938
0.06906591 -0.06440476 0.09044648 0.04339732 0.10372692 0.19063593 -0.07597938 0.07299294 0.04517079 0.01662408 0.03475762 0.05840508 0.13621472 0.07578223 -0.06569491 0.06775419 0.04082492 -0.06848042 -0.04358119 0.00732856 -0.08685127 -0.11977977 0.04660404 0.11243394 0.17044523 -0.03901586 0.07664593 -0.17952897 -0.14816553 -0.05030646 -0.07617903 -0.00137141 0.17087409 0.16366836 0.17330746 -0.04305364 0.24658933 -0.23712426 -0.14424972 1.00000000 0.32632948 0.29330532 0.15461337 0.23538800 0.27630339 0.19593434 0.35202543 0.25063082 0.30933165 0.37767486 0.20645558 0.26913146 0.07513721 -0.01051538 -0.05758608 0.11046955 -0.12408621 0.04160951 -0.00426316 0.03001035 -0.08615082 -0.14222673 0.03525929 -0.15566773 0.02466486 -0.07108768 -0.02562088 0.15493530 0.19938559 -0.11195442 -0.00446978 0.00870974 -0.05825623 0.12839936 0.02494685 -0.01932905 0.00932730 -0.08238513
0.11049702 -0.03947106 0.04627256 0.01207942 0.07782108 0.33456775 -0.11526593 0.00155956 0.16734346 -0.05384921 -0.04150303 0.00416584 0.13001806 0.26443378 0.14729665 0.25100139 0.22728693 0.05448496 0.01112209 0.05441519 -0.07053007 -0.15392292 0.00656454 0.00149178 0.24227577 0.02092856 0.25707848 -0.25903236 -0.32384489 -0.10597343 0.01631924 0.08991712 0.21971058 0.38985393 0.33459081 -0.28228154 0.13381270 -0.29718011 -0.22105369 0.32632948 1.00000000 0.43452020 0.37970506 0.38417896 0.61619444 0.38407692 0.54511170 0.58776340 0.42990143 0.63968815 0.42627897 0.52253357 0.08226530 0.07206076 -0.20423825 0.08061089 -0.36188314 -0.08704015 0.03817192 -0.03853137 -0.15811870 -0.26001146 -0.06951011 -0.34805656 -0.05824123 -0.15012925 -0.08176538 0.33656303 0.46453902 -0.16634202 -0.04065003 -0.07172435 -0.11972791 0.28098444 -0.09397625 -0.09572598 -0.02996125 -0.17306933
0.08087575 -0.05343648 0.02747023 0.17307304 0.10117347 0.23137429 -0.07154802 0.10178950 0.00545310 0.08970730 -0.12382629 -0.16025393 -0.09136637 0.06635203 -0.02433408 0.02841692 0.17814505 0.21012371 0.08992684 -0.05066833 0.12884527 -0.16024361 0.12860127 0.09637108 0.20066397 -0.05008213 0.20863610 0.02085226 -0.13516920 -0.13544958 0.08663510 0.26729520 0.19579019 0.30730029 0.10077753 -0.15272102 0.12757196 -0.09260827 -0.03815328 0.29330532 0.43452020 1.00000000 0.45873047 0.38149244 0.38966152 0.45153067 0.50223968 0.56992343 0.54405822 0.45091852 0.37288063 0.52775802 -0.02492013 -0.09366694 -0.19829783 0.06959642 -0.18617031 -0.05124427 0.04356389 -0.08778704 -0.18653187 -0.01338114 0.05838197 -0.27203895 -0.04525793 0.00657902 0.12061283 0.20000182 0.09742647 -0.14177310 0.09977352 -0.20568530 0.11991438 0.25246120 0.03729726 -0.09190225 -0.12892082 -0.01451202
0.09959086 -0.04144781 -0.05526420 0.14545481 0.14755015 0.07464691 -0.01409858 0.11475909 0.00262258 0.04855217 -0.10184934 -0.15630257 -0.21135483 0.10255953 -0.04587442 -0.06093381 0.07039898 0.24866754 0.10342797 -0.04356361 0.19553019 -0.17625807 0.04128440 0.09795938 0.10082699 -0.04010982 0.15710115 0.00960929 -0.18639911 -0.23457483 0.01948846 0.27162255 0.13087432 0.07717306 -0.07884699 -0.26026650 -0.09260546 -0.08689312 -0.12678361 0.15461337 0.37970506 0.45873047 1.00000000 0.56166981 0.35181111 0.55341622 0.46561639 0.54592463 0.49482784 0.44805303 0.36219602 0.42930577 -0.03458489 -0.13859571 -0.23803370 -0.00206885 -0.16262449 -0.01417589 0.08523522 -0.03328773 -0.13520219 0.05355462 0.09198889 -0.21169690 -0.03773721 0.01276482 0.11439770 0.22562876 0.04708841 -0.12683805 0.08773493 -0.29300086 0.19086796 0.26491001 -0.02812466 -0.12859205 -0.18868725 0.08428395
0.10603363 0.13811361 -0.07128632 0.14958013 0.34334667 0.16938788 0.06170603 0.28607584 0.16867779 0.08562549 -0.07243355 -0.13224185 -0.09544471 0.08566015 0.00734259 -0.01672589 0.11931632 0.16107106 0.16318015 -0.12385978 0.03818111 -0.11854224 0.05533942 0.11399760 0.03227215 0.11016378 0.29994396 0.08886682 -0.10043679 -0.16488021 0.16657885 0.17433684 0.03927048 0.20890425 0.19923486 -0.25967170 0.12003701 -0.00266980 -0.02101441 0.23538800 0.38417896 0.38149244 0.56166981 1.00000000 0.41059464 0.38319328 0.52849016 0.44576644 0.38878286 0.50307810 0.17808143 0.28256017 0.06767969 0.06664645 -0.17472452 0.07209693 -0.26319823 0.07320878 0.10676840 -0.14404553 -0.16999649 -0.01282218 0.16757220 -0.13382633 0.07040612 0.07841456 0.11127561 0.34555267 0.22096134 0.02935651 0.14831370 -0.03891376 0.17045290 0.25570920 0.06744795 0.09678255 -0.03726048 0.08862105
0.08761690 0.07703842 0.04622845 0.02587581 0.16043173 0.33456802 -0.02761743 0.07749366 0.25669476 -0.01320036 -0.04715275 -0.04156041 0.18012607 0.22004790 0.15251944 0.21600706 0.21657059 0.06658479 0.05057123 0.00796230 -0.09908575 -0.05295102 -0.02994367 0.02182039 0.16645582 0.11876291 0.36837549 -0.13418509 -0.25892760 -0.09259613 0.17919836 -0.03605514 0.06544679 0.32919302 0.42314773 -0.28038147 0.16929679 -0.16997278 -0.16967850 0.27630339 0.61619444 0.38966152 0.35181111 0.41059464 1.00000000 0.30664730 0.50514597 0.45759416 0.37696670 0.55395397 0.20306064 0.47654136 0.15518777 0.22541717 -0.11494916 0.08523839 -0.32747333 -0.02032115 0.10419438 -0.04828978 -0.10587285 -0.20993330 -0.00239167 -0.20159450 -0.00197116 -0.03907693 -0.10956434 0.35828616 0.49531545 -0.04430852 0.05362792 0.06370732 -0.04876943 0.24466207 -0.00304195 0.02408554 0.04052765 -0.10102830
-0.04552963 -0.17271948 -0.00492893 0.15563350 0.04615675 0.02305652 0.02427349 0.02411511 -0.03688451 0.00457122 0.02186007 -0.16789964 -0.14018576 0.11646760 0.09888043 0.08228862 0.09906051 0.21913556 0.09284548 0.06184445 0.21990393 -0.28817863 0.08522101 0.00597079 0.17955471 -0.15933673 0.20498890 0.01230720 -0.21540880 -0.28951522 -0.11319156 0.26901262 0.13180530 0.16987481 -0.07477460 -0.23823616 -0.07755771 -0.10199385 -0.22545461 0.19593434 0.38407692 0.45153067 0.55341622 0.38319328 0.30664730 1.00000000 0.49882089 0.59336034 0.51398972 0.51413601 0.50569390 0.56259255 -0.01089777 -0.15944033 -0.31716163 -0.07469424 -0.23969241 -0.07422632 0.06910278 -0.15355973 -0.25876187 -0.06119108 0.06892770 -0.33337542 -0.06493568 -0.09580559 -0.12814713 0.32655872 0.11550525 -0.26325551 0.04390423 -0.22241539 0.10592753 0.11608473 -0.04466190 -0.15239408 -0.32010156 -0.08183961
0.10762382 -0.08877851 0.03553107 0.15910346 0.30568422 0.23083609 -0.01760324 0.24175443 0.07144445 0.05150421 -0.12364925 -0.11218407 -0.02860753 0.13288765 -0.00652438 0.11863658 0.14229403 0.12843073 0.13009056 -0.02800258 0.08856027 -0.21642466 0.12059270 0.13301564 0.19186311 0.01500904 0.28970653 -0.00684888 -0.17771019 -0.10112313 0.08194760 0.26940979 0.20553437 0.38929819 0.24992967 -0.18561181 0.21513391 -0.08745090 -0.04463593 0.35202543 0.54511170 0.50223968 0.46561639 0.52849016 0.50514597 0.49882089 1.00000000 0.59479524 0.50876338 0.63062727 0.37897014 0.55920747 -0.00003103 -0.01854912 -0.23728303 0.09635445 -0.29811459 0.07851639 0.04795241 -0.07263754 -0.22055278 -0.07522288 0.15243152 -0.34455762 -0.00117240 0.00251270 0.08498707 0.38428170 0.29396179 -0.09700763 0.11259573 -0.08127424 0.10736550 0.26539033 0.07005891 0.02588746 -0.06093083 0.05915429
0.07349978 -0.07011759 -0.01826327 0.14341462 0.16914271 0.20767461 -0.01577208 0.12833698 0.04224807 0.02061192 -0.03847032 -0.16877405 -0.08080164 0.18624046 0.03791549 0.08762985 0.18106821 0.23020353 0.16000307 0.02146106 0.14780606 -0.26473278 0.09114505 0.10147293 0.26204527 -0.03936908 0.35887182 -0.02645871 -0.20354543 -0.21645249 0.11927606 0.32830556 0.23169206 0.37726405 0.14044274 -0.29831066 0.10065878 -0.13226257 -0.09173200 0.25063082 0.58776340 0.56992343 0.54592463 0.44576644 0.45759416 0.59336034 0.59479524 1.00000000 0.54163662 0.62766802 0.41728072 0.61975801 0.02838513 -0.02492237 -0.23994604 0.05458170 -0.33451824 -0.07208999 0.12485754 -0.12638641 -0.23649871 -0.10866328 0.07988668 -0.34620751 -0.00639635 -0.01493891 0.10192140 0.34984486 0.24269259 -0.19819442 0.09340686 -0.19314826 0.13363416 0.35208103 -0.02554514 -0.10501835 -0.15149766 0.00803663
0.17899257 -0.01322108 0.07714338 0.05896110 0.06244600 0.18802653 -0.06894049 0.04349565 -0.05924469 0.02070655 -0.10211286 -0.03497439 0.00451235 0.10247963 0.00704123 -0.02170622 0.04267639 0.06780502 0.01341577 -0.00806335 0.06964491 -0.16479613 0.02899649 0.09035035 0.15756040 -0.00151651 0.12129600 -0.13390451 -0.23132378 -0.18710374 -0.00301780 0.21675397 0.21820265 0.17587022 0.11078400 -0.14205610 0.04677688 -0.21046792 -0.18101048 0.30933165 0.42990143 0.54405822 0.49482784 0.38878286 0.37696670 0.51398972 0.50876338 0.54163662 1.00000000 0.54811486 0.44044508 0.53273533 -0.04834840 -0.05350397 -0.18306992 0.08630481 -0.14100504 -0.01075172 0.06025070 -0.00676381 -0.04972210 -0.07400745 -0.00480198 -0.26886777 -0.03531667 -0.13452232 0.07147449 0.22978883 0.15534134 -0.13575096 0.02775222 -0.21206753 0.05573865 0.31934227 -0.06450418 -0.19126126 -0.09690582 -0.06234603
0.18783271 -0.00887956 0.05174692 0.02662500 0.18699566 0.29690857 -0.03955011 0.10097855 0.15619253 -0.04759859 -0.05155414 -0.03712942 0.13066419 0.25738180 0.10734024 0.17196285 0.18886348 0.06712927 0.08389303 0.02474784 -0.04402063 -0.19023607 0.06685059 0.07301757 0.24824826 0.09087153 0.34600284 -0.18033607 -0.25316100 -0.11619301 0.12726567 0.16152477 0.28192052 0.46744334 0.38937585 -0.26364669 0.25360861 -0.23101048 -0.14451119 0.37767486 0.63968815 0.45091852 0.44805303 0.50307810 0.55395397 0.51413601 0.63062727 0.62766802 0.54811486 1.00000000 0.37852592 0.49838565 0.09568834 0.12770446 -0.21090309 0.09810332 -0.39004134 0.00429244 0.08058988 -0.05709558 -0.12518001 -0.23275139 0.01844896 -0.30854576 0.03979062 -0.10648591 -0.01660958 0.44240421 0.48094685 -0.16946146 0.01861523 -0.00411626 -0.03848406 0.38338327 -0.03175728 -0.02224823 -0.00951123 -0.07693942
0.12131410 -0.14211244 0.10637919 0.00847486 -0.08449068 0.16293410 -0.15373017 -0.11257562 -0.16064465 0.04579090 -0.01745089 0.16891068 0.05750831 0.11162875 0.04224831 0.10854059 0.02377390 0.05826792 -0.13323403 0.09531212 0.11896345 -0.12551042 -0.03906953 -0.05465561 0.23521507 -0.13494452 -0.06273113 -0.25258686 -0.33178995 -0.17289749 -0.30922303 0.25064101 0.26142882 0.07969640 -0.13300546 -0.12035555 -0.18081227 -0.29110594 -0.23497870 0.20645558 0.42627897 0.37288063 0.36219602 0.17808143 0.20306064 0.50569390 0.37897014 0.41728072 0.44044508 0.37852592 1.00000000 0.45150263 -0.19369244 -0.25716567 -0.15935819 0.05641237 -0.07528804 -0.11937638 -0.02958340 -0.01527246 -0.10716362 -0.09732314 -0.12273161 -0.32208229 -0.12100273 -0.27175087 -0.09470927 0.04494347 0.00443467 -0.23867882 -0.07764759 -0.31998265 -0.07861915 0.13740578 -0.20137260 -0.36514299 -0.16563302 -0.12180404
-0.04519123 -0.15317376 0.07881538 0.13761307 0.00502907 0.21837398 -0.03336527 -0.01830667 0.00609041 -0.00564756 -0.13821123 -0.20405998 0.01122854 0.12111530 0.01267457 0.16284297 0.12229109 0.07887133 0.04941993 0.14366058 0.08481545 -0.22049185 0.07255454 0.04424281 0.24409452 -0.16312799 0.18615975 -0.15003636 -0.33783174 -0.25261848 -0.12686889 0.10298245 0.09790342 0.26551335 0.05545372 -0.19174744 0.00819685 -0.28990038 -0.25008598 0.26913146 0.52253357 0.52775802 0.42930577 0.28256017 0.47654136 0.56259255 0.55920747 0.61975801 0.53273533 0.49838565 0.45150263 1.00000000 0.00016849 -0.08526289 -0.30783992 -0.09394392 -0.23761111 -0.09409184 0.07620764 -0.09198273 -0.21652974 -0.13904371 -0.04872606 -0.33743816 -0.15395831 -0.04603262 -0.11351465 0.18734357 0.17432497 -0.28877771 -0.03515752 -0.26206813 -0.02353425 0.18258476 -0.06174680 -0.24701817 -0.24468071 -0.19938162
-0.06571252 0.08455774 -0.02334358 0.02374510 0.03540778 -0.05899605 0.05475159 0.08121983 0.22496409 -0.00642486 0.18297958 -0.16052609 0.00362231 0.04874533 0.12274407 -0.01197679 0.07109352 0.02946544 0.16509550 -0.00333158 -0.08108635 -0.10793784 0.12998502 -0.00761264 0.04977090 0.07929457 0.31010744 0.03455531 0.09809751 -0.02768827 0.15986198 -0.07622854 -0.12281676 0.18480976 0.11505140 -0.12754366 0.16749465 -0.01139497 -0.00389125 0.07513721 0.08226530 -0.02492013 -0.03458489 0.06767969 0.15518777 -0.01089777 -0.00003103 0.02838513 -0.04834840 0.09568834 -0.19369244 0.00016849 1.00000000 0.32989679 0.13164003 0.10764003 -0.06588607 -0.02612655 0.13081004 -0.03787772 0.11874823 0.03975905 0.31448603 0.19781860 0.31352804 0.15020639 -0.08399576 0.12929367 0.14848748 -0.04013460 0.07998164 0.10795690 0.00265315 0.03093547 0.06667957 0.13468977 0.00598020 -0.00935109
0.01658522 0.21079601 -0.04139442 -0.11689394 0.05505405 0.04581690 0.07776374 0.03787365 0.25425961 -0.08305034 0.02139211 -0.02758301 0.16856533 0.07306352 0.15866773 0.04167563 0.04068838 -0.10406058 0.06729652 -0.02048988 -0.22212123 0.06168125 -0.05264319 -0.05750845 -0.07205100 0.19161293 0.19673357 -0.00077696 -0.01998501 0.03912087 0.28434276 -0.23260239 -0.08324500 0.14077138 0.37094118 -0.04964031 0.12843378 0.03239176 -0.00140134 -0.01051538 0.07206076 -0.09366694 -0.13859571 0.06664645 0.22541717 -0.15944033 -0.01854912 -0.02492237 -0.05350397 0.12770446 -0.25716567 -0.08526289 0.32989679 1.00000000 0.24666161 0.07993638 -0.00016944 0.25884327 0.39034218 0.09820313 0.28695004 -0.13717480 0.17747068 0.30324678 0.31113356 0.03008677 -0.06797651 0.17078480 0.29217700 0.07357050 0.03781795 0.31672302 -0.12187729 0.05896472 0.03531459 0.20315736 0.19971687 -0.07476330
0.11815348 0.07559346 0.02281559 -0.06994925 0.00832435 0.02425635 -0.01433293 -0.03299090 -0.00765917 0.02907395 0.10432364 0.25896128 0.08727597 -0.18872679 -0.08423134 -0.13015634 -0.11318781 -0.17872442 -0.10345992 -0.09886100 -0.12662497 0.22207158 -0.07993684 -0.03419996 -0.13488107 0.09338563 -0.13550977 0.02763070 0.18375276 0.24575584 0.07554871 -0.09814047 -0.04825060 -0.12263479 0.00841519 0.21061330 0.02836353 0.11867340 0.20969101 -0.05758608 -0.20423825 -0.19829783 -0.23803370 -0.17472452 -0.11494916 -0.31716163 -0.23728303 -0.23994604 -0.18306992 -0.21090309 -0.15935819 -0.30783992 0.13164003 0.24666161 1.00000000 0.24356682 0.37021369 0.24430609 0.14703907 0.29696368 0.50041836 0.19020941 0.07577822 0.44243327 0.26609605 0.04214286 0.05445507 -0.21666784 -0.13351508 0.14467594 0.06267011 0.14533700 -0.00865554 -0.11307930 0.02856880 0.06053702 0.27289252 0.18938059
0.27310570 0.05084858 0.04372257 -0.01736940 0.13290379 0.14703626 -0.07706915 0.11692715 0.00507723 0.04500448 0.04645816 0.23286078 0.08509739 -0.00841351 -0.06455144 -0.05474691 0.01341800 -0.07264720 -0.00246237 -0.10090461 0.02690376 0.01454489 0.02838761 0.08248614 0.07608466 0.14111567 0.02265764 -0.06793880 0.01679556 0.17208987 0.08213440 0.16429392 0.17528337 0.16236046 0.17573134 0.00814243 0.20963235 0.04520555 0.14375969 0.11046955 0.08061089 0.06959642 -0.00206885 0.07209693 0.08523839 -0.07469424 0.09635445 0.05458170 0.08630481 0.09810332 0.05641237 -0.09394392 0.10764003 0.07993638 0.24356682 1.00000000 0.10092285 0.12357606 -0.00367516 0.18332796 0.11800579 0.21855092 0.24192770 0.03582185 0.23070935 -0.00720888 0.22357612 0.06558623 0.08146028 0.12365957 0.07864196 0.09169411 0.09868333 0.17255185 0.03528696 0.09264152 0.23791788 0.16363368
0.05081741 0.02015851 0.05780880 -0.02835332 -0.15084394 -0.06885546 -0.07933830 -0.08749597 -0.16258015 0.09750985 -0.08705005 0.19884104 0.00675845 -0.19951906 -0.15483971 -0.23097725 -0.19892262 -0.14008002 -0.16065896 -0.05842530 -0.00903688 0.25654698 -0.10298032 0.05473793 -0.09941021 0.01445441 -0.40827750 -0.01346851 0.07476132 0.07972899 -0.17617698 -0.12722994 -0.07453020 -0.38757329 -0.24247711 0.20273792 -0.14494556 0.01298420 0.05385494 -0.12408621 -0.36188314 -0.18617031 -0.16262449 -0.26319823 -0.32747333 -0.23969241 -0.29811459 -0.33451824 -0.14100504 -0.39004134 -0.07528804 -0.23761111 -0.06588607 -0.00016944 0.37021369 0.10092285 1.00000000 0.24651078 0.06492609 0.26869085 0.34680785 0.30965611 -0.05666756 0.43958032 0.09828125 -0.03503737 0.07959239 -0.46225673 -0.43971176 0.08841355 -0.08665243 -0.01373172 -0.01455908 -0.18671606 -0.02914672 -0.05377549 0.08551540 0.07126809
0.02679655 0.06029384 -0.03949159 -0.02507943 0.24184705 -0.01020909 -0.01661835 0.14131470 0.00650415 -0.06307774 -0.09860835 0.13449376 0.00765832 -0.06098411 -0.04354653 -0.07972497 -0.13106897 -0.03980865 0.01267103 -0.12521842 -0.04585671 0.05055566 -0.07668226 0.06313280 -0.12825736 0.01241874 -0.03644553 0.09772057 0.05193473 0.07830020 0.06692194 -0.05955370 -0.07715319 -0.07690182 0.12448014 0.08201873 0.05637778 0.15936482 0.12978036 0.04160951 -0.08704015 -0.05124427 -0.01417589 0.07320878 -0.02032115 -0.07422632 0.07851639 -0.07208999 -0.01075172 0.00429244 -0.11937638 -0.09409184 -0.02612655 0.25884327 0.24430609 0.12357606 0.24651078 1.00000000 0.29352281 0.29375146 0.14837234 0.15501790 0.15230898 0.15341829 0.31421075 0.02164846 0.05999172 0.08948133 0.02229385 0.09010693 0.06453938 0.16267536 0.01131255 -0.07184691 0.08530640 0.14840992 0.11145679 0.17483816
-0.17199055 0.06453101 -0.16197682 -0.00063401 -0.00122702 -0.08811197 0.04434244 -0.03909064 0.13895954 -0.08850890 0.02357319 -0.11941073 -0.04964375 -0.01889714 0.03638948 -0.06818662 -0.04336448 0.04251381 0.09455243 -0.01908656 -0.04087440 -0.05506712 -0.06746027 -0.06170264 -0.13920572 -0.04396444 0.17236556 0.11820232 -0.04275725 -0.15519462 0.10936736 -0.07264685 -0.12120164 -0.01568196 0.01386599 -0.10176203 -0.11248760 0.06242404 -0.11555104 -0.00426316 0.03817192 0.04356389 0.08523522 0.10676840 0.10419438 0.06910278 0.04795241 0.12485754 0.06025070 0.08058988 -0.02958340 0.07620764 0.13081004 0.39034218 0.14703907 -0.00367516 0.06492609 0.29352281 1.00000000 -0.01141179 0.08961126 0.12740291 0.25411742 0.12484374 0.13803301 0.06321743 -0.08232947 0.20447773 0.10841178 -0.15742731 0.12920060 -0.01691098 -0.05148221 -0.03007726 -0.00539606 0.03004098 -0.12294602 -0.04364019
0.20925906 -0.02731265 0.12631957 -0.15046676 -0.04570331 0.11883776 -0.11418447 -0.04805577 -0.06924194 -0.09560371 -0.08283071 0.31111330 0.13974191 0.04957762 -0.08711092 -0.03019401 -0.15199172 -0.14626031 -0.17401265 -0.08575906 -0.06541550 0.14964266 -0.09880729 0.04566052 0.02535678 0.07758571 -0.25379887 -0.17957680 -0.07260826 0.15525277 -0.02889514 -0.09638849 0.08674384 -0.08907937 0.13173061 0.16271932 -0.02115490 -0.10684627 0.06447263 0.03001035 -0.03853137 -0.08778704 -0.03328773 -0.14404553 -0.04828978 -0.15355973 -0.07263754 -0.12638641 -0.00676381 -0.05709558 -0.01527246 -0.09198273 -0.03787772 0.09820313 0.29696368 0.18332796 0.26869085 0.29375146 -0.01141179 1.00000000 0.39548683 -0.04561986 -0.06965411 0.15859047 0.19846416 -0.15553949 0.00625382 -0.14498870 -0.00159941 0.09795778 -0.10318979 0.11165819 -0.11350459 0.08308770 -0.11086667 0.02746672 0.19709447 0.13297744
0.20542872 0.12669483 0.14384526 -0.16666051 -0.10749170 0.00283781 -0.05570041 -0.07110255 -0.00701917 -0.00844334 0.01982247 0.22167965 0.15376294 -0.09419264 -0.09199485 -0.15761188 -0.14549167 -0.18994059 -0.12970101 -0.06484909 -0.18409842 0.20537631 -0.04740190 0.01165056 -0.09342254 0.18342959 -0.18830706 -0.10347554 0.02955077 0.17523207 0.02650042 -0.16078269 -0.00667466 -0.14645481 0.04023636 0.16285413 -0.03905323 -0.03798061 0.07298391 -0.08615082 -0.15811870 -0.18653187 -0.13520219 -0.16999649 -0.10587285 -0.25876187 -0.22055278 -0.23649871 -0.04972210 -0.12518001 -0.10716362 -0.21652974 0.11874823 0.28695004 0.50041836 0.11800579 0.34680785 0.14837234 0.08961126 0.39548683 1.00000000 0.12137554 0.02211463 0.41861864 0.29739060 -0.05984194 0.02637631 -0.20480975 -0.08391657 0.12314500 -0.01113277 0.10607869 -0.08977333 0.03589525 -0.05062579 -0.02361380 0.26281881 0.09137660
-0.04219959 -0.03682814 -0.09933505 0.12826633 0.11138871 -0.12649130 0.03477795 0.10371293 -0.08694447 0.11003235 -0.01546548 -0.10600824 -0.23042035 -0.27872962 -0.16948088 -0.26828919 -0.07581555 0.10886794 0.07763772 -0.11442075 0.13220748 0.03153249 0.09403644 0.15184721 -0.14935462 -0.00775845 -0.04210364 0.26752799 0.28958232 0.08706787 0.06731108 0.10195533 -0.12706821 -0.13243832 -0.26155650 0.08052916 0.02886948 0.25317989 0.23354625 -0.14222673 -0.26001146 -0.01338114 0.05355462 -0.01282218 -0.20993330 -0.06119108 -0.07522288 -0.10866328 -0.07400745 -0.23275139 -0.09732314 -0.13904371 0.03975905 -0.13717480 0.19020941 0.21855092 0.30965611 0.15501790 0.12740291 -0.04561986 0.12137554 1.00000000 0.33377857 0.25140773 0.13764626 0.27678125 0.24861158 -0.14551227 -0.36519733 0.13639173 0.16995800 -0.13705606 0.30154938 -0.12627649 0.22429168 0.07626103 -0.04676443 0.24753310
-0.12018383 -0.03193652 -0.13710789 0.18981325 0.27031425 -0.17340141 0.09547613 0.26108804 0.09346689 0.07913241 0.09397573 -0.22860489 -0.20934855 -0.14241238 -0.04496286 -0.13612952 0.05293172 0.14770592 0.17050224 -0.15264334 0.13049412 -0.20619465 0.18749825 0.13287486 -0.06041353 -0.00472558 0.30890877 0.35701526 0.22322549 0.03018907 0.21615527 0.21190995 -0.10604161 0.16430882 -0.00317104 -0.07312801 0.17953662 0.28280022 0.19903621 0.03525929 -0.06951011 0.05838197 0.09198889 0.16757220 -0.00239167 0.06892770 0.15243152 0.07988668 -0.00480198 0.01844896 -0.12273161 -0.04872606 0.31448603 0.17747068 0.07577822 0.24192770 -0.05666756 0.15230898 0.25411742 -0.06965411 0.02211463 0.33377857 1.00000000 0.11646803 0.34610419 0.26619469 0.15534868 0.24026241 -0.01044781 0.01990680 0.29588292 0.01602893 0.29662990 -0.02459921 0.27214789 0.21887608 -0.05817981 0.23436504
0.05445387 0.22439190 0.07073111 0.02577047 0.02651186 -0.04259072 0.12941468 0.04443031 0.05827629 0.12066703 0.12978925 0.07013928 0.06233167 -0.26853647 -0.14408912 -0.27550463 -0.13604481 -0.16480956 -0.01903248 -0.12226641 -0.13797019 0.23732172 -0.05142139 0.02885823 -0.21358026 0.14852943 -0.10512140 0.09390923 0.25300528 0.17993768 0.10510080 -0.21019625 -0.16480589 -0.18734414 -0.06285930 0.18918270 0.04434380 0.13136761 0.23144334 -0.15566773 -0.34805656 -0.27203895 -0.21169690 -0.13382633 -0.20159450 -0.33337542 -0.34455762 -0.34620751 -0.26886777 -0.30854576 -0.32208229 -0.33743816 0.19781860 0.30324678 0.44243327 0.03582185 0.43958032 0.15341829 0.12484374 0.15859047 0.41861864 0.25140773 0.11646803 1.00000000 0.28731648 0.14422862 0.06642372 -0.32690557 -0.30502333 0.18471971 0.00595386 0.16127773 0.05129708 -0.13620255 0.11015781 0.18511158 0.18425383 0.17603682
0.11073154 0.13189545 0.07111139 0.00801380 0.18425907 0.01199268 0.06259700 0.18333143 0.09865189 0.00560141 0.05344216 0.09724628 0.03848705 -0.02093792 -0.01134932 -0.08455430 -0.03640045 -0.03044640 0.10540018 -0.10992909 0.00984406 0.02508253 0.03837457 0.11872094 -0.02662366 0.17427288 0.08037012 0.09240284 0.14365726 0.10080930 0.14684003 0.02122615 0.00019862 0.09122069 0.12637399 0.07367554 0.12672731 0.12974474 0.18172211 0.02466486 -0.05824123 -0.04525793 -0.03773721 0.07040612 -0.00197116 -0.06493568 -0.00117240 -0.00639635 -0.03531667 0.03979062 -0.12100273 -0.15395831 0.31352804 0.31113356 0.26609605 0.23070935 0.09828125 0.31421075 0.13803301 0.19846416 0.29739060 0.13764626 0.34610419 0.28731648 1.00000000 0.07274481 0.09591859 0.08811905 0.01173865 0.12798219 0.13623432 0.21092971 0.07855271 0.08331589 0.07681932 0.19441916 0.17119691 0.25817359
-0.16569050 -0.03874923 -0.17171340 0.17361841 0.24309148 -0.11497683 0.16108670 0.18521905 0.05176239 0.10792671 -0.05836690 -0.34230837 -0.30989866 -0.21069148 -0.14162489 -0.16262894 0.09954087 0.12274971 0.23831434 -0.17940153 0.17041303 -0.07227905 0.13166116 0.09707701 -0.17071165 0.03865250 0.22933303 0.32354507 0.32984938 0.12327538 0.31043867 0.07601458 -0.13308689 0.13256327 -0.04275583 0.03608896 0.22065093 0.35154106 0.31728513 -0.07108768 -0.15012925 0.00657902 0.01276482 0.07841456 -0.03907693 -0.09580559 0.00251270 -0.01493891 -0.13452232 -0.10648591 -0.27175087 -0.04603262 0.15020639 0.03008677 0.04214286 -0.00720888 -0.03503737 0.02164846 0.06321743 -0.15553949 -0.05984194 0.27678125 0.26619469 0.14422862 0.07274481 1.00000000 0.36531520 0.01462533 -0.10424163 0.24364202 0.38984202 0.09395444 0.50087373 0.00906199 0.48094739 0.34006435 0.09734629 0.41453749
0.22633739 0.09787452 -0.03632635 0.12531329 0.27199597 0.05286727 0.00116646 0.25591831 -0.11745072 0.17297374 -0.20475013 -0.04584640 -0.20057141 -0.11627981 -0.24224208 -0.27367846 0.02405841 0.11717547 0.12672691 -0.22183181 0.14883853 0.03999486 0.12728554 0.24784315 -0.05870293 0.21550845 0.05127572 0.17951613 0.24171995 0.19867087 0.27924866 0.30300884 0.15004878 0.15900363 0.03942155 0.08505195 0.27149128 0.22616944 0.39889863 -0.02562088 -0.08176538 0.12061283 0.11439770 0.11127561 -0.10956434 -0.12814713 0.08498707 0.10192140 0.07147449 -0.01660958 -0.09470927 -0.11351465 -0.08399576 -0.06797651 0.05445507 0.22357612 0.07959239 0.05999172 -0.08232947 0.00625382 0.02637631 0.24861158 0.15534868 0.06642372 0.09591859 0.36531520 1.00000000 -0.09463096 -0.20604476 0.38859276 0.24353958 0.04046587 0.48051576 0.37195454 0.31208405 0.20844828 0.32425753 0.44111236
-0.13917001 -0.02367738 -0.29813580 -0.02893016 0.12187121 -0.11102695 0.02484606 0.05440914 0.23749208 -0.22603519 0.06174563 -0.18802456 -0.09662587 0.24909532 0.25878346 0.16706776 0.14899972 0.23151771 0.25215012 -0.01765451 0.10221328 -0.25233627 0.02755296 -0.05642997 0.01175432 0.03211839 0.46839015 0.16099401 -0.05435927 -0.20153728 0.27307901 0.16581782 0.03716727 0.27748158 0.32605210 -0.30992980 0.06635092 0.11532111 -0.12861325 0.15493530 0.33656303 0.20000182 0.22562876 0.34555267 0.35828616 0.32655872 0.38428170 0.34984486 0.22978883 0.44240421 0.04494347 0.18734357 0.12929367 0.17078480 -0.21666784 0.06558623 -0.46225673 0.08948133 0.20447773 -0.14498870 -0.20480975 -0.14551227 0.24026241 -0.32690557 0.08811905 0.01462533 -0.09463096 1.00000000 0.68594629 -0.15355992 0.30240369 0.19918803 0.04413839 0.08921156 0.16101626 0.25791990 -0.13500216 0.01492219
0.02131073 0.03901447 -0.09016889 -0.23189036 0.04983115 0.11559261 -0.03987582 -0.04826050 0.27612517 -0.25150867 0.01352015 0.01055781 0.19317451 0.38646438 0.27966228 0.32071233 0.19981510 0.01422028 0.07374521 0.09020217 -0.16026296 -0.09544392 -0.02948921 -0.10334052 0.13498653 0.12916604 0.35684903 -0.14041884 -0.19770279 -0.05113731 0.22071245 -0.07836870 0.10387954 0.32964231 0.54503103 -0.24131532 0.12732360 -0.12696205 -0.21581468 0.19938559 0.46453902 0.09742647 0.04708841 0.22096134 0.49531545 0.11550525 0.29396179 0.24269259 0.15534134 0.48094685 0.00443467 0.17432497 0.14848748 0.29217700 -0.13351508 0.08146028 -0.43971176 0.02229385 0.10841178 -0.00159941 -0.08391657 -0.36519733 -0.01044781 -0.30502333 0.01173865 -0.10424163 -0.20604476 0.68594629 1.00000000 -0.06175811 0.13860799 0.28437522 -0.17092827 0.22830338 -0.00009446 0.15829084 0.13365347 -0.13075874
0.18928528 0.19726077 0.06376483 -0.00002151 0.24503992 0.09780956 0.08497338 0.25999150 0.01980094 0.10763256 -0.12776203 0.14823211 0.03252084 -0.09962569 -0.13399529 -0.15443255 -0.01327223 -0.05682705 -0.02566161 -0.20034983 -0.05977550 0.18644368 0.02299529 0.12569703 -0.09031522 0.25122834 -0.05733465 0.09317012 0.22053277 0.29326489 0.22927973 0.01169581 0.05042446 0.03993972 0.17880103 0.18457845 0.22371933 0.21644786 0.39648939 -0.11195442 -0.16634202 -0.14177310 -0.12683805 0.02935651 -0.04430852 -0.26325551 -0.09700763 -0.19819442 -0.13575096 -0.16946146 -0.23867882 -0.28877771 -0.04013460 0.07357050 0.14467594 0.12365957 0.08841355 0.09010693 -0.15742731 0.09795778 0.12314500 0.13639173 0.01990680 0.18471971 0.12798219 0.24364202 0.38859276 -0.15355992 -0.06175811 1.00000000 0.20539360 0.31222644 0.37835359 0.17053702 0.24900928 0.31837451 0.49633404 0.38479688
-0.09229876 -0.00036754 -0.17250249 0.11200489 0.18149212 -0.09809717 0.10689874 0.15262126 0.09147144 0.06870308 0.05565416 -0.10114226 -0.17215522 -0.10948849 -0.04007483 -0.12076492 0.02879519 0.14048684 0.18103674 -0.16815820 0.11689180 -0.05885476 0.08658741 0.05029817 -0.11176578 0.06489271 0.24607272 0.27535009 0.19405790 0.04941580 0.25183047 0.19900994 -0.03001195 0.08411168 0.01720806 -0.05223103 0.07662760 0.24193687 0.15105487 -0.00446978 -0.04065003 0.09977352 0.08773493 0.14831370 0.05362792 0.04390423 0.11259573 0.09340686 0.02775222 0.01861523 -0.07764759 -0.03515752 0.07998164 0.03781795 0.06267011 0.07864196 -0.08665243 0.06453938 0.12920060 -0.10318979 -0.01113277 0.16995800 0.29588292 0.00595386 0.13623432 0.38984202 0.24353958 0.30240369 0.13860799 0.20539360 1.00000000 0.13750698 0.32981041 0.06067790 0.29913503 0.28306597 0.12695614 0.32565557
0.05180103 0.16116084 -0.04563123 -0.14241137 0.06346859 -0.00436766 0.03015969 0.06919525 0.20333011 -0.10043071 0.06381322 0.15034055 0.14894562 0.05391944 0.14031935 0.04891276 -0.01666595 -0.11802607 0.07566266 -0.07722598 -0.12749667 0.10078000 -0.11197719 -0.05495250 -0.11440706 0.24187873 0.08204731 0.01341437 0.07836590 0.16578955 0.23559195 -0.16065449 -0.03062523 0.13226874 0.33707038 0.07570036 0.17913605 0.13840079 0.15795160 0.00870974 -0.07172435 -0.20568530 -0.29300086 -0.03891376 0.06370732 -0.22241539 -0.08127424 -0.19314826 -0.21206753 -0.00411626 -0.31998265 -0.26206813 0.10795690 0.31672302 0.14533700 0.09169411 -0.01373172 0.16267536 -0.01691098 0.11165819 0.10607869 -0.13705606 0.01602893 0.16127773 0.21092971 0.09395444 0.04046587 0.19918803 0.28437522 0.31222644 0.13750698 1.00000000 0.00458377 0.03173790 0.21666630 0.52279023 0.43835027 0.18207305
0.01671034 -0.02203513 -0.09068877 0.21240484 0.28990035 -0.10023672 0.16875947 0.24584846 -0.06402712 0.20635131 -0.04336861 -0.24117925 -0.35373955 -0.15358847 -0.15297026 -0.23140435 0.06387432 0.25042170 0.17198074 -0.19934940 0.25904468 -0.07678369 0.15707111 0.21358353 -0.09703547 0.06871844 0.17842195 0.35403080 0.27767668 0.06753838 0.25189406 0.30071036 0.01672745 0.13561597 -0.07250100 0.01520771 0.16434270 0.33384989 0.36174638 -0.05825623 -0.11972791 0.11991438 0.19086796 0.17045290 -0.04876943 0.10592753 0.10736550 0.13363416 0.05573865 -0.03848406 -0.07861915 -0.02353425 0.00265315 -0.12187729 -0.00865554 0.09868333 -0.01455908 0.01131255 -0.05148221 -0.11350459 -0.08977333 0.30154938 0.29662990 0.05129708 0.07855271 0.50087373 0.48051576 0.04413839 -0.17092827 0.37835359 0.32981041 0.00458377 1.00000000 0.17045294 0.39713644 0.19722795 0.12546288 0.50681675
0.37394096 0.11132831 0.11659319 -0.01213803 0.17900627 0.25366840 -0.01972420 0.16999389 0.02083803 0.01775109 -0.09904732 -0.00266499 0.03937310 0.19087023 -0.06907299 -0.05150568 0.09090441 0.03674307 0.04725706 -0.09833059 -0.01930120 -0.08463931 0.05674748 0.16458959 0.17753122 0.19839825 0.14681705 -0.19940925 -0.11112117 0.00891631 0.18921747 0.16505731 0.31504552 0.35126023 0.25023593 -0.11498999 0.24459980 -0.15809508 0.06819255 0.12839936 0.28098444 0.25246120 0.26491001 0.25570920 0.24466207 0.11608473 0.26539033 0.35208103 0.31934227 0.38338327 0.13740578 0.18258476 0.03093547 0.05896472 -0.11307930 0.17255185 -0.18671606 -0.07184691 -0.03007726 0.08308770 0.03589525 -0.12627649 -0.02459921 -0.13620255 0.08331589 0.00906199 0.37195454 0.08921156 0.22830338 0.17053702 0.06067790 0.03173790 0.17045294 1.00000000 0.03640189 0.08209982 0.26263414 0.17962807
-0.08780324 -0.06380695 -0.13776701 0.17544957 0.22064086 -0.04115970 0.07633362 0.16916249 0.06911868 0.06594391 -0.04104502 -0.20255341 -0.15993029 -0.15634730 -0.08003254 -0.13315449 0.11127993 0.07448202 0.14207050 -0.17368887 0.10877660 -0.09912831 0.08704965 0.08499328 -0.11685741 0.04092296 0.18289182 0.27884533 0.26194127 0.14952472 0.27711943 0.09612602 -0.03994751 0.14819930 0.04710207 0.03732059 0.26276627 0.30908493 0.25936743 0.02494685 -0.09397625 0.03729726 -0.02812466 0.06744795 -0.00304195 -0.04466190 0.07005891 -0.02554514 -0.06450418 -0.03175728 -0.20137260 -0.06174680 0.06667957 0.03531459 0.02856880 0.03528696 -0.02914672 0.08530640 -0.00539606 -0.11086667 -0.05062579 0.22429168 0.27214789 0.11015781 0.07681932 0.48094739 0.31208405 0.16101626 -0.00009446 0.24900928 0.29913503 0.21666630 0.39713644 0.03640189 1.00000000 0.37620469 0.17065781 0.37865250
-0.04037232 0.10457091 -0.16896148 -0.01795778 0.22750595 -0.07615515 0.08006519 0.19574622 0.20643794 -0.03752738 0.02283498 -0.07328818 -0.04839302 -0.03050653 0.04171311 -0.07558223 0.03504647 0.03931735 0.19297638 -0.21126392 -0.02010142 0.01075982 0.02101309 0.03953231 -0.19294255 0.17787066 0.18851845 0.25364910 0.26210093 0.11675922 0.39090407 -0.05873714 -0.12396166 0.13137512 0.27519845 0.02932871 0.23455475 0.28704625 0.24234585 -0.01932905 -0.09572598 -0.09190225 -0.12859205 0.09678255 0.02408554 -0.15239408 0.02588746 -0.10501835 -0.19126126 -0.02224823 -0.36514299 -0.24701817 0.13468977 0.20315736 0.06053702 0.09264152 -0.05377549 0.14840992 0.03004098 0.02746672 -0.02361380 0.07626103 0.21887608 0.18511158 0.19441916 0.34006435 0.20844828 0.25791990 0.15829084 0.31837451 0.28306597 0.52279023 0.19722795 0.08209982 0.37620469 1.00000000 0.25056444 0.38174053
0.34510860 0.19710650 0.10784880 -0.11212922 0.15081045 0.23950985 -0.01884291 0.11420311 0.05359743 0.09193685 -0.10570160 0.27642617 0.21637572 -0.03978596 -0.08875233 -0.08406967 -0.02808609 -0.20573333 -0.09412030 -0.18545728 -0.20200758 0.15014794 -0.07240809 -0.00638587 -0.00741880 0.25511162 -0.04396436 -0.10151075 0.06760056 0.33039358 0.22666620 -0.00917835 0.11904069 0.18330481 0.31064195 0.16172724 0.23141948 0.07062967 0.23619976 0.00932730 -0.02996125 -0.12892082 -0.18868725 -0.03726048 0.04052765 -0.32010156 -0.06093083 -0.15149766 -0.09690582 -0.00951123 -0.16563302 -0.24468071 0.00598020 0.19971687 0.27289252 0.23791788 0.08551540 0.11145679 -0.12294602 0.19709447 0.26281881 -0.04676443 -0.05817981 0.18425383 0.17119691 0.09734629 0.32425753 -0.13500216 0.13365347 0.49633404 0.12695614 0.43835027 0.12546288 0.26263414 0.17065781 0.25056444 1.00000000 0.30258002
0.11114125 0.04659407 -0.03200597 0.10485879 0.32141869 -0.01999525 0.06425895 0.26836430 -0.05877037 0.12436798 -0.02821902 0.05374670 -0.18403176 -0.15396986 -0.20285203 -0.22790256 -0.01560749 0.08299612 0.12410398 -0.21413904 0.15223692 0.01967755 0.07581321 0.17834161 -0.11299161 0.12258938 0.09323228 0.21470859 0.28583997 0.20775150 0.22948640 0.22891729 0.01957212 0.07728083 0.02926510 0.12873440 0.17715699 0.28567838 0.42893938 -0.08238513 -0.17306933 -0.01451202 0.08428395 0.08862105 -0.10102830 -0.08183961 0.05915429 0.00803663 -0.06234603 -0.07693942 -0.12180404 -0.19938162 -0.00935109 -0.07476330 0.18938059 0.16363368 0.07126809 0.17483816 -0.04364019 0.13297744 0.09137660 0.24753310 0.23436504 0.17603682 0.25817359 0.41453749 0.44111236 0.01492219 -0.13075874 0.38479688 0.32565557 0.18207305 0.50681675 0.17962807 0.37865250 0.38174053 0.30258002 1.00000000
