1.00000000 0.19656399 0.31543839 0.13350576 0.22845735 0.27290792 0.10985580 0.24049008 0.08411375 0.27446885 0.17245027 0.31236221 0.16768377 -0.03113745 -0.03337642 0.03446122 0.09874811 0.10854101 0.02927556 0.00613389 0.05414233 0.06379006 0.05568984 0.07315722 0.07894335 0.02915496 -0.02423380 -0.01637794 0.01332843 0.09052218 -0.07754725 -0.01461507 -0.00322874 0.14350591 -0.07152822 0.00174006 -0.01170341 0.00764710 0.09764053 -0.14116053 -0.00556962 -0.02814621 -0.00047562 -0.04820278 -0.06697900 0.08385405 -0.07548365 0.02408963 -0.04550479 -0.00275519 -0.02633910 -0.04925725 0.02307624 -0.06253978 0.02616041 0.06186900 0.00916233 -0.03242607 0.11374619 0.07059729 0.07441159 0.03948762 0.09381933 -0.04294987 0.13320148 0.13755435 0.14439651 -0.00581000 0.00568639 0.08102181 0.04633614 0.07777678 0.13769289 0.12125728 0.08811953 0.04557886 0.12293311 0.09850832
0.19656399 1.00000000 0.12830472 0.17170361 0.18475323 0.07695820 0.06709473 0.37177368 0.19683201 0.17920538 0.15776858 0.33609531 0.05162543 0.04856691 -0.04908321 0.07893813 -0.01661748 0.02248098 0.02832682 -0.11716925 0.07965404 0.09836687 -0.07601447 -0.03815562 -0.00635346 -0.00353368 0.03529854 -0.08221210 -0.05914379 0.02430407 0.04318424 -0.00458455 -0.08493738 0.10042744 0.07835097 -0.09129945 0.05762458 0.10989087 0.22735963 -0.07957636 0.11383383 0.11118973 0.07606888 -0.05089958 0.07967784 -0.05830616 -0.00239987 0.00094277 0.10397013 0.06627079 0.04332916 0.05946182 -0.11122851 -0.03526660 -0.11153780 -0.03670795 -0.09567465 -0.06030429 0.00739070 0.02023105 -0.00852726 -0.01846469 0.04449081 -0.07865683 0.04004111 -0.01570290 0.03768026 -0.00598413 -0.01635954 0.14259296 -0.02953446 -0.00697157 -0.00980998 0.01906258 -0.17352128 0.02781938 -0.02063448 0.06925972
0.31543839 0.12830472 1.00000000 0.18989452 0.17637077 0.29144835 0.21176483 0.12537870 0.08594000 0.34126341 0.10055666 0.23388267 0.10176147 -0.05531514 0.00337768 0.10193262 0.10929594 0.12576053 0.11129934 0.00605675 0.00567786 0.04611253 -0.06035872 0.08972723 0.02406948 0.05326869 0.16974543 0.06747911 0.08762975 0.15472151 0.08501051 0.15023783 0.10670519 0.30394201 0.09167216 0.02693359 0.18334888 0.01152644 0.22006597 -0.13083256 -0.02666622 0.03047445 0.11529574 -0.03246337 -0.12121013 -0.00683365 -0.08435718 -0.00636202 -0.12024291 0.06341075 -0.06556483 -0.06130920 0.02282625 -0.10358079 0.04134889 -0.13148175 0.04611258 -0.05503359 -0.04105925 0.09643306 0.06722562 -0.10540996 0.01988525 0.00515384 0.11434664 0.15146939 0.10474867 0.02258882 -0.00063014 0.06630654 0.16863970 0.20135311 0.13571805 0.12925362 0.02745493 0.15655895 0.11891779 0.17197739
0.13350576 0.17170361 0.18989452 1.00000000 0.15737885 0.24280592 0.23698655 0.04873856 0.17888510 0.26427114 0.16661544 0.11955663 0.29753591 -0.03980401 0.01267065 -0.05185474 0.04149776 0.19766072 0.02174262 0.01915564 -0.02377827 0.19434050 0.02304492 0.00840162 0.02931890 0.05415452 0.04967195 0.09440755 0.11783429 0.20667198 0.10511992 0.04581454 0.06482349 0.04182244 0.19106856 0.06037188 0.08341607 0.09710205 0.17879599 -0.04303527 0.01580864 0.02295173 0.03797626 -0.03283002 -0.08864447 0.05011493 -0.01404576 0.17378523 -0.00290543 0.06885482 0.09036110 -0.02503379 -0.00807534 -0.01748726 0.07221289 -0.06614001 0.17014349 0.10697047 -0.01094875 0.19119348 0.16113272 0.05911732 0.02736041 0.13289527 0.15709987 0.21167474 0.20098489 0.02240437 0.00570746 0.18509080 0.08857166 0.21282712 0.15304352 0.10996552 0.15021897 0.07470400 0.19178737 0.20042045
0.22845735 0.18475323 0.17637077 0.15737885 1.00000000 0.18919296 0.23708609 0.38945642 0.07274373 0.24851451 0.23351505 0.27758002 0.17635157 -0.01863558 0.04577514 -0.03412640 0.12297372 0.11092103 0.04373873 -0.03806638 -0.03297610 0.10778977 0.04611157 0.00349632 0.07517610 0.09817529 0.14685936 0.03278284 0.08237242 0.07053649 0.12919329 0.06235750 -0.00892271 0.22086255 0.05866143 0.04025903 0.06627569 0.14052018 0.12516286 -0.07857452 0.05868443 0.09250929 0.14036852 -0.00281557 -0.03314029 0.06926941 0.07215766 0.21546311 0.04259944 0.12276519 0.00162423 0.07986834 0.01320261 0.05528960 -0.00776223 -0.06031047 -0.02820740 -0.00807560 -0.03388539 0.07996292 -0.01126560 -0.06152703 -0.04132628 -0.01393236 0.04639141 0.04702395 0.07248097 -0.03232548 -0.14557503 0.17696193 0.03913844 0.11634332 0.07319133 0.05891721 0.01885542 0.00613407 0.04809795 0.08634083
0.27290792 0.07695820 0.29144835 0.24280592 0.18919296 1.00000000 0.21803783 0.09640221 0.01225423 0.25163331 0.06213437 0.20205810 0.29778005 0.00374987 -0.05755424 -0.06811885 0.03949820 0.05290884 -0.05173218 -0.10990108 -0.05105654 -0.03933977 0.02776743 -0.08363553 0.00535766 0.09228701 -0.01186097 0.17734673 0.14533949 0.20507346 0.13772610 0.10344081 0.13286711 0.11797738 0.03920097 0.12548502 0.16572650 0.18450057 0.15210699 -0.11105594 -0.10538267 0.03595698 0.08364752 0.03412414 -0.11293655 -0.00917777 -0.00775703 -0.05333776 -0.10716045 -0.08446551 0.02503514 -0.09801001 -0.08569723 -0.05632946 0.19842921 -0.07660884 0.06035039 0.04925781 0.00008965 0.10677564 0.12101548 -0.02163400 0.03182674 0.02995998 0.15524843 0.28338534 0.24989359 -0.20961033 -0.21339424 0.05660447 0.10118394 0.13690236 0.17076208 0.30808467 0.14950758 0.19173029 0.18484624 0.17990330
0.10985580 0.06709473 0.21176483 0.23698655 0.23708609 0.21803783 1.00000000 0.12386537 0.13948476 0.26057108 0.27582368 0.09572486 0.20283996 0.04056618 0.02452833 -0.05428399 0.03294016 0.21875534 0.01707732 0.05999429 -0.01081797 0.05191531 0.05375027 0.08443089 0.04115157 0.11406812 0.02399510 0.09945110 0.13474047 0.13134999 0.12184647 0.06182494 0.15925409 0.08914720 0.07016664 0.09311178 0.13656169 0.06191035 0.07073934 -0.04052443 0.01949741 -0.00287641 0.07469211 0.08321488 -0.03624152 0.07884373 0.06542938 0.15511328 -0.01549227 0.09139352 0.03180860 0.03879915 -0.07851731 -0.01489069 -0.01585766 -0.11900327 -0.01967014 0.03004165 -0.04665841 0.00551075 0.06833284 0.02491008 -0.04619795 -0.06148193 0.04839508 0.14547931 0.12646897 0.13313377 0.08656928 0.10920344 0.10194046 0.09780008 0.12481742 0.01996557 0.07164992 0.05589203 0.17313693 0.09549794
0.24049008 0.37177368 0.12537870 0.04873856 0.38945642 0.09640221 0.12386537 1.00000000 0.11345551 0.15958449 0.20144110 0.28019536 0.07306152 0.07149647 -0.00470044 0.02166793 0.12693480 0.10022339 0.06348293 -0.10020787 0.06807372 0.07666581 0.04269798 0.02254783 0.10843511 0.10117330 0.02259243 -0.04097474 -0.01490177 -0.04918724 0.13342983 0.08981335 -0.03848550 0.11674446 0.07638498 -0.03077264 -0.02848071 0.16359464 0.09173125 -0.15598690 0.05887240 0.11153441 0.08038797 -0.12770502 0.05642251 0.05342580 0.10283756 0.09903282 0.09454324 0.18050720 -0.00560882 0.10700786 -0.01335772 -0.00196634 -0.03230064 0.04053522 -0.03091955 0.03188523 0.07453270 0.01642497 -0.00395162 0.07027306 0.12464728 0.05401410 0.13144962 0.03311709 0.11740458 -0.07334862 -0.10064336 0.25390722 0.08099919 -0.00032655 0.10661303 0.11030739 -0.05048948 0.00301198 -0.07775896 0.15018111
0.08411375 0.19683201 0.08594000 0.17888510 0.07274373 0.01225423 0.13948476 0.11345551 1.00000000 0.19802046 0.24682275 0.28758489 0.11005864 0.07590685 0.08256391 0.05703939 0.05789285 0.08603835 0.16344064 0.09495710 0.08115371 0.08578515 -0.00061568 -0.04082117 0.11206152 0.15534760 0.03781115 -0.08448368 -0.20177186 0.03065257 -0.18172850 -0.02760691 -0.13929684 0.06146320 -0.02227087 -0.03802832 -0.20746703 -0.04408207 0.05165479 0.04182350 0.17024408 0.18593057 -0.06136853 0.00729949 0.09202129 0.03780177 0.02526973 0.09349167 0.14229373 -0.03003791 0.00567879 0.15524671 0.13152552 -0.08253123 -0.01934226 0.01803024 0.02048748 0.10576870 0.10767544 0.13502417 0.05306947 0.10667947 0.10054465 0.04662952 0.11687473 -0.00538572 -0.02261351 0.12042338 0.18391823 -0.05064691 0.08535420 0.07994423 0.01866164 0.11149813 -0.13037391 -0.17695225 0.04448230 -0.10903687
0.27446885 0.17920538 0.34126341 0.26427114 0.24851451 0.25163331 0.26057108 0.15958449 0.19802046 1.00000000 0.29218350 0.32365199 0.18801158 0.05059057 -0.06872299 0.04054845 0.21019977 0.18455758 0.03629906 0.03338434 -0.03991641 0.13401964 0.06921995 0.07546499 0.10691529 0.10096731 0.13464790 0.06633201 0.09112106 0.18641363 0.10990545 0.03432983 0.14786846 0.18559826 0.10314594 0.07663154 0.17689245 0.10188746 0.23110903 -0.15448844 0.05232611 0.10210584 0.11823729 -0.06555850 -0.09328396 -0.00623766 -0.08746322 0.11976015 -0.08015593 0.07963453 -0.02009100 -0.08192679 -0.06206762 -0.02915582 -0.00731466 -0.07253576 0.15871250 0.08372364 0.08125135 0.20423891 0.12501459 0.14431100 -0.08310339 0.07172802 0.12124841 0.07943109 0.12177780 -0.02369639 -0.03435120 0.15968421 0.04175940 0.15449456 0.10307572 0.14290984 0.11713515 0.01672896 0.12933311 0.24158030
0.17245027 0.15776858 0.10055666 0.16661544 0.23351505 0.06213437 0.27582368 0.20144110 0.24682275 0.29218350 1.00000000 0.38047604 0.00855319 -0.00552009 0.00032424 0.05151544 0.07655159 0.16572628 0.09707828 0.04765361 0.06540730 0.08424537 -0.02463620 0.07175792 0.13534135 0.14073535 -0.01583402 -0.01018072 -0.03701581 0.07986491 -0.05943299 -0.04217346 0.01885661 0.10188575 0.05819766 0.08584818 -0.08511747 0.00764277 0.14596326 0.05202409 0.19168675 0.13289564 0.03537182 -0.06157610 0.05178856 0.17504896 0.10744950 0.24167407 0.17782430 0.11814198 0.06351571 0.18609012 0.03049409 0.00911478 -0.13018709 0.05303032 -0.03766017 0.00577823 0.05842997 0.10558928 0.05670622 0.15720068 -0.00523039 0.02513029 0.10419378 -0.00192412 -0.05468997 0.19571881 0.22287613 0.06356714 0.08987223 0.14165862 0.06105439 0.05530129 0.03376397 -0.16601985 0.05122391 0.04280275
0.31236221 0.33609531 0.23388267 0.11955663 0.27758002 0.20205810 0.09572486 0.28019536 0.28758489 0.32365199 0.38047604 1.00000000 0.20351668 0.08044756 0.02998882 0.04433985 0.10451810 0.08611331 0.05402937 0.03681347 0.11692806 0.12870405 0.01300268 0.03891997 0.11562623 0.11331136 0.08095752 -0.06174908 -0.03790216 0.16931976 -0.01287891 0.07031625 0.04438305 0.23422762 0.08061391 0.01487151 0.04531137 0.03696175 0.26923520 -0.13223047 0.08074877 0.09626110 0.08354618 -0.13248642 -0.07784336 -0.00789061 -0.14050275 0.01921092 0.03546388 0.02975046 -0.11333311 0.01018690 0.00938970 -0.01977076 -0.00024971 -0.01310059 0.04716389 0.03246335 0.01237071 0.19835739 0.09920457 0.07775152 0.05955580 -0.03138172 0.12507951 -0.05734355 0.03591729 -0.01992771 -0.02603024 0.07908360 -0.01343971 0.18968629 0.03325161 0.09408967 -0.11156085 -0.04172193 0.05309545 0.12021298
0.16768377 0.05162543 0.10176147 0.29753591 0.17635157 0.29778005 0.20283996 0.07306152 0.11005864 0.18801158 0.00855319 0.20351668 1.00000000 0.01441587 0.04519245 -0.15409374 0.10712731 0.24149530 0.04113501 0.06079894 -0.05808796 0.08889587 0.14774840 0.02935006 0.10616529 0.03720696 0.07984443 0.21593823 0.19521966 0.24094712 0.12269012 0.15092337 0.17837791 0.15220809 0.19228256 0.10281854 0.24433238 0.14165031 0.24546258 -0.15574328 -0.11666746 -0.12279651 0.04235073 -0.02496046 -0.28829217 -0.12630944 -0.18282247 -0.05377593 -0.22162819 -0.16969185 -0.09543243 -0.25376733 -0.06231594 -0.03747517 0.09950891 -0.09199994 0.09505303 0.03493827 -0.03222797 0.10532943 0.09668220 -0.00305165 -0.01038307 0.01347799 0.16757483 0.07061412 0.17391707 -0.06400432 -0.05595752 0.01694571 -0.03787712 0.21155888 0.05619854 0.12249316 0.08248954 0.15304417 0.23134340 0.13348288
-0.03113745 0.04856691 -0.05531514 -0.03980401 -0.01863558 0.00374987 0.04056618 0.07149647 0.07590685 0.05059057 -0.00552009 0.08044756 0.01441587 1.00000000 0.12164985 0.17713230 0.13165356 0.16262609 0.09908851 0.02417717 0.09971858 0.23287785 0.09073252 0.08397443 0.08723002 0.27682076 0.01187397 -0.10535493 -0.06636168 0.03505020 -0.00641555 -0.11415981 -0.06324493 -0.01732201 0.00398198 -0.01901813 -0.15854757 -0.03668493 0.01819473 -0.06453851 0.04660107 0.13788350 0.07114277 0.04651779 0.11692150 0.19047568 0.06467934 0.14642820 0.19308198 0.10233717 0.03293615 0.07591842 -0.03720081 0.04989918 0.04528974 0.10216159 -0.00514602 0.05094897 -0.05473405 0.07839528 0.05566266 0.04563910 0.05541261 0.02266837 0.04704201 -0.03327902 0.02531692 0.15980969 0.21488202 0.00327921 0.09863244 -0.01392093 -0.03935815 -0.00071971 -0.05251713 -0.08327682 0.01135924 -0.02380810
-0.03337642 -0.04908321 0.00337768 0.01267065 0.04577514 -0.05755424 0.02452833 -0.00470044 0.08256391 -0.06872299 0.00032424 0.02998882 0.04519245 0.12164985 1.00000000 0.11308461 0.17846148 0.09997888 0.18886886 0.33044901 0.08270309 0.20110479 0.14652827 0.20481369 0.11092717 0.29495955 0.10260812 0.01877977 -0.09006235 0.14290997 -0.01046375 0.03938144 0.05425521 0.16090451 0.09418360 0.01642929 0.03068991 -0.08572755 0.07537425 0.02610331 -0.05407583 -0.02804504 -0.02905250 0.13713119 -0.03771128 0.00119457 -0.02911679 0.00687769 -0.01942653 -0.03767338 -0.04619743 0.01045725 -0.03585278 -0.02512842 0.04967342 -0.06706671 -0.06571261 0.00226729 0.01478495 0.05896072 0.09500932 -0.06747732 -0.01185332 -0.06017341 -0.00150108 -0.07640659 -0.15574030 0.06882068 0.09360849 -0.20088989 0.06844576 0.07967664 -0.02464828 -0.01661915 -0.12985530 -0.02282894 -0.01439854 -0.07320791
0.03446122 0.07893813 0.10193262 -0.05185474 -0.03412640 -0.06811885 -0.05428399 0.02166793 0.05703939 0.04054845 0.05151544 0.04433985 -0.15409374 0.17713230 0.11308461 1.00000000 0.19581862 0.07050916 0.18502628 0.15321509 0.24905727 0.27651385 -0.05487114 0.13391219 0.18123486 0.14824568 0.11092725 0.00853002 -0.05282364 0.02005207 -0.02769440 0.03081147 0.05245198 0.09627011 0.00780379 0.10461159 -0.00892609 -0.09948078 0.07641428 0.01590305 0.09025617 0.02920789 -0.00658802 -0.10171266 0.00768125 0.02695430 -0.12291778 0.05525357 0.03159859 0.13976206 -0.02843941 -0.00590567 -0.00149511 -0.02211434 -0.10448981 -0.03129873 0.00687627 0.03382199 0.01276329 0.07616724 -0.02369130 -0.00746610 -0.00595203 -0.07286902 -0.03897085 -0.01434729 -0.12099880 0.03244201 0.06225289 -0.05639377 0.05080120 0.05828841 -0.03726642 -0.03276514 -0.10558219 -0.03524408 -0.03113326 -0.01320141
0.09874811 -0.01661748 0.10929594 0.04149776 0.12297372 0.03949820 0.03294016 0.12693480 0.05789285 0.21019977 0.07655159 0.10451810 0.10712731 0.13165356 0.17846148 0.19581862 1.00000000 0.26036870 0.28253121 0.37292609 0.03514577 0.26844573 0.45804521 0.54189447 0.35581510 0.28475593 0.15029911 0.08602535 0.07760355 0.15083310 0.14701646 0.15884288 0.17321889 0.19794524 0.11447536 0.07935400 0.11028593 0.10979398 0.15591032 -0.11471134 -0.00245031 0.01217464 0.05018708 -0.16699183 -0.13767502 0.01363171 -0.13684436 0.11480036 -0.03720745 0.10813071 -0.07766586 -0.11871896 -0.01252026 -0.00776840 0.01764636 -0.07820992 0.03885895 0.09940620 0.02028368 0.14794649 0.07445841 0.03101476 -0.07980346 -0.00575218 0.19184530 0.01272483 -0.01590882 0.03286963 0.06882536 0.09457598 0.07643458 0.12625376 0.09959542 0.09234898 -0.07564715 -0.04118972 0.08205813 0.12769968
0.10854101 0.02248098 0.12576053 0.19766072 0.11092103 0.05290884 0.21875534 0.10022339 0.08603835 0.18455758 0.16572628 0.08611331 0.24149530 0.16262609 0.09997888 0.07050916 0.26036870 1.00000000 0.18895307 0.14079230 -0.00566791 0.29634430 0.31799238 0.18268609 0.39504192 0.26519791 0.07839057 0.10016027 0.11979115 0.11550131 0.09270129 0.04908119 0.08880537 0.12038523 0.04926551 0.17333442 0.06823108 0.18676630 0.13327635 0.00193892 0.04204950 -0.05872030 0.04360435 -0.00224324 -0.06862883 0.11254129 0.06774001 0.13898550 -0.01855581 0.12524690 0.07411971 -0.00919428 0.00562886 0.02654578 0.02086425 0.02772949 0.01651918 0.07938771 -0.00429267 0.17881552 0.12838459 0.12191167 -0.02429622 0.03495549 0.14336243 0.02431738 0.08788122 0.05734515 0.06685980 0.11154703 0.06394397 0.06189832 0.13167240 0.04666810 0.11563386 -0.07910916 0.08803940 0.20123929
0.02927556 0.02832682 0.11129934 0.02174262 0.04373873 -0.05173218 0.01707732 0.06348293 0.16344064 0.03629906 0.09707828 0.05402937 0.04113501 0.09908851 0.18886886 0.18502628 0.28253121 0.18895307 1.00000000 0.37343724 0.18695461 0.16552806 0.21394919 0.24273678 0.24835501 0.27117243 0.10279786 -0.03971209 -0.05877771 0.04055093 -0.12917476 0.06224090 -0.09447973 0.14096590 0.02180858 0.01311351 -0.10178460 0.00019895 0.03727909 -0.03956514 0.06027691 0.04196262 -0.03955317 -0.07059647 -0.04551160 -0.04557973 -0.08241962 0.03956026 0.01005526 -0.02175147 -0.08149033 0.08980645 0.05279484 0.10194093 0.04069481 -0.08514009 -0.00378926 0.02320806 0.00061156 0.09236496 0.02784393 0.01016029 -0.00534245 -0.04441652 0.16263924 -0.00805686 -0.05062035 0.11867524 0.13131168 -0.06710368 0.03265155 0.08445878 0.00663031 -0.00990886 -0.15578022 -0.14796651 0.07660745 -0.05085163
0.00613389 -0.11716925 0.00605675 0.01915564 -0.03806638 -0.10990108 0.05999429 -0.10020787 0.09495710 0.03338434 0.04765361 0.03681347 0.06079894 0.02417717 0.33044901 0.15321509 0.37292609 0.14079230 0.37343724 1.00000000 0.15371962 0.17584227 0.35123107 0.48768884 0.29952796 0.18436578 0.01572030 0.01015610 -0.09961474 0.13892372 -0.02828638 0.12097727 0.06682512 0.13082230 0.02081130 0.09149200 0.00038957 0.03111317 0.09680247 -0.01373890 0.01105088 0.01191866 -0.03526337 0.00349059 -0.07552384 -0.05185442 -0.12145323 0.02694527 -0.02855351 -0.03159217 -0.07029500 -0.01998680 0.02055275 -0.02677677 0.07503378 -0.12714645 0.01848188 0.08355647 0.02219980 0.10114582 0.07919369 -0.01069073 -0.08757215 -0.05151537 0.02934306 -0.03245559 -0.03571312 0.09353591 0.14064039 -0.05870277 0.05767444 0.18803426 -0.00204044 -0.01411711 -0.10898622 -0.08786653 0.14357401 -0.04598541
0.05414233 0.07965404 0.00567786 -0.02377827 -0.03297610 -0.05105654 -0.01081797 0.06807372 0.08115371 -0.03991641 0.06540730 0.11692806 -0.05808796 0.09971858 0.08270309 0.24905727 0.03514577 -0.00566791 0.18695461 0.15371962 1.00000000 0.09840909 0.01740401 0.09738604 0.30615267 0.09490601 -0.12093425 -0.14223104 -0.20486380 -0.07786997 -0.28566855 -0.07664814 -0.16048656 -0.02536268 -0.12576919 -0.14970029 -0.08322850 -0.10207113 -0.05617479 -0.04393567 0.03563229 0.07884072 -0.18548075 -0.15537560 0.05739726 -0.04861475 -0.00955803 -0.10099343 0.03083643 -0.06421004 -0.05662157 0.01246560 0.00522724 -0.08983562 0.00965991 0.07295128 -0.08155547 0.05586956 -0.00161325 0.06079182 -0.09700006 -0.01407935 0.07474711 0.01008419 0.03746602 0.06599115 -0.03768776 -0.04673868 0.00753291 -0.11981657 -0.05889112 0.05308953 -0.04979948 0.01609482 -0.15417644 -0.07982902 0.02103308 -0.03781458
0.06379006 0.09836687 0.04611253 0.19434050 0.10778977 -0.03933977 0.05191531 0.07666581 0.08578515 0.13401964 0.08424537 0.12870405 0.08889587 0.23287785 0.20110479 0.27651385 0.26844573 0.29634430 0.16552806 0.17584227 0.09840909 1.00000000 0.19750542 0.24912389 0.29540425 0.32502168 0.11361482 0.02825238 0.06140366 0.08299012 0.09784274 0.01458827 0.02000847 0.06017655 0.04247343 0.00847950 0.03142624 0.03172749 0.14634852 -0.01713862 0.03387141 0.00420408 0.04830557 -0.11725672 0.02001685 0.22550294 0.00937704 0.09200684 0.08609374 0.16799564 0.03186850 0.02212754 -0.02723262 0.04686801 -0.02658896 0.07733337 0.06049209 0.07883708 0.03422293 0.20668897 0.14865527 0.03691832 0.02099262 0.07348053 0.04772562 -0.09479353 -0.02081124 0.01935221 0.07306648 0.01937895 -0.05904780 0.02763625 -0.01041844 0.16171471 -0.00834914 0.01837246 -0.00261986 0.10299240
0.05568984 -0.07601447 -0.06035872 0.02304492 0.04611157 0.02776743 0.05375027 0.04269798 -0.00061568 0.06921995 -0.02463620 0.01300268 0.14774840 0.09073252 0.14652827 -0.05487114 0.45804521 0.31799238 0.21394919 0.35123107 0.01740401 0.19750542 1.00000000 0.35872480 0.44540631 0.15807203 -0.05602056 0.07997517 0.09102145 0.11057933 0.00156591 0.16888535 0.01575012 -0.01206410 0.04077100 0.04641672 0.00188299 0.13316916 0.06702292 -0.09240823 -0.06947358 -0.08363633 -0.04516910 -0.12290478 -0.20550452 -0.09813490 -0.14737645 0.01684271 -0.13533364 -0.08372154 -0.10737529 -0.15790000 -0.01555677 0.04230886 0.10142912 -0.02076331 -0.02452480 0.12114851 0.03708017 0.11615327 0.10908833 -0.02649355 -0.09794428 -0.05135015 0.12850235 -0.04993757 0.04198622 -0.00768714 0.08007755 0.07195182 -0.03068041 0.12369473 0.06926017 0.08540728 -0.01507943 -0.02097731 0.13238676 0.07317675
0.07315722 -0.03815562 0.08972723 0.00840162 0.00349632 -0.08363553 0.08443089 0.02254783 -0.04082117 0.07546499 0.07175792 0.03891997 0.02935006 0.08397443 0.20481369 0.13391219 0.54189447 0.18268609 0.24273678 0.48768884 0.09738604 0.24912389 0.35872480 1.00000000 0.37076898 0.29326572 0.09710736 0.04566827 0.07555283 0.11094163 0.13603136 0.17768773 0.12960624 0.08910874 0.05687339 0.12386162 0.14396353 0.03907319 0.12806365 -0.07779298 -0.02864612 -0.03534864 0.04698578 -0.10340121 -0.12370636 -0.00544051 -0.15051945 0.03911999 -0.05690811 0.04761916 -0.06571440 -0.13483234 -0.02935378 -0.02053139 -0.06696335 -0.05848745 0.02366205 0.09756542 -0.02407202 0.00540428 0.07219959 -0.01409940 -0.08711606 -0.07909308 0.04104954 -0.05783006 -0.01654496 0.07487559 0.12674610 -0.00855554 0.00057943 0.09424785 -0.00045076 -0.00876183 -0.03430533 -0.02033608 0.04425788 -0.00265229
0.07894335 -0.00635346 0.02406948 0.02931890 0.07517610 0.00535766 0.04115157 0.10843511 0.11206152 0.10691529 0.13534135 0.11562623 0.10616529 0.08723002 0.11092717 0.18123486 0.35581510 0.39504192 0.24835501 0.29952796 0.30615267 0.29540425 0.44540631 0.37076898 1.00000000 0.29931468 -0.00017736 0.06669088 -0.02294025 0.07022645 -0.05040166 0.15205618 0.00083403 0.08799837 -0.10985567 0.06312701 0.00757341 0.09801741 0.13246870 -0.19345483 0.01840621 -0.02797670 -0.02278276 -0.21188493 -0.15256606 0.03570757 -0.12442584 0.00724729 -0.05837330 0.00232423 -0.09474542 -0.09650139 0.04685215 0.02351840 0.05821272 0.08510211 0.17979658 0.20518861 0.13664709 0.23161065 0.15701668 0.08005068 0.06250122 0.05894534 0.21794173 -0.01490160 0.05718103 -0.00746383 0.07902907 0.02998239 -0.01173719 0.11046751 0.06101931 0.03669057 -0.04364832 -0.12106748 0.14429925 0.09790360
0.02915496 -0.00353368 0.05326869 0.05415452 0.09817529 0.09228701 0.11406812 0.10117330 0.15534760 0.10096731 0.14073535 0.11331136 0.03720696 0.27682076 0.29495955 0.14824568 0.28475593 0.26519791 0.27117243 0.18436578 0.09490601 0.32502168 0.15807203 0.29326572 0.29931468 1.00000000 0.06726526 0.05460234 -0.04540356 0.03515978 0.03249212 -0.02527821 0.08724430 0.12948164 0.02688844 0.00929590 -0.00799416 0.04918612 0.04662587 0.00562114 0.04870020 0.07868042 0.02477123 0.03099457 -0.01656319 0.14668407 0.06966157 0.18167166 0.03000427 0.06627882 0.02210077 0.07476487 0.02894523 0.04064703 0.04440297 -0.05547736 0.06431411 0.08620903 0.02526032 0.09598152 0.13330550 0.01720487 0.00816048 0.02186689 0.13181783 -0.00467764 -0.07428657 0.09368394 0.15286700 -0.06170920 0.16745326 0.05314159 -0.01819387 0.08954475 -0.01373414 -0.10946368 0.09599418 0.03751982
-0.02423380 0.03529854 0.16974543 0.04967195 0.14685936 -0.01186097 0.02399510 0.02259243 0.03781115 0.13464790 -0.01583402 0.08095752 0.07984443 0.01187397 0.10260812 0.11092725 0.15029911 0.07839057 0.10279786 0.01572030 -0.12093425 0.11361482 -0.05602056 0.09710736 -0.00017736 0.06726526 1.00000000 0.24851737 0.26229768 0.25502968 0.19512863 0.15073561 0.27776290 0.35909188 0.22091044 0.25142178 0.24820253 0.07774179 0.28037100 -0.02246604 0.11925156 -0.01221853 0.08279622 -0.07369576 -0.11790931 0.01599419 0.02444612 0.17654053 -0.05771550 0.19582864 0.06543805 0.00245020 -0.02899849 0.08244481 0.00501209 -0.10729021 0.03439421 -0.12260022 -0.03973510 0.03352765 0.04079743 -0.04122204 -0.11074174 -0.06184476 -0.01960907 -0.00264985 -0.06000558 0.06770724 0.01119108 0.02857133 -0.02671106 0.04938308 0.04526128 0.05973544 0.08306167 0.01479345 0.01702192 0.23178736
-0.01637794 -0.08221210 0.06747911 0.09440755 0.03278284 0.17734673 0.09945110 -0.04097474 -0.08448368 0.06633201 -0.01018072 -0.06174908 0.21593823 -0.10535493 0.01877977 0.00853002 0.08602535 0.10016027 -0.03971209 0.01015610 -0.14223104 0.02825238 0.07997517 0.04566827 0.06669088 0.05460234 0.24851737 1.00000000 0.43976139 0.32141806 0.38141653 0.45621292 0.43376381 0.22892818 0.35811187 0.38902428 0.49600807 0.33986772 0.33604399 -0.04123526 -0.12618495 -0.22610149 0.01435738 -0.02847244 -0.31851656 -0.14224595 -0.15167783 -0.10673842 -0.33702073 -0.05928721 -0.13811292 -0.27095419 -0.05676913 0.03566731 0.10009185 -0.12903925 0.12050784 -0.06485196 0.02445319 0.00507620 0.11427716 0.03679377 -0.05016200 0.02065956 0.07056231 0.13382281 0.11233636 -0.12820329 -0.12845884 -0.01432686 -0.04980684 0.16891075 0.11821841 0.08312418 0.11823170 0.11794170 0.18662887 0.17130349
0.01332843 -0.05914379 0.08762975 0.11783429 0.08237242 0.14533949 0.13474047 -0.01490177 -0.20177186 0.09112106 -0.03701581 -0.03790216 0.19521966 -0.06636168 -0.09006235 -0.05282364 0.07760355 0.11979115 -0.05877771 -0.09961474 -0.20486380 0.06140366 0.09102145 0.07555283 -0.02294025 -0.04540356 0.26229768 0.43976139 1.00000000 0.29304154 0.48116594 0.34730118 0.50586967 0.19192825 0.29954539 0.45286567 0.54186693 0.30714646 0.28546341 -0.03164894 -0.08361501 -0.19862352 0.08499897 -0.06076950 -0.31365617 -0.00541091 -0.13587648 0.04133868 -0.27450951 0.08250050 0.03686943 -0.22299168 -0.12492486 0.08489385 -0.01238093 -0.17490807 0.03182882 -0.09341124 -0.01199675 -0.01907386 0.16877141 -0.07238968 -0.13000491 0.01129605 -0.04830571 0.02743024 0.14764119 -0.07703996 -0.07756318 0.14937218 -0.00432221 0.09714529 0.07818838 0.13413310 0.20402199 0.13438669 0.10699986 0.15865377
0.09052218 0.02430407 0.15472151 0.20667198 0.07053649 0.20507346 0.13134999 -0.04918724 0.03065257 0.18641363 0.07986491 0.16931976 0.24094712 0.03505020 0.14290997 0.02005207 0.15083310 0.11550131 0.04055093 0.13892372 -0.07786997 0.08299012 0.11057933 0.11094163 0.07022645 0.03515978 0.25502968 0.32141806 0.29304154 1.00000000 0.24880601 0.31802521 0.32140948 0.40203062 0.29593554 0.25222132 0.26758017 0.27270459 0.40388718 -0.17482195 -0.01703112 -0.06415877 0.06543057 -0.01413483 -0.29481435 -0.14806003 -0.17001986 0.00802508 -0.13317915 -0.08338197 -0.18905947 -0.15479793 -0.02286467 0.02948875 0.08215570 -0.13480878 0.05208986 -0.02001173 -0.03500816 0.15431964 0.13639218 -0.08919536 -0.08315327 -0.07932727 0.10414905 0.19223034 0.13730402 -0.00348552 0.07802827 0.00039719 0.05575627 0.19586874 0.16581195 0.11723790 -0.03361478 0.12313117 0.16162611 0.17679785
-0.07754725 0.04318424 0.08501051 0.10511992 0.12919329 0.13772610 0.12184647 0.13342983 -0.18172850 0.10990545 -0.05943299 -0.01287891 0.12269012 -0.00641555 -0.01046375 -0.02769440 0.14701646 0.09270129 -0.12917476 -0.02828638 -0.28566855 0.09784274 0.00156591 0.13603136 -0.05040166 0.03249212 0.19512863 0.38141653 0.48116594 0.24880601 1.00000000 0.30549881 0.54486698 0.31153497 0.43407302 0.32484046 0.52133335 0.29069053 0.33523452 -0.06333127 -0.12018090 -0.13905408 0.37454535 0.09591539 -0.22245279 -0.00411213 -0.03097461 0.04186399 -0.13891107 0.21880100 0.04194280 -0.09958256 -0.03224369 0.07286039 0.02130191 -0.25185161 0.07058909 -0.00334939 -0.09693952 -0.03737661 0.12973695 -0.07335634 -0.12481899 0.05215396 -0.05112921 0.01452409 0.12261344 -0.02433220 -0.07653994 0.20743995 0.07615481 0.06264048 0.18880995 0.10319446 0.21761987 0.18033999 0.05222991 0.19284359
-0.01461507 -0.00458455 0.15023783 0.04581454 0.06235750 0.10344081 0.06182494 0.08981335 -0.02760691 0.03432983 -0.04217346 0.07031625 0.15092337 -0.11415981 0.03938144 0.03081147 0.15884288 0.04908119 0.06224090 0.12097727 -0.07664814 0.01458827 0.16888535 0.17768773 0.15205618 -0.02527821 0.15073561 0.45621292 0.34730118 0.31802521 0.30549881 1.00000000 0.25610298 0.24348820 0.19057853 0.16009252 0.31284604 0.30409370 0.31534434 -0.14236179 -0.11505276 -0.12934423 0.10632311 -0.11131875 -0.22933405 -0.18464215 -0.23949118 -0.14291744 -0.22002171 -0.06301466 -0.18549794 -0.18768941 -0.02946243 -0.12639591 0.02170133 -0.11806435 0.04002701 0.07091838 0.00591501 0.04457372 0.06043384 -0.09605852 -0.01346447 -0.04587693 0.00326026 0.05762801 0.11358883 -0.13927511 -0.13338353 0.02479959 -0.04869566 0.12995989 0.10379124 0.08776366 -0.06858998 0.13021238 0.06803653 0.12683032
-0.00322874 -0.08493738 0.10670519 0.06482349 -0.00892271 0.13286711 0.15925409 -0.03848550 -0.13929684 0.14786846 0.01885661 0.04438305 0.17837791 -0.06324493 0.05425521 0.05245198 0.17321889 0.08880537 -0.09447973 0.06682512 -0.16048656 0.02000847 0.01575012 0.12960624 0.00083403 0.08724430 0.27776290 0.43376381 0.50586967 0.32140948 0.54486698 0.25610298 1.00000000 0.32058474 0.44435412 0.37655265 0.60601948 0.22642019 0.32624116 -0.00858592 -0.05637331 -0.09406335 0.26705452 0.03816941 -0.30112861 -0.01552467 -0.12599798 0.02448335 -0.19206762 0.18464740 0.01558693 -0.19042939 -0.06808025 -0.03287280 0.05326525 -0.21382573 0.07718730 0.00556240 -0.04818724 0.00564991 0.09568811 -0.09535200 -0.11853464 -0.05379849 -0.00278904 0.04975288 0.01369252 0.02281826 0.02129656 0.05904326 0.02235025 0.12801813 0.11988131 0.08447753 0.13012567 0.12682384 0.09357035 0.15709887
0.14350591 0.10042744 0.30394201 0.04182244 0.22086255 0.11797738 0.08914720 0.11674446 0.06146320 0.18559826 0.10188575 0.23422762 0.15220809 -0.01732201 0.16090451 0.09627011 0.19794524 0.12038523 0.14096590 0.13082230 -0.02536268 0.06017655 -0.01206410 0.08910874 0.08799837 0.12948164 0.35909188 0.22892818 0.19192825 0.40203062 0.31153497 0.24348820 0.32058474 1.00000000 0.31985576 0.17187536 0.28737047 0.20857528 0.48796640 -0.26568965 -0.11149370 -0.01306056 0.16977231 -0.04104606 -0.19928703 -0.05538596 -0.10981231 0.05206789 -0.11794829 0.10361118 -0.11019288 -0.04186604 0.04345389 -0.01567874 0.09527397 -0.25194091 0.06718305 0.01989162 -0.03433466 0.12715932 0.11156926 -0.11167835 0.00273043 -0.09389391 0.09300918 0.14170392 0.06188053 0.05622457 -0.00911786 0.02594731 0.13830688 0.19215767 0.15875823 0.10948124 -0.07876110 0.10353895 0.06535259 0.18274321
-0.07152822 0.07835097 0.09167216 0.19106856 0.05866143 0.03920097 0.07016664 0.07638498 -0.02227087 0.10314594 0.05819766 0.08061391 0.19228256 0.00398198 0.09418360 0.00780379 0.11447536 0.04926551 0.02180858 0.02081130 -0.12576919 0.04247343 0.04077100 0.05687339 -0.10985567 0.02688844 0.22091044 0.35811187 0.29954539 0.29593554 0.43407302 0.19057853 0.44435412 0.31985576 1.00000000 0.24604072 0.39882104 0.23507532 0.36188441 -0.01871966 -0.01939890 -0.06943796 0.15809405 0.05266109 -0.24840817 -0.08497243 -0.06297881 0.14339267 -0.11685267 0.12067458 -0.05263457 -0.08135889 -0.02877778 0.07561168 0.10398034 -0.18757131 0.08464190 0.07635884 -0.02920103 0.07009307 0.06104764 -0.03093187 -0.07081655 0.06382745 0.09661338 0.12790079 0.01145521 0.08914549 0.03924970 0.10503868 0.05035412 0.16364489 0.10756589 0.00421185 0.07655173 0.17776706 0.13566086 0.08167130
0.00174006 -0.09129945 0.02693359 0.06037188 0.04025903 0.12548502 0.09311178 -0.03077264 -0.03802832 0.07663154 0.08584818 0.01487151 0.10281854 -0.01901813 0.01642929 0.10461159 0.07935400 0.17333442 0.01311351 0.09149200 -0.14970029 0.00847950 0.04641672 0.12386162 0.06312701 0.00929590 0.25142178 0.38902428 0.45286567 0.25222132 0.32484046 0.16009252 0.37655265 0.17187536 0.24604072 1.00000000 0.31382164 0.24134786 0.37726577 0.03045277 -0.01307070 -0.11043622 0.01033939 0.03573743 -0.23744849 0.03077207 -0.05355035 0.09376470 -0.17802165 0.06236155 0.00946171 -0.12444752 -0.08748706 0.09426424 0.00628844 -0.14226304 0.07949808 0.00895814 0.04728008 0.10630004 0.08142746 0.01584297 -0.14522993 -0.01839634 -0.03083857 0.07689120 0.03054154 -0.00347100 -0.01838368 0.06083237 0.06649899 0.15284114 0.07712141 0.08612638 0.13181303 0.00744428 0.06162927 0.06921513
-0.01170341 0.05762458 0.18334888 0.08341607 0.06627569 0.16572650 0.13656169 -0.02848071 -0.20746703 0.17689245 -0.08511747 0.04531137 0.24433238 -0.15854757 0.03068991 -0.00892609 0.11028593 0.06823108 -0.10178460 0.00038957 -0.08322850 0.03142624 0.00188299 0.14396353 0.00757341 -0.00799416 0.24820253 0.49600807 0.54186693 0.26758017 0.52133335 0.31284604 0.60601948 0.28737047 0.39882104 0.31382164 1.00000000 0.31068918 0.39965284 -0.02403504 -0.13952433 -0.19945596 0.19148552 -0.03383959 -0.36686417 -0.16139588 -0.21490526 -0.09434459 -0.35159378 0.04746870 -0.02247319 -0.33259393 -0.18269496 0.00566337 0.04133454 -0.24661078 0.02291091 -0.03352155 -0.07410171 0.00120314 0.09147276 -0.12567981 -0.17282516 -0.04130422 -0.04631731 0.11255456 0.13687686 -0.13900773 -0.14228266 0.00702982 -0.00880125 0.16538409 0.03963602 0.10234407 0.17263847 0.18256797 0.14207179 0.24879409
0.00764710 0.10989087 0.01152644 0.09710205 0.14052018 0.18450057 0.06191035 0.16359464 -0.04408207 0.10188746 0.00764277 0.03696175 0.14165031 -0.03668493 -0.08572755 -0.09948078 0.10979398 0.18676630 0.00019895 0.03111317 -0.10207113 0.03172749 0.13316916 0.03907319 0.09801741 0.04918612 0.07774179 0.33986772 0.30714646 0.27270459 0.29069053 0.30409370 0.22642019 0.20857528 0.23507532 0.24134786 0.31068918 1.00000000 0.33723381 -0.10350175 -0.04928377 -0.00859295 0.06591467 -0.06096952 -0.10542384 -0.03472919 -0.02748707 0.07967529 -0.05917068 0.02489710 -0.01155141 -0.11150910 -0.03990846 0.02800424 0.09524636 -0.04739708 0.02560307 0.15653482 0.08835912 0.20058864 0.10488895 0.01434803 0.04237764 0.04744272 0.21268582 0.16058858 0.24238016 -0.07751334 -0.05877655 0.14298495 0.08338049 0.04022220 0.11314365 0.15318444 0.05550068 0.14541306 0.17677354 0.14494116
0.09764053 0.22735963 0.22006597 0.17879599 0.12516286 0.15210699 0.07073934 0.09173125 0.05165479 0.23110903 0.14596326 0.26923520 0.24546258 0.01819473 0.07537425 0.07641428 0.15591032 0.13327635 0.03727909 0.09680247 -0.05617479 0.14634852 0.06702292 0.12806365 0.13246870 0.04662587 0.28037100 0.33604399 0.28546341 0.40388718 0.33523452 0.31534434 0.32624116 0.48796640 0.36188441 0.37726577 0.39965284 0.33723381 1.00000000 -0.15083420 -0.03028308 0.03115398 0.13283589 -0.09139616 -0.22928497 -0.13368463 -0.14384319 0.08726375 -0.08561830 0.05175855 -0.03983131 -0.10536218 -0.09350662 -0.08697567 -0.01863801 -0.22142792 0.08940823 -0.02746516 0.04022110 0.13089407 0.13128371 -0.08330394 -0.05439729 -0.10437461 0.07975643 0.15352555 0.10604363 -0.03462742 0.08216734 0.06350729 0.05530723 0.25078396 0.15514082 0.08845262 0.00893851 0.09206923 0.16639832 0.20950521
-0.14116053 -0.07957636 -0.13083256 -0.04303527 -0.07857452 -0.11105594 -0.04052443 -0.15598690 0.04182350 -0.15448844 0.05202409 -0.13223047 -0.15574328 -0.06453851 0.02610331 0.01590305 -0.11471134 0.00193892 -0.03956514 -0.01373890 -0.04393567 -0.01713862 -0.09240823 -0.07779298 -0.19345483 0.00562114 -0.02246604 -0.04123526 -0.03164894 -0.17482195 -0.06333127 -0.14236179 -0.00858592 -0.26568965 -0.01871966 0.03045277 -0.02403504 -0.10350175 -0.15083420 1.00000000 0.35164907 0.25351067 0.12029575 0.26379750 0.40889397 0.26803762 0.39932428 0.27821906 0.18881450 0.17787539 0.44744031 0.31844042 0.02886204 0.01680992 -0.13951272 0.01281889 -0.17268352 -0.04558148 -0.08245089 -0.18090339 -0.12962517 0.00990860 -0.12609764 -0.00385957 -0.15866530 -0.10021738 -0.22034722 0.12033972 0.16080284 -0.10988052 0.03533609 -0.08418285 -0.06603240 -0.08541334 0.17975878 -0.15774808 -0.06996703 -0.08534730
-0.00556962 0.11383383 -0.02666622 0.01580864 0.05868443 -0.10538267 0.01949741 0.05887240 0.17024408 0.05232611 0.19168675 0.08074877 -0.11666746 0.04660107 -0.05407583 0.09025617 -0.00245031 0.04204950 0.06027691 0.01105088 0.03563229 0.03387141 -0.06947358 -0.02864612 0.01840621 0.04870020 0.11925156 -0.12618495 -0.08361501 -0.01703112 -0.12018090 -0.11505276 -0.05637331 -0.11149370 -0.01939890 -0.01307070 -0.13952433 -0.04928377 -0.03028308 0.35164907 1.00000000 0.38356231 0.18282374 0.07769164 0.41022855 0.24986732 0.30828182 0.42168862 0.39069140 0.31775695 0.37655384 0.40466274 0.08424818 -0.05020116 -0.06317308 0.08186977 -0.05690454 0.00003773 0.05185420 0.02762077 0.02662758 0.13819697 0.00058370 -0.08530865 0.02537581 -0.03449347 -0.08469333 0.11047672 0.14993090 0.02186410 0.05976834 -0.03358105 0.04418248 -0.05423230 -0.00076268 -0.18674114 -0.03858344 -0.08278678
-0.02814621 0.11118973 0.03047445 0.02295173 0.09250929 0.03595698 -0.00287641 0.11153441 0.18593057 0.10210584 0.13289564 0.09626110 -0.12279651 0.13788350 -0.02804504 0.02920789 0.01217464 -0.05872030 0.04196262 0.01191866 0.07884072 0.00420408 -0.08363633 -0.03534864 -0.02797670 0.07868042 -0.01221853 -0.22610149 -0.19862352 -0.06415877 -0.13905408 -0.12934423 -0.09406335 -0.01306056 -0.06943796 -0.11043622 -0.19945596 -0.00859295 0.03115398 0.25351067 0.38356231 1.00000000 0.24532209 0.11543629 0.41006999 0.34419519 0.23309485 0.38956940 0.51751751 0.26739648 0.33237440 0.44009703 0.07064766 -0.06215413 -0.02955926 0.02805765 -0.07457960 0.12271567 0.02348584 0.02712777 0.00975164 0.01625954 -0.04339611 -0.01935486 0.00939097 0.01916752 -0.04367263 0.12549583 0.16251377 0.04895058 0.14256745 -0.01500227 0.05280630 -0.00588399 -0.05438934 -0.16347874 0.03587454 -0.04530399
-0.00047562 0.07606888 0.11529574 0.03797626 0.14036852 0.08364752 0.07469211 0.08038797 -0.06136853 0.11823729 0.03537182 0.08354618 0.04235073 0.07114277 -0.02905250 -0.00658802 0.05018708 0.04360435 -0.03955317 -0.03526337 -0.18548075 0.04830557 -0.04516910 0.04698578 -0.02278276 0.02477123 0.08279622 0.01435738 0.08499897 0.06543057 0.37454535 0.10632311 0.26705452 0.16977231 0.15809405 0.01033939 0.19148552 0.06591467 0.13283589 0.12029575 0.18282374 0.24532209 1.00000000 0.35154485 0.13113101 0.18809174 0.15718892 0.22559139 0.23047159 0.34868542 0.25426721 0.13307527 0.08404078 -0.01179090 -0.04578915 -0.10021868 -0.00055048 -0.07718027 -0.21725951 -0.09108258 0.05439174 -0.03409504 -0.06679048 -0.03997973 -0.09724731 -0.01128076 0.04943346 0.15293139 0.05576535 0.11695089 0.10485999 -0.06819297 0.14835835 -0.04649326 0.13054962 0.05059154 -0.01424085 0.15907336
-0.04820278 -0.05089958 -0.03246337 -0.03283002 -0.00281557 0.03412414 0.08321488 -0.12770502 0.00729949 -0.06555850 -0.06157610 -0.13248642 -0.02496046 0.04651779 0.13713119 -0.10171266 -0.16699183 -0.00224324 -0.07059647 0.00349059 -0.15537560 -0.11725672 -0.12290478 -0.10340121 -0.21188493 0.03099457 -0.07369576 -0.02847244 -0.06076950 -0.01413483 0.09591539 -0.11131875 0.03816941 -0.04104606 0.05266109 0.03573743 -0.03383959 -0.06096952 -0.09139616 0.26379750 0.07769164 0.11543629 0.35154485 1.00000000 0.16602332 0.11721653 0.27222535 0.09405241 0.13706541 0.07082157 0.25188178 0.10572948 0.11143588 0.04656608 0.03276239 -0.15593849 -0.05214936 -0.19246947 -0.20233946 -0.18270297 -0.03469182 -0.04675684 -0.09839953 0.00498099 -0.15185660 -0.00883097 -0.04905955 0.16099679 0.05224978 -0.08368578 0.09375461 -0.11967099 -0.04799650 -0.11685814 0.01293879 -0.06434111 -0.06284946 -0.13337088
-0.06697900 0.07967784 -0.12121013 -0.08864447 -0.03314029 -0.11293655 -0.03624152 0.05642251 0.09202129 -0.09328396 0.05178856 -0.07784336 -0.28829217 0.11692150 -0.03771128 0.00768125 -0.13767502 -0.06862883 -0.04551160 -0.07552384 0.05739726 0.02001685 -0.20550452 -0.12370636 -0.15256606 -0.01656319 -0.11790931 -0.31851656 -0.31365617 -0.29481435 -0.22245279 -0.22933405 -0.30112861 -0.19928703 -0.24840817 -0.23744849 -0.36686417 -0.10542384 -0.22928497 0.40889397 0.41022855 0.41006999 0.13113101 0.16602332 1.00000000 0.36722166 0.53077127 0.35066235 0.55146312 0.21369789 0.42878350 0.56922483 0.07843984 -0.06448264 -0.09616445 0.12050704 -0.15013190 0.00294913 -0.06219776 -0.10845817 -0.11653118 0.06142620 -0.01809175 0.02688585 -0.11917954 -0.09984504 -0.18056303 0.20744732 0.15445528 -0.03617266 0.08916100 -0.25385441 -0.08875217 -0.11154542 -0.04276392 -0.19600061 -0.18062386 -0.18190351
0.08385405 -0.05830616 -0.00683365 0.05011493 0.06926941 -0.00917777 0.07884373 0.05342580 0.03780177 -0.00623766 0.17504896 -0.00789061 -0.12630944 0.19047568 0.00119457 0.02695430 0.01363171 0.11254129 -0.04557973 -0.05185442 -0.04861475 0.22550294 -0.09813490 -0.00544051 0.03570757 0.14668407 0.01599419 -0.14224595 -0.00541091 -0.14806003 -0.00411213 -0.18464215 -0.01552467 -0.05538596 -0.08497243 0.03077207 -0.16139588 -0.03472919 -0.13368463 0.26803762 0.24986732 0.34419519 0.18809174 0.11721653 0.36722166 1.00000000 0.46039234 0.46517886 0.43700618 0.51368362 0.43167556 0.46657871 0.10968667 0.04979321 0.01067547 0.19631116 -0.02974541 0.08970232 0.05310139 0.08503268 0.13519572 0.16443478 0.01510402 0.10272541 0.07678301 -0.01334327 -0.08705880 0.16239190 0.17291109 0.00538200 0.17544780 -0.07503594 0.05837500 0.01870906 0.15945804 -0.06169472 -0.06027913 0.02188353
-0.07548365 -0.00239987 -0.08435718 -0.01404576 0.07215766 -0.00775703 0.06542938 0.10283756 0.02526973 -0.08746322 0.10744950 -0.14050275 -0.18282247 0.06467934 -0.02911679 -0.12291778 -0.13684436 0.06774001 -0.08241962 -0.12145323 -0.00955803 0.00937704 -0.14737645 -0.15051945 -0.12442584 0.06966157 0.02444612 -0.15167783 -0.13587648 -0.17001986 -0.03097461 -0.23949118 -0.12599798 -0.10981231 -0.06297881 -0.05355035 -0.21490526 -0.02748707 -0.14384319 0.39932428 0.30828182 0.23309485 0.15718892 0.27222535 0.53077127 0.46039234 1.00000000 0.43967718 0.41593865 0.36020468 0.49831468 0.53353220 0.07287951 0.03141460 -0.01711485 0.09081720 -0.15355379 -0.04596119 -0.06241469 -0.09826493 -0.07548057 0.09760763 0.05228884 0.08921715 0.01397414 0.02929815 -0.15203010 0.21403679 0.17087730 0.01208611 0.11931575 -0.13470802 0.04095653 -0.03667078 0.08421672 -0.10429432 -0.10434600 -0.00569083
0.02408963 0.00094277 -0.00636202 0.17378523 0.21546311 -0.05333776 0.15511328 0.09903282 0.09349167 0.11976015 0.24167407 0.01921092 -0.05377593 0.14642820 0.00687769 0.05525357 0.11480036 0.13898550 0.03956026 0.02694527 -0.10099343 0.09200684 0.01684271 0.03911999 0.00724729 0.18167166 0.17654053 -0.10673842 0.04133868 0.00802508 0.04186399 -0.14291744 0.02448335 0.05206789 0.14339267 0.09376470 -0.09434459 0.07967529 0.08726375 0.27821906 0.42168862 0.38956940 0.22559139 0.09405241 0.35066235 0.46517886 0.43967718 1.00000000 0.39998060 0.50536371 0.34882738 0.54367607 0.09576347 0.12473890 -0.02317684 -0.03014537 0.01346445 0.11148427 0.02796546 0.07641987 0.08237856 0.09874431 -0.12619389 0.02616659 0.10963974 -0.00342035 -0.10740773 0.35263371 0.30060734 0.15678112 0.17785087 0.02507700 0.04126069 -0.08417838 0.12564268 -0.13730322 0.08631969 0.06144615
-0.04550479 0.10397013 -0.12024291 -0.00290543 0.04259944 -0.10716045 -0.01549227 0.09454324 0.14229373 -0.08015593 0.17782430 0.03546388 -0.22162819 0.19308198 -0.01942653 0.03159859 -0.03720745 -0.01855581 0.01005526 -0.02855351 0.03083643 0.08609374 -0.13533364 -0.05690811 -0.05837330 0.03000427 -0.05771550 -0.33702073 -0.27450951 -0.13317915 -0.13891107 -0.22002171 -0.19206762 -0.11794829 -0.11685267 -0.17802165 -0.35159378 -0.05917068 -0.08561830 0.18881450 0.39069140 0.51751751 0.23047159 0.13706541 0.55146312 0.43700618 0.41593865 0.39998060 1.00000000 0.35679986 0.35394440 0.58608986 0.10055880 -0.09702871 -0.07376381 0.06201706 -0.07586655 0.04948834 0.01133034 0.04036896 0.03760589 0.06339797 0.04023751 0.00145788 -0.03216009 -0.07417263 -0.04786567 0.29163361 0.25609341 0.07393961 0.19201144 -0.13116012 0.01095162 -0.07395666 -0.07217462 -0.18877723 -0.10869204 -0.11711160
-0.00275519 0.06627079 0.06341075 0.06885482 0.12276519 -0.08446551 0.09139352 0.18050720 -0.03003791 0.07963453 0.11814198 0.02975046 -0.16969185 0.10233717 -0.03767338 0.13976206 0.10813071 0.12524690 -0.02175147 -0.03159217 -0.06421004 0.16799564 -0.08372154 0.04761916 0.00232423 0.06627882 0.19582864 -0.05928721 0.08250050 -0.08338197 0.21880100 -0.06301466 0.18464740 0.10361118 0.12067458 0.06236155 0.04746870 0.02489710 0.05175855 0.17787539 0.31775695 0.26739648 0.34868542 0.07082157 0.21369789 0.51368362 0.36020468 0.50536371 0.35679986 1.00000000 0.40882072 0.34083000 0.04253714 -0.04027229 -0.01422041 -0.00876916 -0.06369370 -0.01086628 -0.02163698 -0.01254799 0.08559328 0.08665291 -0.00710785 0.02646750 0.01939130 -0.03210373 -0.05212844 0.16402935 0.03946021 0.18543597 0.09733728 -0.06341121 0.06948806 -0.02244122 0.08804912 -0.03377533 -0.10079475 0.11644667
-0.02633910 0.04332916 -0.06556483 0.09036110 0.00162423 0.02503514 0.03180860 -0.00560882 0.00567879 -0.02009100 0.06351571 -0.11333311 -0.09543243 0.03293615 -0.04619743 -0.02843941 -0.07766586 0.07411971 -0.08149033 -0.07029500 -0.05662157 0.03186850 -0.10737529 -0.06571440 -0.09474542 0.02210077 0.06543805 -0.13811292 0.03686943 -0.18905947 0.04194280 -0.18549794 0.01558693 -0.11019288 -0.05263457 0.00946171 -0.02247319 -0.01155141 -0.03983131 0.44744031 0.37655384 0.33237440 0.25426721 0.25188178 0.42878350 0.43167556 0.49831468 0.34882738 0.35394440 0.40882072 1.00000000 0.38372322 -0.02443244 -0.03504888 -0.05006464 0.03375813 -0.15739104 -0.02799831 -0.10672779 -0.09732113 -0.02730376 0.02547623 -0.06451651 -0.01992473 -0.05991164 -0.03217419 -0.02705150 0.13819401 0.12962863 0.10035636 0.18492126 -0.04529919 0.03118743 0.00661033 0.19087065 -0.08544674 -0.00427733 0.00920739
-0.04925725 0.05946182 -0.06130920 -0.02503379 0.07986834 -0.09801001 0.03879915 0.10700786 0.15524671 -0.08192679 0.18609012 0.01018690 -0.25376733 0.07591842 0.01045725 -0.00590567 -0.11871896 -0.00919428 0.08980645 -0.01998680 0.01246560 0.02212754 -0.15790000 -0.13483234 -0.09650139 0.07476487 0.00245020 -0.27095419 -0.22299168 -0.15479793 -0.09958256 -0.18768941 -0.19042939 -0.04186604 -0.08135889 -0.12444752 -0.33259393 -0.11150910 -0.10536218 0.31844042 0.40466274 0.44009703 0.13307527 0.10572948 0.56922483 0.46657871 0.53353220 0.54367607 0.58608986 0.34083000 0.38372322 1.00000000 0.11496565 -0.00034579 -0.02748355 0.02068963 -0.10311095 0.00308313 -0.01327097 -0.05547708 -0.00451095 0.02209067 -0.00274007 -0.03450898 -0.10244947 -0.04077781 -0.18248215 0.29996859 0.28494684 0.06477766 0.13662503 -0.08334478 0.02796186 -0.07436844 -0.03310908 -0.13362032 -0.09435873 -0.13069267
0.02307624 -0.11122851 0.02282625 -0.00807534 0.01320261 -0.08569723 -0.07851731 -0.01335772 0.13152552 -0.06206762 0.03049409 0.00938970 -0.06231594 -0.03720081 -0.03585278 -0.00149511 -0.01252026 0.00562886 0.05279484 0.02055275 0.00522724 -0.02723262 -0.01555677 -0.02935378 0.04685215 0.02894523 -0.02899849 -0.05676913 -0.12492486 -0.02286467 -0.03224369 -0.02946243 -0.06808025 0.04345389 -0.02877778 -0.08748706 -0.18269496 -0.03990846 -0.09350662 0.02886204 0.08424818 0.07064766 0.08404078 0.11143588 0.07843984 0.10968667 0.07287951 0.09576347 0.10055880 0.04253714 -0.02443244 0.11496565 1.00000000 0.26467423 0.35672611 0.11475080 0.30927944 0.13281423 0.10171511 0.15844762 0.21440140 0.20010578 0.11308571 0.30205633 0.25963535 -0.02710136 0.03695677 0.12005751 0.03456935 -0.02259503 0.05790930 0.00538586 0.05316874 -0.00770753 0.01110277 -0.00141122 -0.01375168 -0.10088414
-0.06253978 -0.03526660 -0.10358079 -0.01748726 0.05528960 -0.05632946 -0.01489069 -0.00196634 -0.08253123 -0.02915582 0.00911478 -0.01977076 -0.03747517 0.04989918 -0.02512842 -0.02211434 -0.00776840 0.02654578 0.10194093 -0.02677677 -0.08983562 0.04686801 0.04230886 -0.02053139 0.02351840 0.04064703 0.08244481 0.03566731 0.08489385 0.02948875 0.07286039 -0.12639591 -0.03287280 -0.01567874 0.07561168 0.09426424 0.00566337 0.02800424 -0.08697567 0.01680992 -0.05020116 -0.06215413 -0.01179090 0.04656608 -0.06448264 0.04979321 0.03141460 0.12473890 -0.09702871 -0.04027229 -0.03504888 -0.00034579 0.26467423 1.00000000 0.23113984 0.08557648 0.19764810 0.09659574 0.14143091 0.11847377 0.13896470 0.06749162 0.02830862 0.31411071 0.21077056 -0.02114476 0.03674175 0.07747834 0.01790786 -0.00319715 0.04598187 0.01119070 -0.02390531 -0.06563201 0.01947598 -0.04864370 0.03279224 -0.06101603
0.02616041 -0.11153780 0.04134889 0.07221289 -0.00776223 0.19842921 -0.01585766 -0.03230064 -0.01934226 -0.00731466 -0.13018709 -0.00024971 0.09950891 0.04528974 0.04967342 -0.10448981 0.01764636 0.02086425 0.04069481 0.07503378 0.00965991 -0.02658896 0.10142912 -0.06696335 0.05821272 0.04440297 0.00501209 0.10009185 -0.01238093 0.08215570 0.02130191 0.02170133 0.05326525 0.09527397 0.10398034 0.00628844 0.04133454 0.09524636 -0.01863801 -0.13951272 -0.06317308 -0.02955926 -0.04578915 0.03276239 -0.09616445 0.01067547 -0.01711485 -0.02317684 -0.07376381 -0.01422041 -0.05006464 -0.02748355 0.35672611 0.23113984 1.00000000 0.09578590 0.29587150 0.25970293 0.21105469 0.36913400 0.40881012 0.06668110 0.09334779 0.31366732 0.33662865 0.09580789 0.17398688 -0.08952659 -0.13531895 -0.00988933 0.13069499 0.08235076 0.08024155 0.15606614 0.03903876 0.10618418 0.10003114 -0.00278789
0.06186900 -0.03670795 -0.13148175 -0.06614001 -0.06031047 -0.07660884 -0.11900327 0.04053522 0.01803024 -0.07253576 0.05303032 -0.01310059 -0.09199994 0.10216159 -0.06706671 -0.03129873 -0.07820992 0.02772949 -0.08514009 -0.12714645 0.07295128 0.07733337 -0.02076331 -0.05848745 0.08510211 -0.05547736 -0.10729021 -0.12903925 -0.17490807 -0.13480878 -0.25185161 -0.11806435 -0.21382573 -0.25194091 -0.18757131 -0.14226304 -0.24661078 -0.04739708 -0.22142792 0.01281889 0.08186977 0.02805765 -0.10021868 -0.15593849 0.12050704 0.19631116 0.09081720 -0.03014537 0.06201706 -0.00876916 0.03375813 0.02068963 0.11475080 0.08557648 0.09578590 1.00000000 0.06493006 0.21193305 0.32460064 0.20213932 0.05403841 0.46757559 0.36915668 0.18375399 0.26671221 -0.07247367 0.04828313 -0.12785253 -0.03840271 -0.07802695 -0.12956032 -0.11818732 0.03708104 0.05079583 0.01467144 -0.06250773 -0.03786815 0.00302996
0.00916233 -0.09567465 0.04611258 0.17014349 -0.02820740 0.06035039 -0.01967014 -0.03091955 0.02048748 0.15871250 -0.03766017 0.04716389 0.09505303 -0.00514602 -0.06571261 0.00687627 0.03885895 0.01651918 -0.00378926 0.01848188 -0.08155547 0.06049209 -0.02452480 0.02366205 0.17979658 0.06431411 0.03439421 0.12050784 0.03182882 0.05208986 0.07058909 0.04002701 0.07718730 0.06718305 0.08464190 0.07949808 0.02291091 0.02560307 0.08940823 -0.17268352 -0.05690454 -0.07457960 -0.00055048 -0.05214936 -0.15013190 -0.02974541 -0.15355379 0.01346445 -0.07586655 -0.06369370 -0.15739104 -0.10311095 0.30927944 0.19764810 0.29587150 0.06493006 1.00000000 0.26957678 0.23073891 0.27481609 0.34997428 0.20171077 0.09421770 0.33631557 0.24529219 -0.00991443 0.14978123 -0.00959997 -0.12390905 -0.02040457 -0.05560565 0.09216935 0.00521864 -0.06230860 0.02462494 0.05858524 0.07254991 -0.00019254
-0.03242607 -0.06030429 -0.05503359 0.10697047 -0.00807560 0.04925781 0.03004165 0.03188523 0.10576870 0.08372364 0.00577823 0.03246335 0.03493827 0.05094897 0.00226729 0.03382199 0.09940620 0.07938771 0.02320806 0.08355647 0.05586956 0.07883708 0.12114851 0.09756542 0.20518861 0.08620903 -0.12260022 -0.06485196 -0.09341124 -0.02001173 -0.00334939 0.07091838 0.00556240 0.01989162 0.07635884 0.00895814 -0.03352155 0.15653482 -0.02746516 -0.04558148 0.00003773 0.12271567 -0.07718027 -0.19246947 0.00294913 0.08970232 -0.04596119 0.11148427 0.04948834 -0.01086628 -0.02799831 0.00308313 0.13281423 0.09659574 0.25970293 0.21193305 0.26957678 1.00000000 0.40453064 0.48390219 0.16553588 0.21217805 0.12127089 0.18093824 0.33551597 0.05314410 0.16476209 -0.04916748 0.00509749 0.03510618 0.09888576 0.12608702 0.02932687 0.08472369 -0.02436328 0.01635282 0.08862857 0.01981070
0.11374619 0.00739070 -0.04105925 -0.01094875 -0.03388539 0.00008965 -0.04665841 0.07453270 0.10767544 0.08125135 0.05842997 0.01237071 -0.03222797 -0.05473405 0.01478495 0.01276329 0.02028368 -0.00429267 0.00061156 0.02219980 -0.00161325 0.03422293 0.03708017 -0.02407202 0.13664709 0.02526032 -0.03973510 0.02445319 -0.01199675 -0.03500816 -0.09693952 0.00591501 -0.04818724 -0.03433466 -0.02920103 0.04728008 -0.07410171 0.08835912 0.04022110 -0.08245089 0.05185420 0.02348584 -0.21725951 -0.20233946 -0.06219776 0.05310139 -0.06241469 0.02796546 0.01133034 -0.02163698 -0.10672779 -0.01327097 0.10171511 0.14143091 0.21105469 0.32460064 0.23073891 0.40453064 1.00000000 0.32221106 0.22428935 0.31245477 0.35205582 0.12395214 0.23761610 0.03420175 0.09342017 -0.12762000 0.01815855 -0.01359932 0.01236322 -0.02891899 0.06942525 0.09189581 -0.06132786 -0.11766780 0.07959903 -0.02620930
0.07059729 0.02023105 0.09643306 0.19119348 0.07996292 0.10677564 0.00551075 0.01642497 0.13502417 0.20423891 0.10558928 0.19835739 0.10532943 0.07839528 0.05896072 0.07616724 0.14794649 0.17881552 0.09236496 0.10114582 0.06079182 0.20668897 0.11615327 0.00540428 0.23161065 0.09598152 0.03352765 0.00507620 -0.01907386 0.15431964 -0.03737661 0.04457372 0.00564991 0.12715932 0.07009307 0.10630004 0.00120314 0.20058864 0.13089407 -0.18090339 0.02762077 0.02712777 -0.09108258 -0.18270297 -0.10845817 0.08503268 -0.09826493 0.07641987 0.04036896 -0.01254799 -0.09732113 -0.05547708 0.15844762 0.11847377 0.36913400 0.20213932 0.27481609 0.48390219 0.32221106 1.00000000 0.36529670 0.19975061 0.10299953 0.25432415 0.45917339 0.05927462 0.21629875 -0.01849151 0.04077452 0.09122537 0.09277032 0.17886037 0.12260847 0.25117699 -0.04221523 0.08320879 0.15057677 0.13948542
0.07441159 -0.00852726 0.06722562 0.16113272 -0.01126560 0.12101548 0.06833284 -0.00395162 0.05306947 0.12501459 0.05670622 0.09920457 0.09668220 0.05566266 0.09500932 -0.02369130 0.07445841 0.12838459 0.02784393 0.07919369 -0.09700006 0.14865527 0.10908833 0.07219959 0.15701668 0.13330550 0.04079743 0.11427716 0.16877141 0.13639218 0.12973695 0.06043384 0.09568811 0.11156926 0.06104764 0.08142746 0.09147276 0.10488895 0.13128371 -0.12962517 0.02662758 0.00975164 0.05439174 -0.03469182 -0.11653118 0.13519572 -0.07548057 0.08237856 0.03760589 0.08559328 -0.02730376 -0.00451095 0.21440140 0.13896470 0.40881012 0.05403841 0.34997428 0.16553588 0.22428935 0.36529670 1.00000000 0.22061906 0.04570513 0.29538209 0.22905896 0.00398977 0.17332914 0.06044373 0.05593407 0.04968002 0.12676167 0.08681550 0.18286617 0.06256643 0.10167811 0.06866685 0.13568619 0.14105145
0.03948762 -0.01846469 -0.10540996 0.05911732 -0.06152703 -0.02163400 0.02491008 0.07027306 0.10667947 0.14431100 0.15720068 0.07775152 -0.00305165 0.04563910 -0.06747732 -0.00746610 0.03101476 0.12191167 0.01016029 -0.01069073 -0.01407935 0.03691832 -0.02649355 -0.01409940 0.08005068 0.01720487 -0.04122204 0.03679377 -0.07238968 -0.08919536 -0.07335634 -0.09605852 -0.09535200 -0.11167835 -0.03093187 0.01584297 -0.12567981 0.01434803 -0.08330394 0.00990860 0.13819697 0.01625954 -0.03409504 -0.04675684 0.06142620 0.16443478 0.09760763 0.09874431 0.06339797 0.08665291 0.02547623 0.02209067 0.20010578 0.06749162 0.06668110 0.46757559 0.20171077 0.21217805 0.31245477 0.19975061 0.22061906 1.00000000 0.16643771 0.20499103 0.26858203 -0.06907644 0.03162893 0.02242739 0.04160041 0.06244788 -0.09296765 -0.08935217 0.05092348 0.02047434 0.07996901 -0.15529041 -0.00705037 0.11542962
0.09381933 0.04449081 0.01988525 0.02736041 -0.04132628 0.03182674 -0.04619795 0.12464728 0.10054465 -0.08310339 -0.00523039 0.05955580 -0.01038307 0.05541261 -0.01185332 -0.00595203 -0.07980346 -0.02429622 -0.00534245 -0.08757215 0.07474711 0.02099262 -0.09794428 -0.08711606 0.06250122 0.00816048 -0.11074174 -0.05016200 -0.13000491 -0.08315327 -0.12481899 -0.01346447 -0.11853464 0.00273043 -0.07081655 -0.14522993 -0.17282516 0.04237764 -0.05439729 -0.12609764 0.00058370 -0.04339611 -0.06679048 -0.09839953 -0.01809175 0.01510402 0.05228884 -0.12619389 0.04023751 -0.00710785 -0.06451651 -0.00274007 0.11308571 0.02830862 0.09334779 0.36915668 0.09421770 0.12127089 0.35205582 0.10299953 0.04570513 0.16643771 1.00000000 0.15770664 0.33138716 0.15062392 0.21854873 -0.11509564 -0.08876158 0.01131331 -0.02287363 0.01327469 0.12499422 0.08458639 -0.09566163 0.03235457 0.09946850 -0.00427278
-0.04294987 -0.07865683 0.00515384 0.13289527 -0.01393236 0.02995998 -0.06148193 0.05401410 0.04662952 0.07172802 0.02513029 -0.03138172 0.01347799 0.02266837 -0.06017341 -0.07286902 -0.00575218 0.03495549 -0.04441652 -0.05151537 0.01008419 0.07348053 -0.05135015 -0.07909308 0.05894534 0.02186689 -0.06184476 0.02065956 0.01129605 -0.07932727 0.05215396 -0.04587693 -0.05379849 -0.09389391 0.06382745 -0.01839634 -0.04130422 0.04744272 -0.10437461 -0.00385957 -0.08530865 -0.01935486 -0.03997973 0.00498099 0.02688585 0.10272541 0.08921715 0.02616659 0.00145788 0.02646750 -0.01992473 -0.03450898 0.30205633 0.31411071 0.31366732 0.18375399 0.33631557 0.18093824 0.12395214 0.25432415 0.29538209 0.20499103 0.15770664 1.00000000 0.30701946 0.01197057 0.07045899 0.00805877 -0.11622500 0.06158887 0.01121988 0.00034882 -0.00459339 0.01339653 0.06470031 0.07327611 -0.07946225 -0.01604173
0.13320148 0.04004111 0.11434664 0.15709987 0.04639141 0.15524843 0.04839508 0.13144962 0.11687473 0.12124841 0.10419378 0.12507951 0.16757483 0.04704201 -0.00150108 -0.03897085 0.19184530 0.14336243 0.16263924 0.02934306 0.03746602 0.04772562 0.12850235 0.04104954 0.21794173 0.13181783 -0.01960907 0.07056231 -0.04830571 0.10414905 -0.05112921 0.00326026 -0.00278904 0.09300918 0.09661338 -0.03083857 -0.04631731 0.21268582 0.07975643 -0.15866530 0.02537581 0.00939097 -0.09724731 -0.15185660 -0.11917954 0.07678301 0.01397414 0.10963974 -0.03216009 0.01939130 -0.05991164 -0.10244947 0.25963535 0.21077056 0.33662865 0.26671221 0.24529219 0.33551597 0.23761610 0.45917339 0.22905896 0.26858203 0.33138716 0.30701946 1.00000000 0.16515552 0.23131604 -0.01030274 -0.00968117 0.06447236 0.07383020 0.19080529 0.18716625 0.15069870 -0.02572030 0.02917442 0.19709468 0.07300823
0.13755435 -0.01570290 0.15146939 0.21167474 0.04702395 0.28338534 0.14547931 0.03311709 -0.00538572 0.07943109 -0.00192412 -0.05734355 0.07061412 -0.03327902 -0.07640659 -0.01434729 0.01272483 0.02431738 -0.00805686 -0.03245559 0.06599115 -0.09479353 -0.04993757 -0.05783006 -0.01490160 -0.00467764 -0.00264985 0.13382281 0.02743024 0.19223034 0.01452409 0.05762801 0.04975288 0.14170392 0.12790079 0.07689120 0.11255456 0.16058858 0.15352555 -0.10021738 -0.03449347 0.01916752 -0.01128076 -0.00883097 -0.09984504 -0.01334327 0.02929815 -0.00342035 -0.07417263 -0.03210373 -0.03217419 -0.04077781 -0.02710136 -0.02114476 0.09580789 -0.07247367 -0.00991443 0.05314410 0.03420175 0.05927462 0.00398977 -0.06907644 0.15062392 0.01197057 0.16515552 1.00000000 0.32638749 -0.05189438 -0.02653259 0.11483186 0.31111445 0.22885559 0.36034491 0.17323798 0.24083124 0.21937616 0.26851310 0.29874108
0.14439651 0.03768026 0.10474867 0.20098489 0.07248097 0.24989359 0.12646897 0.11740458 -0.02261351 0.12177780 -0.05468997 0.03591729 0.17391707 0.02531692 -0.15574030 -0.12099880 -0.01590882 0.08788122 -0.05062035 -0.03571312 -0.03768776 -0.02081124 0.04198622 -0.01654496 0.05718103 -0.07428657 -0.06000558 0.11233636 0.14764119 0.13730402 0.12261344 0.11358883 0.01369252 0.06188053 0.01145521 0.03054154 0.13687686 0.24238016 0.10604363 -0.22034722 -0.08469333 -0.04367263 0.04943346 -0.04905955 -0.18056303 -0.08705880 -0.15203010 -0.10740773 -0.04786567 -0.05212844 -0.02705150 -0.18248215 0.03695677 0.03674175 0.17398688 0.04828313 0.14978123 0.16476209 0.09342017 0.21629875 0.17332914 0.03162893 0.21854873 0.07045899 0.23131604 0.32638749 1.00000000 -0.22609458 -0.21675322 0.26373665 0.18659006 0.21940450 0.29218634 0.37391993 0.20960496 0.27096254 0.34811138 0.31609971
-0.00581000 -0.00598413 0.02258882 0.02240437 -0.03232548 -0.20961033 0.13313377 -0.07334862 0.12042338 -0.02369639 0.19571881 -0.01992771 -0.06400432 0.15980969 0.06882068 0.03244201 0.03286963 0.05734515 0.11867524 0.09353591 -0.04673868 0.01935221 -0.00768714 0.07487559 -0.00746383 0.09368394 0.06770724 -0.12820329 -0.07703996 -0.00348552 -0.02433220 -0.13927511 0.02281826 0.05622457 0.08914549 -0.00347100 -0.13900773 -0.07751334 -0.03462742 0.12033972 0.11047672 0.12549583 0.15293139 0.16099679 0.20744732 0.16239190 0.21403679 0.35263371 0.29163361 0.16402935 0.13819401 0.29996859 0.12005751 0.07747834 -0.08952659 -0.12785253 -0.00959997 -0.04916748 -0.12762000 -0.01849151 0.06044373 0.02242739 -0.11509564 0.00805877 -0.01030274 -0.05189438 -0.22609458 1.00000000 0.66298939 0.13227245 0.27355542 0.05259259 0.02381728 -0.22775649 0.06459420 -0.10542632 0.05337094 -0.09446767
0.00568639 -0.01635954 -0.00063014 0.00570746 -0.14557503 -0.21339424 0.08656928 -0.10064336 0.18391823 -0.03435120 0.22287613 -0.02603024 -0.05595752 0.21488202 0.09360849 0.06225289 0.06882536 0.06685980 0.13131168 0.14064039 0.00753291 0.07306648 0.08007755 0.12674610 0.07902907 0.15286700 0.01119108 -0.12845884 -0.07756318 0.07802827 -0.07653994 -0.13338353 0.02129656 -0.00911786 0.03924970 -0.01838368 -0.14228266 -0.05877655 0.08216734 0.16080284 0.14993090 0.16251377 0.05576535 0.05224978 0.15445528 0.17291109 0.17087730 0.30060734 0.25609341 0.03946021 0.12962863 0.28494684 0.03456935 0.01790786 -0.13531895 -0.03840271 -0.12390905 0.00509749 0.01815855 0.04077452 0.05593407 0.04160041 -0.08876158 -0.11622500 -0.00968117 -0.02653259 -0.21675322 0.66298939 1.00000000 0.03980151 0.28178101 0.03416781 0.04924983 -0.08413469 0.03023401 -0.21781551 0.16850266 -0.09682262
0.08102181 0.14259296 0.06630654 0.18509080 0.17696193 0.05660447 0.10920344 0.25390722 -0.05064691 0.15968421 0.06356714 0.07908360 0.01694571 0.00327921 -0.20088989 -0.05639377 0.09457598 0.11154703 -0.06710368 -0.05870277 -0.11981657 0.01937895 0.07195182 -0.00855554 0.02998239 -0.06170920 0.02857133 -0.01432686 0.14937218 0.00039719 0.20743995 0.02479959 0.05904326 0.02594731 0.10503868 0.06083237 0.00702982 0.14298495 0.06350729 -0.10988052 0.02186410 0.04895058 0.11695089 -0.08368578 -0.03617266 0.00538200 0.01208611 0.15678112 0.07393961 0.18543597 0.10035636 0.06477766 -0.02259503 -0.00319715 -0.00988933 -0.07802695 -0.02040457 0.03510618 -0.01359932 0.09122537 0.04968002 0.06244788 0.01131331 0.06158887 0.06447236 0.11483186 0.26373665 0.13227245 0.03980151 1.00000000 0.23687739 0.10067213 0.32863872 0.15922631 0.29540905 0.13035781 0.18088873 0.29153478
0.04633614 -0.02953446 0.16863970 0.08857166 0.03913844 0.10118394 0.10194046 0.08099919 0.08535420 0.04175940 0.08987223 -0.01343971 -0.03787712 0.09863244 0.06844576 0.05080120 0.07643458 0.06394397 0.03265155 0.05767444 -0.05889112 -0.05904780 -0.03068041 0.00057943 -0.01173719 0.16745326 -0.02671106 -0.04980684 -0.00432221 0.05575627 0.07615481 -0.04869566 0.02235025 0.13830688 0.05035412 0.06649899 -0.00880125 0.08338049 0.05530723 0.03533609 0.05976834 0.14256745 0.10485999 0.09375461 0.08916100 0.17544780 0.11931575 0.17785087 0.19201144 0.09733728 0.18492126 0.13662503 0.05790930 0.04598187 0.13069499 -0.12956032 -0.05560565 0.09888576 0.01236322 0.09277032 0.12676167 -0.09296765 -0.02287363 0.01121988 0.07383020 0.31111445 0.18659006 0.27355542 0.28178101 0.23687739 1.00000000 0.21793976 0.25545096 0.19242971 0.15746548 0.04910314 0.22789548 0.09349331
0.07777678 -0.00697157 0.20135311 0.21282712 0.11634332 0.13690236 0.09780008 -0.00032655 0.07994423 0.15449456 0.14165862 0.18968629 0.21155888 -0.01392093 0.07967664 0.05828841 0.12625376 0.06189832 0.08445878 0.18803426 0.05308953 0.02763625 0.12369473 0.09424785 0.11046751 0.05314159 0.04938308 0.16891075 0.09714529 0.19586874 0.06264048 0.12995989 0.12801813 0.19215767 0.16364489 0.15284114 0.16538409 0.04022220 0.25078396 -0.08418285 -0.03358105 -0.01500227 -0.06819297 -0.11967099 -0.25385441 -0.07503594 -0.13470802 0.02507700 -0.13116012 -0.06341121 -0.04529919 -0.08334478 0.00538586 0.01119070 0.08235076 -0.11818732 0.09216935 0.12608702 -0.02891899 0.17886037 0.08681550 -0.08935217 0.01327469 0.00034882 0.19080529 0.22885559 0.21940450 0.05259259 0.03416781 0.10067213 0.21793976 1.00000000 0.15350445 0.20659956 0.14953940 0.28499540 0.40492142 0.16147950
0.13769289 -0.00980998 0.13571805 0.15304352 0.07319133 0.17076208 0.12481742 0.10661303 0.01866164 0.10307572 0.06105439 0.03325161 0.05619854 -0.03935815 -0.02464828 -0.03726642 0.09959542 0.13167240 0.00663031 -0.00204044 -0.04979948 -0.01041844 0.06926017 -0.00045076 0.06101931 -0.01819387 0.04526128 0.11821841 0.07818838 0.16581195 0.18880995 0.10379124 0.11988131 0.15875823 0.10756589 0.07712141 0.03963602 0.11314365 0.15514082 -0.06603240 0.04418248 0.05280630 0.14835835 -0.04799650 -0.08875217 0.05837500 0.04095653 0.04126069 0.01095162 0.06948806 0.03118743 0.02796186 0.05316874 -0.02390531 0.08024155 0.03708104 0.00521864 0.02932687 0.06942525 0.12260847 0.18286617 0.05092348 0.12499422 -0.00459339 0.18716625 0.36034491 0.29218634 0.02381728 0.04924983 0.32863872 0.25545096 0.15350445 1.00000000 0.19331223 0.22019682 0.09266213 0.29003000 0.30863583
0.12125728 0.01906258 0.12925362 0.10996552 0.05891721 0.30808467 0.01996557 0.11030739 0.11149813 0.14290984 0.05530129 0.09408967 0.12249316 -0.00071971 -0.01661915 -0.03276514 0.09234898 0.04666810 -0.00990886 -0.01411711 0.01609482 0.16171471 0.08540728 -0.00876183 0.03669057 0.08954475 0.05973544 0.08312418 0.13413310 0.11723790 0.10319446 0.08776366 0.08447753 0.10948124 0.00421185 0.08612638 0.10234407 0.15318444 0.08845262 -0.08541334 -0.05423230 -0.00588399 -0.04649326 -0.11685814 -0.11154542 0.01870906 -0.03667078 -0.08417838 -0.07395666 -0.02244122 0.00661033 -0.07436844 -0.00770753 -0.06563201 0.15606614 0.05079583 -0.06230860 0.08472369 0.09189581 0.25117699 0.06256643 0.02047434 0.08458639 0.01339653 0.15069870 0.17323798 0.37391993 -0.22775649 -0.08413469 0.15922631 0.19242971 0.20659956 0.19331223 1.00000000 0.18086356 0.29213823 0.22547609 0.26107324
0.08811953 -0.17352128 0.02745493 0.15021897 0.01885542 0.14950758 0.07164992 -0.05048948 -0.13037391 0.11713515 0.03376397 -0.11156085 0.08248954 -0.05251713 -0.12985530 -0.10558219 -0.07564715 0.11563386 -0.15578022 -0.10898622 -0.15417644 -0.00834914 -0.01507943 -0.03430533 -0.04364832 -0.01373414 0.08306167 0.11823170 0.20402199 -0.03361478 0.21761987 -0.06858998 0.13012567 -0.07876110 0.07655173 0.13181303 0.17263847 0.05550068 0.00893851 0.17975878 -0.00076268 -0.05438934 0.13054962 0.01293879 -0.04276392 0.15945804 0.08421672 0.12564268 -0.07217462 0.08804912 0.19087065 -0.03310908 0.01110277 0.01947598 0.03903876 0.01467144 0.02462494 -0.02436328 -0.06132786 -0.04221523 0.10167811 0.07996901 -0.09566163 0.06470031 -0.02572030 0.24083124 0.20960496 0.06459420 0.03023401 0.29540905 0.15746548 0.14953940 0.22019682 0.18086356 1.00000000 0.21127912 0.20827826 0.32882047
0.04557886 0.02781938 0.15655895 0.07470400 0.00613407 0.19173029 0.05589203 0.00301198 -0.17695225 0.01672896 -0.16601985 -0.04172193 0.15304417 -0.08327682 -0.02282894 -0.03524408 -0.04118972 -0.07910916 -0.14796651 -0.08786653 -0.07982902 0.01837246 -0.02097731 -0.02033608 -0.12106748 -0.10946368 0.01479345 0.11794170 0.13438669 0.12313117 0.18033999 0.13021238 0.12682384 0.10353895 0.17776706 0.00744428 0.18256797 0.14541306 0.09206923 -0.15774808 -0.18674114 -0.16347874 0.05059154 -0.06434111 -0.19600061 -0.06169472 -0.10429432 -0.13730322 -0.18877723 -0.03377533 -0.08544674 -0.13362032 -0.00141122 -0.04864370 0.10618418 -0.06250773 0.05858524 0.01635282 -0.11766780 0.08320879 0.06866685 -0.15529041 0.03235457 0.07327611 0.02917442 0.21937616 0.27096254 -0.10542632 -0.21781551 0.13035781 0.04910314 0.28499540 0.09266213 0.29213823 0.21127912 1.00000000 0.17323538 0.24530505
0.12293311 -0.02063448 0.11891779 0.19178737 0.04809795 0.18484624 0.17313693 -0.07775896 0.04448230 0.12933311 0.05122391 0.05309545 0.23134340 0.01135924 -0.01439854 -0.03113326 0.08205813 0.08803940 0.07660745 0.14357401 0.02103308 -0.00261986 0.13238676 0.04425788 0.14429925 0.09599418 0.01702192 0.18662887 0.10699986 0.16162611 0.05222991 0.06803653 0.09357035 0.06535259 0.13566086 0.06162927 0.14207179 0.17677354 0.16639832 -0.06996703 -0.03858344 0.03587454 -0.01424085 -0.06284946 -0.18062386 -0.06027913 -0.10434600 0.08631969 -0.10869204 -0.10079475 -0.00427733 -0.09435873 -0.01375168 0.03279224 0.10003114 -0.03786815 0.07254991 0.08862857 0.07959903 0.15057677 0.13568619 -0.00705037 0.09946850 -0.07946225 0.19709468 0.26851310 0.34811138 0.05337094 0.16850266 0.18088873 0.22789548 0.40492142 0.29003000 0.22547609 0.20827826 0.17323538 1.00000000 0.21849803
0.09850832 0.06925972 0.17197739 0.20042045 0.08634083 0.17990330 0.09549794 0.15018111 -0.10903687 0.24158030 0.04280275 0.12021298 0.13348288 -0.02380810 -0.07320791 -0.01320141 0.12769968 0.20123929 -0.05085163 -0.04598541 -0.03781458 0.10299240 0.07317675 -0.00265229 0.09790360 0.03751982 0.23178736 0.17130349 0.15865377 0.17679785 0.19284359 0.12683032 0.15709887 0.18274321 0.08167130 0.06921513 0.24879409 0.14494116 0.20950521 -0.08534730 -0.08278678 -0.04530399 0.15907336 -0.13337088 -0.18190351 0.02188353 -0.00569083 0.06144615 -0.11711160 0.11644667 0.00920739 -0.13069267 -0.10088414 -0.06101603 -0.00278789 0.00302996 -0.00019254 0.01981070 -0.02620930 0.13948542 0.14105145 0.11542962 -0.00427278 -0.01604173 0.07300823 0.29874108 0.31609971 -0.09446767 -0.09682262 0.29153478 0.09349331 0.16147950 0.30863583 0.26107324 0.32882047 0.24530505 0.21849803 1.00000000
