1.00000000 0.34753874 0.29506622 -0.14564401 0.17650706 0.28315121 -0.10575125 0.20177581 0.17983039 0.03737455 -0.12373873 0.35163787 0.26840466 -0.06784510 -0.16102223 -0.12125421 -0.07707294 -0.16769782 -0.08124809 -0.17213182 -0.13061440 0.05515270 -0.16909908 0.07575213 0.02172564 0.11754543 -0.13044551 -0.21406956 -0.19567080 0.10548258 -0.00346154 0.09430777 0.11685645 0.09604664 0.10371659 -0.19169898 -0.03424176 -0.11182804 0.05811678 0.04901864 0.01414047 0.07842975 -0.00223871 0.00432728 0.02348504 -0.13263066 -0.00439253 0.01464066 0.18682907 0.12402268 0.10936510 -0.11167935 -0.05163086 0.07081638 0.26286569 0.28651412 0.13392695 0.11680202 -0.11243423 0.20135270 0.26932453 0.05356905 -0.05587857 0.21282696 0.18570258 -0.07535479 0.28566876 -0.10076301 0.09831174 0.20049902 0.04441279 -0.03624380 0.05607707 0.32173255 -0.21994187 -0.05493702 0.32800279 0.19269659
0.34753874 1.00000000 0.23003550 -0.09656826 0.08857370 0.19419574 0.04023173 0.14859951 0.33793756 0.14708720 0.01232002 0.37266222 0.40808763 0.07077069 0.06000979 -0.05721520 0.00186530 -0.06388528 -0.01449151 0.01105305 -0.15499863 0.12580547 -0.06063614 -0.01623342 0.05153409 0.18351429 -0.13080169 -0.14388052 -0.14760918 0.07981704 0.02121825 -0.11283016 -0.00179443 -0.08717157 0.14434227 -0.09544920 -0.10743389 -0.05695607 -0.03971525 -0.05244577 -0.02544071 0.00168076 -0.06918230 0.04675281 0.07142026 -0.18027165 -0.08702811 -0.12157600 0.12285038 0.00171000 0.02828798 -0.09474763 -0.14067490 0.13145773 0.10750166 0.02045421 -0.01192074 -0.05526644 -0.02197227 0.10330797 0.16506242 -0.12027689 -0.19554616 -0.01818906 0.01232474 -0.18157735 0.05285508 -0.02349971 0.20642818 0.17996457 -0.02242809 0.03678874 -0.11474880 0.09825911 -0.29151780 -0.09575653 0.26245920 -0.03017048
0.29506622 0.23003550 1.00000000 0.01946900 0.09421196 0.24273240 -0.01083474 0.06824919 0.21418999 0.22660442 0.02950023 0.15526278 0.33848249 -0.05402398 -0.08127886 0.03291212 -0.04454153 -0.19440848 -0.11862849 -0.03010029 -0.14351195 -0.03617733 -0.02463108 -0.01898236 0.05510446 0.07362380 -0.13149219 -0.27928067 -0.18325269 0.10938254 -0.09984419 -0.07884993 -0.03501318 -0.01897719 0.04902941 -0.09347064 -0.01228532 -0.21801527 -0.10591153 0.03999848 0.02957025 -0.05083040 -0.17874619 -0.16148279 0.09008712 -0.07832236 -0.04047767 -0.03328485 0.04240039 0.01916826 -0.02255599 -0.01514776 0.09434402 0.19468286 0.16330126 -0.01121368 0.07640438 -0.02518606 -0.11929153 0.14266187 0.17186277 -0.17612289 -0.14763141 0.13071378 0.04422415 -0.10756723 -0.07506769 -0.23072618 0.04844161 -0.02093007 -0.11651946 0.04719948 -0.23414045 0.17490112 -0.16074095 -0.14798633 0.20448613 -0.05914893
-0.14564401 -0.09656826 0.01946900 1.00000000 0.22330873 0.13082697 0.31561480 0.24207260 -0.06071074 0.30869653 0.13558956 -0.34877106 -0.12026929 -0.11279063 -0.13519963 -0.00676543 0.05333494 0.16062867 0.01321193 -0.08130918 0.18223515 -0.08342727 0.12295764 0.09574199 -0.02306992 -0.20795588 0.16595283 0.17850809 0.17028115 -0.09882148 -0.03676903 0.14978018 -0.01778474 0.00449875 -0.20373946 -0.00069477 0.03943103 -0.00559275 -0.02095087 0.01212535 -0.02409592 0.04090069 0.08363126 0.00460946 -0.12473625 0.14999906 0.03130428 0.12823927 -0.19805326 -0.06473082 0.00601874 0.06017072 0.06728497 -0.23072883 -0.14095635 -0.12742239 -0.00125114 -0.06799231 0.00437181 -0.17143889 -0.23250717 0.20699686 0.22463631 0.05196413 -0.01100258 0.14732472 -0.02802766 -0.06629269 -0.35914137 -0.20659298 0.07230725 -0.20214484 0.10490952 -0.03483721 0.20084687 -0.07327473 -0.28149586 -0.00748077
0.17650706 0.08857370 0.09421196 0.22330873 1.00000000 0.19311565 0.20531143 0.46432952 0.07129241 0.05190711 -0.09985000 -0.10182932 -0.01807133 -0.09834630 -0.24960535 -0.10642426 0.02538761 -0.07393583 -0.03007717 -0.25665499 -0.07421017 -0.05375042 -0.08697729 0.11463652 -0.05092760 -0.08370298 0.15517963 -0.00464732 0.05411216 0.02566976 0.13023638 0.12100670 0.05448393 0.23072273 0.16003427 -0.08841180 0.15257264 0.03494645 0.16378162 0.10214840 0.06614953 0.11651990 -0.02065460 0.14005990 0.04321048 0.00689721 0.16977179 0.15432777 -0.02964581 0.13225832 -0.09839847 0.01424144 0.13043988 0.11007927 0.05710965 0.06184269 0.04544506 0.18775962 0.07283279 -0.01521752 -0.04218313 0.17942958 0.25891188 0.23919814 0.19396663 0.30184390 0.20225029 0.04796230 0.00085207 0.13286726 0.19625558 0.07884729 0.24847118 0.15823820 0.16857782 0.13597049 0.13262181 0.27568318
0.28315121 0.19419574 0.24273240 0.13082697 0.19311565 1.00000000 -0.04636232 0.16707678 -0.01285920 0.16088257 -0.11456560 0.09557923 0.34890887 -0.15184134 -0.16347132 -0.04682813 0.01304640 -0.26595009 -0.21072550 -0.10241809 -0.17871185 -0.10402402 -0.08142977 0.02863565 0.09197885 -0.04478140 -0.05098206 -0.28900038 -0.21712025 0.00069377 -0.03981353 0.10562310 0.10467067 0.14756449 0.16173166 -0.21196862 0.22397335 -0.24294102 -0.09978712 0.16613517 0.21075439 0.06011086 -0.15807374 -0.15653562 0.11582980 0.01659839 0.05605709 0.12838111 0.09133472 0.18437626 0.10148093 0.13049151 0.15291472 0.23542461 0.27820467 0.13369014 0.26053806 0.19185689 0.06831162 0.16161000 0.17502159 0.09927899 -0.03286696 0.26079273 0.14132379 -0.06958127 0.06922707 -0.28310448 -0.12145061 0.00635345 -0.13553655 -0.05735206 -0.14411187 0.12068940 -0.14847907 -0.15001631 0.18300437 -0.11920555
-0.10575125 0.04023173 -0.01083474 0.31561480 0.20531143 -0.04636232 1.00000000 0.18093853 0.00243137 0.18825048 0.20214741 -0.17426028 -0.00620990 0.02329596 0.04441491 -0.00266282 0.09018233 0.20597442 0.15388740 0.01978990 0.11246294 0.04291890 0.09186562 0.01256421 -0.08915542 0.01340523 0.19505808 0.20876141 0.29828342 0.05885451 0.20558452 -0.02931468 0.01148776 0.04143783 0.04536864 0.14986575 0.09153623 0.17384943 0.12848050 -0.06655862 -0.03960436 -0.02504284 0.03539892 0.07087553 -0.05375906 -0.04793433 0.01003957 -0.05498143 -0.19361007 -0.05908167 -0.17066716 -0.08873085 0.05965769 -0.07019041 -0.13662121 -0.18338664 -0.16340338 -0.12933312 0.04739774 -0.10404159 -0.17004182 -0.05005649 0.06839021 -0.04525252 -0.02159805 0.21650549 -0.02612180 0.15026477 0.01349266 -0.03751883 0.16885993 0.00760236 0.09681704 -0.04863932 0.16700411 0.11691353 -0.06313365 0.14468567
0.20177581 0.14859951 0.06824919 0.24207260 0.46432952 0.16707678 0.18093853 1.00000000 0.10712916 0.13429256 0.00910954 -0.09892465 -0.00352491 -0.12880534 -0.22628973 -0.08842542 0.01811014 0.02579741 -0.01637345 -0.21733114 -0.01749918 -0.06823078 -0.01419995 0.17064759 -0.05737122 -0.04735190 0.19986112 0.03334103 0.07407160 0.01071241 0.10983339 0.09483608 0.08026835 0.22025905 0.07197593 -0.08017839 0.15197373 -0.01047564 0.12867216 0.13231932 0.02847862 0.15772416 0.00153552 0.17055850 0.05841625 0.08437886 0.16622168 0.14272650 -0.01987183 0.11370903 -0.04980078 0.02461481 0.11068320 -0.01680730 0.01499301 0.02527759 0.03673097 0.03367261 0.02009331 -0.05650241 -0.06394945 0.13589494 0.26341937 0.20075888 0.16791018 0.20415244 0.17129108 0.07375431 -0.05516146 0.05354923 0.16854178 -0.01409411 0.19257787 0.18395822 0.17295375 0.07037451 -0.00259597 0.23263911
0.17983039 0.33793756 0.21418999 -0.06071074 0.07129241 -0.01285920 0.00243137 0.10712916 1.00000000 0.11282997 0.14005322 0.09855894 0.27868510 0.11028219 0.10121882 0.03267560 0.03680560 0.02414532 0.07727265 0.01643135 -0.08037891 -0.04502823 0.01339806 -0.08254365 0.01379245 0.16000377 0.13824381 -0.05119752 -0.14571225 -0.09030062 0.08697765 -0.23350670 -0.14683279 0.00441417 0.15693117 -0.15488484 -0.10170725 -0.01107694 -0.11610660 0.10656366 0.11139629 0.11694767 -0.01484416 0.12690170 0.21414465 0.06114065 0.12125157 0.08996013 0.13251493 0.15118043 0.01805927 0.04634086 -0.03797096 0.06922070 -0.05180652 -0.09426384 -0.18618175 -0.21756246 -0.10082708 -0.11344176 -0.06847031 -0.21263366 -0.09965454 -0.07319529 -0.11666847 -0.12771785 -0.12733691 0.15398705 0.32164175 0.03189815 0.00044780 0.00316767 -0.23548981 0.19901884 -0.17718467 -0.02345290 0.08130586 -0.03348068
0.03737455 0.14708720 0.22660442 0.30869653 0.05190711 0.16088257 0.18825048 0.13429256 0.11282997 1.00000000 0.25132713 0.05601546 0.14137441 -0.11806062 -0.07579478 -0.04470949 0.01775945 0.01506577 -0.08344759 0.00190744 0.03680334 0.02559496 0.04580661 0.00615579 -0.00558605 -0.00930383 -0.04635917 -0.07063827 0.06488171 0.07744620 -0.06100131 0.02882615 0.01509441 -0.13100098 -0.15697324 -0.00797183 0.00512703 -0.10123365 -0.06374737 -0.07327505 -0.10393964 -0.07563634 -0.07610803 -0.10350427 -0.04713287 -0.14125086 -0.15699863 -0.13794282 -0.13909723 -0.16514401 -0.06591935 -0.14319272 0.06518593 -0.04255373 0.08618732 -0.08463899 0.13568768 -0.07255073 -0.03254484 0.08981885 0.06225565 0.03910852 -0.02321938 0.08750150 -0.04120675 -0.03048052 -0.07694426 -0.21583858 -0.21344911 -0.03854093 0.04616539 -0.06050897 -0.03042108 -0.09236394 0.02255060 -0.15391946 0.04001311 -0.08299142
-0.12373873 0.01232002 0.02950023 0.13558956 -0.09985000 -0.11456560 0.20214741 0.00910954 0.14005322 0.25132713 1.00000000 0.18892022 0.01637127 0.08484603 0.28910235 0.17679802 0.05807591 0.13997925 0.06695485 0.27089248 0.12412950 0.09295174 0.16643220 0.02945568 0.21079159 0.11898912 0.04145612 -0.02042305 0.03295882 -0.05879322 -0.13652597 -0.26089917 -0.06475015 -0.17121865 -0.11840859 0.11181099 -0.01445542 -0.14728452 -0.14277766 0.04879412 0.00477153 0.03182389 -0.01058659 0.02319885 0.14129518 0.07262767 -0.03543329 -0.04011450 0.00095552 0.00207876 0.03251531 0.06025908 0.11181963 -0.05379017 -0.00960643 -0.04220363 -0.04046411 -0.11827393 -0.04721853 0.04554275 0.05242217 -0.06647039 -0.04589542 -0.02897833 -0.06355014 -0.16661735 -0.29773035 0.03087728 -0.00733768 -0.16885391 -0.04051898 0.06662365 -0.14900700 -0.19872433 0.02506319 -0.10293910 -0.15860763 -0.15542816
0.35163787 0.37266222 0.15526278 -0.34877106 -0.10182932 0.09557923 -0.17426028 -0.09892465 0.09855894 0.05601546 0.18892022 1.00000000 0.39990232 0.07906436 0.15738370 0.12432854 -0.04868941 -0.16006299 -0.12743819 0.12304455 -0.07774205 0.19611516 -0.09106459 -0.04867483 0.20796718 0.17548783 -0.32730404 -0.27110536 -0.17276208 0.19013082 -0.12941946 -0.10168157 0.10680466 -0.18475669 0.08845795 0.05354367 -0.13514257 -0.09965327 -0.04169809 -0.04347489 -0.03290371 -0.07564236 -0.14274352 -0.06197470 0.02999076 -0.23449788 -0.16142444 -0.20190556 0.14121973 -0.03200955 0.13508809 -0.14447220 -0.23807224 0.10866139 0.24905227 0.21983323 0.14657793 0.11177811 -0.08330897 0.36953440 0.33949624 -0.16141153 -0.32965527 -0.05404640 0.04451424 -0.27467972 0.08788618 -0.08303421 0.20226418 0.24818493 0.01394024 0.21197541 -0.15688456 0.01101554 -0.27792161 -0.03081896 0.36520546 0.00526748
0.26840466 0.40808763 0.33848249 -0.12026929 -0.01807133 0.34890887 -0.00620990 -0.00352491 0.27868510 0.14137441 0.01637127 0.39990232 1.00000000 0.03776805 0.10204929 0.04485306 -0.01451581 -0.24609627 -0.10111775 0.07080316 -0.21972406 -0.01095959 -0.04697456 -0.12976137 0.10553561 0.15633472 -0.15483553 -0.29817521 -0.21427107 0.03133377 -0.00910339 -0.16038121 0.07990752 -0.01168128 0.23285751 -0.05805112 0.02205233 -0.20270937 -0.16313589 0.08355514 0.08194471 -0.07513772 -0.15316469 -0.10616641 0.10451357 -0.10516161 -0.04303633 -0.03030979 0.11319455 0.08606941 0.01421193 0.01739012 -0.08768568 0.28928715 0.20432207 -0.03801803 0.05880364 0.02625267 -0.01829074 0.20705287 0.24196698 -0.26225971 -0.28392287 -0.00867679 -0.03075458 -0.25714493 -0.05730307 -0.12301253 0.22213797 0.09175497 -0.11459166 0.14464589 -0.33954044 0.07011249 -0.31878457 -0.05358255 0.29815525 -0.18686749
-0.06784510 0.07077069 -0.05402398 -0.11279063 -0.09834630 -0.15184134 0.02329596 -0.12880534 0.11028219 -0.11806062 0.08484603 0.07906436 0.03776805 1.00000000 0.42641438 0.44891657 0.27398023 0.32165255 0.31666385 0.34638971 0.19327595 0.26150293 0.23470940 0.14872466 0.21757304 0.36134333 0.05829136 0.08729154 0.01549862 -0.03691597 0.14686678 -0.22612388 -0.01959274 -0.08801992 0.12054083 0.05114551 -0.06090979 0.10085424 -0.03971438 0.03019209 0.10188601 -0.05452984 0.04443145 0.09050374 0.08925687 0.02745788 0.03782211 0.03851215 0.02061819 0.05105952 0.01311031 0.00130079 -0.09897228 -0.05424673 -0.15083086 -0.04747093 -0.14734733 -0.12451219 -0.03986967 -0.09061455 -0.05332834 -0.15781267 -0.15581373 -0.19898006 -0.13482546 -0.12384078 -0.08851327 0.21517846 0.29288229 -0.02497855 -0.09334713 0.04646455 -0.09698647 0.08253607 -0.09173541 0.01307256 -0.09576358 -0.02639751
-0.16102223 0.06000979 -0.08127886 -0.13519963 -0.24960535 -0.16347132 0.04441491 -0.22628973 0.10121882 -0.07579478 0.28910235 0.15738370 0.10204929 0.42641438 1.00000000 0.39762168 0.28105149 0.37088252 0.40029657 0.53113755 0.26256541 0.39232585 0.22520312 0.01756425 0.28361276 0.45290054 0.11625289 0.11622367 0.12678990 0.01459582 0.09888506 -0.39314118 -0.07482353 -0.13673072 0.11564527 0.22669581 -0.04454010 0.15018172 0.00579813 0.01033042 0.08174604 -0.08276556 -0.04493028 0.07527886 0.15346206 0.02352274 -0.09000292 -0.09551591 -0.02709599 -0.03128917 -0.01229921 0.00946636 -0.08262689 0.00890483 -0.13799493 -0.12392187 -0.18871339 -0.16120851 -0.00210419 -0.03844521 -0.03051649 -0.20260115 -0.15660647 -0.24228721 -0.10830028 -0.13765956 -0.23264612 0.21966934 0.22122807 -0.05618659 -0.05419344 0.13284026 -0.19874109 -0.19073883 -0.07874822 0.07325641 -0.08569765 -0.12224471
-0.12125421 -0.05721520 0.03291212 -0.00676543 -0.10642426 -0.04682813 -0.00266282 -0.08842542 0.03267560 -0.04470949 0.17679802 0.12432854 0.04485306 0.44891657 0.39762168 1.00000000 0.32889388 0.18385680 0.20027519 0.38761752 0.26276633 0.29245114 0.25351892 0.13827786 0.37595105 0.29586001 0.03744724 -0.08341973 -0.04192979 0.03850707 -0.04290101 -0.24533266 -0.02018236 -0.09915081 0.10337043 0.05016498 -0.02470662 -0.02303383 -0.09874936 0.13705364 0.19710992 -0.04097203 -0.07823387 0.07289387 0.18880474 0.07885019 0.08838254 0.01692909 -0.06852588 0.08240845 0.04970256 0.07181869 -0.05955248 -0.05451117 -0.09955633 -0.06267499 -0.11726652 -0.12589509 -0.11923784 -0.02987035 -0.06283837 -0.21184189 -0.12061573 -0.19390639 -0.10281778 -0.12142574 -0.18114054 0.11092715 0.19808381 -0.02777052 -0.03380863 0.10442804 -0.18744644 -0.03747967 -0.00726028 0.00372342 -0.04105891 -0.07163295
-0.07707294 0.00186530 -0.04454153 0.05333494 0.02538761 0.01304640 0.09018233 0.01811014 0.03680560 0.01775945 0.05807591 -0.04868941 -0.01451581 0.27398023 0.28105149 0.32889388 1.00000000 0.34848237 0.25706445 0.21781297 0.19902131 0.23366262 0.25302294 0.31496023 0.21494469 0.25790064 0.21189261 0.12350547 0.07962483 -0.02042790 0.20195974 -0.05005153 -0.01699938 0.02570973 0.15735419 -0.11399224 0.12719877 0.08872076 0.02829404 0.03227126 0.15852299 0.01248367 -0.02141571 0.11705753 0.14169882 0.01507820 0.04578418 0.03536906 -0.13996600 0.07606055 -0.05736716 0.00881018 0.05579351 -0.08193063 -0.16248415 -0.04632458 -0.05604552 -0.08433956 0.02195891 -0.11061614 -0.13281309 0.02172700 0.00057065 -0.05473552 -0.02220410 0.03415381 -0.04835132 0.05512322 0.06579453 0.03601746 -0.06659690 -0.03798600 -0.01968014 0.00704577 0.03166744 -0.00167077 -0.08742151 -0.02294329
-0.16769782 -0.06388528 -0.19440848 0.16062867 -0.07393583 -0.26595009 0.20597442 0.02579741 0.02414532 0.01506577 0.13997925 -0.16006299 -0.24609627 0.32165255 0.37088252 0.18385680 0.34848237 1.00000000 0.49870873 0.22217782 0.42854762 0.34503548 0.27502381 0.15730886 0.09297712 0.23059800 0.31420483 0.46816130 0.33133677 -0.02266314 0.21668784 -0.12508611 -0.08349704 -0.11406065 -0.03575165 0.14607786 -0.04861866 0.32376232 0.15899241 -0.08165871 0.00082537 -0.05662326 0.16330350 0.26062074 0.06692576 0.07316075 0.01906139 -0.03634891 -0.19833801 -0.12050408 -0.05717608 -0.06845340 -0.09429177 -0.28644133 -0.30708915 -0.15036233 -0.20287356 -0.18008296 -0.03162720 -0.21971070 -0.22700355 0.04735679 0.07648016 -0.15321317 -0.13174354 0.07613766 -0.03087173 0.25023000 -0.02755991 -0.04300720 0.04831023 -0.12206161 0.13554966 -0.05131915 0.15877494 0.09865859 -0.29336116 0.10610288
-0.08124809 -0.01449151 -0.11862849 0.01321193 -0.03007717 -0.21072550 0.15388740 -0.01637345 0.07727265 -0.08344759 0.06695485 -0.12743819 -0.10111775 0.31666385 0.40029657 0.20027519 0.25706445 0.49870873 1.00000000 0.35260943 0.40490124 0.35039510 0.34314877 0.17348611 0.07436197 0.38092657 0.36977226 0.36283383 0.24033156 -0.02328050 0.28811972 -0.20332599 -0.07832930 0.12192120 0.09669717 0.12941477 -0.02415276 0.30858153 0.23237626 -0.00739191 0.05448820 0.00437272 0.12564156 0.19987742 0.09883073 0.09745913 0.08750993 0.07867181 -0.05866701 0.04853605 -0.04835884 0.01263166 0.02301403 -0.08749393 -0.17524973 -0.08665044 -0.22306183 -0.13661326 0.04953807 -0.20221721 -0.14167404 -0.02857367 0.10661831 -0.10719608 0.00446471 0.12148052 -0.01450942 0.37071537 0.18363005 -0.04047423 0.08096300 0.00347769 0.13399756 0.00613944 0.11907007 0.21464454 -0.20304597 0.18192522
-0.17213182 0.01105305 -0.03010029 -0.08130918 -0.25665499 -0.10241809 0.01978990 -0.21733114 0.01643135 0.00190744 0.27089248 0.12304455 0.07080316 0.34638971 0.53113755 0.38761752 0.21781297 0.22217782 0.35260943 1.00000000 0.19656629 0.31090389 0.38513955 0.21377705 0.33745012 0.30407680 -0.04767542 -0.04857297 -0.06782003 -0.03054366 -0.13040197 -0.28067957 -0.09553978 -0.15737747 -0.05984445 0.10478816 -0.12137866 -0.06900970 -0.16607374 0.06048874 0.06367881 -0.05671304 -0.03183672 -0.08190242 0.07526967 0.04286237 -0.03674631 -0.01893648 0.03014525 -0.04125865 0.04241995 0.10538972 -0.01447211 0.02415650 -0.02305482 -0.03840932 -0.03661568 -0.08925682 0.04161756 -0.02797758 0.07801259 -0.13634290 -0.11989612 -0.13510309 -0.13290423 -0.22877299 -0.22675239 0.03301094 0.09122432 -0.15059438 -0.16432541 0.01816161 -0.21046212 -0.15172598 -0.13552088 -0.12517133 -0.11532267 -0.22852956
-0.13061440 -0.15499863 -0.14351195 0.18223515 -0.07421017 -0.17871185 0.11246294 -0.01749918 -0.08037891 0.03680334 0.12412950 -0.07774205 -0.21972406 0.19327595 0.26256541 0.26276633 0.19902131 0.42854762 0.40490124 0.19656629 1.00000000 0.36212977 0.21569553 0.19289203 0.13796994 0.20143852 0.13289307 0.27946516 0.26214784 0.03652463 0.04935447 0.03574911 0.02744973 -0.07189177 -0.15327348 0.14967544 -0.07225102 0.19667174 0.12121293 -0.13457388 -0.11181574 -0.07387232 0.08987924 0.10574310 -0.08861152 0.00910960 -0.08113228 -0.07518563 -0.18603578 -0.16064584 -0.00495681 -0.11103026 -0.07014379 -0.25450864 -0.17006761 -0.04483523 -0.10840602 -0.10780162 -0.05608261 -0.09124864 -0.15080039 0.06447692 0.10685186 -0.11021556 -0.04862235 0.04007804 0.03818401 0.10042944 -0.16054241 -0.10545510 0.05505131 -0.09817885 0.16331771 -0.06770855 0.10306121 0.04636290 -0.23586248 0.11103728
0.05515270 0.12580547 -0.03617733 -0.08342727 -0.05375042 -0.10402402 0.04291890 -0.06823078 -0.04502823 0.02559496 0.09295174 0.19611516 -0.01095959 0.26150293 0.39232585 0.29245114 0.23366262 0.34503548 0.35039510 0.31090389 0.36212977 1.00000000 0.19460153 0.22915444 0.17191600 0.51845203 -0.04411442 0.08448350 0.18927151 0.22173477 0.05186727 -0.21962893 0.05352074 -0.21223633 0.02852372 0.20651432 -0.04214592 0.12023675 0.21172551 -0.16425623 -0.15113522 -0.14044810 -0.09085542 0.02368957 0.04080379 -0.26818836 -0.27906928 -0.28139226 -0.13271392 -0.22813126 -0.16541473 -0.27467876 -0.07175570 -0.04191742 -0.00904004 -0.00122183 -0.01634690 -0.04591979 -0.05560652 0.07243260 0.09700062 0.01452060 -0.08139797 -0.01899743 0.01236941 0.02704976 0.07668330 -0.02226666 0.03081988 0.16534698 0.09335047 0.09034307 0.08102164 -0.09850638 -0.03130887 0.03220209 0.10048260 0.13416562
-0.16909908 -0.06063614 -0.02463108 0.12295764 -0.08697729 -0.08142977 0.09186562 -0.01419995 0.01339806 0.04580661 0.16643220 -0.09106459 -0.04697456 0.23470940 0.22520312 0.25351892 0.25302294 0.27502381 0.34314877 0.38513955 0.21569553 0.19460153 1.00000000 0.24757712 0.25829768 0.13221748 0.03798364 0.15514337 0.08200339 -0.01273929 -0.05308122 -0.10872438 -0.10757403 -0.11740196 -0.16146451 0.12466511 -0.13264532 0.02019456 -0.06672155 -0.01652301 -0.05975903 0.00602458 0.07535520 0.01292366 -0.00523969 0.08848472 -0.04449381 0.04164910 -0.09128168 -0.11807449 -0.04365683 0.02321449 -0.00852044 -0.07483361 -0.11933871 -0.07984735 -0.06355198 -0.18076141 -0.02186566 -0.14447340 -0.08837070 -0.04292943 0.05312612 -0.04661448 -0.04228006 -0.00846978 -0.12195670 0.04744480 -0.04121775 -0.12933563 -0.00783434 -0.06997060 0.02890806 -0.13198199 0.01232305 -0.02285206 -0.15527221 -0.02039501
0.07575213 -0.01623342 -0.01898236 0.09574199 0.11463652 0.02863565 0.01256421 0.17064759 -0.08254365 0.00615579 0.02945568 -0.04867483 -0.12976137 0.14872466 0.01756425 0.13827786 0.31496023 0.15730886 0.17348611 0.21377705 0.19289203 0.22915444 0.24757712 1.00000000 0.22723167 0.22418035 0.03397923 -0.02327971 -0.06177268 -0.00842488 0.00669111 0.10651734 0.05329756 0.07486985 -0.03312660 -0.16494999 0.02236440 -0.11888280 -0.00733621 0.06803477 0.05170862 0.13486788 0.09590837 0.07545591 0.06388744 0.08199322 0.07687196 0.18194392 0.05702732 0.09450978 0.00716218 0.06553162 0.08041848 -0.05280283 0.02522075 0.15508177 0.12458263 0.04320683 0.03886392 -0.02237423 0.05155382 0.21041759 0.18748587 0.12271488 0.10466207 0.02981693 0.11883075 -0.03890538 -0.08652785 0.02321606 -0.01119894 -0.09709769 0.18273950 0.10693630 -0.01228026 -0.09510150 -0.08752627 0.07543145
0.02172564 0.05153409 0.05510446 -0.02306992 -0.05092760 0.09197885 -0.08915542 -0.05737122 0.01379245 -0.00558605 0.21079159 0.20796718 0.10553561 0.21757304 0.28361276 0.37595105 0.21494469 0.09297712 0.07436197 0.33745012 0.13796994 0.17191600 0.25829768 0.22723167 1.00000000 0.20215010 -0.01935077 -0.19683450 -0.17103565 0.00973904 -0.09905154 -0.10698985 -0.01795527 -0.05017325 0.02206356 -0.12153047 -0.05383138 -0.19304324 -0.21692575 0.16445167 0.16056778 0.02110964 -0.04031150 -0.00489557 0.17496812 0.08299866 0.05002670 0.11862310 0.07739886 0.15370517 0.09053345 0.14393965 -0.01132806 0.05112246 0.01275383 0.05755316 0.04393259 -0.04351262 -0.02321309 0.05688308 0.05076389 -0.06750712 -0.09107243 -0.02161031 -0.05727171 -0.21227111 -0.14091882 -0.00112184 0.07628647 -0.02057295 -0.08212575 0.06320587 -0.17343129 -0.00638984 -0.10553187 -0.10200749 0.01767554 -0.12189197
0.11754543 0.18351429 0.07362380 -0.20795588 -0.08370298 -0.04478140 0.01340523 -0.04735190 0.16000377 -0.00930383 0.11898912 0.17548783 0.15633472 0.36134333 0.45290054 0.29586001 0.25790064 0.23059800 0.38092657 0.30407680 0.20143852 0.51845203 0.13221748 0.22418035 0.20215010 1.00000000 0.13946120 -0.08510447 0.00139964 0.09181552 0.15059099 -0.27089524 0.03879782 0.04121098 0.22601316 0.00511614 0.09251105 0.00293732 0.15589560 -0.00646055 0.07651974 -0.01678779 -0.09698612 0.04616069 0.19835237 -0.11013762 -0.07466466 -0.07184138 0.01315447 0.08082254 -0.10190517 -0.10505773 0.00184949 0.12733010 0.06243645 -0.02975481 -0.09616484 -0.10508392 -0.02949984 0.04408855 0.13358457 -0.14444259 -0.11877735 -0.02363013 0.02259329 -0.06765510 0.01433615 0.11115549 0.27715959 0.10674104 0.00951123 0.12402670 -0.09865108 0.08937529 -0.15967298 0.05186683 0.12917148 0.08108084
-0.13044551 -0.13080169 -0.13149219 0.16595283 0.15517963 -0.05098206 0.19505808 0.19986112 0.13824381 -0.04635917 0.04145612 -0.32730404 -0.15483553 0.05829136 0.11625289 0.03744724 0.21189261 0.31420483 0.36977226 -0.04767542 0.13289307 -0.04411442 0.03798364 0.03397923 -0.01935077 0.13946120 1.00000000 0.39567171 0.31322162 -0.05926589 0.47428157 0.00019704 0.01607842 0.47836291 0.32151444 -0.04489310 0.35773145 0.36448729 0.32097772 0.19338532 0.26004174 0.18308717 0.09509147 0.29251708 0.28304894 0.30993589 0.31552222 0.32214984 -0.08096204 0.36804617 -0.05620959 0.17616075 0.19403443 -0.06988936 -0.16705714 -0.12700497 -0.30335214 -0.10848827 0.12883842 -0.27655268 -0.30415157 -0.00203248 0.23370420 -0.01650703 0.06505110 0.27883585 -0.00237879 0.47837194 0.22205965 -0.06265365 0.19891913 0.00627912 0.14959530 0.10285340 0.25935123 0.23204090 -0.23395343 0.23220966
-0.21406956 -0.14388052 -0.27928067 0.17850809 -0.00464732 -0.28900038 0.20876141 0.03334103 -0.05119752 -0.07063827 -0.02042305 -0.27110536 -0.29817521 0.08729154 0.11622367 -0.08341973 0.12350547 0.46816130 0.36283383 -0.04857297 0.27946516 0.08448350 0.15514337 -0.02327971 -0.19683450 -0.08510447 0.39567171 1.00000000 0.56027144 0.07839707 0.41985235 0.13694170 -0.00563483 0.03866418 -0.01635326 0.29300357 -0.00069305 0.63002850 0.37815112 -0.16567278 -0.15651994 -0.00911910 0.19642811 0.25131138 -0.11981970 0.09059952 0.03995071 -0.01280587 -0.19682847 -0.15818485 -0.08704762 -0.14497001 -0.10378914 -0.28793875 -0.29219637 -0.13500310 -0.23950767 -0.13494946 0.02515167 -0.24164939 -0.31031246 0.10831759 0.19220206 -0.18221351 -0.04109859 0.22411436 0.06369662 0.33368596 -0.04412035 -0.01530843 0.21740125 -0.12779533 0.29539521 -0.12886644 0.26976426 0.21838746 -0.30881707 0.23750908
-0.19567080 -0.14760918 -0.18325269 0.17028115 0.05411216 -0.21712025 0.29828342 0.07407160 -0.14571225 0.06488171 0.03295882 -0.17276208 -0.21427107 0.01549862 0.12678990 -0.04192979 0.07962483 0.33133677 0.24033156 -0.06782003 0.26214784 0.18927151 0.08200339 -0.06177268 -0.17103565 0.00139964 0.31322162 0.56027144 1.00000000 0.34010773 0.44687933 0.11733591 0.19074094 0.07242040 0.07253141 0.50658836 0.25571726 0.56292571 0.51503932 -0.23761624 -0.23309077 -0.17688897 -0.02869410 0.02126982 -0.23112642 -0.13716693 -0.11636596 -0.21596402 -0.36064776 -0.25474704 -0.23227189 -0.32601745 -0.02786559 -0.18570090 -0.18986197 -0.17343314 -0.16648158 -0.05148767 0.00069998 0.03112966 -0.19205976 0.01793517 0.11006691 -0.14797990 -0.00041525 0.29172625 0.03674787 0.19752601 -0.10789776 0.04824288 0.26374712 0.11906380 0.25224450 -0.20421092 0.33854778 0.31438619 -0.10601969 0.27786945
0.10548258 0.07981704 0.10938254 -0.09882148 0.02566976 0.00069377 0.05885451 0.01071241 -0.09030062 0.07744620 -0.05879322 0.19013082 0.03133377 -0.03691597 0.01459582 0.03850707 -0.02042790 -0.02266314 -0.02328050 -0.03054366 0.03652463 0.22173477 -0.01273929 -0.00842488 0.00973904 0.09181552 -0.05926589 0.07839707 0.34010773 1.00000000 0.21597327 0.14311610 0.22421334 0.08543886 0.16018108 0.31816752 0.20709759 0.27114300 0.41947194 -0.24443870 -0.17845390 -0.20408213 -0.21436496 -0.20930629 -0.10948946 -0.39328950 -0.22490103 -0.33270900 -0.15622894 -0.21202898 -0.18768910 -0.38098185 -0.03157559 0.08010911 0.09798992 -0.01678190 0.02381436 0.03190372 -0.05857360 0.24156350 0.14146373 -0.07725751 -0.17701722 0.01937382 0.05581725 0.09784336 0.14475075 -0.09706593 0.03688813 0.22116680 0.22230196 0.21129022 0.08290064 -0.11482586 0.06308587 0.07209539 0.30185091 0.17976806
-0.00346154 0.02121825 -0.09984419 -0.03676903 0.13023638 -0.03981353 0.20558452 0.10983339 0.08697765 -0.06100131 -0.13652597 -0.12941946 -0.00910339 0.14686678 0.09888506 -0.04290101 0.20195974 0.21668784 0.28811972 -0.13040197 0.04935447 0.05186727 -0.05308122 0.00669111 -0.09905154 0.15059099 0.47428157 0.41985235 0.44687933 0.21597327 1.00000000 0.08858331 0.23429657 0.42188638 0.49771772 0.09162814 0.41733498 0.51334247 0.44300390 -0.00797784 0.13828498 0.05180720 0.00090508 0.16753265 0.09581325 -0.03957773 0.15791521 0.08093766 -0.08630226 0.16923332 -0.18059675 -0.08573825 0.00926744 0.03122105 -0.11152567 -0.07377917 -0.17360370 -0.04253386 0.10246741 -0.03970699 -0.14963453 -0.04131224 0.05302989 -0.10639396 0.01373601 0.24691321 0.13181473 0.39274297 0.31043686 0.16793330 0.18083663 0.11474075 0.14854516 0.14166638 0.16169404 0.32398608 0.02345431 0.27151080
0.09430777 -0.11283016 -0.07884993 0.14978018 0.12100670 0.10562310 -0.02931468 0.09483608 -0.23350670 0.02882615 -0.26089917 -0.10168157 -0.16038121 -0.22612388 -0.39314118 -0.24533266 -0.05005153 -0.12508611 -0.20332599 -0.28067957 0.03574911 -0.21962893 -0.10872438 0.10651734 -0.10698985 -0.27089524 0.00019704 0.13694170 0.11733591 0.14311610 0.08858331 1.00000000 0.28592139 0.19432719 -0.11848442 -0.11498772 0.11415862 0.05544855 0.11249362 -0.14344808 -0.12562587 0.05829678 0.06824948 -0.10998084 -0.25787326 -0.01588107 -0.04672844 0.03735132 -0.05706987 -0.06685844 0.04794035 -0.05927633 -0.02219063 -0.09972672 0.06481961 0.05238371 0.13849276 0.14003112 0.08474992 -0.00374733 -0.00948477 0.26843876 0.14396784 0.13107127 0.08819912 0.08900791 0.29303961 -0.15352612 -0.30437040 0.03633146 0.07905919 -0.18494821 0.26199549 0.05526466 0.08533831 -0.12493459 -0.00244975 0.11272895
0.11685645 -0.00179443 -0.03501318 -0.01778474 0.05448393 0.10467067 0.01148776 0.08026835 -0.14683279 0.01509441 -0.06475015 0.10680466 0.07990752 -0.01959274 -0.07482353 -0.02018236 -0.01699938 -0.08349704 -0.07832930 -0.09553978 0.02744973 0.05352074 -0.10757403 0.05329756 -0.01795527 0.03879782 0.01607842 -0.00563483 0.19074094 0.22421334 0.23429657 0.28592139 1.00000000 0.31495553 0.29701327 0.15860787 0.44658372 0.09761330 0.27659064 0.11760339 0.05259462 0.09677475 -0.06158639 -0.03189173 -0.06466914 -0.01881297 0.06283166 0.05267047 0.04795744 0.12068008 0.05697872 -0.02845684 0.00339912 0.02919334 0.12766998 0.05776420 0.09786886 0.14301093 0.08723217 0.18620870 0.10462108 0.06286854 0.05193527 0.04563801 0.10139823 0.00572081 0.18941530 0.07421283 0.02218666 0.07372551 0.10108332 0.04765779 0.11093056 0.05622278 0.02812040 0.03683844 0.04693255 0.08593203
0.09604664 -0.08717157 -0.01897719 0.00449875 0.23072273 0.14756449 0.04143783 0.22025905 0.00441417 -0.13100098 -0.17121865 -0.18475669 -0.01168128 -0.08801992 -0.13673072 -0.09915081 0.02570973 -0.11406065 0.12192120 -0.15737747 -0.07189177 -0.21223633 -0.11740196 0.07486985 -0.05017325 0.04121098 0.47836291 0.03866418 0.07242040 0.08543886 0.42188638 0.19432719 0.31495553 1.00000000 0.43361264 -0.10591166 0.53985033 0.11847655 0.41879812 0.21482594 0.22141737 0.25091643 -0.01034728 0.04991323 0.14151874 0.16642568 0.33258715 0.33837805 0.09669327 0.44189115 -0.01095236 0.21659681 0.25408062 0.17930551 0.13887806 0.07201873 -0.01182314 0.13319323 0.18835292 -0.01111213 -0.01282189 0.06220641 0.22434646 0.18526268 0.23995244 0.25462231 0.23575897 0.27682657 0.20546914 -0.00127316 0.13433673 0.03559362 0.15907329 0.13881675 0.14721426 0.17361299 -0.01196764 0.19967525
0.10371659 0.14434227 0.04902941 -0.20373946 0.16003427 0.16173166 0.04536864 0.07197593 0.15693117 -0.15697324 -0.11840859 0.08845795 0.23285751 0.12054083 0.11564527 0.10337043 0.15735419 -0.03575165 0.09669717 -0.05984445 -0.15327348 0.02852372 -0.16146451 -0.03312660 0.02206356 0.22601316 0.32151444 -0.01635326 0.07253141 0.16018108 0.49771772 -0.11848442 0.29701327 0.43361264 1.00000000 -0.02455807 0.51064782 0.19410561 0.28373027 0.24911347 0.34073346 0.10599725 -0.14911099 0.11409839 0.27360484 0.02173392 0.27656178 0.15248114 0.12260484 0.38328643 -0.07590722 0.09881869 0.01038409 0.23294200 0.03177030 -0.00128552 -0.09413420 0.08322566 0.08700396 0.11271956 0.00928471 -0.18336831 -0.03005024 -0.06249674 0.06012339 0.05311006 0.07466885 0.33429351 0.50424588 0.19694415 0.05165566 0.22535658 -0.08357799 0.19883448 -0.02985478 0.26645255 0.22066558 0.12734784
-0.19169898 -0.09544920 -0.09347064 -0.00069477 -0.08841180 -0.21196862 0.14986575 -0.08017839 -0.15488484 -0.00797183 0.11181099 0.05354367 -0.05805112 0.05114551 0.22669581 0.05016498 -0.11399224 0.14607786 0.12941477 0.10478816 0.14967544 0.20651432 0.12466511 -0.16494999 -0.12153047 0.00511614 -0.04489310 0.29300357 0.50658836 0.31816752 0.09162814 -0.11498772 0.15860787 -0.10591166 -0.02455807 1.00000000 0.04917769 0.34446407 0.36461884 -0.20895032 -0.23618119 -0.22850171 -0.08866844 -0.03443913 -0.19755543 -0.11898712 -0.19044193 -0.26681799 -0.15467697 -0.31414748 -0.12058673 -0.21111866 -0.14309694 -0.02721441 -0.03445053 -0.11334554 -0.09025403 0.00992933 -0.01340321 0.10613946 0.01591325 -0.11552394 -0.04614472 -0.12501380 -0.00188650 0.09830822 -0.05990318 0.07508941 -0.05675257 -0.00863923 0.13429817 0.23216953 0.06328890 -0.27882579 0.16758348 0.21352582 0.02892195 0.06214633
-0.03424176 -0.10743389 -0.01228532 0.03943103 0.15257264 0.22397335 0.09153623 0.15197373 -0.10170725 0.00512703 -0.01445542 -0.13514257 0.02205233 -0.06090979 -0.04454010 -0.02470662 0.12719877 -0.04861866 -0.02415276 -0.12137866 -0.07225102 -0.04214592 -0.13264532 0.02236440 -0.05383138 0.09251105 0.35773145 -0.00069305 0.25571726 0.20709759 0.41733498 0.11415862 0.44658372 0.53985033 0.51064782 0.04917769 1.00000000 0.10531513 0.41597450 0.12267093 0.16008197 0.09107125 -0.19997598 -0.11274799 0.09146173 -0.03867773 0.11364496 0.07160626 -0.09447050 0.23870953 -0.17892579 0.03880792 0.25967599 0.18953121 0.10493005 -0.05012204 0.03784782 0.15050682 0.20563990 0.15012852 0.01017288 0.02451751 0.11569302 0.10715247 0.17283198 0.22926594 0.12915513 0.11052984 0.07850825 0.01516818 0.11915402 0.17475672 0.06515038 -0.02026638 0.21888947 0.22801593 0.07682730 0.10433019
-0.11182804 -0.05695607 -0.21801527 -0.00559275 0.03494645 -0.24294102 0.17384943 -0.01047564 -0.01107694 -0.10123365 -0.14728452 -0.09965327 -0.20270937 0.10085424 0.15018172 -0.02303383 0.08872076 0.32376232 0.30858153 -0.06900970 0.19667174 0.12023675 0.02019456 -0.11888280 -0.19304324 0.00293732 0.36448729 0.63002850 0.56292571 0.27114300 0.51334247 0.05544855 0.09761330 0.11847655 0.19410561 0.34446407 0.10531513 1.00000000 0.54345338 -0.17038373 -0.09481223 -0.06698615 0.07490411 0.20255799 -0.07625608 -0.03411748 0.03475542 -0.11355801 -0.18391735 -0.08441584 -0.13215077 -0.19931938 -0.14867003 -0.17669744 -0.19170737 -0.10622170 -0.27054027 -0.07491350 0.02515746 -0.10437735 -0.27586535 -0.06597906 0.07458209 -0.23078790 -0.01503553 0.27137200 0.09586958 0.42371477 0.17714523 0.13327801 0.30752277 0.14606770 0.27436974 -0.07144132 0.28186498 0.37463894 -0.04262901 0.34216763
0.05811678 -0.03971525 -0.10591153 -0.02095087 0.16378162 -0.09978712 0.12848050 0.12867216 -0.11610660 -0.06374737 -0.14277766 -0.04169809 -0.16313589 -0.03971438 0.00579813 -0.09874936 0.02829404 0.15899241 0.23237626 -0.16607374 0.12121293 0.21172551 -0.06672155 -0.00733621 -0.21692575 0.15589560 0.32097772 0.37815112 0.51503932 0.41947194 0.44300390 0.11249362 0.27659064 0.41879812 0.28373027 0.36461884 0.41597450 0.54345338 1.00000000 -0.17534641 -0.15579740 -0.02188088 -0.06922369 0.03286562 -0.07964041 -0.18805588 -0.02728566 -0.12250539 -0.16397000 -0.03224695 -0.20773883 -0.27063928 0.05270845 0.02541145 0.06619094 0.00120095 -0.09309479 0.10606271 0.10075140 0.08082928 0.00333475 0.06411353 0.13852486 0.06844385 0.21189154 0.36225113 0.30443336 0.19033300 0.05759591 0.17339605 0.35950935 0.16011765 0.32132341 -0.08086314 0.24864022 0.32526749 0.11561876 0.41666995
0.04901864 -0.05244577 0.03999848 0.01212535 0.10214840 0.16613517 -0.06655862 0.13231932 0.10656366 -0.07327505 0.04879412 -0.04347489 0.08355514 0.03019209 0.01033042 0.13705364 0.03227126 -0.08165871 -0.00739191 0.06048874 -0.13457388 -0.16425623 -0.01652301 0.06803477 0.16445167 -0.00646055 0.19338532 -0.16567278 -0.23761624 -0.24443870 -0.00797784 -0.14344808 0.11760339 0.21482594 0.24911347 -0.20895032 0.12267093 -0.17038373 -0.17534641 1.00000000 0.55251679 0.49547885 0.09778897 0.31695368 0.46277602 0.56414155 0.60855034 0.57256662 0.41670427 0.61138502 0.42070041 0.59554960 0.09866440 0.00979758 0.03136948 0.10876938 -0.02841219 0.03012706 0.02111311 -0.09199689 -0.03117407 -0.00965859 0.13979097 0.04192146 0.04007556 -0.14179519 -0.13430785 0.30388885 0.25992273 -0.14606620 -0.06666276 -0.03523150 -0.16092259 0.23319323 -0.03482331 -0.04228336 -0.16592532 -0.11334649
0.01414047 -0.02544071 0.02957025 -0.02409592 0.06614953 0.21075439 -0.03960436 0.02847862 0.11139629 -0.10393964 0.00477153 -0.03290371 0.08194471 0.10188601 0.08174604 0.19710992 0.15852299 0.00082537 0.05448820 0.06367881 -0.11181574 -0.15113522 -0.05975903 0.05170862 0.16056778 0.07651974 0.26004174 -0.15651994 -0.23309077 -0.17845390 0.13828498 -0.12562587 0.05259462 0.22141737 0.34073346 -0.23618119 0.16008197 -0.09481223 -0.15579740 0.55251679 1.00000000 0.35116634 0.15844908 0.30531783 0.51361187 0.45226852 0.56560810 0.55444859 0.36171641 0.60457408 0.39313399 0.56153216 0.09915168 0.05639241 -0.03542035 0.03054145 -0.06534382 0.01925546 0.06029261 -0.12103184 -0.05375083 -0.01392271 0.02077880 -0.00811530 -0.02980845 -0.07428571 -0.09028583 0.26906040 0.28803947 -0.10440585 -0.13214904 -0.05264246 -0.18737565 0.26373281 -0.02702581 -0.02947557 -0.13140421 -0.11552453
0.07842975 0.00168076 -0.05083040 0.04090069 0.11651990 0.06011086 -0.02504284 0.15772416 0.11694767 -0.07563634 0.03182389 -0.07564236 -0.07513772 -0.05452984 -0.08276556 -0.04097203 0.01248367 -0.05662326 0.00437272 -0.05671304 -0.07387232 -0.14044810 0.00602458 0.13486788 0.02110964 -0.01678779 0.18308717 -0.00911910 -0.17688897 -0.20408213 0.05180720 0.05829678 0.09677475 0.25091643 0.10599725 -0.22850171 0.09107125 -0.06698615 -0.02188088 0.49547885 0.35116634 1.00000000 0.23460290 0.27259555 0.33274856 0.47203586 0.47829311 0.53684415 0.46466946 0.48913711 0.37584839 0.46247422 0.15506340 0.00532814 0.07564667 0.16216310 0.02005259 0.02667265 0.09570126 -0.16200644 -0.03230345 0.15345582 0.21650767 0.12272284 0.09062110 -0.00045447 0.02916790 0.23803615 0.12965598 -0.08692719 0.05144755 -0.18818768 0.06911513 0.12927089 -0.00762393 -0.01129444 -0.17130835 0.02107963
-0.00223871 -0.06918230 -0.17874619 0.08363126 -0.02065460 -0.15807374 0.03539892 0.00153552 -0.01484416 -0.07610803 -0.01058659 -0.14274352 -0.15316469 0.04443145 -0.04493028 -0.07823387 -0.02141571 0.16330350 0.12564156 -0.03183672 0.08987924 -0.09085542 0.07535520 0.09590837 -0.04031150 -0.09698612 0.09509147 0.19642811 -0.02869410 -0.21436496 0.00090508 0.06824948 -0.06158639 -0.01034728 -0.14911099 -0.08866844 -0.19997598 0.07490411 -0.06922369 0.09778897 0.15844908 0.23460290 1.00000000 0.44976712 0.09669961 0.35712546 0.19989276 0.23482109 0.16304457 0.17210114 0.16778064 0.19205740 -0.02681142 -0.21153690 -0.12268624 0.07451378 -0.12230401 -0.03758092 0.00673229 -0.17743875 -0.12182917 0.07104587 0.12495864 -0.09689851 -0.01523924 0.02608278 0.01500326 0.24116677 0.02130579 -0.08296401 0.00212493 -0.19498667 0.19402535 0.09386774 0.02365643 0.06801802 -0.24949753 0.11354587
0.00432728 0.04675281 -0.16148279 0.00460946 0.14005990 -0.15653562 0.07087553 0.17055850 0.12690170 -0.10350427 0.02319885 -0.06197470 -0.10616641 0.09050374 0.07527886 0.07289387 0.11705753 0.26062074 0.19987742 -0.08190242 0.10574310 0.02368957 0.01292366 0.07545591 -0.00489557 0.04616069 0.29251708 0.25131138 0.02126982 -0.20930629 0.16753265 -0.10998084 -0.03189173 0.04991323 0.11409839 -0.03443913 -0.11274799 0.20255799 0.03286562 0.31695368 0.30531783 0.27259555 0.44976712 1.00000000 0.34691469 0.42682959 0.44101301 0.28402392 0.20092314 0.31693134 0.19289733 0.24308511 -0.08587981 -0.23829555 -0.20348779 0.06728648 -0.22169840 -0.12134754 -0.06198703 -0.24394850 -0.22868648 0.00496286 0.15608471 -0.11854593 -0.05560430 0.04222083 -0.02483324 0.48208749 0.28069915 0.04680482 0.12272404 -0.05246587 0.14627096 0.21116053 0.07860235 0.15355895 -0.17290826 0.18768465
0.02348504 0.07142026 0.09008712 -0.12473625 0.04321048 0.11582980 -0.05375906 0.05841625 0.21414465 -0.04713287 0.14129518 0.02999076 0.10451357 0.08925687 0.15346206 0.18880474 0.14169882 0.06692576 0.09883073 0.07526967 -0.08861152 0.04080379 -0.00523969 0.06388744 0.17496812 0.19835237 0.28304894 -0.11981970 -0.23112642 -0.10948946 0.09581325 -0.25787326 -0.06466914 0.14151874 0.27360484 -0.19755543 0.09146173 -0.07625608 -0.07964041 0.46277602 0.51361187 0.33274856 0.09669961 0.34691469 1.00000000 0.34207980 0.42296105 0.32286490 0.34446649 0.42687511 0.18078577 0.44415202 0.13699087 0.09823646 -0.00547860 0.05998397 -0.04644412 -0.04164398 0.02835105 -0.08221354 0.01782104 -0.08306333 -0.03023800 0.05863059 0.00057313 -0.05747529 -0.18042520 0.25004067 0.36807977 -0.02263058 -0.02541000 0.05631564 -0.13015248 0.19978304 -0.04622030 -0.03852441 -0.03102845 -0.06656160
-0.13263066 -0.18027165 -0.07832236 0.14999906 0.00689721 0.01659839 -0.04793433 0.08437886 0.06114065 -0.14125086 0.07262767 -0.23449788 -0.10516161 0.02745788 0.02352274 0.07885019 0.01507820 0.07316075 0.09745913 0.04286237 0.00910960 -0.26818836 0.08848472 0.08199322 0.08299866 -0.11013762 0.30993589 0.09059952 -0.13716693 -0.39328950 -0.03957773 -0.01588107 -0.01881297 0.16642568 0.02173392 -0.11898712 -0.03867773 -0.03411748 -0.18805588 0.56414155 0.45226852 0.47203586 0.35712546 0.42682959 0.34207980 1.00000000 0.57970164 0.66223514 0.35244702 0.56102385 0.43883373 0.62480715 0.04190382 -0.12841810 -0.08531248 0.04589345 -0.12670704 -0.02508256 0.06128407 -0.25711641 -0.18642042 0.07801642 0.26278421 -0.03417657 0.02629483 -0.07582314 -0.17706051 0.38590818 0.11874999 -0.27271984 -0.08607690 -0.16765767 -0.01457993 0.13580617 0.07450526 -0.01127492 -0.38788872 -0.05847316
-0.00439253 -0.08702811 -0.04047767 0.03130428 0.16977179 0.05605709 0.01003957 0.16622168 0.12125157 -0.15699863 -0.03543329 -0.16142444 -0.04303633 0.03782211 -0.09000292 0.08838254 0.04578418 0.01906139 0.08750993 -0.03674631 -0.08113228 -0.27906928 -0.04449381 0.07687196 0.05002670 -0.07466466 0.31552222 0.03995071 -0.11636596 -0.22490103 0.15791521 -0.04672844 0.06283166 0.33258715 0.27656178 -0.19044193 0.11364496 0.03475542 -0.02728566 0.60855034 0.56560810 0.47829311 0.19989276 0.44101301 0.42296105 0.57970164 1.00000000 0.60482262 0.38443351 0.63376809 0.38785903 0.59213846 0.08934347 -0.03314661 -0.01715150 0.09837112 -0.08640394 0.02927941 0.05754151 -0.14318931 -0.10370369 0.05187782 0.22185120 -0.01701162 0.01670127 0.00794100 -0.05169144 0.42918799 0.27112532 -0.12747537 0.00794804 -0.07679074 0.01739661 0.26130644 0.10488927 0.08205890 -0.23432408 0.02377358
0.01464066 -0.12157600 -0.03328485 0.12823927 0.15432777 0.12838111 -0.05498143 0.14272650 0.08996013 -0.13794282 -0.04011450 -0.20190556 -0.03030979 0.03851215 -0.09551591 0.01692909 0.03536906 -0.03634891 0.07867181 -0.01893648 -0.07518563 -0.28139226 0.04164910 0.18194392 0.11862310 -0.07184138 0.32214984 -0.01280587 -0.21596402 -0.33270900 0.08093766 0.03735132 0.05267047 0.33837805 0.15248114 -0.26681799 0.07160626 -0.11355801 -0.12250539 0.57256662 0.55444859 0.53684415 0.23482109 0.28402392 0.32286490 0.66223514 0.60482262 1.00000000 0.39991279 0.65726959 0.44442470 0.66378295 0.12808239 0.01942850 0.01750506 0.11743904 -0.03368173 0.05690991 0.15795591 -0.24709904 -0.07005379 0.16174652 0.26345375 0.12179552 0.11041482 0.00730527 -0.00737599 0.30788179 0.14277203 -0.19379366 -0.07882968 -0.18041277 0.02008865 0.26556441 0.00066948 -0.02634416 -0.30132167 -0.02913210
0.18682907 0.12285038 0.04240039 -0.19805326 -0.02964581 0.09133472 -0.19361007 -0.01987183 0.13251493 -0.13909723 0.00095552 0.14121973 0.11319455 0.02061819 -0.02709599 -0.06852588 -0.13996600 -0.19833801 -0.05866701 0.03014525 -0.18603578 -0.13271392 -0.09128168 0.05702732 0.07739886 0.01315447 -0.08096204 -0.19682847 -0.36064776 -0.15622894 -0.08630226 -0.05706987 0.04795744 0.09669327 0.12260484 -0.15467697 -0.09447050 -0.18391735 -0.16397000 0.41670427 0.36171641 0.46466946 0.16304457 0.20092314 0.34446649 0.35244702 0.38443351 0.39991279 1.00000000 0.44496556 0.41791981 0.47495741 -0.00477315 0.09794414 0.13422995 0.20499031 0.05116645 0.04890866 0.03119849 -0.03662625 0.14007162 0.00353525 -0.03072077 0.05252182 0.01534856 -0.24906637 -0.05092375 0.17094579 0.26380060 -0.06771312 -0.15248982 -0.07676281 -0.10708799 0.15964844 -0.22005856 -0.12093718 -0.00433672 -0.14951676
0.12402268 0.00171000 0.01916826 -0.06473082 0.13225832 0.18437626 -0.05908167 0.11370903 0.15118043 -0.16514401 0.00207876 -0.03200955 0.08606941 0.05105952 -0.03128917 0.08240845 0.07606055 -0.12050408 0.04853605 -0.04125865 -0.16064584 -0.22813126 -0.11807449 0.09450978 0.15370517 0.08082254 0.36804617 -0.15818485 -0.25474704 -0.21202898 0.16923332 -0.06685844 0.12068008 0.44189115 0.38328643 -0.31414748 0.23870953 -0.08441584 -0.03224695 0.61138502 0.60457408 0.48913711 0.17210114 0.31693134 0.42687511 0.56102385 0.63376809 0.65726959 0.44496556 1.00000000 0.41584787 0.53588019 0.16893121 0.10626976 0.12284533 0.15885319 -0.06871007 0.06814120 0.14800953 -0.10945717 0.00389426 0.00968487 0.14151100 0.10060572 0.11933686 -0.00472239 -0.01794354 0.39271386 0.37991338 -0.08149775 -0.02260431 -0.01913177 -0.05025421 0.31493959 -0.03657286 0.06001724 -0.10056562 0.03623785
0.10936510 0.02828798 -0.02255599 0.00601874 -0.09839847 0.10148093 -0.17066716 -0.04980078 0.01805927 -0.06591935 0.03251531 0.13508809 0.01421193 0.01311031 -0.01229921 0.04970256 -0.05736716 -0.05717608 -0.04835884 0.04241995 -0.00495681 -0.16541473 -0.04365683 0.00716218 0.09053345 -0.10190517 -0.05620959 -0.08704762 -0.23227189 -0.18768910 -0.18059675 0.04794035 0.05697872 -0.01095236 -0.07590722 -0.12058673 -0.17892579 -0.13215077 -0.20773883 0.42070041 0.39313399 0.37584839 0.16778064 0.19289733 0.18078577 0.43883373 0.38785903 0.44442470 0.41791981 0.41584787 1.00000000 0.44142598 -0.04998031 -0.08934374 0.05515224 0.22335374 0.07519753 0.00411647 -0.01110934 -0.09340754 0.04138781 0.13589119 0.02011939 0.04940139 -0.01759028 -0.23859192 -0.03118049 0.07820869 -0.00899120 -0.15076290 -0.15523919 -0.24777605 -0.08265158 0.16516048 -0.14439446 -0.21535901 -0.19840001 -0.14806463
-0.11167935 -0.09474763 -0.01514776 0.06017072 0.01424144 0.13049151 -0.08873085 0.02461481 0.04634086 -0.14319272 0.06025908 -0.14447220 0.01739012 0.00130079 0.00946636 0.07181869 0.00881018 -0.06845340 0.01263166 0.10538972 -0.11103026 -0.27467876 0.02321449 0.06553162 0.14393965 -0.10505773 0.17616075 -0.14497001 -0.32601745 -0.38098185 -0.08573825 -0.05927633 -0.02845684 0.21659681 0.09881869 -0.21111866 0.03880792 -0.19931938 -0.27063928 0.59554960 0.56153216 0.46247422 0.19205740 0.24308511 0.44415202 0.62480715 0.59213846 0.66378295 0.47495741 0.53588019 0.44142598 1.00000000 0.13500382 0.03963773 -0.00917018 0.07465747 0.01141048 0.06388154 0.13720216 -0.18701574 -0.04768909 0.05472198 0.16019779 0.04009840 0.00193274 -0.10632960 -0.16430280 0.23291831 0.12686751 -0.28846280 -0.19676132 -0.12485954 -0.12932681 0.11933416 -0.02749628 -0.11417059 -0.31352524 -0.25894211
-0.05163086 -0.14067490 0.09434402 0.06728497 0.13043988 0.15291472 0.05965769 0.11068320 -0.03797096 0.06518593 0.11181963 -0.23807224 -0.08768568 -0.09897228 -0.08262689 -0.05955248 0.05579351 -0.09429177 0.02301403 -0.01447211 -0.07014379 -0.07175570 -0.00852044 0.08041848 -0.01132806 0.00184949 0.19403443 -0.10378914 -0.02786559 -0.03157559 0.00926744 -0.02219063 0.00339912 0.25408062 0.01038409 -0.14309694 0.25967599 -0.14867003 0.05270845 0.09866440 0.09915168 0.15506340 -0.02681142 -0.08587981 0.13699087 0.04190382 0.08934347 0.12808239 -0.00477315 0.16893121 -0.04998031 0.13500382 1.00000000 0.31567827 0.24177729 0.11897388 0.22466036 0.17109770 0.27550334 0.04429205 0.14574778 0.19969371 0.25763783 0.38155929 0.36255175 0.16720367 -0.07081461 -0.12402511 -0.10416143 -0.16330633 0.00708248 -0.04223044 0.00794736 -0.04731034 0.08031121 -0.10041992 -0.07402244 -0.01692356
0.07081638 0.13145773 0.19468286 -0.23072883 0.11007927 0.23542461 -0.07019041 -0.01680730 0.06922070 -0.04255373 -0.05379017 0.10866139 0.28928715 -0.05424673 0.00890483 -0.05451117 -0.08193063 -0.28644133 -0.08749393 0.02415650 -0.25450864 -0.04191742 -0.07483361 -0.05280283 0.05112246 0.12733010 -0.06988936 -0.28793875 -0.18570090 0.08010911 0.03122105 -0.09972672 0.02919334 0.17930551 0.23294200 -0.02721441 0.18953121 -0.17669744 0.02541145 0.00979758 0.05639241 0.00532814 -0.21153690 -0.23829555 0.09823646 -0.12841810 -0.03314661 0.01942850 0.09794414 0.10626976 -0.08934374 0.03963773 0.31567827 1.00000000 0.47691078 0.09467901 0.26667760 0.35708574 0.41990331 0.26726415 0.44001459 -0.03200956 0.01852994 0.36837396 0.32955807 0.03409532 0.04566267 -0.17648376 0.12094377 0.06145957 -0.07615214 0.22005675 -0.16333306 -0.03526625 -0.17115851 0.00150095 0.30817233 -0.09823558
0.26286569 0.10750166 0.16330126 -0.14095635 0.05710965 0.27820467 -0.13662121 0.01499301 -0.05180652 0.08618732 -0.00960643 0.24905227 0.20432207 -0.15083086 -0.13799493 -0.09955633 -0.16248415 -0.30708915 -0.17524973 -0.02305482 -0.17006761 -0.00904004 -0.11933871 0.02522075 0.01275383 0.06243645 -0.16705714 -0.29219637 -0.18986197 0.09798992 -0.11152567 0.06481961 0.12766998 0.13887806 0.03177030 -0.03445053 0.10493005 -0.19170737 0.06619094 0.03136948 -0.03542035 0.07564667 -0.12268624 -0.20348779 -0.00547860 -0.08531248 -0.01715150 0.01750506 0.13422995 0.12284533 0.05515224 -0.00917018 0.24177729 0.47691078 1.00000000 0.34779018 0.44748175 0.46651932 0.33872461 0.42557591 0.60927352 0.19024814 0.07041275 0.49413565 0.37132670 0.01950386 0.19771401 -0.23138218 -0.04604918 0.05301516 0.04240669 0.08276566 0.00868578 0.00511203 -0.10705543 -0.08210383 0.31729041 0.00111635
0.28651412 0.02045421 -0.01121368 -0.12742239 0.06184269 0.13369014 -0.18338664 0.02527759 -0.09426384 -0.08463899 -0.04220363 0.21983323 -0.03801803 -0.04747093 -0.12392187 -0.06267499 -0.04632458 -0.15036233 -0.08665044 -0.03840932 -0.04483523 -0.00122183 -0.07984735 0.15508177 0.05755316 -0.02975481 -0.12700497 -0.13500310 -0.17343314 -0.01678190 -0.07377917 0.05238371 0.05776420 0.07201873 -0.00128552 -0.11334554 -0.05012204 -0.10622170 0.00120095 0.10876938 0.03054145 0.16216310 0.07451378 0.06728648 0.05998397 0.04589345 0.09837112 0.11743904 0.20499031 0.15885319 0.22335374 0.07465747 0.11897388 0.09467901 0.34779018 1.00000000 0.33431392 0.31022563 0.12862396 0.24528376 0.30241463 0.36370279 0.22004967 0.27742616 0.27470324 -0.03153205 0.17992261 -0.02860284 0.01881090 0.07066007 0.00090452 -0.05754120 0.15629298 0.12880487 -0.07853867 -0.04929231 0.10804908 0.09867593
0.13392695 -0.01192074 0.07640438 -0.00125114 0.04544506 0.26053806 -0.16340338 0.03673097 -0.18618175 0.13568768 -0.04046411 0.14657793 0.05880364 -0.14734733 -0.18871339 -0.11726652 -0.05604552 -0.20287356 -0.22306183 -0.03661568 -0.10840602 -0.01634690 -0.06355198 0.12458263 0.04393259 -0.09616484 -0.30335214 -0.23950767 -0.16648158 0.02381436 -0.17360370 0.13849276 0.09786886 -0.01182314 -0.09413420 -0.09025403 0.03784782 -0.27054027 -0.09309479 -0.02841219 -0.06534382 0.02005259 -0.12230401 -0.22169840 -0.04644412 -0.12670704 -0.08640394 -0.03368173 0.05116645 -0.06871007 0.07519753 0.01141048 0.22466036 0.26667760 0.44748175 0.33431392 1.00000000 0.46082525 0.26299799 0.34244769 0.47751751 0.40747579 0.10823029 0.51364116 0.27364434 -0.05764435 0.18460193 -0.41337015 -0.31250676 -0.00126792 -0.15137917 -0.08438409 0.03763347 -0.01927163 -0.06476961 -0.24712898 0.12943810 -0.12317530
0.11680202 -0.05526644 -0.02518606 -0.06799231 0.18775962 0.19185689 -0.12933312 0.03367261 -0.21756246 -0.07255073 -0.11827393 0.11177811 0.02625267 -0.12451219 -0.16120851 -0.12589509 -0.08433956 -0.18008296 -0.13661326 -0.08925682 -0.10780162 -0.04591979 -0.18076141 0.04320683 -0.04351262 -0.10508392 -0.10848827 -0.13494946 -0.05148767 0.03190372 -0.04253386 0.14003112 0.14301093 0.13319323 0.08322566 0.00992933 0.15050682 -0.07491350 0.10606271 0.03012706 0.01925546 0.02667265 -0.03758092 -0.12134754 -0.04164398 -0.02508256 0.02927941 0.05690991 0.04890866 0.06814120 0.00411647 0.06388154 0.17109770 0.35708574 0.46651932 0.31022563 0.46082525 1.00000000 0.44518901 0.39334105 0.36084250 0.34547487 0.21542400 0.39205891 0.42719983 0.10963215 0.23313757 -0.10843050 -0.12511211 0.04369016 0.01613447 0.06502731 0.13366728 -0.02033200 0.04399123 0.01394942 0.17091765 0.05893316
-0.11243423 -0.02197227 -0.11929153 0.00437181 0.07283279 0.06831162 0.04739774 0.02009331 -0.10082708 -0.03254484 -0.04721853 -0.08330897 -0.01829074 -0.03986967 -0.00210419 -0.11923784 0.02195891 -0.03162720 0.04953807 0.04161756 -0.05608261 -0.05560652 -0.02186566 0.03886392 -0.02321309 -0.02949984 0.12883842 0.02515167 0.00069998 -0.05857360 0.10246741 0.08474992 0.08723217 0.18835292 0.08700396 -0.01340321 0.20563990 0.02515746 0.10075140 0.02111311 0.06029261 0.09570126 0.00673229 -0.06198703 0.02835105 0.06128407 0.05754151 0.15795591 0.03119849 0.14800953 -0.01110934 0.13720216 0.27550334 0.41990331 0.33872461 0.12862396 0.26299799 0.44518901 1.00000000 0.04761501 0.23181509 0.33771292 0.30975631 0.34386690 0.31212265 0.16509562 0.11746846 0.00781275 -0.06000981 -0.04821029 0.02048396 -0.01515633 0.12015358 -0.07478109 0.04806883 -0.00605457 -0.03782039 -0.04024731
0.20135270 0.10330797 0.14266187 -0.17143889 -0.01521752 0.16161000 -0.10404159 -0.05650241 -0.11344176 0.08981885 0.04554275 0.36953440 0.20705287 -0.09061455 -0.03844521 -0.02987035 -0.11061614 -0.21971070 -0.20221721 -0.02797758 -0.09124864 0.07243260 -0.14447340 -0.02237423 0.05688308 0.04408855 -0.27655268 -0.24164939 0.03112966 0.24156350 -0.03970699 -0.00374733 0.18620870 -0.01111213 0.11271956 0.10613946 0.15012852 -0.10437735 0.08082928 -0.09199689 -0.12103184 -0.16200644 -0.17743875 -0.24394850 -0.08221354 -0.25711641 -0.14318931 -0.24709904 -0.03662625 -0.10945717 -0.09340754 -0.18701574 0.04429205 0.26726415 0.42557591 0.24528376 0.34244769 0.39334105 0.04761501 1.00000000 0.46833934 -0.04929040 -0.05972547 0.17627882 0.25189182 -0.06706085 0.09049619 -0.18945848 -0.02219526 0.10505407 0.03065201 0.26727873 -0.06969539 -0.07065764 -0.04842456 0.07157876 0.30719069 0.04189791
0.26932453 0.16506242 0.17186277 -0.23250717 -0.04218313 0.17502159 -0.17004182 -0.06394945 -0.06847031 0.06225565 0.05242217 0.33949624 0.24196698 -0.05332834 -0.03051649 -0.06283837 -0.13281309 -0.22700355 -0.14167404 0.07801259 -0.15080039 0.09700062 -0.08837070 0.05155382 0.05076389 0.13358457 -0.30415157 -0.31031246 -0.19205976 0.14146373 -0.14963453 -0.00948477 0.10462108 -0.01282189 0.00928471 0.01591325 0.01017288 -0.27586535 0.00333475 -0.03117407 -0.05375083 -0.03230345 -0.12182917 -0.22868648 0.01782104 -0.18642042 -0.10370369 -0.07005379 0.14007162 0.00389426 0.04138781 -0.04768909 0.14574778 0.44001459 0.60927352 0.30241463 0.47751751 0.36084250 0.23181509 0.46833934 1.00000000 0.17778147 -0.04312855 0.37967777 0.31451313 -0.12958649 0.11777411 -0.28963364 -0.03500976 0.04491487 -0.09024159 0.09009733 -0.07307773 0.00300340 -0.18731739 -0.15203650 0.27923350 -0.07961669
0.05356905 -0.12027689 -0.17612289 0.20699686 0.17942958 0.09927899 -0.05005649 0.13589494 -0.21263366 0.03910852 -0.06647039 -0.16141153 -0.26225971 -0.15781267 -0.20260115 -0.21184189 0.02172700 0.04735679 -0.02857367 -0.13634290 0.06447692 0.01452060 -0.04292943 0.21041759 -0.06750712 -0.14444259 -0.00203248 0.10831759 0.01793517 -0.07725751 -0.04131224 0.26843876 0.06286854 0.06220641 -0.18336831 -0.11552394 0.02451751 -0.06597906 0.06411353 -0.00965859 -0.01392271 0.15345582 0.07104587 0.00496286 -0.08306333 0.07801642 0.05187782 0.16174652 0.00353525 0.00968487 0.13589119 0.05472198 0.19969371 -0.03200956 0.19024814 0.36370279 0.40747579 0.34547487 0.33771292 -0.04929040 0.17778147 1.00000000 0.43250454 0.44670056 0.27812430 0.17684142 0.27028369 -0.17249463 -0.39427606 0.02701526 0.05193035 -0.34188201 0.37309949 0.02313675 0.13894956 -0.19312892 -0.14271838 0.07348792
-0.05587857 -0.19554616 -0.14763141 0.22463631 0.25891188 -0.03286696 0.06839021 0.26341937 -0.09965454 -0.02321938 -0.04589542 -0.32965527 -0.28392287 -0.15581373 -0.15660647 -0.12061573 0.00057065 0.07648016 0.10661831 -0.11989612 0.10685186 -0.08139797 0.05312612 0.18748587 -0.09107243 -0.11877735 0.23370420 0.19220206 0.11006691 -0.17701722 0.05302989 0.14396784 0.05193527 0.22434646 -0.03005024 -0.04614472 0.11569302 0.07458209 0.13852486 0.13979097 0.02077880 0.21650767 0.12495864 0.15608471 -0.03023800 0.26278421 0.22185120 0.26345375 -0.03072077 0.14151100 0.02011939 0.16019779 0.25763783 0.01852994 0.07041275 0.22004967 0.10823029 0.21542400 0.30975631 -0.05972547 -0.04312855 0.43250454 1.00000000 0.27421543 0.30788836 0.25790196 0.15686182 0.14469163 -0.21109129 -0.06010253 0.14379780 -0.14726398 0.33396660 0.04391098 0.26594710 0.09819221 -0.25481984 0.21746626
0.21282696 -0.01818906 0.13071378 0.05196413 0.23919814 0.26079273 -0.04525252 0.20075888 -0.07319529 0.08750150 -0.02897833 -0.05404640 -0.00867679 -0.19898006 -0.24228721 -0.19390639 -0.05473552 -0.15321317 -0.10719608 -0.13510309 -0.11021556 -0.01899743 -0.04661448 0.12271488 -0.02161031 -0.02363013 -0.01650703 -0.18221351 -0.14797990 0.01937382 -0.10639396 0.13107127 0.04563801 0.18526268 -0.06249674 -0.12501380 0.10715247 -0.23078790 0.06844385 0.04192146 -0.00811530 0.12272284 -0.09689851 -0.11854593 0.05863059 -0.03417657 -0.01701162 0.12179552 0.05252182 0.10060572 0.04940139 0.04009840 0.38155929 0.36837396 0.49413565 0.27742616 0.51364116 0.39205891 0.34386690 0.17627882 0.37967777 0.44670056 0.27421543 1.00000000 0.42043052 0.15610159 0.22402680 -0.31473840 -0.24866966 -0.00257936 -0.00615283 -0.12597432 0.13273940 0.09495409 0.00206260 -0.20687797 0.11439344 0.04251749
0.18570258 0.01232474 0.04422415 -0.01100258 0.19396663 0.14132379 -0.02159805 0.16791018 -0.11666847 -0.04120675 -0.06355014 0.04451424 -0.03075458 -0.13482546 -0.10830028 -0.10281778 -0.02220410 -0.13174354 0.00446471 -0.13290423 -0.04862235 0.01236941 -0.04228006 0.10466207 -0.05727171 0.02259329 0.06505110 -0.04109859 -0.00041525 0.05581725 0.01373601 0.08819912 0.10139823 0.23995244 0.06012339 -0.00188650 0.17283198 -0.01503553 0.21189154 0.04007556 -0.02980845 0.09062110 -0.01523924 -0.05560430 0.00057313 0.02629483 0.01670127 0.11041482 0.01534856 0.11933686 -0.01759028 0.00193274 0.36255175 0.32955807 0.37132670 0.27470324 0.27364434 0.42719983 0.31212265 0.25189182 0.31451313 0.27812430 0.30788836 0.42043052 1.00000000 0.20044183 0.21045791 -0.03234538 -0.06319522 0.05397418 0.15373172 0.10111017 0.19683143 0.00807574 0.06762046 0.07609233 0.11897071 0.19323519
-0.07535479 -0.18157735 -0.10756723 0.14732472 0.30184390 -0.06958127 0.21650549 0.20415244 -0.12771785 -0.03048052 -0.16661735 -0.27467972 -0.25714493 -0.12384078 -0.13765956 -0.12142574 0.03415381 0.07613766 0.12148052 -0.22877299 0.04007804 0.02704976 -0.00846978 0.02981693 -0.21227111 -0.06765510 0.27883585 0.22411436 0.29172625 0.09784336 0.24691321 0.08900791 0.00572081 0.25462231 0.05311006 0.09830822 0.22926594 0.27137200 0.36225113 -0.14179519 -0.07428571 -0.00045447 0.02608278 0.04222083 -0.05747529 -0.07582314 0.00794100 0.00730527 -0.24906637 -0.00472239 -0.23859192 -0.10632960 0.16720367 0.03409532 0.01950386 -0.03153205 -0.05764435 0.10963215 0.16509562 -0.06706085 -0.12958649 0.17684142 0.25790196 0.15610159 0.20044183 1.00000000 0.31893236 0.18235236 -0.02927348 0.17328472 0.44640015 0.16172743 0.51706710 -0.05301024 0.51950865 0.38250912 0.07824231 0.46375918
0.28566876 0.05285508 -0.07506769 -0.02802766 0.20225029 0.06922707 -0.02612180 0.17129108 -0.12733691 -0.07694426 -0.29773035 0.08788618 -0.05730307 -0.08851327 -0.23264612 -0.18114054 -0.04835132 -0.03087173 -0.01450942 -0.22675239 0.03818401 0.07668330 -0.12195670 0.11883075 -0.14091882 0.01433615 -0.00237879 0.06369662 0.03674787 0.14475075 0.13181473 0.29303961 0.18941530 0.23575897 0.07466885 -0.05990318 0.12915513 0.09586958 0.30443336 -0.13430785 -0.09028583 0.02916790 0.01500326 -0.02483324 -0.18042520 -0.17706051 -0.05169144 -0.00737599 -0.05092375 -0.01794354 -0.03118049 -0.16430280 -0.07081461 0.04566267 0.19771401 0.17992261 0.18460193 0.23313757 0.11746846 0.09049619 0.11777411 0.27028369 0.15686182 0.22402680 0.21045791 0.31893236 1.00000000 -0.00368188 -0.05136884 0.36228552 0.24606193 -0.06191399 0.44108472 0.27159186 0.12024299 0.15842854 0.26957101 0.41929387
-0.10076301 -0.02349971 -0.23072618 -0.06629269 0.04796230 -0.28310448 0.15026477 0.07375431 0.15398705 -0.21583858 0.03087728 -0.08303421 -0.12301253 0.21517846 0.21966934 0.11092715 0.05512322 0.25023000 0.37071537 0.03301094 0.10042944 -0.02226666 0.04744480 -0.03890538 -0.00112184 0.11115549 0.47837194 0.33368596 0.19752601 -0.09706593 0.39274297 -0.15352612 0.07421283 0.27682657 0.33429351 0.07508941 0.11052984 0.42371477 0.19033300 0.30388885 0.26906040 0.23803615 0.24116677 0.48208749 0.25004067 0.38590818 0.42918799 0.30788179 0.17094579 0.39271386 0.07820869 0.23291831 -0.12402511 -0.17648376 -0.23138218 -0.02860284 -0.41337015 -0.10843050 0.00781275 -0.18945848 -0.28963364 -0.17249463 0.14469163 -0.31473840 -0.03234538 0.18235236 -0.00368188 1.00000000 0.62893976 0.05363032 0.30513615 0.17353643 0.19329681 0.14883434 0.30526412 0.47259106 -0.19721585 0.33509548
0.09831174 0.20642818 0.04844161 -0.35914137 0.00085207 -0.12145061 0.01349266 -0.05516146 0.32164175 -0.21344911 -0.00733768 0.20226418 0.22213797 0.29288229 0.22122807 0.19808381 0.06579453 -0.02755991 0.18363005 0.09122432 -0.16054241 0.03081988 -0.04121775 -0.08652785 0.07628647 0.27715959 0.22205965 -0.04412035 -0.10789776 0.03688813 0.31043686 -0.30437040 0.02218666 0.20546914 0.50424588 -0.05675257 0.07850825 0.17714523 0.05759591 0.25992273 0.28803947 0.12965598 0.02130579 0.28069915 0.36807977 0.11874999 0.27112532 0.14277203 0.26380060 0.37991338 -0.00899120 0.12686751 -0.10416143 0.12094377 -0.04604918 0.01881090 -0.31250676 -0.12511211 -0.06000981 -0.02219526 -0.03500976 -0.39427606 -0.21109129 -0.24866966 -0.06319522 -0.02927348 -0.05136884 0.62893976 1.00000000 0.22578060 0.15576905 0.32031167 -0.12275543 0.26776837 -0.04239299 0.29641385 0.22932238 0.15929420
0.20049902 0.17996457 -0.02093007 -0.20659298 0.13286726 0.00635345 -0.03751883 0.05354923 0.03189815 -0.03854093 -0.16885391 0.24818493 0.09175497 -0.02497855 -0.05618659 -0.02777052 0.03601746 -0.04300720 -0.04047423 -0.15059438 -0.10545510 0.16534698 -0.12933563 0.02321606 -0.02057295 0.10674104 -0.06265365 -0.01530843 0.04824288 0.22116680 0.16793330 0.03633146 0.07372551 -0.00127316 0.19694415 -0.00863923 0.01516818 0.13327801 0.17339605 -0.14606620 -0.10440585 -0.08692719 -0.08296401 0.04680482 -0.02263058 -0.27271984 -0.12747537 -0.19379366 -0.06771312 -0.08149775 -0.15076290 -0.28846280 -0.16330633 0.06145957 0.05301516 0.07066007 -0.00126792 0.04369016 -0.04821029 0.10505407 0.04491487 0.02701526 -0.06010253 -0.00257936 0.05397418 0.17328472 0.36228552 0.05363032 0.22578060 1.00000000 0.30144069 0.21871969 0.31256698 0.13982712 0.05871095 0.20340828 0.45085534 0.33485501
0.04441279 -0.02242809 -0.11651946 0.07230725 0.19625558 -0.13553655 0.16885993 0.16854178 0.00044780 0.04616539 -0.04051898 0.01394024 -0.11459166 -0.09334713 -0.05419344 -0.03380863 -0.06659690 0.04831023 0.08096300 -0.16432541 0.05505131 0.09335047 -0.00783434 -0.01119894 -0.08212575 0.00951123 0.19891913 0.21740125 0.26374712 0.22230196 0.18083663 0.07905919 0.10108332 0.13433673 0.05165566 0.13429817 0.11915402 0.30752277 0.35950935 -0.06666276 -0.13214904 0.05144755 0.00212493 0.12272404 -0.02541000 -0.08607690 0.00794804 -0.07882968 -0.15248982 -0.02260431 -0.15523919 -0.19676132 0.00708248 -0.07615214 0.04240669 0.00090452 -0.15137917 0.01613447 0.02048396 0.03065201 -0.09024159 0.05193035 0.14379780 -0.00615283 0.15373172 0.44640015 0.24606193 0.30513615 0.15576905 0.30144069 1.00000000 0.22348779 0.37637049 -0.03373774 0.35223726 0.33741176 0.22554427 0.46804526
-0.03624380 0.03678874 0.04719948 -0.20214484 0.07884729 -0.05735206 0.00760236 -0.01409411 0.00316767 -0.06050897 0.06662365 0.21197541 0.14464589 0.04646455 0.13284026 0.10442804 -0.03798600 -0.12206161 0.00347769 0.01816161 -0.09817885 0.09034307 -0.06997060 -0.09709769 0.06320587 0.12402670 0.00627912 -0.12779533 0.11906380 0.21129022 0.11474075 -0.18494821 0.04765779 0.03559362 0.22535658 0.23216953 0.17475672 0.14606770 0.16011765 -0.03523150 -0.05264246 -0.18818768 -0.19498667 -0.05246587 0.05631564 -0.16765767 -0.07679074 -0.18041277 -0.07676281 -0.01913177 -0.24777605 -0.12485954 -0.04223044 0.22005675 0.08276566 -0.05754120 -0.08438409 0.06502731 -0.01515633 0.26727873 0.09009733 -0.34188201 -0.14726398 -0.12597432 0.10111017 0.16172743 -0.06191399 0.17353643 0.32031167 0.21871969 0.22348779 1.00000000 -0.01516023 -0.07566249 0.18234111 0.42148681 0.39995338 0.19330291
0.05607707 -0.11474880 -0.23414045 0.10490952 0.24847118 -0.14411187 0.09681704 0.19257787 -0.23548981 -0.03042108 -0.14900700 -0.15688456 -0.33954044 -0.09698647 -0.19874109 -0.18744644 -0.01968014 0.13554966 0.13399756 -0.21046212 0.16331771 0.08102164 0.02890806 0.18273950 -0.17343129 -0.09865108 0.14959530 0.29539521 0.25224450 0.08290064 0.14854516 0.26199549 0.11093056 0.15907329 -0.08357799 0.06328890 0.06515038 0.27436974 0.32132341 -0.16092259 -0.18737565 0.06911513 0.19402535 0.14627096 -0.13015248 -0.01457993 0.01739661 0.02008865 -0.10708799 -0.05025421 -0.08265158 -0.12932681 0.00794736 -0.16333306 0.00868578 0.15629298 0.03763347 0.13366728 0.12015358 -0.06969539 -0.07307773 0.37309949 0.33396660 0.13273940 0.19683143 0.51706710 0.44108472 0.19329681 -0.12275543 0.31256698 0.37637049 -0.01516023 1.00000000 0.02046941 0.39863723 0.26616124 -0.01768746 0.48644108
0.32173255 0.09825911 0.17490112 -0.03483721 0.15823820 0.12068940 -0.04863932 0.18395822 0.19901884 -0.09236394 -0.19872433 0.01101554 0.07011249 0.08253607 -0.19073883 -0.03747967 0.00704577 -0.05131915 0.00613944 -0.15172598 -0.06770855 -0.09850638 -0.13198199 0.10693630 -0.00638984 0.08937529 0.10285340 -0.12886644 -0.20421092 -0.11482586 0.14166638 0.05526466 0.05622278 0.13881675 0.19883448 -0.27882579 -0.02026638 -0.07144132 -0.08086314 0.23319323 0.26373281 0.12927089 0.09386774 0.21116053 0.19978304 0.13580617 0.26130644 0.26556441 0.15964844 0.31493959 0.16516048 0.11933416 -0.04731034 -0.03526625 0.00511203 0.12880487 -0.01927163 -0.02033200 -0.07478109 -0.07065764 0.00300340 0.02313675 0.04391098 0.09495409 0.00807574 -0.05301024 0.27159186 0.14883434 0.26776837 0.13982712 -0.03373774 -0.07566249 0.02046941 1.00000000 -0.10627557 0.02903617 0.10811274 0.23074278
-0.21994187 -0.29151780 -0.16074095 0.20084687 0.16857782 -0.14847907 0.16700411 0.17295375 -0.17718467 0.02255060 0.02506319 -0.27792161 -0.31878457 -0.09173541 -0.07874822 -0.00726028 0.03166744 0.15877494 0.11907007 -0.13552088 0.10306121 -0.03130887 0.01232305 -0.01228026 -0.10553187 -0.15967298 0.25935123 0.26976426 0.33854778 0.06308587 0.16169404 0.08533831 0.02812040 0.14721426 -0.02985478 0.16758348 0.21888947 0.28186498 0.24864022 -0.03482331 -0.02702581 -0.00762393 0.02365643 0.07860235 -0.04622030 0.07450526 0.10488927 0.00066948 -0.22005856 -0.03657286 -0.14439446 -0.02749628 0.08031121 -0.17115851 -0.10705543 -0.07853867 -0.06476961 0.04399123 0.04806883 -0.04842456 -0.18731739 0.13894956 0.26594710 0.00206260 0.06762046 0.51950865 0.12024299 0.30526412 -0.04239299 0.05871095 0.35223726 0.18234111 0.39863723 -0.10627557 1.00000000 0.38957292 -0.10408289 0.37247554
-0.05493702 -0.09575653 -0.14798633 -0.07327473 0.13597049 -0.15001631 0.11691353 0.07037451 -0.02345290 -0.15391946 -0.10293910 -0.03081896 -0.05358255 0.01307256 0.07325641 0.00372342 -0.00167077 0.09865859 0.21464454 -0.12517133 0.04636290 0.03220209 -0.02285206 -0.09510150 -0.10200749 0.05186683 0.23204090 0.21838746 0.31438619 0.07209539 0.32398608 -0.12493459 0.03683844 0.17361299 0.26645255 0.21352582 0.22801593 0.37463894 0.32526749 -0.04228336 -0.02947557 -0.01129444 0.06801802 0.15355895 -0.03852441 -0.01127492 0.08205890 -0.02634416 -0.12093718 0.06001724 -0.21535901 -0.11417059 -0.10041992 0.00150095 -0.08210383 -0.04929231 -0.24712898 0.01394942 -0.00605457 0.07157876 -0.15203650 -0.19312892 0.09819221 -0.20687797 0.07609233 0.38250912 0.15842854 0.47259106 0.29641385 0.20340828 0.33741176 0.42148681 0.26616124 0.02903617 0.38957292 1.00000000 0.12551671 0.47418813
0.32800279 0.26245920 0.20448613 -0.28149586 0.13262181 0.18300437 -0.06313365 -0.00259597 0.08130586 0.04001311 -0.15860763 0.36520546 0.29815525 -0.09576358 -0.08569765 -0.04105891 -0.08742151 -0.29336116 -0.20304597 -0.11532267 -0.23586248 0.10048260 -0.15527221 -0.08752627 0.01767554 0.12917148 -0.23395343 -0.30881707 -0.10601969 0.30185091 0.02345431 -0.00244975 0.04693255 -0.01196764 0.22066558 0.02892195 0.07682730 -0.04262901 0.11561876 -0.16592532 -0.13140421 -0.17130835 -0.24949753 -0.17290826 -0.03102845 -0.38788872 -0.23432408 -0.30132167 -0.00433672 -0.10056562 -0.19840001 -0.31352524 -0.07402244 0.30817233 0.31729041 0.10804908 0.12943810 0.17091765 -0.03782039 0.30719069 0.27923350 -0.14271838 -0.25481984 0.11439344 0.11897071 0.07824231 0.26957101 -0.19721585 0.22932238 0.45085534 0.22554427 0.39995338 -0.01768746 0.10811274 -0.10408289 0.12551671 1.00000000 0.25757357
0.19269659 -0.03017048 -0.05914893 -0.00748077 0.27568318 -0.11920555 0.14468567 0.23263911 -0.03348068 -0.08299142 -0.15542816 0.00526748 -0.18686749 -0.02639751 -0.12224471 -0.07163295 -0.02294329 0.10610288 0.18192522 -0.22852956 0.11103728 0.13416562 -0.02039501 0.07543145 -0.12189197 0.08108084 0.23220966 0.23750908 0.27786945 0.17976806 0.27151080 0.11272895 0.08593203 0.19967525 0.12734784 0.06214633 0.10433019 0.34216763 0.41666995 -0.11334649 -0.11552453 0.02107963 0.11354587 0.18768465 -0.06656160 -0.05847316 0.02377358 -0.02913210 -0.14951676 0.03623785 -0.14806463 -0.25894211 -0.01692356 -0.09823558 0.00111635 0.09867593 -0.12317530 0.05893316 -0.04024731 0.04189791 -0.07961669 0.07348792 0.21746626 0.04251749 0.19323519 0.46375918 0.41929387 0.33509548 0.15929420 0.33485501 0.46804526 0.19330291 0.48644108 0.23074278 0.37247554 0.47418813 0.25757357 1.00000000
