1.00000000 0.14180718 0.19605776 0.04826664 -0.05134261 0.16077993 -0.03455394 0.05802778 0.33162493 0.19557762 0.13381146 -0.01244702 0.27400205 -0.08009530 0.09647407 0.01284542 -0.11412970 0.12128974 0.02402587 0.37369429 -0.03255193 0.05503313 -0.09012524 0.03247377 0.05121916 -0.02389541 0.15187653 0.11226034 0.03923110 -0.05425033 -0.12045376 -0.05997461 -0.10979394 0.01530198 -0.02136461 0.19349220 0.11680869 0.00167590 0.04427773 0.10447374 -0.04730876 0.01506944 -0.04419661 -0.03900501 0.02941289 -0.00901232 0.03938686 0.09507312 0.11912563 0.24828047 0.02291508 -0.02040116 -0.14582961 0.11630641 -0.06284433 0.01684505 0.13322631 -0.09590021 0.15235445 -0.09644863 -0.04327285 0.07570631 -0.07881353 -0.11354521 -0.15264329 -0.09394331 -0.08783181 0.01082234 0.11932084 -0.10491417 0.08706632 -0.09715076 -0.25247896 0.11511860 0.00002348 0.00576931 -0.00209637 -0.07051200
0.14180718 1.00000000 0.17741078 0.20235170 0.21275791 0.17832407 -0.00639807 0.26622943 0.50545310 0.29329274 0.03388133 0.25067174 0.28479336 0.00553381 -0.01483302 -0.17029600 0.03815839 -0.06899771 0.06128654 -0.02053846 -0.04627669 -0.03788948 0.11213878 -0.10223872 -0.15197938 -0.07488988 0.00532132 0.12776434 0.28224871 0.10587246 0.02963360 -0.02257388 0.25830327 0.12598535 0.01796641 -0.07580206 -0.09230047 -0.05995055 0.11514703 -0.06261679 -0.08230095 -0.05073579 -0.39395769 0.03706435 0.09113306 -0.21825185 0.06174601 -0.13909136 -0.01693208 -0.14108108 0.06327237 0.00897013 0.11563425 -0.02706386 -0.15113648 0.14020968 -0.05580876 0.10010706 -0.11509047 -0.04533990 -0.07278722 0.16909349 0.14998652 0.05129667 -0.04195327 -0.01714122 -0.05958776 -0.25514324 0.22975799 0.20026846 0.17777388 0.25002964 0.00243129 -0.08688622 0.04951892 0.01266492 0.26028475 -0.07036562
0.19605776 0.17741078 1.00000000 0.24929034 0.25665551 0.15886813 0.40152857 -0.00370097 0.07730133 0.43933365 0.28920716 0.25545532 0.08943023 0.14997171 0.16936734 -0.10433822 -0.07625148 -0.06919999 0.14144398 0.01018809 0.08030232 0.06188549 0.14562166 -0.13921779 0.09128317 0.03635230 0.04300647 0.27632611 -0.17806721 -0.07502448 -0.03537666 0.04276532 0.06488109 -0.02804798 0.00864462 0.16782576 -0.04647599 0.14007139 0.19479122 0.18688883 -0.09195620 -0.27315817 -0.24454580 0.00068538 -0.05015715 -0.27262947 0.06107616 0.05119125 -0.18337958 0.07790173 0.16196658 -0.25473792 0.13587277 -0.05863016 0.04320552 0.00458615 0.10893947 0.22214099 0.18187825 -0.26833338 -0.09536234 -0.04628843 -0.22466959 -0.00177601 -0.11203297 0.03039712 -0.13492181 0.05950162 0.12669401 0.24520664 -0.09712922 0.27136992 0.12694232 -0.03022664 0.07757149 -0.10703433 0.16441129 0.27246361
0.04826664 0.20235170 0.24929034 1.00000000 0.06770135 0.30857205 0.20143641 0.03983140 0.09702087 -0.14204313 0.00340876 -0.06813426 0.30851480 0.07620111 -0.07295662 -0.09231846 -0.08553822 0.10672235 0.05664879 0.19160503 0.03571910 -0.04209456 0.05197769 -0.17878531 -0.03522974 -0.04606198 0.20662975 -0.00815691 -0.02966091 0.15885500 0.06669948 0.09334280 -0.11480260 0.15875115 0.16499719 0.22098582 0.20484112 0.13143224 0.13237141 -0.04353448 -0.11353703 -0.19476154 0.01297126 0.02783286 -0.18061031 -0.01353514 -0.03797258 -0.15401069 -0.25409911 -0.08663195 0.11535409 -0.23016462 0.03538404 -0.03205545 0.25936368 0.11532347 0.00674398 0.05296231 0.02863755 0.08809591 0.09382855 0.16088627 -0.16320690 0.05100977 0.17283181 -0.07474411 -0.12305803 0.02486675 -0.07639402 0.15451902 -0.09760293 -0.16583887 0.14005338 -0.00265534 0.25861114 -0.09407761 -0.05207080 0.10845762
-0.05134261 0.21275791 0.25665551 0.06770135 1.00000000 0.11052723 0.21276047 0.12449289 0.28074345 0.29091011 0.30011977 0.34867950 -0.02632960 0.29639636 -0.01532111 -0.26767307 -0.00998857 -0.00538291 -0.03578999 -0.17947635 0.13429378 0.04845881 -0.02515385 0.00009344 0.13312861 0.06276448 -0.17168175 0.17288450 0.20511132 -0.04172963 0.20941553 0.17595053 0.17577780 0.01380665 0.02164727 0.15620423 0.00945645 0.20042702 0.22101931 0.24923344 -0.00400149 -0.03236354 -0.18672623 0.16572887 -0.08918759 -0.12051625 0.18635479 0.14780974 -0.28814589 -0.03703091 0.36374583 -0.06218984 -0.03017568 0.03442058 -0.08880281 0.15059418 0.16486645 0.28194123 -0.03743796 -0.04423123 -0.10724790 0.06537091 0.02472705 0.18330138 -0.03978577 0.08545498 -0.17514001 -0.02940670 0.11883040 0.07961638 -0.05307278 0.33808879 0.04987070 -0.07520111 0.02915736 -0.06263765 0.33613118 0.07749417
0.16077993 0.17832407 0.15886813 0.30857205 0.11052723 1.00000000 0.19150934 0.30704964 0.30665082 -0.08913849 -0.06769470 0.26686399 0.35535574 0.01053967 0.03242786 0.00798114 0.00494130 0.25761537 0.17625758 0.25615981 -0.01938562 0.01539915 0.18661225 -0.12801294 0.11783580 -0.00114154 0.16225190 0.16142242 -0.02856330 0.34390937 -0.19789432 -0.07386452 -0.09443852 0.23326785 -0.07275248 0.09082326 0.16909202 -0.07353198 -0.17262109 0.09831384 -0.17320451 0.02368401 -0.19044723 0.07010680 0.00148600 0.04381576 0.12558797 -0.16361227 -0.04437183 0.10773964 0.24418556 -0.01967845 0.19872242 0.18685059 0.25966713 0.05236335 0.25552981 -0.07512292 -0.08737539 0.31732319 0.12430187 0.25959594 -0.15079438 -0.06812038 0.03852029 -0.03655432 -0.15703952 -0.05694171 0.07302387 0.08182137 -0.00867375 0.07195793 -0.20593229 -0.09256697 0.12826864 -0.19636353 0.00982558 0.09404983
-0.03455394 -0.00639807 0.40152857 0.20143641 0.21276047 0.19150934 1.00000000 0.13745923 -0.01142042 0.06933870 0.28690458 0.15526481 0.19661176 0.13696050 -0.00007411 0.10340858 -0.08024227 0.10881139 -0.00658653 -0.13634163 0.21293139 0.18012650 0.14119537 -0.06203532 0.16403370 0.08932646 0.09364663 0.18973761 -0.15443099 0.02574329 0.03091188 0.07998436 -0.08746787 0.17364618 0.07782688 -0.01190082 -0.08794683 -0.04265345 -0.00645450 0.29344866 -0.05989328 0.01575251 -0.06180337 -0.05310702 -0.19472731 -0.16978186 0.13178449 0.07208059 -0.10830539 0.09184034 0.36068032 -0.24331618 -0.15205597 -0.20629285 -0.09687884 -0.02029066 0.05220842 0.18471145 0.16939503 0.08864974 -0.11498368 0.12578630 -0.11934262 0.01687204 -0.07712468 -0.13374991 -0.21672984 0.08990460 -0.03158642 0.01212462 -0.13668786 0.01989810 -0.03150420 -0.04924289 -0.07327166 -0.17701585 0.11383817 0.12562218
0.05802778 0.26622943 -0.00370097 0.03983140 0.12449289 0.30704964 0.13745923 1.00000000 0.13916231 0.14897311 0.09500953 0.21033210 0.29662316 0.20777400 -0.09921555 0.22265936 0.36918746 0.18154464 0.02200618 -0.02959904 0.15896769 0.11774990 0.20870185 0.06221765 -0.05897546 -0.00446808 -0.10165602 -0.20524880 0.23353781 0.20324309 0.12779563 -0.04564917 0.12366829 0.16882295 0.11185715 0.19718140 -0.00039262 -0.16460477 0.10899084 -0.04589316 -0.01369665 0.27208841 0.08042346 0.04616796 -0.03224767 -0.14039113 0.03229340 -0.10020751 0.12528681 0.03485968 0.13253272 0.13047929 0.11225311 0.23019310 0.04794511 0.13020156 0.08253957 -0.02863534 -0.04399531 0.11191891 -0.00101883 0.08216238 -0.07093777 0.07830408 0.01697053 -0.19124095 0.05434164 0.01300462 0.17556776 0.25135373 0.02552904 -0.04807615 -0.21937955 -0.08913892 -0.19592090 -0.03659396 -0.06977479 0.01782164
0.33162493 0.50545310 0.07730133 0.09702087 0.28074345 0.30665082 -0.01142042 0.13916231 1.00000000 0.21357757 0.06027996 0.14928524 0.38179930 -0.09034314 0.09817092 -0.27012651 -0.11966449 0.02414625 -0.10013295 -0.00547838 -0.07908916 -0.02081138 0.04830057 -0.17553296 -0.00547902 -0.19511872 0.17679799 0.28323877 0.14607908 0.19051028 0.01887829 -0.07898672 0.05977130 0.13266371 0.07942426 0.06786600 0.18789105 0.01075165 0.06797993 0.04621421 -0.08706539 -0.10356826 -0.23428930 0.04677224 0.05624961 -0.04555660 0.08862773 -0.14968396 0.05111817 -0.00695760 0.19546705 0.06916327 0.09437866 0.17042326 0.04227253 0.15447141 0.31570197 0.04787926 0.07437772 0.12756819 0.10787292 0.18490699 0.24358470 0.20723509 0.04041757 -0.10539653 -0.16924458 -0.33563782 0.04137704 0.02585587 -0.00888843 0.15158833 -0.25288475 -0.10308408 0.01506868 -0.03811519 0.07871766 -0.05767937
0.19557762 0.29329274 0.43933365 -0.14204313 0.29091011 -0.08913849 0.06933870 0.14897311 0.21357757 1.00000000 0.30052677 0.34181600 0.10980683 0.09485759 0.00327943 -0.14045162 0.07778065 -0.18246388 0.03841984 0.03114602 -0.14011998 0.09614749 -0.04266060 0.03162004 -0.14384072 -0.02193161 -0.05020282 0.14173536 0.13314414 -0.15551638 0.08192277 0.00332079 0.21576110 -0.15411137 -0.14078556 0.05347871 -0.19718263 -0.02190204 0.29419882 0.09178384 -0.01687228 -0.26546514 -0.23662186 0.20466899 0.08807817 -0.14239896 0.10703532 0.05615531 -0.02722743 -0.01353331 0.08857425 0.01734373 0.06683079 -0.12773745 -0.22061471 -0.05467198 -0.02002837 0.26450520 0.21914487 -0.28852864 -0.14812285 -0.16334332 -0.04860939 -0.03776047 -0.11099689 0.18743850 0.08713633 0.09079845 0.23873605 0.18641552 0.15794554 0.33463910 0.09015426 -0.04185793 0.01652828 0.12085985 0.10745241 -0.01299220
0.13381146 0.03388133 0.28920716 0.00340876 0.30011977 -0.06769470 0.28690458 0.09500953 0.06027996 0.30052677 1.00000000 0.14612242 -0.05423354 0.05785219 -0.05597425 -0.21445971 0.13731869 0.07434259 -0.02314424 0.05748996 0.02733809 0.19116389 0.21240308 -0.02580399 0.12699107 0.05146428 -0.09870352 0.29130523 -0.07967525 0.01034106 0.19764563 0.01066576 0.20507025 0.10532373 0.09680864 0.18639794 -0.11009571 0.12441363 0.15335781 -0.04012400 -0.05567781 -0.14669278 -0.10763980 -0.06365680 -0.04973168 -0.11062442 0.14856581 0.06675524 0.07117421 0.18071388 0.07009908 -0.13020341 -0.15648034 -0.14110638 -0.02470081 -0.06725367 -0.13707222 0.15177647 0.10086744 -0.13318418 0.10242994 -0.20110545 -0.25759211 -0.03037553 -0.12187474 0.03382085 -0.31036446 0.09254276 0.05434532 -0.02580058 -0.16161888 0.21980094 0.08227220 0.00462932 -0.17060061 -0.16470527 0.08345670 0.07970446
-0.01244702 0.25067174 0.25545532 -0.06813426 0.34867950 0.26686399 0.15526481 0.21033210 0.14928524 0.34181600 0.14612242 1.00000000 0.19948811 0.03367999 -0.06937801 -0.02722483 0.10527097 0.09812341 0.28893247 -0.02822525 -0.15589342 -0.05285463 0.08381089 0.00439454 0.13987564 -0.07403698 0.03273108 0.12271382 -0.02041154 0.05945193 -0.05177617 0.03412498 0.15471788 0.06638665 -0.11357125 -0.00330242 -0.21329856 -0.36082705 -0.06394966 -0.03599707 -0.13614646 -0.05638935 -0.16328799 0.16938995 -0.11974930 -0.04684795 0.14405381 0.11558870 -0.16191900 -0.05440493 0.15218161 -0.02302207 0.13657250 -0.09751102 0.05620426 -0.08092445 0.07936285 0.26646506 0.03141072 -0.01046433 -0.03092424 0.09971996 0.02150694 -0.11912936 -0.02741838 0.13014119 0.02400437 -0.05340783 0.23131080 0.23024631 -0.04630597 0.36082390 0.06316998 0.04396056 0.19068035 -0.01959073 0.29802378 0.06389090
0.27400205 0.28479336 0.08943023 0.30851480 -0.02632960 0.35535574 0.19661176 0.29662316 0.38179930 0.10980683 -0.05423354 0.19948811 1.00000000 -0.09750534 0.02472770 0.05255420 0.00157035 -0.11913158 0.06632632 0.04385733 -0.08976742 -0.07755976 0.01173273 0.01537728 -0.08503322 -0.24443933 0.12874848 0.00446712 -0.03468362 0.12398858 -0.10359095 -0.10859758 -0.17908969 0.11201338 -0.03228145 0.01932483 -0.10374789 -0.25341436 -0.05007667 0.16882006 -0.17128904 0.07166813 -0.03399403 0.09567791 -0.08374686 0.18651236 0.16773446 -0.05470233 0.07602928 0.04228163 0.13134136 0.11967991 0.17271855 -0.00606412 -0.01567944 -0.14552953 0.07822867 -0.08617081 0.20373989 0.04752341 -0.05250884 0.01189425 0.07709822 0.02354238 -0.04325874 0.07207894 0.08533467 0.04000173 -0.01073301 -0.01320623 0.15154048 0.09193845 -0.13626923 0.01971103 0.16757511 0.22053490 -0.02284201 0.13268529
-0.08009530 0.00553381 0.14997171 0.07620111 0.29639636 0.01053967 0.13696050 0.20777400 -0.09034314 0.09485759 0.05785219 0.03367999 -0.09750534 1.00000000 0.11098425 0.20882866 0.13205760 0.11743444 0.15163061 -0.00754370 0.40145804 0.02460846 0.16658739 0.19016204 0.09127920 0.32133822 -0.04722419 0.03343322 0.21305214 0.09145055 0.19241839 0.36160669 0.11822637 0.00380857 0.04909181 0.32966123 0.03418111 0.23282232 0.36553757 0.10516200 0.23892032 -0.07667190 0.05328132 0.24556493 -0.07092957 -0.27323282 0.11802992 0.07461770 -0.13679222 0.19700481 0.12443068 -0.16030667 -0.19875534 -0.02173121 -0.23757157 0.20780452 0.03254104 0.22074445 -0.07657266 -0.02128290 -0.23285220 -0.05315660 -0.02237817 -0.02828565 0.16179122 -0.01917577 0.12420147 0.09709336 0.17588585 0.24113693 -0.00427799 0.10160849 0.18813647 0.10494806 0.04120468 0.02491713 0.04974286 0.27228435
0.09647407 -0.01483302 0.16936734 -0.07295662 -0.01532111 0.03242786 -0.00007411 -0.09921555 0.09817092 0.00327943 -0.05597425 -0.06937801 0.02472770 0.11098425 1.00000000 0.01187514 -0.04104408 0.03913708 0.17524608 -0.02845839 0.28543447 0.22632036 -0.03157236 -0.02243706 0.30831200 0.17802929 -0.16131694 -0.05756353 -0.08981445 0.03004943 -0.11680174 -0.08760653 -0.10546071 -0.20038935 -0.11964825 0.13867308 -0.00455238 0.19413096 0.14050998 0.06288499 -0.04572444 -0.04178326 0.02185811 -0.06556595 -0.16336225 0.13770339 -0.19098457 -0.00652909 -0.02685814 -0.10904389 -0.02639060 -0.07601022 0.08760514 0.05976881 -0.06989396 -0.18204463 0.05284332 0.07513772 0.10987457 -0.04842312 -0.12359982 0.02994053 0.18580513 -0.00406764 -0.16431197 0.14362626 0.19792777 0.06667706 0.13248296 -0.03705435 0.02975869 0.12912299 -0.09244737 0.13284573 0.23289949 0.21530058 0.05770838 0.13454883
0.01284542 -0.17029600 -0.10433822 -0.09231846 -0.26767307 0.00798114 0.10340858 0.22265936 -0.27012651 -0.14045162 -0.21445971 -0.02722483 0.05255420 0.20882866 0.01187514 1.00000000 0.24170487 0.24621591 0.24743687 0.12656416 0.30545810 0.18988558 0.15023654 0.19463721 0.12081159 -0.00003715 0.09938114 -0.06095127 0.03358371 0.06930265 -0.06143198 0.08419485 -0.13937596 -0.01002295 0.16470135 0.07003881 -0.09073330 -0.15745666 -0.20444846 0.08347745 0.01667767 0.22083800 0.19051828 0.11420665 -0.21228579 -0.11399324 -0.09197131 0.02256295 0.03126640 0.21661136 0.04160332 0.10540913 -0.21976488 0.05639551 -0.06916693 0.11943442 0.01925059 0.03434598 -0.06874862 0.13815125 -0.08739375 0.15591470 -0.04771535 -0.14811705 0.17441325 -0.20116689 0.12497338 0.10722436 0.09966941 0.05664859 -0.09413761 -0.34355565 0.04671351 0.06140717 -0.07740558 0.02100738 -0.17577274 -0.01264044
-0.11412970 0.03815839 -0.07625148 -0.08553822 -0.00998857 0.00494130 -0.08024227 0.36918746 -0.11966449 0.07778065 0.13731869 0.10527097 0.00157035 0.13205760 -0.04104408 0.24170487 1.00000000 0.03962898 0.00210682 -0.04799933 0.09069046 0.10863505 0.27845424 0.25375705 0.02311780 0.06958307 -0.09027176 -0.16835634 0.11079008 0.18772342 0.07672120 0.03102111 0.17099630 0.15409834 0.03977004 0.01659071 -0.09558471 -0.01309706 -0.08455714 -0.10391964 -0.06179392 -0.03156190 -0.13193640 -0.02524935 -0.10919386 -0.18579477 0.09754963 -0.24166379 -0.02593471 0.01044989 -0.04814881 -0.02686181 0.08078221 -0.07261541 -0.01470047 -0.00550594 -0.14153800 0.06691568 -0.17884323 -0.06924998 -0.03890488 -0.00491414 -0.13847320 -0.07920368 -0.09829776 0.00934517 -0.02087566 0.07094598 0.15351397 0.02590112 -0.11773301 -0.00178952 -0.03539162 -0.18839118 -0.06834781 -0.08950573 -0.03882757 -0.17975480
0.12128974 -0.06899771 -0.06919999 0.10672235 -0.00538291 0.25761537 0.10881139 0.18154464 0.02414625 -0.18246388 0.07434259 0.09812341 -0.11913158 0.11743444 0.03913708 0.24621591 0.03962898 1.00000000 0.23599364 0.19153211 0.16860976 0.27685827 0.29403140 -0.13188916 0.29324885 0.18312545 -0.02331742 -0.04612352 0.11783512 0.00623155 -0.07886556 -0.12053460 -0.20229193 0.12492317 0.04468376 -0.01398674 0.12299465 -0.13821815 -0.21016934 -0.17622151 -0.12069553 0.02089550 0.17324233 0.08772436 -0.21794820 -0.10976629 -0.15881600 -0.10537078 -0.19948993 0.01968211 0.07588334 -0.20378514 -0.07260150 0.04843652 0.18310406 0.15743657 0.16440592 0.03557546 -0.10528512 0.18774711 0.12101266 0.23577617 0.02493901 0.02167723 -0.11234235 -0.25535164 -0.04879745 -0.04071975 0.08582960 0.18858776 -0.08969620 -0.10756737 -0.07882780 0.05643116 0.04678193 -0.08976448 0.10043228 -0.03343894
0.02402587 0.06128654 0.14144398 0.05664879 -0.03578999 0.17625758 -0.00658653 0.02200618 -0.10013295 0.03841984 -0.02314424 0.28893247 0.06632632 0.15163061 0.17524608 0.24743687 0.00210682 0.23599364 1.00000000 0.23672702 0.30074898 0.18611569 0.20421686 0.23433792 0.14068294 0.29931746 0.07734662 0.09590911 -0.10514083 0.08537579 -0.13432280 -0.06522297 0.03397795 -0.10610036 -0.13808608 0.06816713 -0.04611681 -0.04919524 0.08304421 0.08480327 -0.07627722 -0.06381364 -0.01165101 0.06471830 -0.13030128 0.05481837 -0.15573850 0.05596139 -0.26975871 0.14174412 0.04752724 -0.11354405 -0.04172114 0.02026464 -0.05636961 -0.09791060 0.12178650 -0.03518576 0.10821910 0.02199235 0.07851737 0.17768961 0.10003010 -0.11688120 0.19882287 0.05552582 0.07467095 0.15420048 0.29055344 0.11318886 -0.11174407 0.05406567 0.01582940 0.28916364 0.23274201 0.08453949 -0.02484009 0.06921290
0.37369429 -0.02053846 0.01018809 0.19160503 -0.17947635 0.25615981 -0.13634163 -0.02959904 -0.00547838 0.03114602 0.05748996 -0.02822525 0.04385733 -0.00754370 -0.02845839 0.12656416 -0.04799933 0.19153211 0.23672702 1.00000000 -0.00800880 -0.04013800 0.25547260 0.09497960 0.00816415 0.19674877 0.16156802 0.11995784 0.00552454 0.08685801 -0.06353858 0.04966074 -0.29638524 -0.04474477 -0.03421355 0.08067357 0.17299036 0.07665094 -0.01110011 -0.23616975 0.10811282 -0.17995799 0.10593152 0.01904581 0.06678712 0.02559097 0.00639800 -0.10787768 -0.01757059 0.13963797 -0.12111756 -0.07198777 -0.26703209 0.12609208 0.17385834 0.04918546 0.09975475 -0.04457073 0.17742138 0.17815036 0.15810606 0.14998791 -0.18165228 -0.02910735 0.00514023 -0.06463744 -0.08421672 0.05910923 -0.00046895 -0.07778718 0.20490862 -0.20038769 -0.04579334 0.24443259 -0.03608190 -0.01042599 -0.25084603 -0.04711951
-0.03255193 -0.04627669 0.08030232 0.03571910 0.13429378 -0.01938562 0.21293139 0.15896769 -0.07908916 -0.14011998 0.02733809 -0.15589342 -0.08976742 0.40145804 0.28543447 0.30545810 0.09069046 0.16860976 0.30074898 -0.00800880 1.00000000 0.29345152 0.17412388 0.21370894 0.36669647 0.49249116 -0.12732911 -0.09583745 -0.06623688 0.00353165 0.00964430 0.07474347 0.03061040 -0.09461343 0.05064581 -0.05933181 0.08100327 0.15609901 0.12746119 0.09334411 0.13008207 -0.07901805 -0.02731391 -0.16601610 -0.22820024 -0.19192978 -0.06226330 0.10715928 -0.17279303 -0.07715778 0.29936735 0.01161835 -0.06786524 0.14457041 -0.15199168 0.14264618 0.13730429 -0.01142978 -0.05635144 0.03601251 -0.14076520 -0.00945295 -0.02855868 0.30088272 0.05578686 -0.11827334 0.13878588 0.11878696 0.18717391 -0.12693160 -0.17234852 -0.10792083 -0.02139957 0.05549200 -0.03607926 0.13196439 0.02268351 0.14240233
0.05503313 -0.03788948 0.06188549 -0.04209456 0.04845881 0.01539915 0.18012650 0.11774990 -0.02081138 0.09614749 0.19116389 -0.05285463 -0.07755976 0.02460846 0.22632036 0.18988558 0.10863505 0.27685827 0.18611569 -0.04013800 0.29345152 1.00000000 0.19391197 0.04760975 0.44759536 0.28274155 -0.16417391 -0.03796171 -0.08830402 -0.06624038 -0.12739516 -0.17792669 -0.24504475 -0.14421453 -0.05323521 -0.09636286 -0.11920401 0.09792846 -0.11113448 0.09883055 -0.11574442 0.07241983 0.19670877 0.13112851 -0.08626797 0.07337684 -0.20682763 0.02241418 -0.00687352 -0.03149131 0.19869908 -0.06105315 -0.08173560 -0.05904345 -0.12831655 0.04187000 0.13044633 0.08010266 0.08873219 -0.02651592 0.05036375 0.03907565 -0.13908396 0.07387185 -0.08468504 -0.09614259 0.06265758 -0.03532615 0.18710736 0.03355280 -0.23311659 -0.12565700 0.03673000 0.13058319 -0.08638704 0.08186454 0.00144088 -0.19085294
-0.09012524 0.11213878 0.14562166 0.05197769 -0.02515385 0.18661225 0.14119537 0.20870185 0.04830057 -0.04266060 0.21240308 0.08381089 0.01173273 0.16658739 -0.03157236 0.15023654 0.27845424 0.29403140 0.20421686 0.25547260 0.17412388 0.19391197 1.00000000 -0.04098658 0.17046984 0.30888981 0.01715589 0.07705855 -0.07788150 0.18685395 0.05919482 0.00034242 -0.05047174 0.18339485 0.02380408 -0.16403140 0.03135369 0.00842927 0.06461369 0.04626933 0.23766617 -0.09706173 0.05008650 0.07221414 -0.03184997 -0.14674145 0.14136420 -0.17461831 -0.02306677 0.18184302 -0.04285631 -0.10616005 0.05762754 -0.11936922 0.03665276 0.17298593 0.14235463 0.19042358 0.05352929 0.09646059 0.00423134 0.09443184 0.01364378 0.04780761 0.00420406 -0.18200552 -0.15834327 -0.04729541 0.12966352 0.13166874 -0.22220067 0.15339857 -0.01751699 -0.15197672 -0.14780049 -0.19349970 -0.06121989 -0.01562396
0.03247377 -0.10223872 -0.13921779 -0.17878531 0.00009344 -0.12801294 -0.06203532 0.06221765 -0.17553296 0.03162004 -0.02580399 0.00439454 0.01537728 0.19016204 -0.02243706 0.19463721 0.25375705 -0.13188916 0.23433792 0.09497960 0.21370894 0.04760975 -0.04098658 1.00000000 0.09954390 0.27512850 -0.12986948 -0.24980386 -0.05917704 -0.00622373 0.04051544 -0.02322878 -0.00388785 -0.16890851 -0.15032335 -0.02345382 -0.15047953 0.00738073 -0.09835003 0.02355278 0.02934706 0.14567275 0.02684856 -0.04970006 -0.02817680 0.07356970 -0.00080259 0.02864206 -0.07457828 0.09558766 0.03406446 0.14074882 -0.15697933 0.14627673 -0.09806710 -0.16812063 0.00498315 -0.01773986 0.10472337 0.03982520 -0.08545841 -0.03451295 -0.07707387 0.02086885 0.06395979 -0.02615625 0.06295836 0.22365668 0.05674547 -0.22010110 0.04855520 -0.09096089 -0.10436482 0.05831199 -0.02776094 0.12234825 -0.18404351 -0.11490743
0.05121916 -0.15197938 0.09128317 -0.03522974 0.13312861 0.11783580 0.16403370 -0.05897546 -0.00547902 -0.14384072 0.12699107 0.13987564 -0.08503322 0.09127920 0.30831200 0.12081159 0.02311780 0.29324885 0.14068294 0.00816415 0.36669647 0.44759536 0.17046984 0.09954390 1.00000000 0.30841057 -0.05055787 -0.07824172 -0.25897500 0.09206099 -0.21978000 -0.13505632 -0.28070955 -0.10389131 -0.09735169 -0.01171312 0.00940193 0.08547932 -0.11036354 0.05759540 -0.12903824 -0.08772662 0.10493951 -0.02716898 -0.26655285 0.04060716 -0.02128966 0.16378039 -0.20551481 -0.05253258 0.24177867 -0.06327339 0.09882375 0.15272914 0.09185578 0.15259400 0.17349558 0.18592802 0.14907085 0.21187654 0.11168400 0.18391974 -0.04004212 0.11894466 -0.13480959 -0.15764406 0.03747003 0.09623787 0.01937479 -0.07252782 -0.26828467 0.02858859 0.05091741 0.08792153 -0.02368743 0.03461353 0.06268619 0.02766983
-0.02389541 -0.07488988 0.03635230 -0.04606198 0.06276448 -0.00114154 0.08932646 -0.00446808 -0.19511872 -0.02193161 0.05146428 -0.07403698 -0.24443933 0.32133822 0.17802929 -0.00003715 0.06958307 0.18312545 0.29931746 0.19674877 0.49249116 0.28274155 0.30888981 0.27512850 0.30841057 1.00000000 0.03520507 -0.08687235 -0.10537982 0.08348739 -0.10244630 0.15848639 -0.09121746 -0.00873610 -0.06904094 -0.20972788 -0.10806539 0.17759268 0.07537152 0.10841424 0.40588810 -0.22514731 0.02797266 -0.02532208 0.04862327 -0.04556587 0.05193067 0.07543742 -0.16454073 0.01674063 0.18057352 -0.05022452 -0.01322764 0.07564168 -0.06732574 0.09478193 0.08969662 0.09096116 0.07948865 0.15882513 0.01262270 0.07379226 0.07235854 0.27301748 0.09676932 -0.05080383 0.08682424 0.16142653 0.28364479 -0.03460368 0.05550772 -0.01607642 0.05776619 0.11180211 -0.02833899 0.16583876 0.02135535 -0.11956725
0.15187653 0.00532132 0.04300647 0.20662975 -0.17168175 0.16225190 0.09364663 -0.10165602 0.17679799 -0.05020282 -0.09870352 0.03273108 0.12874848 -0.04722419 -0.16131694 0.09938114 -0.09027176 -0.02331742 0.07734662 0.16156802 -0.12732911 -0.16417391 0.01715589 -0.12986948 -0.05055787 0.03520507 1.00000000 0.43568590 -0.15650920 0.29999679 -0.07255341 0.13076422 -0.12198618 0.20621519 0.35687638 0.08768234 0.22290238 0.08205407 0.12692679 0.06902324 -0.04014254 -0.16004361 0.02460907 -0.01495572 -0.19223496 0.12745066 -0.00586646 -0.06595863 0.03694104 0.22955200 0.06944822 -0.14670630 -0.03685847 0.00421324 0.01030646 -0.05631391 0.08834505 0.00379358 0.19759566 0.21496451 0.12386520 0.30582157 0.10380800 -0.17791452 0.25053636 -0.27039347 -0.21734082 -0.07385703 -0.08961733 -0.14414577 -0.14429664 -0.14653029 -0.14067811 -0.01181498 0.11655707 -0.07775551 -0.12279535 -0.14937213
0.11226034 0.12776434 0.27632611 -0.00815691 0.17288450 0.16142242 0.18973761 -0.20524880 0.28323877 0.14173536 0.29130523 0.12271382 0.00446712 0.03343322 -0.05756353 -0.06095127 -0.16835634 -0.04612352 0.09590911 0.11995784 -0.09583745 -0.03796171 0.07705855 -0.24980386 -0.07824172 -0.08687235 0.43568590 1.00000000 0.01580075 0.18441882 0.11699506 0.29029296 0.16177685 0.08703883 0.34812908 0.14687786 0.15690721 0.28726670 0.16315972 0.06110553 -0.06461583 -0.20977803 -0.23657777 0.08597104 0.01489848 -0.15129678 0.03170588 0.01561693 0.10965814 0.28242029 0.06362922 -0.27856701 -0.17529971 -0.02333099 -0.05107989 -0.09345036 0.06031559 0.13957749 0.12468211 -0.06495369 0.09243873 0.10339037 -0.04688671 -0.11676409 0.04988517 0.07090346 -0.18002095 0.04819640 0.05586469 0.02020984 0.02249460 0.19989905 0.09363774 0.11661372 0.07413951 -0.08258088 0.17996367 0.11746952
0.03923110 0.28224871 -0.17806721 -0.02966091 0.20511132 -0.02856330 -0.15443099 0.23353781 0.14607908 0.13314414 -0.07967525 -0.02041154 -0.03468362 0.21305214 -0.08981445 0.03358371 0.11079008 0.11783512 -0.10514083 0.00552454 -0.06623688 -0.08830402 -0.07788150 -0.05917704 -0.25897500 -0.10537982 -0.15650920 0.01580075 1.00000000 0.03375322 0.30967619 0.14500146 0.27369850 0.14940448 0.06924755 0.17370115 0.04396596 0.10579712 0.20437207 -0.18171408 0.09693598 0.03645189 -0.06266060 0.20373641 0.00364363 -0.19187481 0.02479387 -0.15911283 0.03191081 -0.10347778 -0.11402896 0.00915410 -0.11456818 0.08162224 -0.23942550 0.14758475 -0.16556935 0.04898130 -0.30392646 -0.03514035 -0.26230888 -0.00921197 0.13603408 -0.06094446 -0.02903128 -0.07845869 0.07742205 -0.12446359 0.07953469 0.16257563 0.11199910 -0.03737394 -0.02957898 -0.17517436 -0.09346600 -0.05516006 0.12032887 0.01869388
-0.05425033 0.10587246 -0.07502448 0.15885500 -0.04172963 0.34390937 0.02574329 0.20324309 0.19051028 -0.15551638 0.01034106 0.05945193 0.12398858 0.09145055 0.03004943 0.06930265 0.18772342 0.00623155 0.08537579 0.08685801 0.00353165 -0.06624038 0.18685395 -0.00622373 0.09206099 0.08348739 0.29999679 0.18441882 0.03375322 1.00000000 0.14775609 0.15255481 0.06627829 0.46503397 0.21279618 0.19250870 0.03426642 0.18587721 0.02590204 -0.11210439 -0.07038065 -0.02086052 -0.22812371 -0.18806390 -0.14019289 -0.02764454 0.01037082 -0.30943278 0.09995366 0.23235837 0.15907088 -0.08563109 0.10248003 0.28858588 0.19359094 -0.14081772 0.12076811 -0.10888088 0.02024453 0.30020064 0.21925854 0.24694500 -0.14774860 -0.20171633 0.21792758 -0.07678547 -0.09790760 0.04506099 0.03824910 -0.11318891 -0.12437371 0.05882614 -0.14315683 -0.11175651 0.00738086 -0.26724145 -0.12318890 -0.01481598
-0.12045376 0.02963360 -0.03537666 0.06669948 0.20941553 -0.19789432 0.03091188 0.12779563 0.01887829 0.08192277 0.19764563 -0.05177617 -0.10359095 0.19241839 -0.11680174 -0.06143198 0.07672120 -0.07886556 -0.13432280 -0.06353858 0.00964430 -0.12739516 0.05919482 0.04051544 -0.21978000 -0.10244630 -0.07255341 0.11699506 0.30967619 0.14775609 1.00000000 0.27956541 0.28837388 0.22187652 0.17610707 0.15998137 -0.02744033 0.25102802 0.21859230 -0.17372543 0.00516520 -0.06364683 -0.04170406 -0.00759637 -0.09550580 -0.21161617 0.00671017 0.00000000 0.03874273 0.02340290 0.05278179 -0.13715649 -0.12287755 0.05060393 -0.06780437 -0.06507611 -0.06518969 0.09201019 -0.07044730 -0.05783916 0.03341555 0.05094706 -0.00476421 0.07317274 0.23885537 -0.04725210 -0.04563572 -0.09076066 -0.05136120 0.05510908 -0.11839432 -0.06831918 0.07661838 -0.13474020 0.07632586 -0.14052927 -0.09755541 0.06380393
-0.05997461 -0.02257388 0.04276532 0.09334280 0.17595053 -0.07386452 0.07998436 -0.04564917 -0.07898672 0.00332079 0.01066576 0.03412498 -0.10859758 0.36160669 -0.08760653 0.08419485 0.03102111 -0.12053460 -0.06522297 0.04966074 0.07474347 -0.17792669 0.00034242 -0.02322878 -0.13505632 0.15848639 0.13076422 0.29029296 0.14500146 0.15255481 0.27956541 1.00000000 0.23685867 0.23610234 0.45540688 0.26086643 0.03683430 0.29225209 0.27048113 -0.05321467 0.26597118 -0.25495577 -0.03487379 0.20570572 -0.01844779 -0.26132073 0.18264358 -0.05261597 0.17949522 0.09443586 0.07092704 -0.20541631 -0.13172351 -0.01891283 -0.14515239 0.20753209 -0.17474714 0.09753141 -0.04784733 -0.05193935 0.00880899 0.00215997 -0.15296549 -0.01394155 0.19066645 0.08162267 0.04303546 0.08389171 0.03032026 -0.01823143 0.00350481 0.04670984 0.13577940 -0.04518849 0.03583488 -0.18166901 -0.09288679 -0.05183978
-0.10979394 0.25830327 0.06488109 -0.11480260 0.17577780 -0.09443852 -0.08746787 0.12366829 0.05977130 0.21576110 0.20507025 0.15471788 -0.17908969 0.11822637 -0.10546071 -0.13937596 0.17099630 -0.20229193 0.03397795 -0.29638524 0.03061040 -0.24504475 -0.05047174 -0.00388785 -0.28070955 -0.09121746 -0.12198618 0.16177685 0.27369850 0.06627829 0.28837388 0.23685867 1.00000000 0.25626064 0.15546556 0.13792371 0.09346869 0.08894830 0.33979099 -0.09525814 0.08808458 -0.16115875 -0.41600771 -0.08297455 0.15828499 -0.26350640 0.12941122 0.10385897 0.12608380 -0.08913523 -0.15282333 0.03154639 0.15139030 -0.04456669 -0.23156549 0.04860268 -0.08982692 0.11500978 -0.30176808 -0.35327288 -0.18494875 -0.14598683 -0.01529645 -0.07870007 0.12083561 0.22758435 -0.07113144 -0.00657218 0.20601585 0.08539430 -0.11105777 0.34639942 0.03602633 -0.30929135 0.08650252 -0.15550900 0.25086231 0.06640859
0.01530198 0.12598535 -0.02804798 0.15875115 0.01380665 0.23326785 0.17364618 0.16882295 0.13266371 -0.15411137 0.10532373 0.06638665 0.11201338 0.00380857 -0.20038935 -0.01002295 0.15409834 0.12492317 -0.10610036 -0.04474477 -0.09461343 -0.14421453 0.18339485 -0.16890851 -0.10389131 -0.00873610 0.20621519 0.08703883 0.14940448 0.46503397 0.22187652 0.23610234 0.25626064 1.00000000 0.20523952 -0.06197139 -0.02703843 0.03708956 0.04190142 -0.10051883 0.05984613 -0.07830980 -0.17653046 -0.04181068 0.08442293 -0.10744356 0.10960580 -0.13359424 0.22709520 0.20256887 -0.00946390 -0.00622362 0.06247563 0.08607607 0.13197273 0.01945422 -0.00882583 0.02454399 -0.12100426 0.15964770 0.10745605 0.17103554 0.06562385 -0.06919005 0.18713882 -0.14726717 -0.24890379 -0.06424916 0.06520819 -0.01247519 -0.15597244 0.12244699 -0.09328298 -0.24887636 -0.00203282 -0.21547721 0.05038008 -0.09004902
-0.02136461 0.01796641 0.00864462 0.16499719 0.02164727 -0.07275248 0.07782688 0.11185715 0.07942426 -0.14078556 0.09680864 -0.11357125 -0.03228145 0.04909181 -0.11964825 0.16470135 0.03977004 0.04468376 -0.13808608 -0.03421355 0.05064581 -0.05323521 0.02380408 -0.15032335 -0.09735169 -0.06904094 0.35687638 0.34812908 0.06924755 0.21279618 0.17610707 0.45540688 0.15546556 0.20523952 1.00000000 0.21046946 0.13168866 0.28244231 0.11790035 -0.13504209 0.16335002 -0.11214225 0.07251342 -0.00461110 -0.23756483 -0.27684422 -0.00152117 -0.17490722 0.21441072 0.09194652 -0.09962926 -0.10322589 -0.02982524 0.14901452 0.00376885 0.18706249 0.06128909 0.07334645 -0.04657021 0.06392394 0.15526567 0.12470296 -0.14789247 -0.10668699 0.13449837 -0.19519907 -0.08817605 -0.08463564 0.05596295 -0.00143307 -0.13055871 -0.11602543 -0.10820213 0.04696781 -0.07746249 -0.10086184 -0.10787415 -0.06743200
0.19349220 -0.07580206 0.16782576 0.22098582 0.15620423 0.09082326 -0.01190082 0.19718140 0.06786600 0.05347871 0.18639794 -0.00330242 0.01932483 0.32966123 0.13867308 0.07003881 0.01659071 -0.01398674 0.06816713 0.08067357 -0.05933181 -0.09636286 -0.16403140 -0.02345382 -0.01171312 -0.20972788 0.08768234 0.14687786 0.17370115 0.19250870 0.15998137 0.26086643 0.13792371 -0.06197139 0.21046946 1.00000000 0.28533283 0.28660099 0.34267911 0.09778396 -0.05144115 -0.01611299 0.09967652 0.01128037 -0.21951786 -0.05126755 -0.09124253 -0.15282513 -0.03328692 0.18596169 0.04740758 -0.20394296 -0.12656712 0.22868518 0.02936714 0.04129330 0.04847509 0.05935335 -0.04009194 -0.04974935 -0.06939753 0.04876133 -0.23105867 -0.22656858 0.12246543 -0.12498803 -0.02387085 0.04461890 -0.05191282 0.12229603 -0.14689038 -0.06161228 -0.16031830 0.09378253 0.08328355 -0.20379164 -0.13141444 0.17154687
0.11680869 -0.09230047 -0.04647599 0.20484112 0.00945645 0.16909202 -0.08794683 -0.00039262 0.18789105 -0.19718263 -0.11009571 -0.21329856 -0.10374789 0.03418111 -0.00455238 -0.09073330 -0.09558471 0.12299465 -0.04611681 0.17299036 0.08100327 -0.11920401 0.03135369 -0.15047953 0.00940193 -0.10806539 0.22290238 0.15690721 0.04396596 0.03426642 -0.02744033 0.03683430 0.09346869 -0.02703843 0.13168866 0.28533283 1.00000000 0.32564876 0.25082830 -0.01205002 0.02662432 -0.05506038 0.17297235 -0.06474391 -0.02810225 0.02353125 -0.19474661 -0.09955581 -0.06158426 -0.05460493 -0.09969189 -0.25157439 -0.05055442 0.12418364 0.16297119 0.21715638 0.08479924 -0.14488197 -0.05820449 -0.04889614 0.00441094 0.09828792 -0.06305876 -0.07735451 0.02452075 -0.07161799 -0.07693745 -0.14106916 -0.12909143 -0.07113446 -0.17527511 -0.09426193 -0.27670370 -0.09172224 0.08184007 -0.20613783 -0.03967912 0.03746383
0.00167590 -0.05995055 0.14007139 0.13143224 0.20042702 -0.07353198 -0.04265345 -0.16460477 0.01075165 -0.02190204 0.12441363 -0.36082705 -0.25341436 0.23282232 0.19413096 -0.15745666 -0.01309706 -0.13821815 -0.04919524 0.07665094 0.15609901 0.09792846 0.00842927 0.00738073 0.08547932 0.17759268 0.08205407 0.28726670 0.10579712 0.18587721 0.25102802 0.29225209 0.08894830 0.03708956 0.28244231 0.28660099 0.32564876 1.00000000 0.41072694 0.11118489 0.18296886 -0.28090357 0.02945868 -0.04188476 -0.02660362 -0.13673499 -0.16687911 -0.07590278 -0.03245525 0.11157295 0.04646198 -0.28140985 -0.14039861 0.11755946 -0.00527623 0.03714270 0.02268416 0.00698190 -0.04831102 -0.06540500 0.02829588 -0.06977635 -0.11709429 -0.03151030 -0.01710072 0.08402689 -0.03248701 0.11685813 0.07019873 -0.03175073 -0.12865364 0.15464068 0.03234601 0.04757968 0.10386934 -0.04439173 -0.03952032 -0.02835306
0.04427773 0.11514703 0.19479122 0.13237141 0.22101931 -0.17262109 -0.00645450 0.10899084 0.06797993 0.29419882 0.15335781 -0.06394966 -0.05007667 0.36553757 0.14050998 -0.20444846 -0.08455714 -0.21016934 0.08304421 -0.01110011 0.12746119 -0.11113448 0.06461369 -0.09835003 -0.11036354 0.07537152 0.12692679 0.16315972 0.20437207 0.02590204 0.21859230 0.27048113 0.33979099 0.04190142 0.11790035 0.34267911 0.25082830 0.41072694 1.00000000 0.12486050 0.22621226 -0.23838318 0.01977961 0.12274680 0.04407203 -0.16394532 0.04193648 0.02663505 0.05964124 0.05612124 -0.00945475 -0.13514879 -0.04675428 -0.07973558 -0.24294105 0.14120397 -0.08216005 0.23866878 0.12072127 -0.24455674 -0.28764388 -0.04636008 0.11810291 -0.01158993 0.10109916 0.00205733 -0.01520283 0.12680464 0.15539199 0.14134016 -0.11178500 0.13509290 -0.00943678 -0.04175074 0.13268883 -0.03126835 -0.00480937 0.05134925
0.10447374 -0.06261679 0.18688883 -0.04353448 0.24923344 0.09831384 0.29344866 -0.04589316 0.04621421 0.09178384 -0.04012400 -0.03599707 0.16882006 0.10516200 0.06288499 0.08347745 -0.10391964 -0.17622151 0.08480327 -0.23616975 0.09334411 0.09883055 0.04626933 0.02355278 0.05759540 0.10841424 0.06902324 0.06110553 -0.18171408 -0.11210439 -0.17372543 -0.05321467 -0.09525814 -0.10051883 -0.13504209 0.09778396 -0.01205002 0.11118489 0.12486050 1.00000000 0.17000726 0.23010573 0.00330561 0.20459771 0.11263330 0.05584790 0.21672273 0.16765330 -0.08417129 0.30163258 0.30785929 0.04510873 -0.06146774 -0.24719918 -0.27271999 0.02974492 0.22290283 0.08251603 0.03323281 -0.08530571 -0.26170448 0.10753869 0.16289659 -0.10426124 0.02743745 0.01603677 -0.10694391 0.13970462 0.16535176 0.04411020 -0.06471112 0.12138526 -0.08103402 0.05036532 0.20163846 0.05381743 0.28731908 0.12528917
-0.04730876 -0.08230095 -0.09195620 -0.11353703 -0.00400149 -0.17320451 -0.05989328 -0.01369665 -0.08706539 -0.01687228 -0.05567781 -0.13614646 -0.17128904 0.23892032 -0.04572444 0.01667767 -0.06179392 -0.12069553 -0.07627722 0.10811282 0.13008207 -0.11574442 0.23766617 0.02934706 -0.12903824 0.40588810 -0.04014254 -0.06461583 0.09693598 -0.07038065 0.00516520 0.26597118 0.08808458 0.05984613 0.16335002 -0.05144115 0.02662432 0.18296886 0.22621226 0.17000726 1.00000000 -0.05122241 0.33076803 0.25736633 0.28561223 -0.16677492 0.35923231 0.16217899 0.20987473 0.29504906 -0.02704540 0.21672900 -0.04127583 -0.03367237 -0.06567730 0.18387161 0.06654800 0.16620389 -0.04524827 0.11695291 -0.07421514 -0.04978248 0.13056128 0.14415110 0.12764748 -0.04013881 -0.00055001 0.02861490 0.18508119 0.03349877 0.09169041 0.00919879 0.07102077 0.02532898 -0.21857001 -0.03217247 -0.08544158 -0.06075941
0.01506944 -0.05073579 -0.27315817 -0.19476154 -0.03236354 0.02368401 0.01575251 0.27208841 -0.10356826 -0.26546514 -0.14669278 -0.05638935 0.07166813 -0.07667190 -0.04178326 0.22083800 -0.03156190 0.02089550 -0.06381364 -0.17995799 -0.07901805 0.07241983 -0.09706173 0.14567275 -0.08772662 -0.22514731 -0.16004361 -0.20977803 0.03645189 -0.02086052 -0.06364683 -0.25495577 -0.16115875 -0.07830980 -0.11214225 -0.01611299 -0.05506038 -0.28090357 -0.23838318 0.23010573 -0.05122241 1.00000000 0.23458024 0.09023599 0.16016509 0.23184395 0.14109011 0.06278750 0.26735848 0.20868486 0.13631043 0.31602666 -0.15289834 -0.01233874 -0.07519035 -0.08840272 -0.02345743 -0.13615752 -0.00711773 0.09225654 -0.08966480 0.09546963 0.07930885 -0.12988137 -0.01410657 -0.07238579 -0.09180950 0.13039119 -0.05892625 -0.07933120 0.07733554 -0.16039728 -0.10545110 0.00686259 -0.08788748 -0.00398483 0.04336612 0.09326555
-0.04419661 -0.39395769 -0.24454580 0.01297126 -0.18672623 -0.19044723 -0.06180337 0.08042346 -0.23428930 -0.23662186 -0.10763980 -0.16328799 -0.03399403 0.05328132 0.02185811 0.19051828 -0.13193640 0.17324233 -0.01165101 0.10593152 -0.02731391 0.19670877 0.05008650 0.02684856 0.10493951 0.02797266 0.02460907 -0.23657777 -0.06266060 -0.22812371 -0.04170406 -0.03487379 -0.41600771 -0.17653046 0.07251342 0.09967652 0.17297235 0.02945868 0.01977961 0.00330561 0.33076803 0.23458024 1.00000000 0.33492425 -0.02220627 0.26510676 -0.08746992 0.20205418 0.10957513 0.11241938 -0.07987425 0.14212361 -0.19849341 -0.04321392 0.10466089 0.08131976 0.07363619 -0.01614948 0.17551005 0.13315504 0.13583615 -0.07958648 0.07943801 0.06040743 0.09043442 -0.25012792 0.14444341 0.07842828 -0.07613783 0.07482314 -0.09325599 -0.29588479 0.07513631 0.21760657 -0.10131535 0.08703649 -0.28064645 0.08517794
-0.03900501 0.03706435 0.00068538 0.02783286 0.16572887 0.07010680 -0.05310702 0.04616796 0.04677224 0.20466899 -0.06365680 0.16938995 0.09567791 0.24556493 -0.06556595 0.11420665 -0.02524935 0.08772436 0.06471830 0.01904581 -0.16601610 0.13112851 0.07221414 -0.04970006 -0.02716898 -0.02532208 -0.01495572 0.08597104 0.20373641 -0.18806390 -0.00759637 0.20570572 -0.08297455 -0.04181068 -0.00461110 0.01128037 -0.06474391 -0.04188476 0.12274680 0.20459771 0.25736633 0.09023599 0.33492425 1.00000000 0.14357387 0.06081607 0.27099906 0.17400302 0.22081497 0.28228029 0.06270128 0.06084604 -0.00212966 -0.14443905 -0.16718755 0.21257451 0.00304495 0.18455570 0.04317494 0.07179994 -0.05524263 0.02341462 0.17964245 -0.09438739 0.18607139 -0.02111451 0.03547546 0.19674782 0.11476091 0.40603202 0.11081237 0.08119514 0.24956620 0.19628542 0.16280299 0.07126583 0.15628397 0.22063940
0.02941289 0.09113306 -0.05015715 -0.18061031 -0.08918759 0.00148600 -0.19472731 -0.03224767 0.05624961 0.08807817 -0.04973168 -0.11974930 -0.08374686 -0.07092957 -0.16336225 -0.21228579 -0.10919386 -0.21794820 -0.13030128 0.06678712 -0.22820024 -0.08626797 -0.03184997 -0.02817680 -0.26655285 0.04862327 -0.19223496 0.01489848 0.00364363 -0.14019289 -0.09550580 -0.01844779 0.15828499 0.08442293 -0.23756483 -0.21951786 -0.02810225 -0.02660362 0.04407203 0.11263330 0.28561223 0.16016509 -0.02220627 0.14357387 1.00000000 0.08895950 0.32437287 0.10073734 0.27705513 0.17067626 -0.03801017 0.23213871 0.03601673 -0.04997807 0.01447640 0.08976396 0.02804788 -0.02806034 -0.02305990 -0.06996364 0.03802726 -0.11443437 0.05517967 0.15475235 0.09690677 0.22227149 -0.20896352 0.05327998 0.06221053 0.00946995 0.21214680 0.06392273 0.08360549 -0.16081642 -0.12071013 -0.06322683 -0.03153692 -0.03719571
-0.00901232 -0.21825185 -0.27262947 -0.01353514 -0.12051625 0.04381576 -0.16978186 -0.14039113 -0.04555660 -0.14239896 -0.11062442 -0.04684795 0.18651236 -0.27323282 0.13770339 -0.11399324 -0.18579477 -0.10976629 0.05481837 0.02559097 -0.19192978 0.07337684 -0.14674145 0.07356970 0.04060716 -0.04556587 0.12745066 -0.15129678 -0.19187481 -0.02764454 -0.21161617 -0.26132073 -0.26350640 -0.10744356 -0.27684422 -0.05126755 0.02353125 -0.13673499 -0.16394532 0.05584790 -0.16677492 0.23184395 0.26510676 0.06081607 0.08895950 1.00000000 -0.11319618 0.19529003 0.01147588 0.05441978 -0.13255257 0.20630106 0.06633420 0.08479483 0.08791561 -0.28839117 -0.02606993 -0.09517684 0.19962856 0.15540043 -0.02516246 -0.11281381 0.14887140 -0.04914244 0.13426632 0.08468647 0.09520825 0.11663226 -0.19418552 -0.22373465 0.01932047 -0.00409394 -0.03638630 0.02082164 0.08560122 0.13699976 -0.08931636 0.03101179
0.03938686 0.06174601 0.06107616 -0.03797258 0.18635479 0.12558797 0.13178449 0.03229340 0.08862773 0.10703532 0.14856581 0.14405381 0.16773446 0.11802992 -0.19098457 -0.09197131 0.09754963 -0.15881600 -0.15573850 0.00639800 -0.06226330 -0.20682763 0.14136420 -0.00080259 -0.02128966 0.05193067 -0.00586646 0.03170588 0.02479387 0.01037082 0.00671017 0.18264358 0.12941122 0.10960580 -0.00152117 -0.09124253 -0.19474661 -0.16687911 0.04193648 0.21672273 0.35923231 0.14109011 -0.08746992 0.27099906 0.32437287 -0.11319618 1.00000000 0.06045587 0.17291128 0.20285305 0.29289143 0.19054248 0.07358840 -0.14872908 -0.09410534 0.10002312 0.07855851 0.07674264 -0.02832577 0.11166314 -0.08490119 -0.00445426 -0.04056821 0.11386608 0.00117407 0.04187301 -0.26634830 0.06335648 0.00057422 -0.10447191 0.01805620 0.17158267 0.04280065 -0.28744606 -0.03759687 -0.23261310 0.04793658 0.02785565
0.09507312 -0.13909136 0.05119125 -0.15401069 0.14780974 -0.16361227 0.07208059 -0.10020751 -0.14968396 0.05615531 0.06675524 0.11558870 -0.05470233 0.07461770 -0.00652909 0.02256295 -0.24166379 -0.10537078 0.05596139 -0.10787768 0.10715928 0.02241418 -0.17461831 0.02864206 0.16378039 0.07543742 -0.06595863 0.01561693 -0.15911283 -0.30943278 0.00000000 -0.05261597 0.10385897 -0.13359424 -0.17490722 -0.15282513 -0.09955581 -0.07590278 0.02663505 0.16765330 0.16217899 0.06278750 0.20205418 0.17400302 0.10073734 0.19529003 0.06045587 1.00000000 0.12298348 0.16047770 -0.05787565 0.24057815 -0.02855021 -0.15667136 -0.26791045 -0.09659392 0.00234602 0.09201591 0.02704693 -0.21698123 -0.02955382 -0.15454060 0.13635348 -0.03458570 0.05444019 0.11711259 0.17815070 0.17445660 0.15466277 0.04080668 -0.00946212 0.02777253 0.36578042 0.18586816 0.01654456 0.16734414 0.17179215 0.23461523
0.11912563 -0.01693208 -0.18337958 -0.25409911 -0.28814589 -0.04437183 -0.10830539 0.12528681 0.05111817 -0.02722743 0.07117421 -0.16191900 0.07602928 -0.13679222 -0.02685814 0.03126640 -0.02593471 -0.19948993 -0.26975871 -0.01757059 -0.17279303 -0.00687352 -0.02306677 -0.07457828 -0.20551481 -0.16454073 0.03694104 0.10965814 0.03191081 0.09995366 0.03874273 0.17949522 0.12608380 0.22709520 0.21441072 -0.03328692 -0.06158426 -0.03245525 0.05964124 -0.08417129 0.20987473 0.26735848 0.10957513 0.22081497 0.27705513 0.01147588 0.17291128 0.12298348 1.00000000 0.26713732 -0.16074359 0.23203932 0.04845507 0.08449065 -0.13769925 -0.05074018 -0.20772467 -0.11644859 0.11307989 -0.02585257 0.16450802 -0.14912864 0.05334180 -0.08703561 0.01877952 -0.06741856 -0.11767166 0.02829313 -0.08848568 -0.15176549 0.18134920 -0.04594848 -0.12446363 0.00598007 -0.21961773 0.01893942 -0.09207564 -0.06802313
0.24828047 -0.14108108 0.07790173 -0.08663195 -0.03703091 0.10773964 0.09184034 0.03485968 -0.00695760 -0.01353331 0.18071388 -0.05440493 0.04228163 0.19700481 -0.10904389 0.21661136 0.01044989 0.01968211 0.14174412 0.13963797 -0.07715778 -0.03149131 0.18184302 0.09558766 -0.05253258 0.01674063 0.22955200 0.28242029 -0.10347778 0.23235837 0.02340290 0.09443586 -0.08913523 0.20256887 0.09194652 0.18596169 -0.05460493 0.11157295 0.05612124 0.30163258 0.29504906 0.20868486 0.11241938 0.28228029 0.17067626 0.05441978 0.20285305 0.16047770 0.26713732 1.00000000 0.14955986 -0.09000389 -0.21583958 0.02359687 -0.09868598 -0.01425487 0.16455840 0.02804750 0.04912083 0.17443824 0.08855440 0.11458076 -0.09264836 -0.21948346 0.21449748 -0.11781776 -0.28338837 0.13927660 0.07783032 0.02911083 0.02839229 -0.00555880 -0.01527249 0.18783749 -0.08368348 -0.26305610 -0.15715353 0.07694050
0.02291508 0.06327237 0.16196658 0.11535409 0.36374583 0.24418556 0.36068032 0.13253272 0.19546705 0.08857425 0.07009908 0.15218161 0.13134136 0.12443068 -0.02639060 0.04160332 -0.04814881 0.07588334 0.04752724 -0.12111756 0.29936735 0.19869908 -0.04285631 0.03406446 0.24177867 0.18057352 0.06944822 0.06362922 -0.11402896 0.15907088 0.05278179 0.07092704 -0.15282333 -0.00946390 -0.09962926 0.04740758 -0.09969189 0.04646198 -0.00945475 0.30785929 -0.02704540 0.13631043 -0.07987425 0.06270128 -0.03801017 -0.13255257 0.29289143 -0.05787565 -0.16074359 0.14955986 1.00000000 -0.03307677 -0.07043592 0.09256430 0.03853430 0.07231158 0.25870695 0.02725493 0.08428323 0.25779367 0.06399003 0.19131143 -0.05741165 0.30091469 0.07802915 -0.13783612 -0.18678059 0.03608890 0.03314145 0.03301770 -0.01743511 -0.05038629 -0.06426244 -0.12278006 0.07059634 -0.05399558 -0.02494282 -0.06035791
-0.02040116 0.00897013 -0.25473792 -0.23016462 -0.06218984 -0.01967845 -0.24331618 0.13047929 0.06916327 0.01734373 -0.13020341 -0.02302207 0.11967991 -0.16030667 -0.07601022 0.10540913 -0.02686181 -0.20378514 -0.11354405 -0.07198777 0.01161835 -0.06105315 -0.10616005 0.14074882 -0.06327339 -0.05022452 -0.14670630 -0.27856701 0.00915410 -0.08563109 -0.13715649 -0.20541631 0.03154639 -0.00622362 -0.10322589 -0.20394296 -0.25157439 -0.28140985 -0.13514879 0.04510873 0.21672900 0.31602666 0.14212361 0.06084604 0.23213871 0.20630106 0.19054248 0.24057815 0.23203932 -0.09000389 -0.03307677 1.00000000 0.20166815 0.15534002 0.01026469 0.01379632 0.05117406 -0.02059163 0.06789643 0.17514029 -0.01309879 -0.11854573 0.24202208 0.21045500 0.11230234 0.01065531 0.10666693 0.23317824 0.08844043 -0.07784828 0.11659716 0.00596105 -0.00290292 -0.18001556 -0.15081542 0.21131245 -0.09494109 0.02549405
-0.14582961 0.11563425 0.13587277 0.03538404 -0.03017568 0.19872242 -0.15205597 0.11225311 0.09437866 0.06683079 -0.15648034 0.13657250 0.17271855 -0.19875534 0.08760514 -0.21976488 0.08078221 -0.07260150 -0.04172114 -0.26703209 -0.06786524 -0.08173560 0.05762754 -0.15697933 0.09882375 -0.01322764 -0.03685847 -0.17529971 -0.11456818 0.10248003 -0.12287755 -0.13172351 0.15139030 0.06247563 -0.02982524 -0.12656712 -0.05055442 -0.14039861 -0.04675428 -0.06146774 -0.04127583 -0.15289834 -0.19849341 -0.00212966 0.03601673 0.06633420 0.07358840 -0.02855021 0.04845507 -0.21583958 -0.07043592 0.20166815 1.00000000 0.20545182 0.28275992 0.03062484 0.07391215 0.08208844 0.10039769 0.06572226 0.19245349 0.07276942 0.11391220 0.20312453 0.11168216 -0.07601174 -0.00681744 -0.03635235 0.04721539 0.09428150 -0.15837349 0.14053871 -0.08133758 -0.28988678 0.00553679 -0.03455369 0.01857476 0.00675752
0.11630641 -0.02706386 -0.05863016 -0.03205545 0.03442058 0.18685059 -0.20629285 0.23019310 0.17042326 -0.12773745 -0.14110638 -0.09751102 -0.00606412 -0.02173121 0.05976881 0.05639551 -0.07261541 0.04843652 0.02026464 0.12609208 0.14457041 -0.05904345 -0.11936922 0.14627673 0.15272914 0.07564168 0.00421324 -0.02333099 0.08162224 0.28858588 0.05060393 -0.01891283 -0.04456669 0.08607607 0.14901452 0.22868518 0.12418364 0.11755946 -0.07973558 -0.24719918 -0.03367237 -0.01233874 -0.04321392 -0.14443905 -0.04997807 0.08479483 -0.14872908 -0.15667136 0.08449065 0.02359687 0.09256430 0.15534002 0.20545182 1.00000000 0.44887205 0.10800814 0.23200903 -0.12983683 0.12533737 0.46486067 0.32496977 0.14158787 0.00422620 0.33023061 0.22155813 -0.16361313 -0.00453409 0.00554743 0.03647719 -0.02190216 0.10779187 -0.08430673 -0.24026679 -0.05656670 -0.19783285 0.06053130 -0.21722224 -0.03333949
-0.06284433 -0.15113648 0.04320552 0.25936368 -0.08880281 0.25966713 -0.09687884 0.04794511 0.04227253 -0.22061471 -0.02470081 0.05620426 -0.01567944 -0.23757157 -0.06989396 -0.06916693 -0.01470047 0.18310406 -0.05636961 0.17385834 -0.15199168 -0.12831655 0.03665276 -0.09806710 0.09185578 -0.06732574 0.01030646 -0.05107989 -0.23942550 0.19359094 -0.06780437 -0.14515239 -0.23156549 0.13197273 0.00376885 0.02936714 0.16297119 -0.00527623 -0.24294105 -0.27271999 -0.06567730 -0.07519035 0.10466089 -0.16718755 0.01447640 0.08791561 -0.09410534 -0.26791045 -0.13769925 -0.09868598 0.03853430 0.01026469 0.28275992 0.44887205 1.00000000 0.08441133 0.08979584 -0.00112201 0.23950864 0.43961492 0.55147052 0.21692115 -0.07116846 0.32203865 0.14678846 -0.13714676 -0.22788239 -0.02893600 -0.03556748 0.04301266 -0.02480623 -0.13544119 -0.02838569 -0.02949627 -0.10042402 -0.09114582 -0.18697084 -0.03388845
0.01684505 0.14020968 0.00458615 0.11532347 0.15059418 0.05236335 -0.02029066 0.13020156 0.15447141 -0.05467198 -0.06725367 -0.08092445 -0.14552953 0.20780452 -0.18204463 0.11943442 -0.00550594 0.15743657 -0.09791060 0.04918546 0.14264618 0.04187000 0.17298593 -0.16812063 0.15259400 0.09478193 -0.05631391 -0.09345036 0.14758475 -0.14081772 -0.06507611 0.20753209 0.04860268 0.01945422 0.18706249 0.04129330 0.21715638 0.03714270 0.14120397 0.02974492 0.18387161 -0.08840272 0.08131976 0.21257451 0.08976396 -0.28839117 0.10002312 -0.09659392 -0.05074018 -0.01425487 0.07231158 0.01379632 0.03062484 0.10800814 0.08441133 1.00000000 0.15609566 0.16678344 0.03912450 0.23962822 0.15761707 0.29944606 0.02979586 0.27923708 0.09993637 -0.36178754 -0.18916559 -0.25469035 -0.04394814 0.22724822 -0.05383691 -0.15413699 -0.03208957 -0.10771665 -0.25240962 -0.25090091 -0.13514769 -0.18492253
0.13322631 -0.05580876 0.10893947 0.00674398 0.16486645 0.25552981 0.05220842 0.08253957 0.31570197 -0.02002837 -0.13707222 0.07936285 0.07822867 0.03254104 0.05284332 0.01925059 -0.14153800 0.16440592 0.12178650 0.09975475 0.13730429 0.13044633 0.14235463 0.00498315 0.17349558 0.08969662 0.08834505 0.06031559 -0.16556935 0.12076811 -0.06518969 -0.17474714 -0.08982692 -0.00882583 0.06128909 0.04847509 0.08479924 0.02268416 -0.08216005 0.22290283 0.06654800 -0.02345743 0.07363619 0.00304495 0.02804788 -0.02606993 0.07855851 0.00234602 -0.20772467 0.16455840 0.25870695 0.05117406 0.07391215 0.23200903 0.08979584 0.15609566 1.00000000 0.02752065 0.04567181 0.12152473 0.14190626 0.34865953 0.02768595 0.23961376 0.05463936 -0.16597771 -0.03088758 -0.13657886 0.18608615 0.00839358 -0.10301241 0.01794725 -0.21953243 -0.01281848 -0.04865735 -0.09875821 -0.07660910 0.04278239
-0.09590021 0.10010706 0.22214099 0.05296231 0.28194123 -0.07512292 0.18471145 -0.02863534 0.04787926 0.26450520 0.15177647 0.26646506 -0.08617081 0.22074445 0.07513772 0.03434598 0.06691568 0.03557546 -0.03518576 -0.04457073 -0.01142978 0.08010266 0.19042358 -0.01773986 0.18592802 0.09096116 0.00379358 0.13957749 0.04898130 -0.10888088 0.09201019 0.09753141 0.11500978 0.02454399 0.07334645 0.05935335 -0.14488197 0.00698190 0.23866878 0.08251603 0.16620389 -0.13615752 -0.01614948 0.18455570 -0.02806034 -0.09517684 0.07674264 0.09201591 -0.11644859 0.02804750 0.02725493 -0.02059163 0.08208844 -0.12983683 -0.00112201 0.16678344 0.02752065 1.00000000 0.26275587 0.04019549 -0.14713338 0.26560557 0.10026771 0.07179853 0.25624722 -0.14749634 -0.14492570 0.03764451 0.09815206 0.18809929 -0.19798540 0.05320816 0.24263958 0.01517758 -0.00023910 -0.05341308 0.22420837 0.10148305
0.15235445 -0.11509047 0.18187825 0.02863755 -0.03743796 -0.08737539 0.16939503 -0.04399531 0.07437772 0.21914487 0.10086744 0.03141072 0.20373989 -0.07657266 0.10987457 -0.06874862 -0.17884323 -0.10528512 0.10821910 0.17742138 -0.05635144 0.08873219 0.05352929 0.10472337 0.14907085 0.07948865 0.19759566 0.12468211 -0.30392646 0.02024453 -0.07044730 -0.04784733 -0.30176808 -0.12100426 -0.04657021 -0.04009194 -0.05820449 -0.04831102 0.12072127 0.03323281 -0.04524827 -0.00711773 0.17551005 0.04317494 -0.02305990 0.19962856 -0.02832577 0.02704693 0.11307989 0.04912083 0.08428323 0.06789643 0.10039769 0.12533737 0.23950864 0.03912450 0.04567181 0.26275587 1.00000000 0.14308914 0.29900491 0.16348503 0.20292222 0.13795239 0.12300753 -0.16468243 -0.17863111 0.25995697 -0.20737371 -0.00127456 0.02409373 -0.04669950 0.02373450 0.11624721 -0.27806790 0.11375982 -0.17460831 -0.01498752
-0.09644863 -0.04533990 -0.26833338 0.08809591 -0.04423123 0.31732319 0.08864974 0.11191891 0.12756819 -0.28852864 -0.13318418 -0.01046433 0.04752341 -0.02128290 -0.04842312 0.13815125 -0.06924998 0.18774711 0.02199235 0.17815036 0.03601251 -0.02651592 0.09646059 0.03982520 0.21187654 0.15882513 0.21496451 -0.06495369 -0.03514035 0.30020064 -0.05783916 -0.05193935 -0.35327288 0.15964770 0.06392394 -0.04974935 -0.04889614 -0.06540500 -0.24455674 -0.08530571 0.11695291 0.09225654 0.13315504 0.07179994 -0.06996364 0.15540043 0.11166314 -0.21698123 -0.02585257 0.17443824 0.25779367 0.17514029 0.06572226 0.46486067 0.43961492 0.23962822 0.12152473 0.04019549 0.14308914 1.00000000 0.41792663 0.42145486 0.17623127 0.30409448 0.28329905 -0.28727830 -0.28061704 -0.05468121 -0.09196387 -0.12930054 0.01142313 -0.16140151 -0.11748242 -0.03684016 -0.12110374 -0.15244462 -0.29799983 -0.14333522
-0.04327285 -0.07278722 -0.09536234 0.09382855 -0.10724790 0.12430187 -0.11498368 -0.00101883 0.10787292 -0.14812285 0.10242994 -0.03092424 -0.05250884 -0.23285220 -0.12359982 -0.08739375 -0.03890488 0.12101266 0.07851737 0.15810606 -0.14076520 0.05036375 0.00423134 -0.08545841 0.11168400 0.01262270 0.12386520 0.09243873 -0.26230888 0.21925854 0.03341555 0.00880899 -0.18494875 0.10745605 0.15526567 -0.06939753 0.00441094 0.02829588 -0.28764388 -0.26170448 -0.07421514 -0.08966480 0.13583615 -0.05524263 0.03802726 -0.02516246 -0.08490119 -0.02955382 0.16450802 0.08855440 0.06399003 -0.01309879 0.19245349 0.32496977 0.55147052 0.15761707 0.14190626 -0.14713338 0.29900491 0.41792663 1.00000000 0.28074832 -0.03408878 0.27922969 0.18631026 -0.12337026 -0.30283373 -0.08994831 -0.04658001 -0.08450694 0.07228743 -0.10507987 0.04252269 0.09566242 -0.19310888 -0.17686272 -0.28764300 -0.16250808
0.07570631 0.16909349 -0.04628843 0.16088627 0.06537091 0.25959594 0.12578630 0.08216238 0.18490699 -0.16334332 -0.20110545 0.09971996 0.01189425 -0.05315660 0.02994053 0.15591470 -0.00491414 0.23577617 0.17768961 0.14998791 -0.00945295 0.03907565 0.09443184 -0.03451295 0.18391974 0.07379226 0.30582157 0.10339037 -0.00921197 0.24694500 0.05094706 0.00215997 -0.14598683 0.17103554 0.12470296 0.04876133 0.09828792 -0.06977635 -0.04636008 0.10753869 -0.04978248 0.09546963 -0.07958648 0.02341462 -0.11443437 -0.11281381 -0.00445426 -0.15454060 -0.14912864 0.11458076 0.19131143 -0.11854573 0.07276942 0.14158787 0.21692115 0.29944606 0.34865953 0.26560557 0.16348503 0.42145486 0.28074832 1.00000000 0.23507291 0.09269971 0.19366640 -0.35327582 -0.26722819 -0.16395741 0.03874217 0.02882718 -0.06974219 -0.25581623 -0.17778936 0.04262087 -0.02797539 -0.16732251 -0.01491537 -0.15292558
-0.07881353 0.14998652 -0.22466959 -0.16320690 0.02472705 -0.15079438 -0.11934262 -0.07093777 0.24358470 -0.04860939 -0.25759211 0.02150694 0.07709822 -0.02237817 0.18580513 -0.04771535 -0.13847320 0.02493901 0.10003010 -0.18165228 -0.02855868 -0.13908396 0.01364378 -0.07707387 -0.04004212 0.07235854 0.10380800 -0.04688671 0.13603408 -0.14774860 -0.00476421 -0.15296549 -0.01529645 0.06562385 -0.14789247 -0.23105867 -0.06305876 -0.11709429 0.11810291 0.16289659 0.13056128 0.07930885 0.07943801 0.17964245 0.05517967 0.14887140 -0.04056821 0.13635348 0.05334180 -0.09264836 -0.05741165 0.24202208 0.11391220 0.00422620 -0.07116846 0.02979586 0.02768595 0.10026771 0.20292222 0.17623127 -0.03408878 0.23507291 1.00000000 0.17127794 0.13621480 -0.08028126 0.12234426 -0.03534465 0.00708320 0.19516954 0.04572077 0.09036826 0.02698494 0.02287393 0.12380087 0.37783642 0.24813035 -0.02489992
-0.11354521 0.05129667 -0.00177601 0.05100977 0.18330138 -0.06812038 0.01687204 0.07830408 0.20723509 -0.03776047 -0.03037553 -0.11912936 0.02354238 -0.02828565 -0.00406764 -0.14811705 -0.07920368 0.02167723 -0.11688120 -0.02910735 0.30088272 0.07387185 0.04780761 0.02086885 0.11894466 0.27301748 -0.17791452 -0.11676409 -0.06094446 -0.20171633 0.07317274 -0.01394155 -0.07870007 -0.06919005 -0.10668699 -0.22656858 -0.07735451 -0.03151030 -0.01158993 -0.10426124 0.14415110 -0.12988137 0.06040743 -0.09438739 0.15475235 -0.04914244 0.11386608 -0.03458570 -0.08703561 -0.21948346 0.30091469 0.21045500 0.20312453 0.33023061 0.32203865 0.27923708 0.23961376 0.07179853 0.13795239 0.30409448 0.27922969 0.09269971 0.17127794 1.00000000 0.08618802 -0.16666104 -0.08604453 -0.12440219 0.04057063 -0.05656804 0.07892310 -0.11512650 -0.00660344 -0.17696791 -0.15740387 0.17323067 -0.15867787 -0.09947794
-0.15264329 -0.04195327 -0.11203297 0.17283181 -0.03978577 0.03852029 -0.07712468 0.01697053 0.04041757 -0.11099689 -0.12187474 -0.02741838 -0.04325874 0.16179122 -0.16431197 0.17441325 -0.09829776 -0.11234235 0.19882287 0.00514023 0.05578686 -0.08468504 0.00420406 0.06395979 -0.13480959 0.09676932 0.25053636 0.04988517 -0.02903128 0.21792758 0.23885537 0.19066645 0.12083561 0.18713882 0.13449837 0.12246543 0.02452075 -0.01710072 0.10109916 0.02743745 0.12764748 -0.01410657 0.09043442 0.18607139 0.09690677 0.13426632 0.00117407 0.05444019 0.01877952 0.21449748 0.07802915 0.11230234 0.11168216 0.22155813 0.14678846 0.09993637 0.05463936 0.25624722 0.12300753 0.28329905 0.18631026 0.19366640 0.13621480 0.08618802 1.00000000 -0.13218530 -0.10824769 0.01013518 0.01571997 0.23192689 -0.21803169 -0.20788243 0.28361575 -0.04466743 0.13193953 -0.14984633 -0.17112334 0.20245410
-0.09394331 -0.01714122 0.03039712 -0.07474411 0.08545498 -0.03655432 -0.13374991 -0.19124095 -0.10539653 0.18743850 0.03382085 0.13014119 0.07207894 -0.01917577 0.14362626 -0.20116689 0.00934517 -0.25535164 0.05552582 -0.06463744 -0.11827334 -0.09614259 -0.18200552 -0.02615625 -0.15764406 -0.05080383 -0.27039347 0.07090346 -0.07845869 -0.07678547 -0.04725210 0.08162267 0.22758435 -0.14726717 -0.19519907 -0.12498803 -0.07161799 0.08402689 0.00205733 0.01603677 -0.04013881 -0.07238579 -0.25012792 -0.02111451 0.22227149 0.08468647 0.04187301 0.11711259 -0.06741856 -0.11781776 -0.13783612 0.01065531 -0.07601174 -0.16361313 -0.13714676 -0.36178754 -0.16597771 -0.14749634 -0.16468243 -0.28727830 -0.12337026 -0.35327582 -0.08028126 -0.16666104 -0.13218530 1.00000000 0.27220007 0.25122698 0.17194781 -0.05019526 0.32191012 0.50632773 0.37903289 0.07210296 0.31090003 0.15121573 0.25716773 0.23026315
-0.08783181 -0.05958776 -0.13492181 -0.12305803 -0.17514001 -0.15703952 -0.21672984 0.05434164 -0.16924458 0.08713633 -0.31036446 0.02400437 0.08533467 0.12420147 0.19792777 0.12497338 -0.02087566 -0.04879745 0.07467095 -0.08421672 0.13878588 0.06265758 -0.15834327 0.06295836 0.03747003 0.08682424 -0.21734082 -0.18002095 0.07742205 -0.09790760 -0.04563572 0.04303546 -0.07113144 -0.24890379 -0.08817605 -0.02387085 -0.07693745 -0.03248701 -0.01520283 -0.10694391 -0.00055001 -0.09180950 0.14444341 0.03547546 -0.20896352 0.09520825 -0.26634830 0.17815070 -0.11767166 -0.28338837 -0.18678059 0.10666693 -0.00681744 -0.00453409 -0.22788239 -0.18916559 -0.03088758 -0.14492570 -0.17863111 -0.28061704 -0.30283373 -0.26722819 0.12234426 -0.08604453 -0.10824769 0.27220007 1.00000000 0.10413250 0.14764189 0.21965034 0.22021359 0.00049828 0.18840143 0.31984206 0.22345962 0.44653852 0.12302975 0.15772995
0.01082234 -0.25514324 0.05950162 0.02486675 -0.02940670 -0.05694171 0.08990460 0.01300462 -0.33563782 0.09079845 0.09254276 -0.05340783 0.04000173 0.09709336 0.06667706 0.10722436 0.07094598 -0.04071975 0.15420048 0.05910923 0.11878696 -0.03532615 -0.04729541 0.22365668 0.09623787 0.16142653 -0.07385703 0.04819640 -0.12446359 0.04506099 -0.09076066 0.08389171 -0.00657218 -0.06424916 -0.08463564 0.04461890 -0.14106916 0.11685813 0.12680464 0.13970462 0.02861490 0.13039119 0.07842828 0.19674782 0.05327998 0.11663226 0.06335648 0.17445660 0.02829313 0.13927660 0.03608890 0.23317824 -0.03635235 0.00554743 -0.02893600 -0.25469035 -0.13657886 0.03764451 0.25995697 -0.05468121 -0.08994831 -0.16395741 -0.03534465 -0.12440219 0.01013518 0.25122698 0.10413250 1.00000000 0.07040347 0.09735789 0.16580987 0.21488540 0.30452538 0.05689105 0.15529452 0.21346250 0.10162697 0.33310844
0.11932084 0.22975799 0.12669401 -0.07639402 0.11883040 0.07302387 -0.03158642 0.17556776 0.04137704 0.23873605 0.05434532 0.23131080 -0.01073301 0.17588585 0.13248296 0.09966941 0.15351397 0.08582960 0.29055344 -0.00046895 0.18717391 0.18710736 0.12966352 0.05674547 0.01937479 0.28364479 -0.08961733 0.05586469 0.07953469 0.03824910 -0.05136120 0.03032026 0.20601585 0.06520819 0.05596295 -0.05191282 -0.12909143 0.07019873 0.15539199 0.16535176 0.18508119 -0.05892625 -0.07613783 0.11476091 0.06221053 -0.19418552 0.00057422 0.15466277 -0.08848568 0.07783032 0.03314145 0.08844043 0.04721539 0.03647719 -0.03556748 -0.04394814 0.18608615 0.09815206 -0.20737371 -0.09196387 -0.04658001 0.03874217 0.00708320 0.04057063 0.01571997 0.17194781 0.14764189 0.07040347 1.00000000 0.18403768 0.09805287 0.18824293 0.09508524 0.20921223 0.27513139 0.23784231 0.27529645 0.15710389
-0.10491417 0.20026846 0.24520664 0.15451902 0.07961638 0.08182137 0.01212462 0.25135373 0.02585587 0.18641552 -0.02580058 0.23024631 -0.01320623 0.24113693 -0.03705435 0.05664859 0.02590112 0.18858776 0.11318886 -0.07778718 -0.12693160 0.03355280 0.13166874 -0.22010110 -0.07252782 -0.03460368 -0.14414577 0.02020984 0.16257563 -0.11318891 0.05510908 -0.01823143 0.08539430 -0.01247519 -0.00143307 0.12229603 -0.07113446 -0.03175073 0.14134016 0.04411020 0.03349877 -0.07933120 0.07482314 0.40603202 0.00946995 -0.22373465 -0.10447191 0.04080668 -0.15176549 0.02911083 0.03301770 -0.07784828 0.09428150 -0.02190216 0.04301266 0.22724822 0.00839358 0.18809929 -0.00127456 -0.12930054 -0.08450694 0.02882718 0.19516954 -0.05656804 0.23192689 -0.05019526 0.21965034 0.09735789 0.18403768 1.00000000 0.04841942 0.13176834 0.38408340 0.10808674 0.21568316 0.16159175 0.23415914 0.28892874
0.08706632 0.17777388 -0.09712922 -0.09760293 -0.05307278 -0.00867375 -0.13668786 0.02552904 -0.00888843 0.15794554 -0.16161888 -0.04630597 0.15154048 -0.00427799 0.02975869 -0.09413761 -0.11773301 -0.08969620 -0.11174407 0.20490862 -0.17234852 -0.23311659 -0.22220067 0.04855520 -0.26828467 0.05550772 -0.14429664 0.02249460 0.11199910 -0.12437371 -0.11839432 0.00350481 -0.11105777 -0.15597244 -0.13055871 -0.14689038 -0.17527511 -0.12865364 -0.11178500 -0.06471112 0.09169041 0.07733554 -0.09325599 0.11081237 0.21214680 0.01932047 0.01805620 -0.00946212 0.18134920 0.02839229 -0.01743511 0.11659716 -0.15837349 0.10779187 -0.02480623 -0.05383691 -0.10301241 -0.19798540 0.02409373 0.01142313 0.07228743 -0.06974219 0.04572077 0.07892310 -0.21803169 0.32191012 0.22021359 0.16580987 0.09805287 0.04841942 1.00000000 0.13314206 0.07789408 0.31394907 0.01034975 0.32963297 0.13898870 0.05484772
-0.09715076 0.25002964 0.27136992 -0.16583887 0.33808879 0.07195793 0.01989810 -0.04807615 0.15158833 0.33463910 0.21980094 0.36082390 0.09193845 0.10160849 0.12912299 -0.34355565 -0.00178952 -0.10756737 0.05406567 -0.20038769 -0.10792083 -0.12565700 0.15339857 -0.09096089 0.02858859 -0.01607642 -0.14653029 0.19989905 -0.03737394 0.05882614 -0.06831918 0.04670984 0.34639942 0.12244699 -0.11602543 -0.06161228 -0.09426193 0.15464068 0.13509290 0.12138526 0.00919879 -0.16039728 -0.29588479 0.08119514 0.06392273 -0.00409394 0.17158267 0.02777253 -0.04594848 -0.00555880 -0.05038629 0.00596105 0.14053871 -0.08430673 -0.13544119 -0.15413699 0.01794725 0.05320816 -0.04669950 -0.16140151 -0.10507987 -0.25581623 0.09036826 -0.11512650 -0.20788243 0.50632773 0.00049828 0.21488540 0.18824293 0.13176834 0.13314206 1.00000000 0.19992797 -0.15552010 0.24109149 0.02571124 0.44720720 0.21131077
-0.25247896 0.00243129 0.12694232 0.14005338 0.04987070 -0.20593229 -0.03150420 -0.21937955 -0.25288475 0.09015426 0.08227220 0.06316998 -0.13626923 0.18813647 -0.09244737 0.04671351 -0.03539162 -0.07882780 0.01582940 -0.04579334 -0.02139957 0.03673000 -0.01751699 -0.10436482 0.05091741 0.05776619 -0.14067811 0.09363774 -0.02957898 -0.14315683 0.07661838 0.13577940 0.03602633 -0.09328298 -0.10820213 -0.16031830 -0.27670370 0.03234601 -0.00943678 -0.08103402 0.07102077 -0.10545110 0.07513631 0.24956620 0.08360549 -0.03638630 0.04280065 0.36578042 -0.12446363 -0.01527249 -0.06426244 -0.00290292 -0.08133758 -0.24026679 -0.02838569 -0.03208957 -0.21953243 0.24263958 0.02373450 -0.11748242 0.04252269 -0.17778936 0.02698494 -0.00660344 0.28361575 0.37903289 0.18840143 0.30452538 0.09508524 0.38408340 0.07789408 0.19992797 1.00000000 0.11576723 0.14290118 0.06552130 0.23532027 0.35619507
0.11511860 -0.08688622 -0.03022664 -0.00265534 -0.07520111 -0.09256697 -0.04924289 -0.08913892 -0.10308408 -0.04185793 0.00462932 0.04396056 0.01971103 0.10494806 0.13284573 0.06140717 -0.18839118 0.05643116 0.28916364 0.24443259 0.05549200 0.13058319 -0.15197672 0.05831199 0.08792153 0.11180211 -0.01181498 0.11661372 -0.17517436 -0.11175651 -0.13474020 -0.04518849 -0.30929135 -0.24887636 0.04696781 0.09378253 -0.09172224 0.04757968 -0.04175074 0.05036532 0.02532898 0.00686259 0.21760657 0.19628542 -0.16081642 0.02082164 -0.28744606 0.18586816 0.00598007 0.18783749 -0.12278006 -0.18001556 -0.28988678 -0.05656670 -0.02949627 -0.10771665 -0.01281848 0.01517758 0.11624721 -0.03684016 0.09566242 0.04262087 0.02287393 -0.17696791 -0.04466743 0.07210296 0.31984206 0.05689105 0.20921223 0.10808674 0.31394907 -0.15552010 0.11576723 1.00000000 0.14025417 0.35935294 0.21713766 0.17382247
0.00002348 0.04951892 0.07757149 0.25861114 0.02915736 0.12826864 -0.07327166 -0.19592090 0.01506868 0.01652828 -0.17060061 0.19068035 0.16757511 0.04120468 0.23289949 -0.07740558 -0.06834781 0.04678193 0.23274201 -0.03608190 -0.03607926 -0.08638704 -0.14780049 -0.02776094 -0.02368743 -0.02833899 0.11655707 0.07413951 -0.09346600 0.00738086 0.07632586 0.03583488 0.08650252 -0.00203282 -0.07746249 0.08328355 0.08184007 0.10386934 0.13268883 0.20163846 -0.21857001 -0.08788748 -0.10131535 0.16280299 -0.12071013 0.08560122 -0.03759687 0.01654456 -0.21961773 -0.08368348 0.07059634 -0.15081542 0.00553679 -0.19783285 -0.10042402 -0.25240962 -0.04865735 -0.00023910 -0.27806790 -0.12110374 -0.19310888 -0.02797539 0.12380087 -0.15740387 0.13193953 0.31090003 0.22345962 0.15529452 0.27513139 0.21568316 0.01034975 0.24109149 0.14290118 0.14025417 1.00000000 0.21714031 0.38256599 0.24102478
0.00576931 0.01266492 -0.10703433 -0.09407761 -0.06263765 -0.19636353 -0.17701585 -0.03659396 -0.03811519 0.12085985 -0.16470527 -0.01959073 0.22053490 0.02491713 0.21530058 0.02100738 -0.08950573 -0.08976448 0.08453949 -0.01042599 0.13196439 0.08186454 -0.19349970 0.12234825 0.03461353 0.16583876 -0.07775551 -0.08258088 -0.05516006 -0.26724145 -0.14052927 -0.18166901 -0.15550900 -0.21547721 -0.10086184 -0.20379164 -0.20613783 -0.04439173 -0.03126835 0.05381743 -0.03217247 -0.00398483 0.08703649 0.07126583 -0.06322683 0.13699976 -0.23261310 0.16734414 0.01893942 -0.26305610 -0.05399558 0.21131245 -0.03455369 0.06053130 -0.09114582 -0.25090091 -0.09875821 -0.05341308 0.11375982 -0.15244462 -0.17686272 -0.16732251 0.37783642 0.17323067 -0.14984633 0.15121573 0.44653852 0.21346250 0.23784231 0.16159175 0.32963297 0.02571124 0.06552130 0.35935294 0.21714031 1.00000000 0.24205752 0.15189602
-0.00209637 0.26028475 0.16441129 -0.05207080 0.33613118 0.00982558 0.11383817 -0.06977479 0.07871766 0.10745241 0.08345670 0.29802378 -0.02284201 0.04974286 0.05770838 -0.17577274 -0.03882757 0.10043228 -0.02484009 -0.25084603 0.02268351 0.00144088 -0.06121989 -0.18404351 0.06268619 0.02135535 -0.12279535 0.17996367 0.12032887 -0.12318890 -0.09755541 -0.09288679 0.25086231 0.05038008 -0.10787415 -0.13141444 -0.03967912 -0.03952032 -0.00480937 0.28731908 -0.08544158 0.04336612 -0.28064645 0.15628397 -0.03153692 -0.08931636 0.04793658 0.17179215 -0.09207564 -0.15715353 -0.02494282 -0.09494109 0.01857476 -0.21722224 -0.18697084 -0.13514769 -0.07660910 0.22420837 -0.17460831 -0.29799983 -0.28764300 -0.01491537 0.24813035 -0.15867787 -0.17112334 0.25716773 0.12302975 0.10162697 0.27529645 0.23415914 0.13898870 0.44720720 0.23532027 0.21713766 0.38256599 0.24205752 1.00000000 0.33271562
-0.07051200 -0.07036562 0.27246361 0.10845762 0.07749417 0.09404983 0.12562218 0.01782164 -0.05767937 -0.01299220 0.07970446 0.06389090 0.13268529 0.27228435 0.13454883 -0.01264044 -0.17975480 -0.03343894 0.06921290 -0.04711951 0.14240233 -0.19085294 -0.01562396 -0.11490743 0.02766983 -0.11956725 -0.14937213 0.11746952 0.01869388 -0.01481598 0.06380393 -0.05183978 0.06640859 -0.09004902 -0.06743200 0.17154687 0.03746383 -0.02835306 0.05134925 0.12528917 -0.06075941 0.09326555 0.08517794 0.22063940 -0.03719571 0.03101179 0.02785565 0.23461523 -0.06802313 0.07694050 -0.06035791 0.02549405 0.00675752 -0.03333949 -0.03388845 -0.18492253 0.04278239 0.10148305 -0.01498752 -0.14333522 -0.16250808 -0.15292558 -0.02489992 -0.09947794 0.20245410 0.23026315 0.15772995 0.33310844 0.15710389 0.28892874 0.05484772 0.21131077 0.35619507 0.17382247 0.24102478 0.15189602 0.33271562 1.00000000
