1.00000000 0.18053260 0.22525561 0.10455041 0.10477997 0.15445264 0.10974029 0.16773244 0.19576192 0.10905904 0.23251506 0.19005317 0.26890662 -0.00813527 -0.01116825 -0.02288496 -0.01144467 0.01571760 0.00184119 0.04381977 0.01650485 0.07373425 -0.03986459 -0.00114753 0.06327929 -0.06062541 -0.03806127 0.00405139 -0.02938911 -0.04577031 -0.00635830 0.03431758 -0.04484301 -0.00697312 -0.01758513 -0.01051403 0.09113609 0.09582579 0.01410086 0.02236701 0.02813767 -0.07043729 -0.04713955 -0.07562106 -0.01991068 0.01550314 0.01681387 0.06191112 0.06915367 0.07879112 -0.03351986 0.01863287 0.00999421 -0.00345435 0.02217967 0.05582639 -0.01754742 -0.08378832 0.04117748 -0.03888943 -0.02415207 0.00790798 -0.03020160 -0.02951307 -0.13269651 0.01436076 -0.05161206 0.01526048 0.01683423 -0.08051956 -0.07845825 -0.09327817 -0.06055881 -0.02365867 0.02579697 0.00041353 -0.01142344 0.06340201
0.18053260 1.00000000 0.22244417 0.22755159 0.27380155 0.19111524 0.17307826 0.35305828 0.37409905 0.36859479 0.22170642 0.31850305 0.21588779 -0.03019122 0.08607363 -0.14043187 -0.01835359 0.05966783 0.04022590 0.00523479 -0.06333988 -0.05778974 -0.08230400 -0.16829147 -0.02410932 -0.02826128 -0.01150726 0.08207275 0.09260963 -0.07785857 0.12516874 -0.02502589 0.08562465 0.02960988 -0.10171620 -0.02721308 -0.09827426 0.06149804 0.04700754 0.01977780 0.03647310 -0.00554307 -0.02736523 0.05954850 0.15476619 -0.07097925 0.07439614 0.10803124 -0.03437394 0.05004487 0.02322911 -0.06416219 -0.09919373 -0.07918210 -0.02155876 0.03974424 -0.01789479 0.09939099 0.04522868 -0.00845845 -0.04748033 0.06656206 0.06213777 -0.00270171 -0.07068485 -0.04829553 0.05821702 -0.04083384 0.06491929 0.12864059 0.00667335 -0.02474911 0.06441269 0.09946179 0.02820048 0.02980773 0.15836578 0.04809674
0.22525561 0.22244417 1.00000000 0.19717762 0.15601724 0.13179307 0.27158229 0.10546930 0.12544932 0.30917368 0.16194675 0.26646068 0.06479641 0.03360214 0.01430865 -0.02819021 -0.01845043 -0.05560682 0.02039930 -0.05113549 0.08401974 0.01473093 0.01213745 -0.14134268 0.10394900 -0.01316767 0.00570665 0.08801434 -0.05052020 0.01224021 -0.03567268 -0.03009793 0.02189541 -0.11324423 -0.04037199 -0.02212062 -0.05186963 0.04755439 0.04871143 0.01693603 -0.01638799 -0.10116703 -0.01172765 -0.06917181 0.05107869 -0.06121412 -0.07440656 0.05001083 -0.00456575 0.04041035 0.04187418 -0.05674256 -0.03253602 -0.01850238 0.02853425 -0.02620849 0.00040605 -0.01116638 0.07886701 -0.07960099 -0.07450585 -0.03984274 -0.08293900 -0.04719403 -0.06059569 0.02380807 -0.03136057 0.02408411 -0.05087259 0.03057056 -0.09309468 0.08683915 0.07193588 0.02581539 0.00086464 -0.07996252 -0.02634474 0.06312819
0.10455041 0.22755159 0.19717762 1.00000000 0.14957708 0.21921204 0.25231940 0.09108407 0.08688394 0.09683577 0.17058001 -0.05296596 0.16263693 0.00020288 -0.09998898 -0.06309753 -0.07707802 0.04926462 -0.07720339 0.05528424 -0.04421816 -0.10629004 -0.04739975 -0.17089565 -0.05426344 -0.18412889 0.04878699 -0.03078268 0.00698507 0.11900325 0.03295501 -0.01895130 -0.05488531 0.02979905 -0.05301042 0.01151435 0.01163041 0.00373132 0.01932596 0.01123415 -0.01413465 -0.09583654 0.00190942 -0.00036746 0.00548846 -0.00523670 0.02702321 0.00563938 -0.06050152 -0.00134102 0.07493412 0.02547268 -0.01295834 0.01629535 0.04889834 0.01085229 0.07459302 0.08207299 0.07507710 -0.08320644 0.06513296 0.00796984 -0.03231491 0.10498949 -0.01617801 0.00280056 0.02460191 -0.00798099 0.01090449 0.02708753 0.02945419 -0.04225722 0.12195182 -0.01604381 0.03056757 0.00135663 -0.03624421 0.05213815
0.10477997 0.27380155 0.15601724 0.14957708 1.00000000 0.17212125 0.25362899 0.29863322 0.22606089 0.21784306 0.32077067 0.19730710 0.07300107 0.07262532 0.01788034 -0.15322024 0.00594531 0.08614619 0.02939970 0.02697601 0.00444014 0.01279356 -0.11280325 -0.07789531 0.08629455 -0.06708508 -0.07624814 0.10803680 0.13884135 0.00201435 0.16528524 0.07908439 0.09261459 0.04521863 0.06477460 0.10816256 -0.01799540 0.13938627 0.06363098 0.15029085 0.02675061 0.08952075 0.13540589 0.11726086 0.06607134 -0.02293982 0.13137134 0.15081665 -0.01606673 -0.00777588 0.05430843 -0.08344834 -0.13786196 0.03235885 -0.04819480 0.08030561 0.01602616 0.08510572 0.03016140 -0.05625790 -0.11389284 0.00925416 0.13630143 0.00529555 -0.07841087 0.02763602 0.01024712 0.03136305 0.13899181 0.08581436 0.03137054 0.04708842 0.13110208 0.08142160 0.09534014 0.08501765 0.21389441 0.12806958
0.15445264 0.19111524 0.13179307 0.21921204 0.17212125 1.00000000 0.07099350 0.27310266 0.08745704 0.09600005 -0.00086784 0.15710474 0.22960525 -0.06631823 0.06368019 -0.03948020 0.05354571 0.13063076 0.07868822 0.08678267 -0.00299031 -0.01398468 0.08220569 -0.10572227 0.09952296 -0.10613283 0.04420984 0.09038716 -0.03282302 0.07865928 -0.06577112 0.00743923 -0.00079176 0.12239332 -0.08699656 -0.00537642 0.06960560 0.03479912 -0.06578298 0.01024708 -0.09539786 0.00870204 -0.05405074 0.02776493 0.04878437 0.03227833 -0.00960909 -0.01555455 -0.06876308 0.04733479 0.12715580 0.02858583 0.03210358 0.05474806 0.13371217 -0.00195510 0.17849519 -0.03138261 0.04516730 0.02536599 0.01575739 0.09549362 0.03011254 0.04084418 -0.06567784 0.04515033 0.00278640 -0.02190261 0.04305721 0.07126110 0.04240854 0.01195774 0.00000698 0.06978101 0.13155399 0.02918152 0.09084296 0.14668919
0.10974029 0.17307826 0.27158229 0.25231940 0.25362899 0.07099350 1.00000000 0.09546965 0.07885313 0.18805319 0.21403530 0.06347903 0.12577290 0.08985441 -0.02131732 -0.06074759 -0.00182839 0.13536797 -0.01492856 0.04749660 0.05381435 0.07428730 0.07054188 -0.05359023 0.07840211 -0.01206371 0.01007773 0.11678226 -0.03904379 0.05018044 0.06108718 0.02770582 -0.05836536 -0.01367801 -0.03661895 -0.06326414 -0.04769592 -0.08109502 -0.04114829 0.11272844 -0.01579442 -0.00169192 0.00819140 -0.04789905 -0.04240414 -0.06357799 0.06104745 0.04483974 0.02555319 -0.01826919 0.10904453 -0.06308455 -0.09834515 -0.08827463 -0.04278976 -0.01932198 -0.00192019 0.04384458 0.13031034 -0.00781667 0.01962159 0.03893451 -0.02580215 0.06877156 -0.07496020 0.07136927 -0.02968242 0.06580280 -0.06233641 -0.01806973 0.06200939 -0.06979119 0.02972275 -0.04130295 -0.00950884 -0.03118451 0.08887113 0.04544615
0.16773244 0.35305828 0.10546930 0.09108407 0.29863322 0.27310266 0.09546965 1.00000000 0.15581936 0.20856017 0.25861805 0.26562618 0.22715766 -0.06069741 0.02333861 -0.02206535 0.03073661 0.01686716 -0.00015932 0.02325489 0.03547305 -0.05741578 -0.12372881 -0.04096946 0.01376144 -0.09123249 0.00943790 0.04319560 0.06121765 0.05231803 0.07326814 0.04593033 0.06093161 0.00845871 0.01827570 0.09156082 -0.10825827 0.02000614 0.07096644 -0.03933787 0.01820751 0.07378733 0.08110898 -0.00418618 0.05946205 -0.10922533 0.01448011 0.11076899 0.03882592 0.04544032 -0.01645692 -0.04030169 0.00799195 -0.04474854 0.04200446 0.01141141 0.05215678 0.00476486 -0.00573483 -0.04417353 -0.00553357 0.07610994 0.10392159 -0.00805853 0.01402669 -0.02189245 0.03302302 0.07194641 0.06971245 0.09921131 -0.04668977 -0.08955018 0.08458551 -0.01263201 0.04280701 -0.01328824 0.04115616 0.10759887
0.19576192 0.37409905 0.12544932 0.08688394 0.22606089 0.08745704 0.07885313 0.15581936 1.00000000 0.20621328 0.21184231 0.21355804 0.27645246 -0.02920852 0.13617174 -0.05688870 -0.01568105 -0.00037952 -0.00883748 -0.00305507 -0.07635801 0.04622585 -0.03177166 -0.07227555 0.05300278 0.03208903 -0.00533913 0.18775509 -0.00532661 0.02349223 0.03432167 -0.06407600 0.00088915 -0.08593920 0.03165348 0.01135673 0.03386567 0.02292722 -0.05163191 0.05669344 -0.09125141 -0.06525197 -0.02087006 0.08463944 0.10454149 0.02276049 0.02463335 -0.02506196 -0.02635070 0.02560649 0.06725136 -0.03618693 -0.08461601 0.00684464 -0.07980680 -0.02883980 0.07908836 0.12337486 0.07737022 -0.04585443 -0.02350758 0.04847083 0.09145827 -0.02122522 -0.07724040 -0.02842394 -0.01213842 -0.01533676 0.09872435 0.05409146 -0.01379654 0.04044428 0.01297204 0.04738567 0.04755331 0.07187207 0.09458150 0.02080767
0.10905904 0.36859479 0.30917368 0.09683577 0.21784306 0.09600005 0.18805319 0.20856017 0.20621328 1.00000000 0.16431585 0.26356246 0.13995331 -0.10171890 0.00645793 -0.07568346 -0.03898036 -0.00439362 0.00789763 0.03658997 -0.06032566 -0.07587027 0.02522955 -0.01312646 -0.04105511 -0.01803557 -0.07133105 0.12322821 0.04645203 -0.05496854 0.16424935 0.02875328 0.12586370 -0.05070643 0.01284755 -0.09855728 -0.10989073 0.02984784 0.08509449 0.06064523 0.03827797 -0.06100316 -0.00000352 0.06550303 0.17752608 -0.05763024 0.01928428 0.16591448 0.01898363 0.12128219 -0.00253750 -0.08680678 -0.07279191 -0.08838364 -0.04803688 -0.01757829 -0.01888210 0.12646671 0.11448249 -0.10974721 -0.07030568 0.02574190 0.06707467 -0.02721058 -0.02135090 -0.01632922 0.09664448 0.00356436 -0.04024882 0.07190587 0.01783125 -0.01642945 0.08308776 0.09980211 0.07873595 0.04749035 0.10158064 0.11838618
0.23251506 0.22170642 0.16194675 0.17058001 0.32077067 -0.00086784 0.21403530 0.25861805 0.21184231 0.16431585 1.00000000 0.25269587 0.04394257 -0.00870023 0.04045605 -0.12938727 -0.01537776 -0.00701432 -0.04305933 0.06312990 -0.01884528 0.03249071 -0.03821676 -0.00642274 0.12944486 0.07027182 -0.08913626 0.14078507 -0.02968610 -0.06084176 0.05361661 -0.00763488 0.05432452 -0.01283285 0.08261407 0.10466527 0.00411130 0.05419498 0.08702999 -0.06798846 -0.00868025 0.02267806 0.05209139 -0.00528060 0.06581843 -0.09873839 0.10232739 0.03891045 0.01110942 -0.04991699 -0.02960723 -0.03154194 -0.06142351 -0.05231265 -0.00090253 0.01111756 0.00173317 0.05108144 0.01128744 -0.00426837 -0.06297177 -0.03048885 0.02069983 0.00800421 -0.01039808 0.02782328 -0.10071765 0.05039861 0.10047900 -0.01473698 -0.04895864 0.03212728 0.06579912 0.00924697 0.02869001 -0.02409546 0.01978405 0.03727415
0.19005317 0.31850305 0.26646068 -0.05296596 0.19730710 0.15710474 0.06347903 0.26562618 0.21355804 0.26356246 0.25269587 1.00000000 0.16232331 -0.08956602 0.02127551 -0.06500161 -0.07428540 -0.02301947 0.10672802 -0.07710269 -0.01473613 0.05189818 -0.06827882 -0.04587420 0.18730899 0.05605441 0.03095425 0.05421106 -0.04207550 -0.03288274 0.03499437 -0.02394861 0.16064754 -0.03555690 -0.05844295 0.05618618 -0.06454678 0.00368726 -0.03822188 -0.01127932 -0.01656468 -0.07696613 -0.02796655 0.04950753 0.08698022 -0.02557130 0.00521686 0.13117175 -0.05996330 0.03921479 0.09978459 -0.10349393 -0.06714454 -0.12012245 0.03509103 0.01265949 0.00681474 0.08956346 0.03874650 -0.01085000 -0.10128019 -0.00741588 0.06328505 -0.14424553 -0.03022933 -0.01749828 -0.00229315 -0.01320088 -0.02165858 -0.00637444 -0.12621015 0.07382895 0.04145810 0.08605313 0.08812746 -0.00250562 0.13068724 0.06974670
0.26890662 0.21588779 0.06479641 0.16263693 0.07300107 0.22960525 0.12577290 0.22715766 0.27645246 0.13995331 0.04394257 0.16232331 1.00000000 -0.03003741 -0.03528719 -0.02337048 0.02830845 0.01250035 -0.02095509 -0.02697640 -0.06136993 -0.01794214 -0.02333896 -0.10354774 -0.00250248 -0.09357622 0.11879584 0.05290584 -0.00581466 0.10132968 -0.04017066 -0.03392080 -0.09759702 0.01682922 -0.05908351 -0.01028695 0.00284860 -0.02294764 -0.05097831 0.07745943 -0.05927330 0.02727752 -0.06343967 0.05782474 0.02465136 0.12654675 0.04575483 0.01031730 0.04942361 0.08172556 0.02102114 0.02834399 0.05377466 -0.00860349 0.04975795 0.00973807 0.01482146 -0.04176769 0.07682566 -0.01969413 0.01992451 0.02990662 0.03350099 -0.06689592 -0.07680130 -0.00440413 0.04240416 -0.01168457 -0.01315854 0.05321134 0.07369802 0.03160060 0.01096782 0.02755879 0.12121785 0.12415167 0.07502969 0.11229761
-0.00813527 -0.03019122 0.03360214 0.00020288 0.07262532 -0.06631823 0.08985441 -0.06069741 -0.02920852 -0.10171890 -0.00870023 -0.08956602 -0.03003741 1.00000000 0.04952134 0.17710259 0.26791915 0.10243311 0.05230940 0.16651133 0.06828911 0.12635602 0.19441030 0.07295121 0.09528217 0.23004074 0.01266331 0.01326884 0.07741330 0.00526453 0.05706703 0.17550770 0.02659132 0.00570077 0.03014632 0.04715617 0.04855452 0.05684243 0.03954434 -0.00892148 0.02783079 -0.02118562 0.12131803 0.02394675 -0.01602776 0.01554177 -0.01901126 0.02055258 0.02996365 0.04565832 0.01789710 -0.01173028 -0.05685051 0.01366258 -0.01630961 -0.01259689 0.01575553 -0.02359238 -0.06882622 0.00631460 -0.02457158 0.01857502 -0.06328783 -0.02661954 -0.00921985 -0.02199230 0.06606958 -0.05392885 -0.04000020 0.02513654 0.04356812 0.00171296 -0.00161877 0.13735130 -0.09412532 0.04110475 -0.05027220 0.00080963
-0.01116825 0.08607363 0.01430865 -0.09998898 0.01788034 0.06368019 -0.02131732 0.02333861 0.13617174 0.00645793 0.04045605 0.02127551 -0.03528719 0.04952134 1.00000000 0.14225462 0.01930641 0.11599413 0.14362742 0.15847829 0.15750593 0.22566230 0.03112793 0.10266427 0.21020705 0.10181907 -0.02134943 0.07465532 0.03181326 -0.04466290 -0.03340997 0.02653795 -0.01232285 -0.01174002 0.01316631 0.05034759 -0.06874971 0.07146004 0.04005384 0.00711924 -0.05651376 0.00176352 0.03454817 0.00223451 0.00150664 0.09636053 -0.00676905 -0.04499750 -0.02473438 -0.06689507 0.00431147 -0.04889182 -0.02534849 0.08012046 -0.06566327 -0.09087147 0.04143441 0.05777620 -0.03204066 0.11984311 -0.08493666 -0.03582701 0.06399184 -0.02506792 -0.08134773 0.03981638 0.09225827 0.09640658 -0.00115737 0.00755177 0.00854684 0.05322671 -0.07809903 0.07574941 0.08689199 0.10328513 -0.01833030 0.04566743
-0.02288496 -0.14043187 -0.02819021 -0.06309753 -0.15322024 -0.03948020 -0.06074759 -0.02206535 -0.05688870 -0.07568346 -0.12938727 -0.06500161 -0.02337048 0.17710259 0.14225462 1.00000000 0.20195689 0.09653237 0.14999324 0.11115142 0.22255024 0.24634402 0.09378292 0.13072197 0.08677947 0.08222176 0.04685814 0.00485495 0.05155630 0.06969576 -0.10435888 -0.00097850 -0.01536483 -0.01719714 0.15232218 0.04213863 0.00816803 -0.02368417 -0.07262865 0.03577351 -0.03784354 -0.00471489 0.02706774 -0.05034253 -0.04788346 0.02036053 -0.05720596 -0.03027030 -0.01020964 -0.01102254 -0.02226901 0.05505243 -0.06106123 0.01263894 -0.06402234 -0.02486967 0.09991565 -0.00661418 -0.13421489 0.09499397 -0.02151193 -0.00139388 -0.11887963 -0.11264694 0.04753259 -0.04523557 0.02455644 -0.00074679 -0.03537475 -0.04302528 -0.06948982 -0.04672429 0.00333135 0.01825316 -0.02043898 -0.00592110 -0.15200544 -0.05536673
-0.01144467 -0.01835359 -0.01845043 -0.07707802 0.00594531 0.05354571 -0.00182839 0.03073661 -0.01568105 -0.03898036 -0.01537776 -0.07428540 0.02830845 0.26791915 0.01930641 0.20195689 1.00000000 0.16183129 0.12803833 0.17280445 0.11926850 0.14007879 0.31356547 0.27847734 0.05907677 0.25711364 -0.05821109 0.02738645 0.05445721 0.03789100 -0.05612902 0.03863286 -0.06634589 0.03100359 0.08273852 -0.00255248 0.04486431 0.01417684 -0.07268543 0.00599761 0.05094761 0.00881745 0.03761705 0.03999891 -0.01172874 0.05016945 -0.00973506 -0.05525328 0.03594707 -0.03651975 0.03438236 0.02839235 0.00613984 -0.00898351 0.01191066 -0.07966699 -0.04710460 -0.02899856 -0.09727700 -0.00557900 -0.05643029 -0.00193206 -0.14542353 -0.05628115 -0.03783525 0.05531205 0.03811496 -0.00257452 0.06720709 0.01315563 -0.02431921 -0.02688259 0.00744165 0.02986412 0.01878200 0.03940095 -0.00072319 -0.03448048
0.01571760 0.05966783 -0.05560682 0.04926462 0.08614619 0.13063076 0.13536797 0.01686716 -0.00037952 -0.00439362 -0.00701432 -0.02301947 0.01250035 0.10243311 0.11599413 0.09653237 0.16183129 1.00000000 0.17662316 0.19697173 0.08399342 0.21911152 0.25591628 0.12092093 0.21927832 0.16363901 0.00026474 -0.00953449 0.08834931 -0.02810495 -0.01134203 -0.00184958 -0.06174171 0.07665735 0.01174582 0.05339107 -0.02774597 -0.04877567 -0.06446127 -0.01892156 0.01134855 0.00391081 0.08955923 0.03743299 0.02770321 0.02556840 -0.03896390 0.03136366 0.00086459 0.01395663 0.05593522 -0.03188732 -0.06220650 0.03760857 0.06956271 -0.00593773 0.04279054 0.00164087 0.00891703 -0.03801684 0.05689354 0.08120740 -0.06444144 0.05366275 -0.02155065 0.01235862 0.07900693 0.01461886 0.05027539 0.14693264 0.06232184 -0.10289528 -0.02044036 0.11643181 -0.02350964 0.03376109 0.03331756 -0.01255790
0.00184119 0.04022590 0.02039930 -0.07720339 0.02939970 0.07868822 -0.01492856 -0.00015932 -0.00883748 0.00789763 -0.04305933 0.10672802 -0.02095509 0.05230940 0.14362742 0.14999324 0.12803833 0.17662316 1.00000000 0.31033620 0.20070605 0.14605302 0.24149394 0.20088830 0.09202874 0.25280371 -0.00016585 0.05110329 0.00873783 0.07229673 -0.10545154 -0.02768552 -0.02072324 -0.05794899 -0.02781882 0.05187882 0.07106154 -0.01499385 0.00290705 -0.02210461 -0.03792141 -0.04091899 -0.00556007 0.09312289 -0.00139512 0.09359175 -0.05080066 -0.04032799 -0.14494598 -0.07439490 -0.04600866 0.01207018 -0.10621489 -0.02014894 -0.03593022 -0.04101026 -0.02369813 -0.03465728 0.10496961 -0.01983241 0.05231851 0.07673877 -0.01583365 -0.00605403 0.06946376 0.07360589 -0.00222549 0.11134141 0.09891742 0.02902199 -0.00621879 0.05517006 0.07441244 0.12658082 0.07625402 0.09336747 0.02024390 0.04707324
0.04381977 0.00523479 -0.05113549 0.05528424 0.02697601 0.08678267 0.04749660 0.02325489 -0.00305507 0.03658997 0.06312990 -0.07710269 -0.02697640 0.16651133 0.15847829 0.11115142 0.17280445 0.19697173 0.31033620 1.00000000 0.10050865 0.09453550 0.25674741 0.20119652 0.02064589 0.09068772 -0.05922962 0.06206325 0.07316402 -0.02273967 -0.06296902 0.01642907 -0.16662732 -0.04870329 0.02244260 -0.00044206 0.02195882 -0.00128131 -0.01364567 -0.12690134 -0.12432005 -0.11094950 0.02826347 0.00428092 0.00295808 0.02231407 -0.01353065 -0.04290862 -0.03996323 -0.07071761 -0.09791888 -0.05360504 -0.11631304 0.05193707 0.05766227 -0.06664524 0.03901917 -0.01813894 0.03641336 0.01142198 0.03683883 0.06277994 -0.09567217 -0.03447601 -0.04484789 0.07782327 0.03122674 0.02639054 -0.00896536 -0.05135773 0.11850962 -0.04309898 0.01945447 0.16876893 -0.03252927 0.05995757 -0.13202261 0.01447997
0.01650485 -0.06333988 0.08401974 -0.04421816 0.00444014 -0.00299031 0.05381435 0.03547305 -0.07635801 -0.06032566 -0.01884528 -0.01473613 -0.06136993 0.06828911 0.15750593 0.22255024 0.11926850 0.08399342 0.20070605 0.10050865 1.00000000 0.28315018 0.14316078 0.17061873 0.23378741 0.22271468 -0.02964274 -0.02793376 -0.04674264 0.00099102 0.03810257 0.00866913 0.03289802 -0.03794423 0.05100699 -0.04088332 0.00057606 0.01511093 -0.00537243 0.02578360 -0.05152974 -0.00386067 -0.04866195 -0.08451772 -0.14020970 -0.03392457 -0.02030636 -0.01136881 -0.12788663 -0.10742751 0.08114221 0.03797168 -0.02892091 0.05521434 0.02920348 0.11093002 0.00876077 -0.02997706 0.03046762 0.05181441 -0.01722641 -0.06809902 -0.04478841 0.11372017 0.00665735 0.01315604 0.10193257 0.04639087 0.03711047 -0.02560919 -0.06195570 -0.06088597 -0.01125411 0.07335326 -0.04041011 0.04952908 -0.02192678 0.01051307
0.07373425 -0.05778974 0.01473093 -0.10629004 0.01279356 -0.01398468 0.07428730 -0.05741578 0.04622585 -0.07587027 0.03249071 0.05189818 -0.01794214 0.12635602 0.22566230 0.24634402 0.14007879 0.21911152 0.14605302 0.09453550 0.28315018 1.00000000 0.23387572 0.14381176 0.30954871 0.26542997 -0.02852699 0.00844552 -0.01579284 0.00660502 -0.04625050 -0.03274874 -0.00344375 -0.06692765 0.08144751 0.03799705 0.04891646 0.07270499 -0.11224365 0.03577849 -0.07068234 0.01441378 0.04087432 -0.05340704 -0.00106941 0.06009314 -0.03490668 -0.07872998 0.02364927 -0.09696490 0.16748590 0.05692000 -0.06045560 0.03495808 -0.02050350 0.05522291 -0.00291786 0.02728751 -0.04557489 0.08490769 0.02473536 -0.00825155 -0.08820933 -0.00419725 -0.04716139 0.00871394 0.00029835 -0.00848346 0.02552743 -0.03052022 -0.01211114 -0.08172726 -0.05762629 0.03426158 -0.02332502 0.05655489 -0.02580229 -0.06678322
-0.03986459 -0.08230400 0.01213745 -0.04739975 -0.11280325 0.08220569 0.07054188 -0.12372881 -0.03177166 0.02522955 -0.03821676 -0.06827882 -0.02333896 0.19441030 0.03112793 0.09378292 0.31356547 0.25591628 0.24149394 0.25674741 0.14316078 0.23387572 1.00000000 0.13780429 0.09431005 0.28989797 0.00066131 0.01550539 0.03979817 0.06511733 -0.05649050 -0.04462351 -0.01396773 0.04409463 -0.00015157 0.00469442 0.07586198 -0.03530320 -0.05358919 -0.01867113 0.03045537 -0.07895813 -0.01751484 0.00111826 -0.03217627 -0.06024087 -0.03925005 -0.12675533 0.04876605 -0.00922297 0.01018761 0.02085644 0.01501683 0.08921390 0.04687129 0.02665715 0.02313231 0.03891422 0.05411671 0.09699624 0.05062793 -0.00676712 -0.06587808 0.03548448 0.01734365 0.03258952 0.10265361 -0.06623412 0.05717395 -0.03651193 0.02365500 0.04874338 0.02739642 0.08529679 -0.08272490 -0.00406728 -0.00264972 0.06929201
-0.00114753 -0.16829147 -0.14134268 -0.17089565 -0.07789531 -0.10572227 -0.05359023 -0.04096946 -0.07227555 -0.01312646 -0.00642274 -0.04587420 -0.10354774 0.07295121 0.10266427 0.13072197 0.27847734 0.12092093 0.20088830 0.20119652 0.17061873 0.14381176 0.13780429 1.00000000 0.11402850 0.33100869 -0.14102065 -0.02455594 -0.01647150 -0.05610230 -0.02210721 0.00204660 -0.03979959 -0.05429603 0.08999262 -0.02555574 0.02743628 -0.01700196 -0.06726331 -0.05244641 -0.02372376 0.00420112 -0.05153479 0.00795783 -0.03913376 -0.00010305 -0.00727759 -0.07468785 0.00857379 0.01567753 0.02667991 0.03551283 -0.08055953 0.03804917 -0.00922768 -0.04788481 0.05436567 0.04381541 0.01073684 0.08057186 0.01815435 -0.04249189 -0.04051103 -0.01538861 0.04409001 0.06304782 0.00151673 0.10408731 0.02501665 -0.12452111 0.06329752 -0.03543670 -0.05396333 0.03048697 0.05445816 0.00273595 -0.00418020 -0.00420827
0.06327929 -0.02410932 0.10394900 -0.05426344 0.08629455 0.09952296 0.07840211 0.01376144 0.05300278 -0.04105511 0.12944486 0.18730899 -0.00250248 0.09528217 0.21020705 0.08677947 0.05907677 0.21927832 0.09202874 0.02064589 0.23378741 0.30954871 0.09431005 0.11402850 1.00000000 0.19736642 0.01356747 0.03501704 -0.10322363 0.03364188 -0.04009579 -0.01625353 -0.06876806 -0.04270888 -0.01723973 0.04784820 -0.07234525 -0.03020456 -0.05276327 0.05334969 -0.09124646 0.04080381 0.01014033 -0.05078672 -0.06983703 0.07924474 -0.02274117 -0.01420657 -0.03734213 -0.01625849 0.11119312 -0.07243584 -0.07486630 0.04061738 0.06438432 -0.01430791 0.04740246 0.06169093 0.01297845 0.03670292 -0.01047053 0.03026385 0.01510805 0.01779591 -0.03335294 0.03488220 0.03882625 0.06971351 -0.02669203 0.00834914 -0.07445334 0.01396525 0.03856384 0.06995653 -0.00606016 0.04206959 0.04752906 0.01334214
-0.06062541 -0.02826128 -0.01316767 -0.18412889 -0.06708508 -0.10613283 -0.01206371 -0.09123249 0.03208903 -0.01803557 0.07027182 0.05605441 -0.09357622 0.23004074 0.10181907 0.08222176 0.25711364 0.16363901 0.25280371 0.09068772 0.22271468 0.26542997 0.28989797 0.33100869 0.19736642 1.00000000 0.00961759 -0.01854807 -0.09652368 -0.01196621 -0.02766822 0.08825877 0.01916490 -0.12434027 0.08072229 -0.05389818 0.02960198 0.04069403 -0.01074632 -0.03736749 0.04424866 0.01396409 0.03579723 0.01643759 -0.00494744 -0.01314881 -0.04015857 -0.02683786 -0.03777638 -0.09135740 0.06317866 -0.03292880 -0.09638411 0.04377121 0.00412775 0.00216093 0.01732258 0.00607329 0.00363159 0.06349673 -0.00243075 0.03802336 -0.04972391 0.02728335 0.06102309 0.00623659 0.01256259 -0.08144846 0.01304864 -0.02405448 -0.03434573 0.01588955 0.00462322 0.11317492 -0.02998590 0.03823792 0.01529952 -0.00703153
-0.03806127 -0.01150726 0.00570665 0.04878699 -0.07624814 0.04420984 0.01007773 0.00943790 -0.00533913 -0.07133105 -0.08913626 0.03095425 0.11879584 0.01266331 -0.02134943 0.04685814 -0.05821109 0.00026474 -0.00016585 -0.05922962 -0.02964274 -0.02852699 0.00066131 -0.14102065 0.01356747 0.00961759 1.00000000 0.17874451 0.03570853 0.21474872 -0.02827796 0.17331385 0.11714892 0.14935009 0.06698963 0.18673902 0.11742867 0.08197541 0.14162707 0.06521422 -0.01121452 -0.02734535 0.01043981 0.01612708 -0.06083140 0.07069798 -0.06249291 -0.09304713 -0.02250493 0.08422501 0.02928357 0.05363287 0.08021999 -0.00859677 0.03827429 0.03153829 0.04819335 0.01028285 0.10391455 0.04435065 0.08438690 0.15507176 0.14902888 -0.11860252 0.13863613 -0.12180858 -0.06000195 -0.03158577 -0.05523147 -0.02147477 -0.07170788 -0.01977315 -0.00967642 -0.01380867 -0.02411343 -0.07469144 -0.06745055 -0.08331436
0.00405139 0.08207275 0.08801434 -0.03078268 0.10803680 0.09038716 0.11678226 0.04319560 0.18775509 0.12322821 0.14078507 0.05421106 0.05290584 0.01326884 0.07465532 0.00485495 0.02738645 -0.00953449 0.05110329 0.06206325 -0.02793376 0.00844552 0.01550539 -0.02455594 0.03501704 -0.01854807 0.17874451 1.00000000 0.09058000 0.11932271 0.08444184 0.23615530 0.06883040 0.09812136 0.29403098 0.16724489 0.10092221 0.21468100 0.19009365 0.03932113 -0.04839086 -0.01247595 -0.01485916 0.07076122 0.07541313 0.06167741 0.04348507 0.12832245 0.04727099 0.13891672 0.00613144 -0.03177675 -0.09763503 0.07908481 -0.03023795 -0.10725685 -0.00419240 0.06725409 0.13273401 0.01896121 0.00256797 0.08868597 0.07420750 -0.03381024 -0.02882457 0.10398364 0.02779778 0.06356781 0.09847210 -0.04795509 -0.00744149 0.00801418 0.08475003 0.07270700 0.07969965 0.00895026 0.16653962 -0.00077965
-0.02938911 0.09260963 -0.05052020 0.00698507 0.13884135 -0.03282302 -0.03904379 0.06121765 -0.00532661 0.04645203 -0.02968610 -0.04207550 -0.00581466 0.07741330 0.03181326 0.05155630 0.05445721 0.08834931 0.00873783 0.07316402 -0.04674264 -0.01579284 0.03979817 -0.01647150 -0.10322363 -0.09652368 0.03570853 0.09058000 1.00000000 0.14713375 0.24094859 0.13308330 0.17712937 0.26672282 0.10074120 0.27115426 0.16769783 0.10303179 0.27499975 -0.11712616 -0.00506568 0.00906115 0.06663376 0.04872223 -0.01667925 -0.04541898 0.06768803 0.04611445 0.08596020 0.04372232 -0.04232660 0.03460693 -0.07141975 0.01804071 -0.05017738 0.07341569 -0.04297858 0.04178407 -0.08161453 0.07640033 -0.05197688 -0.07100843 0.12275281 -0.01094897 0.07339657 0.04076750 0.10409032 -0.01925721 0.13471458 0.05428408 -0.00976696 -0.05093608 0.10731241 -0.02037493 -0.03212783 -0.03801647 0.04009532 -0.06829511
-0.04577031 -0.07785857 0.01224021 0.11900325 0.00201435 0.07865928 0.05018044 0.05231803 0.02349223 -0.05496854 -0.06084176 -0.03288274 0.10132968 0.00526453 -0.04466290 0.06969576 0.03789100 -0.02810495 0.07229673 -0.02273967 0.00099102 0.00660502 0.06511733 -0.05610230 0.03364188 -0.01196621 0.21474872 0.11932271 0.14713375 1.00000000 0.07128072 0.17719515 0.03892779 0.15677302 0.22807170 0.14199359 0.22113590 0.16000191 0.14244273 -0.05370335 -0.08885018 -0.03997569 -0.06037039 -0.10432828 -0.06682768 -0.01284025 0.00339673 -0.11812216 -0.03666886 -0.01876684 0.07637773 0.08320471 0.04445159 0.10369848 -0.02372829 -0.02227718 0.12648520 -0.03967847 0.02444550 0.09070806 0.18607596 0.05156329 -0.06696869 0.02011254 0.04203019 -0.06020038 -0.04205836 -0.03961634 0.00908181 -0.01252007 0.02906163 0.02679964 0.06488440 -0.09447952 -0.06151727 -0.09397784 -0.10364118 -0.06672974
-0.00635830 0.12516874 -0.03567268 0.03295501 0.16528524 -0.06577112 0.06108718 0.07326814 0.03432167 0.16424935 0.05361661 0.03499437 -0.04017066 0.05706703 -0.03340997 -0.10435888 -0.05612902 -0.01134203 -0.10545154 -0.06296902 0.03810257 -0.04625050 -0.05649050 -0.02210721 -0.04009579 -0.02766822 -0.02827796 0.08444184 0.24094859 0.07128072 1.00000000 0.20756955 0.35338195 0.28739335 0.15513889 0.08556364 0.01275867 0.23007959 0.18687935 0.01260670 -0.02872947 -0.01538940 -0.01816947 0.10336520 0.03614757 -0.09234657 0.10544022 0.04791436 -0.03095201 0.06490159 -0.03137289 -0.12104003 -0.07147124 -0.01352834 0.02604882 0.10807591 -0.04641567 0.06413742 0.04525118 -0.01104627 0.05274960 0.08847631 0.11765251 0.04492607 0.08505867 -0.03705444 0.02415380 -0.12259189 -0.01661881 0.05176732 -0.07848856 -0.18498548 0.09474724 -0.02089242 0.03596215 -0.02649671 0.01567357 0.05166283
0.03431758 -0.02502589 -0.03009793 -0.01895130 0.07908439 0.00743923 0.02770582 0.04593033 -0.06407600 0.02875328 -0.00763488 -0.02394861 -0.03392080 0.17550770 0.02653795 -0.00097850 0.03863286 -0.00184958 -0.02768552 0.01642907 0.00866913 -0.03274874 -0.04462351 0.00204660 -0.01625353 0.08825877 0.17331385 0.23615530 0.13308330 0.17719515 0.20756955 1.00000000 0.15679133 0.12481742 0.28387563 0.16291379 0.15232282 0.24329134 0.25073338 -0.02832073 0.08611191 -0.01893346 0.11013774 0.08629853 0.00331533 -0.01450398 0.09310406 0.02324305 0.08886530 0.09979637 0.07811488 0.02109741 -0.09153142 -0.03668731 -0.05384916 0.07412641 -0.01375160 0.05925995 0.03175389 -0.05266613 -0.00552007 0.04313063 0.02923571 0.05768654 0.03344471 0.03102992 0.00365721 -0.02008812 -0.05185801 0.00990054 -0.01476911 -0.03143992 0.12993201 -0.06591557 -0.01634367 -0.00995151 -0.02958608 0.07396524
-0.04484301 0.08562465 0.02189541 -0.05488531 0.09261459 -0.00079176 -0.05836536 0.06093161 0.00088915 0.12586370 0.05432452 0.16064754 -0.09759702 0.02659132 -0.01232285 -0.01536483 -0.06634589 -0.06174171 -0.02072324 -0.16662732 0.03289802 -0.00344375 -0.01396773 -0.03979959 -0.06876806 0.01916490 0.11714892 0.06883040 0.17712937 0.03892779 0.35338195 0.15679133 1.00000000 0.30056037 0.16732499 0.16911171 0.09654530 0.23163756 0.19050336 0.02012565 0.02383114 -0.06496446 -0.10051089 -0.00947461 -0.00712314 -0.13054570 0.01493267 0.09162582 -0.07359309 0.01826688 0.02151985 -0.04663406 0.02406737 -0.01612495 -0.04456232 0.16995861 -0.03858396 0.12510974 -0.06521680 -0.05933166 -0.02476434 0.04217019 0.14045614 -0.03041175 0.10229695 0.01352800 0.00396737 -0.05264594 0.07748835 -0.03603537 -0.10110525 -0.01076404 0.02766660 -0.02708831 0.08088049 -0.10169678 0.08970244 0.01267982
-0.00697312 0.02960988 -0.11324423 0.02979905 0.04521863 0.12239332 -0.01367801 0.00845871 -0.08593920 -0.05070643 -0.01283285 -0.03555690 0.01682922 0.00570077 -0.01174002 -0.01719714 0.03100359 0.07665735 -0.05794899 -0.04870329 -0.03794423 -0.06692765 0.04409463 -0.05429603 -0.04270888 -0.12434027 0.14935009 0.09812136 0.26672282 0.15677302 0.28739335 0.12481742 0.30056037 1.00000000 0.08042341 0.09753634 0.09234306 0.13674838 0.19905043 -0.00063725 0.02926564 0.00258427 -0.00283094 0.06381048 0.04101167 0.03799884 0.01482503 0.07589398 0.03042501 0.11083474 -0.01158205 0.00632816 0.05953115 0.06921323 0.07341927 0.04325126 0.04103907 0.05922158 -0.08277090 0.08981391 0.07547135 0.05561041 0.04749747 0.02696620 0.12637776 -0.01163741 0.11180541 0.03354931 0.14695277 0.00803440 -0.04409079 -0.06047622 0.02314896 0.02534654 -0.05625079 -0.09113302 0.04389663 -0.07004974
-0.01758513 -0.10171620 -0.04037199 -0.05301042 0.06477460 -0.08699656 -0.03661895 0.01827570 0.03165348 0.01284755 0.08261407 -0.05844295 -0.05908351 0.03014632 0.01316631 0.15232218 0.08273852 0.01174582 -0.02781882 0.02244260 0.05100699 0.08144751 -0.00015157 0.08999262 -0.01723973 0.08072229 0.06698963 0.29403098 0.10074120 0.22807170 0.15513889 0.28387563 0.16732499 0.08042341 1.00000000 0.10267776 0.23340239 0.22635546 0.20848233 -0.04586912 0.07026395 0.00573820 0.00232230 0.05681941 -0.06898343 -0.06675595 0.00867877 0.04194652 0.05261484 0.01572548 -0.06038086 0.04059553 -0.11145445 0.02080664 -0.01573910 0.05616651 -0.02983481 0.02108213 -0.04303854 0.10346545 0.08271610 0.04028667 0.03499592 -0.00536643 0.03771021 -0.01862939 0.03459138 -0.08779604 0.03739432 -0.03221934 -0.00754329 -0.08054515 0.02394361 0.03760835 -0.02402566 0.04030910 -0.02042318 -0.08606903
-0.01051403 -0.02721308 -0.02212062 0.01151435 0.10816256 -0.00537642 -0.06326414 0.09156082 0.01135673 -0.09855728 0.10466527 0.05618618 -0.01028695 0.04715617 0.05034759 0.04213863 -0.00255248 0.05339107 0.05187882 -0.00044206 -0.04088332 0.03799705 0.00469442 -0.02555574 0.04784820 -0.05389818 0.18673902 0.16724489 0.27115426 0.14199359 0.08556364 0.16291379 0.16911171 0.09753634 0.10267776 1.00000000 0.18416728 0.24477353 0.26271531 0.02009267 0.00288701 -0.00265943 0.10645266 0.07345336 -0.02693298 0.02888643 0.10584959 0.00492335 0.00400295 0.08964349 0.05617199 -0.02808998 -0.05355566 0.01858285 0.02551438 0.07414220 0.02443196 0.04781361 0.04111756 0.00293302 -0.01647118 0.01921843 0.03311195 -0.11072416 0.02918946 -0.03568135 0.00463043 -0.00139291 0.07987652 0.03242275 -0.05352748 0.06098092 0.06371380 0.04841368 0.05656750 -0.06286110 -0.05340733 -0.02971380
0.09113609 -0.09827426 -0.05186963 0.01163041 -0.01799540 0.06960560 -0.04769592 -0.10825827 0.03386567 -0.10989073 0.00411130 -0.06454678 0.00284860 0.04855452 -0.06874971 0.00816803 0.04486431 -0.02774597 0.07106154 0.02195882 0.00057606 0.04891646 0.07586198 0.02743628 -0.07234525 0.02960198 0.11742867 0.10092221 0.16769783 0.22113590 0.01275867 0.15232282 0.09654530 0.09234306 0.23340239 0.18416728 1.00000000 0.23863670 0.19126725 -0.07582043 0.06210163 0.04722621 0.07786149 -0.03663831 -0.03878692 0.02731571 -0.01703085 0.12464484 0.00858936 0.03950656 0.04201297 0.06272415 -0.02109414 0.06493071 0.06949752 0.11379172 0.04785655 -0.05184373 -0.01884293 0.12592836 0.12842028 0.01694829 0.00672085 0.01109816 0.00113954 0.01664581 -0.05525067 -0.01756805 0.02915024 -0.13812469 -0.09477078 -0.02930615 -0.04571422 -0.08627715 -0.01246040 -0.09096035 -0.01442864 -0.04296670
0.09582579 0.06149804 0.04755439 0.00373132 0.13938627 0.03479912 -0.08109502 0.02000614 0.02292722 0.02984784 0.05419498 0.00368726 -0.02294764 0.05684243 0.07146004 -0.02368417 0.01417684 -0.04877567 -0.01499385 -0.00128131 0.01511093 0.07270499 -0.03530320 -0.01700196 -0.03020456 0.04069403 0.08197541 0.21468100 0.10303179 0.16000191 0.23007959 0.24329134 0.23163756 0.13674838 0.22635546 0.24477353 0.23863670 1.00000000 0.30452034 0.04017624 0.04592352 -0.04416555 0.03700767 -0.03877002 0.05779286 -0.05042621 0.03254558 0.02655575 0.02442136 0.09854397 0.02047845 -0.03389961 -0.04999714 0.04435048 -0.01756730 0.11266798 -0.03973840 -0.02813499 0.05091040 0.00159031 0.02544582 -0.02284997 0.02231342 -0.08799725 -0.08715019 0.04966816 0.02321614 -0.02528907 0.03046685 -0.02205445 -0.02091692 0.10433665 -0.01854127 0.03501373 0.06053447 0.08985644 -0.01657759 0.01836984
0.01410086 0.04700754 0.04871143 0.01932596 0.06363098 -0.06578298 -0.04114829 0.07096644 -0.05163191 0.08509449 0.08702999 -0.03822188 -0.05097831 0.03954434 0.04005384 -0.07262865 -0.07268543 -0.06446127 0.00290705 -0.01364567 -0.00537243 -0.11224365 -0.05358919 -0.06726331 -0.05276327 -0.01074632 0.14162707 0.19009365 0.27499975 0.14244273 0.18687935 0.25073338 0.19050336 0.19905043 0.20848233 0.26271531 0.19126725 0.30452034 1.00000000 -0.04054626 0.06871647 -0.02538662 0.03416845 -0.00494943 0.03061762 -0.08315306 0.05599876 0.09408508 0.04033650 0.08903688 -0.08277273 0.02277763 -0.02263608 -0.08006443 -0.06797529 0.08842581 0.00350394 0.02194493 0.01239846 -0.05938420 -0.12017445 -0.04084404 0.11299531 -0.02401710 0.04818144 0.03782146 0.02007196 0.04526563 0.07730108 0.06512794 -0.10996134 0.06251466 0.01540069 0.01132255 0.01743652 -0.04825190 -0.02921865 -0.00712473
0.02236701 0.01977780 0.01693603 0.01123415 0.15029085 0.01024708 0.11272844 -0.03933787 0.05669344 0.06064523 -0.06798846 -0.01127932 0.07745943 -0.00892148 0.00711924 0.03577351 0.00599761 -0.01892156 -0.02210461 -0.12690134 0.02578360 0.03577849 -0.01867113 -0.05244641 0.05334969 -0.03736749 0.06521422 0.03932113 -0.11712616 -0.05370335 0.01260670 -0.02832073 0.02012565 -0.00063725 -0.04586912 0.02009267 -0.07582043 0.04017624 -0.04054626 1.00000000 0.24624005 0.21645316 0.10002152 0.18000361 0.14649609 0.12974527 0.16683572 0.06773812 -0.06753006 0.25142960 0.23980154 0.03681052 -0.05024384 -0.05730919 -0.06532852 0.02520530 0.01550914 0.02968373 0.00850910 0.02316206 -0.10201012 0.05106198 0.11300070 -0.11876575 -0.02258993 -0.06908948 0.00939715 -0.04821755 0.10795970 0.02493037 0.02043162 0.00577715 -0.05051049 0.01440116 0.06922644 0.08402071 0.10058348 0.04961181
0.02813767 0.03647310 -0.01638799 -0.01413465 0.02675061 -0.09539786 -0.01579442 0.01820751 -0.09125141 0.03827797 -0.00868025 -0.01656468 -0.05927330 0.02783079 -0.05651376 -0.03784354 0.05094761 0.01134855 -0.03792141 -0.12432005 -0.05152974 -0.07068234 0.03045537 -0.02372376 -0.09124646 0.04424866 -0.01121452 -0.04839086 -0.00506568 -0.08885018 -0.02872947 0.08611191 0.02383114 0.02926564 0.07026395 0.00288701 0.06210163 0.04592352 0.06871647 0.24624005 1.00000000 0.16983810 0.23392398 0.20398666 0.25079892 -0.01649848 0.15328585 0.24635234 0.18260712 0.18924699 0.09949484 0.16617827 -0.02305707 -0.08935193 0.02972059 0.05992591 -0.01728993 0.10651725 0.01645617 0.12084553 -0.02716304 0.02050598 0.08610885 0.05159599 0.08460034 -0.05886349 0.01914765 0.02757173 0.05272755 -0.00585483 0.04085596 -0.02899898 -0.00109203 -0.02424052 -0.03402119 -0.00961021 0.01467299 -0.02176903
-0.07043729 -0.00554307 -0.10116703 -0.09583654 0.08952075 0.00870204 -0.00169192 0.07378733 -0.06525197 -0.06100316 0.02267806 -0.07696613 0.02727752 -0.02118562 0.00176352 -0.00471489 0.00881745 0.00391081 -0.04091899 -0.11094950 -0.00386067 0.01441378 -0.07895813 0.00420112 0.04080381 0.01396409 -0.02734535 -0.01247595 0.00906115 -0.03997569 -0.01538940 -0.01893346 -0.06496446 0.00258427 0.00573820 -0.00265943 0.04722621 -0.04416555 -0.02538662 0.21645316 0.16983810 1.00000000 0.23987343 0.15504119 0.16246735 0.16516115 0.08985989 0.15293344 0.21293262 0.09074261 0.22564662 0.16373923 -0.07522628 -0.00162255 0.04449430 -0.02785877 -0.06140754 -0.06482922 -0.01823160 0.09136470 -0.06346610 -0.07674013 0.09743187 -0.02760231 -0.03646282 -0.03862925 0.01509686 0.07636223 0.11630965 0.01354561 0.00349011 0.00737832 -0.07868639 0.03721071 -0.01518208 -0.02554621 0.05304212 -0.03737815
-0.04713955 -0.02736523 -0.01172765 0.00190942 0.13540589 -0.05405074 0.00819140 0.08110898 -0.02087006 -0.00000352 0.05209139 -0.02796655 -0.06343967 0.12131803 0.03454817 0.02706774 0.03761705 0.08955923 -0.00556007 0.02826347 -0.04866195 0.04087432 -0.01751484 -0.05153479 0.01014033 0.03579723 0.01043981 -0.01485916 0.06663376 -0.06037039 -0.01816947 0.11013774 -0.10051089 -0.00283094 0.00232230 0.10645266 0.07786149 0.03700767 0.03416845 0.10002152 0.23392398 0.23987343 1.00000000 0.25069342 0.23914415 0.24288203 0.14352076 0.22149572 0.22734156 0.16168456 0.05733342 0.12176561 -0.13927956 -0.04058822 0.09300780 0.00000540 0.01023260 0.03412461 0.02374919 0.04594029 -0.04789838 -0.01941116 0.04971597 0.03343225 0.04798471 -0.02143145 0.05650383 0.00632858 0.01366547 0.06228477 0.03802654 -0.06750277 0.07625641 0.06715047 -0.05149266 0.03590880 -0.03939098 0.06238083
-0.07562106 0.05954850 -0.06917181 -0.00036746 0.11726086 0.02776493 -0.04789905 -0.00418618 0.08463944 0.06550303 -0.00528060 0.04950753 0.05782474 0.02394675 0.00223451 -0.05034253 0.03999891 0.03743299 0.09312289 0.00428092 -0.08451772 -0.05340704 0.00111826 0.00795783 -0.05078672 0.01643759 0.01612708 0.07076122 0.04872223 -0.10432828 0.10336520 0.08629853 -0.00947461 0.06381048 0.05681941 0.07345336 -0.03663831 -0.03877002 -0.00494943 0.18000361 0.20398666 0.15504119 0.25069342 1.00000000 0.15269846 0.21167216 0.20666307 0.09774638 0.09339530 0.19691854 0.10350568 -0.01012381 -0.14408698 -0.04125709 0.03040113 0.04101985 -0.04926768 0.15837949 0.09920611 -0.02881489 -0.07813682 0.01472881 0.12513089 -0.03136466 0.05792563 0.00763465 0.07348753 -0.00334044 0.08040014 0.14154505 0.12595043 0.00472634 0.18117322 0.10475493 0.00164480 0.06792912 0.17308329 0.09188765
-0.01991068 0.15476619 0.05107869 0.00548846 0.06607134 0.04878437 -0.04240414 0.05946205 0.10454149 0.17752608 0.06581843 0.08698022 0.02465136 -0.01602776 0.00150664 -0.04788346 -0.01172874 0.02770321 -0.00139512 0.00295808 -0.14020970 -0.00106941 -0.03217627 -0.03913376 -0.06983703 -0.00494744 -0.06083140 0.07541313 -0.01667925 -0.06682768 0.03614757 0.00331533 -0.00712314 0.04101167 -0.06898343 -0.02693298 -0.03878692 0.05779286 0.03061762 0.14649609 0.25079892 0.16246735 0.23914415 0.15269846 1.00000000 0.12909044 0.30236765 0.13393844 0.22859925 0.12001394 0.09388361 0.24542773 -0.03118037 -0.05525922 0.06258264 0.02697708 -0.00131649 -0.05286607 0.02444920 -0.00359086 -0.01704248 0.02503082 0.09442021 0.09328450 -0.00319362 0.00075308 -0.01361448 0.00079450 0.04115930 0.02402772 0.02927986 0.00884080 -0.02489079 0.05429653 -0.03235237 0.07580451 0.07947164 0.01493461
0.01550314 -0.07097925 -0.06121412 -0.00523670 -0.02293982 0.03227833 -0.06357799 -0.10922533 0.02276049 -0.05763024 -0.09873839 -0.02557130 0.12654675 0.01554177 0.09636053 0.02036053 0.05016945 0.02556840 0.09359175 0.02231407 -0.03392457 0.06009314 -0.06024087 -0.00010305 0.07924474 -0.01314881 0.07069798 0.06167741 -0.04541898 -0.01284025 -0.09234657 -0.01450398 -0.13054570 0.03799884 -0.06675595 0.02888643 0.02731571 -0.05042621 -0.08315306 0.12974527 -0.01649848 0.16516115 0.24288203 0.21167216 0.12909044 1.00000000 0.03981743 0.18101587 0.07748825 0.14911218 0.10760048 0.18584172 -0.02766833 -0.03563327 0.00664562 -0.18618505 -0.03468893 -0.07761425 0.09024060 -0.03665512 -0.04578105 -0.03720755 0.01455273 -0.00867859 0.01746870 0.03698924 0.06520425 0.03103513 -0.04857073 -0.05858157 0.07300650 0.01430735 0.02086906 0.00160013 -0.01573369 0.05487171 0.00751260 0.00989698
0.01681387 0.07439614 -0.07440656 0.02702321 0.13137134 -0.00960909 0.06104745 0.01448011 0.02463335 0.01928428 0.10232739 0.00521686 0.04575483 -0.01901126 -0.00676905 -0.05720596 -0.00973506 -0.03896390 -0.05080066 -0.01353065 -0.02030636 -0.03490668 -0.03925005 -0.00727759 -0.02274117 -0.04015857 -0.06249291 0.04348507 0.06768803 0.00339673 0.10544022 0.09310406 0.01493267 0.01482503 0.00867877 0.10584959 -0.01703085 0.03254558 0.05599876 0.16683572 0.15328585 0.08985989 0.14352076 0.20666307 0.30236765 0.03981743 1.00000000 0.03511628 0.16578448 0.21164782 0.12804362 0.15487842 -0.05450529 -0.13051266 0.05933982 0.10858863 -0.15845209 -0.03080000 -0.00126710 0.06337401 -0.10334823 -0.05128613 0.02179452 0.01426792 -0.06249975 -0.00376395 -0.00808286 0.02378847 0.03045807 0.04430409 0.11312084 -0.02595591 0.03702342 -0.04741916 0.04788010 -0.02583218 0.12354809 0.09321883
0.06191112 0.10803124 0.05001083 0.00563938 0.15081665 -0.01555455 0.04483974 0.11076899 -0.02506196 0.16591448 0.03891045 0.13117175 0.01031730 0.02055258 -0.04499750 -0.03027030 -0.05525328 0.03136366 -0.04032799 -0.04290862 -0.01136881 -0.07872998 -0.12675533 -0.07468785 -0.01420657 -0.02683786 -0.09304713 0.12832245 0.04611445 -0.11812216 0.04791436 0.02324305 0.09162582 0.07589398 0.04194652 0.00492335 0.12464484 0.02655575 0.09408508 0.06773812 0.24635234 0.15293344 0.22149572 0.09774638 0.13393844 0.18101587 0.03511628 1.00000000 0.17192580 0.20580064 0.06574919 0.22010474 -0.05026161 -0.00156510 -0.02947315 -0.08913057 -0.04767622 0.08212937 0.04428378 -0.01842173 -0.05917652 -0.00915178 0.07233980 -0.00678688 -0.01438262 -0.00839396 0.15445904 0.07801098 0.11662418 -0.02123469 -0.04237918 -0.07477412 0.05350961 0.12369316 -0.06978108 0.03727190 0.06850192 0.00739188
0.06915367 -0.03437394 -0.00456575 -0.06050152 -0.01606673 -0.06876308 0.02555319 0.03882592 -0.02635070 0.01898363 0.01110942 -0.05996330 0.04942361 0.02996365 -0.02473438 -0.01020964 0.03594707 0.00086459 -0.14494598 -0.03996323 -0.12788663 0.02364927 0.04876605 0.00857379 -0.03734213 -0.03777638 -0.02250493 0.04727099 0.08596020 -0.03666886 -0.03095201 0.08886530 -0.07359309 0.03042501 0.05261484 0.00400295 0.00858936 0.02442136 0.04033650 -0.06753006 0.18260712 0.21293262 0.22734156 0.09339530 0.22859925 0.07748825 0.16578448 0.17192580 1.00000000 0.26375661 0.00368697 0.18158583 -0.03623057 -0.05640227 -0.02702470 -0.12306462 -0.15435363 -0.08112887 0.02107246 0.00669903 0.03025610 -0.13163796 -0.03960436 -0.04216202 -0.05293180 0.01645481 0.08353921 0.12525364 -0.03094507 0.01238334 0.03819318 0.07012291 -0.04658561 0.01989253 -0.06972200 0.08770355 0.08384565 -0.03180552
0.07879112 0.05004487 0.04041035 -0.00134102 -0.00777588 0.04733479 -0.01826919 0.04544032 0.02560649 0.12128219 -0.04991699 0.03921479 0.08172556 0.04565832 -0.06689507 -0.01102254 -0.03651975 0.01395663 -0.07439490 -0.07071761 -0.10742751 -0.09696490 -0.00922297 0.01567753 -0.01625849 -0.09135740 0.08422501 0.13891672 0.04372232 -0.01876684 0.06490159 0.09979637 0.01826688 0.11083474 0.01572548 0.08964349 0.03950656 0.09854397 0.08903688 0.25142960 0.18924699 0.09074261 0.16168456 0.19691854 0.12001394 0.14911218 0.21164782 0.20580064 0.26375661 1.00000000 0.17601987 -0.05472392 -0.09746045 -0.07699822 0.03338948 -0.01374750 0.06953089 0.13386658 0.09150563 0.06455953 0.00851552 0.05945771 0.00481704 -0.00050119 0.05673773 -0.06028434 0.02508930 0.03901877 -0.05117920 0.04174175 0.02384527 -0.04562747 0.07076586 0.00743355 -0.08831236 -0.05380799 0.10657520 0.03422941
-0.03351986 0.02322911 0.04187418 0.07493412 0.05430843 0.12715580 0.10904453 -0.01645692 0.06725136 -0.00253750 -0.02960723 0.09978459 0.02102114 0.01789710 0.00431147 -0.02226901 0.03438236 0.05593522 -0.04600866 -0.09791888 0.08114221 0.16748590 0.01018761 0.02667991 0.11119312 0.06317866 0.02928357 0.00613144 -0.04232660 0.07637773 -0.03137289 0.07811488 0.02151985 -0.01158205 -0.06038086 0.05617199 0.04201297 0.02047845 -0.08277273 0.23980154 0.09949484 0.22564662 0.05733342 0.10350568 0.09388361 0.10760048 0.12804362 0.06574919 0.00368697 0.17601987 1.00000000 0.11524712 -0.02198617 0.02670932 0.09978525 0.02031954 0.03857414 0.02319619 0.02925164 0.15247298 0.04993540 -0.00923688 0.08072041 0.06947382 -0.09085242 -0.08260352 -0.02087293 0.00535961 -0.01838880 -0.06362908 0.04042770 0.00016252 -0.13411962 -0.05366977 -0.06076782 0.01328364 -0.02226002 -0.02601311
0.01863287 -0.06416219 -0.05674256 0.02547268 -0.08344834 0.02858583 -0.06308455 -0.04030169 -0.03618693 -0.08680678 -0.03154194 -0.10349393 0.02834399 -0.01173028 -0.04889182 0.05505243 0.02839235 -0.03188732 0.01207018 -0.05360504 0.03797168 0.05692000 0.02085644 0.03551283 -0.07243584 -0.03292880 0.05363287 -0.03177675 0.03460693 0.08320471 -0.12104003 0.02109741 -0.04663406 0.00632816 0.04059553 -0.02808998 0.06272415 -0.03389961 0.02277763 0.03681052 0.16617827 0.16373923 0.12176561 -0.01012381 0.24542773 0.18584172 0.15487842 0.22010474 0.18158583 -0.05472392 0.11524712 1.00000000 0.05377917 0.04901568 -0.03003336 -0.06876153 -0.03733510 -0.05680826 0.04276896 0.03520745 -0.01691488 -0.09260430 0.07980537 0.10562138 -0.01614058 -0.05345131 -0.00730795 0.04223210 0.04810908 -0.05541894 0.00877657 0.00012958 -0.07003706 -0.08916969 -0.12591216 -0.00666481 -0.07184978 -0.02395195
0.00999421 -0.09919373 -0.03253602 -0.01295834 -0.13786196 0.03210358 -0.09834515 0.00799195 -0.08461601 -0.07279191 -0.06142351 -0.06714454 0.05377466 -0.05685051 -0.02534849 -0.06106123 0.00613984 -0.06220650 -0.10621489 -0.11631304 -0.02892091 -0.06045560 0.01501683 -0.08055953 -0.07486630 -0.09638411 0.08021999 -0.09763503 -0.07141975 0.04445159 -0.07147124 -0.09153142 0.02406737 0.05953115 -0.11145445 -0.05355566 -0.02109414 -0.04999714 -0.02263608 -0.05024384 -0.02305707 -0.07522628 -0.13927956 -0.14408698 -0.03118037 -0.02766833 -0.05450529 -0.05026161 -0.03623057 -0.09746045 -0.02198617 0.05377917 1.00000000 0.13297697 0.27604867 0.13040464 0.10423051 0.06366270 0.04339136 0.17048893 0.19330830 0.12225071 0.09804992 0.15960197 0.17497674 -0.09765901 -0.09343489 0.02871430 0.01951391 -0.01118319 -0.04875564 0.06809440 -0.18240693 -0.09486718 -0.01456913 -0.00767950 0.00244584 -0.05255073
-0.00345435 -0.07918210 -0.01850238 0.01629535 0.03235885 0.05474806 -0.08827463 -0.04474854 0.00684464 -0.08838364 -0.05231265 -0.12012245 -0.00860349 0.01366258 0.08012046 0.01263894 -0.00898351 0.03760857 -0.02014894 0.05193707 0.05521434 0.03495808 0.08921390 0.03804917 0.04061738 0.04377121 -0.00859677 0.07908481 0.01804071 0.10369848 -0.01352834 -0.03668731 -0.01612495 0.06921323 0.02080664 0.01858285 0.06493071 0.04435048 -0.08006443 -0.05730919 -0.08935193 -0.00162255 -0.04058822 -0.04125709 -0.05525922 -0.03563327 -0.13051266 -0.00156510 -0.05640227 -0.07699822 0.02670932 0.04901568 0.13297697 1.00000000 0.20068610 0.14889426 0.13274159 -0.01658552 0.13918050 0.24692314 0.19806741 0.00098744 0.12275185 0.18710731 0.12618345 -0.05016672 -0.02330859 -0.00740505 0.04108823 -0.06775931 0.05027874 0.02497864 -0.13295866 -0.04013532 -0.00981206 -0.01701047 -0.07385134 -0.02853413
0.02217967 -0.02155876 0.02853425 0.04889834 -0.04819480 0.13371217 -0.04278976 0.04200446 -0.07980680 -0.04803688 -0.00090253 0.03509103 0.04975795 -0.01630961 -0.06566327 -0.06402234 0.01191066 0.06956271 -0.03593022 0.05766227 0.02920348 -0.02050350 0.04687129 -0.00922768 0.06438432 0.00412775 0.03827429 -0.03023795 -0.05017738 -0.02372829 0.02604882 -0.05384916 -0.04456232 0.07341927 -0.01573910 0.02551438 0.06949752 -0.01756730 -0.06797529 -0.06532852 0.02972059 0.04449430 0.09300780 0.03040113 0.06258264 0.00664562 0.05933982 -0.02947315 -0.02702470 0.03338948 0.09978525 -0.03003336 0.27604867 0.20068610 1.00000000 0.24712873 0.05634369 -0.02429267 0.18638730 0.31156952 0.32813877 0.13547154 0.13062913 0.17080575 0.12352495 0.03156278 -0.01096458 0.00070163 0.02398218 -0.01861412 0.06026958 -0.09162889 -0.01293976 0.03041452 -0.02687514 0.00358684 -0.01846538 0.03084821
0.05582639 0.03974424 -0.02620849 0.01085229 0.08030561 -0.00195510 -0.01932198 0.01141141 -0.02883980 -0.01757829 0.01111756 0.01265949 0.00973807 -0.01259689 -0.09087147 -0.02486967 -0.07966699 -0.00593773 -0.04101026 -0.06664524 0.11093002 0.05522291 0.02665715 -0.04788481 -0.01430791 0.00216093 0.03153829 -0.10725685 0.07341569 -0.02227718 0.10807591 0.07412641 0.16995861 0.04325126 0.05616651 0.07414220 0.11379172 0.11266798 0.08842581 0.02520530 0.05992591 -0.02785877 0.00000540 0.04101985 0.02697708 -0.18618505 0.10858863 -0.08913057 -0.12306462 -0.01374750 0.02031954 -0.06876153 0.13040464 0.14889426 0.24712873 1.00000000 0.11023269 0.01947665 0.07877171 0.22350572 0.17624103 0.20212958 0.12441867 0.14097032 0.07178759 -0.06522436 -0.02678434 -0.11546657 -0.00017746 -0.03979297 -0.00876512 -0.07378744 0.00472651 -0.06822417 0.05758498 -0.11412916 -0.01531537 -0.01890872
-0.01754742 -0.01789479 0.00040605 0.07459302 0.01602616 0.17849519 -0.00192019 0.05215678 0.07908836 -0.01888210 0.00173317 0.00681474 0.01482146 0.01575553 0.04143441 0.09991565 -0.04710460 0.04279054 -0.02369813 0.03901917 0.00876077 -0.00291786 0.02313231 0.05436567 0.04740246 0.01732258 0.04819335 -0.00419240 -0.04297858 0.12648520 -0.04641567 -0.01375160 -0.03858396 0.04103907 -0.02983481 0.02443196 0.04785655 -0.03973840 0.00350394 0.01550914 -0.01728993 -0.06140754 0.01023260 -0.04926768 -0.00131649 -0.03468893 -0.15845209 -0.04767622 -0.15435363 0.06953089 0.03857414 -0.03733510 0.10423051 0.13274159 0.05634369 0.11023269 1.00000000 0.16904823 0.03755099 0.11679717 0.14332843 0.18818993 0.07859511 0.26006782 0.17899170 -0.01555449 -0.04263816 -0.08946763 0.08730225 0.01044931 0.00400603 0.00060109 -0.03003650 0.00281885 -0.00748449 -0.02829249 -0.03638125 0.04055845
-0.08378832 0.09939099 -0.01116638 0.08207299 0.08510572 -0.03138261 0.04384458 0.00476486 0.12337486 0.12646671 0.05108144 0.08956346 -0.04176769 -0.02359238 0.05777620 -0.00661418 -0.02899856 0.00164087 -0.03465728 -0.01813894 -0.02997706 0.02728751 0.03891422 0.04381541 0.06169093 0.00607329 0.01028285 0.06725409 0.04178407 -0.03967847 0.06413742 0.05925995 0.12510974 0.05922158 0.02108213 0.04781361 -0.05184373 -0.02813499 0.02194493 0.02968373 0.10651725 -0.06482922 0.03412461 0.15837949 -0.05286607 -0.07761425 -0.03080000 0.08212937 -0.08112887 0.13386658 0.02319619 -0.05680826 0.06366270 -0.01658552 -0.02429267 0.01947665 0.16904823 1.00000000 0.26989372 0.11346157 -0.05633577 0.18593626 0.14468698 0.04255654 0.28336209 -0.08956297 -0.00856102 -0.01921746 -0.00283951 0.12971561 -0.06036171 0.00661689 0.12386931 -0.04654710 -0.06001642 -0.05302359 0.10631060 0.02439216
0.04117748 0.04522868 0.07886701 0.07507710 0.03016140 0.04516730 0.13031034 -0.00573483 0.07737022 0.11448249 0.01128744 0.03874650 0.07682566 -0.06882622 -0.03204066 -0.13421489 -0.09727700 0.00891703 0.10496961 0.03641336 0.03046762 -0.04557489 0.05411671 0.01073684 0.01297845 0.00363159 0.10391455 0.13273401 -0.08161453 0.02444550 0.04525118 0.03175389 -0.06521680 -0.08277090 -0.04303854 0.04111756 -0.01884293 0.05091040 0.01239846 0.00850910 0.01645617 -0.01823160 0.02374919 0.09920611 0.02444920 0.09024060 -0.00126710 0.04428378 0.02107246 0.09150563 0.02925164 0.04276896 0.04339136 0.13918050 0.18638730 0.07877171 0.03755099 0.26989372 1.00000000 0.03528865 0.16391417 0.26323515 0.28322979 0.07933450 0.15668577 -0.05884989 -0.02472754 0.07956916 -0.00060645 0.03071095 0.05355454 -0.01539067 0.15637299 0.01991806 -0.09256951 0.05660539 0.00118805 0.07375967
-0.03888943 -0.00845845 -0.07960099 -0.08320644 -0.05625790 0.02536599 -0.00781667 -0.04417353 -0.04585443 -0.10974721 -0.00426837 -0.01085000 -0.01969413 0.00631460 0.11984311 0.09499397 -0.00557900 -0.03801684 -0.01983241 0.01142198 0.05181441 0.08490769 0.09699624 0.08057186 0.03670292 0.06349673 0.04435065 0.01896121 0.07640033 0.09070806 -0.01104627 -0.05266613 -0.05933166 0.08981391 0.10346545 0.00293302 0.12592836 0.00159031 -0.05938420 0.02316206 0.12084553 0.09136470 0.04594029 -0.02881489 -0.00359086 -0.03665512 0.06337401 -0.01842173 0.00669903 0.06455953 0.15247298 0.03520745 0.17048893 0.24692314 0.31156952 0.22350572 0.11679717 0.11346157 0.03528865 1.00000000 0.34579584 0.06789646 0.17093770 0.25988763 0.21786661 -0.04135298 0.00580017 -0.01921544 -0.02903863 -0.11208467 0.04668738 -0.03778187 -0.09850381 0.05541808 0.00477750 -0.03272416 -0.08646509 -0.07836933
-0.02415207 -0.04748033 -0.07450585 0.06513296 -0.11389284 0.01575739 0.01962159 -0.00553357 -0.02350758 -0.07030568 -0.06297177 -0.10128019 0.01992451 -0.02457158 -0.08493666 -0.02151193 -0.05643029 0.05689354 0.05231851 0.03683883 -0.01722641 0.02473536 0.05062793 0.01815435 -0.01047053 -0.00243075 0.08438690 0.00256797 -0.05197688 0.18607596 0.05274960 -0.00552007 -0.02476434 0.07547135 0.08271610 -0.01647118 0.12842028 0.02544582 -0.12017445 -0.10201012 -0.02716304 -0.06346610 -0.04789838 -0.07813682 -0.01704248 -0.04578105 -0.10334823 -0.05917652 0.03025610 0.00851552 0.04993540 -0.01691488 0.19330830 0.19806741 0.32813877 0.17624103 0.14332843 -0.05633577 0.16391417 0.34579584 1.00000000 0.21680554 0.09603312 0.33332381 0.16089589 -0.03236455 -0.05146896 -0.04096981 -0.01520257 -0.06895723 0.07799450 -0.03431908 0.01571157 -0.06555802 -0.05619185 -0.01044968 -0.04282889 -0.07328955
0.00790798 0.06656206 -0.03984274 0.00796984 0.00925416 0.09549362 0.03893451 0.07610994 0.04847083 0.02574190 -0.03048885 -0.00741588 0.02990662 0.01857502 -0.03582701 -0.00139388 -0.00193206 0.08120740 0.07673877 0.06277994 -0.06809902 -0.00825155 -0.00676712 -0.04249189 0.03026385 0.03802336 0.15507176 0.08868597 -0.07100843 0.05156329 0.08847631 0.04313063 0.04217019 0.05561041 0.04028667 0.01921843 0.01694829 -0.02284997 -0.04084404 0.05106198 0.02050598 -0.07674013 -0.01941116 0.01472881 0.02503082 -0.03720755 -0.05128613 -0.00915178 -0.13163796 0.05945771 -0.00923688 -0.09260430 0.12225071 0.00098744 0.13547154 0.20212958 0.18818993 0.18593626 0.26323515 0.06789646 0.21680554 1.00000000 0.14396626 0.11524595 0.20334019 -0.07336028 -0.09766067 -0.03916562 0.03696190 0.03815008 0.02254768 -0.13448112 -0.00690547 -0.05499673 -0.02605180 -0.04139255 -0.02225093 0.02182685
-0.03020160 0.06213777 -0.08293900 -0.03231491 0.13630143 0.03011254 -0.02580215 0.10392159 0.09145827 0.06707467 0.02069983 0.06328505 0.03350099 -0.06328783 0.06399184 -0.11887963 -0.14542353 -0.06444144 -0.01583365 -0.09567217 -0.04478841 -0.08820933 -0.06587808 -0.04051103 0.01510805 -0.04972391 0.14902888 0.07420750 0.12275281 -0.06696869 0.11765251 0.02923571 0.14045614 0.04749747 0.03499592 0.03311195 0.00672085 0.02231342 0.11299531 0.11300070 0.08610885 0.09743187 0.04971597 0.12513089 0.09442021 0.01455273 0.02179452 0.07233980 -0.03960436 0.00481704 0.08072041 0.07980537 0.09804992 0.12275185 0.13062913 0.12441867 0.07859511 0.14468698 0.28322979 0.17093770 0.09603312 0.14396626 1.00000000 0.13228929 0.20964616 -0.03260925 0.03459689 -0.00234569 0.06952706 0.03543699 0.00743646 0.00490382 0.02862604 -0.02990540 0.00207458 0.07932081 0.12486389 -0.00885679
-0.02951307 -0.00270171 -0.04719403 0.10498949 0.00529555 0.04084418 0.06877156 -0.00805853 -0.02122522 -0.02721058 0.00800421 -0.14424553 -0.06689592 -0.02661954 -0.02506792 -0.11264694 -0.05628115 0.05366275 -0.00605403 -0.03447601 0.11372017 -0.00419725 0.03548448 -0.01538861 0.01779591 0.02728335 -0.11860252 -0.03381024 -0.01094897 0.02011254 0.04492607 0.05768654 -0.03041175 0.02696620 -0.00536643 -0.11072416 0.01109816 -0.08799725 -0.02401710 -0.11876575 0.05159599 -0.02760231 0.03343225 -0.03136466 0.09328450 -0.00867859 0.01426792 -0.00678688 -0.04216202 -0.00050119 0.06947382 0.10562138 0.15960197 0.18710731 0.17080575 0.14097032 0.26006782 0.04255654 0.07933450 0.25988763 0.33332381 0.11524595 0.13228929 1.00000000 0.18732225 -0.00160773 -0.07869463 -0.00131313 0.07210299 0.00403949 0.08038696 -0.02665761 0.01138918 -0.06814537 -0.07648995 0.07474072 0.01511615 -0.00675598
-0.13269651 -0.07068485 -0.06059569 -0.01617801 -0.07841087 -0.06567784 -0.07496020 0.01402669 -0.07724040 -0.02135090 -0.01039808 -0.03022933 -0.07680130 -0.00921985 -0.08134773 0.04753259 -0.03783525 -0.02155065 0.06946376 -0.04484789 0.00665735 -0.04716139 0.01734365 0.04409001 -0.03335294 0.06102309 0.13863613 -0.02882457 0.07339657 0.04203019 0.08505867 0.03344471 0.10229695 0.12637776 0.03771021 0.02918946 0.00113954 -0.08715019 0.04818144 -0.02258993 0.08460034 -0.03646282 0.04798471 0.05792563 -0.00319362 0.01746870 -0.06249975 -0.01438262 -0.05293180 0.05673773 -0.09085242 -0.01614058 0.17497674 0.12618345 0.12352495 0.07178759 0.17899170 0.28336209 0.15668577 0.21786661 0.16089589 0.20334019 0.20964616 0.18732225 1.00000000 0.01558348 0.02274930 0.00744922 0.04410942 0.10984704 -0.00649211 0.00273977 0.14688581 -0.00285189 0.00417521 -0.04888893 -0.06887260 0.03068015
0.01436076 -0.04829553 0.02380807 0.00280056 0.02763602 0.04515033 0.07136927 -0.02189245 -0.02842394 -0.01632922 0.02782328 -0.01749828 -0.00440413 -0.02199230 0.03981638 -0.04523557 0.05531205 0.01235862 0.07360589 0.07782327 0.01315604 0.00871394 0.03258952 0.06304782 0.03488220 0.00623659 -0.12180858 0.10398364 0.04076750 -0.06020038 -0.03705444 0.03102992 0.01352800 -0.01163741 -0.01862939 -0.03568135 0.01664581 0.04966816 0.03782146 -0.06908948 -0.05886349 -0.03862925 -0.02143145 0.00763465 0.00075308 0.03698924 -0.00376395 -0.00839396 0.01645481 -0.06028434 -0.08260352 -0.05345131 -0.09765901 -0.05016672 0.03156278 -0.06522436 -0.01555449 -0.08956297 -0.05884989 -0.04135298 -0.03236455 -0.07336028 -0.03260925 -0.00160773 0.01558348 1.00000000 0.25654573 0.12490756 0.28573274 -0.07133202 0.32337272 0.22967953 0.29521769 0.11932780 0.18477714 0.16809171 0.17787082 0.23056260
-0.05161206 0.05821702 -0.03136057 0.02460191 0.01024712 0.00278640 -0.02968242 0.03302302 -0.01213842 0.09664448 -0.10071765 -0.00229315 0.04240416 0.06606958 0.09225827 0.02455644 0.03811496 0.07900693 -0.00222549 0.03122674 0.10193257 0.00029835 0.10265361 0.00151673 0.03882625 0.01256259 -0.06000195 0.02779778 0.10409032 -0.04205836 0.02415380 0.00365721 0.00396737 0.11180541 0.03459138 0.00463043 -0.05525067 0.02321614 0.02007196 0.00939715 0.01914765 0.01509686 0.05650383 0.07348753 -0.01361448 0.06520425 -0.00808286 0.15445904 0.08353921 0.02508930 -0.02087293 -0.00730795 -0.09343489 -0.02330859 -0.01096458 -0.02678434 -0.04263816 -0.00856102 -0.02472754 0.00580017 -0.05146896 -0.09766067 0.03459689 -0.07869463 0.02274930 0.25654573 1.00000000 0.05965370 0.09533828 0.13044370 0.27329431 0.01072725 0.17785976 0.35953834 0.09689782 0.18723011 0.22880977 0.15108463
0.01526048 -0.04083384 0.02408411 -0.00798099 0.03136305 -0.02190261 0.06580280 0.07194641 -0.01533676 0.00356436 0.05039861 -0.01320088 -0.01168457 -0.05392885 0.09640658 -0.00074679 -0.00257452 0.01461886 0.11134141 0.02639054 0.04639087 -0.00848346 -0.06623412 0.10408731 0.06971351 -0.08144846 -0.03158577 0.06356781 -0.01925721 -0.03961634 -0.12259189 -0.02008812 -0.05264594 0.03354931 -0.08779604 -0.00139291 -0.01756805 -0.02528907 0.04526563 -0.04821755 0.02757173 0.07636223 0.00632858 -0.00334044 0.00079450 0.03103513 0.02378847 0.07801098 0.12525364 0.03901877 0.00535961 0.04223210 0.02871430 -0.00740505 0.00070163 -0.11546657 -0.08946763 -0.01921746 0.07956916 -0.01921544 -0.04096981 -0.03916562 -0.00234569 -0.00131313 0.00744922 0.12490756 0.05965370 1.00000000 0.17260641 0.10591612 0.16608591 0.11554364 0.18345737 0.05806375 0.16123785 0.09108079 0.07886195 0.19531988
0.01683423 0.06491929 -0.05087259 0.01090449 0.13899181 0.04305721 -0.06233641 0.06971245 0.09872435 -0.04024882 0.10047900 -0.02165858 -0.01315854 -0.04000020 -0.00115737 -0.03537475 0.06720709 0.05027539 0.09891742 -0.00896536 0.03711047 0.02552743 0.05717395 0.02501665 -0.02669203 0.01304864 -0.05523147 0.09847210 0.13471458 0.00908181 -0.01661881 -0.05185801 0.07748835 0.14695277 0.03739432 0.07987652 0.02915024 0.03046685 0.07730108 0.10795970 0.05272755 0.11630965 0.01366547 0.08040014 0.04115930 -0.04857073 0.03045807 0.11662418 -0.03094507 -0.05117920 -0.01838880 0.04810908 0.01951391 0.04108823 0.02398218 -0.00017746 0.08730225 -0.00283951 -0.00060645 -0.02903863 -0.01520257 0.03696190 0.06952706 0.07210299 0.04410942 0.28573274 0.09533828 0.17260641 1.00000000 0.14937350 0.20612760 0.11901964 0.17753776 0.24630543 0.19895481 0.16693108 0.26910578 0.13552551
-0.08051956 0.12864059 0.03057056 0.02708753 0.08581436 0.07126110 -0.01806973 0.09921131 0.05409146 0.07190587 -0.01473698 -0.00637444 0.05321134 0.02513654 0.00755177 -0.04302528 0.01315563 0.14693264 0.02902199 -0.05135773 -0.02560919 -0.03052022 -0.03651193 -0.12452111 0.00834914 -0.02405448 -0.02147477 -0.04795509 0.05428408 -0.01252007 0.05176732 0.00990054 -0.03603537 0.00803440 -0.03221934 0.03242275 -0.13812469 -0.02205445 0.06512794 0.02493037 -0.00585483 0.01354561 0.06228477 0.14154505 0.02402772 -0.05858157 0.04430409 -0.02123469 0.01238334 0.04174175 -0.06362908 -0.05541894 -0.01118319 -0.06775931 -0.01861412 -0.03979297 0.01044931 0.12971561 0.03071095 -0.11208467 -0.06895723 0.03815008 0.03543699 0.00403949 0.10984704 -0.07133202 0.13044370 0.10591612 0.14937350 1.00000000 0.13630523 0.16760381 0.23433652 0.16711279 0.13983095 0.17330331 0.21488814 0.20209405
-0.07845825 0.00667335 -0.09309468 0.02945419 0.03137054 0.04240854 0.06200939 -0.04668977 -0.01379654 0.01783125 -0.04895864 -0.12621015 0.07369802 0.04356812 0.00854684 -0.06948982 -0.02431921 0.06232184 -0.00621879 0.11850962 -0.06195570 -0.01211114 0.02365500 0.06329752 -0.07445334 -0.03434573 -0.07170788 -0.00744149 -0.00976696 0.02906163 -0.07848856 -0.01476911 -0.10110525 -0.04409079 -0.00754329 -0.05352748 -0.09477078 -0.02091692 -0.10996134 0.02043162 0.04085596 0.00349011 0.03802654 0.12595043 0.02927986 0.07300650 0.11312084 -0.04237918 0.03819318 0.02384527 0.04042770 0.00877657 -0.04875564 0.05027874 0.06026958 -0.00876512 0.00400603 -0.06036171 0.05355454 0.04668738 0.07799450 0.02254768 0.00743646 0.08038696 -0.00649211 0.32337272 0.27329431 0.16608591 0.20612760 0.13630523 1.00000000 0.17933774 0.17457688 0.23611557 0.07020320 0.19862987 0.15959332 0.14093776
-0.09327817 -0.02474911 0.08683915 -0.04225722 0.04708842 0.01195774 -0.06979119 -0.08955018 0.04044428 -0.01642945 0.03212728 0.07382895 0.03160060 0.00171296 0.05322671 -0.04672429 -0.02688259 -0.10289528 0.05517006 -0.04309898 -0.06088597 -0.08172726 0.04874338 -0.03543670 0.01396525 0.01588955 -0.01977315 0.00801418 -0.05093608 0.02679964 -0.18498548 -0.03143992 -0.01076404 -0.06047622 -0.08054515 0.06098092 -0.02930615 0.10433665 0.06251466 0.00577715 -0.02899898 0.00737832 -0.06750277 0.00472634 0.00884080 0.01430735 -0.02595591 -0.07477412 0.07012291 -0.04562747 0.00016252 0.00012958 0.06809440 0.02497864 -0.09162889 -0.07378744 0.00060109 0.00661689 -0.01539067 -0.03778187 -0.03431908 -0.13448112 0.00490382 -0.02665761 0.00273977 0.22967953 0.01072725 0.11554364 0.11901964 0.16760381 0.17933774 1.00000000 0.15815034 -0.00973616 0.12461498 0.13107225 0.21262641 0.09666153
-0.06055881 0.06441269 0.07193588 0.12195182 0.13110208 0.00000698 0.02972275 0.08458551 0.01297204 0.08308776 0.06579912 0.04145810 0.01096782 -0.00161877 -0.07809903 0.00333135 0.00744165 -0.02044036 0.07441244 0.01945447 -0.01125411 -0.05762629 0.02739642 -0.05396333 0.03856384 0.00462322 -0.00967642 0.08475003 0.10731241 0.06488440 0.09474724 0.12993201 0.02766660 0.02314896 0.02394361 0.06371380 -0.04571422 -0.01854127 0.01540069 -0.05051049 -0.00109203 -0.07868639 0.07625641 0.18117322 -0.02489079 0.02086906 0.03702342 0.05350961 -0.04658561 0.07076586 -0.13411962 -0.07003706 -0.18240693 -0.13295866 -0.01293976 0.00472651 -0.03003650 0.12386931 0.15637299 -0.09850381 0.01571157 -0.00690547 0.02862604 0.01138918 0.14688581 0.29521769 0.17785976 0.18345737 0.17753776 0.23433652 0.17457688 0.15815034 1.00000000 0.10647479 0.06029078 0.04967180 0.22779689 0.31235252
-0.02365867 0.09946179 0.02581539 -0.01604381 0.08142160 0.06978101 -0.04130295 -0.01263201 0.04738567 0.09980211 0.00924697 0.08605313 0.02755879 0.13735130 0.07574941 0.01825316 0.02986412 0.11643181 0.12658082 0.16876893 0.07335326 0.03426158 0.08529679 0.03048697 0.06995653 0.11317492 -0.01380867 0.07270700 -0.02037493 -0.09447952 -0.02089242 -0.06591557 -0.02708831 0.02534654 0.03760835 0.04841368 -0.08627715 0.03501373 0.01132255 0.01440116 -0.02424052 0.03721071 0.06715047 0.10475493 0.05429653 0.00160013 -0.04741916 0.12369316 0.01989253 0.00743355 -0.05366977 -0.08916969 -0.09486718 -0.04013532 0.03041452 -0.06822417 0.00281885 -0.04654710 0.01991806 0.05541808 -0.06555802 -0.05499673 -0.02990540 -0.06814537 -0.00285189 0.11932780 0.35953834 0.05806375 0.24630543 0.16711279 0.23611557 -0.00973616 0.10647479 1.00000000 0.05200369 0.28055305 0.22246964 0.18055512
0.02579697 0.02820048 0.00086464 0.03056757 0.09534014 0.13155399 -0.00950884 0.04280701 0.04755331 0.07873595 0.02869001 0.08812746 0.12121785 -0.09412532 0.08689199 -0.02043898 0.01878200 -0.02350964 0.07625402 -0.03252927 -0.04041011 -0.02332502 -0.08272490 0.05445816 -0.00606016 -0.02998590 -0.02411343 0.07969965 -0.03212783 -0.06151727 0.03596215 -0.01634367 0.08088049 -0.05625079 -0.02402566 0.05656750 -0.01246040 0.06053447 0.01743652 0.06922644 -0.03402119 -0.01518208 -0.05149266 0.00164480 -0.03235237 -0.01573369 0.04788010 -0.06978108 -0.06972200 -0.08831236 -0.06076782 -0.12591216 -0.01456913 -0.00981206 -0.02687514 0.05758498 -0.00748449 -0.06001642 -0.09256951 0.00477750 -0.05619185 -0.02605180 0.00207458 -0.07648995 0.00417521 0.18477714 0.09689782 0.16123785 0.19895481 0.13983095 0.07020320 0.12461498 0.06029078 0.05200369 1.00000000 0.15717979 0.23542247 0.27373814
0.00041353 0.02980773 -0.07996252 0.00135663 0.08501765 0.02918152 -0.03118451 -0.01328824 0.07187207 0.04749035 -0.02409546 -0.00250562 0.12415167 0.04110475 0.10328513 -0.00592110 0.03940095 0.03376109 0.09336747 0.05995757 0.04952908 0.05655489 -0.00406728 0.00273595 0.04206959 0.03823792 -0.07469144 0.00895026 -0.03801647 -0.09397784 -0.02649671 -0.00995151 -0.10169678 -0.09113302 0.04030910 -0.06286110 -0.09096035 0.08985644 -0.04825190 0.08402071 -0.00961021 -0.02554621 0.03590880 0.06792912 0.07580451 0.05487171 -0.02583218 0.03727190 0.08770355 -0.05380799 0.01328364 -0.00666481 -0.00767950 -0.01701047 0.00358684 -0.11412916 -0.02829249 -0.05302359 0.05660539 -0.03272416 -0.01044968 -0.04139255 0.07932081 0.07474072 -0.04888893 0.16809171 0.18723011 0.09108079 0.16693108 0.17330331 0.19862987 0.13107225 0.04967180 0.28055305 0.15717979 1.00000000 0.18030745 0.16991333
-0.01142344 0.15836578 -0.02634474 -0.03624421 0.21389441 0.09084296 0.08887113 0.04115616 0.09458150 0.10158064 0.01978405 0.13068724 0.07502969 -0.05027220 -0.01833030 -0.15200544 -0.00072319 0.03331756 0.02024390 -0.13202261 -0.02192678 -0.02580229 -0.00264972 -0.00418020 0.04752906 0.01529952 -0.06745055 0.16653962 0.04009532 -0.10364118 0.01567357 -0.02958608 0.08970244 0.04389663 -0.02042318 -0.05340733 -0.01442864 -0.01657759 -0.02921865 0.10058348 0.01467299 0.05304212 -0.03939098 0.17308329 0.07947164 0.00751260 0.12354809 0.06850192 0.08384565 0.10657520 -0.02226002 -0.07184978 0.00244584 -0.07385134 -0.01846538 -0.01531537 -0.03638125 0.10631060 0.00118805 -0.08646509 -0.04282889 -0.02225093 0.12486389 0.01511615 -0.06887260 0.17787082 0.22880977 0.07886195 0.26910578 0.21488814 0.15959332 0.21262641 0.22779689 0.22246964 0.23542247 0.18030745 1.00000000 0.29794448
0.06340201 0.04809674 0.06312819 0.05213815 0.12806958 0.14668919 0.04544615 0.10759887 0.02080767 0.11838618 0.03727415 0.06974670 0.11229761 0.00080963 0.04566743 -0.05536673 -0.03448048 -0.01255790 0.04707324 0.01447997 0.01051307 -0.06678322 0.06929201 -0.00420827 0.01334214 -0.00703153 -0.08331436 -0.00077965 -0.06829511 -0.06672974 0.05166283 0.07396524 0.01267982 -0.07004974 -0.08606903 -0.02971380 -0.04296670 0.01836984 -0.00712473 0.04961181 -0.02176903 -0.03737815 0.06238083 0.09188765 0.01493461 0.00989698 0.09321883 0.00739188 -0.03180552 0.03422941 -0.02601311 -0.02395195 -0.05255073 -0.02853413 0.03084821 -0.01890872 0.04055845 0.02439216 0.07375967 -0.07836933 -0.07328955 0.02182685 -0.00885679 -0.00675598 0.03068015 0.23056260 0.15108463 0.19531988 0.13552551 0.20209405 0.14093776 0.09666153 0.31235252 0.18055512 0.27373814 0.16991333 0.29794448 1.00000000
