1.00000000 0.13473442 0.27587382 0.05561268 0.21354877 0.26544768 0.09381321 0.26767330 0.11082944 0.02809052 0.11948014 0.23768619 0.10669633 0.01569438 -0.10796915 0.02998980 -0.02130075 -0.01646848 -0.01918706 -0.08868103 -0.03870014 0.00181491 0.05024137 -0.06341683 -0.05367402 0.01377362 -0.01706325 -0.01578416 0.01566941 0.02158889 -0.01279502 -0.05070884 0.05338491 0.00193901 0.11170892 0.09158050 0.02062389 0.04534095 0.00621871 0.05855117 -0.01974669 0.04322181 -0.03433222 -0.12376188 -0.05785712 0.02662690 0.03098132 0.12443140 0.05596404 0.12058438 0.05769235 -0.02735473 0.02688250 -0.06240454 -0.02855885 0.13995927 0.05139680 -0.04710603 -0.03511132 0.02820432 -0.03072729 -0.04569423 -0.02295092 -0.01432975 0.00416367 0.06230255 0.01736611 -0.04081110 0.07444325 0.03732600 0.01034455 0.06865778 0.04765379 0.11382185 -0.01187733 0.02816456 0.08135050 0.11731605
0.13473442 1.00000000 0.13031598 0.13375834 0.22400035 0.16568039 0.11351467 0.27902693 0.30824168 0.19139308 0.16939438 0.35201966 0.10876694 0.04856393 -0.02850266 -0.06788513 -0.02914077 0.06350192 -0.03594454 0.00678391 -0.03044565 0.06972391 0.09177196 0.02082861 0.06233640 0.06441436 -0.02398087 -0.09769379 -0.04022009 -0.01788612 -0.10133381 -0.06039493 -0.12516755 -0.04895359 0.14849631 0.01834353 -0.02200639 -0.06862295 -0.01257156 -0.00579877 0.01993363 0.02582706 0.08023947 0.00833184 0.06242802 0.02219057 -0.05552577 -0.00801776 0.04741422 -0.00667383 0.01200586 0.05238688 0.01175137 0.00114617 -0.00131354 -0.04394061 0.03778648 0.06989786 0.08085442 0.00248029 0.02256311 -0.03477367 -0.03741679 -0.07016188 -0.02590281 0.01192610 0.09296836 -0.02947488 -0.02931265 0.10844882 -0.00325278 0.08335526 0.10362749 0.07575921 -0.01421726 0.11640546 0.03278955 0.17595363
0.27587382 0.13031598 1.00000000 0.09864777 0.17997872 0.09820637 0.14893860 0.12392640 0.05414504 0.18940644 0.01849236 0.22781513 0.15228417 0.07626831 -0.02221620 0.04373437 0.01364724 0.01496855 -0.07230989 -0.01050293 0.10764651 0.01812009 -0.04320183 -0.01380727 0.01456492 -0.03694391 0.08734530 -0.06539757 0.03644378 0.01861198 0.04019894 0.00572358 0.01926702 0.06834349 0.07893802 0.04451563 -0.05152320 0.04228743 0.02972433 -0.07061004 -0.01686245 -0.06273794 -0.08404190 -0.05107476 0.01689139 -0.08324436 0.00978447 -0.00764995 0.00054255 -0.02354705 0.08091738 0.01047000 -0.01971578 0.03119942 -0.06427081 0.07982714 -0.04945063 -0.03113964 0.02105344 -0.02649764 -0.09201772 -0.04402201 -0.06324871 -0.08869823 -0.06145954 0.11388707 0.10606398 -0.04669745 0.00620096 0.04913759 0.09585044 0.10062710 0.09181126 0.02142269 0.07525744 0.03764951 -0.00472470 0.02766304
0.05561268 0.13375834 0.09864777 1.00000000 0.12377275 0.19011148 0.33028165 -0.00638931 0.05850091 0.23424787 0.17078176 -0.11703443 0.12390824 0.01627293 0.09628508 -0.04998905 -0.10590877 -0.03408315 0.00245664 -0.00945722 0.00124614 0.00701395 -0.06790196 0.08060398 0.02599714 0.08887385 0.00945590 0.01408239 0.13261139 0.02360161 0.02820869 0.02378454 0.02458404 0.04540384 0.11456929 0.11135137 0.08070722 0.07630139 -0.02936977 0.00238260 0.04852634 0.04258904 0.02678344 0.02477559 -0.03853385 0.01586502 0.00079197 0.12247689 0.11410226 0.01900853 -0.04585095 0.01911257 -0.03237232 0.02066558 0.01913247 -0.00181506 -0.03047167 -0.07778468 -0.06852180 -0.11291056 0.02790523 0.02384524 -0.13182646 -0.02076661 -0.03941548 0.01997501 0.13620943 -0.15082359 -0.03723094 0.03985246 0.12977079 0.00526768 0.02440180 -0.07823440 0.05370836 -0.04188476 0.01383021 -0.11262735
0.21354877 0.22400035 0.17997872 0.12377275 1.00000000 0.07792026 0.28489808 0.22642537 0.17427237 0.16268687 0.15204311 0.24637432 0.09219575 0.08798514 -0.05196419 -0.00609451 -0.04495819 0.06547937 0.03668914 -0.10001038 0.08138177 0.01723358 0.08001585 -0.02467044 0.05172111 0.02455124 0.07982707 -0.02081701 0.05350461 0.07396652 0.08604121 0.09146522 0.02857373 0.04117082 0.08975635 0.06381728 -0.07024373 -0.02864927 0.09523506 -0.04337707 0.06080937 0.07061396 0.01726848 0.02449771 0.03336635 -0.00661553 -0.08251238 0.00968000 0.01853050 0.07368138 0.01412570 0.01478057 0.05310695 0.02685842 -0.07398355 -0.01026674 0.05834339 -0.02193220 0.03562384 0.01358255 -0.01882826 -0.00787312 0.05794617 0.01513973 0.00910783 0.07453162 0.10613964 -0.04725674 -0.00632048 0.08776286 -0.03710895 0.02567957 0.01487192 0.05299760 -0.02120048 -0.04893362 0.04118016 -0.03200052
0.26544768 0.16568039 0.09820637 0.19011148 0.07792026 1.00000000 0.13031225 0.30432380 0.10391002 0.21054161 0.05835730 0.23477329 0.23842988 0.10149161 -0.03497622 0.00701672 0.06526707 -0.05029057 0.01849083 -0.05320507 0.08757468 0.00692387 0.00813323 0.00694244 0.00990185 0.11222054 -0.17561388 -0.12461479 -0.08148872 -0.04939295 -0.07651393 -0.13617173 -0.09055145 -0.12724745 0.03584581 -0.06991196 -0.02235634 -0.09793678 -0.16925686 0.03885133 0.01439392 -0.04309811 0.00700942 -0.00472700 -0.03844231 -0.08087653 0.02473660 0.02275660 0.04637476 0.03191255 0.13986602 -0.03510282 0.01883926 -0.13063665 -0.01051553 0.07742407 -0.06099792 -0.07558238 -0.01835882 -0.04904669 -0.06476468 0.05660666 -0.03149967 0.01561166 -0.04249971 -0.00979223 0.04673575 -0.04039573 -0.01165186 0.06479734 0.03082583 0.02351728 -0.00851562 0.13070872 0.01998273 -0.01278249 -0.00422092 0.16940623
0.09381321 0.11351467 0.14893860 0.33028165 0.28489808 0.13031225 1.00000000 0.12548065 0.04713926 0.12768139 0.35113434 0.09255657 0.22434951 0.06388896 0.01392068 0.04976351 0.13837190 0.04304075 0.00206911 0.02699896 -0.02858077 0.09411787 0.02400927 0.18065208 0.00954856 0.04652911 0.01052637 -0.03623577 -0.04201927 0.02508560 0.04361410 0.08426643 0.04436962 -0.00830181 0.11902278 0.03542582 0.00595724 0.03248505 0.03162113 0.12899373 0.05926055 0.09975398 -0.00195612 0.03269196 0.01861578 0.04829302 0.00732660 0.13650865 0.13628781 0.10314476 -0.00673638 0.08524689 0.02262336 0.05360193 0.02515328 0.06664656 -0.04499803 -0.04798188 0.00921854 -0.01248222 0.05948630 0.06679261 0.02700275 -0.01249947 -0.00659189 0.05473160 0.10321204 0.03813227 0.02374119 0.09434781 0.05364261 0.09692269 0.06381923 0.00151901 0.09933778 0.09617180 0.02620995 -0.01127830
0.26767330 0.27902693 0.12392640 -0.00638931 0.22642537 0.30432380 0.12548065 1.00000000 0.09106368 0.15088419 0.17916556 0.33278681 0.32222493 -0.02094064 -0.08184368 -0.06582353 0.00417525 -0.00153376 -0.04641812 -0.06748286 0.05805996 0.05078484 0.06746386 -0.02546853 0.01484335 0.16214042 -0.08255089 -0.15474209 -0.07894724 -0.04149086 -0.01836396 -0.11115518 -0.06313987 0.01009213 0.07241698 -0.02543665 -0.06144808 -0.03551223 -0.05487470 -0.02264566 -0.07318378 0.03410186 0.07047668 -0.05887057 0.01449011 -0.11297336 -0.09534794 0.04145747 0.01276480 0.03254920 0.00549505 -0.03969743 -0.12162363 0.02177113 -0.15875139 0.09377385 0.01160909 -0.02497085 0.04455465 0.03671857 -0.03438734 -0.06058439 0.07666105 -0.01355980 -0.04144331 0.02786337 -0.00506900 -0.00709743 -0.01409340 0.12551213 0.02282130 0.04100378 0.01166075 0.11893491 0.00918990 -0.04345819 0.06608483 0.08599418
0.11082944 0.30824168 0.05414504 0.05850091 0.17427237 0.10391002 0.04713926 0.09106368 1.00000000 0.23746048 0.17304004 0.22450953 0.10069218 -0.02704223 -0.03740379 -0.04172156 0.04955348 0.02826223 0.12283844 0.01443649 0.10556929 0.10028074 0.08367023 0.09170820 0.04703018 0.03961633 0.04309418 -0.03811861 -0.00232296 -0.04781395 -0.01983686 -0.02254673 -0.04143018 0.05154965 0.03289499 -0.02450683 -0.08566513 -0.03850962 0.00515483 -0.02125923 0.05423847 0.09271375 0.10685897 0.00701817 0.01894563 -0.00470657 -0.02480929 -0.02031864 0.02974571 -0.00986342 0.05655987 0.01460028 0.04299502 -0.01527628 -0.10080772 0.00982095 0.12405546 0.12215957 0.01501277 0.01949407 -0.02810426 0.00105564 -0.01202049 0.02770857 0.03424172 -0.01703799 0.07469839 0.00946330 -0.02693731 0.12938763 -0.02230701 0.10527256 0.03835178 0.12270812 -0.02779802 0.08421656 -0.00658848 0.08724975
0.02809052 0.19139308 0.18940644 0.23424787 0.16268687 0.21054161 0.12768139 0.15088419 0.23746048 1.00000000 0.23403822 0.17884462 0.09161967 0.02081615 0.03283440 -0.03727375 0.08446396 -0.00547349 0.06877951 0.10098901 0.11117790 0.09946138 0.11318233 0.18149489 -0.01710306 0.08465866 0.03415630 -0.07172466 -0.05141085 -0.02954136 0.06513424 -0.07476003 0.00378567 0.01852776 0.10602622 0.02113779 -0.02708035 -0.01411167 0.01201584 0.05401243 0.10224852 0.14347056 -0.08544303 -0.05567728 -0.00777396 -0.00151682 0.05045944 0.03251178 -0.00086982 0.02850423 -0.00423691 0.04653334 0.02413803 0.06445032 0.00918761 -0.00735249 0.05042419 0.01751821 0.07502016 0.02633154 0.09955168 0.01357619 -0.01178268 -0.01140406 0.02380235 0.00921898 -0.01718534 -0.04481670 0.01431821 0.07882037 0.05992834 -0.08273766 0.02440984 0.12343014 0.10262630 -0.05091781 0.00024095 0.00307464
0.11948014 0.16939438 0.01849236 0.17078176 0.15204311 0.05835730 0.35113434 0.17916556 0.17304004 0.23403822 1.00000000 0.21189644 0.12848339 0.01686828 -0.14253333 -0.05446036 0.08963403 0.00856548 0.00117954 0.06120431 -0.05950415 -0.02839280 -0.02542277 0.14895727 0.03298967 -0.00536425 -0.00257365 -0.08842843 -0.04635386 -0.03549732 0.01807417 0.00460296 0.01099133 0.06492889 0.04788126 -0.01256491 -0.10415338 -0.06742784 -0.07429079 0.04608013 0.04847097 0.06398790 0.00867228 0.03944714 -0.01622567 0.00552090 -0.01649146 0.03677781 0.00905631 0.03269840 0.06128610 -0.00723425 0.04616347 0.03114688 0.08576086 0.10385836 -0.03334431 0.00904805 0.05551533 0.07191652 0.09692260 0.03912149 0.06568346 -0.04124113 0.01559593 -0.05749343 0.02002002 0.04500398 0.01292836 0.01398695 -0.03893507 -0.00162072 -0.00144372 0.00640661 0.01500504 0.12518820 0.02043171 -0.01903883
0.23768619 0.35201966 0.22781513 -0.11703443 0.24637432 0.23477329 0.09255657 0.33278681 0.22450953 0.17884462 0.21189644 1.00000000 0.15433461 -0.00499153 -0.16018711 -0.03115253 0.04404950 0.00555368 -0.03184082 -0.02213827 0.02647504 -0.03604830 0.05187574 -0.01336485 -0.16366940 -0.01105816 0.01907620 -0.10058552 0.10433946 0.01803851 0.02258064 -0.00306175 0.02001282 0.02913305 0.10100273 0.05519865 -0.07917407 0.04141763 0.01408028 -0.02546233 0.10222179 0.01455504 0.03886674 -0.00481718 -0.02257184 -0.07328146 -0.05997192 -0.08136216 0.04139628 0.03683405 0.07184338 -0.02554428 -0.01277550 -0.08576406 -0.07307071 0.03243895 -0.01904072 -0.00942131 0.11345331 0.10979831 -0.02119243 0.00136413 0.03757707 -0.03967722 0.00693736 0.03001369 0.03018297 -0.00627707 0.02453616 0.07816886 -0.01945459 0.04696098 0.05913064 0.15989002 0.01283951 0.11455431 0.02562022 0.18104357
0.10669633 0.10876694 0.15228417 0.12390824 0.09219575 0.23842988 0.22434951 0.32222493 0.10069218 0.09161967 0.12848339 0.15433461 1.00000000 -0.04052618 -0.03278632 -0.05093334 0.00925533 -0.08366876 -0.04099403 -0.06611728 0.06237010 0.01083201 0.03880312 0.00167414 -0.01417291 0.04359148 -0.06954574 -0.17488708 -0.03819928 -0.01456164 -0.07246473 -0.00081358 -0.17315873 -0.00285824 -0.07118104 -0.06319946 -0.06036382 -0.02474851 -0.08251517 0.01056930 -0.03968300 0.06799946 0.05337284 0.03019787 -0.02965817 -0.06979228 0.02109856 -0.01993559 0.07959666 0.04400686 0.13732922 -0.03745413 -0.05204169 -0.05792764 0.00935818 -0.03540191 -0.10707026 0.03351482 0.00302959 -0.04176093 -0.09464151 -0.01601194 -0.07501412 -0.00817512 -0.04115366 0.09235135 -0.03672806 -0.03220617 -0.06958164 0.02036757 0.02255615 0.02726677 0.01504385 -0.04553756 0.08252582 0.02351126 -0.02144388 0.11012818
0.01569438 0.04856393 0.07626831 0.01627293 0.08798514 0.10149161 0.06388896 -0.02094064 -0.02704223 0.02081615 0.01686828 -0.00499153 -0.04052618 1.00000000 0.28091555 0.29167946 0.23365556 0.15880096 0.13163343 0.24237765 0.19158541 0.23093614 0.15940942 0.28041571 0.28844724 0.18256417 -0.04363019 -0.03848062 -0.03742009 -0.03611466 0.00986611 0.00282151 -0.09632584 -0.11107996 -0.01837931 0.00858855 -0.14058950 -0.03204774 -0.08930697 -0.07554522 -0.06699354 -0.11491723 -0.05783400 0.05716320 -0.06293857 -0.06960364 -0.02460179 -0.05002518 -0.07595713 -0.08802063 0.01638421 0.00478526 -0.02743697 -0.02373731 -0.06053285 0.02993399 -0.01984883 0.00793663 0.10353771 -0.04927166 -0.11413332 -0.04384212 0.04313967 -0.03735341 -0.04455950 0.05183010 0.12495323 -0.07498119 0.04062747 -0.05457913 -0.02638020 -0.06681673 0.00520509 0.07327056 -0.08216156 0.03463777 0.07365890 0.05573440
-0.10796915 -0.02850266 -0.02221620 0.09628508 -0.05196419 -0.03497622 0.01392068 -0.08184368 -0.03740379 0.03283440 -0.14253333 -0.16018711 -0.03278632 0.28091555 1.00000000 0.19882375 0.12038565 0.17249740 0.14372584 0.23012016 0.14752269 0.19842607 0.13273364 0.22518934 0.27765650 0.24719721 0.01350425 -0.00219282 0.02238393 -0.07003306 -0.01725483 -0.01202700 -0.02566151 -0.07802059 -0.02290240 -0.01396668 0.02782868 0.04674749 -0.01110643 -0.03448193 -0.06855733 -0.03442282 -0.00528742 0.10198827 -0.13093448 0.03095478 0.00110733 0.02734254 -0.01702666 0.00295664 -0.04861422 0.03046608 -0.06828709 -0.00675245 -0.03730370 -0.04673109 0.00701345 0.03147510 -0.00974111 -0.01351357 -0.06710273 -0.00507218 0.01061699 0.03601424 0.02028547 -0.02321837 0.05350701 -0.04021990 0.00874020 -0.01067158 -0.00899601 -0.00670317 -0.05224552 0.02782955 0.02567470 0.04755216 -0.00261316 0.04213248
0.02998980 -0.06788513 0.04373437 -0.04998905 -0.00609451 0.00701672 0.04976351 -0.06582353 -0.04172156 -0.03727375 -0.05446036 -0.03115253 -0.05093334 0.29167946 0.19882375 1.00000000 0.32376646 0.09680166 0.12261266 0.14023247 0.17786938 0.37382806 0.16034679 0.21898306 0.17857974 0.08604636 -0.07750556 0.03425200 -0.07725677 -0.08304482 -0.05029301 0.03819673 -0.00365602 -0.11311695 -0.11875686 -0.09194977 -0.04326947 -0.04232882 -0.01769077 -0.06168554 -0.08558992 -0.11605277 -0.04521226 0.09282288 -0.11997707 -0.07351820 -0.02388977 -0.06367225 -0.19062067 -0.06036102 -0.12653216 -0.15274976 -0.05829047 -0.02434943 -0.03735675 -0.03702309 -0.07939607 0.00076913 -0.02301606 -0.01325687 -0.14907771 -0.00309654 0.03065349 -0.07338335 -0.09588517 -0.11647747 -0.00028593 0.12197616 0.11885358 -0.06515305 -0.08244901 -0.07638263 -0.07675560 -0.03219478 -0.06111253 0.09416115 0.02670517 -0.00730929
-0.02130075 -0.02914077 0.01364724 -0.10590877 -0.04495819 0.06526707 0.13837190 0.00417525 0.04955348 0.08446396 0.08963403 0.04404950 0.00925533 0.23365556 0.12038565 0.32376646 1.00000000 0.16365172 0.12890785 0.31076169 0.22347624 0.16035521 0.30109147 0.41632199 0.21158206 0.09273923 -0.04536391 -0.00457848 -0.08423146 -0.04208971 0.00002744 -0.00408243 -0.09730098 -0.09010690 -0.15713368 -0.05811832 -0.06372364 -0.02049038 -0.01305129 -0.00365865 -0.00375082 0.02155950 -0.03547388 -0.04063792 -0.11205686 -0.05969512 -0.01776749 -0.07841229 -0.15259747 -0.07617374 -0.03420634 -0.11709150 -0.00143829 -0.06627868 -0.07182809 -0.01172292 -0.16836766 -0.04311625 0.01156839 -0.04928812 -0.03491204 -0.06667696 0.10852694 -0.04435316 -0.00742877 -0.01761250 -0.04049853 0.10904584 0.09491837 0.04989260 0.03165781 0.03463136 -0.00257622 -0.01310015 0.03436457 0.07864116 0.10670503 0.09384881
-0.01646848 0.06350192 0.01496855 -0.03408315 0.06547937 -0.05029057 0.04304075 -0.00153376 0.02826223 -0.00547349 0.00856548 0.00555368 -0.08366876 0.15880096 0.17249740 0.09680166 0.16365172 1.00000000 0.28131841 0.24915293 0.16101352 0.13979742 0.18598840 0.16785482 0.27125902 0.13997002 0.09714295 -0.03498056 -0.02340106 -0.04195717 0.03729662 -0.01910426 0.01111008 -0.05568466 -0.03765402 -0.08438312 -0.05571954 -0.02311021 -0.00027101 -0.11399387 -0.01905082 0.05556320 0.02457708 0.05065842 -0.12373709 -0.00317809 -0.12093869 0.05423801 -0.04631778 -0.05546650 -0.08620040 0.01135793 0.01209576 -0.03484780 -0.04168256 0.04646536 0.01398866 -0.07454361 0.03286051 0.01324199 -0.01081952 -0.00640627 0.05867909 -0.05648207 0.00339294 -0.02903954 0.06151279 0.03374705 -0.04590982 0.03098019 -0.00985644 0.05176438 0.09085879 0.04000249 0.04744205 -0.03606890 0.04760458 -0.00257272
-0.01918706 -0.03594454 -0.07230989 0.00245664 0.03668914 0.01849083 0.00206911 -0.04641812 0.12283844 0.06877951 0.00117954 -0.03184082 -0.04099403 0.13163343 0.14372584 0.12261266 0.12890785 0.28131841 1.00000000 0.26578909 0.29892482 0.15092273 0.20304424 0.16248482 0.23446387 0.26290066 0.02149971 -0.02206043 0.01777576 -0.11460366 -0.10993171 -0.07661179 0.05223085 -0.14977376 -0.08539544 -0.07434548 -0.01854806 -0.10018142 -0.02178464 -0.01507199 0.14183548 0.07930814 -0.00315371 0.05345313 0.00156605 0.05398261 0.00476157 0.14400406 0.05512582 0.02379819 -0.00459705 0.09841686 0.02065997 0.03021759 -0.05424829 0.11433531 0.08567920 0.00787350 -0.03936543 0.06266946 -0.00528397 0.05051984 0.01131671 0.02069789 0.01854110 0.03431067 -0.06789522 -0.01644387 -0.07627306 0.03318168 -0.07481311 -0.02878881 0.02830077 0.01440813 -0.05761605 -0.06467791 0.02476614 -0.00883540
-0.08868103 0.00678391 -0.01050293 -0.00945722 -0.10001038 -0.05320507 0.02699896 -0.06748286 0.01443649 0.10098901 0.06120431 -0.02213827 -0.06611728 0.24237765 0.23012016 0.14023247 0.31076169 0.24915293 0.26578909 1.00000000 0.01079891 0.06289919 0.27485157 0.45534433 0.14746478 0.17395255 0.11754919 -0.01775853 0.07731710 0.04347838 -0.04598285 0.08355472 -0.06620754 -0.01257185 -0.05316722 -0.04724981 0.03633065 -0.02974501 -0.03156096 -0.01095063 0.04068069 0.07125383 0.02215681 -0.00885148 -0.00155832 0.01539957 0.06976919 0.03249187 -0.02930953 0.02534235 0.02070765 0.02703171 0.04359499 0.01067953 -0.03040496 -0.00285086 -0.04744620 0.06220452 0.05755886 0.06165533 -0.05593799 -0.10782098 -0.03030176 -0.04748634 0.04663590 0.01746226 0.05516337 0.06716568 -0.02765012 -0.02757037 -0.05396860 -0.00760437 0.01815598 -0.06848154 0.04608710 0.00248694 0.01336585 0.12020367
-0.03870014 -0.03044565 0.10764651 0.00124614 0.08138177 0.08757468 -0.02858077 0.05805996 0.10556929 0.11117790 -0.05950415 0.02647504 0.06237010 0.19158541 0.14752269 0.17786938 0.22347624 0.16101352 0.29892482 0.01079891 1.00000000 0.26130614 0.10722978 0.17977019 0.27062982 0.31328708 -0.07101839 -0.01396576 -0.00720883 -0.10048633 0.07230556 -0.05827631 -0.01748872 0.03639917 -0.06838369 -0.01019034 -0.07034931 -0.05124468 0.10146759 -0.08171353 0.00518627 0.03421205 -0.01935702 0.00217488 -0.01689903 -0.13010653 -0.06090252 0.02546360 -0.18764063 -0.11303456 0.02627711 -0.04068863 0.02756109 -0.07743518 -0.08206445 0.03333065 0.00738539 0.02377567 -0.01784467 -0.07347557 -0.03328205 0.02497790 0.05867923 -0.00534788 0.00837259 0.04539314 0.00294910 0.02303120 -0.01195752 0.10029310 0.05719854 -0.02217434 0.04781990 0.08869055 0.01373295 0.00548217 0.02061117 0.02326823
0.00181491 0.06972391 0.01812009 0.00701395 0.01723358 0.00692387 0.09411787 0.05078484 0.10028074 0.09946138 -0.02839280 -0.03604830 0.01083201 0.23093614 0.19842607 0.37382806 0.16035521 0.13979742 0.15092273 0.06289919 0.26130614 1.00000000 0.13485300 0.12124317 0.29319253 0.30289290 -0.09028892 0.02207035 -0.14276627 -0.14045990 -0.07735359 -0.05186280 -0.06252554 -0.08380418 0.01639248 -0.13418676 -0.03945811 -0.11284869 -0.10303468 -0.11023585 -0.03339520 -0.15278050 -0.09599663 0.12242355 -0.12170243 -0.12519700 -0.08160273 -0.05802607 -0.21461597 -0.05696631 -0.13089323 -0.03417317 -0.06022317 -0.03448734 0.02981186 -0.01206496 -0.00526287 0.05767380 0.13923236 -0.02216355 -0.01963568 0.02906639 0.08386553 0.00225126 0.00094557 -0.08276381 -0.05144213 0.01219961 -0.05894910 0.08289695 -0.09760538 -0.05856387 -0.04838164 -0.08563849 0.03045628 0.02269435 0.05999595 0.03818509
0.05024137 0.09177196 -0.04320183 -0.06790196 0.08001585 0.00813323 0.02400927 0.06746386 0.08367023 0.11318233 -0.02542277 0.05187574 0.03880312 0.15940942 0.13273364 0.16034679 0.30109147 0.18598840 0.20304424 0.27485157 0.10722978 0.13485300 1.00000000 0.22247287 0.13699452 0.15536364 -0.00844312 0.02057851 -0.00521389 -0.02327885 0.02555830 0.02682413 0.03233435 -0.05488232 -0.03477913 -0.03065696 0.05287955 -0.04130628 -0.02242498 0.07561075 0.08656760 0.02837328 -0.03669638 -0.03995462 0.07078109 0.06978130 0.01375264 0.03374357 -0.01389750 0.05977860 -0.00322493 0.03746903 0.08919231 -0.09070919 -0.00920685 -0.00721267 -0.02831217 0.02619530 0.04575597 -0.01894000 -0.02801896 -0.10267955 -0.11294194 -0.04072414 -0.03437230 -0.02128130 0.06087642 -0.05337874 0.02292760 0.10764138 -0.03018444 -0.07442998 0.00276431 0.13918922 0.07518913 0.03031432 0.05563795 0.04951964
-0.06341683 0.02082861 -0.01380727 0.08060398 -0.02467044 0.00694244 0.18065208 -0.02546853 0.09170820 0.18149489 0.14895727 -0.01336485 0.00167414 0.28041571 0.22518934 0.21898306 0.41632199 0.16785482 0.16248482 0.45534433 0.17977019 0.12124317 0.22247287 1.00000000 0.19604787 0.20862804 -0.03000863 0.03016330 0.00078452 -0.04048402 0.02272582 0.04560300 0.00058042 -0.00636059 -0.10737761 0.05077431 -0.03614978 0.00378527 -0.00490621 0.04423784 0.02520309 0.13395571 -0.03886399 0.05732057 -0.05191302 0.00140942 0.11350977 0.07739430 0.02155970 0.02949470 0.06329898 0.03219904 0.03154858 0.03266201 0.00900225 -0.03566218 -0.12440178 0.02413821 0.04641450 -0.01919056 0.01875418 -0.08422370 0.03375170 -0.07418090 -0.03606744 0.03042638 0.06098188 0.01635897 -0.06926778 0.04459074 0.01522804 0.04363150 0.06777101 -0.01761123 0.05287616 0.10476077 0.03174980 0.03724728
-0.05367402 0.06233640 0.01456492 0.02599714 0.05172111 0.00990185 0.00954856 0.01484335 0.04703018 -0.01710306 0.03298967 -0.16366940 -0.01417291 0.28844724 0.27765650 0.17857974 0.21158206 0.27125902 0.23446387 0.14746478 0.27062982 0.29319253 0.13699452 0.19604787 1.00000000 0.22246529 -0.09395072 0.00733101 -0.11323995 -0.14849337 -0.09079502 0.00928687 -0.12762576 -0.10586273 -0.12242435 -0.08173915 -0.00024367 -0.06557306 -0.06597689 -0.13881707 -0.07086988 -0.08740146 -0.16913853 0.08840348 -0.08955081 -0.10539654 -0.07519992 -0.06464701 -0.14858130 -0.04651916 -0.02612746 -0.07097379 -0.04796116 -0.04281232 0.04671771 0.04688034 -0.09371405 -0.03133631 0.08147598 -0.08925099 -0.06745670 0.06413598 0.11066139 -0.03155219 -0.03843672 -0.03003226 0.03847119 -0.00941732 -0.05814088 0.07759221 -0.06711915 -0.00358778 -0.06191408 -0.02579733 -0.12027961 0.06366167 0.00282376 -0.06683685
0.01377362 0.06441436 -0.03694391 0.08887385 0.02455124 0.11222054 0.04652911 0.16214042 0.03961633 0.08465866 -0.00536425 -0.01105816 0.04359148 0.18256417 0.24719721 0.08604636 0.09273923 0.13997002 0.26290066 0.17395255 0.31328708 0.30289290 0.15536364 0.20862804 0.22246529 1.00000000 0.04133712 -0.00212117 0.01359007 -0.09032222 -0.02494516 -0.03023724 0.01876277 0.05035635 -0.03493936 -0.05616847 -0.00123677 -0.04767841 -0.06866494 -0.03309734 0.04029779 0.01545411 0.01952537 -0.00304351 -0.08427603 -0.09114194 -0.03312385 0.06557325 0.00400121 -0.02663515 -0.04649435 -0.04047395 0.02657365 0.00515416 -0.04881548 0.02131356 -0.03325913 0.02201455 0.05387223 0.02548318 0.06233244 0.01053039 0.03709485 0.06214732 -0.03831646 0.03145954 0.03361293 -0.03966635 -0.07287140 0.13182898 0.01775383 0.07681335 0.07030781 0.05682980 0.02430932 0.07645535 0.13431104 0.05534398
-0.01706325 -0.02398087 0.08734530 0.00945590 0.07982707 -0.17561388 0.01052637 -0.08255089 0.04309418 0.03415630 -0.00257365 0.01907620 -0.06954574 -0.04363019 0.01350425 -0.07750556 -0.04536391 0.09714295 0.02149971 0.11754919 -0.07101839 -0.09028892 -0.00844312 -0.03000863 -0.09395072 0.04133712 1.00000000 0.24421951 0.32246959 0.37860203 0.16134046 0.25569795 0.35473063 0.45331187 0.13447081 0.27356764 0.16152799 0.29229178 0.34564697 0.05307352 0.17942299 0.08966538 -0.04532811 -0.03292063 -0.02128678 0.05123860 0.04790761 0.17542821 0.04773533 0.08602392 0.02616299 0.05694111 0.11283659 0.01024410 -0.01736312 -0.00327441 0.04612198 -0.00584413 -0.03409126 0.05660038 0.08927459 -0.02182184 -0.02998211 0.01392741 -0.00571012 0.02642215 0.07645460 0.04594383 0.04026045 -0.01748049 0.12469440 -0.05193115 0.02382472 0.04606278 0.02953558 -0.03235221 0.02321133 -0.06508029
-0.01578416 -0.09769379 -0.06539757 0.01408239 -0.02081701 -0.12461479 -0.03623577 -0.15474209 -0.03811861 -0.07172466 -0.08842843 -0.10058552 -0.17488708 -0.03848062 -0.00219282 0.03425200 -0.00457848 -0.03498056 -0.02206043 -0.01775853 -0.01396576 0.02207035 0.02057851 0.03016330 0.00733101 -0.00212117 0.24421951 1.00000000 0.19561993 0.25806573 0.21988657 0.32978007 0.32059379 0.16051311 0.24986141 0.21214398 0.27167059 0.26609146 0.25958191 0.07321912 -0.06482356 -0.00165392 -0.08292415 -0.11293477 -0.06546569 -0.00298935 -0.00350528 0.01159916 -0.05185337 0.10145221 -0.13391451 -0.07380037 0.07177787 0.03965302 0.04409853 0.03781662 0.06998078 0.07775999 0.00499643 0.12190472 0.05032276 0.11124588 0.06147257 0.07581366 0.04312124 -0.01285451 0.00461831 0.03361558 0.04202979 -0.01945164 0.00738214 -0.11180685 0.01554498 -0.08628722 -0.05315259 -0.13005825 -0.05022427 -0.20622134
0.01566941 -0.04022009 0.03644378 0.13261139 0.05350461 -0.08148872 -0.04201927 -0.07894724 -0.00232296 -0.05141085 -0.04635386 0.10433946 -0.03819928 -0.03742009 0.02238393 -0.07725677 -0.08423146 -0.02340106 0.01777576 0.07731710 -0.00720883 -0.14276627 -0.00521389 0.00078452 -0.11323995 0.01359007 0.32246959 0.19561993 1.00000000 0.31515356 0.12775882 0.21515727 0.25846555 0.30838374 0.13448859 0.36630749 0.18177563 0.19456774 0.22390546 -0.03146493 0.09721341 0.05148987 0.02543913 0.03301446 0.03433504 -0.01336359 0.08434091 0.11937118 0.08204213 0.05635399 -0.06641737 0.00351962 0.02626432 -0.11330305 -0.14267072 -0.04263897 0.03809023 0.05339111 -0.09864637 0.03128624 -0.08276381 0.04495391 -0.01699056 -0.03388579 -0.04676636 0.01190041 0.18816831 -0.01055789 -0.00906313 -0.02483033 0.05907517 -0.05347462 -0.00260571 0.04472884 -0.03076574 -0.01843169 -0.02923796 -0.12538418
0.02158889 -0.01788612 0.01861198 0.02360161 0.07396652 -0.04939295 0.02508560 -0.04149086 -0.04781395 -0.02954136 -0.03549732 0.01803851 -0.01456164 -0.03611466 -0.07003306 -0.08304482 -0.04208971 -0.04195717 -0.11460366 0.04347838 -0.10048633 -0.14045990 -0.02327885 -0.04048402 -0.14849337 -0.09032222 0.37860203 0.25806573 0.31515356 1.00000000 0.24971661 0.26594774 0.26295357 0.37480416 0.21266226 0.30398554 0.13763334 0.29423449 0.27603150 0.05500718 -0.02472939 0.01508275 -0.13689255 -0.11589288 0.04513318 -0.01280077 0.10441105 0.03031194 0.10972409 0.14627244 0.08848156 -0.07190817 0.04219420 0.08101083 -0.03536178 -0.04446249 0.00890531 -0.02478685 0.01022849 0.06228829 -0.01057390 -0.00528107 -0.02033355 -0.00272196 -0.05643540 0.07990880 0.11514021 0.04679910 0.04812326 -0.05992527 0.02351957 0.03858749 0.06542592 -0.07325568 0.07138800 -0.03704799 -0.00880903 -0.10006803
-0.01279502 -0.10133381 0.04019894 0.02820869 0.08604121 -0.07651393 0.04361410 -0.01836396 -0.01983686 0.06513424 0.01807417 0.02258064 -0.07246473 0.00986611 -0.01725483 -0.05029301 0.00002744 0.03729662 -0.10993171 -0.04598285 0.07230556 -0.07735359 0.02555830 0.02272582 -0.09079502 -0.02494516 0.16134046 0.21988657 0.12775882 0.24971661 1.00000000 0.20956085 0.41569150 0.37025119 0.33782613 0.24619746 0.17393702 0.22261727 0.23592863 0.03785114 0.04529527 -0.00948698 -0.04645529 -0.09463108 -0.05253433 -0.12740612 -0.07273967 0.07407866 -0.01052359 -0.06323889 0.06282224 -0.00535528 0.01112337 0.02857944 -0.10142539 -0.04914335 0.02221338 -0.06528119 -0.02903231 0.04178567 -0.04111492 -0.07126587 0.06840997 -0.01174646 0.01715383 -0.06063430 -0.00436661 0.03798498 0.04783103 -0.02202987 -0.02336708 -0.10061231 0.01394883 0.02134938 -0.04113742 -0.00716972 0.01534617 -0.05250065
-0.05070884 -0.06039493 0.00572358 0.02378454 0.09146522 -0.13617173 0.08426643 -0.11115518 -0.02254673 -0.07476003 0.00460296 -0.00306175 -0.00081358 0.00282151 -0.01202700 0.03819673 -0.00408243 -0.01910426 -0.07661179 0.08355472 -0.05827631 -0.05186280 0.02682413 0.04560300 0.00928687 -0.03023724 0.25569795 0.32978007 0.21515727 0.26594774 0.20956085 1.00000000 0.18370705 0.25448648 0.09816202 0.15760008 0.04665834 0.24754988 0.25250500 0.08008185 0.04188543 0.00975409 0.03369647 0.04791472 0.00042463 0.06611672 0.02163977 0.02673308 0.02406241 0.06445416 0.02235920 0.06876858 -0.00881776 -0.13870162 -0.02237933 -0.05944097 -0.12613040 0.02562389 -0.05836677 -0.00640712 -0.02284113 0.03863641 -0.13474915 -0.11340646 0.00793100 0.01074891 0.12178454 0.07242565 -0.03347561 0.05138373 0.02421788 -0.02472175 0.02323553 0.00968013 0.05522737 0.00494006 -0.00025421 -0.03366045
0.05338491 -0.12516755 0.01926702 0.02458404 0.02857373 -0.09055145 0.04436962 -0.06313987 -0.04143018 0.00378567 0.01099133 0.02001282 -0.17315873 -0.09632584 -0.02566151 -0.00365602 -0.09730098 0.01111008 0.05223085 -0.06620754 -0.01748872 -0.06252554 0.03233435 0.00058042 -0.12762576 0.01876277 0.35473063 0.32059379 0.25846555 0.26295357 0.41569150 0.18370705 1.00000000 0.38735433 0.28598295 0.31527036 0.36036754 0.32372281 0.35470290 0.05687646 0.11568779 0.07620578 -0.10431572 -0.14757201 -0.02853189 -0.06310289 -0.00497432 0.20286465 0.05179047 0.09297682 -0.05286318 -0.03445114 0.12953567 0.07720571 -0.03913591 0.02479469 0.13084008 0.03624722 -0.02747244 0.09326487 0.05168431 0.01057436 0.03514407 0.12166786 0.07146013 -0.03449497 0.01988222 -0.00502008 0.07677642 0.11218034 0.05384511 -0.03962842 0.03470225 0.11010271 -0.05231592 -0.02744286 0.09889733 -0.15384965
0.00193901 -0.04895359 0.06834349 0.04540384 0.04117082 -0.12724745 -0.00830181 0.01009213 0.05154965 0.01852776 0.06492889 0.02913305 -0.00285824 -0.11107996 -0.07802059 -0.11311695 -0.09010690 -0.05568466 -0.14977376 -0.01257185 0.03639917 -0.08380418 -0.05488232 -0.00636059 -0.10586273 0.05035635 0.45331187 0.16051311 0.30838374 0.37480416 0.37025119 0.25448648 0.38735433 1.00000000 0.22848605 0.25549043 0.14954954 0.26816890 0.36998156 -0.06770123 -0.02736796 -0.00157276 -0.05706412 -0.11148126 -0.07592286 -0.10745851 -0.04217535 0.03933013 -0.02503681 0.03203268 -0.02964590 -0.11062736 -0.03068138 -0.02073861 -0.05971759 -0.07360934 -0.03891055 -0.09523938 -0.08036460 -0.01952921 0.02987965 -0.05467752 -0.03246069 -0.05445338 -0.05022582 -0.00782307 0.11189261 0.01829767 0.01138561 0.10888397 0.05422334 0.03903464 0.09288982 0.08159257 0.04901185 0.01280237 0.05052252 -0.07850039
0.11170892 0.14849631 0.07893802 0.11456929 0.08975635 0.03584581 0.11902278 0.07241698 0.03289499 0.10602622 0.04788126 0.10100273 -0.07118104 -0.01837931 -0.02290240 -0.11875686 -0.15713368 -0.03765402 -0.08539544 -0.05316722 -0.06838369 0.01639248 -0.03477913 -0.10737761 -0.12242435 -0.03493936 0.13447081 0.24986141 0.13448859 0.21266226 0.33782613 0.09816202 0.28598295 0.22848605 1.00000000 0.22028382 0.31027295 0.25009844 0.25365257 0.05300976 0.04693829 0.03354863 -0.06289546 -0.06819409 -0.01895845 -0.05186848 0.00144071 0.03394220 0.02259759 0.03503539 -0.09973332 -0.06324321 0.01318665 0.08310074 0.00157413 -0.02673430 0.08782268 0.10099497 0.00794164 0.04595497 0.01474816 0.01582403 -0.02001041 0.00433737 -0.00031872 0.04080219 0.13538122 -0.01867383 -0.00823023 0.00811860 -0.01734387 -0.03387931 -0.01143839 0.02219419 -0.02733825 0.04284210 0.13676600 -0.05206217
0.09158050 0.01834353 0.04451563 0.11135137 0.06381728 -0.06991196 0.03542582 -0.02543665 -0.02450683 0.02113779 -0.01256491 0.05519865 -0.06319946 0.00858855 -0.01396668 -0.09194977 -0.05811832 -0.08438312 -0.07434548 -0.04724981 -0.01019034 -0.13418676 -0.03065696 0.05077431 -0.08173915 -0.05616847 0.27356764 0.21214398 0.36630749 0.30398554 0.24619746 0.15760008 0.31527036 0.25549043 0.22028382 1.00000000 0.19720156 0.17768999 0.39167632 0.11168437 0.09206815 0.07289621 -0.09273872 -0.06926256 0.04228059 0.05878703 0.07951268 0.16461430 0.05833365 0.14756432 0.07213355 0.05235730 0.04111482 -0.06011770 -0.03902062 -0.06542879 0.00705126 0.01661971 -0.11563937 0.01251026 -0.02600336 0.03944657 -0.03013150 0.04088426 0.03043368 -0.01385502 0.11714974 -0.08857808 0.00620222 -0.05165285 0.00549691 -0.04391923 -0.06024964 0.05786665 -0.05320221 -0.00794488 0.00529118 -0.13909021
0.02062389 -0.02200639 -0.05152320 0.08070722 -0.07024373 -0.02235634 0.00595724 -0.06144808 -0.08566513 -0.02708035 -0.10415338 -0.07917407 -0.06036382 -0.14058950 0.02782868 -0.04326947 -0.06372364 -0.05571954 -0.01854806 0.03633065 -0.07034931 -0.03945811 0.05287955 -0.03614978 -0.00024367 -0.00123677 0.16152799 0.27167059 0.18177563 0.13763334 0.17393702 0.04665834 0.36036754 0.14954954 0.31027295 0.19720156 1.00000000 0.11255792 0.27939788 0.15069755 0.08585212 -0.02633383 -0.11719173 -0.16630116 -0.12375261 -0.01642863 -0.04276298 0.13758986 -0.02262201 0.18167192 -0.16407221 -0.08916759 0.10654995 0.07072488 -0.00011457 0.03623883 0.12494288 0.08862612 -0.10959974 0.04696222 -0.00602673 0.06654074 -0.08201068 0.13876245 0.02831861 0.00045294 0.04324404 0.05206557 0.03412427 -0.03451421 0.10109348 0.02740636 -0.10641737 0.02757382 -0.04435806 0.01828229 0.01748416 -0.07893235
0.04534095 -0.06862295 0.04228743 0.07630139 -0.02864927 -0.09793678 0.03248505 -0.03551223 -0.03850962 -0.01411167 -0.06742784 0.04141763 -0.02474851 -0.03204774 0.04674749 -0.04232882 -0.02049038 -0.02311021 -0.10018142 -0.02974501 -0.05124468 -0.11284869 -0.04130628 0.00378527 -0.06557306 -0.04767841 0.29229178 0.26609146 0.19456774 0.29423449 0.22261727 0.24754988 0.32372281 0.26816890 0.25009844 0.17768999 0.11255792 1.00000000 0.41521358 0.04462261 0.00708771 0.05368377 -0.05700820 -0.06900136 0.02326926 -0.03855199 0.03286229 0.06421755 0.06676529 0.03487968 0.02756557 -0.00939755 -0.00381259 0.07539710 -0.02586129 -0.04165380 -0.03185108 -0.05729569 0.01203523 -0.01994769 -0.04631558 -0.05300641 0.05682865 -0.09902750 0.01151280 -0.00615590 0.00382141 -0.03400013 0.05345793 -0.04837609 0.11850399 -0.05309754 -0.04625883 -0.03361589 0.01807635 -0.05626465 -0.00637208 -0.06916207
0.00621871 -0.01257156 0.02972433 -0.02936977 0.09523506 -0.16925686 0.03162113 -0.05487470 0.00515483 0.01201584 -0.07429079 0.01408028 -0.08251517 -0.08930697 -0.01110643 -0.01769077 -0.01305129 -0.00027101 -0.02178464 -0.03156096 0.10146759 -0.10303468 -0.02242498 -0.00490621 -0.06597689 -0.06866494 0.34564697 0.25958191 0.22390546 0.27603150 0.23592863 0.25250500 0.35470290 0.36998156 0.25365257 0.39167632 0.27939788 0.41521358 1.00000000 0.07508098 0.07682700 0.09276903 -0.02410000 -0.15694006 -0.01974328 0.07573939 0.01620016 0.13477196 -0.00013982 0.12258521 -0.02269601 0.06384093 0.02711183 -0.01414360 -0.07193739 -0.01549222 0.00372993 0.13829276 -0.07611082 -0.01902219 -0.00541084 -0.01828605 0.03012333 -0.04410024 0.03230495 -0.01719377 0.03832455 0.02400462 0.04292069 0.01625539 0.06040671 -0.01339831 -0.00363615 0.05337978 -0.02413984 0.01350947 -0.02021522 -0.10918857
0.05855117 -0.00579877 -0.07061004 0.00238260 -0.04337707 0.03885133 0.12899373 -0.02264566 -0.02125923 0.05401243 0.04608013 -0.02546233 0.01056930 -0.07554522 -0.03448193 -0.06168554 -0.00365865 -0.11399387 -0.01507199 -0.01095063 -0.08171353 -0.11023585 0.07561075 0.04423784 -0.13881707 -0.03309734 0.05307352 0.07321912 -0.03146493 0.05500718 0.03785114 0.08008185 0.05687646 -0.06770123 0.05300976 0.11168437 0.15069755 0.04462261 0.07508098 1.00000000 0.28996308 0.35187435 0.11070620 0.00399020 0.28373410 0.29131366 0.32555856 0.34776136 0.20999414 0.33219882 0.22787144 0.30336280 0.04573632 -0.06722864 -0.03347335 0.00006057 0.05384399 0.03858688 -0.12482558 -0.04370118 0.11820673 0.06175561 -0.22745730 0.10234088 0.00104588 0.05703468 -0.07349465 0.05450042 0.03061529 -0.04134184 -0.05267707 -0.02468494 -0.00821757 -0.01079336 -0.02427482 -0.00887543 -0.09110034 -0.03692192
-0.01974669 0.01993363 -0.01686245 0.04852634 0.06080937 0.01439392 0.05926055 -0.07318378 0.05423847 0.10224852 0.04847097 0.10222179 -0.03968300 -0.06699354 -0.06855733 -0.08558992 -0.00375082 -0.01905082 0.14183548 0.04068069 0.00518627 -0.03339520 0.08656760 0.02520309 -0.07086988 0.04029779 0.17942299 -0.06482356 0.09721341 -0.02472939 0.04529527 0.04188543 0.11568779 -0.02736796 0.04693829 0.09206815 0.08585212 0.00708771 0.07682700 0.28996308 1.00000000 0.27062098 0.23405914 0.08201582 0.21273926 0.20866953 0.18828043 0.34995356 0.31847316 0.17490148 0.12294337 0.25024096 0.12622304 -0.11667715 -0.07068939 0.00459151 0.01321943 -0.04682486 -0.10512361 0.00260624 0.01886920 -0.00317757 -0.10891399 0.02775728 0.02782741 0.10019480 0.10952449 -0.00980208 -0.00022464 0.04003656 0.09387455 -0.00082567 0.04894969 0.11363323 0.14567429 0.05814109 0.01461288 0.07386770
0.04322181 0.02582706 -0.06273794 0.04258904 0.07061396 -0.04309811 0.09975398 0.03410186 0.09271375 0.14347056 0.06398790 0.01455504 0.06799946 -0.11491723 -0.03442282 -0.11605277 0.02155950 0.05556320 0.07930814 0.07125383 0.03421205 -0.15278050 0.02837328 0.13395571 -0.08740146 0.01545411 0.08966538 -0.00165392 0.05148987 0.01508275 -0.00948698 0.00975409 0.07620578 -0.00157276 0.03354863 0.07289621 -0.02633383 0.05368377 0.09276903 0.35187435 0.27062098 1.00000000 0.27655732 0.10164450 0.29866881 0.25018455 0.20997822 0.30668307 0.26421010 0.20793406 0.17977385 0.23249961 0.08983988 -0.07663966 0.06264405 0.00962408 0.04402675 0.10012304 -0.00233108 0.05530829 0.18376125 0.01402720 -0.07108539 0.10975012 0.05015171 0.04755340 -0.01505388 -0.01499833 0.01460978 -0.04820193 0.05122651 -0.04606667 0.07391405 0.02146191 0.03575727 -0.00934945 -0.06936659 -0.10108004
-0.03433222 0.08023947 -0.08404190 0.02678344 0.01726848 0.00700942 -0.00195612 0.07047668 0.10685897 -0.08544303 0.00867228 0.03886674 0.05337284 -0.05783400 -0.00528742 -0.04521226 -0.03547388 0.02457708 -0.00315371 0.02215681 -0.01935702 -0.09599663 -0.03669638 -0.03886399 -0.16913853 0.01952537 -0.04532811 -0.08292415 0.02543913 -0.13689255 -0.04645529 0.03369647 -0.10431572 -0.05706412 -0.06289546 -0.09273872 -0.11719173 -0.05700820 -0.02410000 0.11070620 0.23405914 0.27655732 1.00000000 0.11804090 0.25034652 0.19301892 0.10304275 0.10000598 0.21677745 0.00958499 0.12867216 0.18229858 -0.04169174 -0.12846866 -0.03973773 -0.00636209 0.02944483 0.00547211 -0.06316877 0.04808669 0.01186749 -0.08106318 -0.06294263 -0.03556444 -0.05524267 -0.00888620 0.01593125 -0.02647351 0.00886515 -0.07351499 0.02531355 0.07135379 0.04512242 0.02494163 0.05056425 -0.03828296 -0.05901141 0.00312734
-0.12376188 0.00833184 -0.05107476 0.02477559 0.02449771 -0.00472700 0.03269196 -0.05887057 0.00701817 -0.05567728 0.03944714 -0.00481718 0.03019787 0.05716320 0.10198827 0.09282288 -0.04063792 0.05065842 0.05345313 -0.00885148 0.00217488 0.12242355 -0.03995462 0.05732057 0.08840348 -0.00304351 -0.03292063 -0.11293477 0.03301446 -0.11589288 -0.09463108 0.04791472 -0.14757201 -0.11148126 -0.06819409 -0.06926256 -0.16630116 -0.06900136 -0.15694006 0.00399020 0.08201582 0.10164450 0.11804090 1.00000000 0.12666883 0.12804663 0.20061686 -0.01387318 0.10286247 0.02456355 0.12318856 0.08699950 -0.07591971 -0.08671249 0.01708086 -0.00633889 -0.11026160 -0.04560432 0.06096754 -0.00537094 -0.06699446 0.07683808 0.01499123 -0.04901607 -0.03001721 -0.02692754 0.03694774 -0.10157008 -0.14458277 -0.04094200 -0.09110407 -0.08440672 -0.06332240 -0.06056929 -0.09374551 -0.02190086 -0.14857596 -0.01771585
-0.05785712 0.06242802 0.01689139 -0.03853385 0.03336635 -0.03844231 0.01861578 0.01449011 0.01894563 -0.00777396 -0.01622567 -0.02257184 -0.02965817 -0.06293857 -0.13093448 -0.11997707 -0.11205686 -0.12373709 0.00156605 -0.00155832 -0.01689903 -0.12170243 0.07078109 -0.05191302 -0.08955081 -0.08427603 -0.02128678 -0.06546569 0.03433504 0.04513318 -0.05253433 0.00042463 -0.02853189 -0.07592286 -0.01895845 0.04228059 -0.12375261 0.02326926 -0.01974328 0.28373410 0.21273926 0.29866881 0.25034652 0.12666883 1.00000000 0.21426002 0.32506547 0.18138067 0.32663465 0.18486842 0.31440452 0.35371722 0.04454450 0.01683907 -0.03325639 0.01608273 0.13740962 0.01743752 0.01984911 0.08607638 0.03656044 0.00973313 -0.02976891 0.02756242 -0.04886925 0.12956494 0.10181188 -0.06942634 -0.00108202 -0.07402909 -0.00998880 -0.02077255 -0.03236095 0.00950420 0.02616798 -0.01469454 -0.14695515 -0.02961361
0.02662690 0.02219057 -0.08324436 0.01586502 -0.00661553 -0.08087653 0.04829302 -0.11297336 -0.00470657 -0.00151682 0.00552090 -0.07328146 -0.06979228 -0.06960364 0.03095478 -0.07351820 -0.05969512 -0.00317809 0.05398261 0.01539957 -0.13010653 -0.12519700 0.06978130 0.00140942 -0.10539654 -0.09114194 0.05123860 -0.00298935 -0.01336359 -0.01280077 -0.12740612 0.06611672 -0.06310289 -0.10745851 -0.05186848 0.05878703 -0.01642863 -0.03855199 0.07573939 0.29131366 0.20866953 0.25018455 0.19301892 0.12804663 0.21426002 1.00000000 0.25155623 0.26945757 0.24046846 0.35829004 0.14210619 0.38785648 0.09944513 -0.08537736 0.06229679 -0.04203192 0.03451731 -0.06141775 -0.05184619 -0.04700952 0.19280386 0.00208528 -0.12790398 0.13649243 0.10052347 0.03561130 0.00347368 -0.06205962 -0.16690173 -0.04753181 -0.02741703 -0.04940899 0.07264778 0.06183232 0.07364599 0.00589625 -0.07155400 0.01761889
0.03098132 -0.05552577 0.00978447 0.00079197 -0.08251238 0.02473660 0.00732660 -0.09534794 -0.02480929 0.05045944 -0.01649146 -0.05997192 0.02109856 -0.02460179 0.00110733 -0.02388977 -0.01776749 -0.12093869 0.00476157 0.06976919 -0.06090252 -0.08160273 0.01375264 0.11350977 -0.07519992 -0.03312385 0.04790761 -0.00350528 0.08434091 0.10441105 -0.07273967 0.02163977 -0.00497432 -0.04217535 0.00144071 0.07951268 -0.04276298 0.03286229 0.01620016 0.32555856 0.18828043 0.20997822 0.10304275 0.20061686 0.32506547 0.25155623 1.00000000 0.23443444 0.30913262 0.31946408 0.35085958 0.28719257 0.02397506 -0.09831299 0.06579112 -0.01247463 -0.12689298 -0.04300265 -0.05953309 -0.01903178 0.01822013 -0.02896545 -0.03685388 0.02139966 -0.05776630 0.15747282 0.00560183 -0.08376216 -0.05760747 -0.10384163 -0.10080324 -0.04680956 -0.04411935 0.00389837 -0.03853430 0.00875172 -0.19247288 -0.00603961
0.12443140 -0.00801776 -0.00764995 0.12247689 0.00968000 0.02275660 0.13650865 0.04145747 -0.02031864 0.03251178 0.03677781 -0.08136216 -0.01993559 -0.05002518 0.02734254 -0.06367225 -0.07841229 0.05423801 0.14400406 0.03249187 0.02546360 -0.05802607 0.03374357 0.07739430 -0.06464701 0.06557325 0.17542821 0.01159916 0.11937118 0.03031194 0.07407866 0.02673308 0.20286465 0.03933013 0.03394220 0.16461430 0.13758986 0.06421755 0.13477196 0.34776136 0.34995356 0.30668307 0.10000598 -0.01387318 0.18138067 0.26945757 0.23443444 1.00000000 0.35577645 0.35256216 0.21795044 0.42451450 0.07731151 -0.09768890 -0.06886582 0.01423198 0.12849604 -0.04068567 -0.20755169 0.01826845 0.04425262 0.01903387 -0.10961225 0.05585902 0.00398646 0.12475388 0.01729707 0.04375217 0.05772476 -0.01089932 0.08227303 0.07328288 0.10453900 0.10751920 0.12538360 0.08282636 0.01859825 -0.05559633
0.05596404 0.04741422 0.00054255 0.11410226 0.01853050 0.04637476 0.13628781 0.01276480 0.02974571 -0.00086982 0.00905631 0.04139628 0.07959666 -0.07595713 -0.01702666 -0.19062067 -0.15259747 -0.04631778 0.05512582 -0.02930953 -0.18764063 -0.21461597 -0.01389750 0.02155970 -0.14858130 0.00400121 0.04773533 -0.05185337 0.08204213 0.10972409 -0.01052359 0.02406241 0.05179047 -0.02503681 0.02259759 0.05833365 -0.02262201 0.06676529 -0.00013982 0.20999414 0.31847316 0.26421010 0.21677745 0.10286247 0.32663465 0.24046846 0.30913262 0.35577645 1.00000000 0.27229737 0.29251757 0.32617216 0.07054302 0.01793615 -0.03076925 -0.00153125 0.05050800 -0.10505981 -0.12119250 0.07208416 0.02130359 -0.01362826 -0.09487704 0.07116377 -0.08246503 0.15649815 0.18085573 -0.03281562 -0.02121426 -0.02142478 0.06665805 0.04582685 0.06626942 0.09658077 0.12862160 0.05491477 0.00476245 -0.02776129
0.12058438 -0.00667383 -0.02354705 0.01900853 0.07368138 0.03191255 0.10314476 0.03254920 -0.00986342 0.02850423 0.03269840 0.03683405 0.04400686 -0.08802063 0.00295664 -0.06036102 -0.07617374 -0.05546650 0.02379819 0.02534235 -0.11303456 -0.05696631 0.05977860 0.02949470 -0.04651916 -0.02663515 0.08602392 0.10145221 0.05635399 0.14627244 -0.06323889 0.06445416 0.09297682 0.03203268 0.03503539 0.14756432 0.18167192 0.03487968 0.12258521 0.33219882 0.17490148 0.20793406 0.00958499 0.02456355 0.18486842 0.35829004 0.31946408 0.35256216 0.27229737 1.00000000 0.24710690 0.23017367 0.14005545 -0.08367994 -0.02398959 0.02454816 0.00104376 -0.00826184 -0.06348636 -0.04830624 0.04767860 0.00871994 -0.05753543 0.14612967 0.05084938 0.11767845 -0.00804157 0.10283150 0.03902490 -0.00924203 -0.00273882 0.00884130 -0.01515602 0.12377456 0.00344815 0.05696208 0.02514427 -0.03827099
0.05769235 0.01200586 0.08091738 -0.04585095 0.01412570 0.13986602 -0.00673638 0.00549505 0.05655987 -0.00423691 0.06128610 0.07184338 0.13732922 0.01638421 -0.04861422 -0.12653216 -0.03420634 -0.08620040 -0.00459705 0.02070765 0.02627711 -0.13089323 -0.00322493 0.06329898 -0.02612746 -0.04649435 0.02616299 -0.13391451 -0.06641737 0.08848156 0.06282224 0.02235920 -0.05286318 -0.02964590 -0.09973332 0.07213355 -0.16407221 0.02756557 -0.02269601 0.22787144 0.12294337 0.17977385 0.12867216 0.12318856 0.31440452 0.14210619 0.35085958 0.21795044 0.29251757 0.24710690 1.00000000 0.31271027 0.06505590 -0.04256912 0.00452373 -0.03276463 -0.07898938 -0.02196329 -0.01516647 0.06955214 -0.08046507 -0.07756932 -0.08076872 -0.05477473 -0.07133147 0.04301132 -0.02331397 -0.04299668 -0.07624713 -0.01746978 -0.04227173 0.00527469 -0.01210830 0.03550848 0.04095412 0.07976090 -0.11632070 0.04559025
-0.02735473 0.05238688 0.01047000 0.01911257 0.01478057 -0.03510282 0.08524689 -0.03969743 0.01460028 0.04653334 -0.00723425 -0.02554428 -0.03745413 0.00478526 0.03046608 -0.15274976 -0.11709150 0.01135793 0.09841686 0.02703171 -0.04068863 -0.03417317 0.03746903 0.03219904 -0.07097379 -0.04047395 0.05694111 -0.07380037 0.00351962 -0.07190817 -0.00535528 0.06876858 -0.03445114 -0.11062736 -0.06324321 0.05235730 -0.08916759 -0.00939755 0.06384093 0.30336280 0.25024096 0.23249961 0.18229858 0.08699950 0.35371722 0.38785648 0.28719257 0.42451450 0.32617216 0.23017367 0.31271027 1.00000000 0.06801537 -0.02397458 -0.00843427 -0.05207501 0.10196129 0.01522664 -0.09521848 0.01642905 0.06364077 -0.03787898 -0.11263653 0.00128998 0.10687861 0.14447191 0.04502635 -0.05890736 -0.06989932 -0.10358493 0.00706706 -0.00240774 0.02917625 0.02800994 0.02490529 0.02264278 -0.06147263 -0.02209244
0.02688250 0.01175137 -0.01971578 -0.03237232 0.05310695 0.01883926 0.02262336 -0.12162363 0.04299502 0.02413803 0.04616347 -0.01277550 -0.05204169 -0.02743697 -0.06828709 -0.05829047 -0.00143829 0.01209576 0.02065997 0.04359499 0.02756109 -0.06022317 0.08919231 0.03154858 -0.04796116 0.02657365 0.11283659 0.07177787 0.02626432 0.04219420 0.01112337 -0.00881776 0.12953567 -0.03068138 0.01318665 0.04111482 0.10654995 -0.00381259 0.02711183 0.04573632 0.12622304 0.08983988 -0.04169174 -0.07591971 0.04454450 0.09944513 0.02397506 0.07731151 0.07054302 0.14005545 0.06505590 0.06801537 1.00000000 0.15725208 0.25617197 0.18328020 0.18733426 0.13740299 0.03341707 0.16620616 0.21118225 0.04881362 0.05715313 0.17157195 0.28220645 0.02407530 -0.03133308 0.04916673 0.06132716 -0.09272824 -0.01562399 -0.01916931 -0.06441532 -0.02802385 -0.01327451 0.04706596 -0.00546132 0.00757481
-0.06240454 0.00114617 0.03119942 0.02066558 0.02685842 -0.13063665 0.05360193 0.02177113 -0.01527628 0.06445032 0.03114688 -0.08576406 -0.05792764 -0.02373731 -0.00675245 -0.02434943 -0.06627868 -0.03484780 0.03021759 0.01067953 -0.07743518 -0.03448734 -0.09070919 0.03266201 -0.04281232 0.00515416 0.01024410 0.03965302 -0.11330305 0.08101083 0.02857944 -0.13870162 0.07720571 -0.02073861 0.08310074 -0.06011770 0.07072488 0.07539710 -0.01414360 -0.06722864 -0.11667715 -0.07663966 -0.12846866 -0.08671249 0.01683907 -0.08537736 -0.09831299 -0.09768890 0.01793615 -0.08367994 -0.04256912 -0.02397458 0.15725208 1.00000000 0.14388641 0.17116160 0.25299160 0.16511739 0.29274780 0.18448354 0.09069586 -0.01182771 0.19671598 0.23172527 0.13541000 -0.02233924 -0.10580186 -0.03785573 -0.04241593 -0.05998491 0.00977998 0.06484620 -0.05325327 -0.10065445 0.03801905 0.03010796 -0.02299494 -0.05690986
-0.02855885 -0.00131354 -0.06427081 0.01913247 -0.07398355 -0.01051553 0.02515328 -0.15875139 -0.10080772 0.00918761 0.08576086 -0.07307071 0.00935818 -0.06053285 -0.03730370 -0.03735675 -0.07182809 -0.04168256 -0.05424829 -0.03040496 -0.08206445 0.02981186 -0.00920685 0.00900225 0.04671771 -0.04881548 -0.01736312 0.04409853 -0.14267072 -0.03536178 -0.10142539 -0.02237933 -0.03913591 -0.05971759 0.00157413 -0.03902062 -0.00011457 -0.02586129 -0.07193739 -0.03347335 -0.07068939 0.06264405 -0.03973773 0.01708086 -0.03325639 0.06229679 0.06579112 -0.06886582 -0.03076925 -0.02398959 0.00452373 -0.00843427 0.25617197 0.14388641 1.00000000 0.05775133 0.08902799 0.19270701 0.18804415 0.20560885 0.34832475 0.09052716 0.03811660 0.19739158 0.18396331 0.03109403 -0.02837245 -0.06885930 -0.10075351 -0.01214911 0.00419465 0.05330543 0.06844618 -0.07700855 0.05009305 0.03686543 -0.06037092 0.02332740
0.13995927 -0.04394061 0.07982714 -0.00181506 -0.01026674 0.07742407 0.06664656 0.09377385 0.00982095 -0.00735249 0.10385836 0.03243895 -0.03540191 0.02993399 -0.04673109 -0.03702309 -0.01172292 0.04646536 0.11433531 -0.00285086 0.03333065 -0.01206496 -0.00721267 -0.03566218 0.04688034 0.02131356 -0.00327441 0.03781662 -0.04263897 -0.04446249 -0.04914335 -0.05944097 0.02479469 -0.07360934 -0.02673430 -0.06542879 0.03623883 -0.04165380 -0.01549222 0.00006057 0.00459151 0.00962408 -0.00636209 -0.00633889 0.01608273 -0.04203192 -0.01247463 0.01423198 -0.00153125 0.02454816 -0.03276463 -0.05207501 0.18328020 0.17116160 0.05775133 1.00000000 0.12514239 0.04215412 0.21450653 0.18057979 -0.00131111 0.18187281 0.33085479 0.06517375 0.11207204 0.08418941 -0.09310688 0.00752352 0.04324722 -0.03436712 -0.00867352 0.00738650 -0.03992612 0.11915803 0.03023295 -0.01484928 -0.09294928 -0.02686655
0.05139680 0.03778648 -0.04945063 -0.03047167 0.05834339 -0.06099792 -0.04499803 0.01160909 0.12405546 0.05042419 -0.03334431 -0.01904072 -0.10707026 -0.01984883 0.00701345 -0.07939607 -0.16836766 0.01398866 0.08567920 -0.04744620 0.00738539 -0.00526287 -0.02831217 -0.12440178 -0.09371405 -0.03325913 0.04612198 0.06998078 0.03809023 0.00890531 0.02221338 -0.12613040 0.13084008 -0.03891055 0.08782268 0.00705126 0.12494288 -0.03185108 0.00372993 0.05384399 0.01321943 0.04402675 0.02944483 -0.11026160 0.13740962 0.03451731 -0.12689298 0.12849604 0.05050800 0.00104376 -0.07898938 0.10196129 0.18733426 0.25299160 0.08902799 0.12514239 1.00000000 0.18162152 0.18775627 0.27687687 0.26264680 0.26542617 0.15241854 0.37293897 0.18759370 0.07062422 -0.02896764 0.05268511 -0.02147906 -0.04645661 0.05260317 0.02042470 0.10788906 0.07777738 0.08532760 -0.03701226 0.08835328 0.07190377
-0.04710603 0.06989786 -0.03113964 -0.07778468 -0.02193220 -0.07558238 -0.04798188 -0.02497085 0.12215957 0.01751821 0.00904805 -0.00942131 0.03351482 0.00793663 0.03147510 0.00076913 -0.04311625 -0.07454361 0.00787350 0.06220452 0.02377567 0.05767380 0.02619530 0.02413821 -0.03133631 0.02201455 -0.00584413 0.07775999 0.05339111 -0.02478685 -0.06528119 0.02562389 0.03624722 -0.09523938 0.10099497 0.01661971 0.08862612 -0.05729569 0.13829276 0.03858688 -0.04682486 0.10012304 0.00547211 -0.04560432 0.01743752 -0.06141775 -0.04300265 -0.04068567 -0.10505981 -0.00826184 -0.02196329 0.01522664 0.13740299 0.16511739 0.19270701 0.04215412 0.18162152 1.00000000 0.19104455 0.28818848 0.04463396 0.14403796 -0.03359776 0.11536159 0.21866366 0.01423442 0.00240303 0.01096376 -0.04793917 -0.04780944 -0.12687445 -0.00076961 0.03184599 -0.04231967 -0.04717708 0.09956011 -0.07133146 -0.01653803
-0.03511132 0.08085442 0.02105344 -0.06852180 0.03562384 -0.01835882 0.00921854 0.04455465 0.01501277 0.07502016 0.05551533 0.11345331 0.00302959 0.10353771 -0.00974111 -0.02301606 0.01156839 0.03286051 -0.03936543 0.05755886 -0.01784467 0.13923236 0.04575597 0.04641450 0.08147598 0.05387223 -0.03409126 0.00499643 -0.09864637 0.01022849 -0.02903231 -0.05836677 -0.02747244 -0.08036460 0.00794164 -0.11563937 -0.10959974 0.01203523 -0.07611082 -0.12482558 -0.10512361 -0.00233108 -0.06316877 0.06096754 0.01984911 -0.05184619 -0.05953309 -0.20755169 -0.12119250 -0.06348636 -0.01516647 -0.09521848 0.03341707 0.29274780 0.18804415 0.21450653 0.18775627 0.19104455 1.00000000 0.15055149 0.08936475 0.22466375 0.39550797 0.06233531 0.04717697 -0.05613259 -0.02860565 -0.07681221 -0.14750699 -0.00219256 -0.10911179 -0.02396489 0.01398285 0.00014174 0.00604234 0.00833531 -0.03739792 0.00679906
0.02820432 0.00248029 -0.02649764 -0.11291056 0.01358255 -0.04904669 -0.01248222 0.03671857 0.01949407 0.02633154 0.07191652 0.10979831 -0.04176093 -0.04927166 -0.01351357 -0.01325687 -0.04928812 0.01324199 0.06266946 0.06165533 -0.07347557 -0.02216355 -0.01894000 -0.01919056 -0.08925099 0.02548318 0.05660038 0.12190472 0.03128624 0.06228829 0.04178567 -0.00640712 0.09326487 -0.01952921 0.04595497 0.01251026 0.04696222 -0.01994769 -0.01902219 -0.04370118 0.00260624 0.05530829 0.04808669 -0.00537094 0.08607638 -0.04700952 -0.01903178 0.01826845 0.07208416 -0.04830624 0.06955214 0.01642905 0.16620616 0.18448354 0.20560885 0.18057979 0.27687687 0.28818848 0.15055149 1.00000000 0.22176522 0.08567956 0.19574010 0.22803511 0.17844525 0.08175551 -0.03827496 0.02492628 -0.03959350 -0.01685397 -0.10545331 -0.00674148 0.00634141 0.00968922 0.08014215 -0.02083670 -0.06728501 0.06188539
-0.03072729 0.02256311 -0.09201772 0.02790523 -0.01882826 -0.06476468 0.05948630 -0.03438734 -0.02810426 0.09955168 0.09692260 -0.02119243 -0.09464151 -0.11413332 -0.06710273 -0.14907771 -0.03491204 -0.01081952 -0.00528397 -0.05593799 -0.03328205 -0.01963568 -0.02801896 0.01875418 -0.06745670 0.06233244 0.08927459 0.05032276 -0.08276381 -0.01057390 -0.04111492 -0.02284113 0.05168431 0.02987965 0.01474816 -0.02600336 -0.00602673 -0.04631558 -0.00541084 0.11820673 0.01886920 0.18376125 0.01186749 -0.06699446 0.03656044 0.19280386 0.01822013 0.04425262 0.02130359 0.04767860 -0.08046507 0.06364077 0.21118225 0.09069586 0.34832475 -0.00131111 0.26264680 0.04463396 0.08936475 0.22176522 1.00000000 0.11191824 0.04519472 0.41793355 0.26215983 0.11281050 -0.08311784 -0.03885197 -0.07509472 0.12940101 0.08280235 0.08847447 0.18193723 0.04353768 0.07939918 0.04376229 0.11908213 0.03994446
-0.04569423 -0.03477367 -0.04402201 0.02384524 -0.00787312 0.05660666 0.06679261 -0.06058439 0.00105564 0.01357619 0.03912149 0.00136413 -0.01601194 -0.04384212 -0.00507218 -0.00309654 -0.06667696 -0.00640627 0.05051984 -0.10782098 0.02497790 0.02906639 -0.10267955 -0.08422370 0.06413598 0.01053039 -0.02182184 0.11124588 0.04495391 -0.00528107 -0.07126587 0.03863641 0.01057436 -0.05467752 0.01582403 0.03944657 0.06654074 -0.05300641 -0.01828605 0.06175561 -0.00317757 0.01402720 -0.08106318 0.07683808 0.00973313 0.00208528 -0.02896545 0.01903387 -0.01362826 0.00871994 -0.07756932 -0.03787898 0.04881362 -0.01182771 0.09052716 0.18187281 0.26542617 0.14403796 0.22466375 0.08567956 0.11191824 1.00000000 0.13215464 0.10159205 0.09139064 0.08361750 0.04104552 0.03116917 -0.07822927 -0.03326189 -0.04013908 -0.04248371 0.06924698 -0.07012092 0.02085543 -0.09697198 -0.06303526 -0.06971781
-0.02295092 -0.03741679 -0.06324871 -0.13182646 0.05794617 -0.03149967 0.02700275 0.07666105 -0.01202049 -0.01178268 0.06568346 0.03757707 -0.07501412 0.04313967 0.01061699 0.03065349 0.10852694 0.05867909 0.01131671 -0.03030176 0.05867923 0.08386553 -0.11294194 0.03375170 0.11066139 0.03709485 -0.02998211 0.06147257 -0.01699056 -0.02033355 0.06840997 -0.13474915 0.03514407 -0.03246069 -0.02001041 -0.03013150 -0.08201068 0.05682865 0.03012333 -0.22745730 -0.10891399 -0.07108539 -0.06294263 0.01499123 -0.02976891 -0.12790398 -0.03685388 -0.10961225 -0.09487704 -0.05753543 -0.08076872 -0.11263653 0.05715313 0.19671598 0.03811660 0.33085479 0.15241854 -0.03359776 0.39550797 0.19574010 0.04519472 0.13215464 1.00000000 0.14312295 0.11017017 -0.00246634 -0.07144845 0.12234948 0.05778031 0.02009530 -0.11087396 -0.07363082 -0.03459456 0.03280884 -0.01040121 0.06669965 0.05476622 0.06773663
-0.01432975 -0.07016188 -0.08869823 -0.02076661 0.01513973 0.01561166 -0.01249947 -0.01355980 0.02770857 -0.01140406 -0.04124113 -0.03967722 -0.00817512 -0.03735341 0.03601424 -0.07338335 -0.04435316 -0.05648207 0.02069789 -0.04748634 -0.00534788 0.00225126 -0.04072414 -0.07418090 -0.03155219 0.06214732 0.01392741 0.07581366 -0.03388579 -0.00272196 -0.01174646 -0.11340646 0.12166786 -0.05445338 0.00433737 0.04088426 0.13876245 -0.09902750 -0.04410024 0.10234088 0.02775728 0.10975012 -0.03556444 -0.04901607 0.02756242 0.13649243 0.02139966 0.05585902 0.07116377 0.14612967 -0.05477473 0.00128998 0.17157195 0.23172527 0.19739158 0.06517375 0.37293897 0.11536159 0.06233531 0.22803511 0.41793355 0.10159205 0.14312295 1.00000000 0.31259417 0.09669280 -0.06336146 -0.00049481 -0.00381063 0.04857373 -0.03809297 -0.01723139 0.04057433 0.03525708 0.00554970 0.04317978 0.02661746 0.04748205
0.00416367 -0.02590281 -0.06145954 -0.03941548 0.00910783 -0.04249971 -0.00659189 -0.04144331 0.03424172 0.02380235 0.01559593 0.00693736 -0.04115366 -0.04455950 0.02028547 -0.09588517 -0.00742877 0.00339294 0.01854110 0.04663590 0.00837259 0.00094557 -0.03437230 -0.03606744 -0.03843672 -0.03831646 -0.00571012 0.04312124 -0.04676636 -0.05643540 0.01715383 0.00793100 0.07146013 -0.05022582 -0.00031872 0.03043368 0.02831861 0.01151280 0.03230495 0.00104588 0.02782741 0.05015171 -0.05524267 -0.03001721 -0.04886925 0.10052347 -0.05776630 0.00398646 -0.08246503 0.05084938 -0.07133147 0.10687861 0.28220645 0.13541000 0.18396331 0.11207204 0.18759370 0.21866366 0.04717697 0.17844525 0.26215983 0.09139064 0.11017017 0.31259417 1.00000000 0.13188536 -0.10798400 -0.00569598 0.00583261 -0.04450480 0.07320117 0.01514333 0.07872121 0.10095087 0.01339671 0.08733760 0.08079826 0.08076339
0.06230255 0.01192610 0.11388707 0.01997501 0.07453162 -0.00979223 0.05473160 0.02786337 -0.01703799 0.00921898 -0.05749343 0.03001369 0.09235135 0.05183010 -0.02321837 -0.11647747 -0.01761250 -0.02903954 0.03431067 0.01746226 0.04539314 -0.08276381 -0.02128130 0.03042638 -0.03003226 0.03145954 0.02642215 -0.01285451 0.01190041 0.07990880 -0.06063430 0.01074891 -0.03449497 -0.00782307 0.04080219 -0.01385502 0.00045294 -0.00615590 -0.01719377 0.05703468 0.10019480 0.04755340 -0.00888620 -0.02692754 0.12956494 0.03561130 0.15747282 0.12475388 0.15649815 0.11767845 0.04301132 0.14447191 0.02407530 -0.02233924 0.03109403 0.08418941 0.07062422 0.01423442 -0.05613259 0.08175551 0.11281050 0.08361750 -0.00246634 0.09669280 0.13188536 1.00000000 0.31442254 0.08844369 -0.03152638 0.05771036 0.28551885 0.23355070 0.19529303 0.09836524 0.26562183 0.11302672 0.11627279 0.23544804
0.01736611 0.09296836 0.10606398 0.13620943 0.10613964 0.04673575 0.10321204 -0.00506900 0.07469839 -0.01718534 0.02002002 0.03018297 -0.03672806 0.12495323 0.05350701 -0.00028593 -0.04049853 0.06151279 -0.06789522 0.05516337 0.00294910 -0.05144213 0.06087642 0.06098188 0.03847119 0.03361293 0.07645460 0.00461831 0.18816831 0.11514021 -0.00436661 0.12178454 0.01988222 0.11189261 0.13538122 0.11714974 0.04324404 0.00382141 0.03832455 -0.07349465 0.10952449 -0.01505388 0.01593125 0.03694774 0.10181188 0.00347368 0.00560183 0.01729707 0.18085573 -0.00804157 -0.02331397 0.04502635 -0.03133308 -0.10580186 -0.02837245 -0.09310688 -0.02896764 0.00240303 -0.02860565 -0.03827496 -0.08311784 0.04104552 -0.07144845 -0.06336146 -0.10798400 0.31442254 1.00000000 0.02866202 -0.00811547 0.14451766 0.22221882 0.19835826 0.07605685 0.24545579 0.16448399 0.18195422 0.21630115 0.17882960
-0.04081110 -0.02947488 -0.04669745 -0.15082359 -0.04725674 -0.04039573 0.03813227 -0.00709743 0.00946330 -0.04481670 0.04500398 -0.00627707 -0.03220617 -0.07498119 -0.04021990 0.12197616 0.10904584 0.03374705 -0.01644387 0.06716568 0.02303120 0.01219961 -0.05337874 0.01635897 -0.00941732 -0.03966635 0.04594383 0.03361558 -0.01055789 0.04679910 0.03798498 0.07242565 -0.00502008 0.01829767 -0.01867383 -0.08857808 0.05206557 -0.03400013 0.02400462 0.05450042 -0.00980208 -0.01499833 -0.02647351 -0.10157008 -0.06942634 -0.06205962 -0.08376216 0.04375217 -0.03281562 0.10283150 -0.04299668 -0.05890736 0.04916673 -0.03785573 -0.06885930 0.00752352 0.05268511 0.01096376 -0.07681221 0.02492628 -0.03885197 0.03116917 0.12234948 -0.00049481 -0.00569598 0.08844369 0.02866202 1.00000000 0.39938120 0.16807843 0.08069264 0.23331609 0.12368948 0.04567612 0.26322978 0.21404690 0.09197661 0.11229865
0.07444325 -0.02931265 0.00620096 -0.03723094 -0.00632048 -0.01165186 0.02374119 -0.01409340 -0.02693731 0.01431821 0.01292836 0.02453616 -0.06958164 0.04062747 0.00874020 0.11885358 0.09491837 -0.04590982 -0.07627306 -0.02765012 -0.01195752 -0.05894910 0.02292760 -0.06926778 -0.05814088 -0.07287140 0.04026045 0.04202979 -0.00906313 0.04812326 0.04783103 -0.03347561 0.07677642 0.01138561 -0.00823023 0.00620222 0.03412427 0.05345793 0.04292069 0.03061529 -0.00022464 0.01460978 0.00886515 -0.14458277 -0.00108202 -0.16690173 -0.05760747 0.05772476 -0.02121426 0.03902490 -0.07624713 -0.06989932 0.06132716 -0.04241593 -0.10075351 0.04324722 -0.02147906 -0.04793917 -0.14750699 -0.03959350 -0.07509472 -0.07822927 0.05778031 -0.00381063 0.00583261 -0.03152638 -0.00811547 0.39938120 1.00000000 0.03870476 0.09024748 0.06743002 0.05462901 0.10083284 0.05572597 0.04236168 0.11763906 0.02345719
0.03732600 0.10844882 0.04913759 0.03985246 0.08776286 0.06479734 0.09434781 0.12551213 0.12938763 0.07882037 0.01398695 0.07816886 0.02036757 -0.05457913 -0.01067158 -0.06515305 0.04989260 0.03098019 0.03318168 -0.02757037 0.10029310 0.08289695 0.10764138 0.04459074 0.07759221 0.13182898 -0.01748049 -0.01945164 -0.02483033 -0.05992527 -0.02202987 0.05138373 0.11218034 0.10888397 0.00811860 -0.05165285 -0.03451421 -0.04837609 0.01625539 -0.04134184 0.04003656 -0.04820193 -0.07351499 -0.04094200 -0.07402909 -0.04753181 -0.10384163 -0.01089932 -0.02142478 -0.00924203 -0.01746978 -0.10358493 -0.09272824 -0.05998491 -0.01214911 -0.03436712 -0.04645661 -0.04780944 -0.00219256 -0.01685397 0.12940101 -0.03326189 0.02009530 0.04857373 -0.04450480 0.05771036 0.14451766 0.16807843 0.03870476 1.00000000 0.13171872 0.24325798 0.39674384 0.24175144 0.17529228 0.04116416 0.25498969 0.18337627
0.01034455 -0.00325278 0.09585044 0.12977079 -0.03710895 0.03082583 0.05364261 0.02282130 -0.02230701 0.05992834 -0.03893507 -0.01945459 0.02255615 -0.02638020 -0.00899601 -0.08244901 0.03165781 -0.00985644 -0.07481311 -0.05396860 0.05719854 -0.09760538 -0.03018444 0.01522804 -0.06711915 0.01775383 0.12469440 0.00738214 0.05907517 0.02351957 -0.02336708 0.02421788 0.05384511 0.05422334 -0.01734387 0.00549691 0.10109348 0.11850399 0.06040671 -0.05267707 0.09387455 0.05122651 0.02531355 -0.09110407 -0.00998880 -0.02741703 -0.10080324 0.08227303 0.06665805 -0.00273882 -0.04227173 0.00706706 -0.01562399 0.00977998 0.00419465 -0.00867352 0.05260317 -0.12687445 -0.10911179 -0.10545331 0.08280235 -0.04013908 -0.11087396 -0.03809297 0.07320117 0.28551885 0.22221882 0.08069264 0.09024748 0.13171872 1.00000000 0.25420344 0.22718831 0.14008625 0.22345652 0.04190811 0.19097238 0.02876309
0.06865778 0.08335526 0.10062710 0.00526768 0.02567957 0.02351728 0.09692269 0.04100378 0.10527256 -0.08273766 -0.00162072 0.04696098 0.02726677 -0.06681673 -0.00670317 -0.07638263 0.03463136 0.05176438 -0.02878881 -0.00760437 -0.02217434 -0.05856387 -0.07442998 0.04363150 -0.00358778 0.07681335 -0.05193115 -0.11180685 -0.05347462 0.03858749 -0.10061231 -0.02472175 -0.03962842 0.03903464 -0.03387931 -0.04391923 0.02740636 -0.05309754 -0.01339831 -0.02468494 -0.00082567 -0.04606667 0.07135379 -0.08440672 -0.02077255 -0.04940899 -0.04680956 0.07328288 0.04582685 0.00884130 0.00527469 -0.00240774 -0.01916931 0.06484620 0.05330543 0.00738650 0.02042470 -0.00076961 -0.02396489 -0.00674148 0.08847447 -0.04248371 -0.07363082 -0.01723139 0.01514333 0.23355070 0.19835826 0.23331609 0.06743002 0.24325798 0.25420344 1.00000000 0.26955395 0.13024664 0.26165280 0.27454987 0.22908259 0.14086127
0.04765379 0.10362749 0.09181126 0.02440180 0.01487192 -0.00851562 0.06381923 0.01166075 0.03835178 0.02440984 -0.00144372 0.05913064 0.01504385 0.00520509 -0.05224552 -0.07675560 -0.00257622 0.09085879 0.02830077 0.01815598 0.04781990 -0.04838164 0.00276431 0.06777101 -0.06191408 0.07030781 0.02382472 0.01554498 -0.00260571 0.06542592 0.01394883 0.02323553 0.03470225 0.09288982 -0.01143839 -0.06024964 -0.10641737 -0.04625883 -0.00363615 -0.00821757 0.04894969 0.07391405 0.04512242 -0.06332240 -0.03236095 0.07264778 -0.04411935 0.10453900 0.06626942 -0.01515602 -0.01210830 0.02917625 -0.06441532 -0.05325327 0.06844618 -0.03992612 0.10788906 0.03184599 0.01398285 0.00634141 0.18193723 0.06924698 -0.03459456 0.04057433 0.07872121 0.19529303 0.07605685 0.12368948 0.05462901 0.39674384 0.22718831 0.26955395 1.00000000 0.12828788 0.17671778 -0.00233805 0.14089428 0.16904436
0.11382185 0.07575921 0.02142269 -0.07823440 0.05299760 0.13070872 0.00151901 0.11893491 0.12270812 0.12343014 0.00640661 0.15989002 -0.04553756 0.07327056 0.02782955 -0.03219478 -0.01310015 0.04000249 0.01440813 -0.06848154 0.08869055 -0.08563849 0.13918922 -0.01761123 -0.02579733 0.05682980 0.04606278 -0.08628722 0.04472884 -0.07325568 0.02134938 0.00968013 0.11010271 0.08159257 0.02219419 0.05786665 0.02757382 -0.03361589 0.05337978 -0.01079336 0.11363323 0.02146191 0.02494163 -0.06056929 0.00950420 0.06183232 0.00389837 0.10751920 0.09658077 0.12377456 0.03550848 0.02800994 -0.02802385 -0.10065445 -0.07700855 0.11915803 0.07777738 -0.04231967 0.00014174 0.00968922 0.04353768 -0.07012092 0.03280884 0.03525708 0.10095087 0.09836524 0.24545579 0.04567612 0.10083284 0.24175144 0.14008625 0.13024664 0.12828788 1.00000000 0.15732497 0.19763046 0.12972098 0.23171924
-0.01187733 -0.01421726 0.07525744 0.05370836 -0.02120048 0.01998273 0.09933778 0.00918990 -0.02779802 0.10262630 0.01500504 0.01283951 0.08252582 -0.08216156 0.02567470 -0.06111253 0.03436457 0.04744205 -0.05761605 0.04608710 0.01373295 0.03045628 0.07518913 0.05287616 -0.12027961 0.02430932 0.02953558 -0.05315259 -0.03076574 0.07138800 -0.04113742 0.05522737 -0.05231592 0.04901185 -0.02733825 -0.05320221 -0.04435806 0.01807635 -0.02413984 -0.02427482 0.14567429 0.03575727 0.05056425 -0.09374551 0.02616798 0.07364599 -0.03853430 0.12538360 0.12862160 0.00344815 0.04095412 0.02490529 -0.01327451 0.03801905 0.05009305 0.03023295 0.08532760 -0.04717708 0.00604234 0.08014215 0.07939918 0.02085543 -0.01040121 0.00554970 0.01339671 0.26562183 0.16448399 0.26322978 0.05572597 0.17529228 0.22345652 0.26165280 0.17671778 0.15732497 1.00000000 0.24708351 0.10349762 0.23403609
0.02816456 0.11640546 0.03764951 -0.04188476 -0.04893362 -0.01278249 0.09617180 -0.04345819 0.08421656 -0.05091781 0.12518820 0.11455431 0.02351126 0.03463777 0.04755216 0.09416115 0.07864116 -0.03606890 -0.06467791 0.00248694 0.00548217 0.02269435 0.03031432 0.10476077 0.06366167 0.07645535 -0.03235221 -0.13005825 -0.01843169 -0.03704799 -0.00716972 0.00494006 -0.02744286 0.01280237 0.04284210 -0.00794488 0.01828229 -0.05626465 0.01350947 -0.00887543 0.05814109 -0.00934945 -0.03828296 -0.02190086 -0.01469454 0.00589625 0.00875172 0.08282636 0.05491477 0.05696208 0.07976090 0.02264278 0.04706596 0.03010796 0.03686543 -0.01484928 -0.03701226 0.09956011 0.00833531 -0.02083670 0.04376229 -0.09697198 0.06669965 0.04317978 0.08733760 0.11302672 0.18195422 0.21404690 0.04236168 0.04116416 0.04190811 0.27454987 -0.00233805 0.19763046 0.24708351 1.00000000 0.12944721 0.21821804
0.08135050 0.03278955 -0.00472470 0.01383021 0.04118016 -0.00422092 0.02620995 0.06608483 -0.00658848 0.00024095 0.02043171 0.02562022 -0.02144388 0.07365890 -0.00261316 0.02670517 0.10670503 0.04760458 0.02476614 0.01336585 0.02061117 0.05999595 0.05563795 0.03174980 0.00282376 0.13431104 0.02321133 -0.05022427 -0.02923796 -0.00880903 0.01534617 -0.00025421 0.09889733 0.05052252 0.13676600 0.00529118 0.01748416 -0.00637208 -0.02021522 -0.09110034 0.01461288 -0.06936659 -0.05901141 -0.14857596 -0.14695515 -0.07155400 -0.19247288 0.01859825 0.00476245 0.02514427 -0.11632070 -0.06147263 -0.00546132 -0.02299494 -0.06037092 -0.09294928 0.08835328 -0.07133146 -0.03739792 -0.06728501 0.11908213 -0.06303526 0.05476622 0.02661746 0.08079826 0.11627279 0.21630115 0.09197661 0.11763906 0.25498969 0.19097238 0.22908259 0.14089428 0.12972098 0.10349762 0.12944721 1.00000000 0.26226200
0.11731605 0.17595363 0.02766304 -0.11262735 -0.03200052 0.16940623 -0.01127830 0.08599418 0.08724975 0.00307464 -0.01903883 0.18104357 0.11012818 0.05573440 0.04213248 -0.00730929 0.09384881 -0.00257272 -0.00883540 0.12020367 0.02326823 0.03818509 0.04951964 0.03724728 -0.06683685 0.05534398 -0.06508029 -0.20622134 -0.12538418 -0.10006803 -0.05250065 -0.03366045 -0.15384965 -0.07850039 -0.05206217 -0.13909021 -0.07893235 -0.06916207 -0.10918857 -0.03692192 0.07386770 -0.10108004 0.00312734 -0.01771585 -0.02961361 0.01761889 -0.00603961 -0.05559633 -0.02776129 -0.03827099 0.04559025 -0.02209244 0.00757481 -0.05690986 0.02332740 -0.02686655 0.07190377 -0.01653803 0.00679906 0.06188539 0.03994446 -0.06971781 0.06773663 0.04748205 0.08076339 0.23544804 0.17882960 0.11229865 0.02345719 0.18337627 0.02876309 0.14086127 0.16904436 0.23171924 0.23403609 0.21821804 0.26226200 1.00000000
