1.00000000 0.24723627 -0.04771778 0.23473334 0.24079114 0.26817124 0.13829441 0.30321592 0.00320320 0.24729205 0.18788526 -0.24049416 0.00550543 -0.00218465 0.02658989 -0.00281246 0.01633956 0.03108304 0.10497763 0.12467195 -0.00337054 0.06836973 -0.00730824 0.02758870 0.10494976 0.07850049 0.14130534 -0.10078126 0.05515862 0.15458774 0.07167580 0.17424033 -0.00457928 -0.01520439 0.07209997 -0.07592446 -0.03913447 -0.02515997 0.05922586 -0.01035709 -0.04407437 -0.09762803 0.01520818 -0.01331271 0.00672266 0.07588673 -0.12809183 0.06553883 -0.01442782 0.10367635 -0.06206909 0.02932187 0.05807078 -0.03825605 -0.09766500 -0.04009252 -0.14666274 0.00343521 -0.13347778 0.14988671 0.13027945 0.02932945 -0.01599729 -0.15966029 0.16676416 0.20055559 0.07433406 -0.02993749 0.08413155 0.19089928 0.28362354 0.22211347 0.27776165 -0.15952253 -0.08154521 0.04979001 0.12513784 0.07362694
0.24723627 1.00000000 0.38310947 0.13959585 0.29051135 0.19933358 0.23696143 0.47407485 0.35875819 0.47264139 0.29791584 0.21146070 0.25533814 0.03428224 -0.01147710 0.04606625 0.01868468 0.02215130 0.08816387 0.11296833 0.03564899 0.00103451 -0.05316953 0.02105708 0.11648735 0.08723717 -0.09482679 0.13820315 0.04128701 0.07354045 0.10051982 0.02479510 0.09766704 -0.03175627 0.04694012 0.05200470 -0.00143390 -0.03579945 -0.01825597 -0.08755082 -0.01907262 -0.10046133 -0.10943583 -0.02063938 -0.06654205 -0.10090725 0.09139576 -0.04068418 -0.08393442 -0.08860784 -0.11492060 -0.14093373 -0.02747310 0.00021204 -0.06544367 -0.05282031 -0.00675135 0.17522383 -0.01016364 0.03245812 -0.05258542 0.08121071 0.02978136 0.07337275 0.09469638 -0.04445323 -0.08100959 -0.29226446 -0.07553162 0.11675039 -0.02808531 -0.00162561 -0.12940130 -0.32267534 -0.13548643 -0.15173208 -0.29963470 -0.00213783
-0.04771778 0.38310947 1.00000000 0.07501115 0.35923280 0.11304252 0.40216076 0.41541632 0.66333257 0.26460995 0.19580186 0.61135227 0.39275730 -0.07140050 -0.08357265 -0.06522435 -0.01197540 0.04128433 -0.09073872 -0.05696062 0.00743532 -0.09224832 -0.09287236 0.00344288 -0.04068370 0.01733938 -0.28683135 0.13882851 0.05294611 -0.04867141 -0.08253854 -0.13661316 0.06935648 0.01996861 0.10577107 0.10587541 0.03222128 0.12393654 0.02159736 -0.12395396 -0.17712618 -0.06584786 -0.16345166 0.02663484 -0.03917669 -0.28120863 0.06036629 -0.13218615 -0.03698192 -0.29462558 -0.00235445 -0.16903220 -0.00732829 0.09488137 0.11295192 0.02769224 0.45658218 0.24818871 0.13903180 -0.29433465 -0.25131056 0.11072307 0.13136791 0.23335345 -0.28422738 -0.31459119 -0.08000852 -0.19500323 -0.14490288 -0.09477818 -0.30407675 -0.41311888 -0.23232345 -0.13245318 -0.12657616 -0.17676246 -0.17056650 -0.07534709
0.23473334 0.13959585 0.07501115 1.00000000 0.21101801 0.13441818 0.19177707 0.12201219 0.14549041 0.16907897 0.28841741 -0.02290141 0.17469039 -0.22569727 -0.00732083 -0.03253543 0.03430562 -0.13652165 -0.06073774 -0.08837118 0.01750699 -0.10988085 0.05533299 -0.14676326 -0.03991878 -0.09029060 0.07586356 0.04997250 0.10632986 0.17685622 0.01037009 0.04313802 -0.03498498 -0.01568338 0.03400634 -0.00761509 0.04090293 0.01570481 0.17673443 0.00204890 0.04051893 0.08856017 0.16376773 0.04582057 0.15509049 0.05936421 -0.03462239 0.15586990 0.10459350 0.10559700 0.13242335 0.16241373 0.01215747 0.15164752 -0.01433851 -0.02106190 -0.07951887 -0.02023828 0.01020093 0.07575875 0.11086753 0.09635721 -0.02190377 -0.00352085 0.05517481 0.23952907 0.06276349 0.12884711 0.07775829 0.05814960 0.14001361 0.18751669 0.10513198 0.09953594 0.10529442 0.01640097 0.06107301 0.12269245
0.24079114 0.29051135 0.35923280 0.21101801 1.00000000 0.15520145 0.15566259 0.26384582 0.34389245 0.19885720 0.19369081 0.23663244 0.18923131 -0.06970886 -0.01722217 -0.09162991 -0.01865021 0.00937412 -0.02890710 0.00865363 0.09955871 -0.06168717 0.09965348 0.02909150 -0.00150162 -0.02360382 -0.09089373 0.10118849 0.09756361 0.05199000 0.04243184 -0.06216694 -0.03527984 0.03125995 0.10673965 0.03361756 0.01967432 0.08004400 0.08227303 -0.00954055 -0.10649387 -0.00182747 -0.08211250 -0.06845997 -0.05833419 -0.13930293 0.06878458 -0.02537579 -0.01524041 -0.09956052 -0.03130743 -0.04394824 0.04564295 0.09001086 0.07564279 0.05071492 0.18609774 0.12614403 -0.01432456 -0.01260396 -0.05851535 0.07442747 0.06882434 0.07843623 -0.05238813 -0.11240999 -0.07309679 -0.11323711 -0.13777997 -0.13313563 -0.02694498 -0.05034611 -0.10776132 -0.09768697 -0.00077123 -0.16354776 -0.13709123 -0.05369608
0.26817124 0.19933358 0.11304252 0.13441818 0.15520145 1.00000000 0.09216577 0.25555356 0.16813680 0.30780399 -0.02334574 0.09819847 -0.03436884 -0.27560239 -0.06202002 -0.19903179 -0.08359991 -0.22855961 -0.12433517 -0.04376297 -0.21385353 -0.13794836 0.04323227 -0.16711533 -0.11417215 -0.14548318 0.06862047 0.02932700 0.02344409 -0.02152420 -0.07096345 -0.03651045 -0.05340166 -0.00218037 -0.01235950 0.11514504 0.13950673 0.10872248 0.02823789 -0.01602663 0.01811038 0.11393981 0.07451519 -0.09519507 0.04511264 0.06589144 -0.04487730 0.09522274 0.17306264 0.12658726 0.02655048 0.05345826 0.06076455 -0.06959825 -0.01377904 0.01257697 0.02721025 0.02116215 0.03192843 0.02947643 0.07722407 0.12040045 -0.03526889 -0.04277297 0.02354039 0.10637923 0.08170992 -0.03413045 0.19023572 0.21701177 0.26005267 -0.00546485 0.06349267 -0.14159526 -0.16576190 -0.15799605 0.14757366 0.17513562
0.13829441 0.23696143 0.40216076 0.19177707 0.15566259 0.09216577 1.00000000 0.25578547 0.32347766 0.14427835 0.40375626 0.24324500 0.54735266 -0.13324128 -0.09522657 -0.05125310 0.00123984 0.02232919 -0.03543021 0.00562854 0.01192465 -0.10827383 -0.07651726 -0.07047748 -0.00169811 0.05133729 -0.09585527 0.04071392 -0.01446697 0.00995928 -0.10783497 -0.10826251 0.02173131 -0.07693687 0.10636201 0.07336044 -0.06613938 -0.06353857 0.03739155 -0.08812231 -0.07572819 -0.03527522 -0.06508193 0.02675927 0.08920401 0.05515330 -0.02136323 -0.00281189 -0.06778650 -0.06986425 0.02873357 0.03365753 0.02328802 -0.05638082 -0.16238478 0.04422296 0.16657445 0.05021190 0.16152973 -0.09963484 0.02658130 0.00081727 -0.02673698 0.11008341 -0.06225612 -0.04324652 -0.02508185 -0.02221431 -0.04972616 -0.12188683 -0.07746827 -0.02959297 -0.13576843 0.00468155 0.07362378 -0.10783271 -0.12868146 -0.05107467
0.30321592 0.47407485 0.41541632 0.12201219 0.26384582 0.25555356 0.25578547 1.00000000 0.41957296 0.42082967 0.21738888 0.24412937 0.22899961 -0.13018399 -0.03080583 -0.09063474 -0.07489706 -0.08535677 -0.08809359 -0.04502456 -0.09767244 -0.06374993 -0.08331202 -0.12477735 -0.08535241 -0.02590279 0.00515578 0.18939430 0.14228439 0.11121416 0.06852266 0.17697703 0.07600335 0.03309903 0.01256038 0.02107896 0.12176500 0.08449171 0.07834537 -0.13053227 -0.09156946 -0.02600811 -0.08970503 -0.01763545 0.03856410 -0.10692056 0.03286541 0.03101203 -0.00347673 -0.06132878 0.03666350 -0.06367723 0.10029114 0.02776674 0.08075059 0.00420284 0.11151978 0.15148661 0.05905659 0.07648820 0.04735659 0.11097344 0.11319560 0.05668913 0.12775871 -0.05493976 -0.05458714 -0.20040793 -0.03729692 0.04260057 -0.02912453 -0.05257573 -0.05621428 -0.27637629 -0.12880308 -0.15687477 -0.25213360 0.04088608
0.00320320 0.35875819 0.66333257 0.14549041 0.34389245 0.16813680 0.32347766 0.41957296 1.00000000 0.30899711 0.32343954 0.46573789 0.43592922 -0.21590323 -0.08788793 -0.10082074 -0.06380460 -0.05126398 -0.10085727 -0.11553238 -0.05543892 -0.20722618 -0.16002401 -0.09762925 -0.08968501 -0.00898629 -0.24522615 0.16203553 0.08230793 -0.07588955 -0.08564274 -0.03351372 0.07715741 -0.03286831 0.11807374 0.08865606 0.11297598 0.13852907 -0.00488629 -0.14302931 -0.13311536 0.01211501 -0.15201019 0.05149740 0.02936390 -0.16488399 0.02391837 -0.09315083 -0.05400636 -0.15003209 0.02597520 -0.07929285 0.02702140 0.02893708 0.09769016 -0.02655832 0.33549384 0.22092480 0.05817479 -0.13389044 -0.19308462 0.12927891 0.13474079 0.10217290 -0.25387311 -0.15734940 0.01598956 -0.20775389 -0.01866167 -0.07884752 -0.10927302 -0.22856022 -0.17696313 -0.08309553 -0.09738421 -0.16389631 -0.17729590 0.03939908
0.24729205 0.47264139 0.26460995 0.16907897 0.19885720 0.30780399 0.14427835 0.42082967 0.30899711 1.00000000 0.08734075 0.13140070 0.04965015 -0.08936964 -0.01283692 -0.00065856 0.03795747 0.05204941 0.06164116 0.00125653 0.00548857 -0.03070214 0.10560987 -0.06431899 0.07204680 0.09600132 0.01031115 0.08227230 0.04103365 0.11299618 0.07097774 0.04978307 0.04300282 0.02597793 0.06566007 0.06456531 0.14143587 0.04941667 0.05711332 -0.12236572 -0.01487045 -0.00964982 -0.00817761 0.00786123 0.14002400 -0.01555880 -0.04417345 0.04383452 0.02834453 0.00144047 -0.07757727 -0.03385133 0.09053054 -0.06945913 0.13671852 0.03155536 0.06416731 0.16708895 0.11112836 0.09359189 -0.07358893 0.15726621 0.11102776 0.11659728 0.06232936 -0.07769886 -0.01210554 -0.09568507 -0.00811893 0.22893912 0.16492199 -0.00736433 0.06007634 -0.17657897 -0.18844115 -0.11887846 -0.06564030 0.10179148
0.18788526 0.29791584 0.19580186 0.28841741 0.19369081 -0.02334574 0.40375626 0.21738888 0.32343954 0.08734075 1.00000000 -0.09304322 0.44975745 -0.05644365 0.02686426 0.06875261 -0.01095616 -0.03043043 0.08483028 0.10331200 0.03780980 -0.06875547 -0.08778920 -0.05843011 0.14931024 0.08901795 0.02162019 0.10603032 0.01666740 0.07002561 -0.01945758 0.05648243 -0.00279915 -0.08802884 0.10136727 -0.09737232 -0.08531970 -0.12086367 0.08968363 -0.21060328 -0.09669713 -0.02878404 -0.07918188 -0.02288053 0.10766431 0.17688309 0.05770171 0.09816262 -0.03693250 0.00603677 0.03488948 0.07537387 0.05293217 -0.01139536 -0.07751607 0.14280759 -0.09440777 -0.03550463 0.00977487 0.16130677 0.23974748 0.08270641 -0.12143436 -0.05369141 0.13323747 0.21095965 -0.08543511 -0.13735836 0.02592979 -0.05866019 0.04320186 0.18450174 -0.14145197 -0.15838681 0.03653687 -0.03931998 -0.28550922 -0.03956862
-0.24049416 0.21146070 0.61135227 -0.02290141 0.23663244 0.09819847 0.24324500 0.24412937 0.46573789 0.13140070 -0.09304322 1.00000000 0.32145584 -0.06619608 -0.07810052 -0.11502831 -0.05939769 0.06543410 -0.08034435 -0.08316807 0.04499120 -0.09474168 -0.01348406 -0.05956502 -0.17389691 0.01130959 -0.17689572 0.07744289 0.03421257 -0.14129576 -0.06998672 -0.21140343 0.09671094 0.05596162 0.12257727 0.23055863 0.11996861 0.14117003 0.04377712 -0.08087065 -0.11332949 0.05968705 -0.15160471 0.10823609 0.01928443 -0.16385065 0.04872618 -0.13934122 -0.06222126 -0.27536035 0.09023246 -0.05081517 -0.10237478 -0.00399189 0.11679005 -0.04656386 0.47029400 0.26809994 0.16128289 -0.44576108 -0.33465796 0.07543592 0.13054651 0.23804977 -0.36149473 -0.30880432 -0.05784673 -0.06963627 -0.10321994 -0.14871142 -0.29813141 -0.40784887 -0.23742825 0.01491207 -0.05492024 -0.09208624 -0.05064857 -0.00934768
0.00550543 0.25533814 0.39275730 0.17469039 0.18923131 -0.03436884 0.54735266 0.22899961 0.43592922 0.04965015 0.44975745 0.32145584 1.00000000 -0.07189171 -0.12950065 -0.02494016 0.04644287 -0.00178195 0.00119443 0.00626398 0.03145262 -0.11162826 -0.12491477 0.01698547 0.03679323 0.17440483 -0.15896502 0.17573940 0.05842905 -0.09538883 -0.03567673 -0.05228392 0.03850511 -0.01623641 0.14227017 0.07678938 -0.03172718 -0.05768234 0.05498702 -0.10116704 -0.11681988 -0.08500747 -0.12381924 0.04983906 0.01081055 -0.00320601 0.13589166 -0.16470836 -0.18021681 -0.19488941 -0.01946194 -0.03835289 -0.08473546 -0.05739425 -0.11727875 0.05277437 0.21343471 0.06202125 0.12917386 -0.17194766 -0.14410481 -0.01979495 0.07145876 0.11377548 -0.15885602 -0.06745634 -0.05591449 -0.19639633 -0.08166805 -0.27189477 -0.19145429 -0.13143471 -0.30012294 -0.11167827 0.06455654 -0.12074362 -0.25521709 -0.01708688
-0.00218465 0.03428224 -0.07140050 -0.22569727 -0.06970886 -0.27560239 -0.13324128 -0.13018399 -0.21590323 -0.08936964 -0.05644365 -0.06619608 -0.07189171 1.00000000 0.32944893 0.56025087 0.38837256 0.38742162 0.42061986 0.29328504 0.42507123 0.55590217 0.09573518 0.49028924 0.42202801 0.28051008 -0.19059466 -0.07137764 -0.18776889 0.14507770 0.22735984 0.04227222 0.02297216 -0.01776734 0.00759856 -0.19220563 -0.19170558 -0.04562813 -0.34765068 0.11179241 0.08850616 -0.23745077 0.12617786 0.31149290 -0.01251204 -0.03003088 0.07250105 0.11316539 -0.07256494 -0.03034388 -0.04678731 0.02789546 -0.16615264 0.02378953 -0.06714170 -0.05419972 -0.09149275 0.00947666 -0.08856002 -0.08658377 -0.09084172 -0.02024816 0.05841823 0.04878281 0.10938408 0.01243189 -0.09958531 -0.00889426 -0.08982141 -0.02481956 -0.06586784 -0.03300626 0.07818244 0.02700043 -0.01683990 0.14244317 -0.04545827 -0.02329392
0.02658989 -0.01147710 -0.08357265 -0.00732083 -0.01722217 -0.06202002 -0.09522657 -0.03080583 -0.08788793 -0.01283692 0.02686426 -0.07810052 -0.12950065 0.32944893 1.00000000 0.23481104 0.24585132 0.11334018 0.25005097 0.17069250 0.38974652 0.12081916 0.04133702 0.12843801 0.31615980 -0.00620016 -0.05434064 -0.11434430 -0.15639491 -0.07810185 0.06845207 -0.01128684 -0.05596467 -0.10853731 0.10215398 -0.02769880 0.02813621 0.12117150 -0.13036798 0.09737668 0.16605023 0.12340993 0.11058660 0.23161980 -0.06925457 0.03777718 -0.05324785 0.09437171 0.12826394 -0.00736650 0.18256866 0.11755608 -0.05696160 0.01883930 0.03184778 -0.04830661 -0.04289507 -0.08007023 -0.12236020 0.01510944 0.07978404 -0.00237597 -0.11779591 -0.02108207 0.11775620 0.11416246 0.04987110 0.15134061 -0.02139035 0.02669422 0.12656978 0.10588275 0.15889100 0.17423873 0.02334397 0.13663230 0.09831592 0.06605053
-0.00281246 0.04606625 -0.06522435 -0.03253543 -0.09162991 -0.19903179 -0.05125310 -0.09063474 -0.10082074 -0.00065856 0.06875261 -0.11502831 -0.02494016 0.56025087 0.23481104 1.00000000 0.68415502 0.43970582 0.56398325 0.42501492 0.34176008 0.65233074 0.26500193 0.63943393 0.54537058 0.65295944 -0.14101448 0.07983070 -0.18099719 0.32903552 0.08197582 0.11272639 -0.06217440 0.04616957 0.12888438 -0.32236449 -0.06160109 -0.04656166 -0.24998724 -0.05203300 0.07395149 -0.17181174 0.15781127 0.28221556 0.03760445 0.13266047 0.03629554 0.17064553 0.04247377 0.05734498 -0.00274037 0.19106918 -0.04999246 0.18131439 -0.01977071 -0.01555443 -0.11344263 0.00362060 -0.07867625 0.04697629 -0.01332415 -0.08027004 0.02525107 0.06012764 0.13016726 0.05785917 0.08483219 0.06706213 -0.10234803 -0.02954880 -0.08966202 0.04793287 0.07066370 0.04899288 0.04721238 -0.00968018 -0.05214447 0.05779518
0.01633956 0.01868468 -0.01197540 0.03430562 -0.01865021 -0.08359991 0.00123984 -0.07489706 -0.06380460 0.03795747 -0.01095616 -0.05939769 0.04644287 0.38837256 0.24585132 0.68415502 1.00000000 0.41078802 0.39255953 0.37941908 0.38506528 0.59648938 0.25765435 0.55749405 0.54843618 0.59969993 -0.11565668 0.05885684 -0.19647190 0.30109579 0.02659089 0.04684914 -0.12765792 0.11410060 0.21964629 -0.23227592 0.00297067 0.07660402 -0.18071688 0.00888218 0.09498258 -0.05909256 0.26753629 0.25377757 -0.02032496 0.21730162 -0.07591619 0.15511482 0.11836685 0.09446936 0.08749212 0.23011200 -0.10074932 0.13322001 -0.03199068 -0.00762725 -0.04517491 -0.04824024 -0.05891277 -0.04388637 -0.12160660 -0.11981398 0.00144135 0.01672695 -0.01083822 0.04609044 0.11749212 0.09147451 -0.05961049 0.01510573 -0.04626663 0.02354685 0.10463505 0.11805019 0.11572695 -0.05479547 0.09592930 0.05673383
0.03108304 0.02215130 0.04128433 -0.13652165 0.00937412 -0.22855961 0.02232919 -0.08535677 -0.05126398 0.05204941 -0.03043043 0.06543410 -0.00178195 0.38742162 0.11334018 0.43970582 0.41078802 1.00000000 0.51006901 0.25217090 0.32673431 0.45890006 0.21438474 0.35581046 0.49943216 0.41910583 -0.10335421 -0.03627178 -0.07559534 0.14934283 0.00148073 0.00324794 0.14082233 -0.05544439 0.12762814 -0.12030320 -0.15003229 -0.09860955 -0.14242161 -0.04377446 -0.06956938 -0.04212140 -0.03018705 0.12815943 0.12830551 0.03078813 0.02122531 0.00327445 -0.09587840 -0.08902251 -0.08455114 0.15781062 -0.18925417 0.01799887 -0.00140142 -0.08191552 -0.02101354 0.01482448 -0.12291253 -0.13792088 -0.14384026 -0.16453902 0.11271073 0.01783505 -0.04735354 -0.08993217 0.03300099 0.00862559 -0.15813905 0.06609255 -0.05579397 -0.08974786 0.20599659 0.05402491 -0.03339209 0.18016219 0.04360406 0.00108765
0.10497763 0.08816387 -0.09073872 -0.06073774 -0.02890710 -0.12433517 -0.03543021 -0.08809359 -0.10085727 0.06164116 0.08483028 -0.08034435 0.00119443 0.42061986 0.25005097 0.56398325 0.39255953 0.51006901 1.00000000 0.36292703 0.41551564 0.39184710 0.19251595 0.28963498 0.61272603 0.43711750 0.02260981 0.04805892 -0.13169315 0.15499521 0.04658589 0.06611453 0.13731568 -0.09833091 0.22210353 -0.09055825 -0.04169788 -0.12989961 -0.09968433 0.00191466 0.17644223 -0.08823543 0.01815472 0.16586507 0.13499605 0.14629485 0.06824577 0.12606897 0.09151556 0.05677995 -0.07147422 0.15969474 -0.14725405 0.09011282 -0.17774987 -0.08773930 -0.18109675 -0.06585072 -0.10390853 -0.06766495 0.00811058 -0.12822256 -0.10102933 0.00095170 0.11755301 0.13533243 0.03360093 0.04180646 -0.03717593 0.04296284 0.07117848 0.07226289 0.24686425 0.00723194 -0.00911825 0.09235182 -0.08838788 0.06495111
0.12467195 0.11296833 -0.05696062 -0.08837118 0.00865363 -0.04376297 0.00562854 -0.04502456 -0.11553238 0.00125653 0.10331200 -0.08316807 0.00626398 0.29328504 0.17069250 0.42501492 0.37941908 0.25217090 0.36292703 1.00000000 0.26716824 0.35794486 0.14775514 0.39117488 0.34595468 0.48490812 0.04472332 0.07361763 -0.14433836 0.12449902 0.12778596 -0.04391274 -0.04815174 0.08620575 0.08294441 -0.19316417 -0.18567564 -0.07004182 -0.09185659 0.01399568 0.04943779 -0.08382243 0.07829713 0.13853831 -0.00169956 0.21476207 0.10262452 0.14028967 0.01608104 0.10156401 -0.02901035 0.13824149 -0.08618710 0.12614677 -0.18403757 -0.05473999 -0.21042748 -0.14345407 -0.14777036 0.04668503 0.05790710 -0.09244706 -0.17377592 -0.04674333 0.07518034 0.13785068 -0.04843729 -0.00303440 0.02616264 0.04042642 0.09649675 0.16626820 -0.01820287 -0.04196458 0.06291207 -0.00009368 -0.07207961 -0.02034142
-0.00337054 0.03564899 0.00743532 0.01750699 0.09955871 -0.21385353 0.01192465 -0.09767244 -0.05543892 0.00548857 0.03780980 0.04499120 0.03145262 0.42507123 0.38974652 0.34176008 0.38506528 0.32673431 0.41551564 0.26716824 1.00000000 0.20177857 0.23951911 0.19688069 0.35985294 0.18847307 0.01224444 -0.11212715 -0.11638910 0.13327036 0.10710570 0.00063287 -0.02231576 0.11742475 0.21430406 -0.09669543 0.03967861 0.17469279 -0.01031097 0.16393152 0.20281300 0.07070512 0.14505079 0.31520214 0.01491808 0.08986776 -0.11405335 0.09835268 0.05524207 0.08935770 0.14329257 0.20951524 -0.11239079 0.14759978 -0.04146730 -0.01744242 -0.05882021 -0.01380022 0.02599298 -0.12901755 -0.05919273 -0.12792127 -0.01467011 0.04085552 0.01096078 0.05557947 0.04164473 0.07885099 -0.09530165 -0.10661902 0.03452387 0.02267769 0.06511352 0.14659629 0.06687791 0.05121663 0.02660246 0.02806803
0.06836973 0.00103451 -0.09224832 -0.10988085 -0.06168717 -0.13794836 -0.10827383 -0.06374993 -0.20722618 -0.03070214 -0.06875547 -0.09474168 -0.11162826 0.55590217 0.12081916 0.65233074 0.59648938 0.45890006 0.39184710 0.35794486 0.20177857 1.00000000 0.25705671 0.60024586 0.43987404 0.54444508 -0.18370731 0.16397008 -0.09059896 0.28849768 0.05893718 0.17928706 0.02888859 0.03549159 0.03372789 -0.20917681 -0.08585150 -0.08441785 -0.23469895 -0.06566679 -0.04796939 -0.20550570 0.05054112 0.15586931 -0.00742230 0.07645597 0.03688929 0.14021547 -0.06794336 -0.01129577 -0.18055340 0.07623472 -0.15976396 0.07349669 -0.03048100 -0.05855448 -0.08812534 -0.07296089 -0.08295913 0.02212557 -0.01938674 -0.14818731 0.04991839 0.03922871 0.12501443 -0.00623265 0.05511670 0.00623514 -0.04802455 0.00913909 -0.07321803 -0.03817068 0.03893398 0.01587827 0.01372053 0.01666509 -0.05561755 0.00547938
-0.00730824 -0.05316953 -0.09287236 0.05533299 0.09965348 0.04323227 -0.07651726 -0.08331202 -0.16002401 0.10560987 -0.08778920 -0.01348406 -0.12491477 0.09573518 0.04133702 0.26500193 0.25765435 0.21438474 0.19251595 0.14775514 0.23951911 0.25705671 1.00000000 0.21854468 0.08195551 0.15113534 0.10993954 -0.02347210 0.01814917 0.15114666 0.09643086 0.04368210 -0.14625497 0.30123637 0.05493242 -0.00584869 0.20449561 0.18928455 0.13781137 -0.08946312 -0.07176764 0.12938326 0.06716224 0.00277353 0.07035062 0.12152543 -0.14645758 -0.02467001 -0.03770030 0.00041493 0.04221349 -0.03093357 0.01317619 0.05384486 0.00667163 -0.00456535 -0.01439238 0.02896167 0.06275221 0.01618786 -0.10851543 -0.12153371 0.11115017 -0.02354200 0.00830746 -0.03367431 0.03094456 0.10403170 -0.10242870 0.04373034 0.06984587 0.00589404 -0.01665041 0.04559361 0.02319242 -0.01742643 0.11479555 0.00788825
0.02758870 0.02105708 0.00344288 -0.14676326 0.02909150 -0.16711533 -0.07047748 -0.12477735 -0.09762925 -0.06431899 -0.05843011 -0.05956502 0.01698547 0.49028924 0.12843801 0.63943393 0.55749405 0.35581046 0.28963498 0.39117488 0.19688069 0.60024586 0.21854468 1.00000000 0.39407159 0.64164358 -0.33437504 0.05579677 -0.14629298 0.19038294 0.06598181 -0.02894621 -0.21665306 0.08327522 -0.04006385 -0.40429982 -0.19404825 -0.10987275 -0.33512334 0.05066123 -0.06005697 -0.25008523 0.07704293 0.26085838 -0.07210421 0.00903960 0.12023398 0.01024809 -0.12468887 -0.01234918 -0.17768667 0.11749550 -0.04972082 0.15078544 0.09562974 -0.00430822 0.05859976 0.04637150 -0.01326795 0.02721203 -0.11698146 -0.04644147 0.15807473 0.14176800 0.01751306 -0.04679206 0.04581720 -0.03315018 -0.10546519 -0.09161530 -0.18047724 -0.02931152 -0.04379529 0.02190942 0.03882088 -0.03647788 -0.02473082 -0.02383871
0.10494976 0.11648735 -0.04068370 -0.03991878 -0.00150162 -0.11417215 -0.00169811 -0.08535241 -0.08968501 0.07204680 0.14931024 -0.17389691 0.03679323 0.42202801 0.31615980 0.54537058 0.54843618 0.49943216 0.61272603 0.34595468 0.35985294 0.43987404 0.08195551 0.39407159 1.00000000 0.50046292 -0.10709392 0.06068065 -0.18633242 0.22068914 -0.02207537 0.06255282 -0.01713557 -0.14956185 0.24207255 -0.29065455 -0.14051879 -0.05536036 -0.23914512 0.15459910 0.26850180 -0.13443225 0.15722484 0.23893202 0.10700465 0.13230477 0.08629037 0.22017427 0.18739717 0.11845742 -0.07327843 0.25415317 -0.08433748 0.13985652 -0.09709942 0.02707504 -0.15109301 0.01533635 -0.08795883 0.09033417 0.03073194 -0.08906499 -0.19639034 -0.00235043 0.16070665 0.12389180 0.03480427 -0.00360100 -0.05938017 -0.02050061 0.01326865 0.07689251 0.16291260 -0.00410436 0.02624764 0.05417245 -0.04245574 -0.01527987
0.07850049 0.08723717 0.01733938 -0.09029060 -0.02360382 -0.14548318 0.05133729 -0.02590279 -0.00898629 0.09600132 0.08901795 0.01130959 0.17440483 0.28051008 -0.00620016 0.65295944 0.59969993 0.41910583 0.43711750 0.48490812 0.18847307 0.54444508 0.15113534 0.64164358 0.50046292 1.00000000 -0.12853839 0.20178744 -0.13573500 0.28134860 -0.07673390 0.02617746 -0.05814209 -0.00341578 0.11857075 -0.31566975 -0.14633776 -0.19837102 -0.14102782 -0.08060022 -0.01531955 -0.22236481 0.01660852 0.16899483 0.08985527 0.22529008 0.16762061 0.11417470 -0.06102587 0.05863354 -0.16432574 0.22135548 0.02101959 0.16955616 -0.04621259 -0.01186551 0.01591306 0.02917215 -0.04175575 0.09585280 -0.04675504 -0.08974151 0.03958477 0.13110603 0.03918187 -0.00455951 0.09505389 -0.06435234 0.03275502 -0.00119810 -0.07346328 -0.00856274 -0.04291145 -0.07185854 0.03453650 -0.05358532 -0.11351896 -0.00032085
0.14130534 -0.09482679 -0.28683135 0.07586356 -0.09089373 0.06862047 -0.09585527 0.00515578 -0.24522615 0.01031115 0.02162019 -0.17689572 -0.15896502 -0.19059466 -0.05434064 -0.14101448 -0.11565668 -0.10335421 0.02260981 0.04472332 0.01224444 -0.18370731 0.10993954 -0.33437504 -0.10709392 -0.12853839 1.00000000 -0.03757818 0.15590853 0.11510672 0.06667834 0.16930427 0.14202346 0.12268861 0.23895877 0.18753036 0.30470078 0.20239968 0.36254681 -0.03323131 0.01495954 0.19647945 0.08922502 -0.21483363 0.09024891 0.24214724 -0.15112387 0.06187558 0.17382881 0.17251961 0.16605632 0.02498822 0.02739325 0.00198008 0.00075450 0.00821845 -0.20293188 -0.08229783 0.08580028 0.17102915 0.15571290 -0.01667974 -0.11801956 -0.17307295 0.11078859 0.20748059 0.08402672 0.10562916 0.18969399 0.17436143 0.30124486 0.24622646 0.24584379 0.00521810 0.03429629 0.11634186 0.08849032 0.07382152
-0.10078126 0.13820315 0.13882851 0.04997250 0.10118849 0.02932700 0.04071392 0.18939430 0.16203553 0.08227230 0.10603032 0.07744289 0.17573940 -0.07137764 -0.11434430 0.07983070 0.05885684 -0.03627178 0.04805892 0.07361763 -0.11212715 0.16397008 -0.02347210 0.05579677 0.06068065 0.20178744 -0.03757818 1.00000000 0.29749080 0.19468247 0.01096006 0.19508633 0.08674239 0.01943049 0.11956127 0.03306658 0.13349951 0.12072963 0.17900803 -0.11837118 -0.06409907 -0.03876459 -0.12793742 -0.16586494 -0.07311031 -0.08579885 0.18244997 0.02518808 -0.05478143 -0.05926419 -0.19863674 0.02270182 -0.07361322 0.17468967 0.00054410 0.05045671 0.07756785 0.00422603 0.06294055 -0.04260194 -0.02472173 -0.02981280 -0.02510202 0.04787654 -0.03922945 -0.06135571 0.01571718 -0.10019807 -0.06933120 -0.05694322 -0.01483803 -0.11561878 -0.08924804 -0.10855098 0.02012116 -0.05800304 -0.18350432 -0.00194062
0.05515862 0.04128701 0.05294611 0.10632986 0.09756361 0.02344409 -0.01446697 0.14228439 0.08230793 0.04103365 0.01666740 0.03421257 0.05842905 -0.18776889 -0.15639491 -0.18099719 -0.19647190 -0.07559534 -0.13169315 -0.14433836 -0.11638910 -0.09059896 0.01814917 -0.14629298 -0.18633242 -0.13573500 0.15590853 0.29749080 1.00000000 -0.01353406 0.08481248 0.20134155 0.20876711 0.15872202 -0.04433534 0.16410846 0.20213351 0.16852905 0.32195015 -0.05540882 -0.13545455 -0.01142896 -0.19838996 -0.24861949 -0.03714634 -0.24823489 -0.01851836 -0.18710333 -0.07925989 -0.13027224 -0.09526023 -0.13394588 0.04438042 0.08559235 -0.01349027 -0.05052491 0.07623720 0.07156401 0.00023129 0.03425566 -0.06249944 -0.05620533 0.00082773 -0.13525972 -0.00614816 -0.07371365 0.00966339 -0.05030169 -0.06960959 0.00013128 0.02683133 -0.06881449 0.00393156 -0.08398216 -0.05846953 -0.03646290 -0.07526165 -0.01722633
0.15458774 0.07354045 -0.04867141 0.17685622 0.05199000 -0.02152420 0.00995928 0.11121416 -0.07588955 0.11299618 0.07002561 -0.14129576 -0.09538883 0.14507770 -0.07810185 0.32903552 0.30109579 0.14934283 0.15499521 0.12449902 0.13327036 0.28849768 0.15114666 0.19038294 0.22068914 0.28134860 0.11510672 0.19468247 -0.01353406 1.00000000 0.06191394 0.25424524 -0.02019365 0.12207162 0.25495358 -0.18788676 0.06977687 -0.03769348 0.15425024 -0.04926960 0.06244914 -0.04410492 0.16128887 0.20292001 0.12497589 0.19606935 -0.14845275 0.27308628 0.10853364 0.25405490 0.00633964 0.20968352 0.06282104 0.13328744 -0.00654492 0.07500263 -0.08590416 -0.05489964 0.02434730 0.19554636 0.09503686 0.05682893 0.08702209 0.03502382 0.26481506 0.05330287 0.00880648 -0.07040884 0.02000826 0.08718510 0.06564190 0.13164040 0.14175370 -0.08758181 0.00183825 -0.00869906 -0.08510587 -0.04105116
0.07167580 0.10051982 -0.08253854 0.01037009 0.04243184 -0.07096345 -0.10783497 0.06852266 -0.08564274 0.07097774 -0.01945758 -0.06998672 -0.03567673 0.22735984 0.06845207 0.08197582 0.02659089 0.00148073 0.04658589 0.12778596 0.10710570 0.05893718 0.09643086 0.06598181 -0.02207537 -0.07673390 0.06667834 0.01096006 0.08481248 0.06191394 1.00000000 0.18631652 -0.00190797 0.19645153 -0.06777834 0.05162441 0.05540880 0.15857485 -0.00484967 0.05744948 0.02643816 -0.03377862 0.16254083 0.07271084 0.00019686 -0.08286823 -0.12800148 0.01382657 -0.10045353 -0.08688236 -0.01421467 -0.09543915 -0.06444724 -0.10627503 -0.00063364 -0.05792250 -0.21336637 0.04676038 -0.08225046 0.00391017 -0.01229543 0.05494290 0.02453501 -0.07851141 0.13556135 0.14498105 0.02653929 -0.01914995 0.01299586 0.10735077 0.09740101 0.09989737 0.08063590 -0.05673770 -0.13398826 -0.00773686 0.01227879 0.15152785
0.17424033 0.02479510 -0.13661316 0.04313802 -0.06216694 -0.03651045 -0.10826251 0.17697703 -0.03351372 0.04978307 0.05648243 -0.21140343 -0.05228392 0.04227222 -0.01128684 0.11272639 0.04684914 0.00324794 0.06611453 -0.04391274 0.00063287 0.17928706 0.04368210 -0.02894621 0.06255282 0.02617746 0.16930427 0.19508633 0.20134155 0.25424524 0.18631652 1.00000000 0.09939869 0.05437840 -0.04772464 -0.04521683 0.15291822 0.10891238 0.11560049 -0.03933991 -0.08384353 -0.02848831 -0.06835199 -0.07172206 -0.08062906 0.01757162 -0.10468953 0.03894270 -0.05949017 0.02876029 -0.04924987 -0.04155802 -0.00635947 0.06855290 0.01872131 0.09682261 -0.21660072 -0.02733598 -0.04203309 0.17440917 0.18373222 -0.06456934 0.02215345 -0.11451197 0.28491443 0.09374410 0.07724950 0.00400128 -0.01440253 0.07645053 0.12589893 0.12386059 0.07344719 -0.16374085 0.01228469 -0.07669492 -0.06887286 0.13996036
-0.00457928 0.09766704 0.06935648 -0.03498498 -0.03527984 -0.05340166 0.02173131 0.07600335 0.07715741 0.04300282 -0.00279915 0.09671094 0.03850511 0.02297216 -0.05596467 -0.06217440 -0.12765792 0.14082233 0.13731568 -0.04815174 -0.02231576 0.02888859 -0.14625497 -0.21665306 -0.01713557 -0.05814209 0.14202346 0.08674239 0.20876711 -0.02019365 -0.00190797 0.09939869 1.00000000 -0.18724644 0.13045002 0.24025093 0.06785470 -0.08315619 0.16614962 -0.02814176 0.01892075 0.03520890 -0.11143370 -0.15784841 0.04191923 -0.10707929 0.10264344 -0.09196540 -0.01655660 -0.09942851 -0.00110961 -0.09999000 -0.11584850 -0.06308232 -0.12782875 -0.13973258 0.02986162 0.02731007 -0.00736052 -0.14456398 -0.14804060 -0.06478707 0.02834405 -0.02655958 -0.04702194 -0.11623138 -0.01513424 -0.05954911 -0.00865005 -0.00265850 -0.04129919 -0.11678251 0.09532231 0.01410174 0.00922660 0.14266394 -0.07592166 0.04854192
-0.01520439 -0.03175627 0.01996861 -0.01568338 0.03125995 -0.00218037 -0.07693687 0.03309903 -0.03286831 0.02597793 -0.08802884 0.05596162 -0.01623641 -0.01776734 -0.10853731 0.04616957 0.11410060 -0.05544439 -0.09833091 0.08620575 0.11742475 0.03549159 0.30123637 0.08327522 -0.14956185 -0.00341578 0.12268861 0.01943049 0.15872202 0.12207162 0.19645153 0.05437840 -0.18724644 1.00000000 0.03535160 0.17939878 0.21415157 0.34466373 0.16590600 0.00235756 -0.04225411 0.03856394 0.14008190 0.04422898 -0.01637523 0.03148880 -0.22369848 0.00520997 0.02445236 0.12822109 0.11669039 0.09561294 0.03203437 0.00347363 0.04172975 -0.03463809 -0.00720824 -0.03162726 0.11482793 -0.02804388 -0.17031319 0.00653421 0.08919978 0.07170397 0.01349497 -0.10520509 -0.04524139 0.00007798 -0.13894160 0.03242460 -0.04446246 -0.06582338 -0.06086433 0.05280868 0.07310087 -0.07263645 0.08882538 0.02107484
0.07209997 0.04694012 0.10577107 0.03400634 0.10673965 -0.01235950 0.10636201 0.01256038 0.11807374 0.06566007 0.10136727 0.12257727 0.14227017 0.00759856 0.10215398 0.12888438 0.21964629 0.12762814 0.22210353 0.08294441 0.21430406 0.03372789 0.05493242 -0.04006385 0.24207255 0.11857075 0.23895877 0.11956127 -0.04433534 0.25495358 -0.06777834 -0.04772464 0.13045002 0.03535160 1.00000000 0.12460808 0.30482412 0.20329528 0.16787761 -0.03860555 0.15079329 0.06341892 0.14560436 0.07504388 0.08280587 0.14611705 -0.08256868 0.01672202 0.22208223 -0.03639692 0.10635655 0.11200432 -0.10152910 0.10280330 -0.04044545 0.03530602 0.08296583 -0.06327987 0.02571214 -0.08183889 -0.16321595 -0.07468938 -0.07034069 0.02871692 -0.11946473 -0.00019934 0.09752208 -0.02478352 -0.01750981 -0.04295633 0.02900104 -0.00758083 0.14598466 0.09779416 0.12158461 0.16139611 0.02246896 0.04751729
-0.07592446 0.05200470 0.10587541 -0.00761509 0.03361756 0.11514504 0.07336044 0.02107896 0.08865606 0.06456531 -0.09737232 0.23055863 0.07678938 -0.19220563 -0.02769880 -0.32236449 -0.23227592 -0.12030320 -0.09055825 -0.19316417 -0.09669543 -0.20917681 -0.00584869 -0.40429982 -0.29065455 -0.31566975 0.18753036 0.03306658 0.16410846 -0.18788676 0.05162441 -0.04521683 0.24025093 0.17939878 0.12460808 1.00000000 0.38365308 0.28993811 0.24718720 -0.08082113 -0.01781630 0.14595702 -0.00841937 -0.31048812 -0.00589153 -0.05700345 -0.14435012 -0.08139941 0.07168119 -0.11624590 0.10839143 -0.08999461 -0.06264072 -0.20411285 -0.00108851 -0.02677848 0.07690224 -0.03070761 0.15283353 -0.19229091 -0.11142629 -0.00344528 -0.01213535 0.06272845 -0.13450077 -0.15321396 -0.00944779 0.08794944 -0.05130427 0.03160120 0.03057951 -0.06827054 0.01096648 0.17207300 0.08450252 0.04312660 0.00516707 0.07292326
-0.03913447 -0.00143390 0.03222128 0.04090293 0.01967432 0.13950673 -0.06613938 0.12176500 0.11297598 0.14143587 -0.08531970 0.11996861 -0.03172718 -0.19170558 0.02813621 -0.06160109 0.00297067 -0.15003229 -0.04169788 -0.18567564 0.03967861 -0.08585150 0.20449561 -0.19404825 -0.14051879 -0.14633776 0.30470078 0.13349951 0.20213351 0.06977687 0.05540880 0.15291822 0.06785470 0.21415157 0.30482412 0.38365308 1.00000000 0.38156941 0.21439105 -0.09691390 0.04474878 0.21563653 0.04185777 -0.13983731 -0.01465483 0.02513750 -0.24098959 -0.05421373 0.25219102 0.00823670 0.21115572 -0.02555051 -0.01766281 -0.07787634 0.13100925 -0.02302486 0.17298164 0.04545242 0.10588629 -0.09022256 -0.09855205 -0.02441814 -0.00815033 -0.04534511 -0.13114016 0.01709892 0.05799966 -0.00726630 0.03521754 0.05376116 0.07973150 -0.02165222 0.08403247 0.00041016 0.02194320 -0.05116115 0.05155865 0.10998574
-0.02515997 -0.03579945 0.12393654 0.01570481 0.08004400 0.10872248 -0.06353857 0.08449171 0.13852907 0.04941667 -0.12086367 0.14117003 -0.05768234 -0.04562813 0.12117150 -0.04656166 0.07660402 -0.09860955 -0.12989961 -0.07004182 0.17469279 -0.08441785 0.18928455 -0.10987275 -0.05536036 -0.19837102 0.20239968 0.12072963 0.16852905 -0.03769348 0.15857485 0.10891238 -0.08315619 0.34466373 0.20329528 0.28993811 0.38156941 1.00000000 0.01362102 -0.02151304 0.03509393 0.14415002 0.08862783 0.05466101 -0.11276767 -0.08805459 -0.30335111 -0.03750667 0.16737032 -0.08531002 0.24102957 -0.01280869 -0.09266382 0.07649371 0.12199532 0.04901443 0.13273793 -0.03472310 0.12325454 -0.14884670 -0.20005220 -0.01613536 -0.04097800 0.04319628 -0.15208823 -0.06226257 0.06620605 0.15050875 -0.12300413 -0.04183641 0.03621840 -0.16646920 0.07848063 0.15665891 -0.03056792 -0.10884645 0.26668722 0.04631626
0.05922586 -0.01825597 0.02159736 0.17673443 0.08227303 0.02823789 0.03739155 0.07834537 -0.00488629 0.05711332 0.08968363 0.04377712 0.05498702 -0.34765068 -0.13036798 -0.24998724 -0.18071688 -0.14242161 -0.09968433 -0.09185659 -0.01031097 -0.23469895 0.13781137 -0.33512334 -0.23914512 -0.14102782 0.36254681 0.17900803 0.32195015 0.15425024 -0.00484967 0.11560049 0.16614962 0.16590600 0.16787761 0.24718720 0.21439105 0.01362102 1.00000000 -0.10916071 -0.08173895 0.19374778 -0.08605583 -0.19740597 0.11950901 0.05001003 -0.09945848 -0.01269702 0.02030511 0.07621723 0.03496983 -0.03279091 0.12877178 0.03851113 0.03909009 0.13400996 0.04234952 0.11937541 0.13152719 0.12960998 0.03139571 0.05789053 0.03262175 -0.05245566 0.04885190 -0.01269191 0.01654641 -0.03037630 0.07732243 0.05800245 0.12170722 0.02190629 0.00426671 -0.02755059 0.05442221 0.06095131 -0.02553267 0.03440133
-0.01035709 -0.08755082 -0.12395396 0.00204890 -0.00954055 -0.01602663 -0.08812231 -0.13053227 -0.14302931 -0.12236572 -0.21060328 -0.08087065 -0.10116704 0.11179241 0.09737668 -0.05203300 0.00888218 -0.04377446 0.00191466 0.01399568 0.16393152 -0.06566679 -0.08946312 0.05066123 0.15459910 -0.08060022 -0.03323131 -0.11837118 -0.05540882 -0.04926960 0.05744948 -0.03933991 -0.02814176 0.00235756 -0.03860555 -0.08082113 -0.09691390 -0.02151304 -0.10916071 1.00000000 0.42123399 0.02362609 0.33491225 0.19001460 0.11388448 0.08295383 0.19172181 0.07220392 0.07946032 0.31286041 0.06095596 0.25322018 -0.01963877 0.08008301 -0.12162802 -0.03428402 -0.08599407 -0.06950095 -0.01226000 0.06895171 -0.03301300 -0.11245075 -0.17536791 -0.08738696 0.10843632 0.06159213 -0.00588848 0.05891723 0.00272865 -0.04935673 0.11360389 0.08901813 0.05988124 0.11053111 0.13146103 0.04770823 0.06137960 -0.01149165
-0.04407437 -0.01907262 -0.17712618 0.04051893 -0.10649387 0.01811038 -0.07572819 -0.09156946 -0.13311536 -0.01487045 -0.09669713 -0.11332949 -0.11681988 0.08850616 0.16605023 0.07395149 0.09498258 -0.06956938 0.17644223 0.04943779 0.20281300 -0.04796939 -0.07176764 -0.06005697 0.26850180 -0.01531955 0.01495954 -0.06409907 -0.13545455 0.06244914 0.02643816 -0.08384353 0.01892075 -0.04225411 0.15079329 -0.01781630 0.04474878 0.03509393 -0.08173895 0.42123399 1.00000000 0.19001311 0.32292333 0.26576485 0.18960970 0.17076705 0.09624777 0.27516591 0.43031451 0.36951139 0.24592854 0.30188577 -0.04083018 0.06623301 -0.10181732 -0.02120850 -0.15105761 -0.05432567 0.02773546 0.19734244 -0.01222568 -0.07060104 -0.25454793 0.02249290 0.14511919 0.12047549 -0.00656210 0.07638439 -0.04483638 -0.02070103 0.09303455 0.15644058 0.11503494 0.08072644 0.14354093 -0.01855121 0.03735482 0.00999010
-0.09762803 -0.10046133 -0.06584786 0.08856017 -0.00182747 0.11393981 -0.03527522 -0.02600811 0.01211501 -0.00964982 -0.02878404 0.05968705 -0.08500747 -0.23745077 0.12340993 -0.17181174 -0.05909256 -0.04212140 -0.08823543 -0.08382243 0.07070512 -0.20550570 0.12938326 -0.25008523 -0.13443225 -0.22236481 0.19647945 -0.03876459 -0.01142896 -0.04410492 -0.03377862 -0.02848831 0.03520890 0.03856394 0.06341892 0.14595702 0.21563653 0.14415002 0.19374778 0.02362609 0.19001311 1.00000000 0.29238261 0.07806381 0.24527234 0.20945116 -0.00868695 0.29700046 0.40881303 0.27202449 0.46887028 0.20832852 0.05767870 -0.10924901 -0.01607649 0.03053832 0.00149578 0.05413457 0.09977718 0.04415649 0.05042482 0.01280045 -0.00346151 -0.02608408 0.00249352 -0.01465043 0.04146600 0.05957450 0.05038624 0.10442330 0.15272636 0.07323184 0.10638596 0.12153685 0.04395754 -0.00498095 0.12726132 0.02764367
0.01520818 -0.10943583 -0.16345166 0.16376773 -0.08211250 0.07451519 -0.06508193 -0.08970503 -0.15201019 -0.00817761 -0.07918188 -0.15160471 -0.12381924 0.12617786 0.11058660 0.15781127 0.26753629 -0.03018705 0.01815472 0.07829713 0.14505079 0.05054112 0.06716224 0.07704293 0.15722484 0.01660852 0.08922502 -0.12793742 -0.19838996 0.16128887 0.16254083 -0.06835199 -0.11143370 0.14008190 0.14560436 -0.00841937 0.04185777 0.08862783 -0.08605583 0.33491225 0.32292333 0.29238261 1.00000000 0.25644715 0.30039851 0.34171248 -0.09238802 0.40120103 0.35289983 0.41958685 0.37851517 0.46735484 0.01117820 0.04949237 -0.07177359 -0.05166294 -0.21178686 -0.05858350 0.00785407 0.04637546 0.05630836 -0.00172854 -0.03773447 -0.00473699 0.08987164 0.09024639 -0.07325327 0.14899979 -0.02307117 0.03133251 0.08501762 0.13086609 0.12998628 0.10396289 0.11124694 0.00499076 0.15798560 0.12128151
-0.01331271 -0.02063938 0.02663484 0.04582057 -0.06845997 -0.09519507 0.02675927 -0.01763545 0.05149740 0.00786123 -0.02288053 0.10823609 0.04983906 0.31149290 0.23161980 0.28221556 0.25377757 0.12815943 0.16586507 0.13853831 0.31520214 0.15586931 0.00277353 0.26085838 0.23893202 0.16899483 -0.21483363 -0.16586494 -0.24861949 0.20292001 0.07271084 -0.07172206 -0.15784841 0.04422898 0.07504388 -0.31048812 -0.13983731 0.05466101 -0.19740597 0.19001460 0.26576485 0.07806381 0.25644715 1.00000000 0.29522325 0.16503673 -0.03600508 0.22085135 0.19064830 0.17023573 0.29091846 0.27386922 -0.08061952 0.11403415 -0.01684969 -0.05098645 -0.00543604 0.04247665 -0.02954626 -0.04936323 -0.07284482 0.05082177 0.12715781 0.18999754 -0.00780292 0.01810427 -0.05716468 0.00530029 -0.04541269 -0.06418643 -0.07530236 -0.03401718 0.04086781 0.01541261 -0.07676727 -0.02658456 0.02444949 -0.04334496
0.00672266 -0.06654205 -0.03917669 0.15509049 -0.05833419 0.04511264 0.08920401 0.03856410 0.02936390 0.14002400 0.10766431 0.01928443 0.01081055 -0.01251204 -0.06925457 0.03760445 -0.02032496 0.12830551 0.13499605 -0.00169956 0.01491808 -0.00742230 0.07035062 -0.07210421 0.10700465 0.08985527 0.09024891 -0.07311031 -0.03714634 0.12497589 0.00019686 -0.08062906 0.04191923 -0.01637523 0.08280587 -0.00589153 -0.01465483 -0.11276767 0.11950901 0.11388448 0.18960970 0.24527234 0.30039851 0.29522325 1.00000000 0.39344485 0.10149633 0.27130532 0.20058767 0.29002845 0.19579303 0.43155015 0.04210623 0.06552004 0.03897769 0.04418386 -0.10619750 0.08905946 0.12988773 0.06204350 -0.00165014 0.05872729 0.09358865 0.11286447 0.05061196 0.08014974 -0.00786790 0.02827967 0.06713750 0.11322649 0.11718426 0.04780966 0.17552863 0.07667486 -0.02112106 0.18278583 -0.01497049 -0.00648885
0.07588673 -0.10090725 -0.28120863 0.05936421 -0.13930293 0.06589144 0.05515330 -0.10692056 -0.16488399 -0.01555880 0.17688309 -0.16385065 -0.00320601 -0.03003088 0.03777718 0.13266047 0.21730162 0.03078813 0.14629485 0.21476207 0.08986776 0.07645597 0.12152543 0.00903960 0.13230477 0.22529008 0.24214724 -0.08579885 -0.24823489 0.19606935 -0.08286823 0.01757162 -0.10707929 0.03148880 0.14611705 -0.05700345 0.02513750 -0.08805459 0.05001003 0.08295383 0.17076705 0.20945116 0.34171248 0.16503673 0.39344485 1.00000000 -0.01103289 0.35062908 0.27896657 0.46391194 0.25512870 0.42433755 0.08324588 0.03624986 -0.13012880 0.04130794 -0.26262742 -0.16931715 -0.01712282 0.16008436 0.16655553 -0.11362223 -0.11549866 -0.07656192 0.13006308 0.18543339 -0.04014246 0.08510891 0.10241878 0.10982589 0.10196630 0.18258376 0.11755209 0.05250310 0.11944304 0.02107897 0.04194969 -0.01806465
-0.12809183 0.09139576 0.06036629 -0.03462239 0.06878458 -0.04487730 -0.02136323 0.03286541 0.02391837 -0.04417345 0.05770171 0.04872618 0.13589166 0.07250105 -0.05324785 0.03629554 -0.07591619 0.02122531 0.06824577 0.10262452 -0.11405335 0.03688929 -0.14645758 0.12023398 0.08629037 0.16762061 -0.15112387 0.18244997 -0.01851836 -0.14845275 -0.12800148 -0.10468953 0.10264344 -0.22369848 -0.08256868 -0.14435012 -0.24098959 -0.30335111 -0.09945848 0.19172181 0.09624777 -0.00868695 -0.09238802 -0.03600508 0.10149633 -0.01103289 1.00000000 0.03258380 -0.08669519 0.04978463 -0.11457034 0.04385995 0.02503101 0.12210920 -0.03293354 0.06804161 0.04499726 0.07274554 0.01545793 0.09510063 0.02376688 0.05536473 0.05133145 0.14870789 0.11527845 -0.02980802 -0.02946936 -0.09016194 -0.05904808 -0.06855591 -0.11978807 -0.00686059 -0.16191470 -0.10571744 0.03367112 0.06913512 -0.22742801 -0.09724702
0.06553883 -0.04068418 -0.13218615 0.15586990 -0.02537579 0.09522274 -0.00281189 0.03101203 -0.09315083 0.04383452 0.09816262 -0.13934122 -0.16470836 0.11316539 0.09437171 0.17064553 0.15511482 0.00327445 0.12606897 0.14028967 0.09835268 0.14021547 -0.02467001 0.01024809 0.22017427 0.11417470 0.06187558 0.02518808 -0.18710333 0.27308628 0.01382657 0.03894270 -0.09196540 0.00520997 0.01672202 -0.08139941 -0.05421373 -0.03750667 -0.01269702 0.07220392 0.27516591 0.29700046 0.40120103 0.22085135 0.27130532 0.35062908 0.03258380 1.00000000 0.42539333 0.49747774 0.22785171 0.44142598 0.06176960 0.02985348 -0.10384197 0.03195819 -0.16549757 -0.01385380 -0.07840908 0.19085731 0.22019763 0.07520190 -0.14407005 -0.04198712 0.27373634 0.21592315 -0.00526637 0.12254914 0.08786047 0.08978759 0.15316176 0.19315361 0.11633299 0.02694579 0.01204866 -0.05798392 0.02224668 0.03131302
-0.01442782 -0.08393442 -0.03698192 0.10459350 -0.01524041 0.17306264 -0.06778650 -0.00347673 -0.05400636 0.02834453 -0.03693250 -0.06222126 -0.18021681 -0.07256494 0.12826394 0.04247377 0.11836685 -0.09587840 0.09151556 0.01608104 0.05524207 -0.06794336 -0.03770030 -0.12468887 0.18739717 -0.06102587 0.17382881 -0.05478143 -0.07925989 0.10853364 -0.10045353 -0.05949017 -0.01655660 0.02445236 0.22208223 0.07168119 0.25219102 0.16737032 0.02030511 0.07946032 0.43031451 0.40881303 0.35289983 0.19064830 0.20058767 0.27896657 -0.08669519 0.42539333 1.00000000 0.36555798 0.37905994 0.30361700 0.08180133 0.08544000 -0.03014666 0.08034665 -0.06368222 -0.05764000 0.05772805 0.15116903 0.05280183 0.00417935 -0.18564039 0.04232083 0.10774697 0.12002447 -0.02978332 0.07123629 0.00877977 0.03102397 0.05683389 0.02034467 0.17115265 0.03850376 -0.06345735 -0.08244696 0.12034867 -0.04128230
0.10367635 -0.08860784 -0.29462558 0.10559700 -0.09956052 0.12658726 -0.06986425 -0.06132878 -0.15003209 0.00144047 0.00603677 -0.27536035 -0.19488941 -0.03034388 -0.00736650 0.05734498 0.09446936 -0.08902251 0.05677995 0.10156401 0.08935770 -0.01129577 0.00041493 -0.01234918 0.11845742 0.05863354 0.17251961 -0.05926419 -0.13027224 0.25405490 -0.08688236 0.02876029 -0.09942851 0.12822109 -0.03639692 -0.11624590 0.00823670 -0.08531002 0.07621723 0.31286041 0.36951139 0.27202449 0.41958685 0.17023573 0.29002845 0.46391194 0.04978463 0.49747774 0.36555798 1.00000000 0.18092989 0.48815623 0.11088454 0.05486125 -0.06573980 0.05711963 -0.27004304 -0.07350356 0.03358822 0.30841723 0.13889237 -0.06401875 -0.09248776 -0.09051881 0.25327483 0.16002893 0.01070996 -0.00367021 0.15534192 0.07394559 0.14204585 0.17846502 0.05794674 0.05616033 0.04863871 -0.03915078 0.03824270 -0.01957796
-0.06206909 -0.11492060 -0.00235445 0.13242335 -0.03130743 0.02655048 0.02873357 0.03666350 0.02597520 -0.07757727 0.03488948 0.09023246 -0.01946194 -0.04678731 0.18256866 -0.00274037 0.08749212 -0.08455114 -0.07147422 -0.02901035 0.14329257 -0.18055340 0.04221349 -0.17768667 -0.07327843 -0.16432574 0.16605632 -0.19863674 -0.09526023 0.00633964 -0.01421467 -0.04924987 -0.00110961 0.11669039 0.10635655 0.10839143 0.21115572 0.24102957 0.03496983 0.06095596 0.24592854 0.46887028 0.37851517 0.29091846 0.19579303 0.25512870 -0.11457034 0.22785171 0.37905994 0.18092989 1.00000000 0.28783932 0.04414072 0.02843105 0.01996602 0.03066130 0.02688929 0.01293436 0.10318423 -0.01133001 0.02522606 0.03559732 -0.02024704 0.03986537 0.00766555 0.03806676 0.00584728 0.20323889 0.01054213 0.01554182 0.07617584 0.14073585 0.19384227 0.18791662 0.15851399 0.02195964 0.16182340 0.09916831
0.02932187 -0.14093373 -0.16903220 0.16241373 -0.04394824 0.05345826 0.03365753 -0.06367723 -0.07929285 -0.03385133 0.07537387 -0.05081517 -0.03835289 0.02789546 0.11755608 0.19106918 0.23011200 0.15781062 0.15969474 0.13824149 0.20951524 0.07623472 -0.03093357 0.11749550 0.25415317 0.22135548 0.02498822 0.02270182 -0.13394588 0.20968352 -0.09543915 -0.04155802 -0.09999000 0.09561294 0.11200432 -0.08999461 -0.02555051 -0.01280869 -0.03279091 0.25322018 0.30188577 0.20832852 0.46735484 0.27386922 0.43155015 0.42433755 0.04385995 0.44142598 0.30361700 0.48815623 0.28783932 1.00000000 0.10864000 0.17629591 -0.07096070 0.05031995 -0.10636259 -0.10855456 0.01402098 0.06950203 0.12803339 0.02728574 -0.12991498 -0.00813727 0.07623816 0.13947005 0.10300809 0.22754956 0.06885155 0.05464146 0.08578191 0.16009255 0.17592108 0.22700235 0.26872769 0.04986548 0.13266094 0.13475531
0.05807078 -0.02747310 -0.00732829 0.01215747 0.04564295 0.06076455 0.02328802 0.10029114 0.02702140 0.09053054 0.05293217 -0.10237478 -0.08473546 -0.16615264 -0.05696160 -0.04999246 -0.10074932 -0.18925417 -0.14725405 -0.08618710 -0.11239079 -0.15976396 0.01317619 -0.04972082 -0.08433748 0.02101959 0.02739325 -0.07361322 0.04438042 0.06282104 -0.06444724 -0.00635947 -0.11584850 0.03203437 -0.10152910 -0.06264072 -0.01766281 -0.09266382 0.12877178 -0.01963877 -0.04083018 0.05767870 0.01117820 -0.08061952 0.04210623 0.08324588 0.02503101 0.06176960 0.08180133 0.11088454 0.04414072 0.10864000 1.00000000 0.10545253 0.21929496 0.22990981 0.13952683 0.28762473 0.03022690 0.37559901 0.27234489 0.24703194 0.09667984 0.06484470 0.08235016 0.00119455 -0.01735757 -0.03339931 -0.02633221 0.05780486 -0.02984241 0.06277324 -0.08631841 -0.08914795 -0.02347964 -0.17174145 -0.02575311 0.06538155
-0.03825605 0.00021204 0.09488137 0.15164752 0.09001086 -0.06959825 -0.05638082 0.02776674 0.02893708 -0.06945913 -0.01139536 -0.00399189 -0.05739425 0.02378953 0.01883930 0.18131439 0.13322001 0.01799887 0.09011282 0.12614677 0.14759978 0.07349669 0.05384486 0.15078544 0.13985652 0.16955616 0.00198008 0.17468967 0.08559235 0.13328744 -0.10627503 0.06855290 -0.06308232 0.00347363 0.10280330 -0.20411285 -0.07787634 0.07649371 0.03851113 0.08008301 0.06623301 -0.10924901 0.04949237 0.11403415 0.06552004 0.03624986 0.12210920 0.02985348 0.08544000 0.05486125 0.02843105 0.17629591 0.10545253 1.00000000 0.13854443 0.12517112 0.15742896 0.01795267 0.07630210 0.09142056 0.02514104 0.20339826 0.07288109 0.15089707 0.13053622 0.05139031 0.11212475 0.22469632 -0.12114460 0.00094126 -0.08136892 0.02641404 0.03373035 0.01665707 0.12420773 0.01332578 0.03598953 0.00075621
-0.09766500 -0.06544367 0.11295192 -0.01433851 0.07564279 -0.01377904 -0.16238478 0.08075059 0.09769016 0.13671852 -0.07751607 0.11679005 -0.11727875 -0.06714170 0.03184778 -0.01977071 -0.03199068 -0.00140142 -0.17774987 -0.18403757 -0.04146730 -0.03048100 0.00667163 0.09562974 -0.09709942 -0.04621259 0.00075450 0.00054410 -0.01349027 -0.00654492 -0.00063364 0.01872131 -0.12782875 0.04172975 -0.04044545 -0.00108851 0.13100925 0.12199532 0.03909009 -0.12162802 -0.10181732 -0.01607649 -0.07177359 -0.01684969 0.03897769 -0.13012880 -0.03293354 -0.10384197 -0.03014666 -0.06573980 0.01996602 -0.07096070 0.21929496 0.13854443 1.00000000 0.24153052 0.24836212 0.31575669 0.20850434 0.08562385 0.03804992 0.26163318 0.29448440 0.13420858 -0.01187381 -0.03546423 0.06644937 -0.00411633 -0.08409828 0.09529042 -0.09188555 -0.08622151 0.03779695 0.00716727 -0.15298724 -0.01164274 0.08429222 -0.00494375
-0.04009252 -0.05282031 0.02769224 -0.02106190 0.05071492 0.01257697 0.04422296 0.00420284 -0.02655832 0.03155536 0.14280759 -0.04656386 0.05277437 -0.05419972 -0.04830661 -0.01555443 -0.00762725 -0.08191552 -0.08773930 -0.05473999 -0.01744242 -0.05855448 -0.00456535 -0.00430822 0.02707504 -0.01186551 0.00821845 0.05045671 -0.05052491 0.07500263 -0.05792250 0.09682261 -0.13973258 -0.03463809 0.03530602 -0.02677848 -0.02302486 0.04901443 0.13400996 -0.03428402 -0.02120850 0.03053832 -0.05166294 -0.05098645 0.04418386 0.04130794 0.06804161 0.03195819 0.08034665 0.05711963 0.03066130 0.05031995 0.22990981 0.12517112 0.24153052 1.00000000 0.10434708 0.07848593 0.17147458 0.24364391 0.22003566 0.14554362 0.06386769 0.13692206 0.19500309 -0.04097546 0.07555644 -0.00949506 -0.07538154 -0.09965849 -0.12316701 -0.07984533 -0.05404952 -0.07999309 -0.07095825 -0.05949100 0.02921369 -0.05804409
-0.14666274 -0.00675135 0.45658218 -0.07951887 0.18609774 0.02721025 0.16657445 0.11151978 0.33549384 0.06416731 -0.09440777 0.47029400 0.21343471 -0.09149275 -0.04289507 -0.11344263 -0.04517491 -0.02101354 -0.18109675 -0.21042748 -0.05882021 -0.08812534 -0.01439238 0.05859976 -0.15109301 0.01591306 -0.20293188 0.07756785 0.07623720 -0.08590416 -0.21336637 -0.21660072 0.02986162 -0.00720824 0.08296583 0.07690224 0.17298164 0.13273793 0.04234952 -0.08599407 -0.15105761 0.00149578 -0.21178686 -0.00543604 -0.10619750 -0.26262742 0.04499726 -0.16549757 -0.06368222 -0.27004304 0.02688929 -0.10636259 0.13952683 0.15742896 0.24836212 0.10434708 1.00000000 0.34388154 0.21076405 -0.20934810 -0.27888437 0.13633065 0.29919226 0.32954872 -0.29368286 -0.27717188 0.08486943 -0.01184053 -0.11205513 -0.08802352 -0.28042796 -0.38254523 -0.16473252 0.03601936 -0.00191254 -0.09289426 0.07903031 0.00701292
0.00343521 0.17522383 0.24818871 -0.02023828 0.12614403 0.02116215 0.05021190 0.15148661 0.22092480 0.16708895 -0.03550463 0.26809994 0.06202125 0.00947666 -0.08007023 0.00362060 -0.04824024 0.01482448 -0.06585072 -0.14345407 -0.01380022 -0.07296089 0.02896167 0.04637150 0.01533635 0.02917215 -0.08229783 0.00422603 0.07156401 -0.05489964 0.04676038 -0.02733598 0.02731007 -0.03162726 -0.06327987 -0.03070761 0.04545242 -0.03472310 0.11937541 -0.06950095 -0.05432567 0.05413457 -0.05858350 0.04247665 0.08905946 -0.16931715 0.07274554 -0.01385380 -0.05764000 -0.07350356 0.01293436 -0.10855456 0.28762473 0.01795267 0.31575669 0.07848593 0.34388154 1.00000000 0.20331898 0.06259000 -0.08602685 0.31109505 0.29836430 0.13418164 -0.05005858 -0.18038575 -0.03087194 -0.08961080 -0.06781883 0.04265625 -0.13896646 -0.15632450 -0.06192612 -0.10534255 -0.15095524 -0.07380212 0.01520761 0.05866741
-0.13347778 -0.01016364 0.13903180 0.01020093 -0.01432456 0.03192843 0.16152973 0.05905659 0.05817479 0.11112836 0.00977487 0.16128289 0.12917386 -0.08856002 -0.12236020 -0.07867625 -0.05891277 -0.12291253 -0.10390853 -0.14777036 0.02599298 -0.08295913 0.06275221 -0.01326795 -0.08795883 -0.04175575 0.08580028 0.06294055 0.00023129 0.02434730 -0.08225046 -0.04203309 -0.00736052 0.11482793 0.02571214 0.15283353 0.10588629 0.12325454 0.13152719 -0.01226000 0.02773546 0.09977718 0.00785407 -0.02954626 0.12988773 -0.01712282 0.01545793 -0.07840908 0.05772805 0.03358822 0.10318423 0.01402098 0.03022690 0.07630210 0.20850434 0.17147458 0.21076405 0.20331898 1.00000000 0.01846271 -0.12384224 0.23220918 0.19970497 0.28303736 0.00939291 -0.18392301 0.08125373 0.06340482 -0.02776303 0.01369120 -0.12955366 -0.09909954 -0.02179137 0.16907217 0.11392311 -0.03510769 -0.02645378 0.13120623
0.14988671 0.03245812 -0.29433465 0.07575875 -0.01260396 0.02947643 -0.09963484 0.07648820 -0.13389044 0.09359189 0.16130677 -0.44576108 -0.17194766 -0.08658377 0.01510944 0.04697629 -0.04388637 -0.13792088 -0.06766495 0.04668503 -0.12901755 0.02212557 0.01618786 0.02721203 0.09033417 0.09585280 0.17102915 -0.04260194 0.03425566 0.19554636 0.00391017 0.17440917 -0.14456398 -0.02804388 -0.08183889 -0.19229091 -0.09022256 -0.14884670 0.12960998 0.06895171 0.19734244 0.04415649 0.04637546 -0.04936323 0.06204350 0.16008436 0.09510063 0.19085731 0.15116903 0.30841723 -0.01133001 0.06950203 0.37559901 0.09142056 0.08562385 0.24364391 -0.20934810 0.06259000 0.01846271 1.00000000 0.39035983 0.13575152 -0.03648148 -0.11459468 0.48688589 0.18626098 -0.01854367 -0.08654572 0.11771742 0.08030656 0.15099593 0.30432809 -0.01315525 -0.20207495 -0.03782077 -0.09639041 -0.19934872 -0.02706575
0.13027945 -0.05258542 -0.25131056 0.11086753 -0.05851535 0.07722407 0.02658130 0.04735659 -0.19308462 -0.07358893 0.23974748 -0.33465796 -0.14410481 -0.09084172 0.07978404 -0.01332415 -0.12160660 -0.14384026 0.00811058 0.05790710 -0.05919273 -0.01938674 -0.10851543 -0.11698146 0.03073194 -0.04675504 0.15571290 -0.02472173 -0.06249944 0.09503686 -0.01229543 0.18373222 -0.14804060 -0.17031319 -0.16321595 -0.11142629 -0.09855205 -0.20005220 0.03139571 -0.03301300 -0.01222568 0.05042482 0.05630836 -0.07284482 -0.00165014 0.16655553 0.02376688 0.22019763 0.05280183 0.13889237 0.02522606 0.12803339 0.27234489 0.02514104 0.03804992 0.22003566 -0.27888437 -0.08602685 -0.12384224 0.39035983 1.00000000 0.15322584 -0.23174726 -0.20588351 0.40669121 0.30116918 -0.00281007 0.05566148 0.11568105 0.13870374 0.21743604 0.31887321 0.10239211 -0.09365607 0.00193574 -0.03886644 -0.03839333 0.02762448
0.02932945 0.08121071 0.11072307 0.09635721 0.07442747 0.12040045 0.00081727 0.11097344 0.12927891 0.15726621 0.08270641 0.07543592 -0.01979495 -0.02024816 -0.00237597 -0.08027004 -0.11981398 -0.16453902 -0.12822256 -0.09244706 -0.12792127 -0.14818731 -0.12153371 -0.04644147 -0.08906499 -0.08974151 -0.01667974 -0.02981280 -0.05620533 0.05682893 0.05494290 -0.06456934 -0.06478707 0.00653421 -0.07468938 -0.00344528 -0.02441814 -0.01613536 0.05789053 -0.11245075 -0.07060104 0.01280045 -0.00172854 0.05082177 0.05872729 -0.11362223 0.05536473 0.07520190 0.00417935 -0.06401875 0.03559732 0.02728574 0.24703194 0.20339826 0.26163318 0.14554362 0.13633065 0.31109505 0.23220918 0.13575152 0.15322584 1.00000000 0.20944862 0.17979780 0.18633660 0.11885409 0.02433328 0.07050001 0.09157635 0.19347697 0.08354084 0.13628616 0.09120495 -0.01391068 -0.05067679 -0.06558383 0.09045207 0.17346431
-0.01599729 0.02978136 0.13136791 -0.02190377 0.06882434 -0.03526889 -0.02673698 0.11319560 0.13474079 0.11102776 -0.12143436 0.13054651 0.07145876 0.05841823 -0.11779591 0.02525107 0.00144135 0.11271073 -0.10102933 -0.17377592 -0.01467011 0.04991839 0.11115017 0.15807473 -0.19639034 0.03958477 -0.11801956 -0.02510202 0.00082773 0.08702209 0.02453501 0.02215345 0.02834405 0.08919978 -0.07034069 -0.01213535 -0.00815033 -0.04097800 0.03262175 -0.17536791 -0.25454793 -0.00346151 -0.03773447 0.12715781 0.09358865 -0.11549866 0.05133145 -0.14407005 -0.18564039 -0.09248776 -0.02024704 -0.12991498 0.09667984 0.07288109 0.29448440 0.06386769 0.29919226 0.29836430 0.19970497 -0.03648148 -0.23174726 0.20944862 1.00000000 0.39600176 0.01991248 -0.19682555 0.00759472 -0.14722387 -0.04191264 -0.02556781 -0.16331549 -0.10867196 -0.03406798 -0.08044654 -0.11089200 -0.00492555 -0.03181527 0.03410716
-0.15966029 0.07337275 0.23335345 -0.00352085 0.07843623 -0.04277297 0.11008341 0.05668913 0.10217290 0.11659728 -0.05369141 0.23804977 0.11377548 0.04878281 -0.02108207 0.06012764 0.01672695 0.01783505 0.00095170 -0.04674333 0.04085552 0.03922871 -0.02354200 0.14176800 -0.00235043 0.13110603 -0.17307295 0.04787654 -0.13525972 0.03502382 -0.07851141 -0.11451197 -0.02655958 0.07170397 0.02871692 0.06272845 -0.04534511 0.04319628 -0.05245566 -0.08738696 0.02249290 -0.02608408 -0.00473699 0.18999754 0.11286447 -0.07656192 0.14870789 -0.04198712 0.04232083 -0.09051881 0.03986537 -0.00813727 0.06484470 0.15089707 0.13420858 0.13692206 0.32954872 0.13418164 0.28303736 -0.11459468 -0.20588351 0.17979780 0.39600176 1.00000000 -0.05054696 -0.23819958 0.02509977 -0.05086468 -0.12828823 -0.02690618 -0.19305759 -0.16046476 -0.12841472 0.02156319 0.01880436 -0.15534901 -0.02000761 0.05261907
0.16676416 0.09469638 -0.28422738 0.05517481 -0.05238813 0.02354039 -0.06225612 0.12775871 -0.25387311 0.06232936 0.13323747 -0.36149473 -0.15885602 0.10938408 0.11775620 0.13016726 -0.01083822 -0.04735354 0.11755301 0.07518034 0.01096078 0.12501443 0.00830746 0.01751306 0.16070665 0.03918187 0.11078859 -0.03922945 -0.00614816 0.26481506 0.13556135 0.28491443 -0.04702194 0.01349497 -0.11946473 -0.13450077 -0.13114016 -0.15208823 0.04885190 0.10843632 0.14511919 0.00249352 0.08987164 -0.00780292 0.05061196 0.13006308 0.11527845 0.27373634 0.10774697 0.25327483 0.00766555 0.07623816 0.08235016 0.13053622 -0.01187381 0.19500309 -0.29368286 -0.05005858 0.00939291 0.48688589 0.40669121 0.18633660 0.01991248 -0.05054696 1.00000000 0.24529715 -0.01429346 -0.00717168 0.06831551 0.10057425 0.19375607 0.30792239 0.07693410 -0.12733541 0.00472245 -0.02735207 -0.16198156 0.09771617
0.20055559 -0.04445323 -0.31459119 0.23952907 -0.11240999 0.10637923 -0.04324652 -0.05493976 -0.15734940 -0.07769886 0.21095965 -0.30880432 -0.06745634 0.01243189 0.11416246 0.05785917 0.04609044 -0.08993217 0.13533243 0.13785068 0.05557947 -0.00623265 -0.03367431 -0.04679206 0.12389180 -0.00455951 0.20748059 -0.06135571 -0.07371365 0.05330287 0.14498105 0.09374410 -0.11623138 -0.10520509 -0.00019934 -0.15321396 0.01709892 -0.06226257 -0.01269191 0.06159213 0.12047549 -0.01465043 0.09024639 0.01810427 0.08014974 0.18543339 -0.02980802 0.21592315 0.12002447 0.16002893 0.03806676 0.13947005 0.00119455 0.05139031 -0.03546423 -0.04097546 -0.27717188 -0.18038575 -0.18392301 0.18626098 0.30116918 0.11885409 -0.19682555 -0.23819958 0.24529715 1.00000000 0.25890738 0.22965659 0.33631275 0.25457984 0.45319333 0.51000381 0.31264394 0.12971250 0.12783402 0.20214241 0.20794655 0.32663185
0.07433406 -0.08100959 -0.08000852 0.06276349 -0.07309679 0.08170992 -0.02508185 -0.05458714 0.01598956 -0.01210554 -0.08543511 -0.05784673 -0.05591449 -0.09958531 0.04987110 0.08483219 0.11749212 0.03300099 0.03360093 -0.04843729 0.04164473 0.05511670 0.03094456 0.04581720 0.03480427 0.09505389 0.08402672 0.01571718 0.00966339 0.00880648 0.02653929 0.07724950 -0.01513424 -0.04524139 0.09752208 -0.00944779 0.05799966 0.06620605 0.01654641 -0.00588848 -0.00656210 0.04146600 -0.07325327 -0.05716468 -0.00786790 -0.04014246 -0.02946936 -0.00526637 -0.02978332 0.01070996 0.00584728 0.10300809 -0.01735757 0.11212475 0.06644937 0.07555644 0.08486943 -0.03087194 0.08125373 -0.01854367 -0.00281007 0.02433328 0.00759472 0.02509977 -0.01429346 0.25890738 1.00000000 0.33132487 0.18829609 0.23177602 0.26933802 0.20083792 0.29827260 0.36616395 0.20274279 0.20830229 0.27285328 0.37380936
-0.02993749 -0.29226446 -0.19500323 0.12884711 -0.11323711 -0.03413045 -0.02221431 -0.20040793 -0.20775389 -0.09568507 -0.13735836 -0.06963627 -0.19639633 -0.00889426 0.15134061 0.06706213 0.09147451 0.00862559 0.04180646 -0.00303440 0.07885099 0.00623514 0.10403170 -0.03315018 -0.00360100 -0.06435234 0.10562916 -0.10019807 -0.05030169 -0.07040884 -0.01914995 0.00400128 -0.05954911 0.00007798 -0.02478352 0.08794944 -0.00726630 0.15050875 -0.03037630 0.05891723 0.07638439 0.05957450 0.14899979 0.00530029 0.02827967 0.08510891 -0.09016194 0.12254914 0.07123629 -0.00367021 0.20323889 0.22754956 -0.03339931 0.22469632 -0.00411633 -0.00949506 -0.01184053 -0.08961080 0.06340482 -0.08654572 0.05566148 0.07050001 -0.14722387 -0.05086468 -0.00717168 0.22965659 0.33132487 1.00000000 -0.00143542 0.16114585 0.22964956 0.29103272 0.38914291 0.45201859 0.39269159 0.20785788 0.45513811 0.28386465
0.08413155 -0.07553162 -0.14490288 0.07775829 -0.13777997 0.19023572 -0.04972616 -0.03729692 -0.01866167 -0.00811893 0.02592979 -0.10321994 -0.08166805 -0.08982141 -0.02139035 -0.10234803 -0.05961049 -0.15813905 -0.03717593 0.02616264 -0.09530165 -0.04802455 -0.10242870 -0.10546519 -0.05938017 0.03275502 0.18969399 -0.06933120 -0.06960959 0.02000826 0.01299586 -0.01440253 -0.00865005 -0.13894160 -0.01750981 -0.05130427 0.03521754 -0.12300413 0.07732243 0.00272865 -0.04483638 0.05038624 -0.02307117 -0.04541269 0.06713750 0.10241878 -0.05904808 0.08786047 0.00877977 0.15534192 0.01054213 0.06885155 -0.02633221 -0.12114460 -0.08409828 -0.07538154 -0.11205513 -0.06781883 -0.02776303 0.11771742 0.11568105 0.09157635 -0.04191264 -0.12828823 0.06831551 0.33631275 0.18829609 -0.00143542 1.00000000 0.21951103 0.36096677 0.28999490 0.08272489 0.04236303 0.06975148 0.17849713 0.03429059 0.11834793
0.19089928 0.11675039 -0.09477818 0.05814960 -0.13313563 0.21701177 -0.12188683 0.04260057 -0.07884752 0.22893912 -0.05866019 -0.14871142 -0.27189477 -0.02481956 0.02669422 -0.02954880 0.01510573 0.06609255 0.04296284 0.04042642 -0.10661902 0.00913909 0.04373034 -0.09161530 -0.02050061 -0.00119810 0.17436143 -0.05694322 0.00013128 0.08718510 0.10735077 0.07645053 -0.00265850 0.03242460 -0.04295633 0.03160120 0.05376116 -0.04183641 0.05800245 -0.04935673 -0.02070103 0.10442330 0.03133251 -0.06418643 0.11322649 0.10982589 -0.06855591 0.08978759 0.03102397 0.07394559 0.01554182 0.05464146 0.05780486 0.00094126 0.09529042 -0.09965849 -0.08802352 0.04265625 0.01369120 0.08030656 0.13870374 0.19347697 -0.02556781 -0.02690618 0.10057425 0.25457984 0.23177602 0.16114585 0.21951103 1.00000000 0.32363964 0.25098364 0.39153581 0.03998266 0.01588136 0.25674699 0.24912200 0.19302635
0.28362354 -0.02808531 -0.30407675 0.14001361 -0.02694498 0.26005267 -0.07746827 -0.02912453 -0.10927302 0.16492199 0.04320186 -0.29813141 -0.19145429 -0.06586784 0.12656978 -0.08966202 -0.04626663 -0.05579397 0.07117848 0.09649675 0.03452387 -0.07321803 0.06984587 -0.18047724 0.01326865 -0.07346328 0.30124486 -0.01483803 0.02683133 0.06564190 0.09740101 0.12589893 -0.04129919 -0.04446246 0.02900104 0.03057951 0.07973150 0.03621840 0.12170722 0.11360389 0.09303455 0.15272636 0.08501762 -0.07530236 0.11718426 0.10196630 -0.11978807 0.15316176 0.05683389 0.14204585 0.07617584 0.08578191 -0.02984241 -0.08136892 -0.09188555 -0.12316701 -0.28042796 -0.13896646 -0.12955366 0.15099593 0.21743604 0.08354084 -0.16331549 -0.19305759 0.19375607 0.45319333 0.26933802 0.22964956 0.36096677 0.32363964 1.00000000 0.51243508 0.44890955 0.12650747 0.10051285 0.19761688 0.29783252 0.29619377
0.22211347 -0.00162561 -0.41311888 0.18751669 -0.05034611 -0.00546485 -0.02959297 -0.05257573 -0.22856022 -0.00736433 0.18450174 -0.40784887 -0.13143471 -0.03300626 0.10588275 0.04793287 0.02354685 -0.08974786 0.07226289 0.16626820 0.02267769 -0.03817068 0.00589404 -0.02931152 0.07689251 -0.00856274 0.24622646 -0.11561878 -0.06881449 0.13164040 0.09989737 0.12386059 -0.11678251 -0.06582338 -0.00758083 -0.06827054 -0.02165222 -0.16646920 0.02190629 0.08901813 0.15644058 0.07323184 0.13086609 -0.03401718 0.04780966 0.18258376 -0.00686059 0.19315361 0.02034467 0.17846502 0.14073585 0.16009255 0.06277324 0.02641404 -0.08622151 -0.07984533 -0.38254523 -0.15632450 -0.09909954 0.30432809 0.31887321 0.13628616 -0.10867196 -0.16046476 0.30792239 0.51000381 0.20083792 0.29103272 0.28999490 0.25098364 0.51243508 1.00000000 0.32403990 0.15178377 0.37278069 0.25185255 0.03394701 0.20130414
0.27776165 -0.12940130 -0.23232345 0.10513198 -0.10776132 0.06349267 -0.13576843 -0.05621428 -0.17696313 0.06007634 -0.14145197 -0.23742825 -0.30012294 0.07818244 0.15889100 0.07066370 0.10463505 0.20599659 0.24686425 -0.01820287 0.06511352 0.03893398 -0.01665041 -0.04379529 0.16291260 -0.04291145 0.24584379 -0.08924804 0.00393156 0.14175370 0.08063590 0.07344719 0.09532231 -0.06086433 0.14598466 0.01096648 0.08403247 0.07848063 0.00426671 0.05988124 0.11503494 0.10638596 0.12998628 0.04086781 0.17552863 0.11755209 -0.16191470 0.11633299 0.17115265 0.05794674 0.19384227 0.17592108 -0.08631841 0.03373035 0.03779695 -0.05404952 -0.16473252 -0.06192612 -0.02179137 -0.01315525 0.10239211 0.09120495 -0.03406798 -0.12841472 0.07693410 0.31264394 0.29827260 0.38914291 0.08272489 0.39153581 0.44890955 0.32403990 1.00000000 0.29491952 0.12357373 0.47761525 0.45317138 0.28691338
-0.15952253 -0.32267534 -0.13245318 0.09953594 -0.09768697 -0.14159526 0.00468155 -0.27637629 -0.08309553 -0.17657897 -0.15838681 0.01491207 -0.11167827 0.02700043 0.17423873 0.04899288 0.11805019 0.05402491 0.00723194 -0.04196458 0.14659629 0.01587827 0.04559361 0.02190942 -0.00410436 -0.07185854 0.00521810 -0.10855098 -0.08398216 -0.08758181 -0.05673770 -0.16374085 0.01410174 0.05280868 0.09779416 0.17207300 0.00041016 0.15665891 -0.02755059 0.11053111 0.08072644 0.12153685 0.10396289 0.01541261 0.07667486 0.05250310 -0.10571744 0.02694579 0.03850376 0.05616033 0.18791662 0.22700235 -0.08914795 0.01665707 0.00716727 -0.07999309 0.03601936 -0.10534255 0.16907217 -0.20207495 -0.09365607 -0.01391068 -0.08044654 0.02156319 -0.12733541 0.12971250 0.36616395 0.45201859 0.04236303 0.03998266 0.12650747 0.15178377 0.29491952 1.00000000 0.42062210 0.36114431 0.40288566 0.25951118
-0.08154521 -0.13548643 -0.12657616 0.10529442 -0.00077123 -0.16576190 0.07362378 -0.12880308 -0.09738421 -0.18844115 0.03653687 -0.05492024 0.06455654 -0.01683990 0.02334397 0.04721238 0.11572695 -0.03339209 -0.00911825 0.06291207 0.06687791 0.01372053 0.02319242 0.03882088 0.02624764 0.03453650 0.03429629 0.02012116 -0.05846953 0.00183825 -0.13398826 0.01228469 0.00922660 0.07310087 0.12158461 0.08450252 0.02194320 -0.03056792 0.05442221 0.13146103 0.14354093 0.04395754 0.11124694 -0.07676727 -0.02112106 0.11944304 0.03367112 0.01204866 -0.06345735 0.04863871 0.15851399 0.26872769 -0.02347964 0.12420773 -0.15298724 -0.07095825 -0.00191254 -0.15095524 0.11392311 -0.03782077 0.00193574 -0.05067679 -0.11089200 0.01880436 0.00472245 0.12783402 0.20274279 0.39269159 0.06975148 0.01588136 0.10051285 0.37278069 0.12357373 0.42062210 1.00000000 0.28698985 0.05288128 0.26191637
0.04979001 -0.15173208 -0.17676246 0.01640097 -0.16354776 -0.15799605 -0.10783271 -0.15687477 -0.16389631 -0.11887846 -0.03931998 -0.09208624 -0.12074362 0.14244317 0.13663230 -0.00968018 -0.05479547 0.18016219 0.09235182 -0.00009368 0.05121663 0.01666509 -0.01742643 -0.03647788 0.05417245 -0.05358532 0.11634186 -0.05800304 -0.03646290 -0.00869906 -0.00773686 -0.07669492 0.14266394 -0.07263645 0.16139611 0.04312660 -0.05116115 -0.10884645 0.06095131 0.04770823 -0.01855121 -0.00498095 0.00499076 -0.02658456 0.18278583 0.02107897 0.06913512 -0.05798392 -0.08244696 -0.03915078 0.02195964 0.04986548 -0.17174145 0.01332578 -0.01164274 -0.05949100 -0.09289426 -0.07380212 -0.03510769 -0.09639041 -0.03886644 -0.06558383 -0.00492555 -0.15534901 -0.02735207 0.20214241 0.20830229 0.20785788 0.17849713 0.25674699 0.19761688 0.25185255 0.47761525 0.36114431 0.28698985 1.00000000 0.18274092 -0.00638060
0.12513784 -0.29963470 -0.17056650 0.06107301 -0.13709123 0.14757366 -0.12868146 -0.25213360 -0.17729590 -0.06564030 -0.28550922 -0.05064857 -0.25521709 -0.04545827 0.09831592 -0.05214447 0.09592930 0.04360406 -0.08838788 -0.07207961 0.02660246 -0.05561755 0.11479555 -0.02473082 -0.04245574 -0.11351896 0.08849032 -0.18350432 -0.07526165 -0.08510587 0.01227879 -0.06887286 -0.07592166 0.08882538 0.02246896 0.00516707 0.05155865 0.26668722 -0.02553267 0.06137960 0.03735482 0.12726132 0.15798560 0.02444949 -0.01497049 0.04194969 -0.22742801 0.02224668 0.12034867 0.03824270 0.16182340 0.13266094 -0.02575311 0.03598953 0.08429222 0.02921369 0.07903031 0.01520761 -0.02645378 -0.19934872 -0.03839333 0.09045207 -0.03181527 -0.02000761 -0.16198156 0.20794655 0.27285328 0.45513811 0.03429059 0.24912200 0.29783252 0.03394701 0.45317138 0.40288566 0.05288128 0.18274092 1.00000000 0.24134316
0.07362694 -0.00213783 -0.07534709 0.12269245 -0.05369608 0.17513562 -0.05107467 0.04088608 0.03939908 0.10179148 -0.03956862 -0.00934768 -0.01708688 -0.02329392 0.06605053 0.05779518 0.05673383 0.00108765 0.06495111 -0.02034142 0.02806803 0.00547938 0.00788825 -0.02383871 -0.01527987 -0.00032085 0.07382152 -0.00194062 -0.01722633 -0.04105116 0.15152785 0.13996036 0.04854192 0.02107484 0.04751729 0.07292326 0.10998574 0.04631626 0.03440133 -0.01149165 0.00999010 0.02764367 0.12128151 -0.04334496 -0.00648885 -0.01806465 -0.09724702 0.03131302 -0.04128230 -0.01957796 0.09916831 0.13475531 0.06538155 0.00075621 -0.00494375 -0.05804409 0.00701292 0.05866741 0.13120623 -0.02706575 0.02762448 0.17346431 0.03410716 0.05261907 0.09771617 0.32663185 0.37380936 0.28386465 0.11834793 0.19302635 0.29619377 0.20130414 0.28691338 0.25951118 0.26191637 -0.00638060 0.24134316 1.00000000
