1.00000000 0.25618082 0.06571328 0.23458253 0.37141106 0.21815447 0.17333039 0.26514592 0.18631388 0.11896113 0.22819212 -0.00519299 0.11500572 -0.09259521 -0.07407145 0.02619961 0.04188434 -0.06513731 -0.02212764 -0.05509913 -0.08764485 0.00631922 -0.02791135 -0.10142044 0.04487413 -0.05040278 0.05184078 0.02666437 0.07274588 0.03852988 -0.01559847 -0.02824362 0.05601846 0.11689433 0.17090722 0.04476025 0.14680338 0.11333522 0.05520087 -0.13465913 0.02830931 0.10936643 -0.02764308 -0.16452258 -0.12985897 0.06123644 -0.05691223 0.01038428 0.15710780 0.09457817 0.10170224 -0.02034568 0.04563997 0.02434827 0.07858122 0.02737608 0.06666100 0.03857892 0.07519264 0.01341464 -0.00260689 0.14274760 0.04648152 0.03394174 0.01591315 0.09240601 0.09653854 0.09048290 0.08124773 0.22441326 0.15762139 0.11313157 0.06368194 0.00410790 0.10927194 0.06990092 0.10119116 0.08053753
0.25618082 1.00000000 0.40978461 0.25730339 0.28197992 0.11334814 0.36634885 0.34196666 0.32123749 0.32836294 0.32805735 0.10549947 0.41020644 -0.02543498 0.10461243 0.04837602 0.05013386 0.00865228 0.04315202 -0.05190495 0.02660202 -0.00263852 0.14055657 -0.05469022 0.00178412 0.00515982 0.09119321 -0.01517151 0.01684262 -0.02241242 -0.08233110 -0.01650579 0.02404594 0.04073624 0.14526731 0.00320896 0.14062679 0.03350145 0.03422751 -0.09592060 -0.04307337 0.13387025 0.03257852 -0.11629286 -0.07130289 0.04945025 -0.09740967 0.03036780 0.10298253 0.09879769 0.08683343 0.00286556 -0.03632932 0.01829900 0.08664773 -0.03189897 0.03121936 0.00426275 0.05815934 0.01057004 -0.02376105 0.07448827 0.05154065 0.06754448 0.01502134 0.10555291 -0.07232799 -0.15875522 0.10865408 0.14765955 0.01703864 0.00407978 -0.21791510 -0.24626748 -0.00398473 0.04192703 -0.21981990 -0.01123803
0.06571328 0.40978461 1.00000000 0.21639799 0.27099647 0.11211687 0.25654050 0.42904546 0.40559227 0.34021619 0.25801511 0.35092090 0.36006720 0.06501975 0.01939327 0.04838730 0.12841219 0.07351286 0.04616129 -0.03038384 0.01346981 0.02369081 0.14459764 0.05848544 0.01157869 0.09076625 -0.08198541 -0.05160634 -0.05115385 -0.05939342 -0.07358435 -0.16605586 -0.03312119 -0.01543055 0.09743240 0.06017931 0.10058275 -0.04887981 -0.15348483 -0.11838383 0.01519708 0.05925055 0.08139063 -0.02670815 -0.03069711 0.04521103 -0.11278893 -0.03525226 0.15176230 0.01981321 0.10769540 0.06179658 -0.06874696 0.02537488 0.05042154 0.02412791 0.05412723 0.00038908 0.08365321 -0.10567577 -0.02491589 -0.00093385 -0.01659980 0.02246896 -0.07259056 -0.10482021 -0.13872128 -0.20301879 0.03555454 0.04021638 -0.03806846 -0.10457569 -0.26337834 -0.26820578 -0.04948929 -0.12072054 -0.24335209 -0.00684192
0.23458253 0.25730339 0.21639799 1.00000000 0.27372726 0.06050862 0.28878350 0.19993050 0.22242730 0.03661179 0.23865588 0.12229739 0.31517703 0.04012261 0.06978966 0.01733778 0.06181719 0.02469011 -0.00439686 -0.01485228 0.00148088 0.02037475 0.00249296 0.03954973 0.06818394 0.01781347 -0.02348548 0.02350838 0.07613744 -0.00196943 -0.03953718 0.00255700 -0.03060936 0.00662835 -0.05070167 0.02420250 -0.01094163 -0.03296506 -0.00247549 -0.07968193 -0.01125390 0.06086771 0.04931380 0.00892682 -0.03159983 0.04182251 -0.07670867 0.00394929 0.03363311 0.01197112 0.03273047 -0.00747819 -0.01035756 0.01464570 0.04887002 0.02847184 0.01905010 0.04127011 0.08831641 0.06020706 0.00993667 0.02276641 -0.01211610 0.02175947 -0.01508074 0.10712047 -0.03926725 -0.06078564 0.04368756 -0.00869937 -0.01843963 -0.05603481 -0.08403410 0.04410643 0.04593702 -0.02413394 -0.11407437 0.05047235
0.37141106 0.28197992 0.27099647 0.27372726 1.00000000 0.19680205 0.21622053 0.32825940 0.41184961 0.22247586 0.08977985 0.23652528 0.27028571 -0.00795180 0.01058688 0.07025573 0.09985429 0.02062776 -0.01732916 -0.01700292 -0.03792700 0.01738222 0.20313626 0.04399053 0.01197509 -0.04356052 0.02111255 0.00081976 0.11366610 0.08035346 -0.02163810 0.04640573 0.07314309 0.17788082 0.17757046 0.07332574 0.17138378 0.01376417 0.03247208 -0.11131755 0.04272931 0.08919738 0.02785548 -0.06888602 -0.09057498 0.05875557 -0.09648850 -0.00618448 0.13994541 0.08009668 0.09760447 -0.04993719 0.02804359 0.05261995 0.04506794 0.02266893 0.05850501 0.07632275 0.11814866 -0.00447299 -0.04194829 0.14901677 0.02941775 0.10226534 0.03181955 0.03847682 -0.04058174 -0.05565375 0.06158322 0.15711338 0.04283760 -0.02535947 -0.15896560 -0.16311771 -0.05614974 -0.01025877 -0.06312533 0.05994862
0.21815447 0.11334814 0.11211687 0.06050862 0.19680205 1.00000000 0.21713793 0.31708075 0.20328258 0.21602832 0.14278917 -0.04969107 0.18654292 -0.16442009 0.01368684 -0.07496326 0.06958869 -0.08723121 0.02812936 -0.00060384 0.03312663 -0.02179489 0.04766489 -0.09973502 -0.06264397 0.03074571 0.14585768 0.06071833 0.08808539 0.09218253 -0.03494053 0.07179843 0.02723524 0.04429852 0.06416188 0.09244188 0.19653166 0.10595773 0.10283831 -0.14625837 0.02197811 0.12376620 -0.02240832 -0.12124139 -0.04734747 0.07704772 -0.04400259 -0.01401214 0.12454418 0.07340357 0.08352295 0.00992816 0.00925637 0.06868172 -0.00609316 0.01571420 0.00496707 0.01502879 0.01947074 -0.02656617 -0.03641193 0.06232357 -0.05048624 -0.11086136 0.00185771 0.10294419 0.00264318 -0.05171503 -0.00206414 0.12280637 0.13420311 0.01179944 -0.01369550 -0.01977568 0.00598213 -0.06261672 0.09195760 0.17285023
0.17333039 0.36634885 0.25654050 0.28878350 0.21622053 0.21713793 1.00000000 0.23309933 0.39185140 0.12172536 0.48731152 -0.04448792 0.49126566 -0.06580371 0.08520359 0.00653617 0.09914828 0.08459448 -0.05862181 0.09142000 0.02572766 0.00614364 0.20115604 0.11913652 -0.08725315 0.11519448 0.08542903 0.07468978 -0.04828978 -0.02222911 -0.09432265 0.02340906 -0.07558073 0.07207888 0.04885428 0.07062468 0.06572552 -0.09702711 0.09657903 -0.11657070 -0.02755733 0.03273732 0.19433323 -0.02282740 0.11997511 0.18916320 -0.21087317 -0.00019437 -0.00003700 0.09555167 0.03691411 0.08464443 0.01125277 -0.05330170 0.00680745 0.03945450 -0.07523357 -0.03256051 0.06610054 0.12684748 0.05086032 -0.04189758 0.00560528 -0.04124361 0.00821950 0.18824116 -0.18916649 -0.26796575 0.04817995 -0.10090002 -0.13444353 -0.11663968 -0.43689896 -0.16090169 -0.06081856 0.00705140 -0.36661350 -0.05986638
0.26514592 0.34196666 0.42904546 0.19993050 0.32825940 0.31708075 0.23309933 1.00000000 0.33078816 0.34503985 0.22327969 0.20684471 0.30023737 0.09499426 0.00522227 0.05776364 0.13511520 0.02386925 0.08248376 0.05292731 0.09304208 0.08984645 0.08035083 0.06349937 0.02945328 0.16446087 -0.02568676 0.03394290 -0.02955719 -0.00285047 -0.07368470 -0.07551294 0.02601035 0.00954727 0.09253477 0.10604349 0.11875350 -0.02936693 -0.03691805 -0.14074876 0.07384536 0.14441888 0.07459597 -0.03081766 -0.00519617 0.10052326 -0.11285339 0.03569448 0.19507517 0.08424508 0.10267143 0.05246173 -0.08024202 0.00687728 0.04535659 -0.01205678 0.01020957 0.02669794 0.06742968 -0.06062883 -0.04112156 0.07999732 0.03027045 0.03455770 -0.02034476 0.05336942 0.01834014 -0.07800226 0.13057076 0.16086361 0.10401970 0.02478291 -0.15883670 -0.19018438 0.06560589 -0.05418992 -0.03595095 0.12233100
0.18631388 0.32123749 0.40559227 0.22242730 0.41184961 0.20328258 0.39185140 0.33078816 1.00000000 0.30041690 0.30399586 0.23444448 0.50325298 0.03097311 0.05839290 0.07542383 0.16575264 0.09324002 0.00316796 0.01709841 0.02858956 0.10335337 0.21860045 0.11343924 0.04578428 0.08036838 0.02823408 0.02759696 0.02064920 -0.00232655 -0.05728220 0.03977379 -0.00163941 0.11222115 0.11083388 0.07913131 0.14342168 0.01687514 0.02828901 -0.14039449 -0.03640744 0.09614160 0.08097733 -0.00833548 0.02057191 0.04364965 -0.11136611 -0.00106739 0.14912216 -0.01238646 0.11667465 0.02904914 0.00458465 0.01962249 0.02071815 0.02833126 0.08363910 0.10255409 0.12353313 -0.03783515 -0.03589977 0.09366820 0.05674235 0.02743141 -0.01794208 0.03019974 -0.17266502 -0.17776321 0.04944580 0.04998941 -0.05048108 -0.11982926 -0.29333697 -0.22490072 -0.16584734 -0.03655139 -0.22786612 0.02176726
0.11896113 0.32836294 0.34021619 0.03661179 0.22247586 0.21602832 0.12172536 0.34503985 0.30041690 1.00000000 0.07691424 0.21289503 0.25638264 -0.08753672 0.03524336 -0.01112731 0.09565743 -0.02607049 0.05310867 -0.08986775 -0.00825562 -0.03085583 0.11403295 -0.07744848 0.04821782 -0.00063294 0.10347442 0.03854850 0.03753277 -0.02966228 -0.09062291 0.02776076 0.16829852 0.08554760 0.20088130 0.11409333 0.21133929 0.06899702 0.04195715 -0.14522407 0.02855758 0.13067686 0.02897457 -0.11685954 -0.05079386 0.04151691 -0.13093221 0.01942934 0.20169170 0.08972970 0.17443754 -0.02165264 0.04033114 0.10337448 0.05632311 0.07232344 0.19768717 0.08237118 0.14196291 -0.00120670 -0.05678781 0.13980099 0.09804629 0.16284340 -0.03520746 -0.02218144 0.02411469 -0.10163343 0.13322216 0.28203138 0.14945561 -0.01945772 0.03134348 -0.20423457 -0.13073494 -0.07350749 0.06935891 0.14935138
0.22819212 0.32805735 0.25801511 0.23865588 0.08977985 0.14278917 0.48731152 0.22327969 0.30399586 0.07691424 1.00000000 -0.13178974 0.31431533 -0.00715541 -0.04263184 0.05744128 0.08014662 0.06046394 0.01947283 0.00747069 0.01339033 0.02932612 0.07652360 0.04567902 0.01982575 0.03968051 0.06895710 0.08469499 -0.05399360 0.04007648 -0.14209279 0.01566949 -0.11269245 0.00205999 0.04631693 -0.00322712 0.03867330 -0.06232044 0.04321250 -0.08217909 -0.03839584 0.06266082 0.06707192 -0.00867210 0.09270629 0.16942748 -0.10453862 0.02494796 0.04429037 0.04528204 0.04210214 0.00872370 -0.06825657 -0.02438951 0.08365366 0.06634107 -0.05214272 -0.03169416 0.00784894 0.08577346 0.04975240 -0.02974040 0.02416501 -0.04502088 0.02103747 0.14129788 -0.11542383 -0.22554993 0.08292002 -0.02721084 -0.00559068 -0.00517373 -0.24224367 -0.07836563 0.08119478 0.08515197 -0.21536717 -0.06338522
-0.00519299 0.10549947 0.35092090 0.12229739 0.23652528 -0.04969107 -0.04448792 0.20684471 0.23444448 0.21289503 -0.13178974 1.00000000 0.26537591 0.13046724 0.01888566 -0.06424950 0.13208320 0.09882459 0.03512587 -0.00620436 0.08110698 0.03123432 0.07365532 0.04189542 0.04560238 0.10726641 -0.09428198 -0.04788136 0.05551395 -0.01970903 0.05202582 -0.09302639 0.06038352 0.04256575 0.02545024 0.10392148 -0.01469951 -0.01373008 -0.06055770 0.03519441 0.04362271 0.02512457 0.05971884 0.06267292 0.01732123 -0.00875560 -0.06670343 -0.01790574 0.10775937 -0.06275645 0.02356090 0.08306313 -0.04674807 -0.05255508 0.00935943 0.00158541 0.11025171 0.10279916 0.09333699 -0.16123691 -0.12949049 0.02704838 0.01441443 0.07285355 -0.17476429 -0.15266963 -0.06075000 -0.06749472 -0.02374619 0.02750817 -0.02359366 -0.10334071 -0.10295700 -0.17045043 -0.07629480 -0.12173475 -0.05568279 0.03181768
0.11500572 0.41020644 0.36006720 0.31517703 0.27028571 0.18654292 0.49126566 0.30023737 0.50325298 0.25638264 0.31431533 0.26537591 1.00000000 0.03473128 0.11051824 -0.00007401 0.18584074 0.08509453 0.01672255 0.07182807 0.11269861 0.08864417 0.20688111 0.09297774 -0.00160589 0.13378451 0.05037459 0.00464724 -0.04190233 -0.03539220 -0.07555203 0.00875574 -0.06501396 0.02804741 0.03252523 0.06649982 0.04993986 -0.02436143 0.05218323 -0.06543545 0.04255824 0.04086098 0.18087999 0.03655313 0.09501464 0.15308832 -0.20050824 -0.04340665 0.10203032 0.03874272 0.11618157 0.10024471 -0.04584805 -0.00139383 0.02083405 0.00772734 0.01767457 0.02003183 0.09112270 -0.01585038 -0.05860147 -0.00848291 0.02348967 -0.00544422 -0.03249108 0.07296362 -0.12151259 -0.23863217 0.03363172 -0.02066977 -0.05217785 -0.08275895 -0.37296783 -0.19630661 -0.10092818 -0.03414631 -0.34228061 0.01293635
-0.09259521 -0.02543498 0.06501975 0.04012261 -0.00795180 -0.16442009 -0.06580371 0.09499426 0.03097311 -0.08753672 -0.00715541 0.13046724 0.03473128 1.00000000 0.10021210 0.32593013 0.23341824 0.20693279 0.10509239 0.11248435 0.12547999 0.43816275 0.05819769 0.42743012 0.18944705 0.07422429 -0.24305526 -0.02017930 -0.07463021 -0.09984497 -0.01276652 -0.15079936 0.05846503 -0.02171814 -0.11541350 -0.10346051 -0.22193692 -0.15036768 -0.27112604 0.18239386 0.03475620 -0.11094144 0.06346809 0.25626638 0.10783997 -0.02004563 0.05014377 0.09046106 -0.03015962 -0.07326573 -0.07340739 0.04635158 -0.05873276 0.03434973 0.01850064 -0.04884566 0.01064888 0.03759933 -0.01008068 -0.11594241 -0.06267452 0.00025335 0.07794345 0.07801692 -0.03818167 -0.03085651 -0.07687777 -0.02147380 -0.02510083 -0.09387153 -0.11168941 -0.05031978 -0.10687019 0.01308267 -0.00307815 0.01674465 -0.11348959 -0.02244031
-0.07407145 0.10461243 0.01939327 0.06978966 0.01058688 0.01368684 0.08520359 0.00522227 0.05839290 0.03524336 -0.04263184 0.01888566 0.11051824 0.10021210 1.00000000 0.01126557 0.24388061 0.15769760 0.12342388 0.24298093 0.37045356 0.15572704 0.22609767 0.18851489 0.18993201 0.22367536 0.04442685 -0.00158613 0.06779122 -0.15871243 -0.00513123 -0.04909192 0.08487081 0.00695910 -0.03267160 0.02464812 -0.10085245 0.01119139 0.02164613 -0.07295199 -0.08730394 -0.13884401 -0.00433740 0.07594947 -0.06187164 -0.02182823 0.01427231 -0.08380958 -0.22349745 -0.08701312 -0.06644220 -0.01067016 -0.08502571 -0.09305735 -0.08858621 -0.11919402 -0.00472281 -0.00057309 -0.03250657 -0.03816599 -0.05247884 -0.08933599 -0.10739660 -0.01987414 -0.13778366 -0.03650523 -0.06967297 -0.06871750 -0.06464131 -0.07440509 -0.05661535 -0.10204658 -0.15794096 0.03332053 -0.11924461 0.00252094 -0.09979753 -0.01987840
0.02619961 0.04837602 0.04838730 0.01733778 0.07025573 -0.07496326 0.00653617 0.05776364 0.07542383 -0.01112731 0.05744128 -0.06424950 -0.00007401 0.32593013 0.01126557 1.00000000 0.29399278 0.12582969 0.19948267 0.14982737 0.11737320 0.28614262 0.16163529 0.24402386 0.13728480 0.04548727 -0.13610829 -0.02697706 0.01478724 0.09463955 -0.06131868 0.01394287 0.00997013 0.06102099 -0.02173791 0.01115018 0.02820552 -0.06756615 -0.07625150 0.14908467 0.08495274 -0.02878121 0.03035768 0.10139334 -0.03564528 0.00456013 -0.02297089 0.11200657 0.03429026 -0.02241815 -0.01396988 0.05333042 0.01310220 0.06301915 0.09292419 -0.05874444 0.03321064 0.05627849 0.06570557 0.06461599 0.00687420 0.07075957 0.06969556 0.11773420 0.00930587 -0.00269567 -0.03157761 -0.01833501 0.04522341 0.05453917 -0.07145098 0.05732115 0.04695374 -0.03618313 0.00938164 0.06572689 -0.07120095 -0.00843163
0.04188434 0.05013386 0.12841219 0.06181719 0.09985429 0.06958869 0.09914828 0.13511520 0.16575264 0.09565743 0.08014662 0.13208320 0.18584074 0.23341824 0.24388061 0.29399278 1.00000000 0.27390370 0.14790274 0.34317147 0.21310241 0.38478452 0.20931355 0.34329251 0.27757829 0.39074942 -0.03888344 0.03635438 0.00453685 -0.01277550 0.00268921 0.01512666 0.03176046 0.08738352 -0.01870121 0.14253465 -0.03586887 -0.02150161 -0.00219473 -0.01370630 0.00498929 -0.05242047 0.08645059 0.15743267 -0.01888703 0.07656983 -0.12765309 0.06766031 -0.05172036 -0.12162538 0.00898520 0.05072481 0.00893021 0.02295185 0.02590907 0.00922021 0.05443913 0.02543259 0.03323577 -0.01699343 -0.09511530 -0.01469305 -0.02197539 0.11360577 -0.10974518 0.03977431 -0.07890788 -0.05953048 -0.05100595 -0.00558923 -0.01225466 -0.07134341 -0.10510623 -0.02863342 0.00500252 -0.05148658 -0.06372975 0.01513664
-0.06513731 0.00865228 0.07351286 0.02469011 0.02062776 -0.08723121 0.08459448 0.02386925 0.09324002 -0.02607049 0.06046394 0.09882459 0.08509453 0.20693279 0.15769760 0.12582969 0.27390370 1.00000000 0.17473161 0.21019759 0.13301742 0.31846268 0.17571601 0.32846551 0.18252534 0.14234617 -0.11927342 0.02777802 -0.03207918 -0.04799385 -0.01743069 -0.00725130 -0.06624007 0.00711172 -0.13549021 -0.02240824 -0.15250816 -0.15848219 -0.03970571 -0.01815247 -0.16420371 -0.19909527 0.07892995 0.09924557 0.04856435 -0.02090485 -0.09183872 0.00236966 -0.18763813 -0.17621500 -0.16448556 -0.01323058 -0.02383452 -0.03079319 -0.03365713 0.02172184 -0.00461766 -0.03018951 -0.03155318 -0.03770320 -0.01430919 -0.11350739 0.03766540 0.02459879 0.01630066 -0.05786787 -0.14517909 -0.11126204 -0.05613665 -0.17655556 -0.14345389 -0.03457683 -0.21015752 -0.05314266 -0.07113095 0.00345854 -0.25955846 -0.11011606
-0.02212764 0.04315202 0.04616129 -0.00439686 -0.01732916 0.02812936 -0.05862181 0.08248376 0.00316796 0.05310867 0.01947283 0.03512587 0.01672255 0.10509239 0.12342388 0.19948267 0.14790274 0.17473161 1.00000000 0.17572111 0.28007378 0.15549137 0.09978766 0.08094944 0.24357404 0.21413136 0.05875208 0.02982578 0.06535479 -0.10648158 -0.01928500 0.00309433 0.13183538 -0.03883496 0.00362228 0.19124338 0.00169858 -0.07069528 0.05836138 0.03298741 0.04492601 0.01352104 -0.01760416 0.02961098 -0.00125803 0.03470310 0.07351861 0.10051938 0.03414960 0.01081096 -0.03602036 -0.09116148 -0.01883336 -0.00407464 -0.01911060 -0.01837850 0.01060450 0.02964960 -0.01931001 0.01664801 -0.02783451 -0.01995291 -0.05989899 -0.00236993 -0.00336412 0.07459802 0.03708823 -0.04428296 0.00759227 0.01030505 0.05260986 0.10943523 0.12148509 0.03040019 0.08443921 0.02405502 0.03539953 0.01300535
-0.05509913 -0.05190495 -0.03038384 -0.01485228 -0.01700292 -0.00060384 0.09142000 0.05292731 0.01709841 -0.08986775 0.00747069 -0.00620436 0.07182807 0.11248435 0.24298093 0.14982737 0.34317147 0.21019759 0.17572111 1.00000000 0.18547516 0.40275774 0.16282670 0.51187547 0.21086681 0.55660359 0.00804543 0.02105175 -0.01297192 -0.15549854 -0.02375022 -0.00437193 0.00280992 -0.08619184 -0.14241901 0.04521352 -0.15321754 -0.14893612 -0.07972312 -0.01435629 -0.09787534 -0.21735539 -0.01795855 0.19080947 0.10495712 0.08770125 0.09153178 0.03417523 -0.22746062 -0.09970603 -0.18811040 0.01908267 -0.07775723 -0.12751849 -0.23927589 -0.06948461 -0.13179690 -0.08743443 -0.19643776 0.00191317 -0.00289253 -0.18304731 -0.32248648 -0.10564093 -0.03527343 0.10229284 0.02474084 0.04168072 -0.04149910 -0.19233877 -0.04021675 -0.08359850 -0.11337877 0.08459117 -0.00991616 -0.11843149 -0.05984822 0.08547401
-0.08764485 0.02660202 0.01346981 0.00148088 -0.03792700 0.03312663 0.02572766 0.09304208 0.02858956 -0.00825562 0.01339033 0.08110698 0.11269861 0.12547999 0.37045356 0.11737320 0.21310241 0.13301742 0.28007378 0.18547516 1.00000000 0.15911643 0.21144318 0.03447389 0.06526578 0.19666444 0.05414758 -0.03731229 0.00499264 -0.07694630 0.04279982 -0.01126448 0.02752726 -0.05091303 -0.05109841 0.15590730 -0.02455613 0.11688450 0.08198976 -0.02397238 0.01217141 -0.08176688 0.04607231 0.06823312 -0.03986364 0.01020276 -0.06914135 -0.07049686 -0.07348069 -0.01308932 0.04545920 0.06722421 -0.09491075 -0.03287040 -0.02514334 -0.08330613 0.01297329 0.03943793 -0.03114149 -0.01731765 -0.13100810 -0.11964113 -0.03098519 -0.07400348 -0.17261374 -0.04063827 -0.05282786 -0.04292281 -0.01542679 -0.07978676 0.00022438 -0.01047396 0.02001653 -0.04865858 -0.01940860 0.03886696 -0.06671321 0.00359055
0.00631922 -0.00263852 0.02369081 0.02037475 0.01738222 -0.02179489 0.00614364 0.08984645 0.10335337 -0.03085583 0.02932612 0.03123432 0.08864417 0.43816275 0.15572704 0.28614262 0.38478452 0.31846268 0.15549137 0.40275774 0.15911643 1.00000000 0.12764901 0.56572811 0.25285288 0.46942668 -0.14015229 0.03450229 -0.03512460 -0.12102157 -0.00634470 -0.10757239 0.00952538 0.01789574 -0.15624933 -0.03231214 -0.13741364 -0.21413010 -0.12113201 0.01773053 -0.10909503 -0.26287162 -0.01521172 0.21286860 0.06941430 0.02213691 0.08193707 0.01818535 -0.10012520 -0.14666036 -0.19153606 -0.06394325 -0.02971602 -0.00392015 -0.07692847 -0.00276082 0.06352358 0.06494142 -0.09152379 -0.03192207 0.00592946 -0.05272274 -0.12850876 -0.02428363 -0.07049377 -0.00628422 -0.02427075 -0.02302400 -0.00434096 -0.09122909 0.00024112 -0.09082524 -0.13560017 0.05947842 0.00051090 -0.04519783 -0.10286221 0.03646806
-0.02791135 0.14055657 0.14459764 0.00249296 0.20313626 0.04766489 0.20115604 0.08035083 0.21860045 0.11403295 0.07652360 0.07365532 0.20688111 0.05819769 0.22609767 0.16163529 0.20931355 0.17571601 0.09978766 0.16282670 0.21144318 0.12764901 1.00000000 0.16737455 0.06305181 0.03292158 0.15281736 -0.08430605 0.04859041 0.06541559 -0.00111642 0.04809464 -0.05313864 0.12694271 0.09233594 0.20405325 0.13806876 0.07063724 0.06710851 -0.12299324 -0.07408590 0.00235016 0.10788248 -0.04096024 0.05050831 0.05773219 -0.16455989 -0.15292145 -0.03618095 -0.01863390 0.08912299 0.02549691 0.02875112 0.02681309 0.02623399 -0.02134332 0.07227631 0.01480577 0.08299505 -0.05512679 -0.06408653 -0.03543990 0.01249257 0.02425944 -0.08201717 -0.08413375 -0.13003277 -0.10240880 -0.03125113 -0.02645003 -0.12092095 -0.08314757 -0.20422531 -0.19770586 -0.15176517 0.00970224 -0.21830234 -0.10086918
-0.10142044 -0.05469022 0.05848544 0.03954973 0.04399053 -0.09973502 0.11913652 0.06349937 0.11343924 -0.07744848 0.04567902 0.04189542 0.09297774 0.42743012 0.18851489 0.24402386 0.34329251 0.32846551 0.08094944 0.51187547 0.03447389 0.56572811 0.16737455 1.00000000 0.20693853 0.49875316 -0.15814309 0.00195819 0.00582841 -0.11569544 -0.07758302 -0.15971695 -0.05546638 0.03067310 -0.18637052 -0.04308392 -0.26764253 -0.27465559 -0.16459228 0.09945116 -0.13921726 -0.29330599 0.15030706 0.33991098 0.17484281 0.04529402 -0.01423188 0.06505470 -0.18524138 -0.13272496 -0.22632507 0.00802018 -0.09267231 -0.07128759 -0.14328962 -0.06252279 -0.10158296 -0.08211312 -0.12235085 -0.01460013 0.03614437 -0.10904701 -0.18413944 -0.05243863 -0.00252274 -0.03118183 -0.12017280 -0.06444409 -0.11000481 -0.18436842 -0.16606088 -0.15174062 -0.29671197 0.02287017 -0.05081725 -0.07231278 -0.14649483 0.00243127
0.04487413 0.00178412 0.01157869 0.06818394 0.01197509 -0.06264397 -0.08725315 0.02945328 0.04578428 0.04821782 0.01982575 0.04560238 -0.00160589 0.18944705 0.18993201 0.13728480 0.27757829 0.18252534 0.24357404 0.21086681 0.06526578 0.25285288 0.06305181 0.20693853 1.00000000 0.28751946 -0.02438639 0.00794159 0.05739250 -0.08400081 -0.04692731 -0.05828699 0.05990102 0.02891145 -0.01637764 0.11900054 -0.05886358 -0.03512935 -0.06330367 0.03642604 0.06499324 -0.01587554 0.04930821 0.03092448 0.03106303 0.00757781 0.12495206 0.05470715 0.02290659 -0.03678902 -0.10517181 -0.00764831 0.03793067 -0.00580664 -0.00597818 -0.06127627 0.06487658 0.06590264 -0.08150047 -0.08740743 -0.02533178 0.02791713 -0.02777005 0.06163590 -0.04598676 -0.01195614 0.05066952 0.01212530 0.00900497 0.00424543 0.07926310 0.00954572 0.13087642 0.08022700 -0.01391292 0.05425538 0.03520342 0.04250010
-0.05040278 0.00515982 0.09076625 0.01781347 -0.04356052 0.03074571 0.11519448 0.16446087 0.08036838 -0.00063294 0.03968051 0.10726641 0.13378451 0.07422429 0.22367536 0.04548727 0.39074942 0.14234617 0.21413136 0.55660359 0.19666444 0.46942668 0.03292158 0.49875316 0.28751946 1.00000000 0.05020540 0.01095900 0.01193562 -0.24103932 -0.04578965 -0.05418909 0.03112419 -0.10129651 -0.10088889 0.07275861 -0.08917267 -0.22083275 -0.00521806 -0.06802038 -0.15015837 -0.19216438 0.02704122 0.13483445 0.16191913 0.12913663 0.10780905 0.00332148 -0.13723838 -0.11576329 -0.22659053 -0.01395646 -0.09274156 -0.12747512 -0.21580040 -0.05379096 -0.04651581 -0.04840953 -0.18399154 -0.02099715 0.04440210 -0.13501877 -0.33691245 -0.11729050 -0.07103962 0.10313697 -0.01395840 -0.05183696 -0.06361086 -0.14444399 0.05094581 -0.06810004 -0.17956094 0.03733542 0.03247878 -0.16934030 0.00955783 0.08594900
0.05184078 0.09119321 -0.08198541 -0.02348548 0.02111255 0.14585768 0.08542903 -0.02568676 0.02823408 0.10347442 0.06895710 -0.09428198 0.05037459 -0.24305526 0.04442685 -0.13610829 -0.03888344 -0.11927342 0.05875208 0.00804543 0.05414758 -0.14015229 0.15281736 -0.15814309 -0.02438639 0.05020540 1.00000000 0.13554769 0.07928287 0.15032438 0.05664846 0.18801708 0.20184371 0.19276316 0.24494751 0.18655912 0.34956447 0.24281549 0.41180750 -0.09942913 -0.01344316 0.08521452 -0.00839102 -0.12656547 0.04845695 0.12013989 -0.04371843 -0.08683262 -0.00381987 0.07055604 0.05235717 -0.10187471 0.03128121 -0.05611704 -0.06889697 0.00783603 0.00683284 -0.08120619 -0.02692404 0.08405457 0.04280252 -0.05195217 -0.09580861 -0.15745037 0.01629135 0.19216788 0.06947430 0.07016602 0.01612069 0.10006910 0.09534575 -0.02217410 0.03260152 0.02059168 -0.00797216 0.01629795 0.06868386 0.02265373
0.02666437 -0.01517151 -0.05160634 0.02350838 0.00081976 0.06071833 0.07468978 0.03394290 0.02759696 0.03854850 0.08469499 -0.04788136 0.00464724 -0.02017930 -0.00158613 -0.02697706 0.03635438 0.02777802 0.02982578 0.02105175 -0.03731229 0.03450229 -0.08430605 0.00195819 0.00794159 0.01095900 0.13554769 1.00000000 0.21670211 0.13633341 0.14078526 0.17058547 0.15936086 0.11072582 0.15601243 0.10101673 0.17106324 0.08542908 0.18709638 -0.04906834 -0.02304762 0.02609540 -0.01324939 -0.07647636 0.01956227 0.09385052 0.08531664 0.08283095 0.02684498 -0.01171495 -0.01419014 -0.05377314 0.05008232 0.02359377 -0.03170646 0.06307307 -0.01808769 -0.01044877 -0.02409465 0.12986587 0.08002050 0.07864741 -0.03229041 -0.03296361 0.07202742 0.16422256 -0.01102195 0.08204682 0.07718783 0.03535355 0.06383349 -0.03294255 0.06257259 0.14289510 0.03710644 0.00137273 0.05824176 0.10761690
0.07274588 0.01684262 -0.05115385 0.07613744 0.11366610 0.08808539 -0.04828978 -0.02955719 0.02064920 0.03753277 -0.05399360 0.05551395 -0.04190233 -0.07463021 0.06779122 0.01478724 0.00453685 -0.03207918 0.06535479 -0.01297192 0.00499264 -0.03512460 0.04859041 0.00582841 0.05739250 0.01193562 0.07928287 0.21670211 1.00000000 0.12625917 0.18562665 0.15002651 0.24962478 0.16593127 0.25235692 0.15725137 0.22197427 0.21914906 0.23835093 -0.09418350 0.01900927 0.01518421 -0.00014260 -0.10636946 -0.11385571 -0.03944523 0.11444611 -0.04020251 0.02242975 0.03058848 -0.01698361 -0.03131739 0.05214290 -0.01550184 -0.01038449 0.06793452 0.14542594 0.01626374 0.06375127 0.05831802 0.07872641 0.14259714 -0.06113877 0.02816036 -0.03721251 0.04750187 -0.00244148 0.06891614 0.04535876 0.07156792 0.07261330 0.01865470 0.11486537 0.04296258 0.03251389 0.03887886 0.19121385 0.08811557
0.03852988 -0.02241242 -0.05939342 -0.00196943 0.08035346 0.09218253 -0.02222911 -0.00285047 -0.00232655 -0.02966228 0.04007648 -0.01970903 -0.03539220 -0.09984497 -0.15871243 0.09463955 -0.01277550 -0.04799385 -0.10648158 -0.15549854 -0.07694630 -0.12102157 0.06541559 -0.11569544 -0.08400081 -0.24103932 0.15032438 0.13633341 0.12625917 1.00000000 0.15612208 0.22967687 0.07247712 0.28914705 0.19638613 0.11612174 0.22763021 0.20946369 0.24990958 0.08984761 0.06105768 0.08727767 0.09803454 -0.06504136 -0.03412878 0.02895720 -0.02369884 0.03725691 0.01417939 0.01016687 0.04407517 -0.06291747 0.03979504 0.04184210 0.08616159 0.02004658 0.02903838 -0.01427086 0.05414230 0.02567267 -0.03755170 0.05648738 0.10772772 -0.01691991 -0.01156828 0.01948136 -0.00671682 0.00264225 0.08248195 0.08889935 -0.05028722 -0.00554041 0.07204271 0.02090164 -0.03033374 0.05416065 0.05202476 -0.07742259
-0.01559847 -0.08233110 -0.07358435 -0.03953718 -0.02163810 -0.03494053 -0.09432265 -0.07368470 -0.05728220 -0.09062291 -0.14209279 0.05202582 -0.07555203 -0.01276652 -0.00513123 -0.06131868 0.00268921 -0.01743069 -0.01928500 -0.02375022 0.04279982 -0.00634470 -0.00111642 -0.07758302 -0.04692731 -0.04578965 0.05664846 0.14078526 0.18562665 0.15612208 1.00000000 0.11584512 0.08996293 0.23118275 0.10474872 0.14367078 0.15533183 0.32921145 0.14407800 0.08257895 0.05056840 -0.02318144 -0.03427731 0.00355569 -0.00459086 -0.01562886 0.07130839 0.07575029 0.01146415 -0.01636180 0.05219578 -0.02784458 0.01779367 -0.00039882 0.05719338 0.01968281 0.02269668 -0.02004533 0.03876275 -0.04380684 -0.09262363 -0.04903607 0.03169958 -0.00121284 0.00650970 0.00682531 0.07078220 0.12026263 0.03726498 0.03311829 0.00945152 0.03136969 0.13603710 0.06969545 0.08138114 0.06998516 0.04092942 0.02120171
-0.02824362 -0.01650579 -0.16605586 0.00255700 0.04640573 0.07179843 0.02340906 -0.07551294 0.03977379 0.02776076 0.01566949 -0.09302639 0.00875574 -0.15079936 -0.04909192 0.01394287 0.01512666 -0.00725130 0.00309433 -0.00437193 -0.01126448 -0.10757239 0.04809464 -0.15971695 -0.05828699 -0.05418909 0.18801708 0.17058547 0.15002651 0.22967687 0.11584512 1.00000000 0.23320989 0.11539888 0.16252680 0.01567109 0.17450046 0.14855698 0.22030111 -0.07653270 -0.00658666 0.10235728 -0.03476466 -0.08754450 0.01142992 -0.03341946 0.02144488 0.07310911 -0.03797839 0.04512974 0.02718790 -0.06003844 0.01196653 -0.00893473 -0.00385676 0.01858009 0.01208669 0.03464678 -0.00475282 0.14876480 -0.01581757 -0.03228892 -0.01939299 -0.02201471 0.03032100 0.10900143 0.03972567 0.08563381 0.02462135 0.07342796 0.01238864 0.06779201 0.07311148 0.04253562 0.02577811 0.03529834 0.06466243 0.09455962
0.05601846 0.02404594 -0.03312119 -0.03060936 0.07314309 0.02723524 -0.07558073 0.02601035 -0.00163941 0.16829852 -0.11269245 0.06038352 -0.06501396 0.05846503 0.08487081 0.00997013 0.03176046 -0.06624007 0.13183538 0.00280992 0.02752726 0.00952538 -0.05313864 -0.05546638 0.05990102 0.03112419 0.20184371 0.15936086 0.24962478 0.07247712 0.08996293 0.23320989 1.00000000 0.07257217 0.35739044 0.23105688 0.23793508 0.06419370 0.12497683 -0.05806114 0.07615325 0.08484834 -0.05553303 -0.02118362 -0.07040894 0.05067022 0.01328498 0.11768220 0.11083969 0.09367413 0.02472834 -0.04861061 0.02761844 0.09772961 0.01109370 0.10057811 0.16655036 0.08833429 0.05538675 0.08843458 -0.02479770 0.10180966 -0.01450748 0.13243836 0.07981480 0.04863179 0.04802115 0.08477214 0.04418934 0.09154742 0.03653310 0.00837877 0.12926759 0.02544486 0.03376229 -0.04775776 0.17092244 0.13087661
0.11689433 0.04073624 -0.01543055 0.00662835 0.17788082 0.04429852 0.07207888 0.00954727 0.11222115 0.08554760 0.00205999 0.04256575 0.02804741 -0.02171814 0.00695910 0.06102099 0.08738352 0.00711172 -0.03883496 -0.08619184 -0.05091303 0.01789574 0.12694271 0.03067310 0.02891145 -0.10129651 0.19276316 0.11072582 0.16593127 0.28914705 0.23118275 0.11539888 0.07257217 1.00000000 0.21616734 0.19149565 0.17715286 0.26173886 0.21789851 0.03461258 0.07507240 0.04527728 0.04751279 -0.01021025 -0.07018955 -0.02237652 -0.06504539 -0.01201591 0.10314042 -0.01424830 0.05959111 -0.04890216 0.08881201 0.03107037 0.06724583 0.02708850 0.08495345 0.02688673 0.11362200 0.00160866 -0.05985669 0.03014023 0.11663420 0.04713717 -0.00179050 0.00421836 -0.05278205 0.01847089 0.02731231 0.09556586 0.00276725 -0.03684759 0.00912813 -0.02065724 -0.10786947 0.15426600 -0.06185991 -0.07213608
0.17090722 0.14526731 0.09743240 -0.05070167 0.17757046 0.06416188 0.04885428 0.09253477 0.11083388 0.20088130 0.04631693 0.02545024 0.03252523 -0.11541350 -0.03267160 -0.02173791 -0.01870121 -0.13549021 0.00362228 -0.14241901 -0.05109841 -0.15624933 0.09233594 -0.18637052 -0.01637764 -0.10088889 0.24494751 0.15601243 0.25235692 0.19638613 0.10474872 0.16252680 0.35739044 0.21616734 1.00000000 0.21213844 0.40520272 0.25360482 0.21554685 -0.14734684 0.10247410 0.16446853 0.07860609 -0.16695121 -0.06126306 0.09964033 -0.10329471 0.04570468 0.26830539 0.16778345 0.11153730 -0.00202589 0.06918281 0.05160108 0.09227541 0.07901552 0.19163905 0.07947444 0.16564796 0.05728968 0.05436685 0.13233205 0.10960826 0.03092283 0.09534295 0.05383487 0.03323968 0.03948832 0.05485490 0.21299700 0.09536378 -0.00136505 0.08210746 0.00495509 -0.00379696 0.01289718 0.10373648 0.02910062
0.04476025 0.00320896 0.06017931 0.02420250 0.07332574 0.09244188 0.07062468 0.10604349 0.07913131 0.11409333 -0.00322712 0.10392148 0.06649982 -0.10346051 0.02464812 0.01115018 0.14253465 -0.02240824 0.19124338 0.04521352 0.15590730 -0.03231214 0.20405325 -0.04308392 0.11900054 0.07275861 0.18655912 0.10101673 0.15725137 0.11612174 0.14367078 0.01567109 0.23105688 0.19149565 0.21213844 1.00000000 0.33960179 0.12070300 0.32485819 -0.07337869 0.09438387 0.10948056 0.14865519 -0.06123361 0.02433909 0.08588744 -0.16518704 0.02239860 0.14261804 0.10685945 0.10267434 0.03141294 0.04218583 0.02601623 0.04139345 0.06062375 0.13231890 0.07391986 0.02765157 0.05333790 -0.08948176 0.01990958 0.08991557 0.10385668 -0.09701966 -0.01737721 -0.05019791 -0.09508512 0.00601918 0.08987311 0.06693689 -0.02386338 0.13464481 -0.10256757 -0.04014852 0.05572188 -0.02480912 0.02721433
0.14680338 0.14062679 0.10058275 -0.01094163 0.17138378 0.19653166 0.06572552 0.11875350 0.14342168 0.21133929 0.03867330 -0.01469951 0.04993986 -0.22193692 -0.10085245 0.02820552 -0.03586887 -0.15250816 0.00169858 -0.15321754 -0.02455613 -0.13741364 0.13806876 -0.26764253 -0.05886358 -0.08917267 0.34956447 0.17106324 0.22197427 0.22763021 0.15533183 0.17450046 0.23793508 0.17715286 0.40520272 0.33960179 1.00000000 0.32116679 0.21410913 -0.21446065 0.05856483 0.24260483 -0.05980078 -0.30527946 -0.09229406 0.12806546 -0.09437906 -0.03148343 0.28641417 0.19976144 0.25123473 -0.01223438 0.10896549 0.09236254 0.11018909 0.06878053 0.23585647 0.09838746 0.16967285 0.05590371 0.03812941 0.16966748 0.08722808 0.01207910 0.00003338 0.06145979 0.04602138 -0.03034494 0.18318307 0.21150848 0.12598100 -0.00849505 0.14300722 -0.14800167 -0.01062680 -0.00430349 0.08576477 0.11707451
0.11333522 0.03350145 -0.04887981 -0.03296506 0.01376417 0.10595773 -0.09702711 -0.02936693 0.01687514 0.06899702 -0.06232044 -0.01373008 -0.02436143 -0.15036768 0.01119139 -0.06756615 -0.02150161 -0.15848219 -0.07069528 -0.14893612 0.11688450 -0.21413010 0.07063724 -0.27465559 -0.03512935 -0.22083275 0.24281549 0.08542908 0.21914906 0.20946369 0.32921145 0.14855698 0.06419370 0.26173886 0.25360482 0.12070300 0.32116679 1.00000000 0.15805036 -0.04713440 0.07288030 0.11565245 -0.06004493 -0.18068263 -0.17316331 -0.04735878 -0.08214907 -0.06877977 0.08304447 0.05477265 0.21569832 0.00987879 0.03663278 0.02262533 0.07721832 0.01803939 0.09269994 0.01058478 0.13028895 0.00427543 -0.16827957 0.04294296 0.12337874 0.00646624 -0.02312478 -0.01920905 0.02123179 0.04760584 0.02194182 0.12836359 0.03559532 0.00755505 0.21271005 -0.03975904 0.02168833 0.12018992 0.06738041 -0.01706255
0.05520087 0.03422751 -0.15348483 -0.00247549 0.03247208 0.10283831 0.09657903 -0.03691805 0.02828901 0.04195715 0.04321250 -0.06055770 0.05218323 -0.27112604 0.02164613 -0.07625150 -0.00219473 -0.03970571 0.05836138 -0.07972312 0.08198976 -0.12113201 0.06710851 -0.16459228 -0.06330367 -0.00521806 0.41180750 0.18709638 0.23835093 0.24990958 0.14407800 0.22030111 0.12497683 0.21789851 0.21554685 0.32485819 0.21410913 0.15805036 1.00000000 -0.08121764 -0.00794286 0.08062503 0.04788899 -0.13362601 0.02056008 0.06473673 -0.08395716 -0.02789606 0.03782335 0.04686821 0.04503231 -0.03112253 0.05593435 -0.10977509 0.01365200 -0.01230523 -0.00417535 -0.08018300 -0.02077899 0.10983647 0.04937709 -0.02718460 -0.03696892 -0.13591721 -0.10386037 0.15715285 0.07733421 0.00698909 -0.00239039 0.11594970 0.10461333 0.07445850 0.03370486 0.00000611 0.00468774 0.00299493 0.03517275 -0.01069771
-0.13465913 -0.09592060 -0.11838383 -0.07968193 -0.11131755 -0.14625837 -0.11657070 -0.14074876 -0.14039449 -0.14522407 -0.08217909 0.03519441 -0.06543545 0.18239386 -0.07295199 0.14908467 -0.01370630 -0.01815247 0.03298741 -0.01435629 -0.02397238 0.01773053 -0.12299324 0.09945116 0.03642604 -0.06802038 -0.09942913 -0.04906834 -0.09418350 0.08984761 0.08257895 -0.07653270 -0.05806114 0.03461258 -0.14734684 -0.07337869 -0.21446065 -0.04713440 -0.08121764 1.00000000 0.29950470 -0.08885825 0.18208264 0.35606200 0.20012210 0.09799002 0.21385604 0.18330859 -0.01407717 0.06283146 -0.02700337 0.16067866 -0.03319616 -0.05539860 0.08272983 -0.04005148 -0.13262693 -0.02695060 -0.08296736 -0.08044781 -0.05680773 -0.09337428 0.07576313 0.01576054 -0.00079049 -0.01864911 -0.02048405 0.07477504 -0.00587318 -0.09461284 -0.11615125 0.05502217 0.07082933 0.09472721 0.05255597 0.10814406 -0.03271865 -0.12452704
0.02830931 -0.04307337 0.01519708 -0.01125390 0.04272931 0.02197811 -0.02755733 0.07384536 -0.03640744 0.02855758 -0.03839584 0.04362271 0.04255824 0.03475620 -0.08730394 0.08495274 0.00498929 -0.16420371 0.04492601 -0.09787534 0.01217141 -0.10909503 -0.07408590 -0.13921726 0.06499324 -0.15015837 -0.01344316 -0.02304762 0.01900927 0.06105768 0.05056840 -0.00658666 0.07615325 0.07507240 0.10247410 0.09438387 0.05856483 0.07288030 -0.00794286 0.29950470 1.00000000 0.24366272 0.25166631 0.12617281 0.05249019 0.14451519 0.08842570 0.13410236 0.33300599 0.30148894 0.20981112 0.26446547 0.00764465 0.04638376 0.20983890 0.04032222 0.03626639 0.07534688 0.10568660 -0.05360854 -0.03335457 0.01865587 0.17011689 0.07700881 -0.01929421 -0.03771835 0.06950567 0.06109155 0.06747276 0.06838747 0.08301483 0.08421303 0.16112663 0.01816885 0.05628404 0.14268946 0.08626973 -0.00049366
0.10936643 0.13387025 0.05925055 0.06086771 0.08919738 0.12376620 0.03273732 0.14441888 0.09614160 0.13067686 0.06266082 0.02512457 0.04086098 -0.11094144 -0.13884401 -0.02878121 -0.05242047 -0.19909527 0.01352104 -0.21735539 -0.08176688 -0.26287162 0.00235016 -0.29330599 -0.01587554 -0.19216438 0.08521452 0.02609540 0.01518421 0.08727767 -0.02318144 0.10235728 0.08484834 0.04527728 0.16446853 0.10948056 0.24260483 0.11565245 0.08062503 -0.08885825 0.24366272 1.00000000 0.09648052 -0.13719405 0.03999192 0.19548336 0.00631337 0.14291252 0.37114493 0.30413991 0.35010576 0.12575712 0.01980018 0.13591784 0.12073843 0.08169312 0.16440475 0.11357230 0.19631666 -0.02085792 -0.06113063 0.10862057 0.14764298 0.04639059 0.04496917 0.05942669 0.02218294 0.00409860 0.01594370 0.19844364 0.06538742 0.05209665 0.09740791 -0.09441724 -0.03015107 -0.00290128 0.11173090 0.08711068
-0.02764308 0.03257852 0.08139063 0.04931380 0.02785548 -0.02240832 0.19433323 0.07459597 0.08097733 0.02897457 0.06707192 0.05971884 0.18087999 0.06346809 -0.00433740 0.03035768 0.08645059 0.07892995 -0.01760416 -0.01795855 0.04607231 -0.01521172 0.10788248 0.15030706 0.04930821 0.02704122 -0.00839102 -0.01324939 -0.00014260 0.09803454 -0.03427731 -0.03476466 -0.05553303 0.04751279 0.07860609 0.14865519 -0.05980078 -0.06004493 0.04788899 0.18208264 0.25166631 0.09648052 1.00000000 0.16966324 0.17483069 0.16432741 -0.15287515 0.18321484 0.11493536 0.12745083 0.20276850 0.28377292 -0.00892711 -0.05183301 0.06220695 0.09320514 -0.04992835 -0.03773233 0.07247570 -0.03889301 -0.10867168 -0.02501747 0.11434823 0.07624562 -0.00845012 0.05004553 -0.04841108 -0.09116936 -0.06643590 -0.00174304 -0.05758565 -0.01881474 -0.11059391 -0.02167131 -0.05528882 0.11514196 -0.12595558 -0.02980378
-0.16452258 -0.11629286 -0.02670815 0.00892682 -0.06888602 -0.12124139 -0.02282740 -0.03081766 -0.00833548 -0.11685954 -0.00867210 0.06267292 0.03655313 0.25626638 0.07594947 0.10139334 0.15743267 0.09924557 0.02961098 0.19080947 0.06823312 0.21286860 -0.04096024 0.33991098 0.03092448 0.13483445 -0.12656547 -0.07647636 -0.10636946 -0.06504136 0.00355569 -0.08754450 -0.02118362 -0.01021025 -0.16695121 -0.06123361 -0.30527946 -0.18068263 -0.13362601 0.35606200 0.12617281 -0.13719405 0.16966324 1.00000000 0.25027350 0.10930595 0.05021136 0.21901375 -0.07942200 -0.03444792 0.01587208 0.24032465 -0.07334325 -0.13047439 -0.12865962 -0.09074433 -0.17097532 -0.08841918 -0.15077824 -0.12180013 -0.11954725 -0.15590059 -0.14226802 -0.02693538 -0.10215224 -0.03678788 -0.00283460 -0.01607976 -0.09422956 -0.16694067 -0.18298286 -0.12563636 -0.10174011 0.06252643 -0.01156836 -0.02143404 -0.02234979 -0.02300965
-0.12985897 -0.07130289 -0.03069711 -0.03159983 -0.09057498 -0.04734747 0.11997511 -0.00519617 0.02057191 -0.05079386 0.09270629 0.01732123 0.09501464 0.10783997 -0.06187164 -0.03564528 -0.01888703 0.04856435 -0.00125803 0.10495712 -0.03986364 0.06941430 0.05050831 0.17484281 0.03106303 0.16191913 0.04845695 0.01956227 -0.11385571 -0.03412878 -0.00459086 0.01142992 -0.07040894 -0.07018955 -0.06126306 0.02433909 -0.09229406 -0.17316331 0.02056008 0.20012210 0.05249019 0.03999192 0.17483069 0.25027350 1.00000000 0.30127231 0.16614083 0.10881643 0.01873611 0.17257222 -0.02646797 0.23532313 -0.03788327 -0.09301803 -0.12295808 -0.01888025 -0.11989183 -0.02552079 -0.16058067 0.01419575 -0.05819319 -0.14599725 -0.14415402 -0.06063502 0.01017927 0.06453339 0.03822359 -0.03500965 -0.04261902 -0.08462146 -0.03206865 -0.06638354 -0.17594106 0.03572641 -0.04738437 0.00129663 -0.09108114 -0.03207591
0.06123644 0.04945025 0.04521103 0.04182251 0.05875557 0.07704772 0.18916320 0.10052326 0.04364965 0.04151691 0.16942748 -0.00875560 0.15308832 -0.02004563 -0.02182823 0.00456013 0.07656983 -0.02090485 0.03470310 0.08770125 0.01020276 0.02213691 0.05773219 0.04529402 0.00757781 0.12913663 0.12013989 0.09385052 -0.03944523 0.02895720 -0.01562886 -0.03341946 0.05067022 -0.02237652 0.09964033 0.08588744 0.12806546 -0.04735878 0.06473673 0.09799002 0.14451519 0.19548336 0.16432741 0.10930595 0.30127231 1.00000000 -0.00296433 0.15582548 0.33890245 0.31040709 0.12742191 0.19241462 0.00853796 -0.00043417 -0.03807522 0.04298484 -0.04552630 -0.03749906 -0.04818937 0.03594321 0.01575736 -0.01720326 -0.02804679 -0.00372480 0.01752807 0.20601536 0.06285607 -0.01668157 0.07546884 0.07713404 0.07111809 -0.02713851 -0.04294854 0.04476698 0.03172674 -0.03329427 0.00367388 0.05655311
-0.05691223 -0.09740967 -0.11278893 -0.07670867 -0.09648850 -0.04400259 -0.21087317 -0.11285339 -0.11136611 -0.13093221 -0.10453862 -0.06670343 -0.20050824 0.05014377 0.01427231 -0.02297089 -0.12765309 -0.09183872 0.07351861 0.09153178 -0.06914135 0.08193707 -0.16455989 -0.01423188 0.12495206 0.10780905 -0.04371843 0.08531664 0.11444611 -0.02369884 0.07130839 0.02144488 0.01328498 -0.06504539 -0.10329471 -0.16518704 -0.09437906 -0.08214907 -0.08395716 0.21385604 0.08842570 0.00631337 -0.15287515 0.05021136 0.16614083 -0.00296433 1.00000000 0.03605929 -0.09391976 -0.01033504 -0.10873876 -0.03103411 0.02788379 -0.11137221 -0.03834249 -0.07002444 -0.02860703 0.01897216 -0.14692375 -0.03567985 0.07747420 0.00765786 -0.20442468 -0.06993534 0.00485753 0.01603387 0.11287767 0.22102025 0.07707730 -0.04765073 0.05357798 0.06566069 0.10899495 0.19944910 0.08741170 0.01816924 0.18869205 0.06235208
0.01038428 0.03036780 -0.03525226 0.00394929 -0.00618448 -0.01401214 -0.00019437 0.03569448 -0.00106739 0.01942934 0.02494796 -0.01790574 -0.04340665 0.09046106 -0.08380958 0.11200657 0.06766031 0.00236966 0.10051938 0.03417523 -0.07049686 0.01818535 -0.15292145 0.06505470 0.05470715 0.00332148 -0.08683262 0.08283095 -0.04020251 0.03725691 0.07575029 0.07310911 0.11768220 -0.01201591 0.04570468 0.02239860 -0.03148343 -0.06877977 -0.02789606 0.18330859 0.13410236 0.14291252 0.18321484 0.21901375 0.10881643 0.15582548 0.03605929 1.00000000 0.16419756 0.22535788 0.13819975 0.19582607 -0.01808704 -0.01075380 0.05402982 -0.02058882 -0.09178985 -0.05264922 -0.06092692 0.04622046 -0.08758062 0.01845156 0.06305663 0.06347920 0.09815709 0.12283875 0.02107027 -0.06789880 0.05372741 0.07238750 0.00832810 0.03424273 0.07115080 0.01090056 0.03445521 0.05192510 0.06719050 0.05337747
0.15710780 0.10298253 0.15176230 0.03363311 0.13994541 0.12454418 -0.00003700 0.19507517 0.14912216 0.20169170 0.04429037 0.10775937 0.10203032 -0.03015962 -0.22349745 0.03429026 -0.05172036 -0.18763813 0.03414960 -0.22746062 -0.07348069 -0.10012520 -0.03618095 -0.18524138 0.02290659 -0.13723838 -0.00381987 0.02684498 0.02242975 0.01417939 0.01146415 -0.03797839 0.11083969 0.10314042 0.26830539 0.14261804 0.28641417 0.08304447 0.03782335 -0.01407717 0.33300599 0.37114493 0.11493536 -0.07942200 0.01873611 0.33890245 -0.09391976 0.16419756 1.00000000 0.37340954 0.39530104 0.19770618 0.08154944 0.20581672 0.08678170 0.09242054 0.19355679 0.12583709 0.20952418 -0.01641255 -0.05006381 0.20887180 0.17850190 0.09257534 0.06287492 0.02301523 0.08388179 -0.07870326 0.05763043 0.22292173 0.19818492 0.02563164 0.14901542 -0.11056592 0.03156173 -0.00618351 0.06219482 0.08282560
0.09457817 0.09879769 0.01981321 0.01197112 0.08009668 0.07340357 0.09555167 0.08424508 -0.01238646 0.08972970 0.04528204 -0.06275645 0.03874272 -0.07326573 -0.08701312 -0.02241815 -0.12162538 -0.17621500 0.01081096 -0.09970603 -0.01308932 -0.14666036 -0.01863390 -0.13272496 -0.03678902 -0.11576329 0.07055604 -0.01171495 0.03058848 0.01016687 -0.01636180 0.04512974 0.09367413 -0.01424830 0.16778345 0.10685945 0.19976144 0.05477265 0.04686821 0.06283146 0.30148894 0.30413991 0.12745083 -0.03444792 0.17257222 0.31040709 -0.01033504 0.22535788 0.37340954 1.00000000 0.21296045 0.19119972 0.05116027 0.08835435 0.13417533 0.03052433 0.08007279 0.07019051 0.04555813 0.04487086 0.03398595 0.12130934 0.08077355 0.06217683 0.08148087 0.09183539 0.14839065 -0.02242557 0.11362669 0.15744826 0.16720337 0.04746670 0.07534386 -0.06343717 0.02414057 0.06643286 0.11428305 0.10619027
0.10170224 0.08683343 0.10769540 0.03273047 0.09760447 0.08352295 0.03691411 0.10267143 0.11667465 0.17443754 0.04210214 0.02356090 0.11618157 -0.07340739 -0.06644220 -0.01396988 0.00898520 -0.16448556 -0.03602036 -0.18811040 0.04545920 -0.19153606 0.08912299 -0.22632507 -0.10517181 -0.22659053 0.05235717 -0.01419014 -0.01698361 0.04407517 0.05219578 0.02718790 0.02472834 0.05959111 0.11153730 0.10267434 0.25123473 0.21569832 0.04503231 -0.02700337 0.20981112 0.35010576 0.20276850 0.01587208 -0.02646797 0.12742191 -0.10873876 0.13819975 0.39530104 0.21296045 1.00000000 0.29287396 0.04630336 0.11748178 0.13525983 0.02369827 0.11014331 0.05662694 0.21184486 -0.07371218 -0.13627253 0.05902258 0.15826876 0.02202900 -0.03767012 -0.02114688 0.06475772 -0.00609798 0.03143493 0.15686045 0.07573054 0.03336445 0.11627437 -0.09398042 0.03337092 0.04566323 0.00359721 0.04528048
-0.02034568 0.00286556 0.06179658 -0.00747819 -0.04993719 0.00992816 0.08464443 0.05246173 0.02904914 -0.02165264 0.00872370 0.08306313 0.10024471 0.04635158 -0.01067016 0.05333042 0.05072481 -0.01323058 -0.09116148 0.01908267 0.06722421 -0.06394325 0.02549691 0.00802018 -0.00764831 -0.01395646 -0.10187471 -0.05377314 -0.03131739 -0.06291747 -0.02784458 -0.06003844 -0.04861061 -0.04890216 -0.00202589 0.03141294 -0.01223438 0.00987879 -0.03112253 0.16067866 0.26446547 0.12575712 0.28377292 0.24032465 0.23532313 0.19241462 -0.03103411 0.19582607 0.19770618 0.19119972 0.29287396 1.00000000 -0.03274104 -0.02759012 0.03675605 0.06428611 -0.05609256 -0.00740818 0.11578779 -0.04043255 -0.14810054 -0.02706886 0.01237761 0.07210563 -0.04792505 -0.02223140 0.03887594 -0.05672150 -0.01806501 0.02303342 0.03443080 -0.05351010 -0.04251043 -0.06689655 0.00181853 0.01841761 -0.04524462 0.00176715
0.04563997 -0.03632932 -0.06874696 -0.01035756 0.02804359 0.00925637 0.01125277 -0.08024202 0.00458465 0.04033114 -0.06825657 -0.04674807 -0.04584805 -0.05873276 -0.08502571 0.01310220 0.00893021 -0.02383452 -0.01883336 -0.07775723 -0.09491075 -0.02971602 0.02875112 -0.09267231 0.03793067 -0.09274156 0.03128121 0.05008232 0.05214290 0.03979504 0.01779367 0.01196653 0.02761844 0.08881201 0.06918281 0.04218583 0.10896549 0.03663278 0.05593435 -0.03319616 0.00764465 0.01980018 -0.00892711 -0.07334325 -0.03788327 0.00853796 0.02788379 -0.01808704 0.08154944 0.05116027 0.04630336 -0.03274104 1.00000000 0.19583746 0.20108207 0.15776288 0.17382384 0.14852075 0.14082092 0.23199368 0.26057904 0.24064266 0.21287069 0.30821790 0.10240729 0.08184168 -0.00088960 0.01352319 0.06171171 0.08038520 0.04965828 0.06349928 0.07874581 -0.00546188 0.00451063 0.00052424 -0.02112091 0.06824966
0.02434827 0.01829900 0.02537488 0.01464570 0.05261995 0.06868172 -0.05330170 0.00687728 0.01962249 0.10337448 -0.02438951 -0.05255508 -0.00139383 0.03434973 -0.09305735 0.06301915 0.02295185 -0.03079319 -0.00407464 -0.12751849 -0.03287040 -0.00392015 0.02681309 -0.07128759 -0.00580664 -0.12747512 -0.05611704 0.02359377 -0.01550184 0.04184210 -0.00039882 -0.00893473 0.09772961 0.03107037 0.05160108 0.02601623 0.09236254 0.02262533 -0.10977509 -0.05539860 0.04638376 0.13591784 -0.05183301 -0.13047439 -0.09301803 -0.00043417 -0.11137221 -0.01075380 0.20581672 0.08835435 0.11748178 -0.02759012 0.19583746 1.00000000 0.16256104 0.17999076 0.32240859 0.19842389 0.21101734 0.05405034 0.03593138 0.34645521 0.22911744 0.28866294 0.21963027 0.02553754 0.03906214 -0.01267440 0.08809777 0.23309066 0.08036180 0.02135501 0.09096549 -0.11026612 -0.00090675 0.00756161 0.01431294 0.13610953
0.07858122 0.08664773 0.05042154 0.04887002 0.04506794 -0.00609316 0.00680745 0.04535659 0.02071815 0.05632311 0.08365366 0.00935943 0.02083405 0.01850064 -0.08858621 0.09292419 0.02590907 -0.03365713 -0.01911060 -0.23927589 -0.02514334 -0.07692847 0.02623399 -0.14328962 -0.00597818 -0.21580040 -0.06889697 -0.03170646 -0.01038449 0.08616159 0.05719338 -0.00385676 0.01109370 0.06724583 0.09227541 0.04139345 0.11018909 0.07721832 0.01365200 0.08272983 0.20983890 0.12073843 0.06220695 -0.12865962 -0.12295808 -0.03807522 -0.03834249 0.05402982 0.08678170 0.13417533 0.13525983 0.03675605 0.20108207 0.16256104 1.00000000 0.22578662 0.16553850 0.25577860 0.26345847 0.16187026 0.15407100 0.26516613 0.45244567 0.18965626 0.13381769 -0.13019955 -0.05344097 -0.01213362 0.04556666 0.12867640 0.02505010 0.09742765 0.04347517 -0.09956035 0.00761718 0.17499858 -0.03991244 -0.07710136
0.02737608 -0.03189897 0.02412791 0.02847184 0.02266893 0.01571420 0.03945450 -0.01205678 0.02833126 0.07232344 0.06634107 0.00158541 0.00772734 -0.04884566 -0.11919402 -0.05874444 0.00922021 0.02172184 -0.01837850 -0.06948461 -0.08330613 -0.00276082 -0.02134332 -0.06252279 -0.06127627 -0.05379096 0.00783603 0.06307307 0.06793452 0.02004658 0.01968281 0.01858009 0.10057811 0.02708850 0.07901552 0.06062375 0.06878053 0.01803939 -0.01230523 -0.04005148 0.04032222 0.08169312 0.09320514 -0.09074433 -0.01888025 0.04298484 -0.07002444 -0.02058882 0.09242054 0.03052433 0.02369827 0.06428611 0.15776288 0.17999076 0.22578662 1.00000000 0.31281651 0.20322408 0.17676983 0.19208605 0.10935716 0.13560008 0.17995848 0.21252154 0.24102927 0.00798986 0.03933715 0.06286735 0.01568913 0.09474112 0.08051303 0.00499188 0.00522348 -0.02357648 0.01991138 0.06758700 -0.02837962 0.02744083
0.06666100 0.03121936 0.05412723 0.01905010 0.05850501 0.00496707 -0.07523357 0.01020957 0.08363910 0.19768717 -0.05214272 0.11025171 0.01767457 0.01064888 -0.00472281 0.03321064 0.05443913 -0.00461766 0.01060450 -0.13179690 0.01297329 0.06352358 0.07227631 -0.10158296 0.06487658 -0.04651581 0.00683284 -0.01808769 0.14542594 0.02903838 0.02269668 0.01208669 0.16655036 0.08495345 0.19163905 0.13231890 0.23585647 0.09269994 -0.00417535 -0.13262693 0.03626639 0.16440475 -0.04992835 -0.17097532 -0.11989183 -0.04552630 -0.02860703 -0.09178985 0.19355679 0.08007279 0.11014331 -0.05609256 0.17382384 0.32240859 0.16553850 0.31281651 1.00000000 0.35235399 0.37090023 0.02256428 0.05338799 0.22687432 0.23876184 0.29721279 0.04194452 -0.07752736 0.00116192 0.00385263 0.09903104 0.19864365 0.08910700 -0.06043277 0.13517368 -0.13387863 -0.05483288 -0.07132064 0.07640538 0.07022001
0.03857892 0.00426275 0.00038908 0.04127011 0.07632275 0.01502879 -0.03256051 0.02669794 0.10255409 0.08237118 -0.03169416 0.10279916 0.02003183 0.03759933 -0.00057309 0.05627849 0.02543259 -0.03018951 0.02964960 -0.08743443 0.03943793 0.06494142 0.01480577 -0.08211312 0.06590264 -0.04840953 -0.08120619 -0.01044877 0.01626374 -0.01427086 -0.02004533 0.03464678 0.08833429 0.02688673 0.07947444 0.07391986 0.09838746 0.01058478 -0.08018300 -0.02695060 0.07534688 0.11357230 -0.03773233 -0.08841918 -0.02552079 -0.03749906 0.01897216 -0.05264922 0.12583709 0.07019051 0.05662694 -0.00740818 0.14852075 0.19842389 0.25577860 0.20322408 0.35235399 1.00000000 0.25441787 0.13158262 0.02514490 0.24871038 0.18349512 0.16901988 0.04528886 -0.10174515 -0.02122972 0.04393496 0.04740837 0.11645394 0.03414061 -0.02110215 -0.00604203 -0.04152240 -0.06663210 -0.02380658 0.05055953 0.03453109
0.07519264 0.05815934 0.08365321 0.08831641 0.11814866 0.01947074 0.06610054 0.06742968 0.12353313 0.14196291 0.00784894 0.09333699 0.09112270 -0.01008068 -0.03250657 0.06570557 0.03323577 -0.03155318 -0.01931001 -0.19643776 -0.03114149 -0.09152379 0.08299505 -0.12235085 -0.08150047 -0.18399154 -0.02692404 -0.02409465 0.06375127 0.05414230 0.03876275 -0.00475282 0.05538675 0.11362200 0.16564796 0.02765157 0.16967285 0.13028895 -0.02077899 -0.08296736 0.10568660 0.19631666 0.07247570 -0.15077824 -0.16058067 -0.04818937 -0.14692375 -0.06092692 0.20952418 0.04555813 0.21184486 0.11578779 0.14082092 0.21101734 0.26345847 0.17676983 0.37090023 0.25441787 1.00000000 0.03985445 0.01642059 0.25548813 0.31648340 0.27195851 0.02880410 -0.09908899 -0.02709309 -0.01267017 0.03075896 0.12989495 -0.05022659 -0.11851158 0.00524144 -0.10147426 -0.07987887 0.06428448 -0.05254694 0.02141520
0.01341464 0.01057004 -0.10567577 0.06020706 -0.00447299 -0.02656617 0.12684748 -0.06062883 -0.03783515 -0.00120670 0.08577346 -0.16123691 -0.01585038 -0.11594241 -0.03816599 0.06461599 -0.01699343 -0.03770320 0.01664801 0.00191317 -0.01731765 -0.03192207 -0.05512679 -0.01460013 -0.08740743 -0.02099715 0.08405457 0.12986587 0.05831802 0.02567267 -0.04380684 0.14876480 0.08843458 0.00160866 0.05728968 0.05333790 0.05590371 0.00427543 0.10983647 -0.08044781 -0.05360854 -0.02085792 -0.03889301 -0.12180013 0.01419575 0.03594321 -0.03567985 0.04622046 -0.01641255 0.04487086 -0.07371218 -0.04043255 0.23199368 0.05405034 0.16187026 0.19208605 0.02256428 0.13158262 0.03985445 1.00000000 0.26657064 0.09430821 0.10686067 0.04550908 0.27505340 0.14198122 0.06349029 0.01605340 0.12538497 -0.00707202 0.03998512 0.09842256 -0.01176431 0.05856600 0.02666148 0.06782217 -0.01605817 0.07507001
-0.00260689 -0.02376105 -0.02491589 0.00993667 -0.04194829 -0.03641193 0.05086032 -0.04112156 -0.03589977 -0.05678781 0.04975240 -0.12949049 -0.05860147 -0.06267452 -0.05247884 0.00687420 -0.09511530 -0.01430919 -0.02783451 -0.00289253 -0.13100810 0.00592946 -0.06408653 0.03614437 -0.02533178 0.04440210 0.04280252 0.08002050 0.07872641 -0.03755170 -0.09262363 -0.01581757 -0.02479770 -0.05985669 0.05436685 -0.08948176 0.03812941 -0.16827957 0.04937709 -0.05680773 -0.03335457 -0.06113063 -0.10867168 -0.11954725 -0.05819319 0.01575736 0.07747420 -0.08758062 -0.05006381 0.03398595 -0.13627253 -0.14810054 0.26057904 0.03593138 0.15407100 0.10935716 0.05338799 0.02514490 0.01642059 0.26657064 1.00000000 0.26844816 0.06186252 0.03396188 0.18126441 0.09146828 0.08297268 0.08761496 0.01415988 -0.00925388 0.07221020 0.12488441 -0.00381288 0.10215137 0.12780954 0.05700031 0.03291426 0.03568348
0.14274760 0.07448827 -0.00093385 0.02276641 0.14901677 0.06232357 -0.04189758 0.07999732 0.09366820 0.13980099 -0.02974040 0.02704838 -0.00848291 0.00025335 -0.08933599 0.07075957 -0.01469305 -0.11350739 -0.01995291 -0.18304731 -0.11964113 -0.05272274 -0.03543990 -0.10904701 0.02791713 -0.13501877 -0.05195217 0.07864741 0.14259714 0.05648738 -0.04903607 -0.03228892 0.10180966 0.03014023 0.13233205 0.01990958 0.16966748 0.04294296 -0.02718460 -0.09337428 0.01865587 0.10862057 -0.02501747 -0.15590059 -0.14599725 -0.01720326 0.00765786 0.01845156 0.20887180 0.12130934 0.05902258 -0.02706886 0.24064266 0.34645521 0.26516613 0.13560008 0.22687432 0.24871038 0.25548813 0.09430821 0.26844816 1.00000000 0.22559394 0.27285292 0.18636927 0.05692739 0.08122772 0.04255461 0.11255207 0.27989972 0.12402940 0.06290615 0.10633620 -0.05533637 0.03970090 0.05860523 0.17309865 0.12498547
0.04648152 0.05154065 -0.01659980 -0.01211610 0.02941775 -0.05048624 0.00560528 0.03027045 0.05674235 0.09804629 0.02416501 0.01441443 0.02348967 0.07794345 -0.10739660 0.06969556 -0.02197539 0.03766540 -0.05989899 -0.32248648 -0.03098519 -0.12850876 0.01249257 -0.18413944 -0.02777005 -0.33691245 -0.09580861 -0.03229041 -0.06113877 0.10772772 0.03169958 -0.01939299 -0.01450748 0.11663420 0.10960826 0.08991557 0.08722808 0.12337874 -0.03696892 0.07576313 0.17011689 0.14764298 0.11434823 -0.14226802 -0.14415402 -0.02804679 -0.20442468 0.06305663 0.17850190 0.08077355 0.15826876 0.01237761 0.21287069 0.22911744 0.45244567 0.17995848 0.23876184 0.18349512 0.31648340 0.10686067 0.06186252 0.22559394 1.00000000 0.27340543 0.14329257 -0.09391545 -0.08220042 -0.07139601 0.06187232 0.14761537 -0.05062635 0.12813360 0.07775183 -0.11448759 -0.03182042 0.23934359 -0.08512630 -0.16616917
0.03394174 0.06754448 0.02246896 0.02175947 0.10226534 -0.11086136 -0.04124361 0.03455770 0.02743141 0.16284340 -0.04502088 0.07285355 -0.00544422 0.07801692 -0.01987414 0.11773420 0.11360577 0.02459879 -0.00236993 -0.10564093 -0.07400348 -0.02428363 0.02425944 -0.05243863 0.06163590 -0.11729050 -0.15745037 -0.03296361 0.02816036 -0.01691991 -0.00121284 -0.02201471 0.13243836 0.04713717 0.03092283 0.10385668 0.01207910 0.00646624 -0.13591721 0.01576054 0.07700881 0.04639059 0.07624562 -0.02693538 -0.06063502 -0.00372480 -0.06993534 0.06347920 0.09257534 0.06217683 0.02202900 0.07210563 0.30821790 0.28866294 0.18965626 0.21252154 0.29721279 0.16901988 0.27195851 0.04550908 0.03396188 0.27285292 0.27340543 1.00000000 0.10889823 -0.09564855 -0.00097387 -0.04527967 0.02720814 0.06991373 -0.04176089 -0.04784642 0.05696644 -0.08109398 -0.01707374 0.06874045 -0.03084999 0.06088869
0.01591315 0.01502134 -0.07259056 -0.01508074 0.03181955 0.00185771 0.00821950 -0.02034476 -0.01794208 -0.03520746 0.02103747 -0.17476429 -0.03249108 -0.03818167 -0.13778366 0.00930587 -0.10974518 0.01630066 -0.00336412 -0.03527343 -0.17261374 -0.07049377 -0.08201717 -0.00252274 -0.04598676 -0.07103962 0.01629135 0.07202742 -0.03721251 -0.01156828 0.00650970 0.03032100 0.07981480 -0.00179050 0.09534295 -0.09701966 0.00003338 -0.02312478 -0.10386037 -0.00079049 -0.01929421 0.04496917 -0.00845012 -0.10215224 0.01017927 0.01752807 0.00485753 0.09815709 0.06287492 0.08148087 -0.03767012 -0.04792505 0.10240729 0.21963027 0.13381769 0.24102927 0.04194452 0.04528886 0.02880410 0.27505340 0.18126441 0.18636927 0.14329257 0.10889823 1.00000000 0.05146662 0.06988104 -0.00425954 0.03163451 0.09900662 0.06515658 0.07130714 -0.02629511 0.03184629 0.05202200 0.00130372 0.00916802 0.03591336
0.09240601 0.10555291 -0.10482021 0.10712047 0.03847682 0.10294419 0.18824116 0.05336942 0.03019974 -0.02218144 0.14129788 -0.15266963 0.07296362 -0.03085651 -0.03650523 -0.00269567 0.03977431 -0.05786787 0.07459802 0.10229284 -0.04063827 -0.00628422 -0.08413375 -0.03118183 -0.01195614 0.10313697 0.19216788 0.16422256 0.04750187 0.01948136 0.00682531 0.10900143 0.04863179 0.00421836 0.05383487 -0.01737721 0.06145979 -0.01920905 0.15715285 -0.01864911 -0.03771835 0.05942669 0.05004553 -0.03678788 0.06453339 0.20601536 0.01603387 0.12283875 0.02301523 0.09183539 -0.02114688 -0.02223140 0.08184168 0.02553754 -0.13019955 0.00798986 -0.07752736 -0.10174515 -0.09908899 0.14198122 0.09146828 0.05692739 -0.09391545 -0.09564855 0.05146662 1.00000000 0.22540990 0.12592733 0.19982176 0.13592536 0.26978802 0.25527838 0.10297607 0.26290742 0.21164568 0.10358630 0.12266761 0.34178205
0.09653854 -0.07232799 -0.13872128 -0.03926725 -0.04058174 0.00264318 -0.18916649 0.01834014 -0.17266502 0.02411469 -0.11542383 -0.06075000 -0.12151259 -0.07687777 -0.06967297 -0.03157761 -0.07890788 -0.14517909 0.03708823 0.02474084 -0.05282786 -0.02427075 -0.13003277 -0.12017280 0.05066952 -0.01395840 0.06947430 -0.01102195 -0.00244148 -0.00671682 0.07078220 0.03972567 0.04802115 -0.05278205 0.03323968 -0.05019791 0.04602138 0.02123179 0.07733421 -0.02048405 0.06950567 0.02218294 -0.04841108 -0.00283460 0.03822359 0.06285607 0.11287767 0.02107027 0.08388179 0.14839065 0.06475772 0.03887594 -0.00088960 0.03906214 -0.05344097 0.03933715 0.00116192 -0.02122972 -0.02709309 0.06349029 0.08297268 0.08122772 -0.08220042 -0.00097387 0.06988104 0.22540990 1.00000000 0.37891881 0.21206115 0.28024209 0.38210691 0.32433333 0.34155770 0.31064133 0.29673427 0.19923549 0.34925762 0.31115141
0.09048290 -0.15875522 -0.20301879 -0.06078564 -0.05565375 -0.05171503 -0.26796575 -0.07800226 -0.17776321 -0.10163343 -0.22554993 -0.06749472 -0.23863217 -0.02147380 -0.06871750 -0.01833501 -0.05953048 -0.11126204 -0.04428296 0.04168072 -0.04292281 -0.02302400 -0.10240880 -0.06444409 0.01212530 -0.05183696 0.07016602 0.08204682 0.06891614 0.00264225 0.12026263 0.08563381 0.08477214 0.01847089 0.03948832 -0.09508512 -0.03034494 0.04760584 0.00698909 0.07477504 0.06109155 0.00409860 -0.09116936 -0.01607976 -0.03500965 -0.01668157 0.22102025 -0.06789880 -0.07870326 -0.02242557 -0.00609798 -0.05672150 0.01352319 -0.01267440 -0.01213362 0.06286735 0.00385263 0.04393496 -0.01267017 0.01605340 0.08761496 0.04255461 -0.07139601 -0.04527967 -0.00425954 0.12592733 0.37891881 1.00000000 0.10844425 0.13343197 0.16455489 0.25924925 0.31960721 0.34073260 0.24873110 0.19046793 0.30793740 0.30204619
0.08124773 0.10865408 0.03555454 0.04368756 0.06158322 -0.00206414 0.04817995 0.13057076 0.04944580 0.13322216 0.08292002 -0.02374619 0.03363172 -0.02510083 -0.06464131 0.04522341 -0.05100595 -0.05613665 0.00759227 -0.04149910 -0.01542679 -0.00434096 -0.03125113 -0.11000481 0.00900497 -0.06361086 0.01612069 0.07718783 0.04535876 0.08248195 0.03726498 0.02462135 0.04418934 0.02731231 0.05485490 0.00601918 0.18318307 0.02194182 -0.00239039 -0.00587318 0.06747276 0.01594370 -0.06643590 -0.09422956 -0.04261902 0.07546884 0.07707730 0.05372741 0.05763043 0.11362669 0.03143493 -0.01806501 0.06171171 0.08809777 0.04556666 0.01568913 0.09903104 0.04740837 0.03075896 0.12538497 0.01415988 0.11255207 0.06187232 0.02720814 0.03163451 0.19982176 0.21206115 0.10844425 1.00000000 0.22215688 0.31986121 0.25250870 0.15899940 0.05800515 0.11433133 0.17448350 0.18420183 0.30132078
0.22441326 0.14765955 0.04021638 -0.00869937 0.15711338 0.12280637 -0.10090002 0.16086361 0.04998941 0.28203138 -0.02721084 0.02750817 -0.02066977 -0.09387153 -0.07440509 0.05453917 -0.00558923 -0.17655556 0.01030505 -0.19233877 -0.07978676 -0.09122909 -0.02645003 -0.18436842 0.00424543 -0.14444399 0.10006910 0.03535355 0.07156792 0.08889935 0.03311829 0.07342796 0.09154742 0.09556586 0.21299700 0.08987311 0.21150848 0.12836359 0.11594970 -0.09461284 0.06838747 0.19844364 -0.00174304 -0.16694067 -0.08462146 0.07713404 -0.04765073 0.07238750 0.22292173 0.15744826 0.15686045 0.02303342 0.08038520 0.23309066 0.12867640 0.09474112 0.19864365 0.11645394 0.12989495 -0.00707202 -0.00925388 0.27989972 0.14761537 0.06991373 0.09900662 0.13592536 0.28024209 0.13343197 0.22215688 1.00000000 0.35172983 0.16604688 0.25112384 -0.08659692 0.14009607 0.10683742 0.30360640 0.24352914
0.15762139 0.01703864 -0.03806846 -0.01843963 0.04283760 0.13420311 -0.13444353 0.10401970 -0.05048108 0.14945561 -0.00559068 -0.02359366 -0.05217785 -0.11168941 -0.05661535 -0.07145098 -0.01225466 -0.14345389 0.05260986 -0.04021675 0.00022438 0.00024112 -0.12092095 -0.16606088 0.07926310 0.05094581 0.09534575 0.06383349 0.07261330 -0.05028722 0.00945152 0.01238864 0.03653310 0.00276725 0.09536378 0.06693689 0.12598100 0.03559532 0.10461333 -0.11615125 0.08301483 0.06538742 -0.05758565 -0.18298286 -0.03206865 0.07111809 0.05357798 0.00832810 0.19818492 0.16720337 0.07573054 0.03443080 0.04965828 0.08036180 0.02505010 0.08051303 0.08910700 0.03414061 -0.05022659 0.03998512 0.07221020 0.12402940 -0.05062635 -0.04176089 0.06515658 0.26978802 0.38210691 0.16455489 0.31986121 0.35172983 1.00000000 0.31787285 0.25524145 0.10031869 0.16093393 0.10750265 0.31833644 0.27510012
0.11313157 0.00407978 -0.10457569 -0.05603481 -0.02535947 0.01179944 -0.11663968 0.02478291 -0.11982926 -0.01945772 -0.00517373 -0.10334071 -0.08275895 -0.05031978 -0.10204658 0.05732115 -0.07134341 -0.03457683 0.10943523 -0.08359850 -0.01047396 -0.09082524 -0.08314757 -0.15174062 0.00954572 -0.06810004 -0.02217410 -0.03294255 0.01865470 -0.00554041 0.03136969 0.06779201 0.00837877 -0.03684759 -0.00136505 -0.02386338 -0.00849505 0.00755505 0.07445850 0.05502217 0.08421303 0.05209665 -0.01881474 -0.12563636 -0.06638354 -0.02713851 0.06566069 0.03424273 0.02563164 0.04746670 0.03336445 -0.05351010 0.06349928 0.02135501 0.09742765 0.00499188 -0.06043277 -0.02110215 -0.11851158 0.09842256 0.12488441 0.06290615 0.12813360 -0.04784642 0.07130714 0.25527838 0.32433333 0.25924925 0.25250870 0.16604688 0.31787285 1.00000000 0.22969075 0.24887726 0.43282183 0.30580370 0.18188222 0.15646827
0.06368194 -0.21791510 -0.26337834 -0.08403410 -0.15896560 -0.01369550 -0.43689896 -0.15883670 -0.29333697 0.03134348 -0.24224367 -0.10295700 -0.37296783 -0.10687019 -0.15794096 0.04695374 -0.10510623 -0.21015752 0.12148509 -0.11337877 0.02001653 -0.13560017 -0.20422531 -0.29671197 0.13087642 -0.17956094 0.03260152 0.06257259 0.11486537 0.07204271 0.13603710 0.07311148 0.12926759 0.00912813 0.08210746 0.13464481 0.14300722 0.21271005 0.03370486 0.07082933 0.16112663 0.09740791 -0.11059391 -0.10174011 -0.17594106 -0.04294854 0.10899495 0.07115080 0.14901542 0.07534386 0.11627437 -0.04251043 0.07874581 0.09096549 0.04347517 0.00522348 0.13517368 -0.00604203 0.00524144 -0.01176431 -0.00381288 0.10633620 0.07775183 0.05696644 -0.02629511 0.10297607 0.34155770 0.31960721 0.15899940 0.25112384 0.25524145 0.22969075 1.00000000 0.28147255 0.18729328 0.26957577 0.46397178 0.22020778
0.00410790 -0.24626748 -0.26820578 0.04410643 -0.16311771 -0.01977568 -0.16090169 -0.19018438 -0.22490072 -0.20423457 -0.07836563 -0.17045043 -0.19630661 0.01308267 0.03332053 -0.03618313 -0.02863342 -0.05314266 0.03040019 0.08459117 -0.04865858 0.05947842 -0.19770586 0.02287017 0.08022700 0.03733542 0.02059168 0.14289510 0.04296258 0.02090164 0.06969545 0.04253562 0.02544486 -0.02065724 0.00495509 -0.10256757 -0.14800167 -0.03975904 0.00000611 0.09472721 0.01816885 -0.09441724 -0.02167131 0.06252643 0.03572641 0.04476698 0.19944910 0.01090056 -0.11056592 -0.06343717 -0.09398042 -0.06689655 -0.00546188 -0.11026612 -0.09956035 -0.02357648 -0.13387863 -0.04152240 -0.10147426 0.05856600 0.10215137 -0.05533637 -0.11448759 -0.08109398 0.03184629 0.26290742 0.31064133 0.34073260 0.05800515 -0.08659692 0.10031869 0.24887726 0.28147255 1.00000000 0.29104866 0.21119773 0.31460833 0.14976770
0.10927194 -0.00398473 -0.04948929 0.04593702 -0.05614974 0.00598213 -0.06081856 0.06560589 -0.16584734 -0.13073494 0.08119478 -0.07629480 -0.10092818 -0.00307815 -0.11924461 0.00938164 0.00500252 -0.07113095 0.08443921 -0.00991616 -0.01940860 0.00051090 -0.15176517 -0.05081725 -0.01391292 0.03247878 -0.00797216 0.03710644 0.03251389 -0.03033374 0.08138114 0.02577811 0.03376229 -0.10786947 -0.00379696 -0.04014852 -0.01062680 0.02168833 0.00468774 0.05255597 0.05628404 -0.03015107 -0.05528882 -0.01156836 -0.04738437 0.03172674 0.08741170 0.03445521 0.03156173 0.02414057 0.03337092 0.00181853 0.00451063 -0.00090675 0.00761718 0.01991138 -0.05483288 -0.06663210 -0.07987887 0.02666148 0.12780954 0.03970090 -0.03182042 -0.01707374 0.05202200 0.21164568 0.29673427 0.24873110 0.11433133 0.14009607 0.16093393 0.43282183 0.18729328 0.29104866 1.00000000 0.25364758 0.19289155 0.22533527
0.06990092 0.04192703 -0.12072054 -0.02413394 -0.01025877 -0.06261672 0.00705140 -0.05418992 -0.03655139 -0.07350749 0.08515197 -0.12173475 -0.03414631 0.01674465 0.00252094 0.06572689 -0.05148658 0.00345854 0.02405502 -0.11843149 0.03886696 -0.04519783 0.00970224 -0.07231278 0.05425538 -0.16934030 0.01629795 0.00137273 0.03887886 0.05416065 0.06998516 0.03529834 -0.04775776 0.15426600 0.01289718 0.05572188 -0.00430349 0.12018992 0.00299493 0.10814406 0.14268946 -0.00290128 0.11514196 -0.02143404 0.00129663 -0.03329427 0.01816924 0.05192510 -0.00618351 0.06643286 0.04566323 0.01841761 0.00052424 0.00756161 0.17499858 0.06758700 -0.07132064 -0.02380658 0.06428448 0.06782217 0.05700031 0.05860523 0.23934359 0.06874045 0.00130372 0.10358630 0.19923549 0.19046793 0.17448350 0.10683742 0.10750265 0.30580370 0.26957577 0.21119773 0.25364758 1.00000000 0.00157474 -0.06537492
0.10119116 -0.21981990 -0.24335209 -0.11407437 -0.06312533 0.09195760 -0.36661350 -0.03595095 -0.22786612 0.06935891 -0.21536717 -0.05568279 -0.34228061 -0.11348959 -0.09979753 -0.07120095 -0.06372975 -0.25955846 0.03539953 -0.05984822 -0.06671321 -0.10286221 -0.21830234 -0.14649483 0.03520342 0.00955783 0.06868386 0.05824176 0.19121385 0.05202476 0.04092942 0.06466243 0.17092244 -0.06185991 0.10373648 -0.02480912 0.08576477 0.06738041 0.03517275 -0.03271865 0.08626973 0.11173090 -0.12595558 -0.02234979 -0.09108114 0.00367388 0.18869205 0.06719050 0.06219482 0.11428305 0.00359721 -0.04524462 -0.02112091 0.01431294 -0.03991244 -0.02837962 0.07640538 0.05055953 -0.05254694 -0.01605817 0.03291426 0.17309865 -0.08512630 -0.03084999 0.00916802 0.12266761 0.34925762 0.30793740 0.18420183 0.30360640 0.31833644 0.18188222 0.46397178 0.31460833 0.19289155 0.00157474 1.00000000 0.26274761
0.08053753 -0.01123803 -0.00684192 0.05047235 0.05994862 0.17285023 -0.05986638 0.12233100 0.02176726 0.14935138 -0.06338522 0.03181768 0.01293635 -0.02244031 -0.01987840 -0.00843163 0.01513664 -0.11011606 0.01300535 0.08547401 0.00359055 0.03646806 -0.10086918 0.00243127 0.04250010 0.08594900 0.02265373 0.10761690 0.08811557 -0.07742259 0.02120171 0.09455962 0.13087661 -0.07213608 0.02910062 0.02721433 0.11707451 -0.01706255 -0.01069771 -0.12452704 -0.00049366 0.08711068 -0.02980378 -0.02300965 -0.03207591 0.05655311 0.06235208 0.05337747 0.08282560 0.10619027 0.04528048 0.00176715 0.06824966 0.13610953 -0.07710136 0.02744083 0.07022001 0.03453109 0.02141520 0.07507001 0.03568348 0.12498547 -0.16616917 0.06088869 0.03591336 0.34178205 0.31115141 0.30204619 0.30132078 0.24352914 0.27510012 0.15646827 0.22020778 0.14976770 0.22533527 -0.06537492 0.26274761 1.00000000
