1.00000000 0.32340507 0.00485717 0.29554967 0.44586356 0.23205996 0.03358574 0.39186322 0.25694500 0.09668341 0.25193018 0.07956610 -0.07377675 0.15252200 -0.08699707 0.01588263 -0.00040435 -0.12475495 -0.13406085 0.01240726 0.02105379 0.11099150 -0.01824947 0.07617380 0.12215221 -0.00683810 -0.19939276 0.00644282 0.06003494 -0.06818594 -0.07634066 -0.10029147 0.03529285 -0.07574265 0.13585762 -0.01827970 -0.15619851 -0.24857893 -0.08329525 0.12012155 0.10932379 -0.21911944 -0.07157245 0.00663567 0.08052259 -0.11648936 0.17234461 0.14857700 0.00457602 0.03766056 -0.09896227 -0.34470258 0.14814348 0.14228802 0.15595069 0.04923697 0.13382275 -0.00445099 0.01544481 0.11737306 0.05524095 0.19956293 0.26959056 0.15132476 0.10465416 -0.06356244 0.12393337 0.23210485 -0.07399092 0.01548732 -0.02288203 0.04096688 0.18945425 0.13101332 -0.07710725 -0.17213865 0.03683652 0.19733821
0.32340507 1.00000000 0.19739189 0.41400827 0.24942340 0.34129667 0.13928771 0.45790162 0.29946757 0.21007145 0.37337085 0.10489084 0.06652855 0.28075240 0.00155965 0.03394945 -0.06596751 -0.12590480 -0.03431173 -0.02878092 -0.11120469 0.11982813 -0.04961792 0.13515544 0.17237803 -0.00061752 -0.23901166 0.10526235 0.20762214 0.10594015 -0.18310866 0.05093951 0.24405183 -0.15914907 0.26475700 -0.17729091 -0.27882278 -0.27404412 -0.02698442 0.15277044 0.36245082 -0.22477639 0.07546514 0.08552873 0.04926339 0.01316686 0.25486650 0.31090967 0.28294214 0.17658083 -0.13647395 -0.12663628 0.03712427 0.07079406 0.10993460 0.05125143 0.15592099 -0.04772548 0.16798424 -0.06996785 0.03250103 0.33426677 0.33591722 0.10546476 0.12091586 -0.00520617 0.24340334 0.27402342 0.00155083 0.08634261 -0.00942983 0.11238717 0.13644022 0.26688329 -0.06969223 -0.15908078 0.00997775 0.33611382
0.00485717 0.19739189 1.00000000 0.07009772 0.07663282 0.09970590 0.16310538 0.17087583 0.33150240 0.27389938 0.24728152 0.18154877 0.21292019 0.10460458 0.05233821 0.09217473 -0.03078223 0.06387459 0.10550241 -0.09112470 0.04467279 0.01130999 -0.09961798 0.02686712 0.00253538 -0.04557038 0.04920028 -0.05584304 -0.02832368 -0.02191455 0.04576277 -0.03241472 0.01814197 -0.00583781 -0.09090162 0.03426328 0.06243421 0.01977428 -0.08335254 -0.06405494 -0.04330971 -0.00246540 0.02101845 -0.07181917 -0.07120996 -0.08939385 -0.07348345 -0.02343116 0.06604447 -0.01062569 0.05415548 -0.01332082 -0.01623576 0.07794566 0.02677050 0.00553246 0.08719263 0.13777874 0.11274002 -0.02837360 -0.04975095 0.02184321 0.04394547 0.07817968 0.03209853 -0.02454947 -0.00613213 -0.07270137 0.08645180 0.11899176 0.06280498 0.01352234 -0.04996293 -0.06444671 0.02943379 -0.02273309 -0.00712164 0.03981577
0.29554967 0.41400827 0.07009772 1.00000000 0.26996356 0.29848834 0.27347893 0.36958857 0.27245030 0.07620160 0.19924929 0.10299655 0.13765486 0.13607769 -0.05646247 -0.03866202 -0.04836325 -0.17720380 -0.09498173 0.00740500 -0.07063214 0.00551905 0.02453280 0.08462568 0.06554196 -0.04385419 -0.17362977 0.11661798 0.18234642 0.11959300 -0.11096885 0.02776228 0.14409404 -0.08855712 0.19624241 -0.08110394 -0.23245261 -0.17933243 0.05112438 0.13301521 0.26798060 -0.15035603 0.04103186 0.12281765 0.12282550 0.06114735 0.23732590 0.20289872 0.14990681 0.13236231 -0.05533440 -0.08310706 0.03555276 0.01205950 0.03942779 -0.00006791 0.05274924 -0.09163508 0.05925429 0.05550682 0.02952674 0.14382080 0.23266538 0.05575994 0.09914507 0.00674092 0.17638528 0.29241654 -0.03158907 -0.07032928 -0.01516937 0.11328750 0.10132076 0.28042165 -0.04579257 -0.07103075 0.01324374 0.25639387
0.44586356 0.24942340 0.07663282 0.26996356 1.00000000 0.18895445 0.06131671 0.37256257 0.38393130 0.07402944 0.07120994 0.26202953 -0.02225363 0.12234568 -0.11851432 -0.00575292 -0.06614663 -0.10977192 -0.07410399 0.01366771 -0.03128638 0.10791573 0.01284815 0.05834933 0.13200608 -0.04473440 -0.14841996 0.03579696 0.05080905 -0.11401156 -0.01738613 -0.05608133 0.05440984 -0.07660311 0.11014876 0.00444188 -0.07082964 -0.18959546 -0.07535940 0.14434423 0.10020755 -0.16384773 -0.11665142 0.05639068 0.03371810 -0.10338039 0.12729792 0.11580031 0.03081435 0.07199127 -0.03881697 -0.30960570 0.20356438 0.13972437 0.16881910 0.03218516 0.16566919 0.05267673 -0.05206116 0.11285870 0.03881735 0.17052131 0.22336309 0.16217977 0.02716343 -0.08747846 0.06987948 0.16384518 -0.10275619 -0.04351568 -0.05350447 -0.04108923 0.09280356 0.05849570 -0.10622844 -0.13697896 -0.07339722 0.14409323
0.23205996 0.34129667 0.09970590 0.29848834 0.18895445 1.00000000 0.31967282 0.38116591 0.23469633 0.27899054 0.22378329 0.04351721 0.14774887 0.07216909 0.01078778 -0.01783836 -0.02660492 -0.15479921 -0.07244185 0.00689902 -0.07267156 -0.01847598 0.05472753 0.09378305 0.03647358 -0.03839263 -0.11321655 0.15819454 0.18024186 0.12391152 -0.08714334 0.07186973 0.20865645 -0.04536736 0.18405167 -0.06671985 -0.12615194 -0.12125350 0.03911993 0.00324499 0.17979573 -0.11827028 0.09954272 0.01723361 0.04851421 0.10038284 0.14638338 0.21814102 0.17928110 0.08529028 -0.08423888 -0.04309572 -0.00245200 0.04359300 0.04385593 0.01050981 0.06559832 -0.06460555 0.12042116 -0.00921166 0.04232733 0.20134444 0.21841632 0.07454519 0.20056382 -0.00559470 0.12416658 0.20814194 -0.03232675 0.05761796 -0.00574518 0.08109561 0.06009294 0.12595224 -0.02719260 -0.16020096 0.02655074 0.21991166
0.03358574 0.13928771 0.16310538 0.27347893 0.06131671 0.31967282 1.00000000 0.27845498 0.24519574 0.16256676 0.11081240 0.00701102 0.22468620 -0.02543499 -0.01240830 -0.04169509 -0.07540106 -0.15128918 -0.04807613 -0.03714167 -0.07955097 -0.12535313 0.04930966 0.03158538 -0.08385758 -0.10783475 -0.06371952 0.10353186 0.13577896 0.05901109 -0.05579149 0.06872911 0.07294179 -0.06735134 0.10261192 -0.07375321 -0.13624041 -0.08820693 0.03473065 0.03550993 0.08349002 -0.00686555 -0.00769072 0.06491255 0.04439199 0.04157265 0.14114429 0.05964041 0.08003915 0.08248126 0.03502126 0.02691459 -0.00210348 -0.04184399 -0.04382921 -0.03316581 -0.03920697 -0.07140002 0.01726398 -0.02552025 0.03598982 0.00922833 0.07609750 0.05014469 0.10254835 0.02264245 0.10532270 0.18012930 0.00851755 -0.06708498 -0.00269444 0.04118004 -0.00502420 0.15916357 0.09215840 0.04916565 -0.06560544 0.16766753
0.39186322 0.45790162 0.17087583 0.36958857 0.37256257 0.38116591 0.27845498 1.00000000 0.41657206 0.14631997 0.15628621 0.09974974 -0.02409223 0.12977414 -0.11479668 0.01055996 -0.15154055 -0.24006821 -0.10300957 -0.08114730 -0.16019645 0.02212563 0.04514058 0.08818003 0.08573375 -0.13789572 -0.23633203 0.13916882 0.30644674 0.06125170 -0.12106712 0.02604933 0.24227886 -0.16004949 0.30772937 -0.02949535 -0.20758413 -0.24447738 -0.00771724 0.15586163 0.26845091 -0.20104318 -0.08546305 0.13009162 0.03997169 -0.04686142 0.32852344 0.21718671 0.17407356 0.16933974 -0.04825732 -0.28395204 0.12822093 0.14871063 0.17427391 0.06467368 0.23441608 -0.02898649 0.08242182 0.01686901 0.07464864 0.32892178 0.33444666 0.20784358 0.18893085 -0.01114837 0.21741164 0.38802171 -0.08093889 -0.01642945 0.05179870 0.02801385 0.17933561 0.22055270 -0.04551002 -0.11496651 0.00555157 0.37389994
0.25694500 0.29946757 0.33150240 0.27245030 0.38393130 0.23469633 0.24519574 0.41657206 1.00000000 0.23176790 0.20481114 0.28050508 0.24628998 0.05089422 -0.05569457 0.00068364 -0.05806061 -0.08292059 -0.04845844 -0.07343237 -0.03913964 0.02078830 0.00870021 -0.00435247 0.03513234 -0.05980349 -0.08380005 0.02196925 0.11942196 -0.01858145 -0.04913232 -0.02550878 0.09715304 -0.10099549 0.10642220 0.01244832 -0.05348582 -0.13527841 0.00252891 0.05045589 0.12776671 -0.08435135 -0.02561831 0.00318660 0.00423883 -0.06453082 0.09943403 0.09802422 0.10003814 0.10244161 0.04908866 -0.11048502 0.02568317 0.11080448 0.06478330 0.02082072 0.12127884 0.03388821 0.03146674 0.01434343 -0.02377854 0.15665732 0.15774907 0.07735136 0.06610677 -0.02654426 0.10537068 0.13638270 0.04579454 -0.03773692 0.04331127 -0.00062043 0.03256385 0.12144239 -0.02285922 -0.06262658 -0.03770965 0.21836108
0.09668341 0.21007145 0.27389938 0.07620160 0.07402944 0.27899054 0.16256676 0.14631997 0.23176790 1.00000000 0.10387256 0.27285405 0.22354131 -0.03045371 0.05439922 -0.02646091 0.02815920 -0.03475312 0.00290811 0.05555323 0.03949193 0.00171967 0.04909973 0.00143958 -0.00122096 0.06556340 0.00712913 0.01669768 0.05844209 0.02972916 -0.07041771 -0.00045087 0.11956782 0.00391592 0.03455768 -0.05345498 0.04163167 -0.00535957 -0.00163175 -0.09564290 0.05774931 -0.03051027 0.09128212 -0.07036032 0.04100963 0.10751412 -0.01937305 0.10173452 0.18996201 0.05777680 -0.00335453 0.09433695 -0.03760696 0.09480743 0.00031874 0.05186268 0.09219059 0.02354385 0.14631250 -0.01106312 -0.09507609 0.12653426 0.06581780 0.06919658 0.11166740 -0.00927699 0.01525570 -0.02930554 0.06165539 0.08159106 0.07571218 0.05113569 0.01857991 -0.03452962 -0.05543136 -0.09101470 0.06603908 0.05283128
0.25193018 0.37337085 0.24728152 0.19924929 0.07120994 0.22378329 0.11081240 0.15628621 0.20481114 0.10387256 1.00000000 -0.06622488 0.08338481 0.16683465 -0.02885018 0.06865882 -0.03824944 0.00724219 0.01880470 -0.06414336 -0.06601625 0.04268151 -0.14465106 0.05660773 0.11327015 0.03313227 -0.04078260 0.05735249 0.02536459 0.03765515 -0.10823526 0.00256816 0.11094026 -0.09583037 0.02638616 -0.06644594 -0.15346405 -0.15956921 -0.07351804 0.02392568 0.15108363 -0.09959556 0.18543878 -0.05986983 0.01287752 -0.03111317 0.08387676 0.19639743 0.15869231 0.09496339 -0.11581925 -0.03775065 -0.07462759 0.04010638 0.01984561 0.01392020 -0.00041545 0.00962175 0.07845561 0.02452947 0.01782566 0.15177885 0.14284007 0.02890811 0.09944792 0.06469607 0.10999071 0.05686372 0.03202392 0.10311487 0.01042395 0.16753245 0.06958819 0.07695249 0.02254156 -0.06335068 0.03119601 0.14758170
0.07956610 0.10489084 0.18154877 0.10299655 0.26202953 0.04351721 0.00701102 0.09974974 0.28050508 0.27285405 -0.06622488 1.00000000 0.15783757 -0.00752365 0.04932828 -0.04580252 0.04614418 0.06153247 -0.00853318 -0.00187195 0.02552323 0.07751549 0.02774325 -0.03007346 0.01944385 0.06148922 -0.05340170 -0.05930112 -0.01477562 -0.05312303 -0.04291055 -0.06323223 -0.00209983 0.01274796 0.00363882 -0.00468368 0.01606395 0.03390343 -0.02330002 0.03212761 0.05975716 0.00700424 0.02194114 0.03558308 -0.02464922 0.03102532 -0.03061460 0.03207216 0.04836131 -0.02493623 0.11498223 0.02196294 0.03582301 0.05478774 -0.02803653 0.01031462 0.14011569 0.05091323 0.01314034 -0.07523327 -0.10502590 0.03508006 0.02095979 0.04303044 -0.04990184 -0.07359058 0.00198843 0.03258372 0.06429656 -0.01447153 0.02780183 -0.04057758 -0.04016833 -0.02606911 -0.00552508 -0.02637394 0.02271415 0.03787920
-0.07377675 0.06652855 0.21292019 0.13765486 -0.02225363 0.14774887 0.22468620 -0.02409223 0.24628998 0.22354131 0.08338481 0.15783757 1.00000000 -0.05283488 0.06063891 -0.04823529 0.06069081 0.03523814 0.05208726 -0.01838747 0.15372892 -0.04429477 0.04154622 -0.12696906 -0.11588139 0.05179772 0.12895273 -0.03551762 -0.01512426 0.02569810 0.00459735 0.09021115 0.02971721 -0.03659839 -0.04765292 0.02469134 0.05689827 0.05276182 0.14864438 -0.13828107 0.03991089 0.06144583 0.10008982 -0.06335410 0.07087505 0.10801251 -0.04542372 -0.00390940 0.03341403 0.02682097 0.01058533 0.24449500 -0.17654583 -0.08135359 -0.13685844 -0.07248699 -0.15468553 0.00810300 0.00546673 -0.04848084 -0.21430520 -0.06823540 -0.10161620 -0.11797696 -0.07821737 -0.02557856 -0.03339246 -0.11879479 0.13102348 -0.06961439 -0.01052967 0.00392877 -0.13322984 0.01848508 0.04873142 0.02150024 -0.03270160 0.00744037
0.15252200 0.28075240 0.10460458 0.13607769 0.12234568 0.07216909 -0.02543499 0.12977414 0.05089422 -0.03045371 0.16683465 -0.00752365 -0.05283488 1.00000000 0.34275879 0.26472650 0.08657922 0.10190970 0.09916349 0.23545278 0.12525917 0.43035357 -0.04320122 0.52259162 0.47023631 0.13859481 -0.29731193 0.13451366 -0.00173007 -0.05507804 -0.06034583 -0.07226629 0.06731842 -0.01053683 -0.07923469 -0.19273558 -0.26676361 -0.23789966 -0.26262554 0.14302179 0.17708751 -0.24456370 0.14277990 0.10601627 0.06580935 -0.01296063 0.14762082 0.28867191 0.15735624 -0.05449474 -0.27510610 -0.15624159 0.21508017 0.11947423 0.23789165 0.03315410 0.10174843 0.08570943 0.17813729 0.09456724 0.08740201 0.25516068 0.35127931 0.14454668 0.08859500 -0.06685795 0.13013628 0.08506744 -0.13897640 0.05712732 -0.03637772 0.06164195 0.03675520 0.13176136 -0.07554502 -0.15433888 0.06708308 0.13360943
-0.08699707 0.00155965 0.05233821 -0.05646247 -0.11851432 0.01078778 -0.01240830 -0.11479668 -0.05569457 0.05439922 -0.02885018 0.04932828 0.06063891 0.34275879 1.00000000 0.09339005 0.38310112 0.24554421 0.21037273 0.46528920 0.41365530 0.28898004 0.19121944 0.46228078 0.39926860 0.44395594 -0.06328453 0.07020914 -0.10818951 -0.10188186 0.09097463 -0.13344952 0.01922679 0.14140382 -0.25849052 -0.05910719 -0.06982830 -0.02596861 -0.09212805 -0.22911644 -0.11747850 -0.19480174 0.14691649 -0.03477531 0.05646608 0.21720407 -0.09017796 0.14691587 0.06732706 -0.29957050 -0.30571066 0.11754698 0.02821960 0.05873286 0.07319720 0.01953979 0.00895287 0.03578723 0.18080248 0.02386132 -0.08228390 0.02923187 0.08948379 -0.03881448 0.06518391 -0.14391237 -0.02667769 -0.14115818 -0.01886986 -0.09286118 -0.02924700 0.05235664 -0.12686087 -0.01387475 0.00386757 -0.09776774 0.01736277 -0.09326722
0.01588263 0.03394945 0.09217473 -0.03866202 -0.00575292 -0.01783836 -0.04169509 0.01055996 0.00068364 -0.02646091 0.06865882 -0.04580252 -0.04823529 0.26472650 0.09339005 1.00000000 0.19312422 0.24583133 0.27119219 0.19410814 -0.01695602 0.28235871 0.07623091 0.36388172 0.27670350 0.08214459 -0.05715821 0.10627399 -0.09839046 0.13431001 -0.02007633 -0.01706501 0.00425727 0.10763462 -0.00564707 0.02615775 -0.01058088 0.02495188 -0.15477679 0.04654504 -0.05916881 0.01169396 0.06547721 -0.08721418 -0.17525315 -0.14770143 -0.06348389 0.04912059 0.09875011 -0.04299059 -0.00325875 -0.07839661 0.04825762 0.07696911 0.06330580 0.05843353 0.00972113 0.06262656 0.10472670 0.03476028 0.11076463 0.05057837 0.08772853 0.07590249 0.06439024 0.08179861 0.02261546 -0.02971348 -0.07624392 0.13808231 0.05566129 0.03433811 0.06224309 -0.02980350 0.03715451 -0.00505924 0.11753159 0.05418756
-0.00040435 -0.06596751 -0.03078223 -0.04836325 -0.06614663 -0.02660492 -0.07540106 -0.15154055 -0.05806061 0.02815920 -0.03824944 0.04614418 0.06069081 0.08657922 0.38310112 0.19312422 1.00000000 0.46598739 0.30546140 0.57186870 0.34765788 0.48892517 0.30628559 0.31001181 0.43331608 0.67755155 0.06548257 0.09901345 -0.10135783 0.04537246 0.14289218 -0.03829112 0.09077707 0.18174763 -0.16392950 0.06475300 0.07423440 0.09513590 0.01694945 -0.28205079 -0.11599729 -0.14124653 0.22206195 -0.14320778 0.00472835 0.16265446 -0.13946952 0.12874610 0.00924739 -0.28769379 -0.25398485 0.08385027 -0.03862142 0.02548209 -0.05207765 -0.04804591 -0.02545381 -0.00165697 0.09533064 0.03289172 -0.15405984 -0.04404659 0.06815863 0.01074699 -0.02512593 -0.09562934 -0.07157469 -0.13832970 -0.03189014 -0.04695214 -0.05385644 0.03608779 -0.12444540 -0.05295853 -0.02957104 -0.08346770 0.02460241 -0.10504833
-0.12475495 -0.12590480 0.06387459 -0.17720380 -0.10977192 -0.15479921 -0.15128918 -0.24006821 -0.08292059 -0.03475312 0.00724219 0.06153247 0.03523814 0.10190970 0.24554421 0.24583133 0.46598739 1.00000000 0.29498678 0.35422412 0.19297290 0.31775204 0.16282440 0.31846863 0.40539532 0.43840284 0.17465321 -0.02637804 -0.25406179 -0.06045347 0.14999212 -0.16930518 -0.07190642 0.18883658 -0.33263613 0.11190897 0.15991607 0.13473007 -0.03113948 -0.20830334 -0.28290635 0.04780571 0.13661972 -0.20031937 -0.06849311 -0.00185444 -0.29662259 -0.04287343 -0.07581476 -0.25200765 -0.08945050 0.15702740 -0.07587683 0.02283856 -0.00433904 0.00129838 -0.03463551 0.12201751 0.06793267 0.05491174 -0.09498441 -0.15521945 -0.10254148 -0.06626575 -0.03760131 -0.04109468 -0.13831662 -0.22878536 0.01146375 0.01249787 0.01759771 0.05112488 -0.11390956 -0.17918607 0.11775447 0.06919144 0.01103265 -0.16343103
-0.13406085 -0.03431173 0.10550241 -0.09498173 -0.07410399 -0.07244185 -0.04807613 -0.10300957 -0.04845844 0.00290811 0.01880470 -0.00853318 0.05208726 0.09916349 0.21037273 0.27119219 0.30546140 0.29498678 1.00000000 0.28870257 0.23923129 0.26623953 0.16327223 0.10805115 0.28089486 0.33967958 0.05129817 0.00467996 -0.14468389 0.01250562 0.03223356 0.01048132 0.10031505 0.06178173 -0.12291432 0.00299522 0.09945386 0.05388462 -0.03718318 -0.15524533 -0.08971977 -0.03112796 0.12223756 -0.13994887 -0.02006719 0.06619330 -0.09978136 0.08601835 0.07527288 -0.15152731 -0.14095776 0.09178370 -0.03977567 -0.00508998 0.00801256 -0.00455737 -0.07531651 0.04997223 0.09485126 0.05846903 -0.05399418 -0.04045935 -0.00570995 0.00070746 -0.00055737 -0.02081939 -0.04589483 -0.18519028 -0.00221652 0.14017194 0.04715165 0.00056052 -0.12407949 -0.15780615 -0.00266186 -0.01048497 0.00888530 -0.08202072
0.01240726 -0.02878092 -0.09112470 0.00740500 0.01366771 0.00689902 -0.03714167 -0.08114730 -0.07343237 0.05555323 -0.06414336 -0.00187195 -0.01838747 0.23545278 0.46528920 0.19410814 0.57186870 0.35422412 0.28870257 1.00000000 0.29318808 0.44650924 0.37390014 0.58248481 0.50523881 0.61773163 -0.04179023 0.15012198 -0.06068955 -0.00055127 0.10282393 -0.10271335 0.11596126 0.18146744 -0.16969078 0.02598435 -0.06279179 -0.02567807 -0.01540854 -0.19666541 -0.06121787 -0.22378656 0.22053727 -0.07267324 0.09306470 0.21041530 -0.09143934 0.21030122 0.10853796 -0.24469224 -0.29809335 0.05723151 0.02905862 0.03229061 0.01574906 -0.02047238 -0.05531580 -0.04956292 0.13173092 0.06250218 -0.12418632 0.03994762 0.13982347 0.01461927 0.04376535 -0.11717077 -0.06428095 -0.09140365 -0.09331546 -0.09071734 -0.09496386 0.06881582 -0.11627321 -0.01492272 -0.06362030 -0.13161547 -0.03510089 -0.08001628
0.02105379 -0.11120469 0.04467279 -0.07063214 -0.03128638 -0.07267156 -0.07955097 -0.16019645 -0.03913964 0.03949193 -0.06601625 0.02552323 0.15372892 0.12525917 0.41365530 -0.01695602 0.34765788 0.19297290 0.23923129 0.29318808 1.00000000 0.22998148 0.20847630 0.05393737 0.07135867 0.35326082 0.10550881 -0.10051163 -0.11867558 -0.09455108 0.11028940 -0.00048562 -0.04958367 0.05401596 -0.17403006 0.01633714 0.10224661 0.03962656 0.05141091 -0.28940002 -0.19555349 -0.10657250 -0.01868224 -0.13759669 0.04250799 0.09104552 -0.14560274 -0.07943491 -0.15989387 -0.26657426 -0.24274519 0.01406760 -0.05669894 -0.04343814 -0.06144286 -0.06702162 -0.13510855 0.00927323 0.01029860 0.03685502 -0.16513041 -0.15194017 -0.08133405 -0.09931140 -0.07061404 -0.09615793 -0.07279847 -0.17143324 0.02450204 -0.08735350 -0.02254864 0.00686922 -0.12658483 -0.04104132 -0.00093050 0.01668555 -0.03680198 -0.15699000
0.11099150 0.11982813 0.01130999 0.00551905 0.10791573 -0.01847598 -0.12535313 0.02212563 0.02078830 0.00171967 0.04268151 0.07751549 -0.04429477 0.43035357 0.28898004 0.28235871 0.48892517 0.31775204 0.26623953 0.44650924 0.22998148 1.00000000 0.15475660 0.35289158 0.44507041 0.52604458 -0.14115616 0.14705169 -0.05548672 -0.00100460 0.02157868 -0.01628661 0.10006198 0.14264124 -0.06485085 -0.06860624 -0.03327585 -0.06267598 -0.15607148 -0.09924619 0.06569749 -0.22907184 0.17702357 -0.06065951 -0.01618820 0.05074059 -0.03581509 0.26167255 0.07847996 -0.20518583 -0.34036585 -0.11254547 0.12217264 0.06583764 0.11072231 0.02287403 0.05249628 0.08644376 0.06983694 0.06936656 -0.01338473 0.12180449 0.23567806 0.14403285 -0.02416401 -0.08583986 0.03064152 -0.03681289 -0.07276888 0.04380152 -0.02879607 -0.00607844 0.01833532 0.01751261 -0.10045787 -0.11984908 0.05761236 0.00399402
-0.01824947 -0.04961792 -0.09961798 0.02453280 0.01284815 0.05472753 0.04930966 0.04514058 0.00870021 0.04909973 -0.14465106 0.02774325 0.04154622 -0.04320122 0.19121944 0.07623091 0.30628559 0.16282440 0.16327223 0.37390014 0.20847630 0.15475660 1.00000000 0.21532242 0.16415174 0.20874433 0.06028236 0.09247632 0.10147266 0.08160039 0.03336916 0.07572635 0.14331394 0.05305981 0.01928660 0.06932873 0.04692566 0.04502098 0.17076560 -0.13396562 -0.04681076 -0.04008247 -0.02081797 -0.00934202 -0.00660004 0.15522649 0.02075145 -0.02399727 -0.03294485 -0.11263225 0.03377509 0.01683946 -0.06359165 -0.02746813 -0.09042781 -0.03475560 -0.03202046 -0.10620103 0.03937512 -0.02105179 -0.16345672 -0.03216286 0.01381879 -0.04988193 -0.01842184 -0.03242370 -0.08586519 0.01191895 -0.01181103 -0.12786558 -0.05143961 0.04957934 -0.10484393 0.02530858 -0.00728246 0.02069544 -0.12573625 -0.03197225
0.07617380 0.13515544 0.02686712 0.08462568 0.05834933 0.09378305 0.03158538 0.08818003 -0.00435247 0.00143958 0.05660773 -0.03007346 -0.12696906 0.52259162 0.46228078 0.36388172 0.31001181 0.31846863 0.10805115 0.58248481 0.05393737 0.35289158 0.21532242 1.00000000 0.63396216 0.31279570 -0.20666170 0.24612717 -0.05044753 0.01940278 0.06107227 -0.19272482 0.07574942 0.19832409 -0.16463069 -0.03464326 -0.22556279 -0.11050910 -0.20710925 0.02419594 -0.02554868 -0.22112320 0.20448863 0.06216200 0.05032908 0.06409998 -0.00199172 0.24263332 0.20357799 -0.17909136 -0.23526782 -0.06643493 0.17083903 0.15397292 0.18442812 0.03543298 0.08940704 0.00561695 0.21379748 0.14301500 0.05583222 0.20076445 0.29610574 0.08667171 0.18494151 -0.08771523 0.04228821 0.03660625 -0.17025244 -0.00760668 -0.06422363 0.10412394 -0.00480514 0.05531228 -0.03453093 -0.15080727 0.03598320 0.04089134
0.12215221 0.17237803 0.00253538 0.06554196 0.13200608 0.03647358 -0.08385758 0.08573375 0.03513234 -0.00122096 0.11327015 0.01944385 -0.11588139 0.47023631 0.39926860 0.27670350 0.43331608 0.40539532 0.28089486 0.50523881 0.07135867 0.44507041 0.16415174 0.63396216 1.00000000 0.48957159 -0.16901970 0.20631721 -0.04790922 -0.01663718 0.09256629 -0.19672054 0.11722214 0.16210297 -0.14858278 -0.06689532 -0.11173689 -0.09340495 -0.19114518 -0.05499973 -0.01717620 -0.21291474 0.21531364 0.00407820 0.07664203 0.08298914 0.01928960 0.32560560 0.23226673 -0.13583555 -0.25195404 -0.09506804 0.16663081 0.21479058 0.24654646 0.05151759 0.09868796 0.03646253 0.18387285 0.16968820 0.02805612 0.20896011 0.27078072 0.15846983 0.17218558 -0.04772819 0.06446514 -0.02737610 -0.11100954 0.08366674 0.00266803 0.07741569 0.02767306 -0.01361248 -0.04850476 -0.14659257 0.06823012 0.05707725
-0.00683810 -0.00061752 -0.04557038 -0.04385419 -0.04473440 -0.03839263 -0.10783475 -0.13789572 -0.05980349 0.06556340 0.03313227 0.06148922 0.05179772 0.13859481 0.44395594 0.08214459 0.67755155 0.43840284 0.33967958 0.61773163 0.35326082 0.52604458 0.20874433 0.31279570 0.48957159 1.00000000 0.03522272 0.08509053 -0.12212962 -0.06006490 0.11218285 -0.12286121 0.11093320 0.18912031 -0.19338205 0.00132400 0.02611407 0.03560647 -0.03209726 -0.31269592 -0.08460132 -0.18973126 0.30462184 -0.13461194 0.06892244 0.25217108 -0.14052520 0.26383389 0.10265288 -0.29205657 -0.37845386 0.11564033 -0.07726779 0.03716514 -0.01157387 -0.04927602 -0.04656189 -0.01146027 0.10730176 -0.00185211 -0.17708214 -0.01522024 0.07585854 -0.00191834 0.02566284 -0.09924650 -0.05679573 -0.13866959 -0.02209286 -0.03465893 -0.00701672 0.09727638 -0.09540964 -0.05506697 -0.02120027 -0.10368311 0.02505903 -0.10808720
-0.19939276 -0.23901166 0.04920028 -0.17362977 -0.14841996 -0.11321655 -0.06371952 -0.23633203 -0.08380005 0.00712913 -0.04078260 -0.05340170 0.12895273 -0.29731193 -0.06328453 -0.05715821 0.06548257 0.17465321 0.05129817 -0.04179023 0.10550881 -0.14115616 0.06028236 -0.20666170 -0.16901970 0.03522272 1.00000000 -0.10238416 -0.10417256 0.05560571 0.25631889 0.13382710 0.02237791 0.10590522 -0.14657078 0.31558860 0.41258018 0.31020870 0.40756183 -0.24679173 -0.25415821 0.21860240 -0.11617719 -0.22082553 -0.04598581 0.03965856 -0.25546446 -0.28183798 -0.22989567 -0.04066823 0.15313018 0.20936102 -0.22294963 -0.18580400 -0.19442252 -0.08272102 -0.19190157 -0.00505761 -0.12558289 -0.09377124 -0.16881130 -0.27968794 -0.37404386 -0.22270727 -0.16670111 0.01884694 -0.20141817 -0.28689378 0.14558894 -0.07231284 0.01840661 0.01445646 -0.22435422 -0.25531211 0.09900241 0.09777748 -0.14739613 -0.21741128
0.00644282 0.10526235 -0.05584304 0.11661798 0.03579696 0.15819454 0.10353186 0.13916882 0.02196925 0.01669768 0.05735249 -0.05930112 -0.03551762 0.13451366 0.07020914 0.10627399 0.09901345 -0.02637804 0.00467996 0.15012198 -0.10051163 0.14705169 0.09247632 0.24612717 0.20631721 0.08509053 -0.10238416 1.00000000 0.33857626 0.22388179 0.10650926 0.22134030 0.17448158 0.23856884 0.21973378 -0.04504805 -0.06532057 0.14299480 0.07883128 0.12772183 0.13473721 -0.03864937 0.12904606 0.15540430 0.00705347 0.10487877 0.13146730 0.19841543 0.20352188 0.04308453 -0.13435457 -0.03142063 0.10992688 0.09122635 0.06637817 0.03287499 0.07514484 -0.02738319 0.15266773 0.12423049 0.02797434 0.19237515 0.23070690 0.09478229 0.13195652 0.03979045 0.11443437 0.15287046 -0.09036635 0.02613250 0.00509185 0.00798924 0.09178046 0.13374062 -0.06513093 -0.06194969 0.10486085 0.15377896
0.06003494 0.20762214 -0.02832368 0.18234642 0.05080905 0.18024186 0.13577896 0.30644674 0.11942196 0.05844209 0.02536459 -0.01477562 -0.01512426 -0.00173007 -0.10818951 -0.09839046 -0.10135783 -0.25406179 -0.14468389 -0.06068955 -0.11867558 -0.05548672 0.10147266 -0.05044753 -0.04790922 -0.12212962 -0.10417256 0.33857626 1.00000000 0.22011874 -0.01981477 0.25928798 0.35972158 -0.05104638 0.39350314 0.00024628 -0.10528475 -0.03801438 0.26482245 0.11296618 0.29289071 -0.12099657 -0.02090759 0.14213433 0.01136399 0.05696031 0.24322600 0.14068725 0.19717142 0.19225262 -0.01763860 -0.10240899 0.02087320 0.02011850 -0.00193698 0.02670352 0.11264492 -0.12647610 0.07331504 -0.06723795 0.00213099 0.19110690 0.17403941 0.08909795 0.06359582 0.01409663 0.10432982 0.29948945 -0.05905094 -0.07197340 -0.07770242 -0.03290617 0.08348417 0.22549383 -0.07080590 -0.07817057 -0.04951724 0.25155895
-0.06818594 0.10594015 -0.02191455 0.11959300 -0.11401156 0.12391152 0.05901109 0.06125170 -0.01858145 0.02972916 0.03765515 -0.05312303 0.02569810 -0.05507804 -0.10188186 0.13431001 0.04537246 -0.06045347 0.01250562 -0.00055127 -0.09455108 -0.00100460 0.08160039 0.01940278 -0.01663718 -0.06006490 0.05560571 0.22388179 0.22011874 1.00000000 -0.04880844 0.33088249 0.24473858 0.07544501 0.29438609 0.03582012 0.00569717 0.20202739 0.20637398 0.08910839 0.18567321 0.01003492 0.10331814 -0.01875226 -0.10205842 0.01890333 0.10077350 0.08204216 0.11261470 0.09542680 0.05793982 0.05155224 -0.01997476 -0.04726961 -0.08369550 0.03361013 0.03237333 -0.06221450 0.11214660 -0.03886704 0.07510161 0.10109222 0.09633322 0.01104774 0.05999003 0.12518524 0.12445584 0.11921996 0.05004133 0.07907234 0.09217913 0.05980725 0.05998823 0.11484285 0.00725139 0.01551421 0.13037030 0.18952587
-0.07634066 -0.18310866 0.04576277 -0.11096885 -0.01738613 -0.08714334 -0.05579149 -0.12106712 -0.04913232 -0.07041771 -0.10823526 -0.04291055 0.00459735 -0.06034583 0.09097463 -0.02007633 0.14289218 0.14999212 0.03223356 0.10282393 0.11028940 0.02157868 0.03336916 0.06107227 0.09256629 0.11218285 0.25631889 0.10650926 -0.01981477 -0.04880844 1.00000000 0.00011988 0.00432216 0.32674265 -0.14601320 0.27462874 0.24636194 0.31561895 0.09924925 -0.16552892 -0.24276424 -0.00536163 -0.07583460 -0.09177283 0.02664036 0.03493061 -0.19292260 -0.10221372 -0.12563414 -0.13631694 0.00580742 0.05193348 0.04178349 0.07491224 0.01638612 -0.05164131 -0.05693634 0.02619515 -0.02019468 0.09162493 -0.04592070 -0.14767203 -0.14730662 -0.03613371 -0.02874453 -0.10590167 -0.11004372 -0.21570578 -0.02539119 0.02292883 -0.03596402 -0.04911156 -0.11481352 -0.16611472 0.01258758 0.05892951 -0.02161551 -0.18508531
-0.10029147 0.05093951 -0.03241472 0.02776228 -0.05608133 0.07186973 0.06872911 0.02604933 -0.02550878 -0.00045087 0.00256816 -0.06323223 0.09021115 -0.07226629 -0.13344952 -0.01706501 -0.03829112 -0.16930518 0.01048132 -0.10271335 -0.00048562 -0.01628661 0.07572635 -0.19272482 -0.19672054 -0.12286121 0.13382710 0.22134030 0.25928798 0.33088249 0.00011988 1.00000000 0.25957633 -0.09779440 0.24086619 -0.06033979 0.06355590 0.13320958 0.21606893 0.06199026 0.21951889 0.04788992 -0.03114072 0.01318944 -0.08605048 0.05546203 0.13236432 0.01696693 0.00468861 0.20171829 -0.03299328 0.06520729 -0.07670573 -0.10454687 -0.09066277 -0.04008291 -0.04626002 -0.03485448 -0.01937176 -0.05758258 0.02008140 -0.00008721 0.02027777 -0.00937756 -0.11583844 0.03172676 0.05956313 0.06999694 0.00028167 0.00320042 -0.01629710 -0.04888098 -0.05433313 0.09752842 -0.06771819 0.04487496 -0.01000929 0.09438761
0.03529285 0.24405183 0.01814197 0.14409404 0.05440984 0.20865645 0.07294179 0.24227886 0.09715304 0.11956782 0.11094026 -0.00209983 0.02971721 0.06731842 0.01922679 0.00425727 0.09077707 -0.07190642 0.10031505 0.11596126 -0.04958367 0.10006198 0.14331394 0.07574942 0.11722214 0.11093320 0.02237791 0.17448158 0.35972158 0.24473858 0.00432216 0.25957633 1.00000000 -0.07357615 0.32182503 0.11699691 -0.05283929 -0.12601642 0.14801069 -0.07192640 0.27986659 -0.21413094 0.07901234 0.00288809 0.05265355 0.13306411 0.21979093 0.20241005 0.27135729 0.08017773 -0.12988649 -0.05841602 -0.02557103 0.04522460 0.01590251 0.03460884 0.11059972 -0.05244328 0.14466376 -0.06427600 -0.07390017 0.22741394 0.21108817 0.12661850 0.11518357 0.00474589 0.05981267 0.12761678 -0.03704456 0.03863077 -0.04208414 0.04341888 -0.03455122 0.08336593 -0.06669408 -0.05243259 -0.11852429 0.19574273
-0.07574265 -0.15914907 -0.00583781 -0.08855712 -0.07660311 -0.04536736 -0.06735134 -0.16004949 -0.10099549 0.00391592 -0.09583037 0.01274796 -0.03659839 -0.01053683 0.14140382 0.10763462 0.18174763 0.18883658 0.06178173 0.18146744 0.05401596 0.14264124 0.05305981 0.19832409 0.16210297 0.18912031 0.10590522 0.23856884 -0.05104638 0.07544501 0.32674265 -0.09779440 -0.07357615 1.00000000 -0.10232256 0.19864342 0.20608049 0.39701742 -0.00913978 -0.14206147 -0.32389942 0.03504817 0.09639133 -0.09484085 -0.05437718 0.02263964 -0.25410790 -0.03274605 -0.00774500 -0.24579156 -0.02817943 0.05087579 0.08230200 0.07389001 0.01814893 0.04275966 0.03062172 0.03142266 0.03340681 0.13936633 0.00285378 -0.07977742 -0.01192306 0.05228629 0.06900215 -0.06612570 -0.06979704 -0.11270852 -0.03427111 0.06824555 0.05561580 -0.01848231 0.04657507 -0.12471316 0.00756329 0.03941491 0.14649701 -0.14739479
0.13585762 0.26475700 -0.09090162 0.19624241 0.11014876 0.18405167 0.10261192 0.30772937 0.10642220 0.03455768 0.02638616 0.00363882 -0.04765292 -0.07923469 -0.25849052 -0.00564707 -0.16392950 -0.33263613 -0.12291432 -0.16969078 -0.17403006 -0.06485085 0.01928660 -0.16463069 -0.14858278 -0.19338205 -0.14657078 0.21973378 0.39350314 0.29438609 -0.14601320 0.24086619 0.32182503 -0.10232256 1.00000000 -0.04071664 -0.11004353 -0.04818090 0.16209311 0.21948471 0.34626153 -0.06933206 -0.04433370 0.17149832 -0.06953453 -0.01688271 0.30060278 0.14746893 0.16493473 0.23702473 0.02989757 -0.18336292 0.01761806 0.02552842 0.01587149 0.09636100 0.13634251 -0.13906935 0.05565800 -0.10538536 0.07292534 0.25188734 0.21457689 0.13468787 0.06356865 0.10761682 0.20273984 0.37187939 -0.03553734 0.08460022 0.00761336 -0.01719153 0.21408420 0.26388036 -0.04968937 -0.04632504 0.08336663 0.32963613
-0.01827970 -0.17729091 0.03426328 -0.08110394 0.00444188 -0.06671985 -0.07375321 -0.02949535 0.01244832 -0.05345498 -0.06644594 -0.00468368 0.02469134 -0.19273558 -0.05910719 0.02615775 0.06475300 0.11190897 0.00299522 0.02598435 0.01633714 -0.06860624 0.06932873 -0.03464326 -0.06689532 0.00132400 0.31558860 -0.04504805 0.00024628 0.03582012 0.27462874 -0.06033979 0.11699691 0.19864342 -0.04071664 1.00000000 0.34418814 0.20824577 0.28967836 -0.19181034 -0.23308889 0.06386418 -0.14875068 -0.22887662 -0.00999324 -0.08720880 -0.19887619 -0.23611257 -0.19982773 -0.15320625 0.05768203 0.00165125 -0.04690646 -0.04754132 -0.05033446 -0.03906486 -0.01787108 0.01728103 -0.11485410 -0.02690836 -0.09498103 -0.12382113 -0.15733410 -0.07912637 -0.00695739 -0.05965906 -0.15381943 -0.16489242 0.10486989 -0.06414037 -0.01785937 0.03564684 -0.11437917 -0.14613563 0.05533909 0.05759041 -0.08376773 -0.15101301
-0.15619851 -0.27882278 0.06243421 -0.23245261 -0.07082964 -0.12615194 -0.13624041 -0.20758413 -0.05348582 0.04163167 -0.15346405 0.01606395 0.05689827 -0.26676361 -0.06982830 -0.01058088 0.07423440 0.15991607 0.09945386 -0.06279179 0.10224661 -0.03327585 0.04692566 -0.22556279 -0.11173689 0.02611407 0.41258018 -0.06532057 -0.10528475 0.00569717 0.24636194 0.06355590 -0.05283929 0.20608049 -0.11004353 0.34418814 1.00000000 0.33668771 0.10972287 -0.26357671 -0.31543555 0.26958824 -0.15398950 -0.22284608 -0.09283424 -0.01605871 -0.30084798 -0.26389506 -0.19672196 -0.08363727 0.13414849 0.10882412 -0.05418968 -0.04740386 -0.08201187 -0.00878634 -0.04261111 0.07381950 -0.11548223 0.02705107 -0.05065552 -0.21800879 -0.33986162 -0.09874444 -0.11890415 0.02109012 -0.18325997 -0.29553257 0.15100268 0.03699897 0.14062907 -0.09340616 -0.10548669 -0.30891828 0.03735732 0.13762714 -0.02096666 -0.26861978
-0.24857893 -0.27404412 0.01977428 -0.17933243 -0.18959546 -0.12125350 -0.08820693 -0.24447738 -0.13527841 -0.00535957 -0.15956921 0.03390343 0.05276182 -0.23789966 -0.02596861 0.02495188 0.09513590 0.13473007 0.05388462 -0.02567807 0.03962656 -0.06267598 0.04502098 -0.11050910 -0.09340495 0.03560647 0.31020870 0.14299480 -0.03801438 0.20202739 0.31561895 0.13320958 -0.12601642 0.39701742 -0.04818090 0.20824577 0.33668771 1.00000000 0.09132966 -0.11984123 -0.31254046 0.24949537 0.01084988 -0.11047885 -0.23216127 -0.08532955 -0.28747541 -0.24368079 -0.16253483 -0.15443025 0.17205784 0.14809732 -0.06244470 -0.04539373 -0.14609373 -0.03560707 -0.04771766 0.03927166 -0.02542907 -0.02530529 -0.03902201 -0.21719455 -0.22848074 -0.08306776 -0.06936716 0.08383826 -0.12101193 -0.16999429 0.11794298 0.09426893 0.09936820 -0.00759325 0.00898323 -0.14161791 0.07722511 0.14674448 0.19611112 -0.15985000
-0.08329525 -0.02698442 -0.08335254 0.05112438 -0.07535940 0.03911993 0.03473065 -0.00771724 0.00252891 -0.00163175 -0.07351804 -0.02330002 0.14864438 -0.26262554 -0.09212805 -0.15477679 0.01694945 -0.03113948 -0.03718318 -0.01540854 0.05141091 -0.15607148 0.17076560 -0.20710925 -0.19114518 -0.03209726 0.40756183 0.07883128 0.26482245 0.20637398 0.09924925 0.21606893 0.14801069 -0.00913978 0.16209311 0.28967836 0.10972287 0.09132966 1.00000000 -0.06103958 0.08396750 0.06878299 -0.11338586 -0.05548953 0.10868085 0.20958576 0.02767524 -0.12188446 -0.06210455 0.08584256 0.06889047 0.18491047 -0.18189751 -0.19568989 -0.16253020 -0.08662276 -0.13465053 -0.10194668 -0.06089270 -0.09413189 -0.15688865 -0.07044658 -0.18830680 -0.19805000 -0.09087900 0.00171118 -0.08550839 -0.02988039 0.13405909 -0.12992203 -0.01411416 0.02941880 -0.14593997 0.03093436 -0.01292266 0.01308542 -0.11876856 -0.00393984
0.12012155 0.15277044 -0.06405494 0.13301521 0.14434423 0.00324499 0.03550993 0.15586163 0.05045589 -0.09564290 0.02392568 0.03212761 -0.13828107 0.14302179 -0.22911644 0.04654504 -0.28205079 -0.20830334 -0.15524533 -0.19666541 -0.28940002 -0.09924619 -0.13396562 0.02419594 -0.05499973 -0.31269592 -0.24679173 0.12772183 0.11296618 0.08910839 -0.16552892 0.06199026 -0.07192640 -0.14206147 0.21948471 -0.19181034 -0.26357671 -0.11984123 -0.06103958 1.00000000 0.39418842 0.05357714 0.07616793 0.41325475 0.10438120 -0.01330290 0.38478271 0.17220576 0.09922755 0.36267834 0.14199859 -0.01423000 0.12627688 -0.00318702 0.06552689 0.07255922 0.07371843 -0.02731840 0.03421657 0.02737872 0.18823011 0.19426582 0.14477007 0.04276490 -0.00858210 0.06383646 0.16031742 0.26306571 -0.05447880 0.05929901 -0.00992505 0.00854436 0.14538975 0.21490453 -0.01074434 -0.03639435 0.11791657 0.23184315
0.10932379 0.36245082 -0.04330971 0.26798060 0.10020755 0.17979573 0.08349002 0.26845091 0.12776671 0.05774931 0.15108363 0.05975716 0.03991089 0.17708751 -0.11747850 -0.05916881 -0.11599729 -0.28290635 -0.08971977 -0.06121787 -0.19555349 0.06569749 -0.04681076 -0.02554868 -0.01717620 -0.08460132 -0.25415821 0.13473721 0.29289071 0.18567321 -0.24276424 0.21951889 0.27986659 -0.32389942 0.34626153 -0.23308889 -0.31543555 -0.31254046 0.08396750 0.39418842 1.00000000 -0.14648219 0.18856557 0.28567328 0.13914366 0.19581076 0.46538981 0.38814410 0.37589918 0.42478978 -0.03002987 0.04119698 0.01610170 -0.01640115 0.02097285 0.02362241 0.09865796 -0.03910822 0.12341436 -0.07688501 0.00920930 0.30808252 0.26875818 0.09359567 0.02219472 0.01866669 0.20811367 0.28012101 -0.05597196 0.02779939 -0.07640491 -0.01098607 0.04522048 0.25821096 -0.11627257 -0.14360236 0.01068028 0.30107587
-0.21911944 -0.22477639 -0.00246540 -0.15035603 -0.16384773 -0.11827028 -0.00686555 -0.20104318 -0.08435135 -0.03051027 -0.09959556 0.00700424 0.06144583 -0.24456370 -0.19480174 0.01169396 -0.14124653 0.04780571 -0.03112796 -0.22378656 -0.10657250 -0.22907184 -0.04008247 -0.22112320 -0.21291474 -0.18973126 0.21860240 -0.03864937 -0.12099657 0.01003492 -0.00536163 0.04788992 -0.21413094 0.03504817 -0.06933206 0.06386418 0.26958824 0.24949537 0.06878299 0.05357714 -0.14648219 1.00000000 0.06069977 0.08863465 -0.05845652 0.07334687 -0.01455334 -0.13207730 -0.00661474 0.22943377 0.38477741 0.23223216 -0.09535512 -0.08102825 -0.10675968 -0.01798899 -0.10222277 0.02365235 -0.09740459 -0.01402876 0.01739372 -0.20003110 -0.31237164 -0.12384718 -0.05750639 0.22848982 -0.02990314 -0.07056262 0.15203114 0.09324805 0.16533067 0.00680324 0.03727324 -0.09711435 0.12213539 0.21745974 0.10122480 -0.04471109
-0.07157245 0.07546514 0.02101845 0.04103186 -0.11665142 0.09954272 -0.00769072 -0.08546305 -0.02561831 0.09128212 0.18543878 0.02194114 0.10008982 0.14277990 0.14691649 0.06547721 0.22206195 0.13661972 0.12223756 0.22053727 -0.01868224 0.17702357 -0.02081797 0.20448863 0.21531364 0.30462184 -0.11617719 0.12904606 -0.02090759 0.10331814 -0.07583460 -0.03114072 0.07901234 0.09639133 -0.04433370 -0.14875068 -0.15398950 0.01084988 -0.11338586 0.07616793 0.18856557 0.06069977 1.00000000 0.14475345 0.11383744 0.23637682 0.04416872 0.37096821 0.30858862 0.10415130 -0.04012140 0.29767072 -0.05032318 -0.01246851 -0.03165943 -0.01814265 -0.03892564 -0.02150796 0.18471297 -0.00959966 -0.06536744 0.08392091 0.11871013 -0.01168691 0.11413653 0.04950037 0.09826980 0.02797861 0.03367967 0.08832440 0.04038347 0.08887462 0.04765083 0.06518306 -0.01170446 -0.09761083 0.17927667 0.09902558
0.00663567 0.08552873 -0.07181917 0.12281765 0.05639068 0.01723361 0.06491255 0.13009162 0.00318660 -0.07036032 -0.05986983 0.03558308 -0.06335410 0.10601627 -0.03477531 -0.08721418 -0.14320778 -0.20031937 -0.13994887 -0.07267324 -0.13759669 -0.06065951 -0.00934202 0.06216200 0.00407820 -0.13461194 -0.22082553 0.15540430 0.14213433 -0.01875226 -0.09177283 0.01318944 0.00288809 -0.09484085 0.17149832 -0.22887662 -0.22284608 -0.11047885 -0.05548953 0.41325475 0.28567328 0.08863465 0.14475345 1.00000000 0.16949073 0.11796018 0.33362787 0.23676645 0.15615558 0.24845715 0.16305832 0.08263831 0.09607946 0.01000019 0.02537035 -0.01850696 0.03922665 -0.08070520 0.00316196 0.01083620 0.04582729 0.07277206 0.11024009 0.03673982 0.03053729 0.02693345 0.11155128 0.27091148 -0.04094745 -0.02135992 -0.03054414 -0.02263757 0.08384585 0.22861825 -0.02034152 -0.00835953 0.06503639 0.20769173
0.08052259 0.04926339 -0.07120996 0.12282550 0.03371810 0.04851421 0.04439199 0.03997169 0.00423883 0.04100963 0.01287752 -0.02464922 0.07087505 0.06580935 0.05646608 -0.17525315 0.00472835 -0.06849311 -0.02006719 0.09306470 0.04250799 -0.01618820 -0.00660004 0.05032908 0.07664203 0.06892244 -0.04598581 0.00705347 0.01136399 -0.10205842 0.02664036 -0.08605048 0.05265355 -0.05437718 -0.06953453 -0.00999324 -0.09283424 -0.23216127 0.10868085 0.10438120 0.13914366 -0.05845652 0.11383744 0.16949073 1.00000000 0.32829814 0.21789680 0.20237174 0.16848179 0.15711203 -0.03186225 0.19358878 -0.00291429 -0.05283972 0.01895904 -0.00204248 -0.11534046 -0.04168542 0.02435716 0.10418316 -0.10131255 0.08348978 0.02385230 -0.06682605 0.04505746 -0.05945115 0.02777203 0.02496109 0.03661817 -0.13620437 -0.03580153 0.10672313 -0.08764845 0.07365327 -0.01896166 -0.03165518 -0.11052836 0.03143701
-0.11648936 0.01316686 -0.08939385 0.06114735 -0.10338039 0.10038284 0.04157265 -0.04686142 -0.06453082 0.10751412 -0.03111317 0.03102532 0.10801251 -0.01296063 0.21720407 -0.14770143 0.16265446 -0.00185444 0.06619330 0.21041530 0.09104552 0.05074059 0.15522649 0.06409998 0.08298914 0.25217108 0.03965856 0.10487877 0.05696031 0.01890333 0.03493061 0.05546203 0.13306411 0.02263964 -0.01688271 -0.08720880 -0.01605871 -0.08532955 0.20958576 -0.01330290 0.19581076 0.07334687 0.23637682 0.11796018 0.32829814 1.00000000 0.17279269 0.26454170 0.28728078 0.15837441 -0.07345549 0.32506071 -0.09653407 -0.04473176 -0.03648960 -0.03340144 -0.07242363 -0.09069211 0.09149083 0.00811658 -0.13737868 0.01209267 0.00389052 -0.10544642 0.03854782 -0.01540618 0.01824859 0.00694752 0.04129027 -0.07772663 -0.03115128 0.05496523 -0.10380741 0.03379378 -0.04874108 -0.01404462 -0.04818044 0.00465126
0.17234461 0.25486650 -0.07348345 0.23732590 0.12729792 0.14638338 0.14114429 0.32852344 0.09943403 -0.01937305 0.08387676 -0.03061460 -0.04542372 0.14762082 -0.09017796 -0.06348389 -0.13946952 -0.29662259 -0.09978136 -0.09143934 -0.14560274 -0.03581509 0.02075145 -0.00199172 0.01928960 -0.14052520 -0.25546446 0.13146730 0.24322600 0.10077350 -0.19292260 0.13236432 0.21979093 -0.25410790 0.30060278 -0.19887619 -0.30084798 -0.28747541 0.02767524 0.38478271 0.46538981 -0.01455334 0.04416872 0.33362787 0.21789680 0.17279269 1.00000000 0.29548273 0.24124435 0.28742658 -0.00700946 -0.07499117 0.04160113 0.00132708 0.10178580 0.03884629 0.04662289 -0.11092956 0.06023801 -0.00698743 0.06983129 0.21965244 0.23221917 0.06295349 0.06072404 0.02075257 0.20772908 0.32903222 -0.06908811 -0.01771693 -0.05653412 0.05554588 0.11712314 0.27795052 -0.08688802 -0.06017711 -0.06450059 0.30074843
0.14857700 0.31090967 -0.02343116 0.20289872 0.11580031 0.21814102 0.05964041 0.21718671 0.09802422 0.10173452 0.19639743 0.03207216 -0.00390940 0.28867191 0.14691587 0.04912059 0.12874610 -0.04287343 0.08601835 0.21030122 -0.07943491 0.26167255 -0.02399727 0.24263332 0.32560560 0.26383389 -0.28183798 0.19841543 0.14068725 0.08204216 -0.10221372 0.01696693 0.20241005 -0.03274605 0.14746893 -0.23611257 -0.26389506 -0.24368079 -0.12188446 0.17220576 0.38814410 -0.13207730 0.37096821 0.23676645 0.20237174 0.26454170 0.29548273 1.00000000 0.47351401 0.24535451 -0.20304074 0.08485397 0.07527134 0.13704318 0.17585916 0.05799656 0.03760094 -0.04613152 0.18678646 0.06773696 0.03592743 0.28232864 0.34739953 0.14584886 0.16026032 -0.00405212 0.18609804 0.18824535 -0.10196914 0.12865776 0.01174820 0.07930258 0.10263530 0.18538626 -0.07685538 -0.20441923 0.08269749 0.22471428
0.00457602 0.28294214 0.06604447 0.14990681 0.03081435 0.17928110 0.08003915 0.17407356 0.10003814 0.18996201 0.15869231 0.04836131 0.03341403 0.15735624 0.06732706 0.09875011 0.00924739 -0.07581476 0.07527288 0.10853796 -0.15989387 0.07847996 -0.03294485 0.20357799 0.23226673 0.10265288 -0.22989567 0.20352188 0.19717142 0.11261470 -0.12563414 0.00468861 0.27135729 -0.00774500 0.16493473 -0.19982773 -0.19672196 -0.16253483 -0.06210455 0.09922755 0.37589918 -0.00661474 0.30858862 0.15615558 0.16848179 0.28728078 0.24124435 0.47351401 1.00000000 0.28319127 0.02357539 0.11010006 0.09541846 0.14606629 0.14991042 0.07242722 0.09888627 0.00242049 0.24153285 0.07103565 -0.00042725 0.31425323 0.27274952 0.16374063 0.22151000 0.07625537 0.16708146 0.14626488 -0.00126252 0.19112390 0.05904072 0.08112257 0.09905031 0.10864653 -0.07563770 -0.11285402 0.11220996 0.20564358
0.03766056 0.17658083 -0.01062569 0.13236231 0.07199127 0.08529028 0.08248126 0.16933974 0.10244161 0.05777680 0.09496339 -0.02493623 0.02682097 -0.05449474 -0.29957050 -0.04299059 -0.28769379 -0.25200765 -0.15152731 -0.24469224 -0.26657426 -0.20518583 -0.11263225 -0.17909136 -0.13583555 -0.29205657 -0.04066823 0.04308453 0.19225262 0.09542680 -0.13631694 0.20171829 0.08017773 -0.24579156 0.23702473 -0.15320625 -0.08363727 -0.15443025 0.08584256 0.36267834 0.42478978 0.22943377 0.10415130 0.24845715 0.15711203 0.15837441 0.28742658 0.24535451 0.28319127 1.00000000 0.18793466 0.14337738 -0.04232266 0.00953709 0.03074476 0.01115864 0.00853105 -0.04693671 0.00032308 -0.00853973 0.06839634 0.09053416 0.00307982 0.00632200 -0.01764677 0.16476247 0.13871833 0.17349993 0.01960128 0.09854007 0.05691380 -0.02891936 0.07356518 0.09612572 -0.02351464 0.01060924 0.04176716 0.18961041
-0.09896227 -0.13647395 0.05415548 -0.05533440 -0.03881697 -0.08423888 0.03502126 -0.04825732 0.04908866 -0.00335453 -0.11581925 0.11498223 0.01058533 -0.27510610 -0.30571066 -0.00325875 -0.25398485 -0.08945050 -0.14095776 -0.29809335 -0.24274519 -0.34036585 0.03377509 -0.23526782 -0.25195404 -0.37845386 0.15313018 -0.13435457 -0.01763860 0.05793982 0.00580742 -0.03299328 -0.12988649 -0.02817943 0.02989757 0.05768203 0.13414849 0.17205784 0.06889047 0.14199859 -0.03002987 0.38477741 -0.04012140 0.16305832 -0.03186225 -0.07345549 -0.00700946 -0.20304074 0.02357539 0.18793466 1.00000000 0.12640985 -0.01626378 -0.04282225 -0.10775287 -0.03993119 0.02290902 0.01070578 -0.09524003 -0.07483294 0.02070956 -0.11815470 -0.22677063 -0.04344951 -0.03936553 0.14333432 -0.01164115 0.03526120 0.15478157 0.07122233 0.09590820 -0.01383639 -0.01974994 -0.04654553 0.14275209 0.14654794 0.01246084 0.04266419
-0.34470258 -0.12663628 -0.01332082 -0.08310706 -0.30960570 -0.04309572 0.02691459 -0.28395204 -0.11048502 0.09433695 -0.03775065 0.02196294 0.24449500 -0.15624159 0.11754698 -0.07839661 0.08385027 0.15702740 0.09178370 0.05723151 0.01406760 -0.11254547 0.01683946 -0.06643493 -0.09506804 0.11564033 0.20936102 -0.03142063 -0.10240899 0.05155224 0.05193348 0.06520729 -0.05841602 0.05087579 -0.18336292 0.00165125 0.10882412 0.14809732 0.18491047 -0.01423000 0.04119698 0.23223216 0.29767072 0.08263831 0.19358878 0.32506071 -0.07499117 0.08485397 0.11010006 0.14337738 0.12640985 1.00000000 -0.23502729 -0.14238341 -0.21515477 -0.07458271 -0.19276630 -0.03148331 0.05291096 -0.07597498 -0.15258159 -0.17212670 -0.26406844 -0.24113333 -0.09668446 0.03017172 -0.03544471 -0.17414844 0.14644496 -0.05808694 0.08601633 0.04340830 -0.21722112 -0.04311522 0.10115568 0.08491105 0.01944217 -0.06314191
0.14814348 0.03712427 -0.01623576 0.03555276 0.20356438 -0.00245200 -0.00210348 0.12822093 0.02568317 -0.03760696 -0.07462759 0.03582301 -0.17654583 0.21508017 0.02821960 0.04825762 -0.03862142 -0.07587683 -0.03977567 0.02905862 -0.05669894 0.12217264 -0.06359165 0.17083903 0.16663081 -0.07726779 -0.22294963 0.10992688 0.02087320 -0.01997476 0.04178349 -0.07670573 -0.02557103 0.08230200 0.01761806 -0.04690646 -0.05418968 -0.06244470 -0.18189751 0.12627688 0.01610170 -0.09535512 -0.05032318 0.09607946 -0.00291429 -0.09653407 0.04160113 0.07527134 0.09541846 -0.04232266 -0.01626378 -0.23502729 1.00000000 0.24446998 0.34956920 0.17287598 0.30608425 0.20315579 0.16928498 0.30506359 0.33837581 0.27065282 0.32616543 0.33819087 0.22945251 -0.01908333 0.09388983 0.08260522 -0.08844848 0.13031081 0.02489245 -0.03439966 0.14359726 0.01199224 -0.04498274 -0.07259708 0.13343946 0.05907243
0.14228802 0.07079406 0.07794566 0.01205950 0.13972437 0.04359300 -0.04184399 0.14871063 0.11080448 0.09480743 0.04010638 0.05478774 -0.08135359 0.11947423 0.05873286 0.07696911 0.02548209 0.02283856 -0.00508998 0.03229061 -0.04343814 0.06583764 -0.02746813 0.15397292 0.21479058 0.03716514 -0.18580400 0.09122635 0.02011850 -0.04726961 0.07491224 -0.10454687 0.04522460 0.07389001 0.02552842 -0.04754132 -0.04740386 -0.04539373 -0.19568989 -0.00318702 -0.01640115 -0.08102825 -0.01246851 0.01000019 -0.05283972 -0.04473176 0.00132708 0.13704318 0.14606629 0.00953709 -0.04282225 -0.14238341 0.24446998 1.00000000 0.34112430 0.19910766 0.29741390 0.18118561 0.28576024 0.22446633 0.13286847 0.30940118 0.30633282 0.37033780 0.30017326 -0.03536309 0.03352464 0.00103676 -0.13203574 0.13029207 0.00411997 -0.03650591 0.12679667 -0.07388897 -0.05118487 -0.11997565 0.07482268 0.01934467
0.15595069 0.10993460 0.02677050 0.03942779 0.16881910 0.04385593 -0.04382921 0.17427391 0.06478330 0.00031874 0.01984561 -0.02803653 -0.13685844 0.23789165 0.07319720 0.06330580 -0.05207765 -0.00433904 0.00801256 0.01574906 -0.06144286 0.11072231 -0.09042781 0.18442812 0.24654646 -0.01157387 -0.19442252 0.06637817 -0.00193698 -0.08369550 0.01638612 -0.09066277 0.01590251 0.01814893 0.01587149 -0.05033446 -0.08201187 -0.14609373 -0.16253020 0.06552689 0.02097285 -0.10675968 -0.03165943 0.02537035 0.01895904 -0.03648960 0.10178580 0.17585916 0.14991042 0.03074476 -0.10775287 -0.21515477 0.34956920 0.34112430 1.00000000 0.22426561 0.26423279 0.24316574 0.20088842 0.23379454 0.23508349 0.37346691 0.32932886 0.30256340 0.22854103 -0.08153879 0.09261075 0.03804655 -0.10319455 0.11029392 -0.00342642 0.00259305 0.10124303 0.03089306 -0.09325415 -0.15635628 0.05267474 0.07426726
0.04923697 0.05125143 0.00553246 -0.00006791 0.03218516 0.01050981 -0.03316581 0.06467368 0.02082072 0.05186268 0.01392020 0.01031462 -0.07248699 0.03315410 0.01953979 0.05843353 -0.04804591 0.00129838 -0.00455737 -0.02047238 -0.06702162 0.02287403 -0.03475560 0.03543298 0.05151759 -0.04927602 -0.08272102 0.03287499 0.02670352 0.03361013 -0.05164131 -0.04008291 0.03460884 0.04275966 0.09636100 -0.03906486 -0.00878634 -0.03560707 -0.08662276 0.07255922 0.02362241 -0.01798899 -0.01814265 -0.01850696 -0.00204248 -0.03340144 0.03884629 0.05799656 0.07242722 0.01115864 -0.03993119 -0.07458271 0.17287598 0.19910766 0.22426561 1.00000000 0.30255403 0.16586728 0.26674830 0.15360507 0.23502187 0.23115031 0.14477342 0.25430161 0.19872751 -0.00362449 0.03708540 0.05562380 0.03576538 0.05572737 0.03072865 -0.02562620 0.06003400 0.00479714 -0.02389304 -0.05043935 0.01375575 0.07874766
0.13382275 0.15592099 0.08719263 0.05274924 0.16566919 0.06559832 -0.03920697 0.23441608 0.12127884 0.09219059 -0.00041545 0.14011569 -0.15468553 0.10174843 0.00895287 0.00972113 -0.02545381 -0.03463551 -0.07531651 -0.05531580 -0.13510855 0.05249628 -0.03202046 0.08940704 0.09868796 -0.04656189 -0.19190157 0.07514484 0.11264492 0.03237333 -0.05693634 -0.04626002 0.11059972 0.03062172 0.13634251 -0.01787108 -0.04261111 -0.04771766 -0.13465053 0.07371843 0.09865796 -0.10222277 -0.03892564 0.03922665 -0.11534046 -0.07242363 0.04662289 0.03760094 0.09888627 0.00853105 0.02290902 -0.19276630 0.30608425 0.29741390 0.26423279 0.30255403 1.00000000 0.27628457 0.28508115 0.06690251 0.22112519 0.28181298 0.35033231 0.38629336 0.22117789 -0.01883915 0.05891225 0.14841936 -0.04654404 0.04930376 0.00234007 -0.09324083 0.10552736 -0.01984251 -0.05320292 -0.13895804 0.05610771 0.11705961
-0.00445099 -0.04772548 0.13777874 -0.09163508 0.05267673 -0.06460555 -0.07140002 -0.02898649 0.03388821 0.02354385 0.00962175 0.05091323 0.00810300 0.08570943 0.03578723 0.06262656 -0.00165697 0.12201751 0.04997223 -0.04956292 0.00927323 0.08644376 -0.10620103 0.00561695 0.03646253 -0.01146027 -0.00505761 -0.02738319 -0.12647610 -0.06221450 0.02619515 -0.03485448 -0.05244328 0.03142266 -0.13906935 0.01728103 0.07381950 0.03927166 -0.10194668 -0.02731840 -0.03910822 0.02365235 -0.02150796 -0.08070520 -0.04168542 -0.09069211 -0.11092956 -0.04613152 0.00242049 -0.04693671 0.01070578 -0.03148331 0.20315579 0.18118561 0.24316574 0.16586728 0.27628457 1.00000000 0.26038133 0.25033231 0.06869146 0.17418385 0.15427395 0.25732220 0.02739329 -0.01031230 -0.03634613 -0.12691865 0.04941834 0.09959658 0.03835165 -0.09438249 -0.05033425 -0.11721376 -0.03401625 -0.00251707 0.03723601 -0.07359749
0.01544481 0.16798424 0.11274002 0.05925429 -0.05206116 0.12042116 0.01726398 0.08242182 0.03146674 0.14631250 0.07845561 0.01314034 0.00546673 0.17813729 0.18080248 0.10472670 0.09533064 0.06793267 0.09485126 0.13173092 0.01029860 0.06983694 0.03937512 0.21379748 0.18387285 0.10730176 -0.12558289 0.15266773 0.07331504 0.11214660 -0.02019468 -0.01937176 0.14466376 0.03340681 0.05565800 -0.11485410 -0.11548223 -0.02542907 -0.06089270 0.03421657 0.12341436 -0.09740459 0.18471297 0.00316196 0.02435716 0.09149083 0.06023801 0.18678646 0.24153285 0.00032308 -0.09524003 0.05291096 0.16928498 0.28576024 0.20088842 0.26674830 0.28508115 0.26038133 1.00000000 0.16878015 0.08069929 0.36458711 0.36342315 0.25255478 0.23153480 -0.00609171 0.10161632 0.04476785 -0.00513026 0.11172498 -0.00217351 0.05737954 0.03957298 0.04929454 -0.05694150 -0.09716967 0.11410187 0.09277794
0.11737306 -0.06996785 -0.02837360 0.05550682 0.11285870 -0.00921166 -0.02552025 0.01686901 0.01434343 -0.01106312 0.02452947 -0.07523327 -0.04848084 0.09456724 0.02386132 0.03476028 0.03289172 0.05491174 0.05846903 0.06250218 0.03685502 0.06936656 -0.02105179 0.14301500 0.16968820 -0.00185211 -0.09377124 0.12423049 -0.06723795 -0.03886704 0.09162493 -0.05758258 -0.06427600 0.13936633 -0.10538536 -0.02690836 0.02705107 -0.02530529 -0.09413189 0.02737872 -0.07688501 -0.01402876 -0.00959966 0.01083620 0.10418316 0.00811658 -0.00698743 0.06773696 0.07103565 -0.00853973 -0.07483294 -0.07597498 0.30506359 0.22446633 0.23379454 0.15360507 0.06690251 0.25033231 0.16878015 1.00000000 0.16269276 0.09710789 0.19253770 0.12029756 0.19815536 0.03144729 0.01986356 -0.04724976 -0.01640194 0.07527134 0.07101270 0.00284828 0.06601305 -0.05832093 -0.07646478 -0.01214948 0.09067405 -0.04935797
0.05524095 0.03250103 -0.04975095 0.02952674 0.03881735 0.04232733 0.03598982 0.07464864 -0.02377854 -0.09507609 0.01782566 -0.10502590 -0.21430520 0.08740201 -0.08228390 0.11076463 -0.15405984 -0.09498441 -0.05399418 -0.12418632 -0.16513041 -0.01338473 -0.16345672 0.05583222 0.02805612 -0.17708214 -0.16881130 0.02797434 0.00213099 0.07510161 -0.04592070 0.02008140 -0.07390017 0.00285378 0.07292534 -0.09498103 -0.05065552 -0.03902201 -0.15688865 0.18823011 0.00920930 0.01739372 -0.06536744 0.04582729 -0.10131255 -0.13737868 0.06983129 0.03592743 -0.00042725 0.06839634 0.02070956 -0.15258159 0.33837581 0.13286847 0.23508349 0.23502187 0.22112519 0.06869146 0.08069929 0.16269276 1.00000000 0.22052297 0.15041762 0.19405035 0.27936071 0.13259868 0.10390005 0.14678222 -0.03403380 0.12782299 0.05835066 0.04219896 0.15974927 0.09539098 0.07036391 0.02848252 0.09743745 0.14479009
0.19956293 0.33426677 0.02184321 0.14382080 0.17052131 0.20134444 0.00922833 0.32892178 0.15665732 0.12653426 0.15177885 0.03508006 -0.06823540 0.25516068 0.02923187 0.05057837 -0.04404659 -0.15521945 -0.04045935 0.03994762 -0.15194017 0.12180449 -0.03216286 0.20076445 0.20896011 -0.01522024 -0.27968794 0.19237515 0.19110690 0.10109222 -0.14767203 -0.00008721 0.22741394 -0.07977742 0.25188734 -0.12382113 -0.21800879 -0.21719455 -0.07044658 0.19426582 0.30808252 -0.20003110 0.08392091 0.07277206 0.08348978 0.01209267 0.21965244 0.28232864 0.31425323 0.09053416 -0.11815470 -0.17212670 0.27065282 0.30940118 0.37346691 0.23115031 0.28181298 0.17418385 0.36458711 0.09710789 0.22052297 1.00000000 0.49594697 0.37513731 0.26025034 -0.03331493 0.18670036 0.18270163 -0.04950707 0.13676102 -0.01319005 0.06279808 0.11620592 0.14484996 -0.14044267 -0.19585461 0.05978674 0.23117750
0.26959056 0.33591722 0.04394547 0.23266538 0.22336309 0.21841632 0.07609750 0.33444666 0.15774907 0.06581780 0.14284007 0.02095979 -0.10161620 0.35127931 0.08948379 0.08772853 0.06815863 -0.10254148 -0.00570995 0.13982347 -0.08133405 0.23567806 0.01381879 0.29610574 0.27078072 0.07585854 -0.37404386 0.23070690 0.17403941 0.09633322 -0.14730662 0.02027777 0.21108817 -0.01192306 0.21457689 -0.15733410 -0.33986162 -0.22848074 -0.18830680 0.14477007 0.26875818 -0.31237164 0.11871013 0.11024009 0.02385230 0.00389052 0.23221917 0.34739953 0.27274952 0.00307982 -0.22677063 -0.26406844 0.32616543 0.30633282 0.32932886 0.14477342 0.35033231 0.15427395 0.36342315 0.19253770 0.15041762 0.49594697 1.00000000 0.39366475 0.27148695 -0.13678636 0.19154984 0.22839383 -0.14603175 0.07386976 -0.08002558 -0.00099082 0.15310191 0.19039089 -0.17529474 -0.26344925 0.07919724 0.18362256
0.15132476 0.10546476 0.07817968 0.05575994 0.16217977 0.07454519 0.05014469 0.20784358 0.07735136 0.06919658 0.02890811 0.04303044 -0.11797696 0.14454668 -0.03881448 0.07590249 0.01074699 -0.06626575 0.00070746 0.01461927 -0.09931140 0.14403285 -0.04988193 0.08667171 0.15846983 -0.00191834 -0.22270727 0.09478229 0.08909795 0.01104774 -0.03613371 -0.00937756 0.12661850 0.05228629 0.13468787 -0.07912637 -0.09874444 -0.08306776 -0.19805000 0.04276490 0.09359567 -0.12384718 -0.01168691 0.03673982 -0.06682605 -0.10544642 0.06295349 0.14584886 0.16374063 0.00632200 -0.04344951 -0.24113333 0.33819087 0.37033780 0.30256340 0.25430161 0.38629336 0.25732220 0.25255478 0.12029756 0.19405035 0.37513731 0.39366475 1.00000000 0.25059577 -0.05040837 0.08699474 0.09162501 -0.09561491 0.13614060 0.01029233 -0.06333596 0.11619746 0.00441513 -0.08491795 -0.07928740 0.04505230 0.04734313
0.10465416 0.12091586 0.03209853 0.09914507 0.02716343 0.20056382 0.10254835 0.18893085 0.06610677 0.11166740 0.09944792 -0.04990184 -0.07821737 0.08859500 0.06518391 0.06439024 -0.02512593 -0.03760131 -0.00055737 0.04376535 -0.07061404 -0.02416401 -0.01842184 0.18494151 0.17218558 0.02566284 -0.16670111 0.13195652 0.06359582 0.05999003 -0.02874453 -0.11583844 0.11518357 0.06900215 0.06356865 -0.00695739 -0.11890415 -0.06936716 -0.09087900 -0.00858210 0.02219472 -0.05750639 0.11413653 0.03053729 0.04505746 0.03854782 0.06072404 0.16026032 0.22151000 -0.01764677 -0.03936553 -0.09668446 0.22945251 0.30017326 0.22854103 0.19872751 0.22117789 0.02739329 0.23153480 0.19815536 0.27936071 0.26025034 0.27148695 0.25059577 1.00000000 0.00963366 0.09930274 0.11879517 -0.01612155 0.10712956 0.08655575 0.11227522 0.08191547 0.06698138 0.03833808 -0.08133984 0.06106068 0.08557119
-0.06356244 -0.00520617 -0.02454947 0.00674092 -0.08747846 -0.00559470 0.02264245 -0.01114837 -0.02654426 -0.00927699 0.06469607 -0.07359058 -0.02557856 -0.06685795 -0.14391237 0.08179861 -0.09562934 -0.04109468 -0.02081939 -0.11717077 -0.09615793 -0.08583986 -0.03242370 -0.08771523 -0.04772819 -0.09924650 0.01884694 0.03979045 0.01409663 0.12518524 -0.10590167 0.03172676 0.00474589 -0.06612570 0.10761682 -0.05965906 0.02109012 0.08383826 0.00171118 0.06383646 0.01866669 0.22848982 0.04950037 0.02693345 -0.05945115 -0.01540618 0.02075257 -0.00405212 0.07625537 0.16476247 0.14333432 0.03017172 -0.01908333 -0.03536309 -0.08153879 -0.00362449 -0.01883915 -0.01031230 -0.00609171 0.03144729 0.13259868 -0.03331493 -0.13678636 -0.05040837 0.00963366 1.00000000 0.22733558 0.21731356 0.23097186 0.25972072 0.33565794 0.20388581 0.38111318 0.15643357 0.22770354 0.37197542 0.32835731 0.35795872
0.12393337 0.24340334 -0.00613213 0.17638528 0.06987948 0.12416658 0.10532270 0.21741164 0.10537068 0.01525570 0.10999071 0.00198843 -0.03339246 0.13013628 -0.02667769 0.02261546 -0.07157469 -0.13831662 -0.04589483 -0.06428095 -0.07279847 0.03064152 -0.08586519 0.04228821 0.06446514 -0.05679573 -0.20141817 0.11443437 0.10432982 0.12445584 -0.11004372 0.05956313 0.05981267 -0.06979704 0.20273984 -0.15381943 -0.18325997 -0.12101193 -0.08550839 0.16031742 0.20811367 -0.02990314 0.09826980 0.11155128 0.02777203 0.01824859 0.20772908 0.18609804 0.16708146 0.13871833 -0.01164115 -0.03544471 0.09388983 0.03352464 0.09261075 0.03708540 0.05891225 -0.03634613 0.10161632 0.01986356 0.10390005 0.18670036 0.19154984 0.08699474 0.09930274 0.22733558 1.00000000 0.44683085 0.13669017 0.22624878 0.27939679 0.21669819 0.32380687 0.39163133 0.15356698 0.06835482 0.32615364 0.38881848
0.23210485 0.27402342 -0.07270137 0.29241654 0.16384518 0.20814194 0.18012930 0.38802171 0.13638270 -0.02930554 0.05686372 0.03258372 -0.11879479 0.08506744 -0.14115818 -0.02971348 -0.13832970 -0.22878536 -0.18519028 -0.09140365 -0.17143324 -0.03681289 0.01191895 0.03660625 -0.02737610 -0.13866959 -0.28689378 0.15287046 0.29948945 0.11921996 -0.21570578 0.06999694 0.12761678 -0.11270852 0.37187939 -0.16489242 -0.29553257 -0.16999429 -0.02988039 0.26306571 0.28012101 -0.07056262 0.02797861 0.27091148 0.02496109 0.00694752 0.32903222 0.18824535 0.14626488 0.17349993 0.03526120 -0.17414844 0.08260522 0.00103676 0.03804655 0.05562380 0.14841936 -0.12691865 0.04476785 -0.04724976 0.14678222 0.18270163 0.22839383 0.09162501 0.11879517 0.21731356 0.44683085 1.00000000 -0.01156382 0.05561202 0.10974195 0.13353053 0.38306122 0.50167386 0.15134374 0.06536911 0.23152821 0.56560881
-0.07399092 0.00155083 0.08645180 -0.03158907 -0.10275619 -0.03232675 0.00851755 -0.08093889 0.04579454 0.06165539 0.03202392 0.06429656 0.13102348 -0.13897640 -0.01886986 -0.07624392 -0.03189014 0.01146375 -0.00221652 -0.09331546 0.02450204 -0.07276888 -0.01181103 -0.17025244 -0.11100954 -0.02209286 0.14558894 -0.09036635 -0.05905094 0.05004133 -0.02539119 0.00028167 -0.03704456 -0.03427111 -0.03553734 0.10486989 0.15100268 0.11794298 0.13405909 -0.05447880 -0.05597196 0.15203114 0.03367967 -0.04094745 0.03661817 0.04129027 -0.06908811 -0.10196914 -0.00126252 0.01960128 0.15478157 0.14644496 -0.08844848 -0.13203574 -0.10319455 0.03576538 -0.04654404 0.04941834 -0.00513026 -0.01640194 -0.03403380 -0.04950707 -0.14603175 -0.09561491 -0.01612155 0.23097186 0.13669017 -0.01156382 1.00000000 0.12631857 0.30748260 0.23542178 0.00937927 0.11888328 0.18632808 0.19196955 0.12709912 0.13370132
0.01548732 0.08634261 0.11899176 -0.07032928 -0.04351568 0.05761796 -0.06708498 -0.01642945 -0.03773692 0.08159106 0.10311487 -0.01447153 -0.06961439 0.05712732 -0.09286118 0.13808231 -0.04695214 0.01249787 0.14017194 -0.09071734 -0.08735350 0.04380152 -0.12786558 -0.00760668 0.08366674 -0.03465893 -0.07231284 0.02613250 -0.07197340 0.07907234 0.02292883 0.00320042 0.03863077 0.06824555 0.08460022 -0.06414037 0.03699897 0.09426893 -0.12992203 0.05929901 0.02779939 0.09324805 0.08832440 -0.02135992 -0.13620437 -0.07772663 -0.01771693 0.12865776 0.19112390 0.09854007 0.07122233 -0.05808694 0.13031081 0.13029207 0.11029392 0.05572737 0.04930376 0.09959658 0.11172498 0.07527134 0.12782299 0.13676102 0.07386976 0.13614060 0.10712956 0.25972072 0.22624878 0.05561202 0.12631857 1.00000000 0.29557918 0.08683531 0.29648620 0.02216047 0.09179755 0.13534407 0.42284140 0.15969432
-0.02288203 -0.00942983 0.06280498 -0.01516937 -0.05350447 -0.00574518 -0.00269444 0.05179870 0.04331127 0.07571218 0.01042395 0.02780183 -0.01052967 -0.03637772 -0.02924700 0.05566129 -0.05385644 0.01759771 0.04715165 -0.09496386 -0.02254864 -0.02879607 -0.05143961 -0.06422363 0.00266803 -0.00701672 0.01840661 0.00509185 -0.07770242 0.09217913 -0.03596402 -0.01629710 -0.04208414 0.05561580 0.00761336 -0.01785937 0.14062907 0.09936820 -0.01411416 -0.00992505 -0.07640491 0.16533067 0.04038347 -0.03054414 -0.03580153 -0.03115128 -0.05653412 0.01174820 0.05904072 0.05691380 0.09590820 0.08601633 0.02489245 0.00411997 -0.00342642 0.03072865 0.00234007 0.03835165 -0.00217351 0.07101270 0.05835066 -0.01319005 -0.08002558 0.01029233 0.08655575 0.33565794 0.27939679 0.10974195 0.30748260 0.29557918 1.00000000 0.19368300 0.23706665 0.04066813 0.14462099 0.27842007 0.39245514 0.18979787
0.04096688 0.11238717 0.01352234 0.11328750 -0.04108923 0.08109561 0.04118004 0.02801385 -0.00062043 0.05113569 0.16753245 -0.04057758 0.00392877 0.06164195 0.05235664 0.03433811 0.03608779 0.05112488 0.00056052 0.06881582 0.00686922 -0.00607844 0.04957934 0.10412394 0.07741569 0.09727638 0.01445646 0.00798924 -0.03290617 0.05980725 -0.04911156 -0.04888098 0.04341888 -0.01848231 -0.01719153 0.03564684 -0.09340616 -0.00759325 0.02941880 0.00854436 -0.01098607 0.00680324 0.08887462 -0.02263757 0.10672313 0.05496523 0.05554588 0.07930258 0.08112257 -0.02891936 -0.01383639 0.04340830 -0.03439966 -0.03650591 0.00259305 -0.02562620 -0.09324083 -0.09438249 0.05737954 0.00284828 0.04219896 0.06279808 -0.00099082 -0.06333596 0.11227522 0.20388581 0.21669819 0.13353053 0.23542178 0.08683531 0.19368300 1.00000000 0.11022950 0.27638537 0.35051449 0.07995387 0.12148746 0.23206921
0.18945425 0.13644022 -0.04996293 0.10132076 0.09280356 0.06009294 -0.00502420 0.17933561 0.03256385 0.01857991 0.06958819 -0.04016833 -0.13322984 0.03675520 -0.12686087 0.06224309 -0.12444540 -0.11390956 -0.12407949 -0.11627321 -0.12658483 0.01833532 -0.10484393 -0.00480514 0.02767306 -0.09540964 -0.22435422 0.09178046 0.08348417 0.05998823 -0.11481352 -0.05433313 -0.03455122 0.04657507 0.21408420 -0.11437917 -0.10548669 0.00898323 -0.14593997 0.14538975 0.04522048 0.03727324 0.04765083 0.08384585 -0.08764845 -0.10380741 0.11712314 0.10263530 0.09905031 0.07356518 -0.01974994 -0.21722112 0.14359726 0.12679667 0.10124303 0.06003400 0.10552736 -0.05033425 0.03957298 0.06601305 0.15974927 0.11620592 0.15310191 0.11619746 0.08191547 0.38111318 0.32380687 0.38306122 0.00937927 0.29648620 0.23706665 0.11022950 1.00000000 0.25551112 0.17177376 0.17359060 0.42616950 0.34300305
0.13101332 0.26688329 -0.06444671 0.28042165 0.05849570 0.12595224 0.15916357 0.22055270 0.12144239 -0.03452962 0.07695249 -0.02606911 0.01848508 0.13176136 -0.01387475 -0.02980350 -0.05295853 -0.17918607 -0.15780615 -0.01492272 -0.04104132 0.01751261 0.02530858 0.05531228 -0.01361248 -0.05506697 -0.25531211 0.13374062 0.22549383 0.11484285 -0.16611472 0.09752842 0.08336593 -0.12471316 0.26388036 -0.14613563 -0.30891828 -0.14161791 0.03093436 0.21490453 0.25821096 -0.09711435 0.06518306 0.22861825 0.07365327 0.03379378 0.27795052 0.18538626 0.10864653 0.09612572 -0.04654553 -0.04311522 0.01199224 -0.07388897 0.03089306 0.00479714 -0.01984251 -0.11721376 0.04929454 -0.05832093 0.09539098 0.14484996 0.19039089 0.00441513 0.06698138 0.15643357 0.39163133 0.50167386 0.11888328 0.02216047 0.04066813 0.27638537 0.25551112 1.00000000 0.24091847 0.09588774 0.20823058 0.45254666
-0.07710725 -0.06969223 0.02943379 -0.04579257 -0.10622844 -0.02719260 0.09215840 -0.04551002 -0.02285922 -0.05543136 0.02254156 -0.00552508 0.04873142 -0.07554502 0.00386757 0.03715451 -0.02957104 0.11775447 -0.00266186 -0.06362030 -0.00093050 -0.10045787 -0.00728246 -0.03453093 -0.04850476 -0.02120027 0.09900241 -0.06513093 -0.07080590 0.00725139 0.01258758 -0.06771819 -0.06669408 0.00756329 -0.04968937 0.05533909 0.03735732 0.07722511 -0.01292266 -0.01074434 -0.11627257 0.12213539 -0.01170446 -0.02034152 -0.01896166 -0.04874108 -0.08688802 -0.07685538 -0.07563770 -0.02351464 0.14275209 0.10115568 -0.04498274 -0.05118487 -0.09325415 -0.02389304 -0.05320292 -0.03401625 -0.05694150 -0.07646478 0.07036391 -0.14044267 -0.17529474 -0.08491795 0.03833808 0.22770354 0.15356698 0.15134374 0.18632808 0.09179755 0.14462099 0.35051449 0.17177376 0.24091847 1.00000000 0.32145302 0.14642056 0.21897346
-0.17213865 -0.15908078 -0.02273309 -0.07103075 -0.13697896 -0.16020096 0.04916565 -0.11496651 -0.06262658 -0.09101470 -0.06335068 -0.02637394 0.02150024 -0.15433888 -0.09776774 -0.00505924 -0.08346770 0.06919144 -0.01048497 -0.13161547 0.01668555 -0.11984908 0.02069544 -0.15080727 -0.14659257 -0.10368311 0.09777748 -0.06194969 -0.07817057 0.01551421 0.05892951 0.04487496 -0.05243259 0.03941491 -0.04632504 0.05759041 0.13762714 0.14674448 0.01308542 -0.03639435 -0.14360236 0.21745974 -0.09761083 -0.00835953 -0.03165518 -0.01404462 -0.06017711 -0.20441923 -0.11285402 0.01060924 0.14654794 0.08491105 -0.07259708 -0.11997565 -0.15635628 -0.05043935 -0.13895804 -0.00251707 -0.09716967 -0.01214948 0.02848252 -0.19585461 -0.26344925 -0.07928740 -0.08133984 0.37197542 0.06835482 0.06536911 0.19196955 0.13534407 0.27842007 0.07995387 0.17359060 0.09588774 0.32145302 1.00000000 0.12515557 0.02477051
0.03683652 0.00997775 -0.00712164 0.01324374 -0.07339722 0.02655074 -0.06560544 0.00555157 -0.03770965 0.06603908 0.03119601 0.02271415 -0.03270160 0.06708308 0.01736277 0.11753159 0.02460241 0.01103265 0.00888530 -0.03510089 -0.03680198 0.05761236 -0.12573625 0.03598320 0.06823012 0.02505903 -0.14739613 0.10486085 -0.04951724 0.13037030 -0.02161551 -0.01000929 -0.11852429 0.14649701 0.08336663 -0.08376773 -0.02096666 0.19611112 -0.11876856 0.11791657 0.01068028 0.10122480 0.17927667 0.06503639 -0.11052836 -0.04818044 -0.06450059 0.08269749 0.11220996 0.04176716 0.01246084 0.01944217 0.13343946 0.07482268 0.05267474 0.01375575 0.05610771 0.03723601 0.11410187 0.09067405 0.09743745 0.05978674 0.07919724 0.04505230 0.06106068 0.32835731 0.32615364 0.23152821 0.12709912 0.42284140 0.39245514 0.12148746 0.42616950 0.20823058 0.14642056 0.12515557 1.00000000 0.21539060
0.19733821 0.33611382 0.03981577 0.25639387 0.14409323 0.21991166 0.16766753 0.37389994 0.21836108 0.05283128 0.14758170 0.03787920 0.00744037 0.13360943 -0.09326722 0.05418756 -0.10504833 -0.16343103 -0.08202072 -0.08001628 -0.15699000 0.00399402 -0.03197225 0.04089134 0.05707725 -0.10808720 -0.21741128 0.15377896 0.25155895 0.18952587 -0.18508531 0.09438761 0.19574273 -0.14739479 0.32963613 -0.15101301 -0.26861978 -0.15985000 -0.00393984 0.23184315 0.30107587 -0.04471109 0.09902558 0.20769173 0.03143701 0.00465126 0.30074843 0.22471428 0.20564358 0.18961041 0.04266419 -0.06314191 0.05907243 0.01934467 0.07426726 0.07874766 0.11705961 -0.07359749 0.09277794 -0.04935797 0.14479009 0.23117750 0.18362256 0.04734313 0.08557119 0.35795872 0.38881848 0.56560881 0.13370132 0.15969432 0.18979787 0.23206921 0.34300305 0.45254666 0.21897346 0.02477051 0.21539060 1.00000000
