1.00000000 0.16923110 0.11668222 0.18731902 0.24448948 0.17213828 0.21206453 0.35631743 0.22415485 0.02897605 0.27385669 0.02381230 0.09349214 -0.08726982 0.00787819 0.02423578 -0.01291968 0.06745812 0.08737858 -0.03899099 0.04737368 -0.07350206 -0.05197432 -0.11350844 -0.04432757 0.01356726 0.01879664 0.01176591 0.04271687 -0.01914763 -0.03668320 -0.08526716 -0.20051867 -0.01464240 -0.02558542 -0.04443092 -0.01825473 -0.04089478 0.15098367 0.01633637 0.02187743 0.07755226 0.05551468 0.09606519 -0.00358573 0.01304290 0.01469127 0.07840848 0.06109417 0.12028205 0.01387015 0.05525738 0.08847053 -0.02973339 -0.06175221 -0.01169718 0.01886901 -0.05021615 -0.05936011 0.02733265 0.01827241 -0.05153989 0.09125307 0.01599088 -0.06737876 0.07169133 0.02639763 -0.08394072 -0.03507881 0.11053645 0.01024570 0.13409258 0.02795971 -0.13769764 -0.09906380 -0.08816289 -0.02590762 0.03128723
0.16923110 1.00000000 0.41736888 0.33878719 0.14208377 0.16425884 0.24846464 0.35192526 0.38158042 0.15640531 0.49240711 0.23130425 0.34205829 0.06744039 0.07868684 -0.03002629 0.05769292 0.21174714 0.20457288 -0.11675469 0.10466839 0.00645181 0.17737711 -0.04454243 -0.06358640 -0.02966304 -0.02748081 -0.04383123 -0.07889867 -0.03751701 -0.06644473 -0.05023555 -0.20726786 -0.01624077 -0.00795230 -0.08359085 -0.10720456 0.03954567 0.00874425 -0.05000886 -0.03978156 0.20495707 0.02915650 0.05971621 0.01446301 0.04143380 -0.01355395 0.07343367 -0.11115207 0.02241724 0.05819876 0.01767126 -0.03930857 -0.09535819 0.13987517 -0.06811851 0.03414451 -0.02450761 0.12273059 -0.03843148 -0.10573210 0.01163617 0.09800865 0.13018333 -0.08746787 0.16916044 -0.10525790 -0.20598247 0.05823739 0.19373007 -0.02516699 0.10913678 -0.04795424 -0.20353898 0.05565067 0.02513404 -0.25516079 -0.07988580
0.11668222 0.41736888 1.00000000 0.26894008 0.12274519 0.17619420 0.46904114 0.33576798 0.53128658 0.33538553 0.50980974 0.28335111 0.35599515 0.02254386 0.10448921 -0.02706081 -0.02238057 0.17681671 0.11542831 -0.06893777 0.02495669 -0.03143136 0.09405784 -0.09146248 -0.02538902 -0.04817822 -0.00099983 -0.04134110 0.01827294 -0.01659854 -0.05893819 0.07203749 -0.08687517 -0.03819026 -0.02692549 -0.06032088 0.02616164 -0.03201556 0.13624123 -0.07326464 -0.13141964 0.05762073 -0.06722247 -0.03778817 -0.02781294 -0.05055617 -0.02239032 -0.00249071 -0.05758553 0.00368943 0.00635413 -0.06895377 -0.08413420 -0.01848677 0.04930535 -0.01750206 -0.03847690 -0.05400296 0.01190609 0.00538171 -0.12681360 -0.12474244 -0.01414301 0.03282659 -0.03334550 0.03379877 -0.17130497 -0.19789156 0.02406080 -0.00240508 0.04637215 -0.05926556 -0.17048840 -0.17272433 -0.11711475 -0.01530465 -0.21071668 -0.11491059
0.18731902 0.33878719 0.26894008 1.00000000 0.26980780 0.25211663 0.23051166 0.21770123 0.23904925 0.15268729 0.25117859 0.10877478 0.27205980 -0.01354037 0.15319287 0.05365639 0.02047837 0.03795883 0.15785512 -0.07422421 0.03985931 -0.03240381 0.06898536 -0.08370405 0.10607454 0.00361668 -0.09294470 -0.16554275 0.00638575 0.09508362 -0.02620831 0.09704698 -0.09327525 -0.04843172 0.04559661 -0.17872277 -0.15777362 0.10235301 -0.13510375 0.16724485 0.07884805 0.09664456 0.11978405 0.16179103 -0.09763266 -0.06669446 0.14355397 0.05923939 -0.04881131 0.04680540 0.11799556 0.03333955 0.07128705 -0.11628599 0.04463393 0.04711241 -0.00299763 -0.00619515 0.08638379 0.13914673 0.04342227 -0.02374958 -0.01316492 0.14349335 0.09066137 0.17491223 0.01533047 -0.04122288 0.09809395 0.19878754 0.19909585 0.12390682 0.11265376 0.00167319 0.01634967 0.06919514 0.10053895 -0.08850616
0.24448948 0.14208377 0.12274519 0.26980780 1.00000000 0.17421609 0.11313553 0.14112307 0.21515418 0.09774797 0.07833425 0.17968408 0.20723876 0.09289972 0.15290477 0.15449915 0.07701529 -0.00109722 0.05522404 0.09050790 0.11438551 0.03236758 0.00903712 0.11828022 -0.07343045 0.14385549 0.02921090 0.04662341 0.03737698 0.07854628 -0.07205840 -0.04342436 0.01393907 0.01209556 0.03367032 -0.06674101 -0.09206379 0.03248933 0.02273110 0.08213219 0.14949186 0.03677868 0.10535585 0.09433269 -0.06957391 -0.01524175 0.04338824 0.09373914 -0.01500295 0.02977598 0.00156401 0.09198163 0.08019764 -0.03429850 -0.07477357 0.02669516 0.16234941 -0.10174426 -0.08748419 0.04793199 0.00122342 -0.03611732 -0.12259393 0.02103590 0.04160806 0.05626547 0.05012583 -0.08584189 0.06913190 -0.04833605 0.17017989 0.07031613 -0.07221991 -0.14115878 -0.03728739 -0.05071420 -0.09121435 0.07639621
0.17213828 0.16425884 0.17619420 0.25211663 0.17421609 1.00000000 0.21883516 0.17733012 0.14834050 0.21969286 0.17109119 0.10711597 0.19788173 -0.02526735 -0.00403687 0.19903360 0.15408103 0.01390903 0.05968723 0.06829518 0.14736890 -0.02716876 0.16650317 0.00658323 0.05892350 0.04948100 0.02204705 -0.10764526 -0.09486477 0.11011435 0.03827044 0.02218536 -0.02061642 0.06804597 0.15939595 -0.15642850 -0.05272697 0.14536128 -0.05981034 0.03497053 0.14174796 0.01942192 0.07943135 0.08652254 0.02289746 -0.04346040 -0.00930990 0.17974787 0.12495709 0.13910088 0.03441233 0.01594039 0.13771524 0.02638064 0.03034027 0.04897813 -0.00731286 0.09680811 0.04898070 0.20135244 0.05197948 0.11059518 0.07508196 0.08152732 0.04380599 0.08064771 0.04915149 -0.12296813 0.14395727 0.22586458 0.25422414 0.10534886 0.11373501 -0.09457563 -0.10314407 -0.01507777 0.04558751 0.07046480
0.21206453 0.24846464 0.46904114 0.23051166 0.11313553 0.21883516 1.00000000 0.32947374 0.48009171 0.28440868 0.50962628 0.15668760 0.49036008 -0.01278206 0.13558553 0.14940226 0.12077210 0.08879246 0.05727473 -0.01130822 0.05527599 0.03235361 0.03809167 -0.03218961 0.12105706 0.14168385 0.02135307 -0.10189988 -0.02050607 0.03209341 -0.04940195 0.00580404 -0.14843488 0.15691470 -0.00945093 -0.05905500 -0.04618267 0.03719796 0.09765239 0.10915803 0.00243960 -0.03337430 0.07738531 0.10560998 0.06329063 0.12983011 -0.06072323 0.09029743 0.05689666 0.14026818 0.03852792 0.09953716 0.07179665 -0.01057639 0.18206325 0.11240768 0.04665804 0.00330316 0.09888339 0.03767203 0.06070432 -0.06143032 0.10558556 0.16890244 -0.00038100 0.11785519 -0.17509878 -0.16846873 -0.03500356 0.04062985 -0.02508538 -0.09638548 -0.28506536 -0.19032206 -0.06206008 -0.03376997 -0.29172291 -0.10577083
0.35631743 0.35192526 0.33576798 0.21770123 0.14112307 0.17733012 0.32947374 1.00000000 0.38401430 0.16899899 0.32645185 0.14934064 0.29391659 -0.03243663 0.11419626 0.02717282 0.05694379 0.16703584 0.13907219 -0.01443381 0.07435133 0.02432699 0.04084774 -0.06927478 -0.06157705 -0.01026379 0.02458895 -0.07424151 -0.01870159 0.03101752 -0.04266978 -0.08143455 -0.11622576 0.01870412 -0.03314138 -0.07078400 -0.03245244 -0.05540052 0.05647866 -0.01987645 -0.03228958 0.05367285 0.01523635 0.14678870 -0.00355681 -0.06020281 -0.08202752 0.08098698 -0.04890593 0.04651847 0.00352701 0.00521273 0.07430687 -0.06928879 0.13292582 0.10276750 0.04114163 0.02810974 -0.01728890 0.10848635 -0.04730499 -0.05595892 0.11025871 -0.02749439 0.01182979 0.05567180 -0.06252645 -0.16975562 -0.06064113 -0.06096500 0.09590604 0.07793589 -0.12447338 -0.17025180 -0.19428461 -0.16065002 -0.17042147 -0.08409885
0.22415485 0.38158042 0.53128658 0.23904925 0.21515418 0.14834050 0.48009171 0.38401430 1.00000000 0.33521977 0.51049900 0.23986987 0.45609344 0.04251278 0.15186975 0.04264163 0.12246494 0.03436857 0.10454987 -0.06119382 0.13625076 -0.04207838 0.10774175 -0.03562976 -0.04363155 0.01731729 0.07219591 -0.11026690 0.07000109 0.09881586 -0.00905156 -0.02591975 -0.15815805 0.11900193 -0.05065248 0.01697530 0.01715702 -0.01753970 0.24191963 0.05894813 -0.00452796 0.08316241 0.02754745 0.09775780 -0.03234422 0.01437120 0.00775553 0.14136819 0.03002448 0.11039208 0.05104107 0.07177811 0.11650963 -0.02041300 0.04386329 0.06495362 0.00031396 0.02170944 0.00870701 0.02871442 0.01081671 -0.07859696 -0.05152968 -0.03367722 -0.07717682 0.13253362 -0.18256329 -0.23678895 -0.04604622 0.12243591 0.03704701 0.06614785 -0.14615851 -0.16282307 -0.04731256 -0.08281532 -0.34725066 -0.07427180
0.02897605 0.15640531 0.33538553 0.15268729 0.09774797 0.21969286 0.28440868 0.16899899 0.33521977 1.00000000 0.23369203 0.15763063 0.08597465 -0.00067211 0.10106731 0.09594117 0.09701616 -0.04259427 -0.01003425 0.01174384 0.13844770 -0.04363190 -0.04981577 -0.08855832 -0.00246117 0.03635354 -0.00971224 -0.00844706 -0.02016762 0.20720807 0.03017088 -0.01487356 -0.03083298 0.04515698 0.14361944 -0.07641918 -0.02835161 0.13860963 0.06259212 -0.07491591 -0.00609759 0.09255622 0.03598372 0.02621897 -0.06565411 -0.00677959 -0.00484281 0.09142765 0.06731922 0.05649281 -0.06424072 -0.05621134 0.11999574 -0.00066679 0.10917398 0.02877002 -0.05425623 0.09110477 0.14071550 0.02331020 -0.06046926 -0.06668486 0.01770689 0.06579136 -0.12044149 -0.05368868 -0.03630294 -0.16630854 -0.04821816 0.12591514 0.05429102 -0.05633003 -0.00305844 -0.09109832 -0.03570667 -0.03062575 -0.05871771 -0.01684943
0.27385669 0.49240711 0.50980974 0.25117859 0.07833425 0.17109119 0.50962628 0.32645185 0.51049900 0.23369203 1.00000000 0.15103323 0.48906337 0.02829170 -0.02320930 0.02486176 -0.02576720 0.08282870 0.09922667 -0.10544704 0.02185740 -0.02768186 -0.01057235 -0.11880881 -0.01306299 -0.01303189 0.04773493 -0.05634957 -0.06401311 0.04390118 -0.06016766 -0.07503935 -0.20093661 0.00282701 0.00624776 -0.08499247 -0.04451746 0.01641429 0.15706999 -0.06183202 -0.04530396 0.11819668 0.05422195 0.01752804 -0.07241026 -0.01435065 -0.00889787 0.04035428 0.02835413 0.04811249 0.09292292 0.03653883 -0.05618634 -0.03978119 0.06514986 -0.02871369 0.00349646 -0.06359209 0.12201854 0.02274430 -0.00282194 -0.12470152 0.02841474 0.07142828 -0.05487357 0.16640016 -0.02763487 -0.24694920 0.15203484 0.15603899 0.13430719 0.00894204 -0.15092331 -0.26189003 -0.04924606 -0.06122419 -0.31422943 -0.11984427
0.02381230 0.23130425 0.28335111 0.10877478 0.17968408 0.10711597 0.15668760 0.14934064 0.23986987 0.15763063 0.15103323 1.00000000 0.29769907 -0.00909848 -0.01593704 -0.08961631 -0.05843642 -0.01981901 -0.00791120 -0.17081352 0.00373304 -0.10028898 0.03154157 -0.08234793 -0.13291714 -0.05778352 -0.12333619 -0.01009923 0.05444589 -0.16685096 -0.14913627 0.05606212 -0.10825238 -0.07059877 -0.15832478 -0.11868170 -0.10518017 -0.14746345 -0.14477014 -0.14633038 -0.16768833 -0.02409206 -0.06913016 -0.09383766 -0.05498270 -0.06999094 0.02835235 -0.10244293 -0.13045210 -0.14309164 -0.09143448 -0.06639399 -0.09236512 -0.03757913 0.00858797 -0.01794171 -0.00123311 0.06945748 -0.05819814 0.02865512 -0.05757385 0.00174339 -0.06739932 0.00269269 -0.00360920 0.00837367 -0.03811390 -0.05350934 0.01226406 0.00536219 -0.04381047 -0.12078696 -0.12781617 0.02652730 0.12831699 0.11349560 -0.10622377 -0.04234803
0.09349214 0.34205829 0.35599515 0.27205980 0.20723876 0.19788173 0.49036008 0.29391659 0.45609344 0.08597465 0.48906337 0.29769907 1.00000000 -0.01682820 0.03475246 0.04963011 0.05833018 0.02868247 0.01946667 -0.07026172 0.03157219 -0.00681526 0.02378230 -0.06652596 -0.01730086 0.03080705 -0.01015314 -0.21908521 -0.07659971 0.00522014 -0.17894887 -0.06975972 -0.24467295 0.03680813 0.00220262 -0.14370245 -0.17064498 -0.04610531 -0.05059607 0.02065482 0.04762899 0.03375722 0.11618860 0.09814825 -0.01521153 -0.00060757 0.05380093 0.06064065 -0.03318045 0.10595288 0.10656704 0.10955048 -0.03352441 0.02514024 0.08688870 0.16412179 0.07913187 -0.00908310 0.06882840 -0.03961611 0.00609395 0.09537398 0.04581925 0.09887488 0.05846230 0.13921381 -0.10975348 -0.20911315 0.02258620 0.06615126 0.02456756 -0.09593823 -0.20489857 -0.21918968 0.02342881 -0.00088009 -0.27750359 -0.16893172
-0.08726982 0.06744039 0.02254386 -0.01354037 0.09289972 -0.02526735 -0.01278206 -0.03243663 0.04251278 -0.00067211 0.02829170 -0.00909848 -0.01682820 1.00000000 0.24671150 0.21613829 0.14468234 0.15297774 0.08416315 0.16873527 0.06796559 0.39212644 0.13504975 0.41054808 0.16278565 0.11657750 -0.16151149 0.02076744 0.04080553 0.00048686 0.03133382 0.01964056 0.07105422 0.00111880 -0.11383237 -0.15995480 -0.10879662 -0.07454142 -0.10627255 0.19157115 0.05826580 -0.07249502 0.04476562 0.07941848 0.15141818 0.07380855 -0.04796505 0.12031814 -0.08139424 0.07647030 -0.10840365 0.04073453 0.11099618 0.03057947 0.05613124 -0.03863615 -0.07911100 -0.03108595 0.06852595 0.12633276 0.11286522 -0.03384023 0.00802724 -0.05499219 -0.05110656 0.00961015 -0.00557605 -0.00897062 -0.06725987 -0.11744295 -0.06930172 0.01852599 -0.14730399 -0.05406477 0.08506741 -0.10668636 -0.05307468 0.06402096
0.00787819 0.07868684 0.10448921 0.15319287 0.15290477 -0.00403687 0.13558553 0.11419626 0.15186975 0.10106731 -0.02320930 -0.01593704 0.03475246 0.24671150 1.00000000 0.14449808 0.23802098 0.15271657 0.26009719 0.16915612 0.22840304 0.21665893 0.22022841 0.17603945 0.32698599 0.22424943 0.13549904 -0.03475778 0.06379843 0.08313670 0.18583102 -0.08030945 0.16301328 0.02882526 0.07152739 0.11107684 0.07622827 0.24668723 0.15690308 0.10346204 0.14865822 0.03752688 0.13990461 0.07895267 0.13964402 0.14904909 -0.04140947 0.15226812 0.22768883 0.14805897 0.18518785 0.05318116 0.21696048 0.02768388 0.10325161 0.02909567 0.00390171 -0.00023000 0.15855701 0.18204810 0.04167691 -0.06212488 -0.06804781 -0.05071049 0.04048119 -0.08603491 -0.04731377 0.06444080 -0.08504144 -0.13568163 -0.05522225 0.07485595 0.01565544 -0.06715632 -0.02801312 0.02303232 0.01842709 -0.12812671
0.02423578 -0.03002629 -0.02706081 0.05365639 0.15449915 0.19903360 0.14940226 0.02717282 0.04264163 0.09594117 0.02486176 -0.08961631 0.04963011 0.21613829 0.14449808 1.00000000 0.48119404 0.11202169 0.07745430 0.38317680 0.26250367 0.37018683 0.28266247 0.49849149 0.33371173 0.54463236 -0.03564854 -0.06880298 -0.02872356 0.26566996 -0.03639010 -0.08461527 -0.05812043 0.13323627 0.13015447 -0.23577140 -0.16188296 0.13832160 -0.18140883 0.06422499 0.16057341 -0.10623328 0.14805398 0.20995663 0.17886555 0.01782846 -0.14002927 0.20803095 0.19420010 0.16240429 0.03048182 0.14978853 0.11145304 0.08800975 0.01686606 0.11637933 -0.05036497 -0.00899269 0.11583290 0.06271996 0.17697797 0.12269990 0.03778474 0.03597042 0.02829356 0.11733083 0.07175614 0.10120461 -0.03065071 0.04817153 0.09446753 0.09122347 -0.00373038 -0.04661813 0.03706509 0.01704705 0.08814707 0.10925131
-0.01291968 0.05769292 -0.02238057 0.02047837 0.07701529 0.15408103 0.12077210 0.05694379 0.12246494 0.09701616 -0.02576720 -0.05843642 0.05833018 0.14468234 0.23802098 0.48119404 1.00000000 0.10733521 0.15561242 0.54030291 0.24943440 0.44369894 0.13500437 0.42627290 0.38991071 0.58885552 0.18178977 -0.00500584 0.00240180 0.19623394 0.06918955 0.09485223 0.16017025 0.20939891 0.11613357 -0.02416465 0.06457802 0.09078215 0.04236951 -0.02034061 0.12255951 -0.05544398 0.06393258 0.09386869 0.18387784 0.05867058 -0.24368393 0.22181904 0.19395701 0.21964624 0.10800911 0.12207391 0.04543705 0.02874257 -0.00353372 0.16570711 -0.04101597 -0.02156906 0.08190263 0.04824136 0.15687787 -0.01119222 -0.06987712 -0.05435746 0.13889158 0.13968931 -0.02515099 -0.02455846 -0.01066917 -0.00741171 0.01886816 -0.01831755 0.04021930 -0.08965981 0.02772943 -0.00923318 -0.02212473 -0.00429962
0.06745812 0.21174714 0.17681671 0.03795883 -0.00109722 0.01390903 0.08879246 0.16703584 0.03436857 -0.04259427 0.08282870 -0.01981901 0.02868247 0.15297774 0.15271657 0.11202169 0.10733521 1.00000000 0.40242737 0.21574061 0.09105242 0.35179565 0.20793981 0.19213579 0.29873185 0.12670181 -0.09710681 -0.03606599 0.03177524 -0.08050802 -0.07598425 -0.08325427 -0.00062113 -0.08217189 -0.08069783 -0.03843890 -0.05803647 0.00227117 -0.03469461 0.09960926 -0.04843973 -0.00800279 -0.01238664 0.00335637 0.06078631 0.08980992 0.07104222 -0.17802656 -0.06104606 -0.02451025 -0.10295809 -0.03712070 0.05971608 0.04592791 0.07574017 -0.05064968 -0.03381147 -0.03733321 0.01224917 0.08072374 -0.10832796 -0.02185356 0.16449980 0.16387540 -0.12783353 -0.01581874 -0.06828100 -0.04003524 -0.03438521 -0.09587971 -0.03507244 -0.03263141 -0.15989644 -0.15299292 -0.09668585 -0.09917030 -0.10197377 -0.06366293
0.08737858 0.20457288 0.11542831 0.15785512 0.05522404 0.05968723 0.05727473 0.13907219 0.10454987 -0.01003425 0.09922667 -0.00791120 0.01946667 0.08416315 0.26009719 0.07745430 0.15561242 0.40242737 1.00000000 -0.01495718 0.23855066 0.10847420 0.26293970 -0.06383862 0.28559599 0.03679816 -0.02763161 -0.17640029 -0.06440438 -0.03831836 0.05076325 -0.11663923 0.07056299 0.00246798 0.00978052 0.16807828 0.14689394 0.18203056 0.03174184 0.19763153 0.15410883 0.21714857 0.18410435 -0.05064599 0.10167688 0.13701538 0.05991955 0.11906453 0.10981485 0.20462091 0.17980598 0.10242182 0.13980870 0.09836054 0.11250638 0.00526268 0.08433710 -0.01448607 -0.00483015 0.11562396 -0.14106458 -0.08342578 0.04571601 0.17760426 -0.06834165 0.12134394 -0.05819439 -0.07467223 0.00201107 0.05069527 0.11810523 0.08445181 0.07983735 -0.07625237 -0.04638328 -0.01507425 -0.07605763 0.00854655
-0.03899099 -0.11675469 -0.06893777 -0.07422421 0.09050790 0.06829518 -0.01130822 -0.01443381 -0.06119382 0.01174384 -0.10544704 -0.17081352 -0.07026172 0.16873527 0.16915612 0.38317680 0.54030291 0.21574061 -0.01495718 1.00000000 0.08008406 0.51632786 0.09620614 0.60419116 0.35641704 0.67957080 0.14633552 0.11106526 0.00215861 0.12983076 -0.01222095 -0.05228059 0.15699683 0.01443127 0.03204938 -0.11201431 -0.12356985 -0.05365864 0.01771950 -0.06321280 0.16613305 -0.15733090 0.02415224 0.17415129 0.16062570 0.12258162 -0.14782822 0.18632665 0.08529912 0.09357325 -0.01059360 0.20255809 -0.01749135 0.01549586 -0.12061210 -0.07341039 -0.08184781 -0.02810159 0.03512177 -0.06034819 0.08231428 -0.03214629 -0.17519320 -0.05962974 0.02681529 -0.00377583 0.07606505 0.15899694 -0.05457337 -0.18165410 0.12422023 0.07225184 -0.02463058 0.01266408 0.02792810 -0.10280635 0.14850344 0.05724024
0.04737368 0.10466839 0.02495669 0.03985931 0.11438551 0.14736890 0.05527599 0.07435133 0.13625076 0.13844770 0.02185740 0.00373304 0.03157219 0.06796559 0.22840304 0.26250367 0.24943440 0.09105242 0.23855066 0.08008406 1.00000000 0.10046249 0.30446061 0.06040208 0.21605368 0.25753785 0.00563096 -0.12048900 -0.22863555 0.19274440 0.08989926 -0.14418147 -0.06363889 0.16359809 0.14534945 0.08227075 0.03622750 0.27403670 -0.05624826 0.07157585 0.25167891 0.19561857 0.13702738 0.02001043 0.20034663 0.06353195 -0.13922020 0.30314523 0.32971118 0.24481930 0.14741764 0.14905877 0.17318053 0.10989896 0.09545172 0.12260373 -0.11499363 0.01566784 0.11738402 0.12480387 0.01908061 0.04029607 -0.02702524 0.16419142 0.05824116 0.09527667 0.04054448 -0.05976546 0.05138743 0.16625235 0.10902660 0.01231806 0.12028447 -0.02294539 -0.11132878 -0.05219615 0.08418550 -0.01691429
-0.07350206 0.00645181 -0.03143136 -0.03240381 0.03236758 -0.02716876 0.03235361 0.02432699 -0.04207838 -0.04363190 -0.02768186 -0.10028898 -0.00681526 0.39212644 0.21665893 0.37018683 0.44369894 0.35179565 0.10847420 0.51632786 0.10046249 1.00000000 0.30266128 0.62773450 0.30254623 0.47767060 -0.06787903 -0.00062698 0.04760962 -0.00165627 -0.02431161 0.03271959 0.06672726 -0.03980543 -0.13365845 -0.06720156 -0.03775839 -0.12474250 -0.13266158 -0.05725529 0.00935789 -0.07715168 -0.02862824 0.06922823 0.09929387 0.12694992 -0.26520062 0.01365153 0.05202094 0.15048430 -0.00150122 -0.00911461 0.16177445 0.11262484 -0.01831189 0.01588691 -0.02246842 -0.05699487 0.03842013 0.11218054 0.16195637 0.08276299 -0.04891255 0.10711850 0.08940874 -0.03386921 -0.01782327 0.03145557 -0.06833142 -0.23936297 -0.02338359 -0.04171021 -0.09640885 -0.15552351 -0.02861430 -0.13498824 -0.01544841 0.03946447
-0.05197432 0.17737711 0.09405784 0.06898536 0.00903712 0.16650317 0.03809167 0.04084774 0.10774175 -0.04981577 -0.01057235 0.03154157 0.02378230 0.13504975 0.22022841 0.28266247 0.13500437 0.20793981 0.26293970 0.09620614 0.30446061 0.30266128 1.00000000 0.22515129 0.23746694 0.12038334 0.04574307 -0.10917742 0.01912625 -0.03315166 0.03810562 -0.06235526 -0.12060979 -0.01171994 0.00774440 -0.02827355 0.05795698 0.12204404 -0.07489863 0.01405610 -0.00214912 0.05098438 0.06013184 0.03815782 0.18755337 0.09824339 -0.15496692 -0.03213556 0.10684909 0.07152556 0.08105182 -0.06929089 0.14352746 0.11032789 0.05965780 0.08438557 0.05705860 0.04825204 0.10251942 0.02242415 -0.08012640 0.11316243 -0.00921931 0.21782157 -0.04231184 0.08354345 -0.03564993 -0.08539833 0.04075917 0.05189689 -0.05805824 -0.01145144 -0.03452864 -0.11432732 -0.02035845 -0.05244955 -0.07286460 0.05472463
-0.11350844 -0.04454243 -0.09146248 -0.08370405 0.11828022 0.00658323 -0.03218961 -0.06927478 -0.03562976 -0.08855832 -0.11880881 -0.08234793 -0.06652596 0.41054808 0.17603945 0.49849149 0.42627290 0.19213579 -0.06383862 0.60419116 0.06040208 0.62773450 0.22515129 1.00000000 0.24859290 0.54610584 -0.09447705 0.08570910 0.09860580 -0.02651142 -0.14389984 -0.05607877 0.02858450 -0.09070842 -0.10304514 -0.27833921 -0.26656314 -0.17122880 -0.18753326 -0.01926044 -0.04689252 -0.18779300 -0.07680600 0.24447099 0.11172364 -0.03028635 -0.11922386 -0.01319051 -0.09386224 -0.04079011 -0.12178321 0.01969816 0.01994809 -0.01722065 -0.09465842 -0.06396387 0.00641150 -0.00740707 -0.01329134 0.00916506 0.10286599 0.01809384 -0.21461103 -0.05610525 0.03777971 -0.06217880 0.02858935 0.05187519 -0.14945684 -0.22583479 -0.05542163 -0.06492730 -0.14747505 -0.07932486 -0.04365206 -0.14201625 0.05610028 0.09996834
-0.04432757 -0.06358640 -0.02538902 0.10607454 -0.07343045 0.05892350 0.12105706 -0.06157705 -0.04363155 -0.00246117 -0.01306299 -0.13291714 -0.01730086 0.16278565 0.32698599 0.33371173 0.38991071 0.29873185 0.28559599 0.35641704 0.21605368 0.30254623 0.23746694 0.24859290 1.00000000 0.50348791 0.13031772 -0.09813642 -0.09606789 0.11551597 0.14545537 0.03530185 0.15147388 0.11216379 0.14500523 0.12661548 0.08148037 0.29732708 0.00379417 0.07041289 0.25165139 0.14303078 0.27431194 0.10890277 0.17292499 0.22695598 -0.09754722 0.23284025 0.31834510 0.35451659 0.17317916 0.23477531 0.12852659 0.14598469 0.15988271 0.02075919 -0.08688057 0.05048071 0.14870090 0.13277792 0.08267945 0.00859753 -0.00943272 0.12774622 -0.01271256 0.12495045 -0.00963374 0.00005308 0.04133355 0.05788387 0.08328175 0.06466984 0.01605141 0.04906467 -0.00427825 -0.04772402 0.12028225 -0.07177964
0.01356726 -0.02966304 -0.04817822 0.00361668 0.14385549 0.04948100 0.14168385 -0.01026379 0.01731729 0.03635354 -0.01303189 -0.05778352 0.03080705 0.11657750 0.22424943 0.54463236 0.58885552 0.12670181 0.03679816 0.67957080 0.25753785 0.47767060 0.12038334 0.54610584 0.50348791 1.00000000 0.18926303 -0.03768231 -0.04253837 0.23468573 0.03701430 -0.01576547 0.11058047 0.15134528 0.10584704 -0.03257198 -0.04509027 0.13654033 0.01821999 -0.05569449 0.28762371 -0.03301725 0.16288025 0.18517572 0.24969752 0.18098657 -0.19947967 0.30531706 0.30057515 0.25138986 0.11290347 0.33507235 0.09487169 0.10484648 -0.00377144 -0.00759316 -0.01247080 0.01761526 0.01543207 0.03710539 0.13187917 0.13832336 -0.10308160 0.01499301 0.09804207 0.00862905 0.05340688 0.03320785 -0.02504346 -0.10777496 0.09340297 0.06679281 -0.03962761 -0.02289369 0.00817446 -0.05481455 0.02318050 0.04953659
0.01879664 -0.02748081 -0.00099983 -0.09294470 0.02921090 0.02204705 0.02135307 0.02458895 0.07219591 -0.00971224 0.04773493 -0.12333619 -0.01015314 -0.16151149 0.13549904 -0.03564854 0.18178977 -0.09710681 -0.02763161 0.14633552 0.00563096 -0.06787903 0.04574307 -0.09447705 0.13031772 0.18926303 1.00000000 0.07460174 0.07761065 0.21726727 0.31158345 0.19515769 0.30918271 0.32549613 0.30187094 0.36416387 0.45237178 0.31836411 0.54612388 -0.14755369 0.19351336 0.05408843 0.17694288 -0.03922647 0.16056266 0.15943215 -0.23664112 0.12429645 0.31910385 0.24770738 0.20514986 0.10716389 -0.07567731 0.01699661 -0.06117093 -0.07484693 0.05520706 0.08222610 0.08348397 -0.07198904 -0.05752360 -0.07980471 -0.04964581 -0.07403457 0.04096020 -0.04574604 0.02443788 -0.05850883 0.20242060 0.01108306 -0.00030773 0.15344682 0.09539257 0.01035956 0.10258180 0.00585223 -0.01776456 0.00129413
0.01176591 -0.04383123 -0.04134110 -0.16554275 0.04662341 -0.10764526 -0.10189988 -0.07424151 -0.11026690 -0.00844706 -0.05634957 -0.01009923 -0.21908521 0.02076744 -0.03475778 -0.06880298 -0.00500584 -0.03606599 -0.17640029 0.11106526 -0.12048900 -0.00062698 -0.10917742 0.08570910 -0.09813642 -0.03768231 0.07460174 1.00000000 0.28775892 0.05537179 0.06830578 0.10367803 0.11346762 -0.04465461 0.02092435 0.01258030 0.12457340 -0.02651234 0.07725633 -0.07556449 -0.10003995 -0.09052583 -0.09679638 -0.08255586 -0.09249350 -0.07668490 0.04027632 -0.07302693 -0.10986833 -0.13364490 -0.21310800 -0.16209303 0.04241547 0.03566839 -0.11590806 -0.00859992 -0.03991460 -0.03761607 0.11324443 -0.06723653 -0.03106025 -0.03585054 -0.01264255 -0.13601716 -0.02153996 -0.17508036 -0.13709241 -0.00172047 -0.03723775 -0.13992632 -0.15385885 -0.01599746 -0.04781480 -0.12010840 0.13895603 0.00890927 -0.06274714 -0.03920858
0.04271687 -0.07889867 0.01827294 0.00638575 0.03737698 -0.09486477 -0.02050607 -0.01870159 0.07000109 -0.02016762 -0.06401311 0.05444589 -0.07659971 0.04080553 0.06379843 -0.02872356 0.00240180 0.03177524 -0.06440438 0.00215861 -0.22863555 0.04760962 0.01912625 0.09860580 -0.09606789 -0.04253837 0.07761065 0.28775892 1.00000000 -0.13672138 0.06134167 0.14054896 0.11991281 -0.05738021 -0.04775984 0.05346199 0.07532139 -0.08200920 0.18151198 -0.02147655 -0.25884584 -0.13018447 -0.25627165 -0.08814266 -0.12417791 -0.12862154 0.11055867 -0.30037587 -0.13190111 -0.09754998 -0.27113136 -0.24178697 0.04490295 -0.00904214 -0.17566493 -0.18876661 0.02637852 0.00176534 0.00258352 0.01660446 0.02318804 -0.00916887 -0.14785927 -0.19923743 -0.04858487 -0.11657951 -0.08168332 0.14443617 -0.03613952 -0.06710075 -0.06432330 -0.08499709 -0.05689648 0.01830991 0.07020395 -0.04653852 0.03579359 -0.04437189
-0.01914763 -0.03751701 -0.01659854 0.09508362 0.07854628 0.11011435 0.03209341 0.03101752 0.09881586 0.20720807 0.04390118 -0.16685096 0.00522014 0.00048686 0.08313670 0.26566996 0.19623394 -0.08050802 -0.03831836 0.12983076 0.19274440 -0.00165627 -0.03315166 -0.02651142 0.11551597 0.23468573 0.21726727 0.05537179 -0.13672138 1.00000000 0.32728623 0.10645780 0.12179795 0.34226303 0.38718439 -0.00517559 0.14836493 0.44323622 0.11357562 0.04874516 0.26695250 0.07986937 0.36970400 0.19632833 0.09340860 0.08993550 -0.22634197 0.37198607 0.31229758 0.20883782 0.23547026 0.23712495 0.14298603 0.10492145 0.05039154 0.09961905 -0.10110459 -0.01923046 0.07116460 0.07891640 0.04875855 0.13565786 -0.00423497 0.07591845 0.15845263 0.00634853 -0.08827150 -0.04678260 0.15142489 0.03369000 0.11618423 0.15360261 0.06542136 0.00429680 -0.04645888 0.05978970 0.01243681 -0.16375765
-0.03668320 -0.06644473 -0.05893819 -0.02620831 -0.07205840 0.03827044 -0.04940195 -0.04266978 -0.00905156 0.03017088 -0.06016766 -0.14913627 -0.17894887 0.03133382 0.18583102 -0.03639010 0.06918955 -0.07598425 0.05076325 -0.01222095 0.08989926 -0.02431161 0.03810562 -0.14389984 0.14545537 0.03701430 0.31158345 0.06830578 0.06134167 0.32728623 1.00000000 0.23190581 0.24164591 0.31504413 0.13541233 0.34537087 0.39275750 0.41058433 0.27534106 -0.01435559 0.17723383 0.08191557 0.16926535 -0.08750714 0.02806355 0.11753760 -0.31165105 0.17836534 0.27375584 0.19825824 0.22165134 0.08496014 0.09549287 0.16193560 0.07031960 -0.07500837 -0.05155686 0.14599980 0.07602464 0.05892926 0.05129405 -0.03039562 0.08454188 0.01181299 0.16482345 -0.08935668 -0.09501118 -0.05099682 0.15357195 0.02538187 0.04815561 0.17775335 0.01718786 0.07238242 0.12929889 0.00824974 0.01573486 -0.07192824
-0.08526716 -0.05023555 0.07203749 0.09704698 -0.04342436 0.02218536 0.00580404 -0.08143455 -0.02591975 -0.01487356 -0.07503935 0.05606212 -0.06975972 0.01964056 -0.08030945 -0.08461527 0.09485223 -0.08325427 -0.11663923 -0.05228059 -0.14418147 0.03271959 -0.06235526 -0.05607877 0.03530185 -0.01576547 0.19515769 0.10367803 0.14054896 0.10645780 0.23190581 1.00000000 0.11602648 0.02891756 -0.03034852 0.03238307 0.19068741 0.08469753 0.04415557 -0.13695241 -0.05546083 0.00276526 -0.05082854 -0.18355808 -0.11449022 -0.17277495 -0.14065439 -0.02163751 -0.09754150 -0.06557103 -0.00205573 -0.17004278 -0.02954532 -0.05964271 -0.06725532 -0.10147252 -0.04065065 0.14929085 -0.04682730 0.06355951 0.12086634 0.00999263 -0.01573212 -0.03007035 0.08805569 0.01315789 -0.02866001 -0.09427169 0.13026258 0.09925310 -0.04941660 0.07335852 -0.01287710 0.07218038 0.05158321 0.04327427 -0.01553043 -0.11034590
-0.20051867 -0.20726786 -0.08687517 -0.09327525 0.01393907 -0.02061642 -0.14843488 -0.11622576 -0.15815805 -0.03083298 -0.20093661 -0.10825238 -0.24467295 0.07105422 0.16301328 -0.05812043 0.16017025 -0.00062113 0.07056299 0.15699683 -0.06363889 0.06672726 -0.12060979 0.02858450 0.15147388 0.11058047 0.30918271 0.11346762 0.11991281 0.12179795 0.24164591 0.11602648 1.00000000 0.11288308 0.21387068 0.32882538 0.29794304 0.18698011 0.29618375 0.03140743 0.11915625 -0.04505238 -0.04661119 -0.10559848 0.02337395 0.04166502 0.05452142 0.04701706 0.15531746 0.10001061 -0.01257490 0.04942998 0.03105365 0.01019744 -0.04350741 -0.11367346 0.11974713 0.11892795 -0.00015166 0.02183427 -0.05032844 -0.16318326 -0.03853102 -0.10923825 -0.00703377 -0.07134860 0.01754062 0.08501223 0.13144259 -0.18450515 0.04957526 0.06544515 0.13733418 0.04905890 0.08699635 0.04123073 0.10684693 -0.01914347
-0.01464240 -0.01624077 -0.03819026 -0.04843172 0.01209556 0.06804597 0.15691470 0.01870412 0.11900193 0.04515698 0.00282701 -0.07059877 0.03680813 0.00111880 0.02882526 0.13323627 0.20939891 -0.08217189 0.00246798 0.01443127 0.16359809 -0.03980543 -0.01171994 -0.09070842 0.11216379 0.15134528 0.32549613 -0.04465461 -0.05738021 0.34226303 0.31504413 0.02891756 0.11288308 1.00000000 0.24997435 0.22291783 0.24229282 0.33780175 0.24700357 0.11792610 0.36000589 0.17012939 0.31696733 0.20783681 0.20864850 0.25645436 -0.21968972 0.35454857 0.35375351 0.34044246 0.30095297 0.30699130 0.13439314 0.09925996 0.04281085 -0.04409286 -0.12347967 -0.04847384 0.06365807 0.03410269 0.02170988 0.08430448 0.00228005 -0.02072617 0.07182505 0.14971275 -0.15782841 0.02856807 0.05674530 0.09867387 0.04484658 0.12515992 0.04494070 0.09698231 0.05456151 0.01973359 0.06883448 0.04644076
-0.02558542 -0.00795230 -0.02692549 0.04559661 0.03367032 0.15939595 -0.00945093 -0.03314138 -0.05065248 0.14361944 0.00624776 -0.15832478 0.00220262 -0.11383237 0.07152739 0.13015447 0.11613357 -0.08069783 0.00978052 0.03204938 0.14534945 -0.13365845 0.00774440 -0.10304514 0.14500523 0.10584704 0.30187094 0.02092435 -0.04775984 0.38718439 0.13541233 -0.03034852 0.21387068 0.24997435 1.00000000 0.09216568 0.20594204 0.41729618 0.23966946 0.01331039 0.19440700 0.14735920 0.23270308 0.10070655 0.08094234 0.11979346 0.03193831 0.17462605 0.31438834 0.18489349 0.07851269 0.13274059 0.06177346 0.07996414 -0.04515740 0.03323723 -0.12372132 -0.04454929 0.12927104 -0.02485664 0.01957538 0.00429719 -0.02060175 -0.02676463 0.00832736 0.08873887 0.06774724 0.08602605 0.12625419 0.19300724 0.25374043 0.14021622 0.29540465 0.05412689 0.01616889 0.11310073 0.18674270 0.04852481
-0.04443092 -0.08359085 -0.06032088 -0.17872277 -0.06674101 -0.15642850 -0.05905500 -0.07078400 0.01697530 -0.07641918 -0.08499247 -0.11868170 -0.14370245 -0.15995480 0.11107684 -0.23577140 -0.02416465 -0.03843890 0.16807828 -0.11201431 0.08227075 -0.06720156 -0.02827355 -0.27833921 0.12661548 -0.03257198 0.36416387 0.01258030 0.05346199 -0.00517559 0.34537087 0.03238307 0.32882538 0.22291783 0.09216568 1.00000000 0.56905107 0.28652772 0.42145155 -0.04663440 0.21208121 0.26866287 0.16838264 -0.18733522 0.09576574 0.27810436 -0.16413632 0.12401889 0.43668924 0.27502609 0.30937645 0.14913247 0.06743441 0.11699811 0.14209068 -0.08894887 0.09287243 0.03988722 0.02729256 0.03532087 -0.13724566 -0.04319571 0.08577865 0.04304056 -0.08223731 -0.11731065 -0.02979785 -0.00617184 0.04068172 0.03563336 -0.04995828 0.02124658 0.09304354 0.00271477 0.02177734 -0.06401136 -0.03292234 -0.09331998
-0.01825473 -0.10720456 0.02616164 -0.15777362 -0.09206379 -0.05272697 -0.04618267 -0.03245244 0.01715702 -0.02835161 -0.04451746 -0.10518017 -0.17064498 -0.10879662 0.07622827 -0.16188296 0.06457802 -0.05803647 0.14689394 -0.12356985 0.03622750 -0.03775839 0.05795698 -0.26656314 0.08148037 -0.04509027 0.45237178 0.12457340 0.07532139 0.14836493 0.39275750 0.19068741 0.29794304 0.24229282 0.20594204 0.56905107 1.00000000 0.29652970 0.45844500 -0.15105244 0.03104953 0.07624190 0.00112780 -0.21785551 0.07201454 0.16346244 -0.30648365 0.06745220 0.40031856 0.17106200 0.28240406 0.01619311 0.07101109 0.14408400 -0.01166928 0.00812079 0.08778836 0.10808515 0.00076938 0.00500540 -0.06999249 -0.07290208 0.01125276 0.00256181 -0.02943242 -0.02682922 -0.06318158 -0.10783008 0.07208350 0.05512514 -0.02807105 0.05908940 0.16764876 -0.05831556 -0.00962295 0.11188926 -0.06086674 -0.07846395
-0.04089478 0.03954567 -0.03201556 0.10235301 0.03248933 0.14536128 0.03719796 -0.05540052 -0.01753970 0.13860963 0.01641429 -0.14746345 -0.04610531 -0.07454142 0.24668723 0.13832160 0.09078215 0.00227117 0.18203056 -0.05365864 0.27403670 -0.12474250 0.12204404 -0.17122880 0.29732708 0.13654033 0.31836411 -0.02651234 -0.08200920 0.44323622 0.41058433 0.08469753 0.18698011 0.33780175 0.41729618 0.28652772 0.29652970 1.00000000 0.08777127 0.02922500 0.34522744 0.31804346 0.45624334 0.05851702 0.15253778 0.18807773 -0.15633620 0.37670589 0.43086636 0.29115996 0.33653522 0.22505526 0.12330002 0.11934381 0.02026215 -0.03874038 -0.09154439 0.14054404 0.07681356 0.09925788 -0.01783045 0.09468144 0.02255501 0.05534538 0.08447593 0.00402809 0.03807742 -0.03232892 0.22257555 0.22353588 0.11631850 0.17376531 0.13399193 0.09168712 0.00128092 0.09640411 0.08030383 -0.04603655
0.15098367 0.00874425 0.13624123 -0.13510375 0.02273110 -0.05981034 0.09765239 0.05647866 0.24191963 0.06259212 0.15706999 -0.14477014 -0.05059607 -0.10627255 0.15690308 -0.18140883 0.04236951 -0.03469461 0.03174184 0.01771950 -0.05624826 -0.13266158 -0.07489863 -0.18753326 0.00379417 0.01821999 0.54612388 0.07725633 0.18151198 0.11357562 0.27534106 0.04415557 0.29618375 0.24700357 0.23966946 0.42145155 0.45844500 0.08777127 1.00000000 -0.12767540 0.06347711 0.05901609 -0.01025893 -0.12257448 0.08060196 0.18839607 -0.11697018 -0.00793677 0.28640090 0.22972234 0.17801178 0.12004004 0.08549811 0.07152091 -0.00339256 -0.11138676 0.02424119 0.14604293 0.10443639 -0.02065909 -0.07356272 -0.14810950 -0.00573498 -0.11989810 -0.07123132 0.01251540 -0.08416097 -0.04469887 0.05492946 -0.06962971 -0.04630493 0.13836252 0.01810769 -0.04077618 0.05689168 -0.07018394 -0.12415688 -0.01588365
0.01633637 -0.05000886 -0.07326464 0.16724485 0.08213219 0.03497053 0.10915803 -0.01987645 0.05894813 -0.07491591 -0.06183202 -0.14633038 0.02065482 0.19157115 0.10346204 0.06422499 -0.02034061 0.09960926 0.19763153 -0.06321280 0.07157585 -0.05725529 0.01405610 -0.01926044 0.07041289 -0.05569449 -0.14755369 -0.07556449 -0.02147655 0.04874516 -0.01435559 -0.13695241 0.03140743 0.11792610 0.01331039 -0.04663440 -0.15105244 0.02922500 -0.12767540 1.00000000 0.32996301 0.09458224 0.27897735 0.33172831 0.14071761 0.11027248 0.18964988 0.19026505 0.02309020 0.20587203 0.06944561 0.16756331 0.13086602 -0.01877548 0.10105192 0.05563961 0.11336061 -0.13430323 0.03577020 0.10425011 0.01885586 -0.01445000 0.17766794 0.08784030 0.02680633 0.08012716 -0.16127769 -0.00799536 -0.06695937 0.00458572 0.08590548 -0.00012256 -0.00218707 -0.01383125 -0.00630734 -0.01005849 -0.03146006 0.01049901
0.02187743 -0.03978156 -0.13141964 0.07884805 0.14949186 0.14174796 0.00243960 -0.03228958 -0.00452796 -0.00609759 -0.04530396 -0.16768833 0.04762899 0.05826580 0.14865822 0.16057341 0.12255951 -0.04843973 0.15410883 0.16613305 0.25167891 0.00935789 -0.00214912 -0.04689252 0.25165139 0.28762371 0.19351336 -0.10003995 -0.25884584 0.26695250 0.17723383 -0.05546083 0.11915625 0.36000589 0.19440700 0.21208121 0.03104953 0.34522744 0.06347711 0.32996301 1.00000000 0.33391021 0.58735146 0.22269288 0.35183821 0.35279856 -0.12471313 0.46142818 0.48142343 0.53874806 0.41746598 0.55518589 0.14232907 0.08824636 0.15704560 -0.02441080 0.06559024 0.06313353 0.06317543 0.09349984 0.02793954 0.02344062 0.11552471 0.11421810 0.03766365 0.10408696 0.09942604 -0.09425324 0.06081818 0.04563484 0.15877254 0.21131798 0.12034397 0.01298130 0.09947941 0.00224620 0.03590226 0.01241581
0.07755226 0.20495707 0.05762073 0.09664456 0.03677868 0.01942192 -0.03337430 0.05367285 0.08316241 0.09255622 0.11819668 -0.02409206 0.03375722 -0.07249502 0.03752688 -0.10623328 -0.05544398 -0.00800279 0.21714857 -0.15733090 0.19561857 -0.07715168 0.05098438 -0.18779300 0.14303078 -0.03301725 0.05408843 -0.09052583 -0.13018447 0.07986937 0.08191557 0.00276526 -0.04505238 0.17012939 0.14735920 0.26866287 0.07624190 0.31804346 0.05901609 0.09458224 0.33391021 1.00000000 0.47762884 0.19692049 0.11106715 0.26545703 -0.04643998 0.32181639 0.36116594 0.40411677 0.42978366 0.18180702 0.10588194 -0.05250407 0.10753846 -0.11484728 0.02059448 -0.00908086 0.05733986 -0.03410048 -0.05599836 0.00250154 -0.04556322 0.04905851 -0.01018447 0.06740139 0.03118534 -0.19368183 0.14927537 0.19684306 0.14088250 0.07367645 0.06672158 -0.01976819 0.05369153 -0.00928926 -0.02716448 -0.05067788
0.05551468 0.02915650 -0.06722247 0.11978405 0.10535585 0.07943135 0.07738531 0.01523635 0.02754745 0.03598372 0.05422195 -0.06913016 0.11618860 0.04476562 0.13990461 0.14805398 0.06393258 -0.01238664 0.18410435 0.02415224 0.13702738 -0.02862824 0.06013184 -0.07680600 0.27431194 0.16288025 0.17694288 -0.09679638 -0.25627165 0.36970400 0.16926535 -0.05082854 -0.04661119 0.31696733 0.23270308 0.16838264 0.00112780 0.45624334 -0.01025893 0.27897735 0.58735146 0.47762884 1.00000000 0.34886215 0.31453335 0.40330930 -0.24535042 0.51742739 0.38046213 0.52955859 0.53090846 0.53551764 0.11115642 0.00915843 0.20310222 0.07086721 0.02357902 0.00439031 0.14706388 0.07374868 -0.05281310 0.05700206 0.10932681 0.23858190 0.11916506 0.07083491 0.01042193 -0.06557799 0.08729804 0.12158852 0.08674262 0.13295363 0.03115150 0.01063009 0.04700927 0.00675304 -0.00568104 -0.01260476
0.09606519 0.05971621 -0.03778817 0.16179103 0.09433269 0.08652254 0.10560998 0.14678870 0.09775780 0.02621897 0.01752804 -0.09383766 0.09814825 0.07941848 0.07895267 0.20995663 0.09386869 0.00335637 -0.05064599 0.17415129 0.02001043 0.06922823 0.03815782 0.24447099 0.10890277 0.18517572 -0.03922647 -0.08255586 -0.08814266 0.19632833 -0.08750714 -0.18355808 -0.10559848 0.20783681 0.10070655 -0.18733522 -0.21785551 0.05851702 -0.12257448 0.33172831 0.22269288 0.19692049 0.34886215 1.00000000 0.26854649 0.20273520 -0.09725552 0.30943965 0.07622540 0.24363710 0.19661590 0.29326147 0.13999668 -0.08544106 0.06026258 0.02869760 -0.01717696 -0.12895182 0.04651334 0.08354487 0.01107373 0.06941516 0.01315713 0.08932241 0.08860037 0.07546008 -0.10585372 -0.03940608 -0.09530261 -0.04641932 0.02399211 0.05956105 -0.06238639 -0.03784032 -0.08797266 -0.08115571 0.00044928 -0.02522389
-0.00358573 0.01446301 -0.02781294 -0.09763266 -0.06957391 0.02289746 0.06329063 -0.00355681 -0.03234422 -0.06565411 -0.07241026 -0.05498270 -0.01521153 0.15141818 0.13964402 0.17886555 0.18387784 0.06078631 0.10167688 0.16062570 0.20034663 0.09929387 0.18755337 0.11172364 0.17292499 0.24969752 0.16056266 -0.09249350 -0.12417791 0.09340860 0.02806355 -0.11449022 0.02337395 0.20864850 0.08094234 0.09576574 0.07201454 0.15253778 0.08060196 0.14071761 0.35183821 0.11106715 0.31453335 0.26854649 1.00000000 0.46060749 -0.24761672 0.26950690 0.30271617 0.43758230 0.34020736 0.46703871 0.06083263 0.09117133 0.07141430 -0.09566839 -0.09449977 -0.02370825 0.09293763 0.01367982 -0.04583461 0.02107052 0.02825480 0.10067505 -0.03846405 0.04960968 0.00751869 0.02312813 -0.01173429 -0.03057467 -0.06284279 0.02958939 -0.09266611 -0.02633180 0.08110821 -0.05128476 -0.02657065 0.08069533
0.01304290 0.04143380 -0.05055617 -0.06669446 -0.01524175 -0.04346040 0.12983011 -0.06020281 0.01437120 -0.00677959 -0.01435065 -0.06999094 -0.00060757 0.07380855 0.14904909 0.01782846 0.05867058 0.08980992 0.13701538 0.12258162 0.06353195 0.12694992 0.09824339 -0.03028635 0.22695598 0.18098657 0.15943215 -0.07668490 -0.12862154 0.08993550 0.11753760 -0.17277495 0.04166502 0.25645436 0.11979346 0.27810436 0.16346244 0.18807773 0.18839607 0.11027248 0.35279856 0.26545703 0.40330930 0.20273520 0.46060749 1.00000000 -0.15393174 0.31476854 0.51968510 0.51495512 0.33545732 0.36925633 0.14243745 0.19651034 0.11453385 -0.01700882 0.01300289 0.15243313 0.11577240 -0.03361908 -0.09004680 0.02668413 0.07655538 0.13371819 -0.02624900 0.07439445 -0.01150444 -0.02108912 -0.02722709 -0.03523719 -0.06483110 0.02223887 -0.03805582 0.00130522 0.16762727 -0.00827092 -0.10059878 0.10000529
0.01469127 -0.01355395 -0.02239032 0.14355397 0.04338824 -0.00930990 -0.06072323 -0.08202752 0.00775553 -0.00484281 -0.00889787 0.02835235 0.05380093 -0.04796505 -0.04140947 -0.14002927 -0.24368393 0.07104222 0.05991955 -0.14782822 -0.13922020 -0.26520062 -0.15496692 -0.11922386 -0.09754722 -0.19947967 -0.23664112 0.04027632 0.11055867 -0.22634197 -0.31165105 -0.14065439 0.05452142 -0.21968972 0.03193831 -0.16413632 -0.30648365 -0.15633620 -0.11697018 0.18964988 -0.12471313 -0.04643998 -0.24535042 -0.09725552 -0.24761672 -0.15393174 1.00000000 -0.25863729 -0.23830262 -0.25806210 -0.27520654 -0.16795926 -0.01727835 -0.07728224 -0.07971305 -0.05380622 0.04525485 0.01908780 -0.04106707 0.03918965 -0.03631541 -0.01451299 -0.00730590 -0.17732470 -0.14672996 0.04109391 0.05276779 0.12964230 -0.05840173 0.13777120 0.12404481 -0.03707805 0.10829426 0.02265971 0.01423567 0.06811528 0.02861686 0.10420522
0.07840848 0.07343367 -0.00249071 0.05923939 0.09373914 0.17974787 0.09029743 0.08098698 0.14136819 0.09142765 0.04035428 -0.10244293 0.06064065 0.12031814 0.15226812 0.20803095 0.22181904 -0.17802656 0.11906453 0.18632665 0.30314523 0.01365153 -0.03213556 -0.01319051 0.23284025 0.30531706 0.12429645 -0.07302693 -0.30037587 0.37198607 0.17836534 -0.02163751 0.04701706 0.35454857 0.17462605 0.12401889 0.06745220 0.37670589 -0.00793677 0.19026505 0.46142818 0.32181639 0.51742739 0.30943965 0.26950690 0.31476854 -0.25863729 1.00000000 0.36045530 0.53638131 0.39122259 0.46646657 0.20669417 0.07647272 0.17872850 0.08379287 -0.04653590 0.07927651 0.10438821 0.07714308 0.13655716 0.07137091 0.07490543 0.09389605 0.16345775 0.10217097 0.02582378 -0.13733054 0.00627899 0.10153620 0.08943010 0.23325056 0.07918006 -0.03682033 0.00370329 -0.01602053 0.02439658 0.02121310
0.06109417 -0.11115207 -0.05758553 -0.04881131 -0.01500295 0.12495709 0.05689666 -0.04890593 0.03002448 0.06731922 0.02835413 -0.13045210 -0.03318045 -0.08139424 0.22768883 0.19420010 0.19395701 -0.06104606 0.10981485 0.08529912 0.32971118 0.05202094 0.10684909 -0.09386224 0.31834510 0.30057515 0.31910385 -0.10986833 -0.13190111 0.31229758 0.27375584 -0.09754150 0.15531746 0.35375351 0.31438834 0.43668924 0.40031856 0.43086636 0.28640090 0.02309020 0.48142343 0.36116594 0.38046213 0.07622540 0.30271617 0.51968510 -0.23830262 0.36045530 1.00000000 0.48942080 0.50650495 0.33470794 0.22214533 0.20277737 0.19899325 0.05281808 -0.00635036 0.16243388 0.11450602 0.04500816 0.05437154 0.10962921 0.04992719 0.03171637 -0.06450988 -0.04620370 0.09417609 -0.01075063 0.13514638 0.14206211 0.03136139 0.15187379 0.19331187 0.08010230 0.06561003 0.12334902 0.07943174 -0.02581729
0.12028205 0.02241724 0.00368943 0.04680540 0.02977598 0.13910088 0.14026818 0.04651847 0.11039208 0.05649281 0.04811249 -0.14309164 0.10595288 0.07647030 0.14805897 0.16240429 0.21964624 -0.02451025 0.20462091 0.09357325 0.24481930 0.15048430 0.07152556 -0.04079011 0.35451659 0.25138986 0.24770738 -0.13364490 -0.09754998 0.20883782 0.19825824 -0.06557103 0.10001061 0.34044246 0.18489349 0.27502609 0.17106200 0.29115996 0.22972234 0.20587203 0.53874806 0.40411677 0.52955859 0.24363710 0.43758230 0.51495512 -0.25806210 0.53638131 0.48942080 1.00000000 0.41934333 0.45900137 0.17565882 0.13730322 0.15727224 -0.04990550 -0.06086404 0.09987636 0.13907604 0.10864177 0.12026787 -0.02273682 0.05311468 0.13284044 0.05779316 0.08343497 0.03318047 -0.19737970 0.02835203 0.05500070 0.04838636 0.11148807 0.03909968 -0.09989333 0.03558562 -0.13017162 -0.03580429 -0.04098499
0.01387015 0.05819876 0.00635413 0.11799556 0.00156401 0.03441233 0.03852792 0.00352701 0.05104107 -0.06424072 0.09292292 -0.09143448 0.10656704 -0.10840365 0.18518785 0.03048182 0.10800911 -0.10295809 0.17980598 -0.01059360 0.14741764 -0.00150122 0.08105182 -0.12178321 0.17317916 0.11290347 0.20514986 -0.21310800 -0.27113136 0.23547026 0.22165134 -0.00205573 -0.01257490 0.30095297 0.07851269 0.30937645 0.28240406 0.33653522 0.17801178 0.06944561 0.41746598 0.42978366 0.53090846 0.19661590 0.34020736 0.33545732 -0.27520654 0.39122259 0.50650495 0.41934333 1.00000000 0.43226577 0.06467358 0.03098585 0.18472384 0.08118631 0.07528498 0.04136633 0.14415887 0.04313139 -0.03261787 0.05159173 0.05021272 0.12788006 0.08703821 0.08076211 -0.00386277 -0.08775949 0.06949229 0.12582877 0.02015485 0.09063382 0.12521945 -0.04225063 0.05715706 0.06669137 -0.00352124 -0.08840855
0.05525738 0.01767126 -0.06895377 0.03333955 0.09198163 0.01594039 0.09953716 0.00521273 0.07177811 -0.05621134 0.03653883 -0.06639399 0.10955048 0.04073453 0.05318116 0.14978853 0.12207391 -0.03712070 0.10242182 0.20255809 0.14905877 -0.00911461 -0.06929089 0.01969816 0.23477531 0.33507235 0.10716389 -0.16209303 -0.24178697 0.23712495 0.08496014 -0.17004278 0.04942998 0.30699130 0.13274059 0.14913247 0.01619311 0.22505526 0.12004004 0.16756331 0.55518589 0.18180702 0.53551764 0.29326147 0.46703871 0.36925633 -0.16795926 0.46646657 0.33470794 0.45900137 0.43226577 1.00000000 0.06654543 0.04395592 0.22576547 0.05416501 0.04109569 0.05235075 0.11210353 0.05341586 -0.03118505 0.02959169 0.04934468 0.23160861 0.00073127 0.11637086 0.04994155 0.00555795 -0.00357809 0.00304529 0.07248116 0.14420093 -0.04030249 0.06619089 0.07023885 -0.04228087 0.01772557 0.00030154
0.08847053 -0.03930857 -0.08413420 0.07128705 0.08019764 0.13771524 0.07179665 0.07430687 0.11650963 0.11999574 -0.05618634 -0.09236512 -0.03352441 0.11099618 0.21696048 0.11145304 0.04543705 0.05971608 0.13980870 -0.01749135 0.17318053 0.16177445 0.14352746 0.01994809 0.12852659 0.09487169 -0.07567731 0.04241547 0.04490295 0.14298603 0.09549287 -0.02954532 0.03105365 0.13439314 0.06177346 0.06743441 0.07101109 0.12330002 0.08549811 0.13086602 0.14232907 0.10588194 0.11115642 0.13999668 0.06083263 0.14243745 -0.01727835 0.20669417 0.22214533 0.17565882 0.06467358 0.06654543 1.00000000 0.28938077 0.14274599 0.18478331 0.09153500 0.14368731 0.22898023 0.38535511 0.34897567 0.23528598 0.15932554 0.20067473 0.04319423 -0.02541689 -0.18333409 -0.00222326 -0.12936559 -0.08660369 -0.04713779 0.07317810 0.01767793 -0.13645809 0.01274794 0.07550714 -0.08729824 -0.08771711
-0.02973339 -0.09535819 -0.01848677 -0.11628599 -0.03429850 0.02638064 -0.01057639 -0.06928879 -0.02041300 -0.00066679 -0.03978119 -0.03757913 0.02514024 0.03057947 0.02768388 0.08800975 0.02874257 0.04592791 0.09836054 0.01549586 0.10989896 0.11262484 0.11032789 -0.01722065 0.14598469 0.10484648 0.01699661 0.03566839 -0.00904214 0.10492145 0.16193560 -0.05964271 0.01019744 0.09925996 0.07996414 0.11699811 0.14408400 0.11934381 0.07152091 -0.01877548 0.08824636 -0.05250407 0.00915843 -0.08544106 0.09117133 0.19651034 -0.07728224 0.07647272 0.20277737 0.13730322 0.03098585 0.04395592 0.28938077 1.00000000 0.09205038 0.25726085 0.05011165 0.14023550 0.05639122 0.23468994 0.17682771 0.22014991 0.18225957 0.22807576 0.13005420 0.02661468 -0.01668243 -0.06112798 -0.05558258 -0.08867449 -0.01177390 -0.05243614 0.13592694 -0.01341659 -0.03067771 0.02253648 -0.01842298 0.01112871
-0.06175221 0.13987517 0.04930535 0.04463393 -0.07477357 0.03034027 0.18206325 0.13292582 0.04386329 0.10917398 0.06514986 0.00858797 0.08688870 0.05613124 0.10325161 0.01686606 -0.00353372 0.07574017 0.11250638 -0.12061210 0.09545172 -0.01831189 0.05965780 -0.09465842 0.15988271 -0.00377144 -0.06117093 -0.11590806 -0.17566493 0.05039154 0.07031960 -0.06725532 -0.04350741 0.04281085 -0.04515740 0.14209068 -0.01166928 0.02026215 -0.00339256 0.10105192 0.15704560 0.10753846 0.20310222 0.06026258 0.07141430 0.11453385 -0.07971305 0.17872850 0.19899325 0.15727224 0.18472384 0.22576547 0.14274599 0.09205038 1.00000000 0.27467125 0.14873559 0.26127966 0.29717275 0.18057075 0.07343330 0.21574645 0.41392206 0.34952854 0.04156894 -0.00115620 -0.07655727 -0.14638467 0.04781667 0.06986158 -0.13806437 0.04666154 -0.15474630 -0.06887860 0.01430288 0.03301109 -0.13900905 -0.17688568
-0.01169718 -0.06811851 -0.01750206 0.04711241 0.02669516 0.04897813 0.11240768 0.10276750 0.06495362 0.02877002 -0.02871369 -0.01794171 0.16412179 -0.03863615 0.02909567 0.11637933 0.16570711 -0.05064968 0.00526268 -0.07341039 0.12260373 0.01588691 0.08438557 -0.06396387 0.02075919 -0.00759316 -0.07484693 -0.00859992 -0.18876661 0.09961905 -0.07500837 -0.10147252 -0.11367346 -0.04409286 0.03323723 -0.08894887 0.00812079 -0.03874038 -0.11138676 0.05563961 -0.02441080 -0.11484728 0.07086721 0.02869760 -0.09566839 -0.01700882 -0.05380622 0.08379287 0.05281808 -0.04990550 0.08118631 0.05416501 0.18478331 0.25726085 0.27467125 1.00000000 0.27981332 0.09196602 0.13817180 0.25517531 0.18893150 0.16448276 0.20617608 0.23527520 0.31576897 0.03908731 -0.05481882 -0.03745813 -0.01311911 -0.05637720 0.00535553 -0.11043657 0.06562211 -0.11477062 -0.08006892 0.06285973 -0.00943720 -0.02190883
0.01886901 0.03414451 -0.03847690 -0.00299763 0.16234941 -0.00731286 0.04665804 0.04114163 0.00031396 -0.05425623 0.00349646 -0.00123311 0.07913187 -0.07911100 0.00390171 -0.05036497 -0.04101597 -0.03381147 0.08433710 -0.08184781 -0.11499363 -0.02246842 0.05705860 0.00641150 -0.08688057 -0.01247080 0.05520706 -0.03991460 0.02637852 -0.10110459 -0.05155686 -0.04065065 0.11974713 -0.12347967 -0.12372132 0.09287243 0.08778836 -0.09154439 0.02424119 0.11336061 0.06559024 0.02059448 0.02357902 -0.01717696 -0.09449977 0.01300289 0.04525485 -0.04653590 -0.00635036 -0.06086404 0.07528498 0.04109569 0.09153500 0.05011165 0.14873559 0.27981332 1.00000000 0.20682831 0.02312435 0.10147085 -0.06901995 0.09838500 0.16637440 0.16890351 0.01243354 -0.11941417 -0.03860556 -0.17191267 0.01068730 -0.16549224 -0.04112486 -0.02199075 0.02065639 -0.18089554 -0.07481979 0.05373668 -0.17428960 -0.01401141
-0.05021615 -0.02450761 -0.05400296 -0.00619515 -0.10174426 0.09680811 0.00330316 0.02810974 0.02170944 0.09110477 -0.06359209 0.06945748 -0.00908310 -0.03108595 -0.00023000 -0.00899269 -0.02156906 -0.03733321 -0.01448607 -0.02810159 0.01566784 -0.05699487 0.04825204 -0.00740707 0.05048071 0.01761526 0.08222610 -0.03761607 0.00176534 -0.01923046 0.14599980 0.14929085 0.11892795 -0.04847384 -0.04454929 0.03988722 0.10808515 0.14054404 0.14604293 -0.13430323 0.06313353 -0.00908086 0.00439031 -0.12895182 -0.02370825 0.15243313 0.01908780 0.07927651 0.16243388 0.09987636 0.04136633 0.05235075 0.14368731 0.14023550 0.26127966 0.09196602 0.20682831 1.00000000 0.16278969 0.15522326 0.13057704 0.22363908 0.09199509 0.15029473 0.08846083 -0.06343952 0.17396423 -0.05985464 0.08796256 0.08471881 -0.02709467 0.13193660 0.07498071 0.05052085 0.13709875 0.11873518 0.02022987 0.04477069
-0.05936011 0.12273059 0.01190609 0.08638379 -0.08748419 0.04898070 0.09888339 -0.01728890 0.00870701 0.14071550 0.12201854 -0.05819814 0.06882840 0.06852595 0.15855701 0.11583290 0.08190263 0.01224917 -0.00483015 0.03512177 0.11738402 0.03842013 0.10251942 -0.01329134 0.14870090 0.01543207 0.08348397 0.11324443 0.00258352 0.07116460 0.07602464 -0.04682730 -0.00015166 0.06365807 0.12927104 0.02729256 0.00076938 0.07681356 0.10443639 0.03577020 0.06317543 0.05733986 0.14706388 0.04651334 0.09293763 0.11577240 -0.04106707 0.10438821 0.11450602 0.13907604 0.14415887 0.11210353 0.22898023 0.05639122 0.29717275 0.13817180 0.02312435 0.16278969 1.00000000 0.13210307 0.07873772 0.14202276 0.34996407 0.25195199 0.03559004 -0.00163935 0.07693450 -0.03087431 0.08639448 0.11525413 0.00650097 0.03365214 0.02945629 -0.14437457 0.19411119 0.02981665 -0.06014250 0.03108684
0.02733265 -0.03843148 0.00538171 0.13914673 0.04793199 0.20135244 0.03767203 0.10848635 0.02871442 0.02331020 0.02274430 0.02865512 -0.03961611 0.12633276 0.18204810 0.06271996 0.04824136 0.08072374 0.11562396 -0.06034819 0.12480387 0.11218054 0.02242415 0.00916506 0.13277792 0.03710539 -0.07198904 -0.06723653 0.01660446 0.07891640 0.05892926 0.06355951 0.02183427 0.03410269 -0.02485664 0.03532087 0.00500540 0.09925788 -0.02065909 0.10425011 0.09349984 -0.03410048 0.07374868 0.08354487 0.01367982 -0.03361908 0.03918965 0.07714308 0.04500816 0.10864177 0.04313139 0.05341586 0.38535511 0.23468994 0.18057075 0.25517531 0.10147085 0.15522326 0.13210307 1.00000000 0.27428045 0.09529823 0.09820929 0.17686445 0.26881379 -0.02594056 0.04052401 -0.10304650 0.00690360 0.01177555 0.14162256 0.09796836 0.05061181 -0.02901869 -0.10057544 0.00163511 -0.00011500 -0.03875789
0.01827241 -0.10573210 -0.12681360 0.04342227 0.00122342 0.05197948 0.06070432 -0.04730499 0.01081671 -0.06046926 -0.00282194 -0.05757385 0.00609395 0.11286522 0.04167691 0.17697797 0.15687787 -0.10832796 -0.14106458 0.08231428 0.01908061 0.16195637 -0.08012640 0.10286599 0.08267945 0.13187917 -0.05752360 -0.03106025 0.02318804 0.04875855 0.05129405 0.12086634 -0.05032844 0.02170988 0.01957538 -0.13724566 -0.06999249 -0.01783045 -0.07356272 0.01885586 0.02793954 -0.05599836 -0.05281310 0.01107373 -0.04583461 -0.09004680 -0.03631541 0.13655716 0.05437154 0.12026787 -0.03261787 -0.03118505 0.34897567 0.17682771 0.07343330 0.18893150 -0.06901995 0.13057704 0.07873772 0.27428045 1.00000000 0.16272339 -0.03796656 0.01213022 0.25151361 -0.00492263 0.12613719 0.02440782 -0.07914803 0.05814952 0.03278781 0.07427761 0.02690725 0.00859728 0.03342478 0.03631005 0.08049878 -0.02075075
-0.05153989 0.01163617 -0.12474244 -0.02374958 -0.03611732 0.11059518 -0.06143032 -0.05595892 -0.07859696 -0.06668486 -0.12470152 0.00174339 0.09537398 -0.03384023 -0.06212488 0.12269990 -0.01119222 -0.02185356 -0.08342578 -0.03214629 0.04029607 0.08276299 0.11316243 0.01809384 0.00859753 0.13832336 -0.07980471 -0.03585054 -0.00916887 0.13565786 -0.03039562 0.00999263 -0.16318326 0.08430448 0.00429719 -0.04319571 -0.07290208 0.09468144 -0.14810950 -0.01445000 0.02344062 0.00250154 0.05700206 0.06941516 0.02107052 0.02668413 -0.01451299 0.07137091 0.10962921 -0.02273682 0.05159173 0.02959169 0.23528598 0.22014991 0.21574645 0.16448276 0.09838500 0.22363908 0.14202276 0.09529823 0.16272339 1.00000000 0.14124931 0.19046391 0.20348858 -0.09631488 -0.03739259 0.14350799 0.05428935 0.11838483 -0.04566158 0.00604975 0.05673319 0.05276541 0.00156251 0.00349090 0.03994406 0.02012855
0.09125307 0.09800865 -0.01414301 -0.01316492 -0.12259393 0.07508196 0.10558556 0.11025871 -0.05152968 0.01770689 0.02841474 -0.06739932 0.04581925 0.00802724 -0.06804781 0.03778474 -0.06987712 0.16449980 0.04571601 -0.17519320 -0.02702524 -0.04891255 -0.00921931 -0.21461103 -0.00943272 -0.10308160 -0.04964581 -0.01264255 -0.14785927 -0.00423497 0.08454188 -0.01573212 -0.03853102 0.00228005 -0.02060175 0.08577865 0.01125276 0.02255501 -0.00573498 0.17766794 0.11552471 -0.04556322 0.10932681 0.01315713 0.02825480 0.07655538 -0.00730590 0.07490543 0.04992719 0.05311468 0.05021272 0.04934468 0.15932554 0.18225957 0.41392206 0.20617608 0.16637440 0.09199509 0.34996407 0.09820929 -0.03796656 0.14124931 1.00000000 0.30316500 0.00505593 -0.01579787 -0.03376871 -0.17403447 0.04290661 0.03352895 -0.21622630 0.11642873 -0.06916213 -0.11201822 0.14195730 0.07751154 -0.24235777 -0.00447936
0.01599088 0.13018333 0.03282659 0.14349335 0.02103590 0.08152732 0.16890244 -0.02749439 -0.03367722 0.06579136 0.07142828 0.00269269 0.09887488 -0.05499219 -0.05071049 0.03597042 -0.05435746 0.16387540 0.17760426 -0.05962974 0.16419142 0.10711850 0.21782157 -0.05610525 0.12774622 0.01499301 -0.07403457 -0.13601716 -0.19923743 0.07591845 0.01181299 -0.03007035 -0.10923825 -0.02072617 -0.02676463 0.04304056 0.00256181 0.05534538 -0.11989810 0.08784030 0.11421810 0.04905851 0.23858190 0.08932241 0.10067505 0.13371819 -0.17732470 0.09389605 0.03171637 0.13284044 0.12788006 0.23160861 0.20067473 0.22807576 0.34952854 0.23527520 0.16890351 0.15029473 0.25195199 0.17686445 0.01213022 0.19046391 0.30316500 1.00000000 0.09568448 0.01386348 0.04111499 -0.10384054 0.11319248 0.04945406 0.01943871 -0.01581348 -0.04363811 -0.14200353 -0.01517012 0.04436541 -0.06032675 -0.07879558
-0.06737876 -0.08746787 -0.03334550 0.09066137 0.04160806 0.04380599 -0.00038100 0.01182979 -0.07717682 -0.12044149 -0.05487357 -0.00360920 0.05846230 -0.05110656 0.04048119 0.02829356 0.13889158 -0.12783353 -0.06834165 0.02681529 0.05824116 0.08940874 -0.04231184 0.03777971 -0.01271256 0.09804207 0.04096020 -0.02153996 -0.04858487 0.15845263 0.16482345 0.08805569 -0.00703377 0.07182505 0.00832736 -0.08223731 -0.02943242 0.08447593 -0.07123132 0.02680633 0.03766365 -0.01018447 0.11916506 0.08860037 -0.03846405 -0.02624900 -0.14672996 0.16345775 -0.06450988 0.05779316 0.08703821 0.00073127 0.04319423 0.13005420 0.04156894 0.31576897 0.01243354 0.08846083 0.03559004 0.26881379 0.25151361 0.20348858 0.00505593 0.09568448 1.00000000 0.05056141 -0.02743170 -0.02516861 0.12997395 -0.07779932 0.11491958 -0.07443479 -0.01534678 0.04391108 -0.01646133 0.05208477 0.04837348 0.03356974
0.07169133 0.16916044 0.03379877 0.17491223 0.05626547 0.08064771 0.11785519 0.05567180 0.13253362 -0.05368868 0.16640016 0.00837367 0.13921381 0.00961015 -0.08603491 0.11733083 0.13968931 -0.01581874 0.12134394 -0.00377583 0.09527667 -0.03386921 0.08354345 -0.06217880 0.12495045 0.00862905 -0.04574604 -0.17508036 -0.11657951 0.00634853 -0.08935668 0.01315789 -0.07134860 0.14971275 0.08873887 -0.11731065 -0.02682922 0.00402809 0.01251540 0.08012716 0.10408696 0.06740139 0.07083491 0.07546008 0.04960968 0.07439445 0.04109391 0.10217097 -0.04620370 0.08343497 0.08076211 0.11637086 -0.02541689 0.02661468 -0.00115620 0.03908731 -0.11941417 -0.06343952 -0.00163935 -0.02594056 -0.00492263 -0.09631488 -0.01579787 0.01386348 0.05056141 1.00000000 0.01288271 0.16560307 0.15100069 0.19661870 0.28868546 0.16908751 0.09699064 0.16808735 0.16770931 0.16472958 0.12510360 0.25937369
0.02639763 -0.10525790 -0.17130497 0.01533047 0.05012583 0.04915149 -0.17509878 -0.06252645 -0.18256329 -0.03630294 -0.02763487 -0.03811390 -0.10975348 -0.00557605 -0.04731377 0.07175614 -0.02515099 -0.06828100 -0.05819439 0.07606505 0.04054448 -0.01782327 -0.03564993 0.02858935 -0.00963374 0.05340688 0.02443788 -0.13709241 -0.08168332 -0.08827150 -0.09501118 -0.02866001 0.01754062 -0.15782841 0.06774724 -0.02979785 -0.06318158 0.03807742 -0.08416097 -0.16127769 0.09942604 0.03118534 0.01042193 -0.10585372 0.00751869 -0.01150444 0.05276779 0.02582378 0.09417609 0.03318047 -0.00386277 0.04994155 -0.18333409 -0.01668243 -0.07655727 -0.05481882 -0.03860556 0.17396423 0.07693450 0.04052401 0.12613719 -0.03739259 -0.03376871 0.04111499 -0.02743170 0.01288271 1.00000000 0.15910698 0.15502438 0.25526861 0.26754141 0.16117255 0.31920078 0.22786317 0.09147852 0.04106011 0.29824471 0.23685257
-0.08394072 -0.20598247 -0.19789156 -0.04122288 -0.08584189 -0.12296813 -0.16846873 -0.16975562 -0.23678895 -0.16630854 -0.24694920 -0.05350934 -0.20911315 -0.00897062 0.06444080 0.10120461 -0.02455846 -0.04003524 -0.07467223 0.15899694 -0.05976546 0.03145557 -0.08539833 0.05187519 0.00005308 0.03320785 -0.05850883 -0.00172047 0.14443617 -0.04678260 -0.05099682 -0.09427169 0.08501223 0.02856807 0.08602605 -0.00617184 -0.10783008 -0.03232892 -0.04469887 -0.00799536 -0.09425324 -0.19368183 -0.06557799 -0.03940608 0.02312813 -0.02108912 0.12964230 -0.13733054 -0.01075063 -0.19737970 -0.08775949 0.00555795 -0.00222326 -0.06112798 -0.14638467 -0.03745813 -0.17191267 -0.05985464 -0.03087431 -0.10304650 0.02440782 0.14350799 -0.17403447 -0.10384054 -0.02516861 0.16560307 0.15910698 1.00000000 0.10845855 0.05558141 0.17973200 0.19810303 0.16291655 0.48381313 0.25595545 0.27315650 0.50412032 0.35053664
-0.03507881 0.05823739 0.02406080 0.09809395 0.06913190 0.14395727 -0.03500356 -0.06064113 -0.04604622 -0.04821816 0.15203484 0.01226406 0.02258620 -0.06725987 -0.08504144 -0.03065071 -0.01066917 -0.03438521 0.00201107 -0.05457337 0.05138743 -0.06833142 0.04075917 -0.14945684 0.04133355 -0.02504346 0.20242060 -0.03723775 -0.03613952 0.15142489 0.15357195 0.13026258 0.13144259 0.05674530 0.12625419 0.04068172 0.07208350 0.22257555 0.05492946 -0.06695937 0.06081818 0.14927537 0.08729804 -0.09530261 -0.01173429 -0.02722709 -0.05840173 0.00627899 0.13514638 0.02835203 0.06949229 -0.00357809 -0.12936559 -0.05558258 0.04781667 -0.01311911 0.01068730 0.08796256 0.08639448 0.00690360 -0.07914803 0.05428935 0.04290661 0.11319248 0.12997395 0.15100069 0.15502438 0.10845855 1.00000000 0.21425745 0.28181099 0.27014416 0.06067564 0.12750906 0.16668573 0.14050439 0.13946219 0.07311411
0.11053645 0.19373007 -0.00240508 0.19878754 -0.04833605 0.22586458 0.04062985 -0.06096500 0.12243591 0.12591514 0.15603899 0.00536219 0.06615126 -0.11744295 -0.13568163 0.04817153 -0.00741171 -0.09587971 0.05069527 -0.18165410 0.16625235 -0.23936297 0.05189689 -0.22583479 0.05788387 -0.10777496 0.01108306 -0.13992632 -0.06710075 0.03369000 0.02538187 0.09925310 -0.18450515 0.09867387 0.19300724 0.03563336 0.05512514 0.22353588 -0.06962971 0.00458572 0.04563484 0.19684306 0.12158852 -0.04641932 -0.03057467 -0.03523719 0.13777120 0.10153620 0.14206211 0.05500070 0.12582877 0.00304529 -0.08660369 -0.08867449 0.06986158 -0.05637720 -0.16549224 0.08471881 0.11525413 0.01177555 0.05814952 0.11838483 0.03352895 0.04945406 -0.07779932 0.19661870 0.25526861 0.05558141 0.21425745 1.00000000 0.22854713 0.26265221 0.24515518 0.18445377 0.11123870 0.20085516 0.22971967 0.08290463
0.01024570 -0.02516699 0.04637215 0.19909585 0.17017989 0.25422414 -0.02508538 0.09590604 0.03704701 0.05429102 0.13430719 -0.04381047 0.02456756 -0.06930172 -0.05522225 0.09446753 0.01886816 -0.03507244 0.11810523 0.12422023 0.10902660 -0.02338359 -0.05805824 -0.05542163 0.08328175 0.09340297 -0.00030773 -0.15385885 -0.06432330 0.11618423 0.04815561 -0.04941660 0.04957526 0.04484658 0.25374043 -0.04995828 -0.02807105 0.11631850 -0.04630493 0.08590548 0.15877254 0.14088250 0.08674262 0.02399211 -0.06284279 -0.06483110 0.12404481 0.08943010 0.03136139 0.04838636 0.02015485 0.07248116 -0.04713779 -0.01177390 -0.13806437 0.00535553 -0.04112486 -0.02709467 0.00650097 0.14162256 0.03278781 -0.04566158 -0.21622630 0.01943871 0.11491958 0.28868546 0.26754141 0.17973200 0.28181099 0.22854713 1.00000000 0.30118185 0.21606457 0.17563565 -0.07603268 0.04139064 0.36580495 0.18928675
0.13409258 0.10913678 -0.05926556 0.12390682 0.07031613 0.10534886 -0.09638548 0.07793589 0.06614785 -0.05633003 0.00894204 -0.12078696 -0.09593823 0.01852599 0.07485595 0.09122347 -0.01831755 -0.03263141 0.08445181 0.07225184 0.01231806 -0.04171021 -0.01145144 -0.06492730 0.06466984 0.06679281 0.15344682 -0.01599746 -0.08499709 0.15360261 0.17775335 0.07335852 0.06544515 0.12515992 0.14021622 0.02124658 0.05908940 0.17376531 0.13836252 -0.00012256 0.21131798 0.07367645 0.13295363 0.05956105 0.02958939 0.02223887 -0.03707805 0.23325056 0.15187379 0.11148807 0.09063382 0.14420093 0.07317810 -0.05243614 0.04666154 -0.11043657 -0.02199075 0.13193660 0.03365214 0.09796836 0.07427761 0.00604975 0.11642873 -0.01581348 -0.07443479 0.16908751 0.16117255 0.19810303 0.27014416 0.26265221 0.30118185 1.00000000 0.19625512 0.20737116 0.30000717 0.28393291 0.19755616 0.18146666
0.02795971 -0.04795424 -0.17048840 0.11265376 -0.07221991 0.11373501 -0.28506536 -0.12447338 -0.14615851 -0.00305844 -0.15092331 -0.12781617 -0.20489857 -0.14730399 0.01565544 -0.00373038 0.04021930 -0.15989644 0.07983735 -0.02463058 0.12028447 -0.09640885 -0.03452864 -0.14747505 0.01605141 -0.03962761 0.09539257 -0.04781480 -0.05689648 0.06542136 0.01718786 -0.01287710 0.13733418 0.04494070 0.29540465 0.09304354 0.16764876 0.13399193 0.01810769 -0.00218707 0.12034397 0.06672158 0.03115150 -0.06238639 -0.09266611 -0.03805582 0.10829426 0.07918006 0.19331187 0.03909968 0.12521945 -0.04030249 0.01767793 0.13592694 -0.15474630 0.06562211 0.02065639 0.07498071 0.02945629 0.05061181 0.02690725 0.05673319 -0.06916213 -0.04363811 -0.01534678 0.09699064 0.31920078 0.16291655 0.06067564 0.24515518 0.21606457 0.19625512 1.00000000 0.17265791 -0.03909036 0.22458867 0.42322351 0.15943492
-0.13769764 -0.20353898 -0.17272433 0.00167319 -0.14115878 -0.09457563 -0.19032206 -0.17025180 -0.16282307 -0.09109832 -0.26189003 0.02652730 -0.21918968 -0.05406477 -0.06715632 -0.04661813 -0.08965981 -0.15299292 -0.07625237 0.01266408 -0.02294539 -0.15552351 -0.11432732 -0.07932486 0.04906467 -0.02289369 0.01035956 -0.12010840 0.01830991 0.00429680 0.07238242 0.07218038 0.04905890 0.09698231 0.05412689 0.00271477 -0.05831556 0.09168712 -0.04077618 -0.01383125 0.01298130 -0.01976819 0.01063009 -0.03784032 -0.02633180 0.00130522 0.02265971 -0.03682033 0.08010230 -0.09989333 -0.04225063 0.06619089 -0.13645809 -0.01341659 -0.06887860 -0.11477062 -0.18089554 0.05052085 -0.14437457 -0.02901869 0.00859728 0.05276541 -0.11201822 -0.14200353 0.04391108 0.16808735 0.22786317 0.48381313 0.12750906 0.18445377 0.17563565 0.20737116 0.17265791 1.00000000 0.19996063 0.17526789 0.48828930 0.20331586
-0.09906380 0.05565067 -0.11711475 0.01634967 -0.03728739 -0.10314407 -0.06206008 -0.19428461 -0.04731256 -0.03570667 -0.04924606 0.12831699 0.02342881 0.08506741 -0.02801312 0.03706509 0.02772943 -0.09668585 -0.04638328 0.02792810 -0.11132878 -0.02861430 -0.02035845 -0.04365206 -0.00427825 0.00817446 0.10258180 0.13895603 0.07020395 -0.04645888 0.12929889 0.05158321 0.08699635 0.05456151 0.01616889 0.02177734 -0.00962295 0.00128092 0.05689168 -0.00630734 0.09947941 0.05369153 0.04700927 -0.08797266 0.08110821 0.16762727 0.01423567 0.00370329 0.06561003 0.03558562 0.05715706 0.07023885 0.01274794 -0.03067771 0.01430288 -0.08006892 -0.07481979 0.13709875 0.19411119 -0.10057544 0.03342478 0.00156251 0.14195730 -0.01517012 -0.01646133 0.16770931 0.09147852 0.25595545 0.16668573 0.11123870 -0.07603268 0.30000717 -0.03909036 0.19996063 1.00000000 0.29104851 -0.01644307 0.23028903
-0.08816289 0.02513404 -0.01530465 0.06919514 -0.05071420 -0.01507777 -0.03376997 -0.16065002 -0.08281532 -0.03062575 -0.06122419 0.11349560 -0.00088009 -0.10668636 0.02303232 0.01704705 -0.00923318 -0.09917030 -0.01507425 -0.10280635 -0.05219615 -0.13498824 -0.05244955 -0.14201625 -0.04772402 -0.05481455 0.00585223 0.00890927 -0.04653852 0.05978970 0.00824974 0.04327427 0.04123073 0.01973359 0.11310073 -0.06401136 0.11188926 0.09640411 -0.07018394 -0.01005849 0.00224620 -0.00928926 0.00675304 -0.08115571 -0.05128476 -0.00827092 0.06811528 -0.01602053 0.12334902 -0.13017162 0.06669137 -0.04228087 0.07550714 0.02253648 0.03301109 0.06285973 0.05373668 0.11873518 0.02981665 0.00163511 0.03631005 0.00349090 0.07751154 0.04436541 0.05208477 0.16472958 0.04106011 0.27315650 0.14050439 0.20085516 0.04139064 0.28393291 0.22458867 0.17526789 0.29104851 1.00000000 0.15541154 0.04031641
-0.02590762 -0.25516079 -0.21071668 0.10053895 -0.09121435 0.04558751 -0.29172291 -0.17042147 -0.34725066 -0.05871771 -0.31422943 -0.10622377 -0.27750359 -0.05307468 0.01842709 0.08814707 -0.02212473 -0.10197377 -0.07605763 0.14850344 0.08418550 -0.01544841 -0.07286460 0.05610028 0.12028225 0.02318050 -0.01776456 -0.06274714 0.03579359 0.01243681 0.01573486 -0.01553043 0.10684693 0.06883448 0.18674270 -0.03292234 -0.06086674 0.08030383 -0.12415688 -0.03146006 0.03590226 -0.02716448 -0.00568104 0.00044928 -0.02657065 -0.10059878 0.02861686 0.02439658 0.07943174 -0.03580429 -0.00352124 0.01772557 -0.08729824 -0.01842298 -0.13900905 -0.00943720 -0.17428960 0.02022987 -0.06014250 -0.00011500 0.08049878 0.03994406 -0.24235777 -0.06032675 0.04837348 0.12510360 0.29824471 0.50412032 0.13946219 0.22971967 0.36580495 0.19755616 0.42322351 0.48828930 -0.01644307 0.15541154 1.00000000 0.21564671
0.03128723 -0.07988580 -0.11491059 -0.08850616 0.07639621 0.07046480 -0.10577083 -0.08409885 -0.07427180 -0.01684943 -0.11984427 -0.04234803 -0.16893172 0.06402096 -0.12812671 0.10925131 -0.00429962 -0.06366293 0.00854655 0.05724024 -0.01691429 0.03946447 0.05472463 0.09996834 -0.07177964 0.04953659 0.00129413 -0.03920858 -0.04437189 -0.16375765 -0.07192824 -0.11034590 -0.01914347 0.04644076 0.04852481 -0.09331998 -0.07846395 -0.04603655 -0.01588365 0.01049901 0.01241581 -0.05067788 -0.01260476 -0.02522389 0.08069533 0.10000529 0.10420522 0.02121310 -0.02581729 -0.04098499 -0.08840855 0.00030154 -0.08771711 0.01112871 -0.17688568 -0.02190883 -0.01401141 0.04477069 0.03108684 -0.03875789 -0.02075075 0.02012855 -0.00447936 -0.07879558 0.03356974 0.25937369 0.23685257 0.35053664 0.07311411 0.08290463 0.18928675 0.18146666 0.15943492 0.20331586 0.23028903 0.04031641 0.21564671 1.00000000
