1.00000000 0.22762120 -0.06437716 -0.06679952 -0.09615176 -0.03105473 0.26913843 0.19418612 0.20909248 0.12629068 0.09826300 0.04949335 0.06638990 0.07187674 0.03325556 0.11120133 0.16088275 -0.00687409 0.11824350 0.30969386 0.06016556 0.25337485 0.13297105 0.27295422 0.21722853 0.12514270 0.22927308 0.21081778 0.04507288 0.06933816 0.03318093 0.12549024 -0.15782612 0.18460013 0.03357284 0.12051128 0.26813959 -0.17390602 0.04655334 0.20300570 -0.12982818 0.19991886 0.17357039 -0.06956151 0.13553389 -0.16349982 0.19924490 0.10335347 -0.04982172 0.11913189 0.29132721 0.17208238 0.06205899 -0.03466502 -0.14804486 -0.05972125 -0.10962219 0.06653513 -0.06578745 -0.00179445 -0.23148360 -0.13081087 -0.01935593 -0.00858352 0.09137841 -0.07990392 -0.11692251 -0.08489775 0.07356770 -0.17495056 0.00503493 0.03484475 0.09468505 -0.12547963 -0.01585688 -0.09138697 -0.16102322 -0.33016062
0.22762120 1.00000000 0.33115294 -0.14923713 0.05266863 0.00314475 0.27405775 0.07821812 0.06085045 -0.04830848 0.12892514 0.03060302 0.19669034 0.15220718 -0.06682908 -0.07971145 0.18112584 0.10934561 -0.00925735 0.12579880 -0.06069061 0.24598813 0.12349495 0.00764125 0.00501003 0.13535554 0.03897045 0.20000010 0.07758147 0.17070475 -0.07677952 0.25941132 0.06614908 -0.04326685 -0.04877006 0.00998817 0.05168738 -0.07213667 0.03178819 0.26049595 0.09343012 0.09491057 0.23804763 -0.11194442 0.15093944 -0.13423582 -0.02128390 -0.06182528 0.04619631 -0.24335225 0.34914788 0.07693673 0.12359411 -0.07313701 0.18362135 -0.00907728 -0.03343908 0.30339082 0.26707317 -0.03944196 0.15004418 0.08681504 0.11359806 0.13705526 -0.20983850 0.15951806 -0.09754703 -0.17334577 -0.11978879 -0.04817734 0.20004902 -0.11402411 0.27754791 -0.08098067 -0.04989843 0.04521618 0.23529970 0.07993354
-0.06437716 0.33115294 1.00000000 -0.08130798 0.35110172 0.10322014 0.00324337 0.00649032 0.25468173 -0.03540701 0.12152732 -0.01022636 0.22899534 0.15791504 0.10682128 0.15755519 0.02747735 0.11650120 -0.00469187 0.20292120 0.20810064 0.08339435 0.13411365 -0.15255417 0.11366446 0.14817709 -0.07590718 0.13851305 0.19850619 0.03055712 0.19362878 0.09863322 0.21549844 0.02437870 0.02849874 0.09745760 -0.27971098 0.05744380 0.06678987 0.19291040 0.11702034 -0.06700699 0.31443219 -0.04905164 -0.04863666 -0.19234269 -0.03378109 -0.10597374 -0.04977828 -0.29047538 0.10212737 -0.02321485 -0.10401521 0.15780407 0.03566764 -0.11431249 0.00272752 0.15113178 -0.00895549 -0.11281644 0.02528206 0.04012369 -0.06187335 0.07181054 -0.25251738 0.02909255 0.02091503 0.08192359 0.00354063 0.05450460 0.07245283 -0.18360099 0.09774648 -0.04111810 -0.18089733 0.13237468 0.17586886 0.15996165
-0.06679952 -0.14923713 -0.08130798 1.00000000 0.06561382 0.12175205 -0.20716512 0.19901643 -0.00678854 0.13534763 -0.06348795 0.42571015 0.11586850 -0.13763676 0.02350081 0.12811528 0.00860374 0.19761013 -0.10530441 -0.02997271 0.21011274 -0.16153795 0.00368987 0.19385451 -0.11808437 0.03356230 0.16693802 0.08764602 -0.02349681 0.04362318 -0.12369027 -0.05173432 0.06224333 -0.01752249 0.00357574 0.10268617 -0.00989634 0.01391932 -0.10092287 0.09170555 -0.10916119 -0.19967702 -0.02853126 0.11079002 -0.19679884 0.03516951 -0.07473586 0.07082159 -0.11412582 0.14763582 -0.10372440 -0.05857901 -0.05992920 0.02002846 -0.08947933 -0.14228455 -0.04407618 -0.19880409 -0.12573351 0.00758930 -0.15503271 -0.12396510 0.04309834 0.08679018 -0.02417611 -0.08324764 0.05647529 0.10447697 -0.04287182 0.16118154 -0.00530339 -0.02317437 -0.09950869 0.00275617 -0.17962529 -0.03459070 -0.08899579 -0.02131808
-0.09615176 0.05266863 0.35110172 0.06561382 1.00000000 0.17477911 0.08221933 0.00293260 0.19852315 0.15268983 0.07757548 0.13538245 0.12937682 0.01585711 0.19839373 0.32618660 -0.23510638 0.05339631 -0.10094584 0.10152925 0.21572493 0.11231761 0.00916992 -0.16615704 0.09091914 0.24281622 0.06824905 -0.08408019 0.04938097 -0.03738603 0.20159313 -0.01909756 0.22659251 0.11091509 0.17549085 0.00347996 -0.26343686 0.12841829 -0.06926090 0.28150845 0.18681235 -0.00787726 0.33566939 0.14889307 -0.01194772 -0.15603692 0.06793939 -0.01025908 0.15720749 -0.15459045 0.08016527 0.01892455 -0.01125165 0.18786515 0.02517509 -0.09279635 -0.00808160 0.19008422 0.15630233 0.07941554 -0.19624549 0.12633954 -0.05349870 0.22919728 0.03643972 -0.16209704 0.12787923 0.16634240 0.06518684 -0.04478033 -0.12538961 -0.02867323 0.03635510 0.09405280 0.02983725 0.16187094 -0.02722438 0.28272014
-0.03105473 0.00314475 0.10322014 0.12175205 0.17477911 1.00000000 -0.16389388 0.17445725 0.05611022 0.08226973 0.41845875 0.11928697 0.11308043 -0.21248980 -0.11190596 -0.25434389 -0.00856415 -0.05432644 -0.04724334 -0.23151731 -0.03971664 -0.13513131 -0.13645639 0.23437959 0.05587468 -0.09316353 -0.16831311 -0.11972335 0.15918606 0.14323943 0.03624752 -0.07438877 0.10961372 0.08178077 0.01714100 0.08970512 0.08003067 0.13864084 0.13991088 -0.10454979 0.05882915 -0.14277655 -0.04376263 0.04231971 -0.12425295 0.01687870 0.09867165 0.04355235 -0.04061497 0.05532536 -0.03778121 -0.14572844 0.15883790 -0.08067759 0.03570876 0.01876190 -0.12523571 -0.05650975 0.10861473 -0.24627054 -0.12455323 -0.18307050 -0.25279104 -0.01474232 -0.27277307 0.09203408 0.25961296 -0.00453685 0.00453128 0.05024498 0.01665846 -0.02529985 0.06123923 0.06112580 -0.01806223 -0.01247265 0.07150592 0.16805535
0.26913843 0.27405775 0.00324337 -0.20716512 0.08221933 -0.16389388 1.00000000 0.22070597 0.09076224 0.15981558 0.11717910 -0.03992164 0.34721514 0.01463134 -0.05783173 -0.07054552 0.14031675 0.02219667 -0.09525264 0.06505767 -0.11568043 0.09819772 0.07942544 0.13525423 -0.08095698 -0.01236052 0.19895468 -0.03198171 0.15060116 -0.11557900 -0.08121246 -0.00458231 -0.05880053 0.10054588 -0.03200360 0.10921955 0.08201947 -0.06321783 -0.04917241 0.19404513 0.10211090 0.27322438 0.17045952 -0.01096839 0.11901427 0.01461269 0.29419188 0.30867111 0.27072532 0.00244006 0.21108668 0.25730373 -0.03406785 -0.16547431 -0.02971981 0.12386987 -0.08253099 0.01548268 0.20857839 0.05506577 -0.08192350 0.09873806 0.05599496 -0.09564073 -0.03853833 -0.02200431 0.02580024 0.01278906 0.12791595 -0.18151389 0.06797262 0.14112188 0.10064845 0.06778803 0.06324069 0.12480538 -0.05674997 0.06525368
0.19418612 0.07821812 0.00649032 0.19901643 0.00293260 0.17445725 0.22070597 1.00000000 0.12877813 0.20106543 0.26015079 0.13737638 0.21010149 -0.01912035 -0.15763525 0.03554634 0.05857083 0.16800235 -0.03888854 -0.18200530 -0.08793669 0.23366783 -0.03205549 0.17559736 0.12968542 0.05724281 0.36451284 0.21340644 0.20305424 0.01674496 -0.01653179 0.10738929 0.04481649 0.12506345 0.09181698 0.28767291 0.14974908 0.03669589 -0.02348212 0.10323405 0.09861410 0.07427752 0.01305745 -0.10901750 -0.15713422 -0.02893355 0.21082700 0.17176707 -0.12714306 0.29401273 -0.00493403 -0.00129220 -0.03114963 -0.04267700 -0.27417627 -0.08398793 -0.14721332 -0.21258215 -0.05743849 -0.09327278 -0.12492385 -0.11069005 -0.30423879 -0.10421761 -0.23492009 0.06106377 -0.05420361 -0.07675051 -0.03979008 -0.00706102 -0.11421491 0.00372944 -0.00184555 -0.05241884 -0.12602513 -0.17108157 -0.15817279 -0.14634715
0.20909248 0.06085045 0.25468173 -0.00678854 0.19852315 0.05611022 0.09076224 0.12877813 1.00000000 0.26003664 0.01348177 -0.10733658 0.26113401 0.40835415 0.15457941 0.10839343 -0.03573624 0.24356885 0.01741994 0.17485333 0.22412054 0.05644758 0.16887091 -0.15041070 0.14598295 -0.00140886 0.20575610 0.09074015 0.26133525 0.09388113 0.17235632 0.25044924 0.18559998 -0.02368807 0.23394932 0.12433951 0.07197827 -0.04677745 0.06417563 0.32789180 0.28462000 0.04182786 0.26187916 0.05349810 -0.11935002 -0.02695024 0.09690278 0.06403524 -0.12166606 -0.08966906 0.11515478 -0.03877229 0.25088410 0.21785686 -0.08476378 -0.07256776 0.20598542 0.01654602 0.05805545 -0.08052743 0.04979246 -0.08045020 -0.07332247 0.11506304 0.04665077 -0.19883611 -0.08853327 0.06617390 -0.00598900 -0.06240764 -0.10237692 -0.10672769 0.05228030 -0.13815346 -0.09168840 -0.03049534 0.03124744 0.07402112
0.12629068 -0.04830848 -0.03540701 0.13534763 0.15268983 0.08226973 0.15981558 0.20106543 0.26003664 1.00000000 0.09824017 0.20029723 0.16864970 -0.02883462 0.08707549 0.03605836 -0.12085140 -0.01015676 -0.02158537 0.00048330 0.21571684 -0.02367771 -0.00556390 0.03032213 -0.21266263 0.02353723 0.16077322 -0.08929537 0.09585334 0.22063890 -0.02479094 -0.08737104 -0.04702542 0.04469680 -0.04248523 0.06009223 0.07566933 0.02494945 -0.15803878 0.21536065 0.05521212 0.03314875 0.07965974 0.03081299 0.09972649 -0.01719517 0.27637406 0.10344113 -0.03563290 0.15295558 -0.07572698 0.07738258 0.14827365 0.01697248 -0.16300308 -0.09026592 0.23481260 -0.03516515 -0.00901417 -0.13146722 -0.05542533 0.03742931 -0.06092032 -0.17484084 -0.02645429 -0.20262988 -0.06781499 0.01505604 0.09065264 -0.17396038 -0.32019121 -0.01863195 -0.23937305 -0.10650582 -0.02007194 -0.37039678 -0.13297072 0.02352994
0.09826300 0.12892514 0.12152732 -0.06348795 0.07757548 0.41845875 0.11717910 0.26015079 0.01348177 0.09824017 1.00000000 0.04628548 0.22704855 -0.06568891 -0.04861311 -0.12593238 0.10938679 0.03569838 -0.06102515 -0.02888700 0.01984802 -0.07313218 -0.11644206 0.27635942 0.08773960 -0.00876869 -0.09009085 -0.09340765 0.10596868 0.12558223 -0.02316804 -0.10364920 -0.17427480 0.08618251 -0.22867826 -0.04908853 0.01475129 -0.10669282 -0.11278937 -0.14855590 -0.14121574 -0.20777654 -0.16411069 -0.28506495 0.01366493 -0.00766778 -0.03109548 -0.02511273 -0.00657814 0.03531622 0.00076064 0.00397459 0.05499645 0.10487107 0.09442790 0.09308284 -0.06075821 0.13008497 0.08313616 -0.11419717 -0.01717706 -0.02808938 -0.05495650 -0.08810256 -0.24250056 -0.10918283 -0.00608455 0.04799489 -0.00387624 -0.12989770 0.05739607 0.02927113 0.00597310 0.02875373 -0.03061770 -0.10670079 0.06143017 -0.01761245
0.04949335 0.03060302 -0.01022636 0.42571015 0.13538245 0.11928697 -0.03992164 0.13737638 -0.10733658 0.20029723 0.04628548 1.00000000 0.06440621 -0.04269837 -0.02796636 0.03340593 -0.08370204 0.09963945 -0.20702259 -0.01934223 0.07985533 -0.03337749 -0.05565491 0.08771364 0.10132059 0.07498786 0.08747497 0.13609979 -0.07149863 0.26511846 0.08893244 0.16825330 -0.03363434 0.04512845 -0.10362026 0.21571852 -0.10362107 -0.06083965 0.09025622 0.01296920 -0.11488235 -0.14220193 -0.13208297 0.12038545 -0.11410868 -0.11391787 -0.20930425 -0.22797864 -0.26382332 -0.00119817 -0.29012585 -0.03217770 0.08013548 0.10844889 0.01338589 -0.04741395 -0.09875288 -0.06479351 -0.03235394 -0.00069609 -0.07997931 0.03982427 0.01097141 0.19299073 0.04825256 -0.03798222 0.00180457 -0.01202379 -0.11268690 0.05229515 0.04327529 0.08578931 -0.09110612 0.09200497 -0.11742654 -0.02705534 -0.02275856 0.02303986
0.06638990 0.19669034 0.22899534 0.11586850 0.12937682 0.11308043 0.34721514 0.21010149 0.26113401 0.16864970 0.22704855 0.06440621 1.00000000 -0.00029363 0.00846863 -0.08626336 0.12041566 0.19236562 -0.09556369 0.06563207 0.07632380 -0.02216111 -0.03341260 0.16492284 0.09339560 0.02738048 -0.05702667 -0.00896025 0.24830405 -0.06759166 -0.03453473 0.01137143 0.09133440 -0.04968229 0.02041646 0.05461522 -0.08850740 0.05848731 0.02097935 0.21604260 0.18710672 0.00288094 0.23219003 0.01677890 0.10379796 0.03095510 0.09925319 0.05196863 0.04117696 0.00784550 0.22291937 0.06493485 0.06067858 -0.04000790 0.15840745 0.08013616 0.06757332 0.09835442 0.16146589 -0.16673320 0.04391553 -0.01442913 -0.02723255 -0.07883337 -0.13345190 -0.02873242 -0.06266969 -0.02511395 0.17079150 0.02662971 0.14626210 -0.03605645 0.07434680 -0.00541312 -0.09996576 0.15020859 0.09256066 0.27400096
0.07187674 0.15220718 0.15791504 -0.13763676 0.01585711 -0.21248980 0.01463134 -0.01912035 0.40835415 -0.02883462 -0.06568891 -0.04269837 -0.00029363 1.00000000 0.12994561 0.32354970 0.25031098 0.23489259 0.16887257 0.30339077 0.22133347 0.36221099 0.36683145 -0.20417703 0.38419626 0.19806799 0.14993468 0.25417383 0.08477238 -0.00791929 0.24613558 0.22892906 -0.06412997 -0.24974390 -0.03272410 -0.01084229 0.03324214 -0.17131850 -0.08214452 0.26279732 0.11227600 -0.00628277 0.10171151 -0.09510924 -0.20710508 -0.04838494 -0.15043157 -0.07908444 -0.20599021 -0.18891672 0.06979640 -0.02420304 0.02442049 0.22536737 0.07388270 -0.07343622 0.03432320 0.13262285 -0.17758201 0.05619817 0.12239387 -0.04675234 0.03018434 0.09925600 -0.10046952 -0.01397764 -0.11448353 0.07004929 -0.12709983 -0.04602217 0.12266361 -0.00065154 -0.07758656 -0.03520199 -0.13522607 -0.02088554 0.00534420 -0.13716547
0.03325556 -0.06682908 0.10682128 0.02350081 0.19839373 -0.11190596 -0.05783173 -0.15763525 0.15457941 0.08707549 -0.04861311 -0.02796636 0.00846863 0.12994561 1.00000000 0.22994462 -0.13090856 0.13670932 -0.07715246 0.43318018 0.34731210 -0.08410173 0.13055708 0.06281931 0.17036078 0.19052891 0.03105710 0.14641513 -0.06022290 -0.03211759 0.14700650 -0.10974686 -0.10726065 -0.06411458 0.03835130 -0.01371345 -0.08932970 0.05601041 -0.04238014 0.03576176 -0.14276578 -0.24799518 -0.03905673 0.10224115 0.07977340 -0.16122403 -0.13518885 -0.06629832 -0.16023273 -0.11768101 0.01561690 -0.15989296 0.06004646 0.28975020 0.09125105 0.01353425 0.13182747 0.24957684 0.06543232 0.03208428 0.03928506 0.18646380 0.11680789 0.06801226 0.15616167 -0.16753379 -0.20231650 0.03369367 -0.14608977 -0.09695077 0.13255624 -0.05663810 -0.05337648 -0.05578438 0.13886508 0.17993236 0.03181364 -0.01646027
0.11120133 -0.07971145 0.15755519 0.12811528 0.32618660 -0.25434389 -0.07054552 0.03554634 0.10839343 0.03605836 -0.12593238 0.03340593 -0.08626336 0.32354970 0.22994462 1.00000000 0.17928451 0.23576137 0.22462821 0.38556191 0.16331148 0.26292469 0.11546890 -0.16636448 0.17427374 0.20260781 0.11852939 0.15736759 -0.02488688 -0.13772214 0.19489433 0.03765866 0.04116160 -0.03611831 0.12585638 0.11091968 -0.14462487 -0.10851544 -0.17194417 0.17477182 -0.07844574 0.09138480 0.16770681 -0.09753161 -0.11120671 -0.04792930 -0.14978256 0.10681639 -0.13626621 0.00386024 -0.01493799 0.05779711 -0.25517838 0.23519683 -0.15300998 -0.27269053 0.05918355 -0.06499425 -0.17994268 0.15581823 -0.10846612 0.01432049 0.06017008 0.05991583 0.13697696 -0.20841178 0.06489558 0.10776325 0.10527749 -0.05756627 -0.12650604 0.09467082 -0.18211228 -0.10747897 -0.06730593 0.01344860 -0.17114323 -0.12275259
0.16088275 0.18112584 0.02747735 0.00860374 -0.23510638 -0.00856415 0.14031675 0.05857083 -0.03573624 -0.12085140 0.10938679 -0.08370204 0.12041566 0.25031098 -0.13090856 0.17928451 1.00000000 0.02984618 0.14303673 0.15398054 0.00598640 0.19559757 0.09441882 0.26395567 0.19417989 0.07955552 -0.10119994 0.00119433 0.12021268 -0.15568948 -0.17976284 0.11859812 -0.15626967 -0.21653840 -0.14871522 -0.24683555 0.02881361 -0.43782071 -0.30719551 0.04536597 0.08927288 0.00751147 0.08463234 -0.07126545 -0.15107831 0.19683892 -0.05903782 -0.00539137 -0.07129211 -0.06555599 0.13629387 -0.12757624 -0.13965199 -0.22350377 0.01843703 0.00648617 -0.17058673 -0.04903097 0.03027762 -0.28583943 -0.06580780 -0.25454720 0.01644681 -0.21119202 -0.25173339 0.09299762 0.02983314 0.11464268 0.36164783 0.19493648 0.12892264 0.18205441 -0.00886530 0.30023988 0.01876531 -0.02425613 0.10911845 -0.13861303
-0.00687409 0.10934561 0.11650120 0.19761013 0.05339631 -0.05432644 0.02219667 0.16800235 0.24356885 -0.01015676 0.03569838 0.09963945 0.19236562 0.23489259 0.13670932 0.23576137 0.02984618 1.00000000 0.12962327 0.10826378 0.20161066 0.14469065 0.06506399 0.02543042 0.15106965 0.06249434 0.02236545 0.18384191 0.14235208 0.20345894 0.12809867 0.09299067 0.21118808 0.02872920 0.01810972 0.17110825 0.03003935 0.06737167 0.08104640 0.19996721 0.03746679 0.06390753 0.02375705 0.03650673 -0.17361327 -0.09659939 -0.21873001 0.16983263 -0.02822391 -0.01499215 -0.07063794 0.20187997 0.15161917 0.15423187 0.14294457 0.10520974 0.13178403 0.11009338 0.09263957 0.06237356 0.29960553 0.16029913 0.10047779 0.27390977 0.09975164 -0.11836851 -0.15316728 -0.12475423 -0.21261823 -0.00247458 0.02244139 -0.19774282 -0.18154336 -0.29292677 -0.32480266 -0.13003955 -0.07043984 -0.08554446
0.11824350 -0.00925735 -0.00469187 -0.10530441 -0.10094584 -0.04724334 -0.09525264 -0.03888854 0.01741994 -0.02158537 -0.06102515 -0.20702259 -0.09556369 0.16887257 -0.07715246 0.22462821 0.14303673 0.12962327 1.00000000 0.21396600 -0.16141231 0.21793903 0.19992241 -0.10268113 0.21782337 0.22761022 0.10536479 0.10256453 0.18705457 -0.06921515 0.12719726 -0.03167423 -0.00845728 -0.03046068 0.00741711 -0.03068020 0.12599273 0.01734939 -0.03073330 0.10902558 0.02805937 0.10685576 0.20337170 -0.10874886 0.01240001 -0.09129421 0.07150922 0.01193388 0.00797069 0.27213104 0.24943772 0.05191668 -0.17526106 0.01245088 0.02207316 -0.19502262 -0.06464566 -0.14831233 -0.13895396 0.02284998 -0.20543485 -0.13094624 -0.03823764 -0.10005846 -0.16024257 -0.09219200 -0.02868087 -0.15416219 -0.17137115 0.00679651 -0.02682660 -0.13615665 -0.23344377 -0.10947323 -0.18500034 -0.23341113 -0.10169277 -0.24041552
0.30969386 0.12579880 0.20292120 -0.02997271 0.10152925 -0.23151731 0.06505767 -0.18200530 0.17485333 0.00048330 -0.02888700 -0.01934223 0.06563207 0.30339077 0.43318018 0.38556191 0.15398054 0.10826378 0.21396600 1.00000000 0.12092790 0.21721897 0.35523385 0.11454209 0.27173204 0.28635069 0.20085291 0.18246901 0.14153566 0.00737516 0.28351705 -0.03303002 -0.01687038 0.07571945 -0.07279769 0.01322032 0.04315598 -0.13303039 0.00013573 0.22989385 -0.03991468 -0.07882555 0.27707868 0.04151937 0.12174611 -0.08655881 -0.06017170 -0.01845793 -0.11105603 -0.04252524 0.19451027 -0.08523545 -0.16214782 0.25258593 0.00716475 -0.00024575 0.12375464 0.19663462 -0.16977151 0.06006640 -0.01599747 -0.07162551 0.19088984 0.02684689 0.13435157 -0.10433261 -0.02681663 -0.04981387 0.06006368 -0.13261076 0.34253997 -0.01244856 0.02773492 -0.11775595 0.07409537 0.18197642 -0.07925081 -0.14633710
0.06016556 -0.06069061 0.20810064 0.21011274 0.21572493 -0.03971664 -0.11568043 -0.08793669 0.22412054 0.21571684 0.01984802 0.07985533 0.07632380 0.22133347 0.34731210 0.16331148 0.00598640 0.20161066 -0.16141231 0.12092790 1.00000000 -0.07569678 0.29006756 0.05470164 0.18394497 0.11043504 -0.00753193 0.02840489 -0.18161424 0.13609462 0.13395194 -0.04478341 0.13458229 0.02436794 -0.10877791 0.03579581 -0.11540609 0.09662717 -0.00550785 0.18729110 -0.12512969 -0.15140065 0.05928980 -0.02362732 -0.12530184 -0.27994725 -0.07896198 -0.21180582 -0.08635482 -0.28565102 -0.13502373 -0.06782313 0.14930394 0.14459400 0.11714482 -0.07043811 0.06036583 0.26389928 -0.13798009 0.11547961 -0.18197107 0.13629430 -0.10247408 0.09777459 0.11038102 -0.12037735 -0.12832748 0.17263464 0.04019480 -0.03508552 0.04809790 -0.02561779 -0.01202861 0.10932525 -0.23946363 -0.10055867 -0.00778046 -0.09356202
0.25337485 0.24598813 0.08339435 -0.16153795 0.11231761 -0.13513131 0.09819772 0.23366783 0.05644758 -0.02367771 -0.07313218 -0.03337749 -0.02216111 0.36221099 -0.08410173 0.26292469 0.19559757 0.14469065 0.21793903 0.21721897 -0.07569678 1.00000000 0.29688081 0.00002218 0.33478813 0.32797270 0.29490620 0.18108653 -0.00909485 -0.09488145 0.21111785 0.06619298 -0.02072346 -0.00738454 -0.05624563 0.00213704 -0.00174094 -0.09365024 -0.00317107 0.26802056 0.22359255 0.16513967 0.21124095 -0.02516991 -0.23294552 0.14888453 -0.05484734 -0.04169510 -0.05987392 0.02327327 0.09566368 0.01383496 -0.13934282 0.21365116 -0.03407039 -0.00096232 -0.21289207 0.18394564 -0.09512023 -0.05824043 -0.16079464 -0.20919996 -0.16498375 0.06765608 -0.03209725 0.18333424 -0.07797066 -0.11715143 -0.03649844 -0.25233900 0.05751259 -0.00182561 0.00851834 -0.00485263 -0.04629333 -0.05501951 -0.15155436 -0.19937387
0.13297105 0.12349495 0.13411365 0.00368987 0.00916992 -0.13645639 0.07942544 -0.03205549 0.16887091 -0.00556390 -0.11644206 -0.05565491 -0.03341260 0.36683145 0.13055708 0.11546890 0.09441882 0.06506399 0.19992241 0.35523385 0.29006756 0.29688081 1.00000000 -0.02161247 0.30391359 0.33847268 0.27219340 0.10043250 -0.02644416 -0.06521141 0.17326798 0.03645665 -0.05847451 0.06936218 -0.05298723 0.03239459 0.07453677 -0.03630933 0.08957743 0.28623881 0.01650329 -0.01817588 0.19973671 -0.00142771 -0.15520238 -0.07638429 0.01629504 -0.14063286 -0.18581281 -0.10212014 0.06695793 -0.20303295 -0.09506162 0.05358874 0.05642440 -0.22127873 -0.05281785 0.16335925 -0.16493055 0.19366429 -0.30065233 -0.22527604 0.07559756 0.00337057 -0.07817159 0.07830068 -0.12284052 -0.10144951 -0.12273288 -0.09282343 0.17843369 -0.18001116 0.04206212 0.09923908 -0.13488997 -0.06054612 -0.12703162 -0.17995692
0.27295422 0.00764125 -0.15255417 0.19385451 -0.16615704 0.23437959 0.13525423 0.17559736 -0.15041070 0.03032213 0.27635942 0.08771364 0.16492284 -0.20417703 0.06281931 -0.16636448 0.26395567 0.02543042 -0.10268113 0.11454209 0.05470164 0.00002218 -0.02161247 1.00000000 0.17140795 0.04098594 -0.02309752 0.15185997 0.13477974 -0.01327226 -0.15062556 -0.06179970 -0.14991539 0.02471466 -0.21585997 -0.00106537 0.18919400 -0.11626373 -0.09126484 -0.08466217 -0.17734340 -0.04770284 -0.15964474 0.12751558 0.16645722 0.00155119 -0.02148150 0.11960044 0.03858060 0.18929368 -0.02878907 -0.12001375 0.01683570 -0.08660845 0.04165303 0.12388934 -0.19001313 0.02732013 -0.07477110 -0.08856600 -0.10478445 -0.11446774 0.01392905 -0.03314562 -0.07691762 -0.02905046 -0.15336688 -0.11378305 0.12589613 0.05431376 0.10927458 0.02735389 0.09041371 0.08038762 0.12915829 0.02681816 -0.23694610 -0.17313804
0.21722853 0.00501003 0.11366446 -0.11808437 0.09091914 0.05587468 -0.08095698 0.12968542 0.14598295 -0.21266263 0.08773960 0.10132059 0.09339560 0.38419626 0.17036078 0.17427374 0.19417989 0.15106965 0.21782337 0.27173204 0.18394497 0.33478813 0.30391359 0.17140795 1.00000000 0.41117474 0.09795894 0.23467397 -0.04931041 -0.08227275 0.28203307 0.08658587 -0.07357594 -0.03501816 -0.09788370 0.02139319 0.01365069 -0.05813258 0.09487790 0.10515432 0.11476921 -0.03243906 0.18481925 -0.01254307 -0.09616950 -0.15369323 -0.19140495 -0.11263120 -0.29150799 0.05431789 0.03275647 -0.18577217 0.06099791 0.30909925 0.14683593 -0.00980435 -0.26014561 0.09445633 -0.16414001 0.04064135 -0.22184852 -0.20966057 -0.25901288 0.19905800 -0.11320995 0.01600144 -0.21794771 0.10666809 -0.03687121 0.06297860 0.24934692 -0.04616494 -0.05506750 0.15742252 -0.09104220 0.03670862 -0.02859669 -0.09752344
0.12514270 0.13535554 0.14817709 0.03356230 0.24281622 -0.09316353 -0.01236052 0.05724281 -0.00140886 0.02353723 -0.00876869 0.07498786 0.02738048 0.19806799 0.19052891 0.20260781 0.07955552 0.06249434 0.22761022 0.28635069 0.11043504 0.32797270 0.33847268 0.04098594 0.41117474 1.00000000 0.18264892 0.19100315 -0.14627403 -0.00420600 0.16905502 -0.01951168 -0.25651690 0.09532440 -0.11568723 -0.11049543 -0.16685999 -0.09487407 -0.00048201 0.38020751 0.13822330 -0.08819182 0.30209782 0.15114818 -0.05268992 -0.17890054 -0.06547883 -0.02188030 -0.24501029 -0.04508191 0.07139967 -0.05221844 0.10927903 0.29768919 0.10196225 -0.16200753 -0.12356494 0.23353672 -0.14403329 0.02239697 -0.24128978 -0.13025603 -0.15774826 0.21952596 0.01612416 0.06916536 -0.19235993 0.00604938 -0.18281073 -0.10285287 0.12904269 -0.24729454 -0.11148260 0.02773627 -0.22085798 -0.06685012 0.02003538 -0.01271112
0.22927308 0.03897045 -0.07590718 0.16693802 0.06824905 -0.16831311 0.19895468 0.36451284 0.20575610 0.16077322 -0.09009085 0.08747497 -0.05702667 0.14993468 0.03105710 0.11852939 -0.10119994 0.02236545 0.10536479 0.20085291 -0.00753193 0.29490620 0.27219340 -0.02309752 0.09795894 0.18264892 1.00000000 0.31385634 0.13393538 0.13073965 0.29736980 0.28029340 0.13145747 0.51256447 0.04932877 0.38176358 0.30209449 0.12683333 0.21601544 0.28522023 -0.05591956 0.13210420 0.26312507 -0.06535969 0.00566610 -0.28637941 0.23745826 0.10944155 -0.17031876 0.08171678 0.09787506 0.05666179 0.00153012 0.10079392 -0.27609506 0.02769726 -0.13402765 -0.14852313 -0.10354148 0.10129724 -0.24263640 0.03181118 -0.07512629 0.01026956 -0.05447703 0.04542514 -0.17567103 -0.22865370 -0.16596487 -0.02521266 0.05412209 0.00799344 0.05196619 -0.09525498 -0.05429942 -0.13268861 -0.26341018 -0.22614888
0.21081778 0.20000010 0.13851305 0.08764602 -0.08408019 -0.11972335 -0.03198171 0.21340644 0.09074015 -0.08929537 -0.09340765 0.13609979 -0.00896025 0.25417383 0.14641513 0.15736759 0.00119433 0.18384191 0.10256453 0.18246901 0.02840489 0.18108653 0.10043250 0.15185997 0.23467397 0.19100315 0.31385634 1.00000000 0.15017625 0.12374478 0.15936062 0.28233905 0.07804998 0.15772343 0.04890780 0.32613101 0.37298815 0.12807379 0.08565020 0.24408559 -0.01567640 -0.04905109 0.06964994 0.06553857 0.15446498 -0.19203028 -0.12294321 0.04392408 -0.18007212 -0.05827302 -0.10273442 0.01761820 0.15318904 0.27605142 0.00029736 0.10522583 0.04546027 -0.05243995 -0.18445164 0.05279582 0.12952620 0.25112281 -0.01925294 0.25722216 0.03495837 0.19883303 -0.28425899 -0.16545028 -0.25534829 -0.05324451 0.17013791 -0.12702049 0.13147964 -0.23082504 -0.20800250 -0.15939039 -0.21722866 -0.31078332
0.04507288 0.07758147 0.19850619 -0.02349681 0.04938097 0.15918606 0.15060116 0.20305424 0.26133525 0.09585334 0.10596868 -0.07149863 0.24830405 0.08477238 -0.06022290 -0.02488688 0.12021268 0.14235208 0.18705457 0.14153566 -0.18161424 -0.00909485 -0.02644416 0.13477974 -0.04931041 -0.14627403 0.13393538 0.15017625 1.00000000 0.06547289 0.17108368 0.16605306 0.19743105 0.00118693 0.36276005 0.22116051 0.12246230 0.11584388 0.00636728 0.10583135 0.18850341 0.16802864 0.28100051 0.15125136 0.09174855 0.06752635 -0.06970969 0.07833433 0.20341965 0.23879801 0.16109547 0.11304711 -0.07270036 -0.03500478 0.07578922 0.03090684 0.06906120 -0.19088198 0.11455446 -0.21633147 0.18394302 0.07010855 0.11854398 -0.05908831 -0.33467575 0.00489839 -0.03833109 0.06562866 0.00334923 0.06748079 0.02751772 0.14262213 0.03630050 -0.02604134 0.09838404 0.06204577 0.13021931 0.16726898
0.06933816 0.17070475 0.03055712 0.04362318 -0.03738603 0.14323943 -0.11557900 0.01674496 0.09388113 0.22063890 0.12558223 0.26511846 -0.06759166 -0.00791929 -0.03211759 -0.13772214 -0.15568948 0.20345894 -0.06921515 0.00737516 0.13609462 -0.09488145 -0.06521141 -0.01327226 -0.08227275 -0.00420600 0.13073965 0.12374478 0.06547289 1.00000000 0.12287049 0.16135401 0.12972006 0.28983155 -0.05354814 0.06231264 0.13478586 0.12679480 0.27400854 -0.02024584 -0.12457294 0.04845490 -0.00173523 -0.03642125 -0.00219471 -0.29606840 0.03466043 -0.20909805 -0.13923246 -0.09084892 -0.11351288 0.13676462 0.37767719 0.19640579 0.21145227 0.08338009 0.20641092 0.08311585 0.10566905 0.08992561 0.29564613 0.27386281 0.13378465 0.13353381 0.15681288 0.07730538 0.04242334 -0.06680791 -0.23873367 -0.02307874 0.04892851 -0.08535016 0.08509656 -0.20047988 -0.14396063 -0.26921053 0.04754982 -0.01764184
0.03318093 -0.07677952 0.19362878 -0.12369027 0.20159313 0.03624752 -0.08121246 -0.01653179 0.17235632 -0.02479094 -0.02316804 0.08893244 -0.03453473 0.24613558 0.14700650 0.19489433 -0.17976284 0.12809867 0.12719726 0.28351705 0.13395194 0.21111785 0.17326798 -0.15062556 0.28203307 0.16905502 0.29736980 0.15936062 0.17108368 0.12287049 1.00000000 0.30007912 0.23475421 0.22529802 0.03119832 0.36338334 -0.05271677 0.06448116 0.36551127 0.16138886 0.14506848 0.10040710 0.18404022 0.19085242 0.03338717 -0.32627771 -0.11252141 -0.11412381 -0.22997755 -0.10066082 -0.24552587 -0.08276626 0.04758403 0.23991828 0.08330825 0.11938593 0.14664414 -0.06312575 -0.09862972 0.17320330 -0.02405443 0.13519057 0.02238446 0.10808457 0.05285208 -0.08976014 -0.04387230 -0.11023841 -0.14347049 -0.22532499 0.15229441 -0.20548014 -0.17516040 -0.23394179 -0.25631965 -0.02466357 -0.12058079 -0.07033635
0.12549024 0.25941132 0.09863322 -0.05173432 -0.01909756 -0.07438877 -0.00458231 0.10738929 0.25044924 -0.08737104 -0.10364920 0.16825330 0.01137143 0.22892906 -0.10974686 0.03765866 0.11859812 0.09299067 -0.03167423 -0.03303002 -0.04478341 0.06619298 0.03645665 -0.06179970 0.08658587 -0.01951168 0.28029340 0.28233905 0.16605306 0.16135401 0.30007912 1.00000000 0.26532756 0.07829078 0.12155685 0.21236062 0.15535317 -0.13150557 0.25170398 0.06583813 0.13609636 0.25535761 0.07653572 0.03458786 -0.04142460 -0.27956034 -0.09982588 -0.14884996 -0.21179448 -0.30406273 -0.18924698 -0.08889618 0.15868312 0.00977243 0.02008514 0.08931602 0.03564283 -0.01967901 0.12526845 0.11143675 0.21623909 0.19444852 0.01162220 0.13387528 -0.07029403 0.10463826 -0.02481664 -0.14460690 -0.01825391 0.20248497 0.05805370 -0.07578100 0.06072047 -0.08506135 -0.22797715 0.05500118 0.09501249 -0.03844656
-0.15782612 0.06614908 0.21549844 0.06224333 0.22659251 0.10961372 -0.05880053 0.04481649 0.18559998 -0.04702542 -0.17427480 -0.03363434 0.09133440 -0.06412997 -0.10726065 0.04116160 -0.15626967 0.21118808 -0.00845728 -0.01687038 0.13458229 -0.02072346 -0.05847451 -0.14991539 -0.07357594 -0.25651690 0.13145747 0.07804998 0.19743105 0.12972006 0.23475421 0.26532756 1.00000000 0.17734185 0.24633219 0.34891361 0.17296721 0.38693752 0.31403135 0.13671815 0.17168065 0.03060773 0.19639822 0.11678035 0.13868762 -0.27148023 0.05826934 -0.04774849 -0.00917666 -0.04442315 -0.08679853 0.12834126 0.09753015 -0.01411361 0.04090343 -0.02038979 0.22629351 -0.12049507 0.02062158 0.10744872 0.11692126 0.28536799 -0.05843936 0.16993229 0.04567390 0.03729555 0.03976364 -0.16829339 0.07875349 0.11020332 -0.06845512 -0.09749364 0.03464227 -0.15881895 -0.10261822 -0.05723990 -0.04105847 0.06443566
0.18460013 -0.04326685 0.02437870 -0.01752249 0.11091509 0.08178077 0.10054588 0.12506345 -0.02368807 0.04469680 0.08618251 0.04512845 -0.04968229 -0.24974390 -0.06411458 -0.03611831 -0.21653840 0.02872920 -0.03046068 0.07571945 0.02436794 -0.00738454 0.06936218 0.02471466 -0.03501816 0.09532440 0.51256447 0.15772343 0.00118693 0.28983155 0.22529802 0.07829078 0.17734185 1.00000000 -0.02160969 0.36319019 0.27670703 0.23635905 0.40031946 0.02480191 -0.17337430 0.13175262 0.17569720 -0.07475367 0.07932375 -0.48656906 0.27269303 0.13237763 -0.02283176 -0.04486615 -0.06573164 0.11199444 0.08617114 0.03070926 -0.15567454 0.28489273 0.07707579 0.02969487 -0.14712091 -0.02893998 -0.12883770 0.16778124 -0.14476120 -0.01386525 0.18602385 0.13957192 0.04427309 -0.25786384 -0.04764912 -0.06653787 -0.03070278 -0.02767370 0.14610482 -0.19967512 -0.05798804 -0.16794141 -0.33291808 -0.20445329
0.03357284 -0.04877006 0.02849874 0.00357574 0.17549085 0.01714100 -0.03200360 0.09181698 0.23394932 -0.04248523 -0.22867826 -0.10362026 0.02041646 -0.03272410 0.03835130 0.12585638 -0.14871522 0.01810972 0.00741711 -0.07279769 -0.10877791 -0.05624563 -0.05298723 -0.21585997 -0.09788370 -0.11568723 0.04932877 0.04890780 0.36276005 -0.05354814 0.03119832 0.12155685 0.24633219 -0.02160969 1.00000000 0.16779139 0.02706702 0.18637641 0.00662928 0.10515053 0.26164171 0.26198000 0.23927010 0.14190678 0.14864407 -0.01590028 0.03535034 0.00559805 0.13277866 0.18086079 0.11233377 0.18448135 0.05999882 -0.10237023 -0.10551714 -0.08783255 0.12117485 -0.06141260 0.03008940 -0.16193339 0.02249048 0.00892752 0.02628113 0.04747628 -0.06674812 0.10846244 0.06777219 0.12049141 -0.00027943 0.03550562 -0.12294366 0.11533079 0.19610975 0.05004942 0.15931637 0.22080638 0.08793595 0.27758597
0.12051128 0.00998817 0.09745760 0.10268617 0.00347996 0.08970512 0.10921955 0.28767291 0.12433951 0.06009223 -0.04908853 0.21571852 0.05461522 -0.01084229 -0.01371345 0.11091968 -0.24683555 0.17110825 -0.03068020 0.01322032 0.03579581 0.00213704 0.03239459 -0.00106537 0.02139319 -0.11049543 0.38176358 0.32613101 0.22116051 0.06231264 0.36338334 0.21236062 0.34891361 0.36319019 0.16779139 1.00000000 0.13098123 0.34769593 0.38726569 0.03321127 -0.04230321 0.06833278 0.11078663 0.05897225 -0.04226765 -0.32383730 -0.02888914 -0.02697019 -0.19709462 0.08364588 -0.21002198 0.01566968 0.03399758 -0.03844515 -0.09987934 0.03241806 -0.01062268 -0.26428785 -0.19433596 0.13707250 0.00242583 0.20562127 -0.15585572 0.07062682 -0.01720649 -0.06800455 -0.07075193 -0.17143300 -0.09349287 -0.14271420 0.08874669 -0.03063508 0.01287573 -0.23957592 -0.18124621 -0.15824397 -0.24336087 -0.13258976
0.26813959 0.05168738 -0.27971098 -0.00989634 -0.26343686 0.08003067 0.08201947 0.14974908 0.07197827 0.07566933 0.01475129 -0.10362107 -0.08850740 0.03324214 -0.08932970 -0.14462487 0.02881361 0.03003935 0.12599273 0.04315598 -0.11540609 -0.00174094 0.07453677 0.18919400 0.01365069 -0.16685999 0.30209449 0.37298815 0.12246230 0.13478586 -0.05271677 0.15535317 0.17296721 0.27670703 0.02706702 0.13098123 1.00000000 0.15172711 0.09536054 0.06174913 -0.02943062 0.07882023 -0.04048196 -0.00156935 0.19475107 -0.11153848 0.23861083 0.20834215 0.00130226 0.14940632 0.00356578 0.10304332 0.03124865 -0.15247062 -0.14724241 0.13858915 0.14151283 -0.02306270 -0.10688407 -0.05398596 0.03314515 0.01895260 -0.08627764 -0.03022853 -0.00713379 0.12965219 -0.09041196 -0.18770200 -0.02265031 0.12131855 -0.02584921 -0.10655973 0.03434051 -0.18014071 0.06624273 -0.17304696 -0.32061187 -0.31064543
-0.17390602 -0.07213667 0.05744380 0.01391932 0.12841829 0.13864084 -0.06321783 0.03669589 -0.04677745 0.02494945 -0.10669282 -0.06083965 0.05848731 -0.17131850 0.05601041 -0.10851544 -0.43782071 0.06737167 0.01734939 -0.13303039 0.09662717 -0.09365024 -0.03630933 -0.11626373 -0.05813258 -0.09487407 0.12683333 0.12807379 0.11584388 0.12679480 0.06448116 -0.13150557 0.38693752 0.23635905 0.18637641 0.34769593 0.15172711 1.00000000 0.34711647 0.02898667 0.04446992 -0.05253810 0.04088167 -0.10109593 0.09175057 -0.15740878 0.02541442 0.03181740 0.09916128 0.08837586 -0.12106791 0.13845171 0.09046784 0.00045089 0.07115706 -0.02358887 0.02111034 0.02637995 0.02473540 0.02598786 -0.09154876 0.33276952 -0.19681995 0.03708796 0.00887992 0.21105198 0.06419605 -0.20833416 -0.12625244 -0.05694575 0.02165819 -0.09451260 0.11176440 -0.05554480 -0.00476304 -0.10658034 -0.08930880 0.14555003
0.04655334 0.03178819 0.06678987 -0.10092287 -0.06926090 0.13991088 -0.04917241 -0.02348212 0.06417563 -0.15803878 -0.11278937 0.09025622 0.02097935 -0.08214452 -0.04238014 -0.17194417 -0.30719551 0.08104640 -0.03073330 0.00013573 -0.00550785 -0.00317107 0.08957743 -0.09126484 0.09487790 -0.00048201 0.21601544 0.08565020 0.00636728 0.27400854 0.36551127 0.25170398 0.31403135 0.40031946 0.00662928 0.38726569 0.09536054 0.34711647 1.00000000 0.04419208 0.12886478 0.21183639 0.05767976 0.04343472 -0.00248378 -0.23354837 0.05640182 -0.05804904 -0.15130867 -0.06578713 -0.02375529 -0.01644669 0.11489430 -0.03067829 -0.04632173 0.10033674 -0.11999690 0.02065833 -0.07702009 -0.01094375 0.03069966 0.09306787 -0.03711696 0.13666113 0.17026631 -0.05492791 0.01102817 -0.23815156 -0.12726873 -0.10638901 0.23270181 -0.03175880 0.06407180 -0.22257472 -0.11930705 0.08240159 -0.03563145 -0.00861567
0.20300570 0.26049595 0.19291040 0.09170555 0.28150845 -0.10454979 0.19404513 0.10323405 0.32789180 0.21536065 -0.14855590 0.01296920 0.21604260 0.26279732 0.03576176 0.17477182 0.04536597 0.19996721 0.10902558 0.22989385 0.18729110 0.26802056 0.28623881 -0.08466217 0.10515432 0.38020751 0.28522023 0.24408559 0.10583135 -0.02024584 0.16138886 0.06583813 0.13671815 0.02480191 0.10515053 0.03321127 0.06174913 0.02898667 0.04419208 1.00000000 0.37622920 0.17413220 0.54717155 0.14342873 0.20927833 -0.00083747 0.20891538 0.19796101 0.08131121 -0.03630224 0.26773542 0.17060121 0.12066531 -0.01284086 -0.04095352 -0.13469561 0.09714957 0.08396132 0.01129601 0.03114622 -0.13897339 -0.09706468 -0.01842964 0.16226323 0.00457178 -0.09417163 -0.04985458 -0.02099781 -0.00538383 -0.13993900 0.03860443 -0.17553586 0.00292690 -0.07091609 -0.05479994 -0.12442964 0.05346773 0.04065133
-0.12982818 0.09343012 0.11702034 -0.10916119 0.18681235 0.05882915 0.10211090 0.09861410 0.28462000 0.05521212 -0.14121574 -0.11488235 0.18710672 0.11227600 -0.14276578 -0.07844574 0.08927288 0.03746679 0.02805937 -0.03991468 -0.12512969 0.22359255 0.01650329 -0.17734340 0.11476921 0.13822330 -0.05591956 -0.01567640 0.18850341 -0.12457294 0.14506848 0.13609636 0.17168065 -0.17337430 0.26164171 -0.04230321 -0.02943062 0.04446992 0.12886478 0.37622920 1.00000000 0.23353725 0.29312484 0.26169848 -0.02796566 0.30014867 0.11239011 -0.03209246 0.11647208 0.03443869 0.01783589 -0.09251935 0.26554693 -0.02650470 0.09838865 0.16287468 0.00043890 0.10052817 0.18418949 -0.21735501 0.08892291 -0.15213508 -0.10597804 0.17324597 -0.04846813 -0.01626741 0.04381328 0.15987611 0.07717708 0.02795276 0.03689016 -0.04836564 0.05606518 0.06562182 0.04496590 0.04408486 0.12964485 0.25704568
0.19991886 0.09491057 -0.06700699 -0.19967702 -0.00787726 -0.14277655 0.27322438 0.07427752 0.04182786 0.03314875 -0.20777654 -0.14220193 0.00288094 -0.00628277 -0.24799518 0.09138480 0.00751147 0.06390753 0.10685576 -0.07882555 -0.15140065 0.16513967 -0.01817588 -0.04770284 -0.03243906 -0.08819182 0.13210420 -0.04905109 0.16802864 0.04845490 0.10040710 0.25535761 0.03060773 0.13175262 0.26198000 0.06833278 0.07882023 -0.05253810 0.21183639 0.17413220 0.23353725 1.00000000 0.29940213 0.09131673 0.14807664 0.04448799 0.23553554 0.27270791 0.26582791 0.16441695 0.15735133 0.36662284 -0.08902628 -0.24306116 -0.09226689 0.11497353 -0.11136525 -0.05817538 0.09032677 0.07616345 0.11192394 0.07773052 0.10537842 -0.16109342 0.09505183 -0.20997638 0.07296709 0.01468384 0.04561555 -0.05418656 -0.02488224 0.10004840 0.01693768 -0.14997272 -0.00576605 -0.01093921 -0.09442699 -0.00430009
0.17357039 0.23804763 0.31443219 -0.02853126 0.33566939 -0.04376263 0.17045952 0.01305745 0.26187916 0.07965974 -0.16411069 -0.13208297 0.23219003 0.10171151 -0.03905673 0.16770681 0.08463234 0.02375705 0.20337170 0.27707868 0.05928980 0.21124095 0.19973671 -0.15964474 0.18481925 0.30209782 0.26312507 0.06964994 0.28100051 -0.00173523 0.18404022 0.07653572 0.19639822 0.17569720 0.23927010 0.11078663 -0.04048196 0.04088167 0.05767976 0.54717155 0.29312484 0.29940213 1.00000000 0.24699852 0.17145689 -0.18957662 0.22652273 0.10721777 0.14227876 0.02938605 0.33392919 0.13248143 -0.03154100 -0.06362530 -0.04202566 -0.05278581 0.01226279 -0.05372667 0.00778987 0.01207431 -0.15620865 -0.03875455 -0.15955530 0.02455610 -0.11333607 -0.14455307 -0.01472680 0.11661349 0.13992985 -0.04097243 0.10903955 -0.08518552 0.02108083 0.03993028 -0.01549266 0.02152741 0.01479755 0.19878802
-0.06956151 -0.11194442 -0.04905164 0.11079002 0.14889307 0.04231971 -0.01096839 -0.10901750 0.05349810 0.03081299 -0.28506495 0.12038545 0.01677890 -0.09510924 0.10224115 -0.09753161 -0.07126545 0.03650673 -0.10874886 0.04151937 -0.02362732 -0.02516991 -0.00142771 0.12751558 -0.01254307 0.15114818 -0.06535969 0.06553857 0.15125136 -0.03642125 0.19085242 0.03458786 0.11678035 -0.07475367 0.14190678 0.05897225 -0.00156935 -0.10109593 0.04343472 0.14342873 0.26169848 0.09131673 0.24699852 1.00000000 0.18837412 0.07047138 -0.05707529 0.14348368 -0.03112847 0.01981702 -0.11760016 -0.03656428 0.13542754 -0.05819547 0.19792215 0.01047607 0.13405174 -0.07392312 0.00995222 -0.00495244 0.12563536 0.03914858 0.01072644 0.15540673 0.25758218 -0.20505871 -0.08993496 0.09749982 0.01864851 -0.00358060 0.15253365 -0.08222768 -0.18295523 0.04957793 0.09742466 0.13850366 0.02848103 0.16300416
0.13553389 0.15093944 -0.04863666 -0.19679884 -0.01194772 -0.12425295 0.11901427 -0.15713422 -0.11935002 0.09972649 0.01366493 -0.11410868 0.10379796 -0.20710508 0.07977340 -0.11120671 -0.15107831 -0.17361327 0.01240001 0.12174611 -0.12530184 -0.23294552 -0.15520238 0.16645722 -0.09616950 -0.05268992 0.00566610 0.15446498 0.09174855 -0.00219471 0.03338717 -0.04142460 0.13868762 0.07932375 0.14864407 -0.04226765 0.19475107 0.09175057 -0.00248378 0.20927833 -0.02796566 0.14807664 0.17145689 0.18837412 1.00000000 -0.13892536 0.21169714 0.24259707 0.26486635 0.19112111 0.19769762 0.31294377 0.14687826 -0.12114811 0.04992032 0.15049998 0.16373342 -0.00459123 0.05787513 0.03218512 0.15142969 0.24350484 0.18125222 -0.11525667 0.08579633 -0.09051016 -0.15056980 -0.20863764 -0.01109360 -0.19399334 0.02189140 -0.17535406 0.07675698 -0.07516453 0.10605196 -0.07805493 -0.13397584 0.00327803
-0.16349982 -0.13423582 -0.19234269 0.03516951 -0.15603692 0.01687870 0.01461269 -0.02893355 -0.02695024 -0.01719517 -0.00766778 -0.11391787 0.03095510 -0.04838494 -0.16122403 -0.04792930 0.19683892 -0.09659939 -0.09129421 -0.08655881 -0.27994725 0.14888453 -0.07638429 0.00155119 -0.15369323 -0.17890054 -0.28637941 -0.19203028 0.06752635 -0.29606840 -0.32627771 -0.27956034 -0.27148023 -0.48656906 -0.01590028 -0.32383730 -0.11153848 -0.15740878 -0.23354837 -0.00083747 0.30014867 0.04448799 -0.18957662 0.07047138 -0.13892536 1.00000000 -0.05242716 0.19901448 0.29618578 0.17280285 0.08552607 -0.04004900 -0.17188189 -0.12734776 -0.12121316 -0.02255306 -0.11530042 -0.01221284 0.09923026 -0.26164112 0.12078641 -0.31851547 0.11864882 -0.10020829 -0.08837039 0.02224295 0.14273832 0.22402808 0.16834346 -0.09091468 0.01022697 0.28013221 0.03140747 0.22250907 0.26487470 0.09047430 0.18742272 0.13134324
0.19924490 -0.02128390 -0.03378109 -0.07473586 0.06793939 0.09867165 0.29419188 0.21082700 0.09690278 0.27637406 -0.03109548 -0.20930425 0.09925319 -0.15043157 -0.13518885 -0.14978256 -0.05903782 -0.21873001 0.07150922 -0.06017170 -0.07896198 -0.05484734 0.01629504 -0.02148150 -0.19140495 -0.06547883 0.23745826 -0.12294321 -0.06970969 0.03466043 -0.11252141 -0.09982588 0.05826934 0.27269303 0.03535034 -0.02888914 0.23861083 0.02541442 0.05640182 0.20891538 0.11239011 0.23553554 0.22652273 -0.05707529 0.21169714 -0.05242716 1.00000000 0.31349985 0.16932796 0.14689954 0.28555714 0.21230014 0.02232993 -0.31807602 -0.23732854 0.10047327 0.07174746 -0.09897081 -0.03257226 -0.00903335 -0.14199376 -0.14213907 -0.12608874 -0.23973282 0.00616691 -0.04256443 0.25371522 -0.12048122 -0.01926277 -0.05560522 -0.25890787 -0.07222795 0.19743043 -0.06617164 0.10240415 -0.08801601 -0.17563064 -0.11740099
0.10335347 -0.06182528 -0.10597374 0.07082159 -0.01025908 0.04355235 0.30867111 0.17176707 0.06403524 0.10344113 -0.02511273 -0.22797864 0.05196863 -0.07908444 -0.06629832 0.10681639 -0.00539137 0.16983263 0.01193388 -0.01845793 -0.21180582 -0.04169510 -0.14063286 0.11960044 -0.11263120 -0.02188030 0.10944155 0.04392408 0.07833433 -0.20909805 -0.11412381 -0.14884996 -0.04774849 0.13237763 0.00559805 -0.02697019 0.20834215 0.03181740 -0.05804904 0.19796101 -0.03209246 0.27270791 0.10721777 0.14348368 0.24259707 0.19901448 0.31349985 1.00000000 0.25565938 0.32377810 0.26404768 0.41140393 -0.14680767 -0.19726827 -0.33057685 -0.00565355 -0.07063174 -0.15947162 -0.09397729 -0.12604464 0.05060835 -0.03062927 -0.00776149 -0.14454872 0.03484927 -0.15110179 0.08142974 -0.08927198 0.09425416 -0.00956748 -0.11667396 0.04112069 -0.15244319 -0.20783986 -0.01176665 0.02270977 -0.16722381 -0.04882674
-0.04982172 0.04619631 -0.04977828 -0.11412582 0.15720749 -0.04061497 0.27072532 -0.12714306 -0.12166606 -0.03563290 -0.00657814 -0.26382332 0.04117696 -0.20599021 -0.16023273 -0.13626621 -0.07129211 -0.02822391 0.00797069 -0.11105603 -0.08635482 -0.05987392 -0.18581281 0.03858060 -0.29150799 -0.24501029 -0.17031876 -0.18007212 0.20341965 -0.13923246 -0.22997755 -0.21179448 -0.00917666 -0.02283176 0.13277866 -0.19709462 0.00130226 0.09916128 -0.15130867 0.08131121 0.11647208 0.26582791 0.14227876 -0.03112847 0.26486635 0.29618578 0.16932796 0.25565938 1.00000000 0.18922427 0.21355858 0.20630251 -0.17467878 -0.27582846 -0.06878155 0.22800115 -0.02366890 0.10261007 0.21603250 -0.14584479 -0.00612737 0.00155703 0.07388447 -0.06411360 -0.14716930 0.01502011 0.10101612 -0.02284267 0.19343406 -0.09760405 -0.11647556 0.14771105 0.23596183 0.21143520 0.23151501 0.07883003 0.04388831 0.24059670
0.11913189 -0.24335225 -0.29047538 0.14763582 -0.15459045 0.05532536 0.00244006 0.29401273 -0.08966906 0.15295558 0.03531622 -0.00119817 0.00784550 -0.18891672 -0.11768101 0.00386024 -0.06555599 -0.01499215 0.27213104 -0.04252524 -0.28565102 0.02327327 -0.10212014 0.18929368 0.05431789 -0.04508191 0.08171678 -0.05827302 0.23879801 -0.09084892 -0.10066082 -0.30406273 -0.04442315 -0.04486615 0.18086079 0.08364588 0.14940632 0.08837586 -0.06578713 -0.03630224 0.03443869 0.16441695 0.02938605 0.01981702 0.19112111 0.17280285 0.14689954 0.32377810 0.18922427 1.00000000 0.18344600 0.31609356 -0.20160609 -0.11172740 -0.26985207 -0.15621955 -0.06972245 -0.26277746 -0.14376106 -0.03045491 -0.12195316 -0.21967230 0.02024833 -0.22563340 -0.19353222 -0.18667216 -0.14826419 -0.15791036 -0.05435111 -0.01629206 -0.09482737 0.01740839 -0.25715999 -0.13511129 0.09067632 -0.14093028 -0.17260029 -0.11911929
0.29132721 0.34914788 0.10212737 -0.10372440 0.08016527 -0.03778121 0.21108668 -0.00493403 0.11515478 -0.07572698 0.00076064 -0.29012585 0.22291937 0.06979640 0.01561690 -0.01493799 0.13629387 -0.07063794 0.24943772 0.19451027 -0.13502373 0.09566368 0.06695793 -0.02878907 0.03275647 0.07139967 0.09787506 -0.10273442 0.16109547 -0.11351288 -0.24552587 -0.18924698 -0.08679853 -0.06573164 0.11233377 -0.21002198 0.00356578 -0.12106791 -0.02375529 0.26773542 0.01783589 0.15735133 0.33392919 -0.11760016 0.19769762 0.08552607 0.28555714 0.26404768 0.21355858 0.18344600 1.00000000 0.32170334 -0.10139828 -0.10263666 -0.11153394 -0.09000412 -0.15894219 0.08117036 0.05461464 -0.16036716 -0.06325614 -0.13694647 0.16419292 -0.12465097 -0.11215057 -0.17695816 -0.05403547 0.00467097 0.06537026 0.02745004 0.02513164 0.01438240 0.07599145 -0.10572791 0.11372771 0.09964454 0.02208829 -0.05570636
0.17208238 0.07693673 -0.02321485 -0.05857901 0.01892455 -0.14572844 0.25730373 -0.00129220 -0.03877229 0.07738258 0.00397459 -0.03217770 0.06493485 -0.02420304 -0.15989296 0.05779711 -0.12757624 0.20187997 0.05191668 -0.08523545 -0.06782313 0.01383496 -0.20303295 -0.12001375 -0.18577217 -0.05221844 0.05666179 0.01761820 0.11304711 0.13676462 -0.08276626 -0.08889618 0.12834126 0.11199444 0.18448135 0.01566968 0.10304332 0.13845171 -0.01644669 0.17060121 -0.09251935 0.36662284 0.13248143 -0.03656428 0.31294377 -0.04004900 0.21230014 0.41140393 0.20630251 0.31609356 0.32170334 1.00000000 -0.02350563 -0.06574854 -0.09880853 -0.02677283 0.05268917 0.04963890 -0.03453944 0.05309029 0.18982654 0.20650953 0.16642694 -0.10683435 0.03364050 -0.07422995 -0.00783571 -0.00173671 -0.15621532 -0.15196904 -0.14896240 0.04386823 -0.14380413 -0.33220917 -0.08797048 -0.15562800 -0.09824810 -0.07348842
0.06205899 0.12359411 -0.10401521 -0.05992920 -0.01125165 0.15883790 -0.03406785 -0.03114963 0.25088410 0.14827365 0.05499645 0.08013548 0.06067858 0.02442049 0.06004646 -0.25517838 -0.13965199 0.15161917 -0.17526106 -0.16214782 0.14930394 -0.13934282 -0.09506162 0.01683570 0.06099791 0.10927903 0.00153012 0.15318904 -0.07270036 0.37767719 0.04758403 0.15868312 0.09753015 0.08617114 0.05999882 0.03399758 0.03124865 0.09046784 0.11489430 0.12066531 0.26554693 -0.08902628 -0.03154100 0.13542754 0.14687826 -0.17188189 0.02232993 -0.14680767 -0.17467878 -0.20160609 -0.10139828 -0.02350563 1.00000000 0.22159418 0.37871465 0.31130670 0.21284367 0.27322722 0.31231079 0.06118120 0.31162682 0.30146452 0.07256064 0.41670170 0.26396049 0.10511688 -0.09441307 -0.02374687 -0.23743579 -0.08870106 0.02015514 -0.15783549 0.15501535 -0.13842490 -0.09968222 -0.19072584 0.05391724 0.00704115
-0.03466502 -0.07313701 0.15780407 0.02002846 0.18786515 -0.08067759 -0.16547431 -0.04267700 0.21785686 0.01697248 0.10487107 0.10844889 -0.04000790 0.22536737 0.28975020 0.23519683 -0.22350377 0.15423187 0.01245088 0.25258593 0.14459400 0.21365116 0.05358874 -0.08660845 0.30909925 0.29768919 0.10079392 0.27605142 -0.03500478 0.19640579 0.23991828 0.00977243 -0.01411361 0.03070926 -0.10237023 -0.03844515 -0.15247062 0.00045089 -0.03067829 -0.01284086 -0.02650470 -0.24306116 -0.06362530 -0.05819547 -0.12114811 -0.12734776 -0.31807602 -0.19726827 -0.27582846 -0.11172740 -0.10263666 -0.06574854 0.22159418 1.00000000 0.22882321 0.08746661 0.09500946 0.15682078 -0.01400354 0.21119463 0.11424788 0.11988591 0.05393701 0.32896605 0.14459002 -0.03461591 -0.24931818 0.07043665 -0.26587571 -0.19925691 -0.02197769 -0.19625978 -0.15963294 -0.18516327 -0.16463774 -0.16795013 -0.10342553 -0.09036645
-0.14804486 0.18362135 0.03566764 -0.08947933 0.02517509 0.03570876 -0.02971981 -0.27417627 -0.08476378 -0.16300308 0.09442790 0.01338589 0.15840745 0.07388270 0.09125105 -0.15300998 0.01843703 0.14294457 0.02207316 0.00716475 0.11714482 -0.03407039 0.05642440 0.04165303 0.14683593 0.10196225 -0.27609506 0.00029736 0.07578922 0.21145227 0.08330825 0.02008514 0.04090343 -0.15567454 -0.10551714 -0.09987934 -0.14724241 0.07115706 -0.04632173 -0.04095352 0.09838865 -0.09226689 -0.04202566 0.19792215 0.04992032 -0.12121316 -0.23732854 -0.33057685 -0.06878155 -0.26985207 -0.11153394 -0.09880853 0.37871465 0.22882321 1.00000000 0.23075929 0.12682939 0.19229840 0.32371391 0.21223671 0.29317489 0.36733844 0.25753409 0.31828503 0.14799062 0.00786816 -0.10266037 0.05708822 -0.20929906 -0.03620778 0.29973069 -0.17399068 0.12931584 -0.01135843 0.02316447 0.07962964 0.27286635 0.19392129
-0.05972125 -0.00907728 -0.11431249 -0.14228455 -0.09279635 0.01876190 0.12386987 -0.08398793 -0.07256776 -0.09026592 0.09308284 -0.04741395 0.08013616 -0.07343622 0.01353425 -0.27269053 0.00648617 0.10520974 -0.19502262 -0.00024575 -0.07043811 -0.00096232 -0.22127873 0.12388934 -0.00980435 -0.16200753 0.02769726 0.10522583 0.03090684 0.08338009 0.11938593 0.08931602 -0.02038979 0.28489273 -0.08783255 0.03241806 0.13858915 -0.02358887 0.10033674 -0.13469561 0.16287468 0.11497353 -0.05278581 0.01047607 0.15049998 -0.02255306 0.10047327 -0.00565355 0.22800115 -0.15621955 -0.09000412 -0.02677283 0.31130670 0.08746661 0.23075929 1.00000000 0.12691229 0.19102306 0.21432742 -0.12939488 0.38733556 0.35944452 0.14977807 0.12820970 0.16513697 0.09028136 -0.00989798 -0.14628491 0.02977665 -0.03819059 0.06622130 -0.06726377 0.16302021 -0.07353565 0.00862255 -0.02855830 -0.18192258 -0.12493448
-0.10962219 -0.03343908 0.00272752 -0.04407618 -0.00808160 -0.12523571 -0.08253099 -0.14721332 0.20598542 0.23481260 -0.06075821 -0.09875288 0.06757332 0.03432320 0.13182747 0.05918355 -0.17058673 0.13178403 -0.06464566 0.12375464 0.06036583 -0.21289207 -0.05281785 -0.19001313 -0.26014561 -0.12356494 -0.13402765 0.04546027 0.06906120 0.20641092 0.14664414 0.03564283 0.22629351 0.07707579 0.12117485 -0.01062268 0.14151283 0.02111034 -0.11999690 0.09714957 0.00043890 -0.11136525 0.01226279 0.13405174 0.16373342 -0.11530042 0.07174746 -0.07063174 -0.02366890 -0.06972245 -0.15894219 0.05268917 0.21284367 0.09500946 0.12682939 0.12691229 1.00000000 0.17249982 0.05130390 0.16073079 0.39924146 0.32147235 0.20078416 0.05675822 0.21925337 0.01478335 0.08339334 -0.05842446 -0.01907662 -0.04344933 -0.15449871 -0.24558138 -0.06054330 -0.31492236 0.06833967 -0.10355264 0.00875351 0.09083557
0.06653513 0.30339082 0.15113178 -0.19880409 0.19008422 -0.05650975 0.01548268 -0.21258215 0.01654602 -0.03516515 0.13008497 -0.06479351 0.09835442 0.13262285 0.24957684 -0.06499425 -0.04903097 0.11009338 -0.14831233 0.19663462 0.26389928 0.18394564 0.16335925 0.02732013 0.09445633 0.23353672 -0.14852313 -0.05243995 -0.19088198 0.08311585 -0.06312575 -0.01967901 -0.12049507 0.02969487 -0.06141260 -0.26428785 -0.02306270 0.02637995 0.02065833 0.08396132 0.10052817 -0.05817538 -0.05372667 -0.07392312 -0.00459123 -0.01221284 -0.09897081 -0.15947162 0.10261007 -0.26277746 0.08117036 0.04963890 0.27322722 0.15682078 0.19229840 0.19102306 0.17249982 1.00000000 0.20115443 0.00593009 0.13124337 0.04676728 0.16787515 0.27276008 0.14927063 0.21462385 0.01821519 -0.07193234 -0.06702968 -0.04825401 0.13144546 -0.05062226 0.21500045 0.02865545 0.12531362 0.11432630 0.19950283 0.06754403
-0.06578745 0.26707317 -0.00895549 -0.12573351 0.15630233 0.10861473 0.20857839 -0.05743849 0.05805545 -0.00901417 0.08313616 -0.03235394 0.16146589 -0.17758201 0.06543232 -0.17994268 0.03027762 0.09263957 -0.13895396 -0.16977151 -0.13798009 -0.09512023 -0.16493055 -0.07477110 -0.16414001 -0.14403329 -0.10354148 -0.18445164 0.11455446 0.10566905 -0.09862972 0.12526845 0.02062158 -0.14712091 0.03008940 -0.19433596 -0.10688407 0.02473540 -0.07702009 0.01129601 0.18418949 0.09032677 0.00778987 0.00995222 0.05787513 0.09923026 -0.03257226 -0.09397729 0.21603250 -0.14376106 0.05461464 -0.03453944 0.31231079 -0.01400354 0.32371391 0.21432742 0.05130390 0.20115443 1.00000000 0.09582387 0.24204531 0.18557924 0.30646869 0.13739125 0.07814330 0.09717512 -0.05507641 -0.04447556 -0.09602523 0.12210566 0.05891643 -0.01898430 0.23930806 0.11325923 0.07663870 0.16268651 0.37089999 0.37115670
-0.00179445 -0.03944196 -0.11281644 0.00758930 0.07941554 -0.24627054 0.05506577 -0.09327278 -0.08052743 -0.13146722 -0.11419717 -0.00069609 -0.16673320 0.05619817 0.03208428 0.15581823 -0.28583943 0.06237356 0.02284998 0.06006640 0.11547961 -0.05824043 0.19366429 -0.08856600 0.04064135 0.02239697 0.10129724 0.05279582 -0.21633147 0.08992561 0.17320330 0.11143675 0.10744872 -0.02893998 -0.16193339 0.13707250 -0.05398596 0.02598786 -0.01094375 0.03114622 -0.21735501 0.07616345 0.01207431 -0.00495244 0.03218512 -0.26164112 -0.00903335 -0.12604464 -0.14584479 -0.03045491 -0.16036716 0.05309029 0.06118120 0.21119463 0.21223671 -0.12939488 0.16073079 0.00593009 0.09582387 1.00000000 0.07731098 0.21755464 0.21585683 0.22916802 0.22218682 -0.18640775 -0.05150643 -0.07058409 -0.24629960 -0.03636396 0.02155603 -0.21882393 -0.04129985 -0.14259056 -0.12146872 -0.05185848 -0.10318162 -0.11074781
-0.23148360 0.15004418 0.02528206 -0.15503271 -0.19624549 -0.12455323 -0.08192350 -0.12492385 0.04979246 -0.05542533 -0.01717706 -0.07997931 0.04391553 0.12239387 0.03928506 -0.10846612 -0.06580780 0.29960553 -0.20543485 -0.01599747 -0.18197107 -0.16079464 -0.30065233 -0.10478445 -0.22184852 -0.24128978 -0.24263640 0.12952620 0.18394302 0.29564613 -0.02405443 0.21623909 0.11692126 -0.12883770 0.02249048 0.00242583 0.03314515 -0.09154876 0.03069966 -0.13897339 0.08892291 0.11192394 -0.15620865 0.12563536 0.15142969 0.12078641 -0.14199376 0.05060835 -0.00612737 -0.12195316 -0.06325614 0.18982654 0.31162682 0.11424788 0.29317489 0.38733556 0.39924146 0.13124337 0.24204531 0.07731098 1.00000000 0.45732860 0.41244993 0.19717576 0.17330036 -0.00749076 -0.01320218 0.00900737 -0.10160287 -0.00895807 -0.02291034 -0.10852957 -0.04159303 -0.36956746 -0.07301223 -0.00592859 0.10216170 0.01863027
-0.13081087 0.08681504 0.04012369 -0.12396510 0.12633954 -0.18307050 0.09873806 -0.11069005 -0.08045020 0.03742931 -0.02808938 0.03982427 -0.01442913 -0.04675234 0.18646380 0.01432049 -0.25454720 0.16029913 -0.13094624 -0.07162551 0.13629430 -0.20919996 -0.22527604 -0.11446774 -0.20966057 -0.13025603 0.03181118 0.25112281 0.07010855 0.27386281 0.13519057 0.19444852 0.28536799 0.16778124 0.00892752 0.20562127 0.01895260 0.33276952 0.09306787 -0.09706468 -0.15213508 0.07773052 -0.03875455 0.03914858 0.24350484 -0.31851547 -0.14213907 -0.03062927 0.00155703 -0.21967230 -0.13694647 0.20650953 0.30146452 0.11988591 0.36733844 0.35944452 0.32147235 0.04676728 0.18557924 0.21755464 0.45732860 1.00000000 0.25763274 0.24368978 0.29367972 -0.05272969 -0.08799332 -0.11062873 -0.13814460 -0.03814278 -0.02667959 -0.08193667 -0.04123585 -0.31000317 -0.15449023 -0.07577046 -0.14845284 -0.04800126
-0.01935593 0.11359806 -0.06187335 0.04309834 -0.05349870 -0.25279104 0.05599496 -0.30423879 -0.07332247 -0.06092032 -0.05495650 0.01097141 -0.02723255 0.03018434 0.11680789 0.06017008 0.01644681 0.10047779 -0.03823764 0.19088984 -0.10247408 -0.16498375 0.07559756 0.01392905 -0.25901288 -0.15774826 -0.07512629 -0.01925294 0.11854398 0.13378465 0.02238446 0.01162220 -0.05843936 -0.14476120 0.02628113 -0.15585572 -0.08627764 -0.19681995 -0.03711696 -0.01842964 -0.10597804 0.10537842 -0.15955530 0.01072644 0.18125222 0.11864882 -0.12608874 -0.00776149 0.07388447 0.02024833 0.16419292 0.16642694 0.07256064 0.05393701 0.25753409 0.14977807 0.20078416 0.16787515 0.30646869 0.21585683 0.41244993 0.25763274 1.00000000 0.15116782 0.21784406 -0.11838112 -0.13017808 -0.13390647 -0.08319029 0.04893436 0.03262344 0.03246790 0.03277572 -0.21992992 0.05643934 0.11375898 0.05404166 -0.04008999
-0.00858352 0.13705526 0.07181054 0.08679018 0.22919728 -0.01474232 -0.09564073 -0.10421761 0.11506304 -0.17484084 -0.08810256 0.19299073 -0.07883337 0.09925600 0.06801226 0.05991583 -0.21119202 0.27390977 -0.10005846 0.02684689 0.09777459 0.06765608 0.00337057 -0.03314562 0.19905800 0.21952596 0.01026956 0.25722216 -0.05908831 0.13353381 0.10808457 0.13387528 0.16993229 -0.01386525 0.04747628 0.07062682 -0.03022853 0.03708796 0.13666113 0.16226323 0.17324597 -0.16109342 0.02455610 0.15540673 -0.11525667 -0.10020829 -0.23973282 -0.14454872 -0.06411360 -0.22563340 -0.12465097 -0.10683435 0.41670170 0.32896605 0.31828503 0.12820970 0.05675822 0.27276008 0.13739125 0.22916802 0.19717576 0.24368978 0.15116782 1.00000000 0.14757481 -0.01640361 -0.09882351 -0.03966408 -0.28279647 0.00054115 -0.03259605 -0.12353503 0.01335475 -0.10076093 -0.07587837 0.10568128 0.03937955 0.06399165
0.09137841 -0.20983850 -0.25251738 -0.02417611 0.03643972 -0.27277307 -0.03853833 -0.23492009 0.04665077 -0.02645429 -0.24250056 0.04825256 -0.13345190 -0.10046952 0.15616167 0.13697696 -0.25173339 0.09975164 -0.16024257 0.13435157 0.11038102 -0.03209725 -0.07817159 -0.07691762 -0.11320995 0.01612416 -0.05447703 0.03495837 -0.33467575 0.15681288 0.05285208 -0.07029403 0.04567390 0.18602385 -0.06674812 -0.01720649 -0.00713379 0.00887992 0.17026631 0.00457178 -0.04846813 0.09505183 -0.11333607 0.25758218 0.08579633 -0.08837039 0.00616691 0.03484927 -0.14716930 -0.19353222 -0.11215057 0.03364050 0.26396049 0.14459002 0.14799062 0.16513697 0.21925337 0.14927063 0.07814330 0.22218682 0.17330036 0.29367972 0.21784406 0.14757481 1.00000000 -0.15320070 0.01528580 -0.13037844 -0.01183048 -0.16906981 0.04923032 -0.01412589 0.05497980 -0.23108758 -0.01877773 0.02507964 -0.15510140 -0.14976135
-0.07990392 0.15951806 0.02909255 -0.08324764 -0.16209704 0.09203408 -0.02200431 0.06106377 -0.19883611 -0.20262988 -0.10918283 -0.03798222 -0.02873242 -0.01397764 -0.16753379 -0.20841178 0.09299762 -0.11836851 -0.09219200 -0.10433261 -0.12037735 0.18333424 0.07830068 -0.02905046 0.01600144 0.06916536 0.04542514 0.19883303 0.00489839 0.07730538 -0.08976014 0.10463826 0.03729555 0.13957192 0.10846244 -0.06800455 0.12965219 0.21105198 -0.05492791 -0.09417163 -0.01626741 -0.20997638 -0.14455307 -0.20505871 -0.09051016 0.02224295 -0.04256443 -0.15110179 0.01502011 -0.18667216 -0.17695816 -0.07422995 0.10511688 -0.03461591 0.00786816 0.09028136 0.01478335 0.21462385 0.09717512 -0.18640775 -0.00749076 -0.05272969 -0.11838112 -0.01640361 -0.15320070 1.00000000 0.18949062 -0.08083659 -0.08672277 0.16043543 0.02267550 0.13324675 0.47159996 0.27633226 -0.01738015 0.11331785 0.18854381 0.07526219
-0.11692251 -0.09754703 0.02091503 0.05647529 0.12787923 0.25961296 0.02580024 -0.05420361 -0.08853327 -0.06781499 -0.00608455 0.00180457 -0.06266969 -0.11448353 -0.20231650 0.06489558 0.02983314 -0.15316728 -0.02868087 -0.02681663 -0.12832748 -0.07797066 -0.12284052 -0.15336688 -0.21794771 -0.19235993 -0.17567103 -0.28425899 -0.03833109 0.04242334 -0.04387230 -0.02481664 0.03976364 0.04427309 0.06777219 -0.07075193 -0.09041196 0.06419605 0.01102817 -0.04985458 0.04381328 0.07296709 -0.01472680 -0.08993496 -0.15056980 0.14273832 0.25371522 0.08142974 0.10101612 -0.14826419 -0.05403547 -0.00783571 -0.09441307 -0.24931818 -0.10266037 -0.00989798 0.08339334 0.01821519 -0.05507641 -0.05150643 -0.01320218 -0.08799332 -0.13017808 -0.09882351 0.01528580 0.18949062 1.00000000 0.07987030 0.21168714 0.05334746 -0.00858190 0.13118673 0.17087397 0.21204637 0.11032938 0.19186653 0.13782945 0.11257654
-0.08489775 -0.17334577 0.08192359 0.10447697 0.16634240 -0.00453685 0.01278906 -0.07675051 0.06617390 0.01505604 0.04799489 -0.01202379 -0.02511395 0.07004929 0.03369367 0.10776325 0.11464268 -0.12475423 -0.15416219 -0.04981387 0.17263464 -0.11715143 -0.10144951 -0.11378305 0.10666809 0.00604938 -0.22865370 -0.16545028 0.06562866 -0.06680791 -0.11023841 -0.14460690 -0.16829339 -0.25786384 0.12049141 -0.17143300 -0.18770200 -0.20833416 -0.23815156 -0.02099781 0.15987611 0.01468384 0.11661349 0.09749982 -0.20863764 0.22402808 -0.12048122 -0.08927198 -0.02284267 -0.15791036 0.00467097 -0.00173671 -0.02374687 0.07043665 0.05708822 -0.14628491 -0.05842446 -0.07193234 -0.04447556 -0.07058409 0.00900737 -0.11062873 -0.13390647 -0.03966408 -0.13037844 -0.08083659 0.07987030 1.00000000 0.16591592 0.13862063 0.03306903 0.38345519 -0.06085978 0.28065979 0.21735225 0.18067317 0.26719602 0.23813866
0.07356770 -0.11978879 0.00354063 -0.04287182 0.06518684 0.00453128 0.12791595 -0.03979008 -0.00598900 0.09065264 -0.00387624 -0.11268690 0.17079150 -0.12709983 -0.14608977 0.10527749 0.36164783 -0.21261823 -0.17137115 0.06006368 0.04019480 -0.03649844 -0.12273288 0.12589613 -0.03687121 -0.18281073 -0.16596487 -0.25534829 0.00334923 -0.23873367 -0.14347049 -0.01825391 0.07875349 -0.04764912 -0.00027943 -0.09349287 -0.02265031 -0.12625244 -0.12726873 -0.00538383 0.07717708 0.04561555 0.13992985 0.01864851 -0.01109360 0.16834346 -0.01926277 0.09425416 0.19343406 -0.05435111 0.06537026 -0.15621532 -0.23743579 -0.26587571 -0.20929906 0.02977665 -0.01907662 -0.06702968 -0.09602523 -0.24629960 -0.10160287 -0.13814460 -0.08319029 -0.28279647 -0.01183048 -0.08672277 0.21168714 0.16591592 1.00000000 0.13912977 -0.08889601 0.25419682 0.00351077 0.27923770 0.25895505 0.05309761 -0.02710088 0.13045783
-0.17495056 -0.04817734 0.05450460 0.16118154 -0.04478033 0.05024498 -0.18151389 -0.00706102 -0.06240764 -0.17396038 -0.12989770 0.05229515 0.02662971 -0.04602217 -0.09695077 -0.05756627 0.19493648 -0.00247458 0.00679651 -0.13261076 -0.03508552 -0.25233900 -0.09282343 0.05431376 0.06297860 -0.10285287 -0.02521266 -0.05324451 0.06748079 -0.02307874 -0.22532499 0.20248497 0.11020332 -0.06653787 0.03550562 -0.14271420 0.12131855 -0.05694575 -0.10638901 -0.13993900 0.02795276 -0.05418656 -0.04097243 -0.00358060 -0.19399334 -0.09091468 -0.05560522 -0.00956748 -0.09760405 -0.01629206 0.02745004 -0.15196904 -0.08870106 -0.19925691 -0.03620778 -0.03819059 -0.04344933 -0.04825401 0.12210566 -0.03636396 -0.00895807 -0.03814278 0.04893436 0.00054115 -0.16906981 0.16043543 0.05334746 0.13862063 0.13912977 1.00000000 0.04045628 0.19824970 0.05889773 0.21148161 0.13945664 0.30671117 0.16585803 0.20664122
0.00503493 0.20004902 0.07245283 -0.00530339 -0.12538961 0.01665846 0.06797262 -0.11421491 -0.10237692 -0.32019121 0.05739607 0.04327529 0.14626210 0.12266361 0.13255624 -0.12650604 0.12892264 0.02244139 -0.02682660 0.34253997 0.04809790 0.05751259 0.17843369 0.10927458 0.24934692 0.12904269 0.05412209 0.17013791 0.02751772 0.04892851 0.15229441 0.05805370 -0.06845512 -0.03070278 -0.12294366 0.08874669 -0.02584921 0.02165819 0.23270181 0.03860443 0.03689016 -0.02488224 0.10903955 0.15253365 0.02189140 0.01022697 -0.25890787 -0.11667396 -0.11647556 -0.09482737 0.02513164 -0.14896240 0.02015514 -0.02197769 0.29973069 0.06622130 -0.15449871 0.13144546 0.05891643 0.02155603 -0.02291034 -0.02667959 0.03262344 -0.03259605 0.04923032 0.02267550 -0.00858190 0.03306903 -0.08889601 0.04045628 1.00000000 0.00627604 0.20050273 0.13034121 0.02651859 0.38283518 0.31529274 0.17184959
0.03484475 -0.11402411 -0.18360099 -0.02317437 -0.02867323 -0.02529985 0.14112188 0.00372944 -0.10672769 -0.01863195 0.02927113 0.08578931 -0.03605645 -0.00065154 -0.05663810 0.09467082 0.18205441 -0.19774282 -0.13615665 -0.01244856 -0.02561779 -0.00182561 -0.18001116 0.02735389 -0.04616494 -0.24729454 0.00799344 -0.12702049 0.14262213 -0.08535016 -0.20548014 -0.07578100 -0.09749364 -0.02767370 0.11533079 -0.03063508 -0.10655973 -0.09451260 -0.03175880 -0.17553586 -0.04836564 0.10004840 -0.08518552 -0.08222768 -0.17535406 0.28013221 -0.07222795 0.04112069 0.14771105 0.01740839 0.01438240 0.04386823 -0.15783549 -0.19625978 -0.17399068 -0.06726377 -0.24558138 -0.05062226 -0.01898430 -0.21882393 -0.10852957 -0.08193667 0.03246790 -0.12353503 -0.01412589 0.13324675 0.13118673 0.38345519 0.25419682 0.19824970 0.00627604 1.00000000 0.19791398 0.35588495 0.42452695 0.30030698 0.17473603 0.08433556
0.09468505 0.27754791 0.09774648 -0.09950869 0.03635510 0.06123923 0.10064845 -0.00184555 0.05228030 -0.23937305 0.00597310 -0.09110612 0.07434680 -0.07758656 -0.05337648 -0.18211228 -0.00886530 -0.18154336 -0.23344377 0.02773492 -0.01202861 0.00851834 0.04206212 0.09041371 -0.05506750 -0.11148260 0.05196619 0.13147964 0.03630050 0.08509656 -0.17516040 0.06072047 0.03464227 0.14610482 0.19610975 0.01287573 0.03434051 0.11176440 0.06407180 0.00292690 0.05606518 0.01693768 0.02108083 -0.18295523 0.07675698 0.03140747 0.19743043 -0.15244319 0.23596183 -0.25715999 0.07599145 -0.14380413 0.15501535 -0.15963294 0.12931584 0.16302021 -0.06054330 0.21500045 0.23930806 -0.04129985 -0.04159303 -0.04123585 0.03277572 0.01335475 0.05497980 0.47159996 0.17087397 -0.06085978 0.00351077 0.05889773 0.20050273 0.19791398 1.00000000 0.32174428 0.21539715 0.29685780 0.24998471 0.21491654
-0.12547963 -0.08098067 -0.04111810 0.00275617 0.09405280 0.06112580 0.06778803 -0.05241884 -0.13815346 -0.10650582 0.02875373 0.09200497 -0.00541312 -0.03520199 -0.05578438 -0.10747897 0.30023988 -0.29292677 -0.10947323 -0.11775595 0.10932525 -0.00485263 0.09923908 0.08038762 0.15742252 0.02773627 -0.09525498 -0.23082504 -0.02604134 -0.20047988 -0.23394179 -0.08506135 -0.15881895 -0.19967512 0.05004942 -0.23957592 -0.18014071 -0.05554480 -0.22257472 -0.07091609 0.06562182 -0.14997272 0.03993028 0.04957793 -0.07516453 0.22250907 -0.06617164 -0.20783986 0.21143520 -0.13511129 -0.10572791 -0.33220917 -0.13842490 -0.18516327 -0.01135843 -0.07353565 -0.31492236 0.02865545 0.11325923 -0.14259056 -0.36956746 -0.31000317 -0.21992992 -0.10076093 -0.23108758 0.27633226 0.21204637 0.28065979 0.27923770 0.21148161 0.13034121 0.35588495 0.32174428 1.00000000 0.30303026 0.24024968 0.35393657 0.30983930
-0.01585688 -0.04989843 -0.18089733 -0.17962529 0.02983725 -0.01806223 0.06324069 -0.12602513 -0.09168840 -0.02007194 -0.03061770 -0.11742654 -0.09996576 -0.13522607 0.13886508 -0.06730593 0.01876531 -0.32480266 -0.18500034 0.07409537 -0.23946363 -0.04629333 -0.13488997 0.12915829 -0.09104220 -0.22085798 -0.05429942 -0.20800250 0.09838404 -0.14396063 -0.25631965 -0.22797715 -0.10261822 -0.05798804 0.15931637 -0.18124621 0.06624273 -0.00476304 -0.11930705 -0.05479994 0.04496590 -0.00576605 -0.01549266 0.09742466 0.10605196 0.26487470 0.10240415 -0.01176665 0.23151501 0.09067632 0.11372771 -0.08797048 -0.09968222 -0.16463774 0.02316447 0.00862255 0.06833967 0.12531362 0.07663870 -0.12146872 -0.07301223 -0.15449023 0.05643934 -0.07587837 -0.01877773 -0.01738015 0.11032938 0.21735225 0.25895505 0.13945664 0.02651859 0.42452695 0.21539715 0.30303026 1.00000000 0.29023074 0.20815360 0.27966809
-0.09138697 0.04521618 0.13237468 -0.03459070 0.16187094 -0.01247265 0.12480538 -0.17108157 -0.03049534 -0.37039678 -0.10670079 -0.02705534 0.15020859 -0.02088554 0.17993236 0.01344860 -0.02425613 -0.13003955 -0.23341113 0.18197642 -0.10055867 -0.05501951 -0.06054612 0.02681816 0.03670862 -0.06685012 -0.13268861 -0.15939039 0.06204577 -0.26921053 -0.02466357 0.05500118 -0.05723990 -0.16794141 0.22080638 -0.15824397 -0.17304696 -0.10658034 0.08240159 -0.12442964 0.04408486 -0.01093921 0.02152741 0.13850366 -0.07805493 0.09047430 -0.08801601 0.02270977 0.07883003 -0.14093028 0.09964454 -0.15562800 -0.19072584 -0.16795013 0.07962964 -0.02855830 -0.10355264 0.11432630 0.16268651 -0.05185848 -0.00592859 -0.07577046 0.11375898 0.10568128 0.02507964 0.11331785 0.19186653 0.18067317 0.05309761 0.30671117 0.38283518 0.30030698 0.29685780 0.24024968 0.29023074 1.00000000 0.33955355 0.40127562
-0.16102322 0.23529970 0.17586886 -0.08899579 -0.02722438 0.07150592 -0.05674997 -0.15817279 0.03124744 -0.13297072 0.06143017 -0.02275856 0.09256066 0.00534420 0.03181364 -0.17114323 0.10911845 -0.07043984 -0.10169277 -0.07925081 -0.00778046 -0.15155436 -0.12703162 -0.23694610 -0.02859669 0.02003538 -0.26341018 -0.21722866 0.13021931 0.04754982 -0.12058079 0.09501249 -0.04105847 -0.33291808 0.08793595 -0.24336087 -0.32061187 -0.08930880 -0.03563145 0.05346773 0.12964485 -0.09442699 0.01479755 0.02848103 -0.13397584 0.18742272 -0.17563064 -0.16722381 0.04388831 -0.17260029 0.02208829 -0.09824810 0.05391724 -0.10342553 0.27286635 -0.18192258 0.00875351 0.19950283 0.37089999 -0.10318162 0.10216170 -0.14845284 0.05404166 0.03937955 -0.15510140 0.18854381 0.13782945 0.26719602 -0.02710088 0.16585803 0.31529274 0.17473603 0.24998471 0.35393657 0.20815360 0.33955355 1.00000000 0.47105216
-0.33016062 0.07993354 0.15996165 -0.02131808 0.28272014 0.16805535 0.06525368 -0.14634715 0.07402112 0.02352994 -0.01761245 0.02303986 0.27400096 -0.13716547 -0.01646027 -0.12275259 -0.13861303 -0.08554446 -0.24041552 -0.14633710 -0.09356202 -0.19937387 -0.17995692 -0.17313804 -0.09752344 -0.01271112 -0.22614888 -0.31078332 0.16726898 -0.01764184 -0.07033635 -0.03844656 0.06443566 -0.20445329 0.27758597 -0.13258976 -0.31064543 0.14555003 -0.00861567 0.04065133 0.25704568 -0.00430009 0.19878802 0.16300416 0.00327803 0.13134324 -0.11740099 -0.04882674 0.24059670 -0.11911929 -0.05570636 -0.07348842 0.00704115 -0.09036645 0.19392129 -0.12493448 0.09083557 0.06754403 0.37115670 -0.11074781 0.01863027 -0.04800126 -0.04008999 0.06399165 -0.14976135 0.07526219 0.11257654 0.23813866 0.13045783 0.20664122 0.17184959 0.08433556 0.21491654 0.30983930 0.27966809 0.40127562 0.47105216 1.00000000
