1.00000000 0.04011812 0.27316158 0.13380200 -0.06454608 0.39931565 -0.14383406 -0.07007985 0.12254311 0.23185640 0.34213128 0.28562377 0.21549343 -0.04237282 -0.01654631 0.25879244 0.08618411 0.08176158 0.02525614 0.09868565 0.25444368 -0.01560288 0.28067274 0.13648704 -0.04523752 0.21672888 0.13957817 -0.06377179 -0.06085401 0.24482056 0.18128085 0.08154505 0.08538797 -0.04455938 0.02066779 0.13652442 0.18998859 0.19676645 0.01561947 0.06169291 -0.17735545 0.05020190 0.00208957 -0.01774638 -0.01252953 -0.11462542 -0.15327271 -0.11065063 -0.15174455 0.06456996 -0.00741492 0.00969835 0.09513428 -0.00562140 0.04996890 0.04060883 0.03004392 0.11590001 -0.05088461 -0.05547035 -0.12325440 -0.17964984 0.08198883 -0.01111070 0.01806780 0.16881454 0.17331637 -0.14731632 0.09621515 -0.18792954 0.06641692 0.19040739 -0.12380252 -0.03164732 0.11280199 -0.06105384 -0.02118523 -0.25389439
0.04011812 1.00000000 0.21122078 0.29990424 0.28362961 0.03370162 0.27935062 0.22496858 0.05567514 0.15549787 -0.06307867 -0.05178518 0.08369344 -0.02690166 -0.17382514 -0.01135941 0.04086791 0.10716356 0.08297454 -0.20534078 -0.01675695 -0.18502088 -0.15246284 0.13264466 -0.11256515 -0.01180789 -0.17782989 -0.05298260 0.05589817 0.02439961 0.00731485 -0.19872519 -0.09341497 -0.21963202 0.34024042 -0.02921530 0.15970535 -0.11117199 0.13771321 0.04414200 0.11181511 -0.17706366 -0.18132331 -0.09245658 -0.02221550 0.22705202 0.30049162 0.05179173 0.06236567 -0.07935003 0.08564031 0.06044837 -0.03795122 0.23331231 -0.09033578 -0.12908084 -0.19367633 0.06730183 0.27003641 0.13632691 0.16187910 0.08398459 0.27417877 0.18079777 0.13858918 -0.10776856 0.15984868 0.07443410 0.02981959 -0.05002201 0.05710643 -0.00567692 -0.10706648 -0.01168997 0.14944964 -0.15817016 0.22700850 0.03235228
0.27316158 0.21122078 1.00000000 0.25191380 0.19620038 0.12072933 0.17474822 0.19387849 0.05524794 0.22294731 0.29890625 0.05070424 0.24220915 -0.03139009 -0.13660292 0.13137417 0.06326599 0.09204003 0.15560503 -0.06601106 0.08696740 -0.05592589 0.07514111 0.13837405 -0.07860249 0.09429456 -0.02162007 -0.09109857 -0.02871941 0.03314931 0.02078727 -0.18431536 -0.03963590 -0.13483056 0.02977665 0.08504243 0.16453569 0.06372404 0.02132810 0.08761342 0.00734410 -0.02544830 -0.08146058 -0.06501896 0.01566634 -0.05283026 -0.05987469 0.00252075 -0.16130434 -0.09260859 -0.00073368 -0.02520387 0.01684663 0.04140507 0.04427492 0.07279614 -0.16430151 0.11709811 -0.00606063 -0.07193765 0.01272455 -0.07574273 0.09018179 0.04170919 0.01464154 0.06424002 0.12869891 -0.15718113 0.09545074 -0.16260866 -0.03033424 -0.01527683 -0.25354205 -0.08106510 0.02048143 -0.10026728 0.12130838 -0.12983680
0.13380200 0.29990424 0.25191380 1.00000000 0.25860789 0.06766285 0.19120209 0.20520517 0.11309061 0.30240753 0.07094608 0.03062028 0.14506663 -0.09236238 -0.12848133 0.10063183 0.06964092 0.09200388 0.06693333 -0.10102291 0.07925587 -0.22846047 -0.05431948 0.07404669 -0.09443145 0.06766681 -0.02215067 -0.09481209 -0.04692313 0.00555439 -0.00324676 -0.09511925 -0.07258283 -0.11085933 0.16198641 0.05494915 0.10123324 -0.03413745 0.06090709 0.04026542 0.05521186 -0.05786774 0.01267674 0.02727740 -0.02274503 0.07060221 0.16880817 0.15172358 -0.03807367 -0.03241777 0.09285043 -0.00616830 0.02479304 0.17974286 0.03447702 0.02771369 -0.12447179 0.12417466 0.21250346 0.04604318 0.15868148 0.00879655 0.16944132 0.15533058 0.12559102 -0.04329503 0.10335911 -0.02087383 0.02015514 -0.13589211 0.11336153 -0.01977712 -0.18303295 -0.07475559 0.11619476 -0.06926090 0.19449846 -0.08183643
-0.06454608 0.28362961 0.19620038 0.25860789 1.00000000 0.02112194 0.21995277 0.27866011 0.21613613 0.16998002 0.06615300 0.05651619 0.17410836 0.04164342 -0.03051565 -0.07478778 -0.01136468 0.06854446 0.11695034 -0.12393351 -0.09810980 0.04065804 -0.09475934 0.00132841 0.00239619 -0.07460188 -0.10123313 0.04072998 0.13218521 -0.05019416 -0.01844536 -0.13234940 0.01110303 0.02199662 0.07671318 0.03361440 0.07870365 -0.02041938 0.12370625 0.00758195 0.05671828 0.00583477 -0.04345193 -0.06250035 -0.03487924 0.03592085 0.11043705 0.06766396 0.03978984 0.02393985 0.09976013 0.00200630 0.07545732 -0.00629361 -0.10699035 0.00604040 -0.08794796 -0.00672908 0.09399133 0.07594966 0.05348216 0.07454501 0.01419653 -0.00174286 0.06373321 -0.21156084 0.02268999 0.02381101 -0.10580290 -0.00086510 -0.13420744 -0.05383085 -0.05474989 -0.00503740 0.03339601 -0.04045328 0.07090738 0.00567547
0.39931565 0.03370162 0.12072933 0.06766285 0.02112194 1.00000000 -0.18600823 -0.04391639 0.12404522 0.24302261 0.27150296 0.19694893 0.02339651 -0.10749780 -0.03392805 0.26233852 0.02459680 -0.07803792 -0.07928583 0.12008095 0.15453031 0.04217031 0.25440695 0.08315385 -0.03658013 0.13677752 0.21993815 -0.08224527 -0.03453887 0.19477939 0.28789227 0.10432395 0.03077666 -0.00187083 -0.04496216 0.15531447 0.13839131 0.22900352 -0.05524015 0.13313627 -0.12110400 0.08993700 0.13294893 0.13754627 0.12265090 -0.10462175 -0.13188371 -0.06067214 -0.15788656 0.04741643 -0.03831215 0.01259025 0.11192789 0.03726990 0.06155546 0.04043199 0.07942207 0.06138004 -0.06847743 -0.07548318 -0.08530385 -0.21753316 0.00738996 -0.07632140 -0.01396229 0.27346697 0.12392316 -0.09201335 0.14470141 -0.10022962 0.17274519 0.26413647 -0.04438444 -0.02211242 0.09069238 0.05205613 -0.09044344 -0.17997471
-0.14383406 0.27935062 0.17474822 0.19120209 0.21995277 -0.18600823 1.00000000 0.29785730 0.11239450 0.10230151 -0.03799826 -0.09843239 0.17988470 -0.01927441 -0.02091084 -0.22802315 -0.02033283 -0.01193809 0.10791319 -0.23013692 -0.14369857 -0.16910554 -0.29257310 -0.01355937 -0.04056670 -0.16478818 -0.13833973 0.06467043 0.10422627 -0.18070082 -0.18221828 -0.17410990 -0.04415974 0.02740815 0.11617701 -0.10849731 -0.00451480 -0.16189242 0.08312872 -0.14425581 0.15294999 -0.06206023 -0.14013835 -0.10620974 -0.09282088 0.05806384 0.23783498 0.11580594 0.10893310 -0.08975132 -0.00081638 -0.06394358 -0.08987385 0.00438215 -0.09834155 -0.02352388 -0.10197431 -0.11945087 0.06618962 0.12309455 0.02132305 0.18470148 -0.01664623 0.18392789 0.00294013 -0.25995981 0.03552851 0.10169580 -0.06418993 0.13045227 -0.13060357 -0.22409283 -0.02826921 0.06766981 0.01773574 -0.03278990 0.17529029 0.22167489
-0.07007985 0.22496858 0.19387849 0.20520517 0.27866011 -0.04391639 0.29785730 1.00000000 0.20603680 0.20567750 0.08741737 -0.01802578 0.21624282 0.10707446 0.03354753 -0.10959121 -0.01930088 0.05531381 0.05976642 -0.07766688 -0.03130682 -0.01461486 -0.18477394 -0.06729741 0.06193773 -0.10123329 -0.05756739 -0.02629946 0.00393893 -0.17700094 -0.12950894 -0.17995915 -0.03028158 -0.04784882 0.01473648 -0.15217424 -0.09392902 -0.17636307 0.04861233 -0.14380558 0.07497473 0.01472409 0.01136263 0.04279407 -0.09604794 0.06784858 0.11539077 0.02782783 0.11135483 -0.00186763 0.04048915 -0.03640719 -0.06338103 -0.01655087 0.03931624 -0.07197804 -0.04040776 -0.07804287 0.06468035 0.09564225 0.15076436 0.04322118 0.00439729 0.04827337 0.00662306 -0.18048433 -0.04867429 0.04798198 -0.03614383 0.12899376 -0.10901880 -0.12607814 0.06398618 0.06034327 -0.07456214 0.02136051 0.02693637 0.11693503
0.12254311 0.05567514 0.05524794 0.11309061 0.21613613 0.12404522 0.11239450 0.20603680 1.00000000 0.11721088 0.30911297 0.21310698 0.10757805 0.06180458 0.15386085 0.01364044 0.10907611 0.04969628 0.06545820 0.08526606 0.01248713 0.06657260 0.05758659 -0.04471070 0.05481589 -0.00585935 -0.02828201 0.06128075 0.09505358 -0.00901236 0.08598196 0.08705652 0.08676926 0.13456688 0.01814611 0.01092694 -0.04122537 0.05724753 0.03465203 -0.08106772 0.00823957 0.14854155 0.16724133 0.09987840 0.10507410 -0.05879309 0.04098949 0.04150392 0.05921142 0.11959053 0.03967448 0.01032815 -0.00413514 -0.09270865 0.06488052 0.17922624 0.14181281 -0.02404648 -0.02950364 0.03736610 -0.02868530 0.08550430 -0.05253752 -0.01173407 -0.02163092 -0.00789571 -0.06178684 0.07095017 0.04893907 0.11343516 -0.00068773 0.03740368 0.10142257 0.10758623 0.02199419 0.18619076 -0.10854227 0.10534804
0.23185640 0.15549787 0.22294731 0.30240753 0.16998002 0.24302261 0.10230151 0.20567750 0.11721088 1.00000000 0.13214519 0.08800945 0.12451770 -0.08651133 -0.09082613 0.13501847 -0.03215148 -0.03242543 0.01425369 -0.03781149 0.03125955 -0.08192832 0.06964807 0.03872198 -0.03173131 0.05655961 0.04052915 -0.04481823 -0.08695685 0.04154562 0.13637294 -0.05169182 0.04179296 -0.00431751 0.04713890 0.12031195 0.09372240 0.11186767 0.06111498 0.03849124 -0.05984845 0.07286977 0.05914335 0.04566139 -0.02566589 -0.03733574 0.00152260 -0.02179039 -0.02242221 0.04615539 -0.03435960 0.02867722 0.07201756 0.01171563 0.06700563 0.06815326 -0.00856608 0.02912465 0.01478493 -0.07330913 0.03010036 -0.13232200 -0.01085934 0.03822865 0.00057585 0.08539226 0.07702983 -0.00109519 0.03625835 -0.07298039 0.03164536 0.08632927 -0.07632383 -0.00399873 0.01522988 0.02625237 0.05824409 -0.05370975
0.34213128 -0.06307867 0.29890625 0.07094608 0.06615300 0.27150296 -0.03799826 0.08741737 0.30911297 0.13214519 1.00000000 0.25306494 0.21839755 0.03137190 0.15695749 0.15289659 0.09617857 0.01996979 0.00308945 0.17475608 0.24607777 0.09551922 0.13398220 -0.07992383 0.00157069 0.14194478 0.07715860 0.00529212 -0.00917357 0.11877299 0.04844112 0.09951511 0.22372737 0.11945874 -0.12648001 0.15784758 0.01232672 0.10047853 0.00706689 0.01734088 -0.12066370 0.25513397 0.27633544 0.19294484 0.08573240 -0.11391004 -0.13169885 0.02493748 -0.05734118 0.18223791 -0.00904626 -0.03954662 0.05755771 -0.15433964 0.12722104 0.10757535 0.21330169 -0.01293228 -0.17911945 -0.02717649 0.03639057 -0.08650130 -0.07013733 -0.08902618 -0.13028018 0.10031750 -0.01647004 -0.05299491 0.03003837 -0.03413681 0.13900459 0.11084357 0.05673490 0.04505018 -0.03419574 0.11971003 -0.15157340 -0.16616751
0.28562377 -0.05178518 0.05070424 0.03062028 0.05651619 0.19694893 -0.09843239 -0.01802578 0.21310698 0.08800945 0.25306494 1.00000000 0.14772845 0.03662934 0.11678442 0.04530211 0.01153249 -0.02333256 -0.16641301 0.10655848 0.04356257 0.01349219 0.14822978 -0.04110710 0.04611599 0.03813589 0.15471098 -0.01754830 0.09757871 0.09312943 0.02499252 0.13406926 0.07010966 0.14648752 -0.07471655 0.18659191 -0.02721883 0.17882128 -0.01975358 -0.04496325 -0.07551138 0.12926833 0.17560403 0.14853214 0.08152718 -0.19469417 -0.09080243 -0.05499324 -0.01160708 0.15965723 0.00761599 -0.03016577 0.02753874 -0.14402329 0.02459022 0.08551183 0.20558516 -0.03757085 -0.13313113 0.03645373 -0.09358020 -0.08876418 -0.06027196 -0.10092524 -0.10479275 0.12617269 -0.03410193 -0.05478570 -0.01456374 -0.08678060 0.04866506 0.11499810 0.08193350 0.04554939 -0.03648086 0.02756201 -0.18353450 -0.08904320
0.21549343 0.08369344 0.24220915 0.14506663 0.17410836 0.02339651 0.17988470 0.21624282 0.10757805 0.12451770 0.21839755 0.14772845 1.00000000 0.00833949 -0.03791602 0.04262524 0.02498071 0.06175927 0.08294706 0.01648959 0.06351369 -0.08578267 -0.00973538 0.00026968 0.01857373 0.02292482 -0.00791903 -0.01011838 0.00593859 0.04105647 -0.03782059 -0.08216077 -0.00665489 -0.00274334 0.01761561 0.00766230 0.06864149 0.02001568 0.01900568 -0.01503485 -0.09672269 0.01348357 0.03107118 -0.06434808 -0.04785950 -0.14254702 -0.10702667 -0.00722680 -0.08728478 -0.03772999 -0.03951371 -0.09222861 0.05946509 -0.11077006 -0.01072667 0.02791946 -0.09370458 0.01127680 -0.03278305 0.06253965 -0.05561318 -0.03326124 0.02704985 -0.00675867 -0.06308943 0.01794910 0.01136543 -0.05614169 0.02726609 -0.02024315 -0.04622990 -0.02531027 -0.11875593 0.05664711 0.04519147 -0.02382880 0.05476873 -0.03242353
-0.04237282 -0.02690166 -0.03139009 -0.09236238 0.04164342 -0.10749780 -0.01927441 0.10707446 0.06180458 -0.08651133 0.03137190 0.03662934 0.00833949 1.00000000 0.13741729 -0.05558491 0.20287497 0.22140208 0.18517020 0.29710663 0.13148100 0.20987767 0.05589061 0.03969586 0.25384412 0.13382546 -0.10052526 0.14427399 0.11594262 -0.10171036 -0.02703285 -0.04210324 0.06040656 0.06948766 -0.06321362 -0.03360828 -0.13204145 -0.05711208 -0.02691750 -0.04110636 -0.07675308 0.03836352 0.05741927 0.03294989 -0.00768370 -0.01829999 0.02885364 0.00955046 0.00653775 -0.02812315 0.01572828 -0.03037813 -0.08129446 -0.04562231 0.05257604 0.02804541 0.04025933 -0.01635714 -0.03769499 0.08573975 0.00948923 0.04564477 -0.04024587 -0.06981692 0.01483925 -0.04853842 -0.05183654 -0.07428674 0.02090970 0.10402159 -0.06983698 0.01416386 0.06530706 0.04329287 -0.09661834 0.08960652 -0.09745862 0.01945680
-0.01654631 -0.17382514 -0.13660292 -0.12848133 -0.03051565 -0.03392805 -0.02091084 0.03354753 0.15386085 -0.09082613 0.15695749 0.11678442 -0.03791602 0.13741729 1.00000000 0.00321593 0.22986770 0.14247856 0.18895791 0.22773075 0.11365448 0.28021056 0.12095832 -0.05667309 0.28088934 0.07996436 0.08345304 0.12659482 0.09687748 -0.07928803 -0.14112873 0.12573116 0.10270262 0.24555440 -0.15807073 -0.00451610 -0.12812407 -0.04564345 -0.09639006 -0.14158394 -0.08605095 0.18107169 0.17935060 0.14605518 0.04827476 0.02066547 -0.03323754 -0.02439292 0.09453145 0.13371800 -0.07528041 -0.08219457 -0.02249555 -0.16245007 0.10939537 0.06577149 0.21597010 -0.17086085 -0.15354544 0.01329032 -0.04389429 0.08711309 -0.24493056 -0.09970986 -0.16239136 0.01214690 -0.12997647 0.05245649 -0.00623042 0.15773838 0.01203331 0.02922715 0.19202728 0.08187043 -0.05681974 0.14716404 -0.24424311 0.13136403
0.25879244 -0.01135941 0.13137417 0.10063183 -0.07478778 0.26233852 -0.22802315 -0.10959121 0.01364044 0.13501847 0.15289659 0.04530211 0.04262524 -0.05558491 0.00321593 1.00000000 0.24305352 0.28187122 0.11962285 0.20079523 0.23491955 0.14649889 0.37457718 0.25735810 0.05490230 0.41236561 0.13180603 -0.15394588 -0.15130501 0.23444135 0.20402420 0.06873864 0.05065905 -0.10732832 -0.02278079 0.13831316 0.21757014 0.25625009 -0.04132407 0.15942706 -0.16242155 0.04887198 0.01796534 -0.02943623 0.07116670 0.01819999 -0.16201548 -0.04283237 -0.17703010 -0.06764708 -0.07615040 -0.03185023 0.10336753 0.07474320 0.06995891 0.04246021 -0.11547272 0.13837337 0.00926471 -0.07551626 -0.01309996 -0.16485264 0.07609627 0.00845675 0.03755720 0.26398871 0.24902282 -0.13063111 0.19247708 -0.14406655 0.20193521 0.28865293 -0.12601863 -0.04339768 0.09279959 0.07345297 0.10345256 -0.16132638
0.08618411 0.04086791 0.06326599 0.06964092 -0.01136468 0.02459680 -0.02033283 -0.01930088 0.10907611 -0.03215148 0.09617857 0.01153249 0.02498071 0.20287497 0.22986770 0.24305352 1.00000000 0.24898282 0.22162938 0.20875905 0.17655081 0.05490802 0.23780113 0.17969204 0.11379592 0.16173483 0.00692313 0.02215168 0.07755293 0.05855520 0.05960659 -0.04951562 0.04163444 -0.02850895 0.03978236 0.06833347 0.08655845 0.07448906 -0.04677203 0.01355710 -0.08929921 0.09153436 0.04560790 0.04144611 -0.01079590 0.11508477 0.06748445 -0.00695111 0.03788511 -0.01982062 0.00053737 -0.07565367 -0.01425718 0.04056741 0.09448064 0.05688882 0.06953284 0.02426922 0.02278939 0.11782281 0.10932611 0.06016570 0.02332586 0.08657005 0.05660676 -0.01980277 0.11920033 -0.00341951 0.03473337 -0.04929145 0.03177753 0.03116352 -0.02970439 -0.03285311 0.03022064 0.03176576 -0.00902418 0.05975321
0.08176158 0.10716356 0.09204003 0.09200388 0.06854446 -0.07803792 -0.01193809 0.05531381 0.04969628 -0.03242543 0.01996979 -0.02333256 0.06175927 0.22140208 0.14247856 0.28187122 0.24898282 1.00000000 0.28539590 0.08269928 0.18591793 0.08399874 0.16415267 0.20124310 0.21657507 0.36746340 -0.04738906 0.00933134 0.01615502 0.03714203 0.02488315 0.00711814 -0.04331660 -0.08348977 0.14257447 -0.01328134 0.07991862 0.01953046 0.07976929 0.02693676 0.00991897 -0.03687181 -0.12118637 -0.02429672 -0.07480029 0.13354232 0.09229157 -0.02280845 -0.06702140 -0.06358912 0.05555363 0.06456458 -0.01404819 0.15224519 0.09415190 0.06329612 -0.07881732 0.07211550 0.13228148 0.13737377 0.06298732 0.05846363 0.12093784 0.02521162 0.11247958 -0.12759440 0.09140295 -0.02638188 -0.01253221 0.00774917 -0.05914531 0.00852523 -0.13320776 -0.02162622 0.02283441 0.01771662 0.08906006 0.07072755
0.02525614 0.08297454 0.15560503 0.06693333 0.11695034 -0.07928583 0.10791319 0.05976642 0.06545820 0.01425369 0.00308945 -0.16641301 0.08294706 0.18517020 0.18895791 0.11962285 0.22162938 0.28539590 1.00000000 0.10058795 0.14221289 0.14948400 0.08906226 0.13529451 0.10956959 0.11847128 -0.18397404 0.03055216 0.03145818 -0.11503159 -0.02126186 -0.12341673 -0.10841413 -0.07009530 0.03534489 -0.12731316 0.01714087 -0.07344637 0.06379356 0.01610980 0.06258920 -0.10010991 -0.12710636 -0.18861214 -0.09210104 0.09245797 0.05614955 -0.01157523 -0.00492664 -0.11955652 0.01585756 -0.01092175 -0.02732033 0.06876365 0.00943905 0.04008238 -0.16736485 0.00190531 0.11886986 0.06977597 -0.06453826 0.10243213 0.06527891 -0.02118961 0.02857829 -0.02847802 0.09467500 -0.01805281 0.13247410 0.02281733 -0.03954969 -0.06821888 -0.09576948 -0.04909432 0.01334786 0.06433539 0.10731760 0.09440579
0.09868565 -0.20534078 -0.06601106 -0.10102291 -0.12393351 0.12008095 -0.23013692 -0.07766688 0.08526606 -0.03781149 0.17475608 0.10655848 0.01648959 0.29710663 0.22773075 0.20079523 0.20875905 0.08269928 0.10058795 1.00000000 0.23024855 0.32763385 0.25217690 0.00863967 0.21370719 0.21560103 0.06195086 -0.01285658 0.02711983 0.12100623 0.13851650 0.13507842 0.12512379 0.22839514 -0.13152410 0.08281337 -0.04367475 0.11544946 -0.05591962 0.03705778 -0.12755195 0.13330921 0.16176048 0.11547844 0.06520803 -0.13820376 -0.21255661 -0.06251346 -0.11776158 0.10791118 -0.01512656 -0.02519397 0.06304464 -0.11939342 0.18210354 0.12672865 0.14246936 0.04812130 -0.15629473 -0.02108728 0.02833996 -0.04186401 -0.06897227 -0.03961718 -0.06635037 0.14096070 0.02766861 -0.18000630 0.08323328 -0.02510582 0.06521412 0.08994778 0.06679927 -0.02724705 -0.07601225 0.11005551 -0.18573495 -0.11934192
0.25444368 -0.01675695 0.08696740 0.07925587 -0.09810980 0.15453031 -0.14369857 -0.03130682 0.01248713 0.03125955 0.24607777 0.04356257 0.06351369 0.13148100 0.11365448 0.23491955 0.17655081 0.18591793 0.14221289 0.23024855 1.00000000 0.20583214 0.23716480 0.19519551 0.12584423 0.23689082 0.05209279 0.02463829 0.05887363 0.16157247 0.09140519 0.12724131 0.10593981 0.05758642 0.01727620 0.10854126 0.06824983 0.13966113 0.05678095 0.00782962 -0.06462986 0.13123683 0.16627883 0.16823426 0.03734270 0.03852867 -0.06416420 0.06401776 -0.09777610 0.12631606 0.08262118 -0.04590273 0.02403995 0.01402992 0.19346482 0.00168621 0.11681633 0.05423932 -0.01689220 -0.01963795 0.03601304 -0.02989843 0.06054353 -0.01338240 -0.02152306 0.01995421 0.07351164 -0.09840754 -0.02989515 -0.04621435 0.05802150 0.17916629 -0.00047028 0.00459737 0.01728784 -0.03482355 -0.10976187 -0.18712477
-0.01560288 -0.18502088 -0.05592589 -0.22846047 0.04065804 0.04217031 -0.16910554 -0.01461486 0.06657260 -0.08192832 0.09551922 0.01349219 -0.08578267 0.20987767 0.28021056 0.14649889 0.05490802 0.08399874 0.14948400 0.32763385 0.20583214 1.00000000 0.21259948 -0.00392509 0.35997087 0.13201649 0.00272391 0.09964429 0.01211568 -0.02517470 0.01347585 0.11112557 0.15749327 0.21037617 -0.23027546 -0.02703253 -0.10804148 0.06669908 0.00020104 -0.03440767 -0.07330881 0.14049668 0.07890209 0.06889040 0.04137805 -0.04437414 -0.10000146 0.08593323 -0.03463287 0.05488875 0.05575272 -0.01064261 -0.06027794 -0.13559988 0.04586819 -0.08103145 0.08498784 -0.00015126 -0.16595425 0.00254462 -0.02222779 0.03235532 -0.05929777 -0.10472413 -0.10885776 0.02247804 -0.01755864 -0.01030465 0.02176851 0.10322385 -0.01509012 0.06639066 0.19942431 0.05291846 -0.09696185 0.14942319 -0.19885811 -0.03520137
0.28067274 -0.15246284 0.07514111 -0.05431948 -0.09475934 0.25440695 -0.29257310 -0.18477394 0.05758659 0.06964807 0.13398220 0.14822978 -0.00973538 0.05589061 0.12095832 0.37457718 0.23780113 0.16415267 0.08906226 0.25217690 0.23716480 0.21259948 1.00000000 0.32310509 0.09192916 0.17793286 0.18057543 -0.00276788 -0.00851215 0.20690708 0.21446318 0.14738847 0.08451870 0.03666871 -0.04732048 0.18003069 0.16620038 0.30565673 -0.02735407 0.11948986 -0.14255338 0.12473868 0.08709155 0.04954840 0.12459935 -0.06457853 -0.16950805 -0.05204679 -0.10321149 0.00783710 -0.06997783 0.07043043 0.12668469 -0.06419134 0.06782753 0.10184503 0.02421430 0.07526353 -0.10389730 -0.09189698 -0.07102383 -0.19312565 -0.02585713 -0.07070245 0.01430369 0.19835146 0.16117831 -0.10071118 0.13556983 -0.11426635 0.11222564 0.18414592 -0.06968777 -0.04788011 0.05564905 0.05773293 -0.09180945 -0.12649338
0.13648704 0.13264466 0.13837405 0.07404669 0.00132841 0.08315385 -0.01355937 -0.06729741 -0.04471070 0.03872198 -0.07992383 -0.04110710 0.00026968 0.03969586 -0.05667309 0.25735810 0.17969204 0.20124310 0.13529451 0.00863967 0.19519551 -0.00392509 0.32310509 1.00000000 0.06550107 0.23554769 0.01073715 -0.03218159 0.01185933 0.06873484 0.16707337 -0.06543491 -0.03577786 -0.22011555 0.12486747 0.14696247 0.20194054 0.12413207 0.04769873 0.11556337 0.01122972 -0.09955205 -0.16677187 -0.02430845 0.01585516 0.14547092 0.07167274 0.06197825 -0.09463336 -0.14929643 -0.02149692 0.05699708 0.00809104 0.21288409 -0.07868833 0.04309031 -0.18354021 0.19062952 0.13053455 0.09028999 -0.04843656 -0.12963823 0.09023977 0.09725231 0.13135475 0.06582595 0.23095787 -0.05373943 0.08011885 -0.13525300 -0.05376967 0.00925503 -0.25339322 -0.10565388 0.07757326 -0.17784308 0.15578057 -0.05114828
-0.04523752 -0.11256515 -0.07860249 -0.09443145 0.00239619 -0.03658013 -0.04056670 0.06193773 0.05481589 -0.03173131 0.00157069 0.04611599 0.01857373 0.25384412 0.28088934 0.05490230 0.11379592 0.21657507 0.10956959 0.21370719 0.12584423 0.35997087 0.09192916 0.06550107 1.00000000 0.08508702 -0.08461219 0.12401885 0.02764146 -0.10330326 -0.11933513 0.01601494 -0.02142673 0.11660448 -0.20330347 -0.03731099 -0.11484286 -0.01064293 -0.07685021 -0.05336950 -0.13968061 0.04916084 0.00748330 0.03699643 0.01118538 0.02888590 -0.04122717 0.01056289 0.00569565 0.01664305 -0.06956128 -0.01899360 -0.03614073 -0.05458632 0.11177750 0.00348206 0.04179519 0.00195665 -0.09344925 0.07965958 0.00081726 0.03112683 -0.09075314 -0.03042259 -0.02873851 -0.04669470 -0.07110634 -0.02821305 -0.05314799 0.09261694 -0.09857331 -0.07035575 0.05422926 0.07442581 -0.10570218 0.13098536 -0.09660203 0.11184042
0.21672888 -0.01180789 0.09429456 0.06766681 -0.07460188 0.13677752 -0.16478818 -0.10123329 -0.00585935 0.05655961 0.14194478 0.03813589 0.02292482 0.13382546 0.07996436 0.41236561 0.16173483 0.36746340 0.11847128 0.21560103 0.23689082 0.13201649 0.17793286 0.23554769 0.08508702 1.00000000 0.06677980 -0.14557241 -0.07837882 0.22585721 0.18585022 0.14614900 0.05388122 -0.05768125 -0.00703146 0.17645469 0.16137136 0.19097632 0.01578216 0.14750595 -0.09681777 -0.00842688 -0.04039028 -0.00618440 0.03138108 0.02259155 -0.12189093 -0.03001574 -0.24036199 -0.06592872 -0.06073077 0.02349752 0.00632619 0.15988441 0.08599494 0.13390584 -0.10909364 0.15909462 0.04090863 0.04482435 0.01091430 -0.12452077 0.13867892 0.00885764 0.03787323 0.16027218 0.20416305 -0.03187146 0.12210534 -0.16344195 0.10351226 0.16448566 -0.18466659 -0.10101911 0.14371405 -0.00941559 0.10481056 -0.21406447
0.13957817 -0.17782989 -0.02162007 -0.02215067 -0.10123313 0.21993815 -0.13833973 -0.05756739 -0.02828201 0.04052915 0.07715860 0.15471098 -0.00791903 -0.10052526 0.08345304 0.13180603 0.00692313 -0.04738906 -0.18397404 0.06195086 0.05209279 0.00272391 0.18057543 0.01073715 -0.08461219 0.06677980 1.00000000 0.17940138 0.05261474 0.36648793 0.28185750 0.34197326 0.25025009 0.25219565 0.09001754 0.27500546 0.31935302 0.33869926 0.06600674 0.00091153 -0.09060161 0.08710934 0.14739604 0.13651897 0.06965676 -0.12858492 -0.12340188 -0.08076178 -0.04911728 0.07757263 -0.06855892 -0.07967717 0.08663346 -0.04173445 0.05794796 0.09317232 0.12142732 -0.01335022 -0.16364009 -0.05696459 -0.04322695 -0.16550574 -0.13024788 -0.03842839 -0.06268745 0.15022534 0.06069227 -0.08802614 0.00056963 -0.05397010 0.05981167 0.18687808 0.05795411 -0.01065911 -0.02035155 0.01527864 -0.15835995 -0.13851203
-0.06377179 -0.05298260 -0.09109857 -0.09481209 0.04072998 -0.08224527 0.06467043 -0.02629946 0.06128075 -0.04481823 0.00529212 -0.01754830 -0.01011838 0.14427399 0.12659482 -0.15394588 0.02215168 0.00933134 0.03055216 -0.01285658 0.02463829 0.09964429 -0.00276788 -0.03218159 0.12401885 -0.14557241 0.17940138 1.00000000 0.26535333 0.02689833 0.04362307 0.22295976 0.26272081 0.23072471 0.16221103 0.16167867 0.08812619 0.20257006 0.23494432 -0.10709178 -0.01543325 0.08259635 0.18579509 0.12107543 -0.00272367 -0.03203895 0.09025815 0.06311888 0.16192310 0.10398490 -0.00534399 -0.08760748 -0.10527279 -0.09764841 0.06006199 -0.05212807 0.17044314 -0.06096057 -0.09321935 0.03299775 -0.03847548 0.07043037 -0.14821112 -0.06057887 -0.06238127 -0.11094223 -0.18644804 0.02941924 -0.09308035 0.09215335 -0.06378505 -0.04030811 0.12969561 0.01985930 -0.16960974 0.00380140 -0.16653972 0.00115932
-0.06085401 0.05589817 -0.02871941 -0.04692313 0.13218521 -0.03453887 0.10422627 0.00393893 0.09505358 -0.08695685 -0.00917357 0.09757871 0.00593859 0.11594262 0.09687748 -0.15130501 0.07755293 0.01615502 0.03145818 0.02711983 0.05887363 0.01211568 -0.00851215 0.01185933 0.02764146 -0.07837882 0.05261474 0.26535333 1.00000000 0.08257381 0.12781180 0.29219812 0.24884921 0.32354944 0.16134535 0.22840691 0.15665135 0.14304675 0.16764556 -0.09984912 0.00605652 0.09711598 0.09305755 0.07070481 0.10419615 0.02326358 0.01151946 0.05728108 0.10495632 0.08773374 0.05895398 -0.01790880 -0.04465105 -0.16125208 -0.01734979 -0.00391204 0.08441418 -0.14588873 -0.00170091 0.07378324 -0.04489718 0.11419627 -0.03501996 -0.03364402 -0.04788514 -0.06800858 -0.02683383 0.06939744 -0.05857986 0.12205233 0.00907835 -0.00879667 0.04302395 0.09279711 -0.02010127 -0.05860859 -0.06145478 0.07988422
0.24482056 0.02439961 0.03314931 0.00555439 -0.05019416 0.19477939 -0.18070082 -0.17700094 -0.00901236 0.04154562 0.11877299 0.09312943 0.04105647 -0.10171036 -0.07928803 0.23444135 0.05855520 0.03714203 -0.11503159 0.12100623 0.16157247 -0.02517470 0.20690708 0.06873484 -0.10330326 0.22585721 0.36648793 0.02689833 0.08257381 1.00000000 0.33721197 0.29962018 0.24446061 0.19306206 0.19572477 0.28780179 0.37508348 0.29417851 0.11080877 0.11169490 -0.13654723 0.05452684 0.08613849 0.04554783 0.03461805 -0.05329130 -0.12121305 -0.12427542 -0.04258098 0.04733412 -0.08413986 0.00557988 0.10027689 0.12239943 0.07025585 0.07903451 -0.00332532 0.13974427 0.00110361 -0.00810003 0.00083292 -0.18410332 0.08114113 -0.01128156 0.04967676 0.16287863 0.11297088 -0.17924304 0.02860473 -0.25208243 0.07657137 0.22267152 -0.13865034 -0.10134058 0.07073416 -0.11615177 -0.02246152 -0.25409179
0.18128085 0.00731485 0.02078727 -0.00324676 -0.01844536 0.28789227 -0.18221828 -0.12950894 0.08598196 0.13637294 0.04844112 0.02499252 -0.03782059 -0.02703285 -0.14112873 0.20402420 0.05960659 0.02488315 -0.02126186 0.13851650 0.09140519 0.01347585 0.21446318 0.16707337 -0.11933513 0.18585022 0.28185750 0.04362307 0.12781180 0.33721197 1.00000000 0.23405374 0.16233659 0.01088009 0.22510623 0.26487805 0.36911851 0.34396068 0.08940680 0.13636120 -0.02362411 0.08121213 0.05978271 0.09327226 0.15737510 -0.00975236 -0.09043221 -0.01492010 -0.09467550 0.05091060 0.07783696 0.08456922 0.14501454 0.11890434 0.09096992 0.17823455 0.03418692 0.09553745 0.04241121 -0.00470030 0.01024482 -0.08765468 0.09369239 0.08324133 0.06451456 0.22686464 0.13103290 -0.06802750 0.12059920 -0.11074027 0.07580789 0.20206878 -0.10152751 -0.01989326 0.10505001 -0.01619634 0.05235408 -0.12716642
0.08154505 -0.19872519 -0.18431536 -0.09511925 -0.13234940 0.10432395 -0.17410990 -0.17995915 0.08705652 -0.05169182 0.09951511 0.13406926 -0.08216077 -0.04210324 0.12573116 0.06873864 -0.04951562 0.00711814 -0.12341673 0.13507842 0.12724131 0.11112557 0.14738847 -0.06543491 0.01601494 0.14614900 0.34197326 0.22295976 0.29219812 0.29962018 0.23405374 1.00000000 0.37262149 0.36629138 0.07762051 0.33207139 0.19055632 0.26445338 0.16877254 -0.04516788 -0.03196208 0.21417654 0.25709904 0.23219167 0.17894204 -0.05799558 -0.10801021 0.04540389 -0.02704023 0.21571963 0.04986257 0.01722788 0.03295714 -0.05100962 0.16176384 0.13067154 0.22687174 -0.02519411 -0.06956595 -0.00188254 0.02013743 -0.06538545 -0.06206139 -0.12189121 0.00672750 0.11829731 -0.03161352 0.07147771 -0.01365590 0.00099254 0.11887453 0.15282781 0.08514322 0.02085124 0.05056560 -0.00530767 -0.15492738 -0.11956955
0.08538797 -0.09341497 -0.03963590 -0.07258283 0.01110303 0.03077666 -0.04415974 -0.03028158 0.08676926 0.04179296 0.22372737 0.07010966 -0.00665489 0.06040656 0.10270262 0.05065905 0.04163444 -0.04331660 -0.10841413 0.12512379 0.10593981 0.15749327 0.08451870 -0.03577786 -0.02142673 0.05388122 0.25025009 0.26272081 0.24884921 0.24446061 0.16233659 0.37262149 1.00000000 0.38224916 0.03691561 0.27327647 0.16690310 0.20480488 0.22340695 -0.07276069 -0.09235975 0.21732403 0.23576709 0.14576680 0.04946221 -0.11498802 -0.12167966 0.06658399 0.07437842 0.11828266 0.00986956 -0.03710822 0.07063820 -0.03947379 0.04052439 0.06994232 0.12862008 0.01473138 -0.09901918 0.05333591 0.01040403 -0.01559031 -0.05492536 -0.03600043 -0.04863350 0.06582106 -0.00948244 -0.02081307 -0.07576914 -0.04538938 0.02393772 0.18181946 0.10526901 0.03873818 -0.08018538 0.00596957 -0.14383423 -0.16366001
-0.04455938 -0.21963202 -0.13483056 -0.11085933 0.02199662 -0.00187083 0.02740815 -0.04784882 0.13456688 -0.00431751 0.11945874 0.14648752 -0.00274334 0.06948766 0.24555440 -0.10732832 -0.02850895 -0.08348977 -0.07009530 0.22839514 0.05758642 0.21037617 0.03666871 -0.22011555 0.11660448 -0.05768125 0.25219565 0.23072471 0.32354944 0.19306206 0.01088009 0.36629138 0.38224916 1.00000000 -0.11433133 0.14708993 -0.04772473 0.06326731 0.09502296 -0.08781913 -0.02064583 0.24203882 0.32205339 0.22278312 0.14717419 -0.17400523 -0.12258096 0.00580442 0.08478096 0.20722793 -0.09856146 -0.01240718 0.05946646 -0.20535427 0.13460254 0.16105410 0.23337144 -0.15731982 -0.20696332 -0.03642312 -0.03060145 0.08857547 -0.20421181 -0.07382949 -0.10530899 0.07047316 -0.09054173 0.07154116 -0.04559035 0.18477398 0.07312776 0.06343026 0.25013097 0.14788378 -0.15192838 0.26676920 -0.21843652 0.04375186
0.02066779 0.34024042 0.02977665 0.16198641 0.07671318 -0.04496216 0.11617701 0.01473648 0.01814611 0.04713890 -0.12648001 -0.07471655 0.01761561 -0.06321362 -0.15807073 -0.02278079 0.03978236 0.14257447 0.03534489 -0.13152410 0.01727620 -0.23027546 -0.04732048 0.12486747 -0.20330347 -0.00703146 0.09001754 0.16221103 0.16134535 0.19572477 0.22510623 0.07762051 0.03691561 -0.11433133 1.00000000 0.08171017 0.17678530 0.07319474 0.34505867 0.00537747 0.11555054 -0.14126479 -0.07173697 -0.03620148 -0.02310244 0.13050514 0.19558635 0.01077045 0.04695573 -0.02504597 0.07157220 0.08681993 0.02301734 0.17651587 -0.02090035 -0.06778167 -0.07385914 0.09649310 0.25986232 0.08659640 0.04994911 0.07901684 0.23468002 0.15680793 0.14472912 -0.08313950 0.00411342 0.03101078 -0.03923569 -0.09339312 0.06164523 0.00278366 -0.13920019 -0.04946622 0.08027488 -0.17654045 0.15943090 -0.04992682
0.13652442 -0.02921530 0.08504243 0.05494915 0.03361440 0.15531447 -0.10849731 -0.15217424 0.01092694 0.12031195 0.15784758 0.18659191 0.00766230 -0.03360828 -0.00451610 0.13831316 0.06833347 -0.01328134 -0.12731316 0.08281337 0.10854126 -0.02703253 0.18003069 0.14696247 -0.03731099 0.17645469 0.27500546 0.16167867 0.22840691 0.28780179 0.26487805 0.33207139 0.27327647 0.14708993 0.08171017 1.00000000 0.30498063 0.43169589 0.14097112 0.06931694 -0.14702398 0.18807170 0.20653172 0.14329914 0.09057279 -0.04899105 -0.12451995 0.01305856 -0.00352040 0.12958861 -0.04409951 -0.04299391 0.11600155 -0.08553831 0.07908257 0.11518903 0.14260839 0.10813251 -0.08700510 0.03154226 -0.05611482 -0.12765459 -0.05629293 -0.02412148 -0.10382898 0.16354342 0.05540621 -0.13529621 0.00799670 -0.16980217 0.04177199 0.10674675 -0.18275405 -0.11786964 0.00855614 -0.07862943 -0.09895966 -0.22156895
0.18998859 0.15970535 0.16453569 0.10123324 0.07870365 0.13839131 -0.00451480 -0.09392902 -0.04122537 0.09372240 0.01232672 -0.02721883 0.06864149 -0.13204145 -0.12812407 0.21757014 0.08655845 0.07991862 0.01714087 -0.04367475 0.06824983 -0.10804148 0.16620038 0.20194054 -0.11484286 0.16137136 0.31935302 0.08812619 0.15665135 0.37508348 0.36911851 0.19055632 0.16690310 -0.04772473 0.17678530 0.30498063 1.00000000 0.26747591 0.15976054 0.07918975 -0.04360137 -0.03650988 -0.11180656 -0.03356979 0.01710782 -0.01975448 -0.04489785 -0.07376463 -0.06535641 -0.06887547 -0.01511144 -0.02631899 0.05413135 0.09414924 -0.00985587 0.06373935 -0.17094884 0.12233985 0.03282885 0.05037977 -0.02087877 -0.15337034 0.12521680 0.02069417 0.06502927 0.12463179 0.17452742 -0.10112874 0.09897849 -0.11709666 0.04683538 0.14901632 -0.22321202 -0.06716512 0.14094253 -0.14812847 0.15269201 -0.15847769
0.19676645 -0.11117199 0.06372404 -0.03413745 -0.02041938 0.22900352 -0.16189242 -0.17636307 0.05724753 0.11186767 0.10047853 0.17882128 0.02001568 -0.05711208 -0.04564345 0.25625009 0.07448906 0.01953046 -0.07344637 0.11544946 0.13966113 0.06669908 0.30565673 0.12413207 -0.01064293 0.19097632 0.33869926 0.20257006 0.14304675 0.29417851 0.34396068 0.26445338 0.20480488 0.06326731 0.07319474 0.43169589 0.26747591 1.00000000 0.11882215 0.06238828 -0.17863877 0.14973916 0.11779856 0.04721533 0.10530910 -0.15749090 -0.14941948 -0.03847939 -0.11523048 0.07295724 -0.07823496 -0.06155309 0.09038637 -0.03874101 0.04846089 0.09422320 0.09064908 0.04680210 -0.14159965 -0.04096364 -0.08901506 -0.18952740 -0.07980798 -0.02262161 -0.07690752 0.19921340 0.11843475 -0.15909888 0.11573282 -0.12608378 0.08297014 0.19063416 -0.10583784 -0.06686912 0.03113642 -0.02842957 -0.07804659 -0.20666862
0.01561947 0.13771321 0.02132810 0.06090709 0.12370625 -0.05524015 0.08312872 0.04861233 0.03465203 0.06111498 0.00706689 -0.01975358 0.01900568 -0.02691750 -0.09639006 -0.04132407 -0.04677203 0.07976929 0.06379356 -0.05591962 0.05678095 0.00020104 -0.02735407 0.04769873 -0.07685021 0.01578216 0.06600674 0.23494432 0.16764556 0.11080877 0.08940680 0.16877254 0.22340695 0.09502296 0.34505867 0.14097112 0.15976054 0.11882215 1.00000000 -0.09534525 0.04900511 0.02373323 0.01456429 -0.00232288 -0.08317340 -0.01624964 0.09964224 0.02632112 0.04990806 0.00079585 0.05574466 -0.05944271 0.02377813 0.04915796 0.03480239 0.01157615 -0.05089682 0.04100752 0.05231223 0.05813902 0.06360931 0.04854427 0.11022825 -0.00360038 0.03042965 -0.11274309 -0.06952002 0.03935307 -0.04962456 -0.05556229 0.01966565 0.03619504 0.00956689 -0.00220857 0.01275780 -0.01567389 0.00741124 -0.11778644
0.06169291 0.04414200 0.08761342 0.04026542 0.00758195 0.13313627 -0.14425581 -0.14380558 -0.08106772 0.03849124 0.01734088 -0.04496325 -0.01503485 -0.04110636 -0.14158394 0.15942706 0.01355710 0.02693676 0.01610980 0.03705778 0.00782962 -0.03440767 0.11948986 0.11556337 -0.05336950 0.14750595 0.00091153 -0.10709178 -0.09984912 0.11169490 0.13636120 -0.04516788 -0.07276069 -0.08781913 0.00537747 0.06931694 0.07918975 0.06238828 -0.09534525 1.00000000 0.18640111 0.02035258 0.04608688 0.05030576 0.30083175 0.17379027 0.04589912 0.11851473 -0.00063682 0.08770471 0.15805301 0.24638807 0.08036592 0.09693559 -0.05521309 0.07535772 -0.14545323 0.12745027 0.09033173 -0.00276817 -0.00260585 -0.10731037 0.11140062 0.02783161 0.01870634 0.08506852 0.13475609 -0.05877773 0.12337088 -0.10634341 0.05892768 0.11683919 -0.13377699 -0.06721439 0.09689301 0.07405756 0.12040333 -0.05287043
-0.17735545 0.11181511 0.00734410 0.05521186 0.05671828 -0.12110400 0.15294999 0.07497473 0.00823957 -0.05984845 -0.12066370 -0.07551138 -0.09672269 -0.07675308 -0.08605095 -0.16242155 -0.08929921 0.00991897 0.06258920 -0.12755195 -0.06462986 -0.07330881 -0.14255338 0.01122972 -0.13968061 -0.09681777 -0.09060161 -0.01543325 0.00605652 -0.13654723 -0.02362411 -0.03196208 -0.09235975 -0.02064583 0.11555054 -0.14702398 -0.04360137 -0.17863877 0.04900511 0.18640111 1.00000000 -0.00255667 0.01386152 0.16421339 0.24363415 0.39492281 0.34170458 0.28120111 0.26470827 0.13108878 0.25104169 0.28720476 -0.14558993 0.12359609 -0.05024804 0.06604580 -0.06724366 -0.05418958 0.18348973 0.12190041 0.13209880 0.18521723 0.11857049 0.14118004 0.13298700 -0.23446577 -0.07499193 0.19145098 -0.02675105 0.11290035 0.00942411 -0.18836235 0.06058244 -0.01351844 0.07953824 0.03584386 0.11724996 0.23353503
0.05020190 -0.17706366 -0.02544830 -0.05786774 0.00583477 0.08993700 -0.06206023 0.01472409 0.14854155 0.07286977 0.25513397 0.12926833 0.01348357 0.03836352 0.18107169 0.04887198 0.09153436 -0.03687181 -0.10010991 0.13330921 0.13123683 0.14049668 0.12473868 -0.09955205 0.04916084 -0.00842688 0.08710934 0.08259635 0.09711598 0.05452684 0.08121213 0.21417654 0.21732403 0.24203882 -0.14126479 0.18807170 -0.03650988 0.14973916 0.02373323 0.02035258 -0.00255667 1.00000000 0.46606059 0.40790950 0.19772497 -0.02220930 0.10372615 0.14454791 0.17785841 0.42075251 0.00984389 0.03906486 0.01996250 -0.21001581 0.06878844 0.14897563 0.32312930 -0.15802280 -0.15494217 0.05851093 0.00472982 -0.00870281 -0.17792411 -0.06253670 -0.10338887 0.04087743 -0.11621326 0.00122454 -0.02609987 0.11071926 0.06458765 0.08353112 0.22388179 0.12096213 -0.08329117 0.15910660 -0.24139826 -0.01367221
0.00208957 -0.18132331 -0.08146058 0.01267674 -0.04345193 0.13294893 -0.14013835 0.01136263 0.16724133 0.05914335 0.27633544 0.17560403 0.03107118 0.05741927 0.17935060 0.01796534 0.04560790 -0.12118637 -0.12710636 0.16176048 0.16627883 0.07890209 0.08709155 -0.16677187 0.00748330 -0.04039028 0.14739604 0.18579509 0.09305755 0.08613849 0.05978271 0.25709904 0.23576709 0.32205339 -0.07173697 0.20653172 -0.11180656 0.11779856 0.01456429 0.04608688 0.01386152 0.46606059 1.00000000 0.54967041 0.24071189 -0.05542369 0.02776066 0.22650132 0.20791801 0.48190779 0.10873564 0.02926823 0.03611021 -0.22345520 0.17750846 0.14168487 0.41707733 -0.10447461 -0.13274215 -0.00848277 0.04117544 0.00614225 -0.14032850 -0.14816260 -0.09003598 0.11941057 -0.14895272 -0.01197927 -0.07019742 0.01841638 0.20558215 0.15699961 0.21446290 0.06995409 -0.09933866 0.17644211 -0.30962325 -0.10933950
-0.01774638 -0.09245658 -0.06501896 0.02727740 -0.06250035 0.13754627 -0.10620974 0.04279407 0.09987840 0.04566139 0.19294484 0.14853214 -0.06434808 0.03294989 0.14605518 -0.02943623 0.04144611 -0.02429672 -0.18861214 0.11547844 0.16823426 0.06889040 0.04954840 -0.02430845 0.03699643 -0.00618440 0.13651897 0.12107543 0.07070481 0.04554783 0.09327226 0.23219167 0.14576680 0.22278312 -0.03620148 0.14329914 -0.03356979 0.04721533 -0.00232288 0.05030576 0.16421339 0.40790950 0.54967041 1.00000000 0.40080664 0.05079046 0.10418683 0.24630943 0.25147365 0.42432401 0.14302448 0.08620427 -0.10632653 -0.11295462 0.17000932 0.12479216 0.35152631 -0.09711889 -0.09223863 -0.00562682 0.07774379 -0.02173577 -0.10043602 -0.05132600 -0.07245093 0.04655910 -0.12469707 0.02090015 -0.11945694 0.06862448 0.12619163 0.10451455 0.24543320 0.05202944 -0.10437571 0.11850301 -0.27622076 -0.06274868
-0.01252953 -0.02221550 0.01566634 -0.02274503 -0.03487924 0.12265090 -0.09282088 -0.09604794 0.10507410 -0.02566589 0.08573240 0.08152718 -0.04785950 -0.00768370 0.04827476 0.07116670 -0.01079590 -0.07480029 -0.09210104 0.06520803 0.03734270 0.04137805 0.12459935 0.01585516 0.01118538 0.03138108 0.06965676 -0.00272367 0.10419615 0.03461805 0.15737510 0.17894204 0.04946221 0.14717419 -0.02310244 0.09057279 0.01710782 0.10530910 -0.08317340 0.30083175 0.24363415 0.19772497 0.24071189 0.40080664 1.00000000 0.16539079 0.01396177 0.23005105 0.08522611 0.29193834 0.13925892 0.20640621 0.00637807 -0.09495424 -0.03789569 0.13442139 0.07276867 -0.05891940 -0.07101621 -0.10085510 -0.01690741 -0.06780710 -0.04867772 -0.06306334 -0.07849296 0.15880062 -0.00670502 0.06990339 0.13652610 0.08612497 0.13026570 0.20054314 0.11562206 0.04545204 0.03296922 0.19893995 -0.10280495 0.00835172
-0.11462542 0.22705202 -0.05283026 0.07060221 0.03592085 -0.10462175 0.05806384 0.06784858 -0.05879309 -0.03733574 -0.11391004 -0.19469417 -0.14254702 -0.01829999 0.02066547 0.01819999 0.11508477 0.13354232 0.09245797 -0.13820376 0.03852867 -0.04437414 -0.06457853 0.14547092 0.02888590 0.02259155 -0.12858492 -0.03203895 0.02326358 -0.05329130 -0.00975236 -0.05799558 -0.11498802 -0.17400523 0.13050514 -0.04899105 -0.01975448 -0.15749090 -0.01624964 0.17379027 0.39492281 -0.02220930 -0.05542369 0.05079046 0.16539079 1.00000000 0.46965514 0.26967710 0.29786168 0.07086197 0.21674005 0.21476189 -0.11942481 0.25511888 0.01315462 -0.05122881 -0.09027501 0.06319009 0.28423008 0.16913260 0.22222206 0.20327965 0.17850398 0.22449653 0.15578233 -0.24374262 0.04652184 0.14012688 -0.06440221 0.08437039 -0.00476849 -0.11841361 -0.00728167 -0.01899068 0.10656069 -0.06378853 0.14918370 0.23076047
-0.15327271 0.30049162 -0.05987469 0.16880817 0.11043705 -0.13188371 0.23783498 0.11539077 0.04098949 0.00152260 -0.13169885 -0.09080243 -0.10702667 0.02885364 -0.03323754 -0.16201548 0.06748445 0.09229157 0.05614955 -0.21255661 -0.06416420 -0.10000146 -0.16950805 0.07167274 -0.04122717 -0.12189093 -0.12340188 0.09025815 0.01151946 -0.12121305 -0.09043221 -0.10801021 -0.12167966 -0.12258096 0.19558635 -0.12451995 -0.04489785 -0.14941948 0.09964224 0.04589912 0.34170458 0.10372615 0.02776066 0.10418683 0.01396177 0.46965514 1.00000000 0.34403351 0.41533859 0.08580986 0.29847805 0.13724559 -0.21334288 0.17841635 -0.08075259 -0.12208226 -0.04606841 -0.05301997 0.25838799 0.19913965 0.14358945 0.25946206 0.08965638 0.19369546 0.14265873 -0.35169544 -0.07046247 0.12754617 -0.07965168 0.12041410 -0.07073974 -0.20487827 0.11235891 0.06842001 0.07410864 -0.07935377 0.18289121 0.24761093
-0.11065063 0.05179173 0.00252075 0.15172358 0.06766396 -0.06067214 0.11580594 0.02782783 0.04150392 -0.02179039 0.02493748 -0.05499324 -0.00722680 0.00955046 -0.02439292 -0.04283237 -0.00695111 -0.02280845 -0.01157523 -0.06251346 0.06401776 0.08593323 -0.05204679 0.06197825 0.01056289 -0.03001574 -0.08076178 0.06311888 0.05728108 -0.12427542 -0.01492010 0.04540389 0.06658399 0.00580442 0.01077045 0.01305856 -0.07376463 -0.03847939 0.02632112 0.11851473 0.28120111 0.14454791 0.22650132 0.24630943 0.23005105 0.26967710 0.34403351 1.00000000 0.22411132 0.17769705 0.17450652 0.07777065 -0.12147865 -0.03009907 -0.05247414 -0.03587713 0.01595879 -0.06824983 0.07899978 0.06557851 0.02715292 0.13792196 -0.04248630 0.06032925 -0.01954330 -0.13156455 0.02146130 0.10570632 0.02068141 0.07662327 0.01926725 -0.08126413 0.02182927 0.02021699 0.02865901 0.01078180 0.07480152 0.09603797
-0.15174455 0.06236567 -0.16130434 -0.03807367 0.03978984 -0.15788656 0.10893310 0.11135483 0.05921142 -0.02242221 -0.05734118 -0.01160708 -0.08728478 0.00653775 0.09453145 -0.17703010 0.03788511 -0.06702140 -0.00492664 -0.11776158 -0.09777610 -0.03463287 -0.10321149 -0.09463336 0.00569565 -0.24036199 -0.04911728 0.16192310 0.10495632 -0.04258098 -0.09467550 -0.02704023 0.07437842 0.08478096 0.04695573 -0.00352040 -0.06535641 -0.11523048 0.04990806 -0.00063682 0.26470827 0.17785841 0.20791801 0.25147365 0.08522611 0.29786168 0.41533859 0.22411132 1.00000000 0.20404695 0.17819692 0.09877956 -0.10160312 -0.07340915 -0.00481178 -0.01428241 0.17040587 -0.12301694 0.06672938 0.12526570 0.14300380 0.25630638 -0.07996984 0.06279665 0.00780786 -0.20160964 -0.16807159 0.09021548 -0.13145246 0.12833752 -0.03767051 -0.15487426 0.21243867 0.11330101 -0.04795613 -0.00124789 -0.09498127 0.16238641
0.06456996 -0.07935003 -0.09260859 -0.03241777 0.02393985 0.04741643 -0.08975132 -0.00186763 0.11959053 0.04615539 0.18223791 0.15965723 -0.03772999 -0.02812315 0.13371800 -0.06764708 -0.01982062 -0.06358912 -0.11955652 0.10791118 0.12631606 0.05488875 0.00783710 -0.14929643 0.01664305 -0.06592872 0.07757263 0.10398490 0.08773374 0.04733412 0.05091060 0.21571963 0.11828266 0.20722793 -0.02504597 0.12958861 -0.06887547 0.07295724 0.00079585 0.08770471 0.13108878 0.42075251 0.48190779 0.42432401 0.29193834 0.07086197 0.08580986 0.17769705 0.20404695 1.00000000 0.19504715 0.13198001 0.00074514 -0.17232558 0.11681845 0.11146970 0.35980901 -0.14842035 -0.10517827 -0.03367029 0.06916918 -0.00796904 -0.13240509 -0.09228653 -0.09502597 -0.05223323 -0.17539560 0.00686457 -0.15753361 0.04803020 0.07072209 0.05030491 0.13891430 0.05559417 -0.07266924 0.08912745 -0.29487713 -0.10660848
-0.00741492 0.08564031 -0.00073368 0.09285043 0.09976013 -0.03831215 -0.00081638 0.04048915 0.03967448 -0.03435960 -0.00904626 0.00761599 -0.03951371 0.01572828 -0.07528041 -0.07615040 0.00053737 0.05555363 0.01585756 -0.01512656 0.08262118 0.05575272 -0.06997783 -0.02149692 -0.06956128 -0.06073077 -0.06855892 -0.00534399 0.05895398 -0.08413986 0.07783696 0.04986257 0.00986956 -0.09856146 0.07157220 -0.04409951 -0.01511144 -0.07823496 0.05574466 0.15805301 0.25104169 0.00984389 0.10873564 0.14302448 0.13925892 0.21674005 0.29847805 0.17450652 0.17819692 0.19504715 1.00000000 0.18871036 -0.08394762 0.06929610 0.07071021 -0.12054540 0.03676772 -0.00810977 0.14596981 0.07288380 0.19133595 0.06324381 0.11089633 0.05484315 0.12231435 -0.11896433 -0.00138243 0.04602138 -0.10831552 -0.07491642 0.01983245 0.00162850 0.08299572 0.00945549 0.06487582 -0.03638999 0.00620835 0.01318144
0.00969835 0.06044837 -0.02520387 -0.00616830 0.00200630 0.01259025 -0.06394358 -0.03640719 0.01032815 0.02867722 -0.03954662 -0.03016577 -0.09222861 -0.03037813 -0.08219457 -0.03185023 -0.07565367 0.06456458 -0.01092175 -0.02519397 -0.04590273 -0.01064261 0.07043043 0.05699708 -0.01899360 0.02349752 -0.07967717 -0.08760748 -0.01790880 0.00557988 0.08456922 0.01722788 -0.03710822 -0.01240718 0.08681993 -0.04299391 -0.02631899 -0.06155309 -0.05944271 0.24638807 0.28720476 0.03906486 0.02926823 0.08620427 0.20640621 0.21476189 0.13724559 0.07777065 0.09877956 0.13198001 0.18871036 1.00000000 0.02993314 0.05330489 -0.05766221 0.01979513 0.01877379 0.01080091 0.06305750 0.01105405 0.04669112 0.00807564 0.09186543 0.08181380 0.07314357 -0.02224633 0.02049416 0.14429271 0.02367940 0.06599204 0.14027143 -0.01032536 0.01093986 0.01420489 0.11818208 0.06255583 0.08919283 0.13333418
0.09513428 -0.03795122 0.01684663 0.02479304 0.07545732 0.11192789 -0.08987385 -0.06338103 -0.00413514 0.07201756 0.05755771 0.02753874 0.05946509 -0.08129446 -0.02249555 0.10336753 -0.01425718 -0.01404819 -0.02732033 0.06304464 0.02403995 -0.06027794 0.12668469 0.00809104 -0.03614073 0.00632619 0.08663346 -0.10527279 -0.04465105 0.10027689 0.14501454 0.03295714 0.07063820 0.05946646 0.02301734 0.11600155 0.05413135 0.09038637 0.02377813 0.08036592 -0.14558993 0.01996250 0.03611021 -0.10632653 0.00637807 -0.11942481 -0.21334288 -0.12147865 -0.10160312 0.00074514 -0.08394762 0.02993314 1.00000000 0.02385144 0.04586821 0.21233468 0.06957936 0.26080072 0.09500402 0.12309803 0.08365956 -0.01298959 0.07278334 0.12337806 0.20745447 0.16842278 0.07543687 -0.16200735 0.05934118 -0.11047831 0.03680926 0.17293659 -0.10924889 -0.01652756 0.03853324 0.07882311 0.03696402 -0.12314714
-0.00562140 0.23331231 0.04140507 0.17974286 -0.00629361 0.03726990 0.00438215 -0.01655087 -0.09270865 0.01171563 -0.15433964 -0.14402329 -0.11077006 -0.04562231 -0.16245007 0.07474320 0.04056741 0.15224519 0.06876365 -0.11939342 0.01402992 -0.13559988 -0.06419134 0.21288409 -0.05458632 0.15988441 -0.04173445 -0.09764841 -0.16125208 0.12239943 0.11890434 -0.05100962 -0.03947379 -0.20535427 0.17651587 -0.08553831 0.09414924 -0.03874101 0.04915796 0.09693559 0.12359609 -0.21001581 -0.22345520 -0.11295462 -0.09495424 0.25511888 0.17841635 -0.03009907 -0.07340915 -0.17232558 0.06929610 0.05330489 0.02385144 1.00000000 0.04841808 0.08881702 -0.17769568 0.32452360 0.38910210 0.23719283 0.27638168 -0.02664389 0.42683894 0.31610297 0.40419053 0.00549860 0.11372875 -0.00429038 0.05867949 -0.20240345 -0.01247255 -0.02130528 -0.16604025 -0.11307638 0.10148886 -0.13805822 0.21787876 -0.06064049
0.04996890 -0.09033578 0.04427492 0.03447702 -0.10699035 0.06155546 -0.09834155 0.03931624 0.06488052 0.06700563 0.12722104 0.02459022 -0.01072667 0.05257604 0.10939537 0.06995891 0.09448064 0.09415190 0.00943905 0.18210354 0.19346482 0.04586819 0.06782753 -0.07868833 0.11177750 0.08599494 0.05794796 0.06006199 -0.01734979 0.07025585 0.09096992 0.16176384 0.04052439 0.13460254 -0.02090035 0.07908257 -0.00985587 0.04846089 0.03480239 -0.05521309 -0.05024804 0.06878844 0.17750846 0.17000932 -0.03789569 0.01315462 -0.08075259 -0.05247414 -0.00481178 0.11681845 0.07071021 -0.05766221 0.04586821 0.04841808 1.00000000 0.20124419 0.27057169 0.18360550 0.03146951 0.05525875 0.34344272 0.13825450 0.13436252 0.16317508 0.12359472 -0.00739171 -0.06777513 -0.03327544 -0.01080020 -0.01296701 0.02363286 -0.02733360 -0.00165956 0.01931858 -0.10034675 0.05893007 -0.11355338 -0.07309244
0.04060883 -0.12908084 0.07279614 0.02771369 0.00604040 0.04043199 -0.02352388 -0.07197804 0.17922624 0.06815326 0.10757535 0.08551183 0.02791946 0.02804541 0.06577149 0.04246021 0.05688882 0.06329612 0.04008238 0.12672865 0.00168621 -0.08103145 0.10184503 0.04309031 0.00348206 0.13390584 0.09317232 -0.05212807 -0.00391204 0.07903451 0.17823455 0.13067154 0.06994232 0.16105410 -0.06778167 0.11518903 0.06373935 0.09422320 0.01157615 0.07535772 0.06604580 0.14897563 0.14168487 0.12479216 0.13442139 -0.05122881 -0.12208226 -0.03587713 -0.01428241 0.11146970 -0.12054540 0.01979513 0.21233468 0.08881702 0.20124419 1.00000000 0.08380990 0.13959147 -0.00556356 0.09569165 0.02951706 0.07615431 -0.02751136 0.09542810 0.04105347 0.11819393 0.04734047 -0.08378062 0.04880570 -0.00350376 -0.01625259 0.03159256 -0.03444795 -0.02626858 0.03734180 0.14538463 -0.03761750 0.00252439
0.03004392 -0.19367633 -0.16430151 -0.12447179 -0.08794796 0.07942207 -0.10197431 -0.04040776 0.14181281 -0.00856608 0.21330169 0.20558516 -0.09370458 0.04025933 0.21597010 -0.11547272 0.06953284 -0.07881732 -0.16736485 0.14246936 0.11681633 0.08498784 0.02421430 -0.18354021 0.04179519 -0.10909364 0.12142732 0.17044314 0.08441418 -0.00332532 0.03418692 0.22687174 0.12862008 0.23337144 -0.07385914 0.14260839 -0.17094884 0.09064908 -0.05089682 -0.14545323 -0.06724366 0.32312930 0.41707733 0.35152631 0.07276867 -0.09027501 -0.04606841 0.01595879 0.17040587 0.35980901 0.03676772 0.01877379 0.06957936 -0.17769568 0.27057169 0.08380990 1.00000000 -0.02677552 -0.16945843 0.06855726 0.18885179 0.15522140 -0.16050537 0.03680336 -0.02076639 -0.05516683 -0.26395485 -0.00090952 -0.22530429 0.08135881 0.04648928 0.00147031 0.25765436 0.05542631 -0.13898137 0.12229470 -0.46808451 -0.05006773
0.11590001 0.06730183 0.11709811 0.12417466 -0.00672908 0.06138004 -0.11945087 -0.07804287 -0.02404648 0.02912465 -0.01293228 -0.03757085 0.01127680 -0.01635714 -0.17086085 0.13837337 0.02426922 0.07211550 0.00190531 0.04812130 0.05423932 -0.00015126 0.07526353 0.19062952 0.00195665 0.15909462 -0.01335022 -0.06096057 -0.14588873 0.13974427 0.09553745 -0.02519411 0.01473138 -0.15731982 0.09649310 0.10813251 0.12233985 0.04680210 0.04100752 0.12745027 -0.05418958 -0.15802280 -0.10447461 -0.09711889 -0.05891940 0.06319009 -0.05301997 -0.06824983 -0.12301694 -0.14842035 -0.00810977 0.01080091 0.26080072 0.32452360 0.18360550 0.13959147 -0.02677552 1.00000000 0.24366970 0.17841479 0.18657853 -0.01607603 0.28095104 0.16049645 0.31033110 0.12267143 0.10701187 -0.12581639 0.01854024 -0.23262009 -0.03128963 0.04065127 -0.23035954 -0.12450392 0.03168840 -0.10776197 0.09775332 -0.15695065
-0.05088461 0.27003641 -0.00606063 0.21250346 0.09399133 -0.06847743 0.06618962 0.06468035 -0.02950364 0.01478493 -0.17911945 -0.13313113 -0.03278305 -0.03769499 -0.15354544 0.00926471 0.02278939 0.13228148 0.11886986 -0.15629473 -0.01689220 -0.16595425 -0.10389730 0.13053455 -0.09344925 0.04090863 -0.16364009 -0.09321935 -0.00170091 0.00110361 0.04241121 -0.06956595 -0.09901918 -0.20696332 0.25986232 -0.08700510 0.03282885 -0.14159965 0.05231223 0.09033173 0.18348973 -0.15494217 -0.13274215 -0.09223863 -0.07101621 0.28423008 0.25838799 0.07899978 0.06672938 -0.10517827 0.14596981 0.06305750 0.09500402 0.38910210 0.03146951 -0.00556356 -0.16945843 0.24366970 1.00000000 0.26873192 0.28234150 0.18003904 0.37696918 0.27297393 0.41814244 -0.10811476 0.06279362 0.10257811 0.01220753 -0.04871197 0.02240494 -0.09973708 -0.10133938 -0.00331387 0.12263200 -0.10982261 0.27649116 0.12159870
-0.05547035 0.13632691 -0.07193765 0.04604318 0.07594966 -0.07548318 0.12309455 0.09564225 0.03736610 -0.07330913 -0.02717649 0.03645373 0.06253965 0.08573975 0.01329032 -0.07551626 0.11782281 0.13737377 0.06977597 -0.02108728 -0.01963795 0.00254462 -0.09189698 0.09028999 0.07965958 0.04482435 -0.05696459 0.03299775 0.07378324 -0.00810003 -0.00470030 -0.00188254 0.05333591 -0.03642312 0.08659640 0.03154226 0.05037977 -0.04096364 0.05813902 -0.00276817 0.12190041 0.05851093 -0.00848277 -0.00562682 -0.10085510 0.16913260 0.19913965 0.06557851 0.12526570 -0.03367029 0.07288380 0.01105405 0.12309803 0.23719283 0.05525875 0.09569165 0.06855726 0.17841479 0.26873192 1.00000000 0.27950633 0.21890335 0.27556684 0.18998744 0.25728746 -0.14975450 -0.05816136 0.08070968 -0.07776288 -0.00068175 0.01026601 -0.13665726 -0.01489498 -0.01581259 0.04043538 -0.07821702 0.07693826 0.12566962
-0.12325440 0.16187910 0.01272455 0.15868148 0.05348216 -0.08530385 0.02132305 0.15076436 -0.02868530 0.03010036 0.03639057 -0.09358020 -0.05561318 0.00948923 -0.04389429 -0.01309996 0.10932611 0.06298732 -0.06453826 0.02833996 0.03601304 -0.02222779 -0.07102383 -0.04843656 0.00081726 0.01091430 -0.04322695 -0.03847548 -0.04489718 0.00083292 0.01024482 0.02013743 0.01040403 -0.03060145 0.04994911 -0.05611482 -0.02087877 -0.08901506 0.06360931 -0.00260585 0.13209880 0.00472982 0.04117544 0.07774379 -0.01690741 0.22222206 0.14358945 0.02715292 0.14300380 0.06916918 0.19133595 0.04669112 0.08365956 0.27638168 0.34344272 0.02951706 0.18885179 0.18657853 0.28234150 0.27950633 1.00000000 0.21325418 0.25646511 0.30024025 0.28714338 -0.16553175 -0.04849372 0.03961559 -0.04599955 -0.01829360 0.06540941 -0.18958962 0.07400822 -0.00713871 -0.00013501 0.04648982 -0.03326611 0.03542432
-0.17964984 0.08398459 -0.07574273 0.00879655 0.07454501 -0.21753316 0.18470148 0.04322118 0.08550430 -0.13232200 -0.08650130 -0.08876418 -0.03326124 0.04564477 0.08711309 -0.16485264 0.06016570 0.05846363 0.10243213 -0.04186401 -0.02989843 0.03235532 -0.19312565 -0.12963823 0.03112683 -0.12452077 -0.16550574 0.07043037 0.11419627 -0.18410332 -0.08765468 -0.06538545 -0.01559031 0.08857547 0.07901684 -0.12765459 -0.15337034 -0.18952740 0.04854427 -0.10731037 0.18521723 -0.00870281 0.00614225 -0.02173577 -0.06780710 0.20327965 0.25946206 0.13792196 0.25630638 -0.00796904 0.06324381 0.00807564 -0.01298959 -0.02664389 0.13825450 0.07615431 0.15522140 -0.01607603 0.18003904 0.21890335 0.21325418 1.00000000 0.10360979 0.14848560 0.01873430 -0.30553009 -0.08305060 0.11247279 -0.06900972 0.21335790 -0.11635609 -0.21131370 0.11683779 0.06115335 -0.00408382 0.02463603 0.09919538 0.24951461
0.08198883 0.27417877 0.09018179 0.16944132 0.01419653 0.00738996 -0.01664623 0.00439729 -0.05253752 -0.01085934 -0.07013733 -0.06027196 0.02704985 -0.04024587 -0.24493056 0.07609627 0.02332586 0.12093784 0.06527891 -0.06897227 0.06054353 -0.05929777 -0.02585713 0.09023977 -0.09075314 0.13867892 -0.13024788 -0.14821112 -0.03501996 0.08114113 0.09369239 -0.06206139 -0.05492536 -0.20421181 0.23468002 -0.05629293 0.12521680 -0.07980798 0.11022825 0.11140062 0.11857049 -0.17792411 -0.14032850 -0.10043602 -0.04867772 0.17850398 0.08965638 -0.04248630 -0.07996984 -0.13240509 0.11089633 0.09186543 0.07278334 0.42683894 0.13436252 -0.02751136 -0.16050537 0.28095104 0.37696918 0.27556684 0.25646511 0.10360979 1.00000000 0.31127344 0.37800397 0.00974950 0.13672960 0.09704174 0.04077931 -0.17316219 0.12062057 0.06105555 -0.12225972 -0.04276014 0.14949470 -0.13976846 0.20013273 -0.06372840
-0.01111070 0.18079777 0.04170919 0.15533058 -0.00174286 -0.07632140 0.18392789 0.04827337 -0.01173407 0.03822865 -0.08902618 -0.10092524 -0.00675867 -0.06981692 -0.09970986 0.00845675 0.08657005 0.02521162 -0.02118961 -0.03961718 -0.01338240 -0.10472413 -0.07070245 0.09725231 -0.03042259 0.00885764 -0.03842839 -0.06057887 -0.03364402 -0.01128156 0.08324133 -0.12189121 -0.03600043 -0.07382949 0.15680793 -0.02412148 0.02069417 -0.02262161 -0.00360038 0.02783161 0.14118004 -0.06253670 -0.14816260 -0.05132600 -0.06306334 0.22449653 0.19369546 0.06032925 0.06279665 -0.09228653 0.05484315 0.08181380 0.12337806 0.31610297 0.16317508 0.09542810 0.03680336 0.16049645 0.27297393 0.18998744 0.30024025 0.14848560 0.31127344 1.00000000 0.25395375 -0.07801737 0.05747695 0.04644358 0.00890746 -0.02147743 -0.01895985 -0.14919141 -0.03340060 -0.03307619 0.06140164 -0.03943985 0.16942977 0.09564052
0.01806780 0.13858918 0.01464154 0.12559102 0.06373321 -0.01396229 0.00294013 0.00662306 -0.02163092 0.00057585 -0.13028018 -0.10479275 -0.06308943 0.01483925 -0.16239136 0.03755720 0.05660676 0.11247958 0.02857829 -0.06635037 -0.02152306 -0.10885776 0.01430369 0.13135475 -0.02873851 0.03787323 -0.06268745 -0.06238127 -0.04788514 0.04967676 0.06451456 0.00672750 -0.04863350 -0.10530899 0.14472912 -0.10382898 0.06502927 -0.07690752 0.03042965 0.01870634 0.13298700 -0.10338887 -0.09003598 -0.07245093 -0.07849296 0.15578233 0.14265873 -0.01954330 0.00780786 -0.09502597 0.12231435 0.07314357 0.20745447 0.40419053 0.12359472 0.04105347 -0.02076639 0.31033110 0.41814244 0.25728746 0.28714338 0.01873430 0.37800397 0.25395375 1.00000000 -0.04908495 0.05183703 0.05454615 -0.01449389 -0.06540823 0.05108284 -0.08255411 -0.07041602 -0.07032142 0.11041870 -0.02502416 0.12970577 0.00003034
0.16881454 -0.10776856 0.06424002 -0.04329503 -0.21156084 0.27346697 -0.25995981 -0.18048433 -0.00789571 0.08539226 0.10031750 0.12617269 0.01794910 -0.04853842 0.01214690 0.26398871 -0.01980277 -0.12759440 -0.02847802 0.14096070 0.01995421 0.02247804 0.19835146 0.06582595 -0.04669470 0.16027218 0.15022534 -0.11094223 -0.06800858 0.16287863 0.22686464 0.11829731 0.06582106 0.07047316 -0.08313950 0.16354342 0.12463179 0.19921340 -0.11274309 0.08506852 -0.23446577 0.04087743 0.11941057 0.04655910 0.15880062 -0.24374262 -0.35169544 -0.13156455 -0.20160964 -0.05223323 -0.11896433 -0.02224633 0.16842278 0.00549860 -0.00739171 0.11819393 -0.05516683 0.12267143 -0.10811476 -0.14975450 -0.16553175 -0.30553009 0.00974950 -0.07801737 -0.04908495 1.00000000 0.22020897 -0.08548572 0.40977003 -0.07321891 0.34493645 0.47047629 -0.04188092 0.08195689 0.16150231 0.25123526 0.07170991 -0.15127095
0.17331637 0.15984868 0.12869891 0.10335911 0.02268999 0.12392316 0.03552851 -0.04867429 -0.06178684 0.07702983 -0.01647004 -0.03410193 0.01136543 -0.05183654 -0.12997647 0.24902282 0.11920033 0.09140295 0.09467500 0.02766861 0.07351164 -0.01755864 0.16117831 0.23095787 -0.07110634 0.20416305 0.06069227 -0.18644804 -0.02683383 0.11297088 0.13103290 -0.03161352 -0.00948244 -0.09054173 0.00411342 0.05540621 0.17452742 0.11843475 -0.06952002 0.13475609 -0.07499193 -0.11621326 -0.14895272 -0.12469707 -0.00670502 0.04652184 -0.07046247 0.02146130 -0.16807159 -0.17539560 -0.00138243 0.02049416 0.07543687 0.11372875 -0.06777513 0.04734047 -0.26395485 0.10701187 0.06279362 -0.05816136 -0.04849372 -0.08305060 0.13672960 0.05747695 0.05183703 0.22020897 1.00000000 0.01764909 0.30041844 -0.07608545 0.22338381 0.27231966 -0.18662707 -0.00651023 0.33997362 0.06046685 0.41950304 0.05764781
-0.14731632 0.07443410 -0.15718113 -0.02087383 0.02381101 -0.09201335 0.10169580 0.04798198 0.07095017 -0.00109519 -0.05299491 -0.05478570 -0.05614169 -0.07428674 0.05245649 -0.13063111 -0.00341951 -0.02638188 -0.01805281 -0.18000630 -0.09840754 -0.01030465 -0.10071118 -0.05373943 -0.02821305 -0.03187146 -0.08802614 0.02941924 0.06939744 -0.17924304 -0.06802750 0.07147771 -0.02081307 0.07154116 0.03101078 -0.13529621 -0.10112874 -0.15909888 0.03935307 -0.05877773 0.19145098 0.00122454 -0.01197927 0.02090015 0.06990339 0.14012688 0.12754617 0.10570632 0.09021548 0.00686457 0.04602138 0.14429271 -0.16200735 -0.00429038 -0.03327544 -0.08378062 -0.00090952 -0.12581639 0.10257811 0.08070968 0.03961559 0.11247279 0.09704174 0.04644358 0.05454615 -0.08548572 0.01764909 1.00000000 0.09886083 0.26583479 0.23476663 -0.06857029 0.28188547 0.28560654 0.26063050 0.19046120 0.20372482 0.28292226
0.09621515 0.02981959 0.09545074 0.02015514 -0.10580290 0.14470141 -0.06418993 -0.03614383 0.04893907 0.03625835 0.03003837 -0.01456374 0.02726609 0.02090970 -0.00623042 0.19247708 0.03473337 -0.01253221 0.13247410 0.08323328 -0.02989515 0.02176851 0.13556983 0.08011885 -0.05314799 0.12210534 0.00056963 -0.09308035 -0.05857986 0.02860473 0.12059920 -0.01365590 -0.07576914 -0.04559035 -0.03923569 0.00799670 0.09897849 0.11573282 -0.04962456 0.12337088 -0.02675105 -0.02609987 -0.07019742 -0.11945694 0.13652610 -0.06440221 -0.07965168 0.02068141 -0.13145246 -0.15753361 -0.10831552 0.02367940 0.05934118 0.05867949 -0.01080020 0.04880570 -0.22530429 0.01854024 0.01220753 -0.07776288 -0.04599955 -0.06900972 0.04077931 0.00890746 -0.01449389 0.40977003 0.30041844 0.09886083 1.00000000 0.08127810 0.28644654 0.28942609 0.02588386 0.14012187 0.29363315 0.34227532 0.30932447 0.06903469
-0.18792954 -0.05002201 -0.16260866 -0.13589211 -0.00086510 -0.10022962 0.13045227 0.12899376 0.11343516 -0.07298039 -0.03413681 -0.08678060 -0.02024315 0.10402159 0.15773838 -0.14406655 -0.04929145 0.00774917 0.02281733 -0.02510582 -0.04621435 0.10322385 -0.11426635 -0.13525300 0.09261694 -0.16344195 -0.05397010 0.09215335 0.12205233 -0.25208243 -0.11074027 0.00099254 -0.04538938 0.18477398 -0.09339312 -0.16980217 -0.11709666 -0.12608378 -0.05556229 -0.10634341 0.11290035 0.11071926 0.01841638 0.06862448 0.08612497 0.08437039 0.12041410 0.07662327 0.12833752 0.04803020 -0.07491642 0.06599204 -0.11047831 -0.20240345 -0.01296701 -0.00350376 0.08135881 -0.23262009 -0.04871197 -0.00068175 -0.01829360 0.21335790 -0.17316219 -0.02147743 -0.06540823 -0.07321891 -0.07608545 0.26583479 0.08127810 1.00000000 0.05439555 -0.05837306 0.33769666 0.36064301 0.07762702 0.36437673 0.07114037 0.40380090
0.06641692 0.05710643 -0.03033424 0.11336153 -0.13420744 0.17274519 -0.13060357 -0.10901880 -0.00068773 0.03164536 0.13900459 0.04866506 -0.04622990 -0.06983698 0.01203331 0.20193521 0.03177753 -0.05914531 -0.03954969 0.06521412 0.05802150 -0.01509012 0.11222564 -0.05376967 -0.09857331 0.10351226 0.05981167 -0.06378505 0.00907835 0.07657137 0.07580789 0.11887453 0.02393772 0.07312776 0.06164523 0.04177199 0.04683538 0.08297014 0.01966565 0.05892768 0.00942411 0.06458765 0.20558215 0.12619163 0.13026570 -0.00476849 -0.07073974 0.01926725 -0.03767051 0.07072209 0.01983245 0.14027143 0.03680926 -0.01247255 0.02363286 -0.01625259 0.04648928 -0.03128963 0.02240494 0.01026601 0.06540941 -0.11635609 0.12062057 -0.01895985 0.05108284 0.34493645 0.22338381 0.23476663 0.28644654 0.05439555 1.00000000 0.25228685 0.17680932 0.15825033 0.29534331 0.24819223 0.17307133 0.00268191
0.19040739 -0.00567692 -0.01527683 -0.01977712 -0.05383085 0.26413647 -0.22409283 -0.12607814 0.03740368 0.08632927 0.11084357 0.11499810 -0.02531027 0.01416386 0.02922715 0.28865293 0.03116352 0.00852523 -0.06821888 0.08994778 0.17916629 0.06639066 0.18414592 0.00925503 -0.07035575 0.16448566 0.18687808 -0.04030811 -0.00879667 0.22267152 0.20206878 0.15282781 0.18181946 0.06343026 0.00278366 0.10674675 0.14901632 0.19063416 0.03619504 0.11683919 -0.18836235 0.08353112 0.15699961 0.10451455 0.20054314 -0.11841361 -0.20487827 -0.08126413 -0.15487426 0.05030491 0.00162850 -0.01032536 0.17293659 -0.02130528 -0.02733360 0.03159256 0.00147031 0.04065127 -0.09973708 -0.13665726 -0.18958962 -0.21131370 0.06105555 -0.14919141 -0.08255411 0.47047629 0.27231966 -0.06857029 0.28942609 -0.05837306 0.25228685 1.00000000 0.11055286 0.08963204 0.18463835 0.16891789 0.02680453 -0.05625457
-0.12380252 -0.10706648 -0.25354205 -0.18303295 -0.05474989 -0.04438444 -0.02826921 0.06398618 0.10142257 -0.07632383 0.05673490 0.08193350 -0.11875593 0.06530706 0.19202728 -0.12601863 -0.02970439 -0.13320776 -0.09576948 0.06679927 -0.00047028 0.19942431 -0.06968777 -0.25339322 0.05422926 -0.18466659 0.05795411 0.12969561 0.04302395 -0.13865034 -0.10152751 0.08514322 0.10526901 0.25013097 -0.13920019 -0.18275405 -0.22321202 -0.10583784 0.00956689 -0.13377699 0.06058244 0.22388179 0.21446290 0.24543320 0.11562206 -0.00728167 0.11235891 0.02182927 0.21243867 0.13891430 0.08299572 0.01093986 -0.10924889 -0.16604025 -0.00165956 -0.03444795 0.25765436 -0.23035954 -0.10133938 -0.01489498 0.07400822 0.11683779 -0.12225972 -0.03340060 -0.07041602 -0.04188092 -0.18662707 0.28188547 0.02588386 0.33769666 0.17680932 0.11055286 1.00000000 0.33506232 -0.03687973 0.27210994 -0.23300002 0.23593411
-0.03164732 -0.01168997 -0.08106510 -0.07475559 -0.00503740 -0.02211242 0.06766981 0.06034327 0.10758623 -0.00399873 0.04505018 0.04554939 0.05664711 0.04329287 0.08187043 -0.04339768 -0.03285311 -0.02162622 -0.04909432 -0.02724705 0.00459737 0.05291846 -0.04788011 -0.10565388 0.07442581 -0.10101911 -0.01065911 0.01985930 0.09279711 -0.10134058 -0.01989326 0.02085124 0.03873818 0.14788378 -0.04946622 -0.11786964 -0.06716512 -0.06686912 -0.00220857 -0.06721439 -0.01351844 0.12096213 0.06995409 0.05202944 0.04545204 -0.01899068 0.06842001 0.02021699 0.11330101 0.05559417 0.00945549 0.01420489 -0.01652756 -0.11307638 0.01931858 -0.02626858 0.05542631 -0.12450392 -0.00331387 -0.01581259 -0.00713871 0.06115335 -0.04276014 -0.03307619 -0.07032142 0.08195689 -0.00651023 0.28560654 0.14012187 0.36064301 0.15825033 0.08963204 0.33506232 1.00000000 0.10194588 0.18099710 0.09727534 0.33934991
0.11280199 0.14944964 0.02048143 0.11619476 0.03339601 0.09069238 0.01773574 -0.07456214 0.02199419 0.01522988 -0.03419574 -0.03648086 0.04519147 -0.09661834 -0.05681974 0.09279959 0.03022064 0.02283441 0.01334786 -0.07601225 0.01728784 -0.09696185 0.05564905 0.07757326 -0.10570218 0.14371405 -0.02035155 -0.16960974 -0.02010127 0.07073416 0.10505001 0.05056560 -0.08018538 -0.15192838 0.08027488 0.00855614 0.14094253 0.03113642 0.01275780 0.09689301 0.07953824 -0.08329117 -0.09933866 -0.10437571 0.03296922 0.10656069 0.07410864 0.02865901 -0.04795613 -0.07266924 0.06487582 0.11818208 0.03853324 0.10148886 -0.10034675 0.03734180 -0.13898137 0.03168840 0.12263200 0.04043538 -0.00013501 -0.00408382 0.14949470 0.06140164 0.11041870 0.16150231 0.33997362 0.26063050 0.29363315 0.07762702 0.29534331 0.18463835 -0.03687973 0.10194588 1.00000000 0.12707498 0.45082560 0.14447196
-0.06105384 -0.15817016 -0.10026728 -0.06926090 -0.04045328 0.05205613 -0.03278990 0.02136051 0.18619076 0.02625237 0.11971003 0.02756201 -0.02382880 0.08960652 0.14716404 0.07345297 0.03176576 0.01771662 0.06433539 0.11005551 -0.03482355 0.14942319 0.05773293 -0.17784308 0.13098536 -0.00941559 0.01527864 0.00380140 -0.05860859 -0.11615177 -0.01619634 -0.00530767 0.00596957 0.26676920 -0.17654045 -0.07862943 -0.14812847 -0.02842957 -0.01567389 0.07405756 0.03584386 0.15910660 0.17644211 0.11850301 0.19893995 -0.06378853 -0.07935377 0.01078180 -0.00124789 0.08912745 -0.03638999 0.06255583 0.07882311 -0.13805822 0.05893007 0.14538463 0.12229470 -0.10776197 -0.10982261 -0.07821702 0.04648982 0.02463603 -0.13976846 -0.03943985 -0.02502416 0.25123526 0.06046685 0.19046120 0.34227532 0.36437673 0.24819223 0.16891789 0.27210994 0.18099710 0.12707498 1.00000000 0.01510826 0.25029164
-0.02118523 0.22700850 0.12130838 0.19449846 0.07090738 -0.09044344 0.17529029 0.02693637 -0.10854227 0.05824409 -0.15157340 -0.18353450 0.05476873 -0.09745862 -0.24424311 0.10345256 -0.00902418 0.08906006 0.10731760 -0.18573495 -0.10976187 -0.19885811 -0.09180945 0.15578057 -0.09660203 0.10481056 -0.15835995 -0.16653972 -0.06145478 -0.02246152 0.05235408 -0.15492738 -0.14383423 -0.21843652 0.15943090 -0.09895966 0.15269201 -0.07804659 0.00741124 0.12040333 0.11724996 -0.24139826 -0.30962325 -0.27622076 -0.10280495 0.14918370 0.18289121 0.07480152 -0.09498127 -0.29487713 0.00620835 0.08919283 0.03696402 0.21787876 -0.11355338 -0.03761750 -0.46808451 0.09775332 0.27649116 0.07693826 -0.03326611 0.09919538 0.20013273 0.16942977 0.12970577 0.07170991 0.41950304 0.20372482 0.30932447 0.07114037 0.17307133 0.02680453 -0.23300002 0.09727534 0.45082560 0.01510826 1.00000000 0.24910680
-0.25389439 0.03235228 -0.12983680 -0.08183643 0.00567547 -0.17997471 0.22167489 0.11693503 0.10534804 -0.05370975 -0.16616751 -0.08904320 -0.03242353 0.01945680 0.13136403 -0.16132638 0.05975321 0.07072755 0.09440579 -0.11934192 -0.18712477 -0.03520137 -0.12649338 -0.05114828 0.11184042 -0.21406447 -0.13851203 0.00115932 0.07988422 -0.25409179 -0.12716642 -0.11956955 -0.16366001 0.04375186 -0.04992682 -0.22156895 -0.15847769 -0.20666862 -0.11778644 -0.05287043 0.23353503 -0.01367221 -0.10933950 -0.06274868 0.00835172 0.23076047 0.24761093 0.09603797 0.16238641 -0.10660848 0.01318144 0.13333418 -0.12314714 -0.06064049 -0.07309244 0.00252439 -0.05006773 -0.15695065 0.12159870 0.12566962 0.03542432 0.24951461 -0.06372840 0.09564052 0.00003034 -0.15127095 0.05764781 0.28292226 0.06903469 0.40380090 0.00268191 -0.05625457 0.23593411 0.33934991 0.14447196 0.25029164 0.24910680 1.00000000
