1.00000000 0.19555371 0.20814395 0.22210900 0.04663074 0.35708031 0.24824031 0.25312342 0.17261768 0.13646083 0.21244546 0.18696314 0.23682322 0.03823800 0.00058461 0.05571301 0.12075309 0.01579516 0.03450483 0.00364005 -0.00957672 -0.02808634 0.13242784 0.04123944 0.01884964 -0.01666254 -0.00269931 0.01209931 0.00331912 0.06911044 0.05994266 0.04740846 0.09657186 0.07116256 0.07105924 -0.05325397 0.00930922 0.00126460 0.05807704 0.06288415 0.08373015 -0.01810539 0.05011514 0.09802594 -0.03760070 0.05786652 0.08779067 -0.07627634 0.04808002 -0.03413239 -0.08937518 -0.00113031 0.02541325 0.01649860 -0.05482769 0.02272281 -0.11008878 0.00458633 0.00827641 0.02872596 -0.00195465 0.10899553 0.07658505 0.10238213 -0.05922976 0.00880352 0.14014668 0.06542760 0.02998797 0.02842512 0.05416877 0.09582942 0.01489791 -0.00079904 0.15388703 0.11847038 0.13102177 0.08055878
0.19555371 1.00000000 0.21874346 0.21178242 0.17893123 0.26503244 0.36202284 0.08975851 0.20688687 0.12589131 0.13953176 0.19926651 0.27819606 0.02741854 -0.08415594 0.05158394 0.04570366 0.15152545 0.11836578 -0.04403846 0.02684981 -0.11166964 0.07096089 0.15708955 0.04361261 -0.03515727 -0.06777478 0.09432238 0.07919039 0.17083386 0.19175161 -0.01824985 0.09129743 -0.05784083 0.17734880 0.04170147 0.07945567 -0.02193112 0.08875882 -0.05966634 0.21234268 -0.01554364 -0.03429918 0.08019498 -0.04056427 0.11397474 0.06051490 0.03268900 0.00393542 -0.03606172 -0.05839763 -0.03551351 -0.08093919 0.08877898 0.02974557 -0.03248298 -0.12019366 0.00270144 0.10465616 0.06495846 0.04287740 0.09832044 0.05148186 0.06191792 -0.04917787 0.05418131 0.05639655 0.06372414 -0.01151045 0.04771153 0.01779692 -0.03722245 -0.07435405 -0.03879244 0.15296758 0.10335719 0.09030067 -0.02702993
0.20814395 0.21874346 1.00000000 0.34485240 0.24796797 0.19588540 0.20755698 0.27176981 0.16347579 0.22612400 0.26817194 0.14468559 0.18737147 0.06221593 0.00403020 0.07529971 0.03570861 0.09833655 0.01959512 -0.07161227 0.04756841 -0.07501144 0.08065448 0.08095567 0.08644940 0.07854521 -0.02841133 -0.00892860 0.01756565 0.13751000 0.02386084 -0.01773759 0.01020099 0.03888392 0.07379596 0.02411772 0.05474198 0.01118365 0.07083435 0.09818826 0.02429633 -0.02583825 0.00765602 0.05653808 0.01305674 0.02351256 0.02767046 -0.03558186 -0.00135947 -0.01995561 -0.07820471 -0.08779869 -0.05139725 0.01639958 -0.01392530 0.00092910 -0.12532397 -0.00777325 0.08013263 0.08295905 0.06532097 0.10269151 -0.00306475 0.04116342 -0.07469001 0.06220785 0.08626628 0.01277302 0.01005094 0.02133388 -0.01758479 -0.02339167 -0.19297671 -0.04251256 0.11573514 -0.01227380 0.07197471 -0.06195066
0.22210900 0.21178242 0.34485240 1.00000000 0.21155767 0.04266354 0.28688668 0.20168137 0.22611229 0.24955989 0.24152918 0.10761151 0.14262440 0.03222141 -0.01395432 0.02628770 0.10801833 0.09943264 0.03904082 -0.10953857 0.03900652 -0.12975934 -0.01874077 0.05299552 -0.00760927 -0.01819024 -0.08940213 0.06231881 -0.00422170 0.06869613 0.09585526 0.01657775 0.05337441 -0.00758185 0.10449098 -0.01047015 0.01578644 0.01750255 0.14273284 0.07571790 0.10498052 -0.03354017 0.07816163 -0.00821852 -0.08164548 0.13191195 0.09216199 0.10485047 -0.00802111 -0.00155740 -0.03197828 0.00392349 -0.03651402 0.06244503 -0.07784055 -0.01648572 -0.11340777 -0.00009579 0.18890194 0.11709714 0.10508295 0.04611224 0.02433991 0.04809942 -0.09065363 -0.00868105 0.03125708 0.06052077 -0.01506157 0.05087987 0.04652339 0.03672663 -0.03479854 -0.02031322 0.09971564 0.02419549 0.10108832 0.04644417
0.04663074 0.17893123 0.24796797 0.21155767 1.00000000 0.24507676 0.10850222 0.22151171 0.16780779 0.21510638 0.02823724 0.15308772 0.10187534 0.08608674 0.00269457 0.01221779 0.01354182 0.01491198 0.05854161 0.01650188 -0.01746615 0.03467546 0.03827896 0.04132573 0.04137225 -0.00228082 -0.03649231 -0.02917671 0.04723597 0.03588819 0.03781564 -0.06155680 0.00507836 -0.06575970 0.01306364 0.00996577 0.06916002 0.03538813 0.02558086 0.04379549 0.05554599 -0.02984567 -0.03471996 0.03468731 0.01083165 0.01438237 0.01903495 0.06425406 0.02536369 0.03768531 0.07788464 -0.04447639 0.00203045 -0.06742666 0.03286055 -0.07515677 -0.05910018 -0.02872553 0.03969848 0.00440875 0.00638705 -0.03292478 -0.07987254 -0.00291432 -0.04518474 -0.04388543 -0.07430685 -0.01933110 -0.04258569 -0.00994009 -0.03366821 -0.06323128 0.00755851 -0.04866586 -0.01305834 -0.03599208 0.01736109 -0.04567108
0.35708031 0.26503244 0.19588540 0.04266354 0.24507676 1.00000000 0.18232026 0.18073148 0.14764870 0.12644677 0.17687718 0.23654335 0.18103907 0.03185134 -0.00099059 0.06491146 0.02667071 -0.03448442 0.02713920 0.02895425 -0.05581380 0.00862851 0.08518009 0.05143199 0.05050851 -0.03135903 0.07177739 0.05112077 0.11078671 0.09610605 0.02290489 0.08253343 0.08972240 -0.00088593 0.08336343 0.03565619 0.07917089 0.08862181 0.10199307 -0.00453807 -0.00309422 -0.00435949 -0.08089375 0.07214306 0.00936795 -0.05162546 -0.05670884 -0.09810535 0.02382065 -0.03823213 -0.06228176 -0.04223547 0.03428763 -0.08342800 0.01553239 0.00553303 -0.06292402 -0.01132279 -0.03811995 0.03247164 -0.06624737 0.02705859 0.05073786 0.07515790 -0.06861474 0.02794969 0.02763731 -0.01365738 0.06843297 0.00564587 0.01431834 0.03745857 -0.02366175 -0.01805793 0.04291764 -0.03347634 0.01555449 0.01920090
0.24824031 0.36202284 0.20755698 0.28688668 0.10850222 0.18232026 1.00000000 0.30114555 0.19430594 0.15969706 0.14425573 0.14252315 0.21140487 0.00276597 0.06141990 0.01977595 0.11758746 0.06398634 0.01869548 -0.05813956 0.07634591 -0.06421761 0.01211190 0.11216924 0.00445076 -0.02209355 -0.02289574 0.02797325 -0.00438502 0.04529487 0.07288188 -0.02204988 0.05981357 -0.02158737 0.14686264 -0.06321992 -0.01742661 -0.07919867 0.09971941 -0.02343689 0.07815808 -0.00374354 0.03103263 0.06645192 -0.03984007 0.05338410 0.09434992 0.00426155 0.06316376 0.01072267 -0.11931698 -0.05374363 -0.06057556 0.12530902 0.01922139 0.00708384 -0.00449760 0.01185822 0.15804243 0.07871196 0.12568114 0.09965534 0.09364965 0.10796220 -0.01948806 -0.04528211 0.03823080 0.05468037 -0.13539574 0.04934847 0.01983381 0.01533195 -0.00183674 -0.02181297 0.07055696 -0.03869933 0.05405166 0.02428972
0.25312342 0.08975851 0.27176981 0.20168137 0.22151171 0.18073148 0.30114555 1.00000000 0.20748249 0.23755085 0.14040797 0.19562195 0.26175654 0.06860558 0.07822102 0.00162534 0.04810028 0.00031865 -0.02126524 -0.05815206 0.01839931 -0.01313322 0.01911369 0.01626900 -0.01542272 0.04806124 -0.02095742 0.00559956 -0.01632499 -0.00794109 0.02429346 -0.04721493 0.01124092 -0.00487438 0.08339289 -0.06217796 -0.01151927 0.00202705 0.06624360 0.04915180 -0.04371982 -0.05231403 0.08326900 0.06461617 0.01734932 0.06365314 0.12579761 0.05763078 0.13287283 0.03213788 -0.06542535 -0.01344912 0.00007621 -0.01045502 -0.00903676 -0.00988306 -0.08839657 -0.01027040 0.05687185 0.08835913 0.05971397 0.06991064 0.03708651 0.05232378 -0.11541570 -0.02702933 0.05299546 0.03004736 -0.12207986 0.06154478 0.06264043 -0.00317636 0.01802611 0.00337150 0.03173649 0.00996456 0.08210975 0.06190686
0.17261768 0.20688687 0.16347579 0.22611229 0.16780779 0.14764870 0.19430594 0.20748249 1.00000000 0.23080831 0.24460216 0.24349873 0.07886440 0.06071365 0.03181788 -0.05858038 0.07800193 0.08755258 0.05398500 -0.09453735 0.01782251 -0.00191162 0.00538913 0.07727358 -0.02974626 -0.00487726 0.00315438 0.00424946 0.02992199 0.03954461 0.10997064 -0.00838761 0.03894906 0.03996612 0.05195227 -0.02858295 -0.04691265 -0.00465588 0.07271902 0.04146570 0.09001488 -0.00980772 0.08195537 0.08686441 0.12790519 0.10618145 0.02609346 0.03668124 0.02900175 0.01352835 -0.05943834 0.00066787 -0.04189997 0.09314489 0.02452703 0.00756739 0.02796756 0.03214231 0.01814735 0.00258972 0.02028123 0.07359344 -0.00405311 0.06304592 -0.03298640 -0.01839243 -0.00518800 0.09535031 -0.02473903 0.00306372 0.11992100 -0.03871813 -0.00708757 -0.00453065 0.09869826 0.02588366 0.07835068 0.10518533
0.13646083 0.12589131 0.22612400 0.24955989 0.21510638 0.12644677 0.15969706 0.23755085 0.23080831 1.00000000 0.12564716 0.17317102 -0.01031119 0.06749625 0.04819763 -0.00907040 0.10330123 0.05335174 0.04635977 0.01210185 0.08129928 -0.02827472 0.10288884 0.08138959 0.05996333 0.10678354 0.00752857 0.06618052 0.02810409 0.02393920 0.10674173 -0.01038690 0.05545996 0.02099774 0.03184732 -0.01452777 0.07793228 0.00234420 0.00692638 0.01271288 -0.00734870 -0.03234671 0.00980451 -0.01725296 0.05687714 0.00155956 0.03532357 -0.10905596 -0.04008113 -0.00014070 -0.02297287 -0.04424825 0.07065309 -0.00742583 -0.08664975 -0.11266368 0.04806090 0.04287786 0.00810681 0.06122924 0.04080360 -0.01551430 0.05138666 0.10912843 0.00033246 -0.05083846 0.04861816 0.03442426 -0.02768347 -0.00800413 0.04400402 -0.05018524 0.01224487 0.00517131 -0.00915158 0.01482418 0.06912631 0.06559158
0.21244546 0.13953176 0.26817194 0.24152918 0.02823724 0.17687718 0.14425573 0.14040797 0.24460216 0.12564716 1.00000000 0.14379548 0.15672429 -0.09137027 0.03447303 0.01205764 0.02901241 0.01000266 -0.03207813 -0.06190825 -0.06735267 -0.00189115 0.04601352 -0.00601446 -0.02900029 -0.00137927 -0.00582115 -0.03890557 -0.02173532 0.09848476 0.01981638 0.00773683 0.08305131 0.03113176 -0.04584926 0.06158902 0.03347521 0.08330002 0.01579594 0.04840136 0.04434530 0.02462856 0.09711571 -0.02719293 0.01295462 0.04999374 0.05742989 -0.04052515 -0.03068527 0.02309555 -0.08971968 -0.03459694 -0.04702978 0.02528697 0.04207263 0.09482427 -0.05775485 0.02148627 0.01869005 0.07315197 0.10228766 0.12360478 0.00865717 0.04077789 -0.06568789 -0.01662200 0.06644440 -0.00170367 0.02897788 0.03198199 0.07445847 0.03160747 -0.05740763 -0.02977274 0.13925875 0.04806365 0.08385274 0.06879270
0.18696314 0.19926651 0.14468559 0.10761151 0.15308772 0.23654335 0.14252315 0.19562195 0.24349873 0.17317102 0.14379548 1.00000000 0.24242458 0.00226109 0.05209410 -0.05483889 -0.01106755 0.01302989 0.03170025 0.04182561 -0.00119590 -0.00920767 0.03144988 0.03405979 -0.01080715 0.00657215 -0.00938477 0.02242359 0.02804872 0.00338986 0.06484238 -0.01987409 0.05953574 -0.06228524 -0.00819762 -0.02229535 -0.00206889 0.04783225 0.06993455 -0.01918444 0.08205865 -0.07944518 -0.04703575 0.04520732 0.02255831 0.07485155 -0.03690585 0.01882283 0.04195598 0.07115591 0.00147560 -0.07105089 -0.01817650 -0.01245450 -0.08763302 -0.09277804 -0.06217524 -0.04868374 -0.06772599 -0.07408994 -0.04909960 -0.02459727 -0.10112956 -0.01734552 -0.01426277 0.00830244 -0.08888928 -0.00703154 -0.05485698 0.03611102 -0.01660376 -0.03159512 -0.01136006 -0.07016024 -0.05031393 0.05151698 -0.02348723 -0.06246766
0.23682322 0.27819606 0.18737147 0.14262440 0.10187534 0.18103907 0.21140487 0.26175654 0.07886440 -0.01031119 0.15672429 0.24242458 1.00000000 -0.00610558 -0.02344894 0.07018106 0.05827188 0.09456231 -0.02515027 -0.07162917 0.00076834 -0.04069887 0.07443100 0.01539773 0.02653726 -0.02977275 -0.07052839 -0.01148284 0.01289977 0.05543476 0.05983592 -0.08059873 0.06828867 -0.05210202 0.06218720 -0.07088069 0.06295000 -0.04877028 0.08373126 -0.02331625 0.11910085 -0.06696077 0.02441111 0.06075140 -0.06240293 0.06033979 0.06388734 0.07125025 0.09099971 0.00567967 -0.08641249 -0.02955201 -0.02602339 0.00236052 0.03529534 -0.03869387 -0.08375567 -0.02199537 0.09213519 0.05769866 0.06617128 0.02457224 -0.00532963 0.03482182 -0.08994618 0.03200936 0.04292353 0.04713279 -0.00881961 0.08035602 0.02849498 0.04038946 -0.08848534 -0.04861101 0.07132807 0.02901593 0.06512475 -0.01545284
0.03823800 0.02741854 0.06221593 0.03222141 0.08608674 0.03185134 0.00276597 0.06860558 0.06071365 0.06749625 -0.09137027 0.00226109 -0.00610558 1.00000000 0.00818543 0.00773802 0.19691443 0.10082725 0.23236486 0.26679367 0.12685403 0.16967228 0.20254790 0.16779980 0.20630929 0.14408800 0.01307479 0.03597239 0.06793330 -0.02353560 -0.02669691 0.02823428 -0.08484757 -0.00647344 -0.00774771 0.00048068 -0.04239788 0.03059468 0.01103185 -0.00529744 -0.00860497 0.01509854 -0.01717252 -0.01636674 -0.07198289 0.00623118 0.01519212 -0.06031634 -0.01873369 0.04767666 -0.00334980 0.04457034 -0.02476303 -0.09235220 -0.03216871 -0.04272179 0.05951521 -0.03006053 -0.00679683 0.00059335 -0.08509291 0.02021727 -0.09249083 -0.03004166 -0.05634555 -0.00072935 -0.03582539 0.00929844 -0.05537057 0.09265043 -0.04955938 0.07675159 0.09081453 0.05659303 -0.04229575 0.08650043 -0.00951995 0.04684331
0.00058461 -0.08415594 0.00403020 -0.01395432 0.00269457 -0.00099059 0.06141990 0.07822102 0.03181788 0.04819763 0.03447303 0.05209410 -0.02344894 0.00818543 1.00000000 0.13212692 0.28912966 0.18863991 0.23265663 0.12292087 0.22600586 0.24314653 0.13495022 0.23651235 0.23544196 0.31223476 0.05450308 0.00848128 0.05463893 0.04743028 0.09035265 0.09366232 0.03015127 0.00153329 0.02583468 0.04229273 -0.00154044 0.09227024 -0.04249894 -0.04628576 -0.02997175 0.06523166 0.05252726 -0.04133891 0.03772511 0.08971469 0.08120060 -0.00025112 0.01861341 -0.02925810 -0.10624650 0.02540550 0.02357637 0.00916187 -0.00843507 0.04749272 0.09024062 0.01830903 0.08377781 0.02683929 0.04994027 0.11028223 0.05578893 0.03430816 0.02855610 0.03311505 0.04720448 0.02424017 0.02496622 0.10127723 0.07982392 -0.00038963 -0.00791760 -0.04256340 0.08419587 0.05955515 0.02937602 0.00314243
0.05571301 0.05158394 0.07529971 0.02628770 0.01221779 0.06491146 0.01977595 0.00162534 -0.05858038 -0.00907040 0.01205764 -0.05483889 0.07018106 0.00773802 0.13212692 1.00000000 0.25003441 0.25625578 0.25276115 0.16824581 0.17023484 0.14590296 0.31942254 0.27721827 0.20222422 0.11991305 0.05597435 -0.04475981 0.01280404 0.11442218 0.03756358 0.02943364 0.09799628 0.10499006 0.02522234 0.05811578 0.03658187 -0.00001482 -0.00137216 0.01707880 0.09498624 0.03201227 0.10222972 0.05509804 0.07880899 0.10724860 0.05557771 -0.05228774 -0.03003308 0.03883420 -0.17078692 0.05174950 0.06135239 -0.00592884 -0.01708327 0.06363366 -0.02800986 0.00523839 0.03631672 0.02005090 -0.00946195 0.09463861 0.15428885 0.05807798 -0.02670181 0.06108658 0.15435779 0.11968885 0.09904113 -0.00574744 0.08206540 0.09666574 -0.04768221 0.02107295 0.11079153 0.05348837 0.02060956 -0.02367857
0.12075309 0.04570366 0.03570861 0.10801833 0.01354182 0.02667071 0.11758746 0.04810028 0.07800193 0.10330123 0.02901241 -0.01106755 0.05827188 0.19691443 0.28912966 0.25003441 1.00000000 0.19574084 0.20609919 0.16087535 0.21295873 0.16034731 0.27418775 0.22832637 0.16124921 0.19669011 0.00628054 0.01297720 0.00660472 -0.01136417 0.03092442 0.05940993 0.07471073 -0.00823972 0.00243026 0.01285212 0.07395302 -0.01512299 0.04473696 0.03334968 0.07507834 -0.01169572 0.13919808 0.13838326 0.01463074 0.08317575 0.15576801 0.00499706 0.07623992 -0.00056162 -0.01816045 0.05858826 -0.02728682 -0.09415654 -0.00683215 0.01627040 0.07258921 -0.01418163 -0.00498111 0.00434772 0.01271656 0.08805694 0.02287790 0.02741404 -0.05896014 -0.02019881 0.01656808 0.07026080 -0.02342724 0.01377384 0.05783343 -0.02703093 0.00646989 0.00936134 0.02814834 0.01352590 0.03724285 0.04176751
0.01579516 0.15152545 0.09833655 0.09943264 0.01491198 -0.03448442 0.06398634 0.00031865 0.08755258 0.05335174 0.01000266 0.01302989 0.09456231 0.10082725 0.18863991 0.25625578 0.19574084 1.00000000 0.28267867 0.03809978 0.09574154 0.13118518 0.24200441 0.15825177 0.25845784 0.22372432 -0.07896103 -0.01576104 0.00141233 0.14300993 0.04956600 -0.01777251 0.02875501 -0.05848819 0.01067924 0.00973744 0.00696131 -0.01689449 -0.03608414 0.06544462 0.19113503 0.16606675 0.02867688 0.11325398 0.05776027 0.19469866 0.11803713 0.05845855 0.06612657 0.06693558 -0.04508500 0.09422404 0.01344229 0.07031760 -0.04036059 -0.04690240 -0.03344028 -0.08397772 0.16028900 0.06177490 0.08639414 0.10341693 0.09249696 0.03235995 -0.07793949 0.04669529 0.11206682 0.11728228 -0.00380141 0.07123660 0.18026839 0.02540270 -0.00834085 -0.04564695 0.12744300 0.07843570 0.05113498 0.05154291
0.03450483 0.11836578 0.01959512 0.03904082 0.05854161 0.02713920 0.01869548 -0.02126524 0.05398500 0.04635977 -0.03207813 0.03170025 -0.02515027 0.23236486 0.23265663 0.25276115 0.20609919 0.28267867 1.00000000 0.18078814 0.18317465 0.15207503 0.18271918 0.22231608 0.13646145 0.17914420 0.00142295 0.10590412 0.04710377 0.13541711 0.06990902 0.08015900 0.04923566 -0.00877944 0.03861846 0.03067474 0.01270666 0.04097492 0.01520979 -0.02892438 0.13649460 0.04449702 0.00623448 0.02046033 -0.05869978 0.08947140 0.05365412 0.00091958 -0.00021019 -0.04200416 -0.07259605 0.02027458 0.00639655 -0.01684687 0.01785433 -0.02686906 -0.02906903 -0.08940603 0.04207879 -0.04399614 0.10479552 0.07827138 0.03236880 -0.03685406 -0.04862761 0.06823558 0.02653822 0.02990331 0.03507833 0.13566794 0.03994406 0.07408379 0.06796141 -0.08984398 0.06228461 0.07989592 0.03434371 0.02701120
0.00364005 -0.04403846 -0.07161227 -0.10953857 0.01650188 0.02895425 -0.05813956 -0.05815206 -0.09453735 0.01210185 -0.06190825 0.04182561 -0.07162917 0.26679367 0.12292087 0.16824581 0.16087535 0.03809978 0.18078814 1.00000000 0.12812359 0.33872054 0.14627560 0.14315068 0.18817622 0.17110761 0.05125384 0.01518584 0.01125779 -0.01367148 -0.00367466 0.03577485 -0.03217308 -0.03546752 -0.03818289 -0.02692073 -0.03016303 0.05409120 -0.05203519 -0.04387959 -0.01861904 -0.08717786 -0.00904616 -0.02778725 0.02739596 -0.04888354 0.00167583 -0.06593352 0.05357813 -0.03835091 0.02608316 -0.01117313 0.01443425 -0.04698692 0.01284938 0.02556658 0.06586175 -0.01077606 -0.14724938 -0.02800052 -0.10143344 -0.00212266 -0.03555568 -0.01136458 0.05885975 -0.03211340 -0.04208595 -0.03019208 -0.05457073 0.00110482 -0.06342138 0.05906480 0.03443951 -0.01843044 -0.09432944 0.03532218 -0.11152350 0.05206737
-0.00957672 0.02684981 0.04756841 0.03900652 -0.01746615 -0.05581380 0.07634591 0.01839931 0.01782251 0.08129928 -0.06735267 -0.00119590 0.00076834 0.12685403 0.22600586 0.17023484 0.21295873 0.09574154 0.18317465 0.12812359 1.00000000 0.11357757 0.21816893 0.30883174 0.21371337 0.15670111 -0.05848435 -0.08134640 -0.02458123 -0.04221928 0.03062491 -0.04280162 -0.08331027 -0.07487747 0.00687891 -0.05100160 -0.07139621 -0.01070496 -0.07482255 -0.04674371 0.02514275 0.00787195 0.03911146 0.01281504 0.04523902 0.00236004 -0.00939341 0.00487521 -0.04844926 0.04532370 -0.00082669 0.01399622 -0.02038896 -0.03207878 -0.04581478 -0.04821106 -0.03102067 -0.07124634 0.00920505 -0.07315965 -0.05915105 -0.06716247 -0.07835154 -0.02228325 -0.01986893 0.01422952 -0.01304736 0.03952302 -0.04329580 -0.00767334 -0.07086491 0.00079770 -0.00091477 0.01534939 0.01665068 0.00217699 -0.02944685 -0.00673514
-0.02808634 -0.11166964 -0.07501144 -0.12975934 0.03467546 0.00862851 -0.06421761 -0.01313322 -0.00191162 -0.02827472 -0.00189115 -0.00920767 -0.04069887 0.16967228 0.24314653 0.14590296 0.16034731 0.13118518 0.15207503 0.33872054 0.11357757 1.00000000 0.20347971 0.07525509 0.21632779 0.00465800 -0.00321400 -0.06916779 0.00312823 -0.00753477 -0.05035560 0.05783996 -0.05046398 0.02732553 -0.06524262 -0.00237435 -0.04846770 0.00996333 -0.09283610 -0.09282636 -0.04077118 -0.00311780 0.01116797 -0.02151155 -0.05088687 -0.11058855 -0.01909786 -0.08473983 -0.00813895 0.07033932 0.05672710 0.07412601 -0.02003080 -0.07023786 0.03893548 -0.02714069 0.03283645 -0.07680489 -0.10201062 -0.08583865 -0.05651065 -0.04101567 -0.04711113 -0.01983196 -0.02864867 -0.01373021 -0.05485762 -0.10690239 -0.00057434 0.11736766 -0.06978534 0.01906204 0.01714834 -0.00442960 -0.08294941 -0.05931158 -0.13317111 0.05796141
0.13242784 0.07096089 0.08065448 -0.01874077 0.03827896 0.08518009 0.01211190 0.01911369 0.00538913 0.10288884 0.04601352 0.03144988 0.07443100 0.20254790 0.13495022 0.31942254 0.27418775 0.24200441 0.18271918 0.14627560 0.21816893 0.20347971 1.00000000 0.28874739 0.32697981 0.02376860 0.08829340 -0.03412082 0.08679183 0.12250442 0.03821177 0.01097230 0.06202035 0.05617120 -0.03524114 0.00659245 0.00876609 0.02227432 0.00939300 -0.00314714 0.04026382 0.09621897 0.05729036 0.10176519 0.06019585 0.02610466 0.01886929 -0.11668063 0.00973948 0.03503975 -0.13539532 0.05802268 0.08208994 -0.14770072 -0.03456421 0.05175593 -0.00548311 0.00567279 0.00908322 0.00815074 -0.05924046 0.13360036 0.02619590 -0.01067260 -0.05350853 0.09087205 0.09493026 0.07585534 0.03061526 0.06940707 0.02347997 0.12246428 0.04511865 -0.00178424 0.06919049 0.14305306 0.06445182 0.01867416
0.04123944 0.15708955 0.08095567 0.05299552 0.04132573 0.05143199 0.11216924 0.01626900 0.07727358 0.08138959 -0.00601446 0.03405979 0.01539773 0.16779980 0.23651235 0.27721827 0.22832637 0.15825177 0.22231608 0.14315068 0.30883174 0.07525509 0.28874739 1.00000000 0.20806037 0.16249967 0.02480615 -0.05200122 0.02804653 0.07087371 0.08720412 -0.02660289 0.02363467 -0.02957071 -0.00088200 0.05967871 0.00869263 0.05442232 -0.03367124 -0.00622903 0.03863816 0.05894273 0.13962158 0.04618636 0.02825673 0.12580431 0.09046655 0.00562944 0.09838726 0.00230297 -0.07777851 0.01146454 0.00540140 -0.06211461 0.00268612 -0.03224431 0.05147423 -0.01885324 0.04521241 -0.04630465 -0.05506018 0.11413070 -0.02585906 0.00808647 0.04148313 0.03524515 0.03661927 0.06739063 -0.03692888 0.08672238 0.02807131 -0.00310633 0.03557775 -0.00854805 0.02019141 0.04933359 0.05520254 0.02669005
0.01884964 0.04361261 0.08644940 -0.00760927 0.04137225 0.05050851 0.00445076 -0.01542272 -0.02974626 0.05996333 -0.02900029 -0.01080715 0.02653726 0.20630929 0.23544196 0.20222422 0.16124921 0.25845784 0.13646145 0.18817622 0.21371337 0.21632779 0.32697981 0.20806037 1.00000000 0.16807822 -0.01391602 -0.07906526 0.03194843 0.06574108 0.05477798 -0.00233714 -0.02187589 -0.11726025 -0.04985541 0.01419442 -0.01529328 -0.00701264 -0.08372124 0.04351507 0.04489625 0.05080040 0.01507802 0.08978963 0.03590607 -0.05664690 0.06281375 -0.06993125 -0.02428337 0.03572430 -0.08128949 0.03564788 0.05011909 -0.12525096 -0.05163528 -0.00008966 0.07634023 -0.02526910 0.06507946 0.00370123 -0.09869627 0.04183815 -0.11176863 -0.00040380 -0.01672841 0.10278386 0.02260794 0.07913670 0.04668126 0.06355367 0.05779966 0.01715744 0.04962287 0.04230939 0.03339764 0.11408758 -0.02338643 -0.07764747
-0.01666254 -0.03515727 0.07854521 -0.01819024 -0.00228082 -0.03135903 -0.02209355 0.04806124 -0.00487726 0.10678354 -0.00137927 0.00657215 -0.02977275 0.14408800 0.31223476 0.11991305 0.19669011 0.22372432 0.17914420 0.17110761 0.15670111 0.00465800 0.02376860 0.16249967 0.16807822 1.00000000 0.03712483 -0.02147904 -0.09151236 0.01529980 0.06043143 -0.01332815 -0.05794852 -0.04907894 -0.05840153 -0.01923244 0.04361371 -0.00958273 -0.06036046 0.02960927 -0.00031755 0.03078760 0.12075405 -0.01000203 0.09205142 0.13905959 0.06992181 0.02738633 0.00078018 0.02766753 -0.01111087 -0.01527096 0.08539011 -0.01896730 -0.04328983 0.01282126 0.07074935 0.04040528 0.09282710 0.05004083 -0.02895140 0.11255743 0.06318102 -0.00111833 0.02473100 -0.03840178 0.03132058 0.06715592 -0.03484295 0.03248585 0.10146214 -0.01222436 -0.03513893 -0.02521358 0.10960556 0.10553915 0.01211546 -0.01670743
-0.00269931 -0.06777478 -0.02841133 -0.08940213 -0.03649231 0.07177739 -0.02289574 -0.02095742 0.00315438 0.00752857 -0.00582115 -0.00938477 -0.07052839 0.01307479 0.05450308 0.05597435 0.00628054 -0.07896103 0.00142295 0.05125384 -0.05848435 -0.00321400 0.08829340 0.02480615 -0.01391602 0.03712483 1.00000000 0.09279033 0.09461923 0.25557434 0.25908994 0.28037340 0.25578288 0.27589646 0.21307773 0.15347487 0.23087706 0.18225125 0.10408592 -0.08893320 -0.08067745 0.06343712 0.02146367 0.04627994 0.05375734 0.01498996 0.00769255 0.00324048 0.04708100 0.04491799 -0.10522217 0.01011987 0.00552508 -0.08321028 -0.00219290 0.05829361 0.09182226 -0.01136967 -0.08619287 0.05264165 -0.03594958 0.01694575 0.08725164 0.04599082 -0.00819959 0.02711277 0.07533502 0.04457593 0.03353969 0.00510589 0.00883064 0.06707768 0.04184349 0.09227154 0.03880847 0.06250242 0.01575396 0.08014820
0.01209931 0.09432238 -0.00892860 0.06231881 -0.02917671 0.05112077 0.02797325 0.00559956 0.00424946 0.06618052 -0.03890557 0.02242359 -0.01148284 0.03597239 0.00848128 -0.04475981 0.01297720 -0.01576104 0.10590412 0.01518584 -0.08134640 -0.06916779 -0.03412082 -0.05200122 -0.07906526 -0.02147904 0.09279033 1.00000000 0.15863702 0.21607328 0.20576519 0.25966227 0.29567780 0.13210337 0.23660588 0.15220435 0.19525724 0.25859438 0.27416053 -0.05252558 0.00456007 -0.00533409 -0.04561199 0.01848910 0.07462670 -0.00955263 0.01959760 -0.01128280 0.04343289 -0.04886661 0.01086375 -0.00006586 0.02564808 0.03919583 0.04666384 0.05695818 0.04758273 0.02767565 0.03128788 0.01173138 0.07346789 0.07573193 0.09667821 -0.01896096 -0.02476954 0.02721663 0.03620287 0.01532048 0.04369085 0.02967514 -0.00450153 0.02239993 0.06986360 0.00797019 0.01518555 -0.03037171 0.03793101 0.01339849
0.00331912 0.07919039 0.01756565 -0.00422170 0.04723597 0.11078671 -0.00438502 -0.01632499 0.02992199 0.02810409 -0.02173532 0.02804872 0.01289977 0.06793330 0.05463893 0.01280404 0.00660472 0.00141233 0.04710377 0.01125779 -0.02458123 0.00312823 0.08679183 0.02804653 0.03194843 -0.09151236 0.09461923 0.15863702 1.00000000 0.18716057 0.18051647 0.28144688 0.10931333 0.17754050 0.22818299 0.23049179 0.22277535 0.22961706 0.14272540 -0.03614077 0.05666142 0.09316423 -0.09479124 0.01713627 0.06629152 0.02775016 -0.03472874 -0.07853952 -0.02304555 -0.02232090 -0.05192235 0.01098056 -0.10612769 -0.06842126 0.02976116 -0.04090159 0.00745008 -0.03034928 0.01918596 0.03329140 0.02210753 0.01506467 0.00267578 -0.00009352 -0.10033589 0.04909315 0.01578859 -0.01483584 -0.02583824 -0.00463461 -0.01508072 -0.03538768 -0.02369781 -0.06133345 0.04275469 0.05089867 -0.01836006 0.01598932
0.06911044 0.17083386 0.13751000 0.06869613 0.03588819 0.09610605 0.04529487 -0.00794109 0.03954461 0.02393920 0.09848476 0.00338986 0.05543476 -0.02353560 0.04743028 0.11442218 -0.01136417 0.14300993 0.13541711 -0.01367148 -0.04221928 -0.00753477 0.12250442 0.07087371 0.06574108 0.01529980 0.25557434 0.21607328 0.18716057 1.00000000 0.29159732 0.19263306 0.21705755 0.17087459 0.26922442 0.17387942 0.29591420 0.23776809 0.10478938 -0.03920635 0.06660950 0.06018584 0.03797873 0.04663159 0.03374778 0.08637115 0.01446657 0.01290600 -0.02328641 0.00121485 -0.08848912 0.03107616 0.03138830 0.07677761 0.05091549 0.06766960 0.00441894 0.00518501 0.14528055 0.05566917 0.05590758 0.11168119 0.17291531 0.07279940 -0.03045214 0.12180477 0.11399539 0.14666817 0.09441338 0.08947316 0.11792751 0.02764850 -0.01236052 0.02970710 0.19950416 0.10870224 0.09645303 0.00367543
0.05994266 0.19175161 0.02386084 0.09585526 0.03781564 0.02290489 0.07288188 0.02429346 0.10997064 0.10674173 0.01981638 0.06484238 0.05983592 -0.02669691 0.09035265 0.03756358 0.03092442 0.04956600 0.06990902 -0.00367466 0.03062491 -0.05035560 0.03821177 0.08720412 0.05477798 0.06043143 0.25908994 0.20576519 0.18051647 0.29159732 1.00000000 0.17418184 0.25345603 0.17802411 0.26738541 0.25596923 0.29315190 0.24214897 0.19795789 -0.01900965 0.03535648 0.03875468 0.07156590 0.09026645 0.00706979 0.15561192 0.07911467 0.07596472 -0.00431339 0.01789560 -0.12232069 0.04100184 -0.00002363 0.04073077 -0.05123857 0.06804012 0.02511645 0.00510765 0.09585469 0.03827481 -0.01960172 0.13446244 0.09283704 0.06870385 -0.00020465 -0.02745579 0.10883443 0.07582912 -0.00053371 -0.01197741 0.09358010 -0.06120516 -0.06034471 -0.03032434 0.18097616 0.18059924 0.14148697 0.03507625
0.04740846 -0.01824985 -0.01773759 0.01657775 -0.06155680 0.08253343 -0.02204988 -0.04721493 -0.00838761 -0.01038690 0.00773683 -0.01987409 -0.08059873 0.02823428 0.09366232 0.02943364 0.05940993 -0.01777251 0.08015900 0.03577485 -0.04280162 0.05783996 0.01097230 -0.02660289 -0.00233714 -0.01332815 0.28037340 0.25966227 0.28144688 0.19263306 0.17418184 1.00000000 0.26045466 0.20986297 0.23030996 0.29395553 0.27186013 0.30933935 0.33046543 -0.02839034 0.01661420 0.04533227 -0.00369155 0.02941493 0.06454610 0.08531218 0.06941357 0.03275653 0.03531418 -0.01474777 -0.01790743 0.02772022 -0.03800688 -0.05382226 0.05860547 0.02710099 0.06350645 -0.02675274 0.03102586 0.09701045 0.01795122 0.10638106 0.08539689 0.01520122 -0.06758668 -0.02084199 0.05703443 -0.06166742 0.05591906 -0.01123149 0.00228936 -0.00826461 -0.05155892 0.02009894 -0.02216953 0.02204468 -0.01390938 0.04658286
0.09657186 0.09129743 0.01020099 0.05337441 0.00507836 0.08972240 0.05981357 0.01124092 0.03894906 0.05545996 0.08305131 0.05953574 0.06828867 -0.08484757 0.03015127 0.09799628 0.07471073 0.02875501 0.04923566 -0.03217308 -0.08331027 -0.05046398 0.06202035 0.02363467 -0.02187589 -0.05794852 0.25578288 0.29567780 0.10931333 0.21705755 0.25345603 0.26045466 1.00000000 0.27266995 0.18020933 0.20959441 0.26338698 0.11386426 0.30705355 -0.04474676 0.00564882 0.04977636 -0.01089651 0.07899883 0.08281890 0.05876621 0.06572959 0.00444442 0.03916316 0.04635866 -0.07853513 -0.06385271 0.00772436 -0.01312508 -0.05833065 0.05797349 0.02923783 -0.01246184 0.04897142 0.01648166 0.00977385 0.03084162 0.13244494 0.06739826 -0.00903900 -0.01063635 0.13383872 0.02576448 0.03350155 0.01262791 0.11017303 0.01389616 0.06681760 0.03042681 0.09680733 -0.03203242 0.09956372 0.06807678
0.07116256 -0.05784083 0.03888392 -0.00758185 -0.06575970 -0.00088593 -0.02158737 -0.00487438 0.03996612 0.02099774 0.03113176 -0.06228524 -0.05210202 -0.00647344 0.00153329 0.10499006 -0.00823972 -0.05848819 -0.00877944 -0.03546752 -0.07487747 0.02732553 0.05617120 -0.02957071 -0.11726025 -0.04907894 0.27589646 0.13210337 0.17754050 0.17087459 0.17802411 0.20986297 0.27266995 1.00000000 0.13484017 0.16482921 0.18518340 0.14060253 0.19312223 0.03962419 -0.02534993 0.09329443 0.07982942 0.01284916 0.08721069 0.01325399 0.00293262 -0.05380098 -0.01566826 0.09526768 -0.09463659 0.01769625 0.00415478 -0.02348991 -0.05415270 0.10439979 0.00232447 -0.03449265 0.00170743 0.02552464 -0.00530371 0.05379876 0.08834793 0.03623213 -0.03285453 -0.03045087 0.09762716 0.01661801 -0.01044859 0.03571796 0.02117101 -0.03454754 0.01493904 0.06699667 0.02014635 0.00340263 -0.00031033 0.07093061
0.07105924 0.17734880 0.07379596 0.10449098 0.01306364 0.08336343 0.14686264 0.08339289 0.05195227 0.03184732 -0.04584926 -0.00819762 0.06218720 -0.00774771 0.02583468 0.02522234 0.00243026 0.01067924 0.03861846 -0.03818289 0.00687891 -0.06524262 -0.03524114 -0.00088200 -0.04985541 -0.05840153 0.21307773 0.23660588 0.22818299 0.26922442 0.26738541 0.23030996 0.18020933 0.13484017 1.00000000 0.15257852 0.15661371 0.21006953 0.39639580 0.00573225 0.05978642 -0.03567404 -0.03485635 0.02783449 -0.00934086 0.09553207 0.09238998 0.03770507 -0.01518956 0.01221991 -0.00790560 0.02373107 -0.09559989 0.05163202 0.00386564 -0.04599283 -0.08502366 -0.07373475 0.07610654 0.06246758 0.00076542 -0.03566535 0.06033520 0.00741599 -0.05624958 -0.00566857 0.05521383 0.01554050 -0.04917374 -0.06100904 -0.01350374 0.02591328 0.02473953 -0.03806408 0.12546052 -0.01222360 0.08750321 0.06637438
-0.05325397 0.04170147 0.02411772 -0.01047015 0.00996577 0.03565619 -0.06321992 -0.06217796 -0.02858295 -0.01452777 0.06158902 -0.02229535 -0.07088069 0.00048068 0.04229273 0.05811578 0.01285212 0.00973744 0.03067474 -0.02692073 -0.05100160 -0.00237435 0.00659245 0.05967871 0.01419442 -0.01923244 0.15347487 0.15220435 0.23049179 0.17387942 0.25596923 0.29395553 0.20959441 0.16482921 0.15257852 1.00000000 0.25569385 0.35222979 0.13848995 -0.03982190 0.05263704 0.07707297 -0.01136309 -0.00783394 0.00958537 0.04253409 0.02954677 -0.01359482 -0.02428370 0.06921368 -0.01771628 0.06118816 -0.03121627 -0.10179905 -0.06981562 0.02885406 0.00902104 -0.02197859 -0.02094331 0.05395385 -0.05722842 0.02768016 0.01539127 -0.08127595 -0.04512476 -0.01771367 0.03509106 -0.03701215 0.06761574 0.00986017 0.07187137 -0.02766970 0.03024678 -0.03881477 0.06869589 0.03924081 0.02808542 0.05356612
0.00930922 0.07945567 0.05474198 0.01578644 0.06916002 0.07917089 -0.01742661 -0.01151927 -0.04691265 0.07793228 0.03347521 -0.00206889 0.06295000 -0.04239788 -0.00154044 0.03658187 0.07395302 0.00696131 0.01270666 -0.03016303 -0.07139621 -0.04846770 0.00876609 0.00869263 -0.01529328 0.04361371 0.23087706 0.19525724 0.22277535 0.29591420 0.29315190 0.27186013 0.26338698 0.18518340 0.15661371 0.25569385 1.00000000 0.20217848 0.17150517 -0.03255325 0.02842231 0.07811894 -0.01047505 0.06178710 0.06974664 0.03612544 -0.00064367 -0.01453457 0.00589607 -0.03322151 0.05520472 0.02322527 -0.07006207 -0.01922538 0.03322212 0.02205163 -0.00734864 0.05280869 -0.01323912 0.02512755 -0.02927642 0.08700784 0.09304256 0.03015365 -0.02701186 0.01897977 0.06987211 0.01939924 0.03042702 -0.06619509 0.05646208 -0.05526607 -0.05587115 0.00056731 0.09175733 0.04081023 0.00770457 0.08442880
0.00126460 -0.02193112 0.01118365 0.01750255 0.03538813 0.08862181 -0.07919867 0.00202705 -0.00465588 0.00234420 0.08330002 0.04783225 -0.04877028 0.03059468 0.09227024 -0.00001482 -0.01512299 -0.01689449 0.04097492 0.05409120 -0.01070496 0.00996333 0.02227432 0.05442232 -0.00701264 -0.00958273 0.18225125 0.25859438 0.22961706 0.23776809 0.24214897 0.30933935 0.11386426 0.14060253 0.21006953 0.35222979 0.20217848 1.00000000 0.24951465 -0.00265548 -0.04525299 0.03704255 0.07706809 -0.03945577 -0.03943798 0.09289201 -0.01684055 -0.03549834 0.04947336 0.04544219 -0.07595013 0.04302470 0.02095605 -0.05662058 0.00893119 0.05980994 0.02569846 -0.07801318 -0.01247913 0.00440538 -0.04132734 0.08806487 0.04018190 0.01546717 -0.02284086 0.05790277 0.04080889 0.00112918 0.07689566 0.02319160 0.02770985 0.04365058 0.04172084 -0.01051476 0.05494332 0.07222984 0.05566798 0.06178831
0.05807704 0.08875882 0.07083435 0.14273284 0.02558086 0.10199307 0.09971941 0.06624360 0.07271902 0.00692638 0.01579594 0.06993455 0.08373126 0.01103185 -0.04249894 -0.00137216 0.04473696 -0.03608414 0.01520979 -0.05203519 -0.07482255 -0.09283610 0.00939300 -0.03367124 -0.08372124 -0.06036046 0.10408592 0.27416053 0.14272540 0.10478938 0.19795789 0.33046543 0.30705355 0.19312223 0.39639580 0.13848995 0.17150517 0.24951465 1.00000000 0.01741572 0.02131323 -0.03000998 -0.03320312 -0.00495458 0.03615710 0.13144310 0.11743141 0.05203711 0.09619444 -0.00167612 -0.07067779 -0.03198406 -0.07843051 -0.02289108 0.04600882 0.00454615 -0.05697983 -0.03043467 0.10321609 -0.01078851 0.05827841 0.07917597 0.10340414 0.02884916 -0.08157332 -0.01396516 0.07513917 0.01555754 -0.05529518 0.01630856 -0.01531961 -0.01222131 -0.03970195 -0.01846597 0.04967265 -0.00731252 0.10416560 0.01521191
0.06288415 -0.05966634 0.09818826 0.07571790 0.04379549 -0.00453807 -0.02343689 0.04915180 0.04146570 0.01271288 0.04840136 -0.01918444 -0.02331625 -0.00529744 -0.04628576 0.01707880 0.03334968 0.06544462 -0.02892438 -0.04387959 -0.04674371 -0.09282636 -0.00314714 -0.00622903 0.04351507 0.02960927 -0.08893320 -0.05252558 -0.03614077 -0.03920635 -0.01900965 -0.02839034 -0.04474676 0.03962419 0.00573225 -0.03982190 -0.03255325 -0.00265548 0.01741572 1.00000000 0.19640344 0.14144850 0.17189279 0.09180721 0.22204024 0.15753519 0.18008410 0.11447581 0.13366844 0.13070332 0.10067783 0.18411757 0.05416603 -0.00078975 0.02854472 0.03241174 -0.06799359 0.01664817 0.11380321 0.05038613 0.06181259 0.05583651 0.09106857 0.05749718 -0.01679083 0.01284666 0.05100420 0.01521154 0.00597412 -0.01855675 0.01070356 0.02143141 0.00129999 0.01382549 0.00835137 -0.03900456 0.03909379 0.00141856
0.08373015 0.21234268 0.02429633 0.10498052 0.05554599 -0.00309422 0.07815808 -0.04371982 0.09001488 -0.00734870 0.04434530 0.08205865 0.11910085 -0.00860497 -0.02997175 0.09498624 0.07507834 0.19113503 0.13649460 -0.01861904 0.02514275 -0.04077118 0.04026382 0.03863816 0.04489625 -0.00031755 -0.08067745 0.00456007 0.05666142 0.06660950 0.03535648 0.01661420 0.00564882 -0.02534993 0.05978642 0.05263704 0.02842231 -0.04525299 0.02131323 0.19640344 1.00000000 0.21564649 0.10626798 0.21831985 0.23567088 0.32422672 0.18561840 0.13517951 0.12950778 0.17662091 0.12319176 0.30125575 -0.06751592 0.10684736 -0.07855343 0.01425628 -0.09073239 0.01439664 0.14275478 0.08054453 0.05362443 0.07441232 0.05007937 0.02059427 0.02034874 0.01596577 -0.00468447 0.06139454 -0.03079935 -0.00443682 -0.01541915 -0.00776065 0.00560871 -0.06486686 0.05113898 0.05471063 -0.01527765 -0.03084161
-0.01810539 -0.01554364 -0.02583825 -0.03354017 -0.02984567 -0.00435949 -0.00374354 -0.05231403 -0.00980772 -0.03234671 0.02462856 -0.07944518 -0.06696077 0.01509854 0.06523166 0.03201227 -0.01169572 0.16606675 0.04449702 -0.08717786 0.00787195 -0.00311780 0.09621897 0.05894273 0.05080040 0.03078760 0.06343712 -0.00533409 0.09316423 0.06018584 0.03875468 0.04533227 0.04977636 0.09329443 -0.03567404 0.07707297 0.07811894 0.03704255 -0.03000998 0.14144850 0.21564649 1.00000000 0.16378197 0.24447551 0.20063030 0.22827723 0.15725259 0.02717608 0.16044646 0.27085897 0.01465364 0.18916104 0.06011077 -0.03440625 0.03824147 0.07491812 0.01589137 0.04869818 0.11493746 0.05812094 0.02156837 0.08348638 0.07621586 0.07800484 0.00486666 0.09341014 0.10245751 0.11037104 0.05439562 0.02394613 0.09972471 0.05091215 0.08217880 0.01178233 0.09807176 0.08146712 -0.00910227 0.00441701
0.05011514 -0.03429918 0.00765602 0.07816163 -0.03471996 -0.08089375 0.03103263 0.08326900 0.08195537 0.00980451 0.09711571 -0.04703575 0.02441111 -0.01717252 0.05252726 0.10222972 0.13919808 0.02867688 0.00623448 -0.00904616 0.03911146 0.01116797 0.05729036 0.13962158 0.01507802 0.12075405 0.02146367 -0.04561199 -0.09479124 0.03797873 0.07156590 -0.00369155 -0.01089651 0.07982942 -0.03485635 -0.01136309 -0.01047505 0.07706809 -0.03320312 0.17189279 0.10626798 0.16378197 1.00000000 0.23064822 0.07875375 0.30554737 0.20279802 0.18462240 0.23616775 0.16404267 0.00388580 0.11959355 -0.00106332 0.04783974 0.03866111 0.14974519 0.07284855 0.08359933 0.13740869 0.07749215 0.05907436 0.15833908 0.11211327 0.06713761 -0.01282322 0.00573074 0.07422492 0.14271623 -0.05790312 0.06311405 0.18248223 0.02233360 -0.04040151 0.02126542 0.12396245 0.10355526 0.05595159 0.10569521
0.09802594 0.08019498 0.05653808 -0.00821852 0.03468731 0.07214306 0.06645192 0.06461617 0.08686441 -0.01725296 -0.02719293 0.04520732 0.06075140 -0.01636674 -0.04133891 0.05509804 0.13838326 0.11325398 0.02046033 -0.02778725 0.01281504 -0.02151155 0.10176519 0.04618636 0.08978963 -0.01000203 0.04627994 0.01848910 0.01713627 0.04663159 0.09026645 0.02941493 0.07899883 0.01284916 0.02783449 -0.00783394 0.06178710 -0.03945577 -0.00495458 0.09180721 0.21831985 0.24447551 0.23064822 1.00000000 0.19665434 0.09712399 0.14499515 0.16139346 0.21467414 0.08264990 0.02634817 0.14214769 -0.06201227 -0.00371054 0.05356359 0.09828430 0.01769689 0.02298778 0.01401136 0.01006022 -0.03282749 0.09965571 0.07627526 0.01865806 -0.02878399 0.02084270 0.05858105 0.07555121 0.04992879 -0.00440446 0.07789564 0.01771259 0.03862277 0.01285005 0.06870874 0.04368481 -0.04728513 0.00651620
-0.03760070 -0.04056427 0.01305674 -0.08164548 0.01083165 0.00936795 -0.03984007 0.01734932 0.12790519 0.05687714 0.01295462 0.02255831 -0.06240293 -0.07198289 0.03772511 0.07880899 0.01463074 0.05776027 -0.05869978 0.02739596 0.04523902 -0.05088687 0.06019585 0.02825673 0.03590607 0.09205142 0.05375734 0.07462670 0.06629152 0.03374778 0.00706979 0.06454610 0.08281890 0.08721069 -0.00934086 0.00958537 0.06974664 -0.03943798 0.03615710 0.22204024 0.23567088 0.20063030 0.07875375 0.19665434 1.00000000 0.26175092 0.15478471 0.02837261 0.11963430 0.16605415 0.13407366 0.12451408 -0.00509497 0.00230521 -0.03843112 0.04484504 0.02256445 0.06638009 -0.03471236 0.02835329 -0.06867706 0.12198664 0.09180293 0.00133007 -0.01471260 0.02776765 0.06077276 0.06679073 0.02270096 -0.02019576 0.07562246 0.00384810 0.03195429 -0.02610016 0.03885841 0.00775514 0.04230318 0.01799814
0.05786652 0.11397474 0.02351256 0.13191195 0.01438237 -0.05162546 0.05338410 0.06365314 0.10618145 0.00155956 0.04999374 0.07485155 0.06033979 0.00623118 0.08971469 0.10724860 0.08317575 0.19469866 0.08947140 -0.04888354 0.00236004 -0.11058855 0.02610466 0.12580431 -0.05664690 0.13905959 0.01498996 -0.00955263 0.02775016 0.08637115 0.15561192 0.08531218 0.05876621 0.01325399 0.09553207 0.04253409 0.03612544 0.09289201 0.13144310 0.15753519 0.32422672 0.22827723 0.30554737 0.09712399 0.26175092 1.00000000 0.33963415 0.21972783 0.25534803 0.18197212 -0.01895107 0.13180581 -0.04339787 0.10112037 0.05246145 0.05018410 -0.04596127 0.02003510 0.20272944 0.07288227 0.08048049 0.17991236 0.19245318 0.09550155 -0.01991533 0.02262746 0.07691472 0.11399126 -0.05119194 -0.02148547 0.15810660 -0.00708150 -0.00734064 -0.07050671 0.16914761 0.12044045 0.12124822 0.09695593
0.08779067 0.06051490 0.02767046 0.09216199 0.01903495 -0.05670884 0.09434992 0.12579761 0.02609346 0.03532357 0.05742989 -0.03690585 0.06388734 0.01519212 0.08120060 0.05557771 0.15576801 0.11803713 0.05365412 0.00167583 -0.00939341 -0.01909786 0.01886929 0.09046655 0.06281375 0.06992181 0.00769255 0.01959760 -0.03472874 0.01446657 0.07911467 0.06941357 0.06572959 0.00293262 0.09238998 0.02954677 -0.00064367 -0.01684055 0.11743141 0.18008410 0.18561840 0.15725259 0.20279802 0.14499515 0.15478471 0.33963415 1.00000000 0.19008819 0.34900464 0.11271376 -0.01515399 0.19312556 -0.01864296 -0.01076129 0.01816149 0.03874395 -0.07022501 -0.00420574 0.15807682 0.12943987 0.06889377 0.13782470 0.13194956 0.13230029 -0.07948649 -0.02664934 0.07733686 0.10150457 -0.05524993 0.05152170 0.12120471 0.04366969 0.01536052 -0.02118874 0.10636895 0.00895832 0.13964125 0.15500516
-0.07627634 0.03268900 -0.03558186 0.10485047 0.06425406 -0.09810535 0.00426155 0.05763078 0.03668124 -0.10905596 -0.04052515 0.01882283 0.07125025 -0.06031634 -0.00025112 -0.05228774 0.00499706 0.05845855 0.00091958 -0.06593352 0.00487521 -0.08473983 -0.11668063 0.00562944 -0.06993125 0.02738633 0.00324048 -0.01128280 -0.07853952 0.01290600 0.07596472 0.03275653 0.00444442 -0.05380098 0.03770507 -0.01359482 -0.01453457 -0.03549834 0.05203711 0.11447581 0.13517951 0.02717608 0.18462240 0.16139346 0.02837261 0.21972783 0.19008819 1.00000000 0.18785834 0.14903885 0.17761769 0.09248590 -0.04857992 0.04411863 0.06651545 0.02542862 -0.06471524 0.00444268 0.08610785 -0.00955782 0.05321471 0.09016201 0.04318384 -0.01249995 -0.04102256 -0.04514625 -0.07007308 0.02933270 -0.04118286 -0.01738603 0.00013590 -0.13920656 -0.03829748 -0.00295159 0.06527436 -0.02269383 0.03250884 -0.04506352
0.04808002 0.00393542 -0.00135947 -0.00802111 0.02536369 0.02382065 0.06316376 0.13287283 0.02900175 -0.04008113 -0.03068527 0.04195598 0.09099971 -0.01873369 0.01861341 -0.03003308 0.07623992 0.06612657 -0.00021019 0.05357813 -0.04844926 -0.00813895 0.00973948 0.09838726 -0.02428337 0.00078018 0.04708100 0.04343289 -0.02304555 -0.02328641 -0.00431339 0.03531418 0.03916316 -0.01566826 -0.01518956 -0.02428370 0.00589607 0.04947336 0.09619444 0.13366844 0.12950778 0.16044646 0.23616775 0.21467414 0.11963430 0.25534803 0.34900464 0.18785834 1.00000000 0.13655580 0.03548723 0.07321940 0.03585245 0.00106985 0.02414525 0.08910439 0.01623577 -0.03614085 0.05575393 0.02131907 0.05493415 0.09122183 0.06478332 0.03307031 0.05950780 0.03519916 0.02819324 0.10177374 -0.03916741 0.07504745 0.05997769 0.04946914 0.01489536 -0.03910437 -0.05131429 0.04463800 0.01634912 0.11462372
-0.03413239 -0.03606172 -0.01995561 -0.00155740 0.03768531 -0.03823213 0.01072267 0.03213788 0.01352835 -0.00014070 0.02309555 0.07115591 0.00567967 0.04767666 -0.02925810 0.03883420 -0.00056162 0.06693558 -0.04200416 -0.03835091 0.04532370 0.07033932 0.03503975 0.00230297 0.03572430 0.02766753 0.04491799 -0.04886661 -0.02232090 0.00121485 0.01789560 -0.01474777 0.04635866 0.09526768 0.01221991 0.06921368 -0.03322151 0.04544219 -0.00167612 0.13070332 0.17662091 0.27085897 0.16404267 0.08264990 0.16605415 0.18197212 0.11271376 0.14903885 0.13655580 1.00000000 0.06758277 0.18639458 0.04778123 -0.00869396 -0.02665299 0.03311852 0.00670081 0.00838696 -0.03622416 0.02387462 -0.01655616 -0.03076094 -0.00818654 0.02477228 0.01108728 -0.02617767 -0.07090731 0.00533867 -0.12830907 -0.02625757 -0.03693104 -0.08040305 -0.02206233 0.02171057 -0.07804926 -0.04783936 -0.09657156 0.04425595
-0.08937518 -0.05839763 -0.07820471 -0.03197828 0.07788464 -0.06228176 -0.11931698 -0.06542535 -0.05943834 -0.02297287 -0.08971968 0.00147560 -0.08641249 -0.00334980 -0.10624650 -0.17078692 -0.01816045 -0.04508500 -0.07259605 0.02608316 -0.00082669 0.05672710 -0.13539532 -0.07777851 -0.08128949 -0.01111087 -0.10522217 0.01086375 -0.05192235 -0.08848912 -0.12232069 -0.01790743 -0.07853513 -0.09463659 -0.00790560 -0.01771628 0.05520472 -0.07595013 -0.07067779 0.10067783 0.12319176 0.01465364 0.00388580 0.02634817 0.13407366 -0.01895107 -0.01515399 0.17761769 0.03548723 0.06758277 1.00000000 0.20550469 -0.09110380 0.00515780 -0.02305211 -0.07639694 -0.07930646 -0.03077711 -0.12501494 0.01480387 -0.04867661 -0.08014826 -0.14102234 -0.09742224 -0.05238990 -0.08283051 -0.07452339 -0.12709123 -0.10735253 -0.09399169 -0.15772833 -0.09175042 -0.01854987 -0.03632665 -0.12422739 -0.12987651 -0.15165628 -0.07597270
-0.00113031 -0.03551351 -0.08779869 0.00392349 -0.04447639 -0.04223547 -0.05374363 -0.01344912 0.00066787 -0.04424825 -0.03459694 -0.07105089 -0.02955201 0.04457034 0.02540550 0.05174950 0.05858826 0.09422404 0.02027458 -0.01117313 0.01399622 0.07412601 0.05802268 0.01146454 0.03564788 -0.01527096 0.01011987 -0.00006586 0.01098056 0.03107616 0.04100184 0.02772022 -0.06385271 0.01769625 0.02373107 0.06118816 0.02322527 0.04302470 -0.03198406 0.18411757 0.30125575 0.18916104 0.11959355 0.14214769 0.12451408 0.13180581 0.19312556 0.09248590 0.07321940 0.18639458 0.20550469 1.00000000 0.03793639 0.02078926 -0.06159513 0.09994046 -0.00057531 0.03196570 0.03359183 0.07625129 -0.01225575 0.04209053 0.03702153 0.00713276 0.01006567 -0.03335721 0.00361387 0.01391389 0.00579702 0.04803213 -0.01047897 -0.00212160 -0.03193732 -0.05655681 0.02481214 0.02107796 0.00680444 0.10609986
0.02541325 -0.08093919 -0.05139725 -0.03651402 0.00203045 0.03428763 -0.06057556 0.00007621 -0.04189997 0.07065309 -0.04702978 -0.01817650 -0.02602339 -0.02476303 0.02357637 0.06135239 -0.02728682 0.01344229 0.00639655 0.01443425 -0.02038896 -0.02003080 0.08208994 0.00540140 0.05011909 0.08539011 0.00552508 0.02564808 -0.10612769 0.03138830 -0.00002363 -0.03800688 0.00772436 0.00415478 -0.09559989 -0.03121627 -0.07006207 0.02095605 -0.07843051 0.05416603 -0.06751592 0.06011077 -0.00106332 -0.06201227 -0.00509497 -0.04339787 -0.01864296 -0.04857992 0.03585245 0.04778123 -0.09110380 0.03793639 1.00000000 0.00248888 -0.05132972 0.17092016 0.19317016 0.18310002 0.17495354 0.11726899 0.12266371 0.15362850 0.19499209 0.18602187 0.24751240 0.01588128 0.10136392 0.02821144 0.09263345 0.02453318 0.06926559 0.05293167 0.06189571 -0.00079537 -0.03051122 -0.07925264 0.04498552 0.00577251
0.01649860 0.08877898 0.01639958 0.06244503 -0.06742666 -0.08342800 0.12530902 -0.01045502 0.09314489 -0.00742583 0.02528697 -0.01245450 0.00236052 -0.09235220 0.00916187 -0.00592884 -0.09415654 0.07031760 -0.01684687 -0.04698692 -0.03207878 -0.07023786 -0.14770072 -0.06211461 -0.12525096 -0.01896730 -0.08321028 0.03919583 -0.06842126 0.07677761 0.04073077 -0.05382226 -0.01312508 -0.02348991 0.05163202 -0.10179905 -0.01922538 -0.05662058 -0.02289108 -0.00078975 0.10684736 -0.03440625 0.04783974 -0.00371054 0.00230521 0.10112037 -0.01076129 0.04411863 0.00106985 -0.00869396 0.00515780 0.02078926 0.00248888 1.00000000 0.11080230 0.27610250 0.05710707 0.13688829 0.11780214 0.23795375 0.24994590 0.07772105 0.31811713 0.15756313 0.25880926 -0.00456878 0.03558640 0.05570398 -0.00105088 -0.03211289 0.04004752 -0.02063918 -0.05930295 -0.05207125 0.08783318 0.00994632 0.00109335 -0.00604196
-0.05482769 0.02974557 -0.01392530 -0.07784055 0.03286055 0.01553239 0.01922139 -0.00903676 0.02452703 -0.08664975 0.04207263 -0.08763302 0.03529534 -0.03216871 -0.00843507 -0.01708327 -0.00683215 -0.04036059 0.01785433 0.01284938 -0.04581478 0.03893548 -0.03456421 0.00268612 -0.05163528 -0.04328983 -0.00219290 0.04666384 0.02976116 0.05091549 -0.05123857 0.05860547 -0.05833065 -0.05415270 0.00386564 -0.06981562 0.03322212 0.00893119 0.04600882 0.02854472 -0.07855343 0.03824147 0.03866111 0.05356359 -0.03843112 0.05246145 0.01816149 0.06651545 0.02414525 -0.02665299 -0.02305211 -0.06159513 -0.05132972 0.11080230 1.00000000 0.21737923 0.12447904 0.13923575 0.10874907 0.12118533 0.25869291 0.24368719 0.17720596 0.10051621 0.05327057 0.01956475 0.00592355 0.01228357 0.02117604 -0.01156070 0.04647891 -0.01691318 -0.06029896 -0.01795340 -0.01305020 -0.04120453 -0.07115264 -0.02021819
0.02272281 -0.03248298 0.00092910 -0.01648572 -0.07515677 0.00553303 0.00708384 -0.00988306 0.00756739 -0.11266368 0.09482427 -0.09277804 -0.03869387 -0.04272179 0.04749272 0.06363366 0.01627040 -0.04690240 -0.02686906 0.02556658 -0.04821106 -0.02714069 0.05175593 -0.03224431 -0.00008966 0.01282126 0.05829361 0.05695818 -0.04090159 0.06766960 0.06804012 0.02710099 0.05797349 0.10439979 -0.04599283 0.02885406 0.02205163 0.05980994 0.00454615 0.03241174 0.01425628 0.07491812 0.14974519 0.09828430 0.04484504 0.05018410 0.03874395 0.02542862 0.08910439 0.03311852 -0.07639694 0.09994046 0.17092016 0.27610250 0.21737923 1.00000000 0.13299372 0.13529831 0.12022046 0.20433326 0.13953592 0.25824158 0.13934138 0.12084274 0.18182838 0.02322384 0.10873118 0.03527224 0.06467029 -0.03998705 0.12793243 0.06461636 -0.09067698 -0.09412192 0.09875472 0.07331538 0.00690468 0.03748159
-0.11008878 -0.12019366 -0.12532397 -0.11340777 -0.05910018 -0.06292402 -0.00449760 -0.08839657 0.02796756 0.04806090 -0.05775485 -0.06217524 -0.08375567 0.05951521 0.09024062 -0.02800986 0.07258921 -0.03344028 -0.02906903 0.06586175 -0.03102067 0.03283645 -0.00548311 0.05147423 0.07634023 0.07074935 0.09182226 0.04758273 0.00745008 0.00441894 0.02511645 0.06350645 0.02923783 0.00232447 -0.08502366 0.00902104 -0.00734864 0.02569846 -0.05697983 -0.06799359 -0.09073239 0.01589137 0.07284855 0.01769689 0.02256445 -0.04596127 -0.07022501 -0.06471524 0.01623577 0.00670081 -0.07930646 -0.00057531 0.19317016 0.05710707 0.12447904 0.13299372 1.00000000 0.06118549 0.02458813 0.08731997 0.02158846 0.18437268 0.07845093 0.18094400 0.22045030 -0.07401327 -0.00271410 0.04990647 0.00813311 0.06291846 0.02054610 0.02704656 0.10328931 -0.02431800 -0.01121915 -0.02267054 -0.08972985 -0.00232963
0.00458633 0.00270144 -0.00777325 -0.00009579 -0.02872553 -0.01132279 0.01185822 -0.01027040 0.03214231 0.04287786 0.02148627 -0.04868374 -0.02199537 -0.03006053 0.01830903 0.00523839 -0.01418163 -0.08397772 -0.08940603 -0.01077606 -0.07124634 -0.07680489 0.00567279 -0.01885324 -0.02526910 0.04040528 -0.01136967 0.02767565 -0.03034928 0.00518501 0.00510765 -0.02675274 -0.01246184 -0.03449265 -0.07373475 -0.02197859 0.05280869 -0.07801318 -0.03043467 0.01664817 0.01439664 0.04869818 0.08359933 0.02298778 0.06638009 0.02003510 -0.00420574 0.00444268 -0.03614085 0.00838696 -0.03077711 0.03196570 0.18310002 0.13688829 0.13923575 0.13529831 0.06118549 1.00000000 0.16666443 0.13285710 0.13793777 0.16692900 0.14772744 -0.00115626 0.15301446 -0.01230156 0.08485168 0.09467768 0.06848024 0.00183749 0.10175161 -0.01237388 -0.04942999 0.03287435 0.03683616 0.01356715 -0.00001688 -0.00297548
0.00827641 0.10465616 0.08013263 0.18890194 0.03969848 -0.03811995 0.15804243 0.05687185 0.01814735 0.00810681 0.01869005 -0.06772599 0.09213519 -0.00679683 0.08377781 0.03631672 -0.00498111 0.16028900 0.04207879 -0.14724938 0.00920505 -0.10201062 0.00908322 0.04521241 0.06507946 0.09282710 -0.08619287 0.03128788 0.01918596 0.14528055 0.09585469 0.03102586 0.04897142 0.00170743 0.07610654 -0.02094331 -0.01323912 -0.01247913 0.10321609 0.11380321 0.14275478 0.11493746 0.13740869 0.01401136 -0.03471236 0.20272944 0.15807682 0.08610785 0.05575393 -0.03622416 -0.12501494 0.03359183 0.17495354 0.11780214 0.10874907 0.12022046 0.02458813 0.16666443 1.00000000 0.24957828 0.35809388 0.29229193 0.29185426 0.19394422 0.11596846 0.05785524 0.13793139 0.15498989 -0.00057739 0.11030837 0.10421413 0.01651433 -0.00016055 -0.01803153 0.17406752 0.07869268 0.08701593 0.03141796
0.02872596 0.06495846 0.08295905 0.11709714 0.00440875 0.03247164 0.07871196 0.08835913 0.00258972 0.06122924 0.07315197 -0.07408994 0.05769866 0.00059335 0.02683929 0.02005090 0.00434772 0.06177490 -0.04399614 -0.02800052 -0.07315965 -0.08583865 0.00815074 -0.04630465 0.00370123 0.05004083 0.05264165 0.01173138 0.03329140 0.05566917 0.03827481 0.09701045 0.01648166 0.02552464 0.06246758 0.05395385 0.02512755 0.00440538 -0.01078851 0.05038613 0.08054453 0.05812094 0.07749215 0.01006022 0.02835329 0.07288227 0.12943987 -0.00955782 0.02131907 0.02387462 0.01480387 0.07625129 0.11726899 0.23795375 0.12118533 0.20433326 0.08731997 0.13285710 0.24957828 1.00000000 0.18728181 0.20863624 0.35931649 0.20617316 0.13551522 0.02188071 0.10308489 0.10336928 0.00771316 0.03698844 0.08505917 0.06065041 -0.09312617 -0.02214936 0.10211148 0.02924672 0.07998686 0.09997327
-0.00195465 0.04287740 0.06532097 0.10508295 0.00638705 -0.06624737 0.12568114 0.05971397 0.02028123 0.04080360 0.10228766 -0.04909960 0.06617128 -0.08509291 0.04994027 -0.00946195 0.01271656 0.08639414 0.10479552 -0.10143344 -0.05915105 -0.05651065 -0.05924046 -0.05506018 -0.09869627 -0.02895140 -0.03594958 0.07346789 0.02210753 0.05590758 -0.01960172 0.01795122 0.00977385 -0.00530371 0.00076542 -0.05722842 -0.02927642 -0.04132734 0.05827841 0.06181259 0.05362443 0.02156837 0.05907436 -0.03282749 -0.06867706 0.08048049 0.06889377 0.05321471 0.05493415 -0.01655616 -0.04867661 -0.01225575 0.12266371 0.24994590 0.25869291 0.13953592 0.02158846 0.13793777 0.35809388 0.18728181 1.00000000 0.21339570 0.26819573 0.23396728 0.06718734 0.03384018 0.14381807 0.03936646 -0.08419358 0.10683037 0.08401366 0.00844543 -0.11641162 -0.08190399 0.07663646 0.02629270 0.08714654 -0.02940930
0.10899553 0.09832044 0.10269151 0.04611224 -0.03292478 0.02705859 0.09965534 0.06991064 0.07359344 -0.01551430 0.12360478 -0.02459727 0.02457224 0.02021727 0.11028223 0.09463861 0.08805694 0.10341693 0.07827138 -0.00212266 -0.06716247 -0.04101567 0.13360036 0.11413070 0.04183815 0.11255743 0.01694575 0.07573193 0.01506467 0.11168119 0.13446244 0.10638106 0.03084162 0.05379876 -0.03566535 0.02768016 0.08700784 0.08806487 0.07917597 0.05583651 0.07441232 0.08348638 0.15833908 0.09965571 0.12198664 0.17991236 0.13782470 0.09016201 0.09122183 -0.03076094 -0.08014826 0.04209053 0.15362850 0.07772105 0.24368719 0.25824158 0.18437268 0.16692900 0.29229193 0.20863624 0.21339570 1.00000000 0.26344527 0.19952073 0.01434873 0.05804249 0.15410757 0.17692345 0.07727418 0.14494296 0.13154641 0.08028611 0.01604914 0.03697070 0.19430239 0.15202757 0.14019562 0.07647421
0.07658505 0.05148186 -0.00306475 0.02433991 -0.07987254 0.05073786 0.09364965 0.03708651 -0.00405311 0.05138666 0.00865717 -0.10112956 -0.00532963 -0.09249083 0.05578893 0.15428885 0.02287790 0.09249696 0.03236880 -0.03555568 -0.07835154 -0.04711113 0.02619590 -0.02585906 -0.11176863 0.06318102 0.08725164 0.09667821 0.00267578 0.17291531 0.09283704 0.08539689 0.13244494 0.08834793 0.06033520 0.01539127 0.09304256 0.04018190 0.10340414 0.09106857 0.05007937 0.07621586 0.11211327 0.07627526 0.09180293 0.19245318 0.13194956 0.04318384 0.06478332 -0.00818654 -0.14102234 0.03702153 0.19499209 0.31811713 0.17720596 0.13934138 0.07845093 0.14772744 0.29185426 0.35931649 0.26819573 0.26344527 1.00000000 0.29663382 0.17481034 0.01829601 0.17374474 0.15046906 0.09550439 0.02213387 0.09817407 0.04331275 -0.01755961 -0.02781968 0.16363781 -0.00361226 0.11486364 0.05657199
0.10238213 0.06191792 0.04116342 0.04809942 -0.00291432 0.07515790 0.10796220 0.05232378 0.06304592 0.10912843 0.04077789 -0.01734552 0.03482182 -0.03004166 0.03430816 0.05807798 0.02741404 0.03235995 -0.03685406 -0.01136458 -0.02228325 -0.01983196 -0.01067260 0.00808647 -0.00040380 -0.00111833 0.04599082 -0.01896096 -0.00009352 0.07279940 0.06870385 0.01520122 0.06739826 0.03623213 0.00741599 -0.08127595 0.03015365 0.01546717 0.02884916 0.05749718 0.02059427 0.07800484 0.06713761 0.01865806 0.00133007 0.09550155 0.13230029 -0.01249995 0.03307031 0.02477228 -0.09742224 0.00713276 0.18602187 0.15756313 0.10051621 0.12084274 0.18094400 -0.00115626 0.19394422 0.20617316 0.23396728 0.19952073 0.29663382 1.00000000 0.12267165 -0.02303616 0.15675129 0.13194774 0.05801859 -0.05957313 0.08648149 -0.00456474 -0.06035581 -0.01362431 0.08814582 -0.01540593 0.09369631 0.00339920
-0.05922976 -0.04917787 -0.07469001 -0.09065363 -0.04518474 -0.06861474 -0.01948806 -0.11541570 -0.03298640 0.00033246 -0.06568789 -0.01426277 -0.08994618 -0.05634555 0.02855610 -0.02670181 -0.05896014 -0.07793949 -0.04862761 0.05885975 -0.01986893 -0.02864867 -0.05350853 0.04148313 -0.01672841 0.02473100 -0.00819959 -0.02476954 -0.10033589 -0.03045214 -0.00020465 -0.06758668 -0.00903900 -0.03285453 -0.05624958 -0.04512476 -0.02701186 -0.02284086 -0.08157332 -0.01679083 0.02034874 0.00486666 -0.01282322 -0.02878399 -0.01471260 -0.01991533 -0.07948649 -0.04102256 0.05950780 0.01108728 -0.05238990 0.01006567 0.24751240 0.25880926 0.05327057 0.18182838 0.22045030 0.15301446 0.11596846 0.13551522 0.06718734 0.01434873 0.17481034 0.12267165 1.00000000 -0.08831858 -0.01411107 -0.03126199 0.01032544 -0.04495793 -0.09850119 -0.04317896 -0.02325007 -0.10369494 -0.06483701 -0.03177279 -0.06466813 -0.07316785
0.00880352 0.05418131 0.06220785 -0.00868105 -0.04388543 0.02794969 -0.04528211 -0.02702933 -0.01839243 -0.05083846 -0.01662200 0.00830244 0.03200936 -0.00072935 0.03311505 0.06108658 -0.02019881 0.04669529 0.06823558 -0.03211340 0.01422952 -0.01373021 0.09087205 0.03524515 0.10278386 -0.03840178 0.02711277 0.02721663 0.04909315 0.12180477 -0.02745579 -0.02084199 -0.01063635 -0.03045087 -0.00566857 -0.01771367 0.01897977 0.05790277 -0.01396516 0.01284666 0.01596577 0.09341014 0.00573074 0.02084270 0.02776765 0.02262746 -0.02664934 -0.04514625 0.03519916 -0.02617767 -0.08283051 -0.03335721 0.01588128 -0.00456878 0.01956475 0.02322384 -0.07401327 -0.01230156 0.05785524 0.02188071 0.03384018 0.05804249 0.01829601 -0.02303616 -0.08831858 1.00000000 0.19494117 0.16326199 0.24583400 0.26245819 0.20661005 0.22675424 0.10758969 0.23323316 0.17666853 0.20135015 0.16250057 0.04496907
0.14014668 0.05639655 0.08626628 0.03125708 -0.07430685 0.02763731 0.03823080 0.05299546 -0.00518800 0.04861816 0.06644440 -0.08888928 0.04292353 -0.03582539 0.04720448 0.15435779 0.01656808 0.11206682 0.02653822 -0.04208595 -0.01304736 -0.05485762 0.09493026 0.03661927 0.02260794 0.03132058 0.07533502 0.03620287 0.01578859 0.11399539 0.10883443 0.05703443 0.13383872 0.09762716 0.05521383 0.03509106 0.06987211 0.04080889 0.07513917 0.05100420 -0.00468447 0.10245751 0.07422492 0.05858105 0.06077276 0.07691472 0.07733686 -0.07007308 0.02819324 -0.07090731 -0.07452339 0.00361387 0.10136392 0.03558640 0.00592355 0.10873118 -0.00271410 0.08485168 0.13793139 0.10308489 0.14381807 0.15410757 0.17374474 0.15675129 -0.01411107 0.19494117 1.00000000 0.21741155 0.25700584 0.17505427 0.34237535 0.33433375 0.02580778 0.11354487 0.29934234 0.18253003 0.32216153 0.14488290
0.06542760 0.06372414 0.01277302 0.06052077 -0.01933110 -0.01365738 0.05468037 0.03004736 0.09535031 0.03442426 -0.00170367 -0.00703154 0.04713279 0.00929844 0.02424017 0.11968885 0.07026080 0.11728228 0.02990331 -0.03019208 0.03952302 -0.10690239 0.07585534 0.06739063 0.07913670 0.06715592 0.04457593 0.01532048 -0.01483584 0.14666817 0.07582912 -0.06166742 0.02576448 0.01661801 0.01554050 -0.03701215 0.01939924 0.00112918 0.01555754 0.01521154 0.06139454 0.11037104 0.14271623 0.07555121 0.06679073 0.11399126 0.10150457 0.02933270 0.10177374 0.00533867 -0.12709123 0.01391389 0.02821144 0.05570398 0.01228357 0.03527224 0.04990647 0.09467768 0.15498989 0.10336928 0.03936646 0.17692345 0.15046906 0.13194774 -0.03126199 0.16326199 0.21741155 1.00000000 0.15829553 0.16375949 0.36767294 0.12964874 0.12505311 0.19348674 0.31374700 0.26532916 0.27874420 0.20839377
0.02998797 -0.01151045 0.01005094 -0.01506157 -0.04258569 0.06843297 -0.13539574 -0.12207986 -0.02473903 -0.02768347 0.02897788 -0.05485698 -0.00881961 -0.05537057 0.02496622 0.09904113 -0.02342724 -0.00380141 0.03507833 -0.05457073 -0.04329580 -0.00057434 0.03061526 -0.03692888 0.04668126 -0.03484295 0.03353969 0.04369085 -0.02583824 0.09441338 -0.00053371 0.05591906 0.03350155 -0.01044859 -0.04917374 0.06761574 0.03042702 0.07689566 -0.05529518 0.00597412 -0.03079935 0.05439562 -0.05790312 0.04992879 0.02270096 -0.05119194 -0.05524993 -0.04118286 -0.03916741 -0.12830907 -0.10735253 0.00579702 0.09263345 -0.00105088 0.02117604 0.06467029 0.00813311 0.06848024 -0.00057739 0.00771316 -0.08419358 0.07727418 0.09550439 0.05801859 0.01032544 0.24583400 0.25700584 0.15829553 1.00000000 0.13751804 0.21099249 0.21776639 0.09845034 0.15048305 0.26278069 0.20184566 0.20898997 0.08851815
0.02842512 0.04771153 0.02133388 0.05087987 -0.00994009 0.00564587 0.04934847 0.06154478 0.00306372 -0.00800413 0.03198199 0.03611102 0.08035602 0.09265043 0.10127723 -0.00574744 0.01377384 0.07123660 0.13566794 0.00110482 -0.00767334 0.11736766 0.06940707 0.08672238 0.06355367 0.03248585 0.00510589 0.02967514 -0.00463461 0.08947316 -0.01197741 -0.01123149 0.01262791 0.03571796 -0.06100904 0.00986017 -0.06619509 0.02319160 0.01630856 -0.01855675 -0.00443682 0.02394613 0.06311405 -0.00440446 -0.02019576 -0.02148547 0.05152170 -0.01738603 0.07504745 -0.02625757 -0.09399169 0.04803213 0.02453318 -0.03211289 -0.01156070 -0.03998705 0.06291846 0.00183749 0.11030837 0.03698844 0.10683037 0.14494296 0.02213387 -0.05957313 -0.04495793 0.26245819 0.17505427 0.16375949 0.13751804 1.00000000 0.15684840 0.19468194 0.18782469 0.13469218 0.12718278 0.31623045 0.18984218 0.17533877
0.05416877 0.01779692 -0.01758479 0.04652339 -0.03366821 0.01431834 0.01983381 0.06264043 0.11992100 0.04400402 0.07445847 -0.01660376 0.02849498 -0.04955938 0.07982392 0.08206540 0.05783343 0.18026839 0.03994406 -0.06342138 -0.07086491 -0.06978534 0.02347997 0.02807131 0.05779966 0.10146214 0.00883064 -0.00450153 -0.01508072 0.11792751 0.09358010 0.00228936 0.11017303 0.02117101 -0.01350374 0.07187137 0.05646208 0.02770985 -0.01531961 0.01070356 -0.01541915 0.09972471 0.18248223 0.07789564 0.07562246 0.15810660 0.12120471 0.00013590 0.05997769 -0.03693104 -0.15772833 -0.01047897 0.06926559 0.04004752 0.04647891 0.12793243 0.02054610 0.10175161 0.10421413 0.08505917 0.08401366 0.13154641 0.09817407 0.08648149 -0.09850119 0.20661005 0.34237535 0.36767294 0.21099249 0.15684840 1.00000000 0.19752362 0.12795243 0.16073170 0.34564070 0.26594906 0.30567024 0.19554469
0.09582942 -0.03722245 -0.02339167 0.03672663 -0.06323128 0.03745857 0.01533195 -0.00317636 -0.03871813 -0.05018524 0.03160747 -0.03159512 0.04038946 0.07675159 -0.00038963 0.09666574 -0.02703093 0.02540270 0.07408379 0.05906480 0.00079770 0.01906204 0.12246428 -0.00310633 0.01715744 -0.01222436 0.06707768 0.02239993 -0.03538768 0.02764850 -0.06120516 -0.00826461 0.01389616 -0.03454754 0.02591328 -0.02766970 -0.05526607 0.04365058 -0.01222131 0.02143141 -0.00776065 0.05091215 0.02233360 0.01771259 0.00384810 -0.00708150 0.04366969 -0.13920656 0.04946914 -0.08040305 -0.09175042 -0.00212160 0.05293167 -0.02063918 -0.01691318 0.06461636 0.02704656 -0.01237388 0.01651433 0.06065041 0.00844543 0.08028611 0.04331275 -0.00456474 -0.04317896 0.22675424 0.33433375 0.12964874 0.21776639 0.19468194 0.19752362 1.00000000 0.26415140 0.11384525 0.13649268 0.19572885 0.10395559 0.23020341
0.01489791 -0.07435405 -0.19297671 -0.03479854 0.00755851 -0.02366175 -0.00183674 0.01802611 -0.00708757 0.01224487 -0.05740763 -0.01136006 -0.08848534 0.09081453 -0.00791760 -0.04768221 0.00646989 -0.00834085 0.06796141 0.03443951 -0.00091477 0.01714834 0.04511865 0.03557775 0.04962287 -0.03513893 0.04184349 0.06986360 -0.02369781 -0.01236052 -0.06034471 -0.05155892 0.06681760 0.01493904 0.02473953 0.03024678 -0.05587115 0.04172084 -0.03970195 0.00129999 0.00560871 0.08217880 -0.04040151 0.03862277 0.03195429 -0.00734064 0.01536052 -0.03829748 0.01489536 -0.02206233 -0.01854987 -0.03193732 0.06189571 -0.05930295 -0.06029896 -0.09067698 0.10328931 -0.04942999 -0.00016055 -0.09312617 -0.11641162 0.01604914 -0.01755961 -0.06035581 -0.02325007 0.10758969 0.02580778 0.12505311 0.09845034 0.18782469 0.12795243 0.26415140 1.00000000 0.09684526 0.08247344 0.12063874 0.00692764 0.19133458
-0.00079904 -0.03879244 -0.04251256 -0.02031322 -0.04866586 -0.01805793 -0.02181297 0.00337150 -0.00453065 0.00517131 -0.02977274 -0.07016024 -0.04861101 0.05659303 -0.04256340 0.02107295 0.00936134 -0.04564695 -0.08984398 -0.01843044 0.01534939 -0.00442960 -0.00178424 -0.00854805 0.04230939 -0.02521358 0.09227154 0.00797019 -0.06133345 0.02970710 -0.03032434 0.02009894 0.03042681 0.06699667 -0.03806408 -0.03881477 0.00056731 -0.01051476 -0.01846597 0.01382549 -0.06486686 0.01178233 0.02126542 0.01285005 -0.02610016 -0.07050671 -0.02118874 -0.00295159 -0.03910437 0.02171057 -0.03632665 -0.05655681 -0.00079537 -0.05207125 -0.01795340 -0.09412192 -0.02431800 0.03287435 -0.01803153 -0.02214936 -0.08190399 0.03697070 -0.02781968 -0.01362431 -0.10369494 0.23323316 0.11354487 0.19348674 0.15048305 0.13469218 0.16073170 0.11384525 0.09684526 1.00000000 0.11542206 0.01692080 0.11196206 0.27306785
0.15388703 0.15296758 0.11573514 0.09971564 -0.01305834 0.04291764 0.07055696 0.03173649 0.09869826 -0.00915158 0.13925875 -0.05031393 0.07132807 -0.04229575 0.08419587 0.11079153 0.02814834 0.12744300 0.06228461 -0.09432944 0.01665068 -0.08294941 0.06919049 0.02019141 0.03339764 0.10960556 0.03880847 0.01518555 0.04275469 0.19950416 0.18097616 -0.02216953 0.09680733 0.02014635 0.12546052 0.06869589 0.09175733 0.05494332 0.04967265 0.00835137 0.05113898 0.09807176 0.12396245 0.06870874 0.03885841 0.16914761 0.10636895 0.06527436 -0.05131429 -0.07804926 -0.12422739 0.02481214 -0.03051122 0.08783318 -0.01305020 0.09875472 -0.01121915 0.03683616 0.17406752 0.10211148 0.07663646 0.19430239 0.16363781 0.08814582 -0.06483701 0.17666853 0.29934234 0.31374700 0.26278069 0.12718278 0.34564070 0.13649268 0.08247344 0.11542206 1.00000000 0.27081262 0.41999687 0.14042667
0.11847038 0.10335719 -0.01227380 0.02419549 -0.03599208 -0.03347634 -0.03869933 0.00996456 0.02588366 0.01482418 0.04806365 0.05151698 0.02901593 0.08650043 0.05955515 0.05348837 0.01352590 0.07843570 0.07989592 0.03532218 0.00217699 -0.05931158 0.14305306 0.04933359 0.11408758 0.10553915 0.06250242 -0.03037171 0.05089867 0.10870224 0.18059924 0.02204468 -0.03203242 0.00340263 -0.01222360 0.03924081 0.04081023 0.07222984 -0.00731252 -0.03900456 0.05471063 0.08146712 0.10355526 0.04368481 0.00775514 0.12044045 0.00895832 -0.02269383 0.04463800 -0.04783936 -0.12987651 0.02107796 -0.07925264 0.00994632 -0.04120453 0.07331538 -0.02267054 0.01356715 0.07869268 0.02924672 0.02629270 0.15202757 -0.00361226 -0.01540593 -0.03177279 0.20135015 0.18253003 0.26532916 0.20184566 0.31623045 0.26594906 0.19572885 0.12063874 0.01692080 0.27081262 1.00000000 0.19870741 0.13512019
0.13102177 0.09030067 0.07197471 0.10108832 0.01736109 0.01555449 0.05405166 0.08210975 0.07835068 0.06912631 0.08385274 -0.02348723 0.06512475 -0.00951995 0.02937602 0.02060956 0.03724285 0.05113498 0.03434371 -0.11152350 -0.02944685 -0.13317111 0.06445182 0.05520254 -0.02338643 0.01211546 0.01575396 0.03793101 -0.01836006 0.09645303 0.14148697 -0.01390938 0.09956372 -0.00031033 0.08750321 0.02808542 0.00770457 0.05566798 0.10416560 0.03909379 -0.01527765 -0.00910227 0.05595159 -0.04728513 0.04230318 0.12124822 0.13964125 0.03250884 0.01634912 -0.09657156 -0.15165628 0.00680444 0.04498552 0.00109335 -0.07115264 0.00690468 -0.08972985 -0.00001688 0.08701593 0.07998686 0.08714654 0.14019562 0.11486364 0.09369631 -0.06466813 0.16250057 0.32216153 0.27874420 0.20898997 0.18984218 0.30567024 0.10395559 0.00692764 0.11196206 0.41999687 0.19870741 1.00000000 0.22344394
0.08055878 -0.02702993 -0.06195066 0.04644417 -0.04567108 0.01920090 0.02428972 0.06190686 0.10518533 0.06559158 0.06879270 -0.06246766 -0.01545284 0.04684331 0.00314243 -0.02367857 0.04176751 0.05154291 0.02701120 0.05206737 -0.00673514 0.05796141 0.01867416 0.02669005 -0.07764747 -0.01670743 0.08014820 0.01339849 0.01598932 0.00367543 0.03507625 0.04658286 0.06807678 0.07093061 0.06637438 0.05356612 0.08442880 0.06178831 0.01521191 0.00141856 -0.03084161 0.00441701 0.10569521 0.00651620 0.01799814 0.09695593 0.15500516 -0.04506352 0.11462372 0.04425595 -0.07597270 0.10609986 0.00577251 -0.00604196 -0.02021819 0.03748159 -0.00232963 -0.00297548 0.03141796 0.09997327 -0.02940930 0.07647421 0.05657199 0.00339920 -0.07316785 0.04496907 0.14488290 0.20839377 0.08851815 0.17533877 0.19554469 0.23020341 0.19133458 0.27306785 0.14042667 0.13512019 0.22344394 1.00000000
