1.00000000 -0.09500377 0.11086088 -0.13553363 -0.16958222 0.56561705 -0.32974447 -0.33420163 0.17488234 0.09876871 0.35875616 0.45655875 0.07973838 -0.16401177 0.15797473 0.40313170 -0.01224722 0.17502365 -0.07282554 0.17498132 0.22059048 0.25906822 0.31189463 0.12763040 0.15705724 0.42342816 0.36817829 -0.02370863 0.02811752 0.44572958 0.34235050 0.39459568 0.24300604 0.25556606 -0.13108917 0.28533852 0.18749272 0.46126076 0.07830378 -0.04776177 -0.24001414 0.24993593 0.27058121 0.09222166 0.10286878 -0.31133828 -0.29363347 -0.10791890 -0.11455265 0.16546823 -0.06176909 0.01732779 0.12924305 -0.08427304 0.10699637 0.17654187 0.20141801 0.16450591 -0.22637244 -0.16367325 -0.11380638 -0.04934566 -0.03863142 -0.20162566 -0.12788771 0.29320160 0.18859436 -0.17299174 0.06515187 -0.14051067 0.08177519 0.33337901 0.07142858 -0.04745863 0.04726935 0.11658674 -0.10609361 -0.24860159
-0.09500377 1.00000000 0.33890568 0.53533971 0.40438419 -0.18845494 0.50208791 0.39236617 0.02828668 0.18467036 -0.04877601 -0.15507217 0.33597994 -0.00355609 -0.37993062 -0.08594955 0.15651070 -0.03936496 0.20465079 -0.26458054 -0.16033757 -0.43572505 -0.20769837 0.04527590 -0.32472228 -0.25020184 -0.23004373 0.08254956 -0.01924557 -0.19614033 -0.06423814 -0.22283738 -0.11604902 -0.30940625 0.28825417 -0.10485350 0.12801727 -0.26119064 0.03506274 0.16113731 0.16030032 -0.18787176 -0.14915237 -0.13549617 -0.08244759 0.31531523 0.25293884 0.14206953 0.00624964 -0.19741835 0.16794515 -0.03381490 -0.13408290 0.24846091 -0.10466880 -0.05729854 -0.32418701 0.04615961 0.33676147 0.29242556 0.16752980 0.13763152 0.31454739 0.28511258 0.15153812 -0.05482875 0.01920442 0.10557029 -0.07960788 -0.17819764 0.00404887 -0.11593847 -0.26989109 -0.12665886 0.10717072 -0.12134865 0.27020689 0.06852846
0.11086088 0.33890568 1.00000000 0.32928620 0.18256362 -0.02340973 0.21571527 0.17995639 0.04953297 0.26281993 0.23371819 0.06039513 0.28270878 -0.06606902 -0.27797750 0.19555607 0.12917737 0.02454788 0.12354297 -0.22216288 -0.05009777 -0.19299091 0.14447644 0.20599425 -0.16826842 -0.07053207 0.00779955 0.06425162 -0.04142262 0.06915443 0.13790612 -0.09738734 0.10296656 -0.16690102 0.23240191 0.12840225 0.27984247 0.05680123 0.11896464 0.16326154 0.02609420 -0.05052679 -0.09641510 -0.13671461 -0.00641676 0.11245643 0.07502281 0.00860601 -0.11078882 -0.09566971 0.18293117 -0.02814591 -0.00490628 0.20429470 0.00503529 0.04386968 -0.23806264 0.13353224 0.16959228 0.03417755 0.02481731 0.04394461 0.16323221 0.13044223 -0.00746426 0.08044152 0.16009920 -0.00470054 -0.03245097 -0.16540487 0.02225748 0.04662243 -0.14197561 -0.05016262 0.11424924 -0.07278748 0.18076139 -0.06112581
-0.13553363 0.53533971 0.32928620 1.00000000 0.36170336 -0.29894895 0.46096293 0.36318472 0.04870019 0.31680693 0.00061522 -0.19340054 0.26660873 0.05979443 -0.32007571 -0.16784522 0.16525396 -0.08347238 0.12354690 -0.25905383 -0.16255877 -0.40465660 -0.23261557 -0.06015379 -0.28003405 -0.31113452 -0.25386917 0.09052578 0.02075083 -0.23044343 -0.09240478 -0.25913016 -0.14042163 -0.28974132 0.34534412 -0.13124701 0.07766732 -0.24032688 0.10774789 0.17068719 0.24985116 -0.17467238 -0.12310571 -0.08312625 -0.05344198 0.38590566 0.37580524 0.11973274 0.01193106 -0.11986661 0.23391716 -0.03650210 -0.15725278 0.26849422 -0.05548167 -0.06596085 -0.27190509 0.03042444 0.41085709 0.30202418 0.26965457 0.18336267 0.29816479 0.31991845 0.16677792 -0.20228929 0.03071840 0.23989998 -0.02580526 -0.05481399 0.08632951 -0.15330749 -0.21701273 -0.08569079 0.09344424 -0.13511515 0.28851888 0.08855461
-0.16958222 0.40438419 0.18256362 0.36170336 1.00000000 -0.14957847 0.35689306 0.41277236 0.10949624 0.24001722 -0.05619979 -0.12180826 0.23930500 0.10691650 -0.19707989 -0.19742471 0.07964716 -0.07694719 0.06362550 -0.13429752 -0.05801027 -0.23826438 -0.19852258 -0.10309994 -0.21136192 -0.24927887 -0.14235042 0.16504262 0.07954020 -0.25453369 -0.08362329 -0.14499460 -0.10664140 -0.22308802 0.17394578 -0.14571519 -0.00362756 -0.24901841 -0.01423431 0.08201218 0.20500156 -0.09462674 -0.15433768 -0.09365032 -0.03729082 0.26603574 0.27461040 0.12705533 0.02197188 -0.06592256 0.16301811 -0.05813078 -0.09681783 0.14970453 0.01370848 -0.12294303 -0.18504773 -0.08004704 0.25104906 0.18207616 0.13314422 0.12628359 0.15915994 0.29112955 0.18443193 -0.18457503 -0.04771621 0.14131892 -0.08622082 -0.06480844 -0.06641791 -0.18157797 -0.16130685 -0.05291667 0.02217216 -0.13016582 0.18643025 0.09708510
0.56561705 -0.18845494 -0.02340973 -0.29894895 -0.14957847 1.00000000 -0.37442961 -0.31920336 0.20090891 0.02078352 0.41372570 0.39188380 -0.06403793 -0.18298353 0.21046989 0.34404714 -0.12691817 0.15823002 -0.21462978 0.23457903 0.23381691 0.32382764 0.33631197 0.13251949 0.18279359 0.43150395 0.37847893 -0.10246695 -0.03264348 0.47002634 0.33036336 0.37634709 0.19013787 0.24336223 -0.25496161 0.26477063 0.06711419 0.46281908 -0.05735336 -0.09180685 -0.28456944 0.24262258 0.29510927 0.09330301 0.09033299 -0.36366681 -0.39325155 -0.13737828 -0.04177706 0.17093938 -0.11204459 0.04593754 0.24327601 -0.12975391 0.03556841 0.13668669 0.23926330 0.04173542 -0.31875618 -0.24438277 -0.18654874 -0.18282459 -0.11247698 -0.25521686 -0.13263825 0.34641519 0.13258748 -0.18374303 0.14145906 -0.06951273 0.04287810 0.35336340 0.17932674 -0.02646196 -0.00322940 0.14605112 -0.19246886 -0.26932632
-0.32974447 0.50208791 0.21571527 0.46096293 0.35689306 -0.37442961 1.00000000 0.56521626 -0.03473785 0.17420022 -0.21738340 -0.27443021 0.31364303 0.14406104 -0.27017382 -0.30796495 0.08389870 -0.18462100 0.17809812 -0.27554593 -0.24041478 -0.43830891 -0.35584388 -0.04699802 -0.17144373 -0.44999885 -0.39481010 0.13128462 -0.00134857 -0.44344142 -0.30624104 -0.43260514 -0.24639194 -0.37397957 0.30693757 -0.29871658 -0.09662201 -0.48030664 0.00845155 0.07404662 0.21111947 -0.27963931 -0.27096484 -0.20578508 -0.20491071 0.35954151 0.39257300 0.21240092 0.04602000 -0.20386696 0.12559450 -0.08286362 -0.24703205 0.19059327 -0.09017344 -0.15682866 -0.33406987 -0.04273924 0.35564750 0.31212128 0.19403210 0.12337847 0.18813874 0.30841878 0.16946590 -0.29889195 -0.14348723 0.14734790 -0.16804044 -0.02364160 -0.11738050 -0.35283825 -0.31096443 -0.05862529 -0.00738812 -0.26049798 0.26773404 0.16357340
-0.33420163 0.39236617 0.17995639 0.36318472 0.41277236 -0.31920336 0.56521626 1.00000000 -0.00324263 0.17710351 -0.20551007 -0.29318013 0.26231471 0.17176804 -0.20281298 -0.35861883 0.06567465 -0.18535154 0.13595670 -0.18706430 -0.19695619 -0.37291940 -0.33972121 -0.05784163 -0.18768857 -0.41573928 -0.38184070 0.09003310 0.02370362 -0.44181410 -0.22715386 -0.34187567 -0.23991157 -0.30344358 0.27704982 -0.32294869 -0.14976057 -0.45183642 -0.03829493 0.06817548 0.25956888 -0.27526666 -0.28065573 -0.13383964 -0.11729862 0.41130042 0.41496784 0.19390785 0.11251934 -0.17228470 0.06415212 -0.06170060 -0.23486465 0.11560893 -0.10686637 -0.11526308 -0.27303121 -0.09809986 0.30473832 0.27839134 0.16836770 0.15831617 0.19315728 0.35185159 0.16472571 -0.23188989 -0.15599779 0.23672871 -0.12177638 0.03485342 -0.12307349 -0.37684610 -0.21213096 -0.03385569 0.01662357 -0.18987954 0.24191009 0.26739437
0.17488234 0.02828668 0.04953297 0.04870019 0.10949624 0.20090891 -0.03473785 -0.00324263 1.00000000 0.15100422 0.23139725 0.22877885 -0.05915139 0.00143218 0.13280754 0.14402505 0.03855496 0.14605128 -0.03558000 0.14093347 0.09523130 0.20505254 0.12732737 -0.06129574 0.08549421 0.14910324 0.11095798 0.03158888 0.10475438 0.10286362 0.10956335 0.16597436 0.11849463 0.23645789 -0.03620893 0.09814723 -0.03572192 0.06806976 0.07859835 -0.05415924 0.02382512 0.10608983 0.06672117 0.09150257 0.04643210 -0.03062122 -0.01468891 0.00343209 -0.00138957 0.08664714 0.00398358 0.05708010 0.15911239 -0.04989509 -0.00482823 0.01516933 0.07587528 0.00224139 0.00275203 0.02893856 0.06152568 0.04408586 0.02545864 -0.00192764 0.06954920 0.06260632 0.02925367 -0.01418301 0.09525112 0.15911509 0.07298336 0.10128436 0.04490950 0.03590661 -0.00216245 0.16108343 -0.06191335 0.04750412
0.09876871 0.18467036 0.26281993 0.31680693 0.24001722 0.02078352 0.17420022 0.17710351 0.15100422 1.00000000 0.17746058 0.00058809 0.13848302 -0.04243276 -0.09081054 0.08582892 0.12937269 -0.03319754 0.02847113 -0.07704197 0.00610182 -0.20661526 -0.02750319 0.02774471 -0.15132237 -0.03571880 0.00463655 0.04616088 0.00795945 0.01361287 0.05252864 0.03173745 0.00872276 -0.05322301 0.13477545 0.00960195 0.12429035 -0.01910944 0.02762511 0.16523299 0.13124079 0.01047508 0.05435997 0.09816973 0.07422929 0.16897711 0.18987977 0.09482875 -0.04311940 0.05705690 0.21095477 0.05501831 -0.00871457 0.13976890 0.04300725 0.04231858 -0.08198757 0.04761778 0.18315529 0.10471568 0.11408300 0.10658586 0.16130067 0.18300233 0.14645665 0.01661019 0.07091571 0.12698097 -0.00350006 -0.06533448 0.11669656 -0.05077620 -0.13589198 0.01768195 0.08966216 -0.00105581 0.22142404 0.06942289
0.35875616 -0.04877601 0.23371819 0.00061522 -0.05619979 0.41372570 -0.21738340 -0.20551007 0.23139725 0.17746058 1.00000000 0.38613959 0.03569367 -0.10461149 0.11123110 0.27973083 0.01439827 0.14170886 -0.05327615 0.14869644 0.15374220 0.21540220 0.24250438 0.00826734 0.07174484 0.30192492 0.30580533 0.01282659 -0.01546294 0.39603982 0.27057445 0.34069783 0.30381516 0.27289984 -0.10222288 0.21828218 0.10600694 0.35471038 0.06652260 -0.02694439 -0.23631054 0.27785246 0.30321292 0.15039806 0.10725932 -0.17999303 -0.20319251 -0.09875996 -0.12690137 0.20107060 0.06267108 0.07929234 0.11469276 -0.08386070 0.11579697 0.18966071 0.23578097 0.08440185 -0.16891652 -0.11500711 -0.05275482 -0.03127616 -0.02117590 -0.11077056 -0.08404515 0.23393433 0.18681559 -0.05312388 0.10818808 -0.08093751 0.16372356 0.32372873 0.12795854 0.00792359 0.08022510 0.17902960 -0.13241170 -0.18871804
0.45655875 -0.15507217 0.06039513 -0.19340054 -0.12180826 0.39188380 -0.27443021 -0.29318013 0.22877885 0.00058809 0.38613959 1.00000000 0.07118004 0.03462898 0.23384675 0.23650149 -0.01172814 0.19552204 -0.06796938 0.25493972 0.23454453 0.38957614 0.29756944 0.01775951 0.28835061 0.34318774 0.34900264 0.05409346 0.05839149 0.35557755 0.22194041 0.40952676 0.33652544 0.38243004 -0.13585810 0.25589549 0.02345720 0.35824442 0.05592646 -0.10322741 -0.22993780 0.36679182 0.30247385 0.16763845 0.11632097 -0.29603474 -0.22027382 -0.07367777 -0.00005103 0.25434472 -0.01937255 0.05953661 0.15311611 -0.13848978 0.16910861 0.15120173 0.39191242 0.10976155 -0.26491787 -0.16430639 -0.05502003 0.08087247 -0.13778632 -0.17590541 -0.09603884 0.21985844 0.10213080 -0.16256653 0.04774629 -0.03009461 0.06943723 0.28554957 0.24497734 0.05992603 0.00381712 0.16503838 -0.24099726 -0.16526722
0.07973838 0.33597994 0.28270878 0.26660873 0.23930500 -0.06403793 0.31364303 0.26231471 -0.05915139 0.13848302 0.03569367 0.07118004 1.00000000 0.02575704 -0.17563839 -0.00285365 0.05086480 -0.07733027 0.17447447 -0.15843858 -0.13487415 -0.25102847 0.00028489 0.18405817 -0.10852170 -0.13693862 -0.07904023 0.01998483 -0.07139181 -0.05689660 0.02187773 -0.19069559 -0.05674263 -0.25077496 0.18386144 0.01388232 0.07550658 -0.06317008 0.02591128 0.06241177 0.04911280 -0.16538745 -0.13264548 -0.23518708 -0.11454341 0.08365444 0.10049571 0.03493999 -0.07253977 -0.18389947 0.00755410 -0.08418360 -0.05017787 0.13969260 -0.06763238 0.00632367 -0.29393205 0.08264074 0.16337403 0.09345348 0.03701998 0.07998273 0.14578856 0.16185983 0.01188602 -0.01978955 0.08042504 0.06465792 -0.02961082 -0.12357075 0.02284431 -0.09325204 -0.18365225 -0.10487135 0.14705705 -0.08119516 0.21557217 0.03331288
-0.16401177 -0.00355609 -0.06606902 0.05979443 0.10691650 -0.18298353 0.14406104 0.17176804 0.00143218 -0.04243276 -0.10461149 0.03462898 0.02575704 1.00000000 0.08779432 -0.17831156 0.15261963 0.16198108 0.18779460 0.25259754 0.16366867 0.11282415 0.00061737 -0.01800209 0.20356671 -0.01507991 -0.09415839 0.12102252 0.00646927 -0.17202520 -0.09552228 -0.08791843 -0.07139638 0.03351450 0.08510073 -0.12979634 -0.12759011 -0.15194658 0.03510330 -0.09496977 0.07557011 -0.01022129 -0.01732244 0.03436668 -0.03531202 0.13394724 0.21452280 0.01698011 0.05408116 0.01003902 0.01797088 -0.06505281 -0.08449859 0.06750651 0.07041556 -0.04943849 0.10471163 0.01730281 0.11837562 0.16582243 0.10896053 0.15091734 0.04520457 0.04846266 0.07015138 -0.14199382 -0.09105240 0.08255848 -0.08198984 0.10392962 -0.02358991 -0.07359318 0.04531344 0.10898839 -0.03388842 -0.02295656 0.02164450 0.10514465
0.15797473 -0.37993062 -0.27797750 -0.32007571 -0.19707989 0.21046989 -0.27017382 -0.20281298 0.13280754 -0.09081054 0.11123110 0.23384675 -0.17563839 0.08779432 1.00000000 0.13140498 0.14669077 0.23570272 0.05428944 0.34171617 0.31126006 0.45148785 0.17275110 0.10021428 0.41104192 0.32910007 0.24803529 0.02485555 0.11622691 0.12130948 0.07318291 0.26425918 0.16860935 0.35618564 -0.22898053 0.07964912 -0.16877375 0.18184083 0.02965654 -0.13746139 -0.14445696 0.25340540 0.21783084 0.20019039 0.12030291 -0.23569189 -0.15744397 -0.00071422 0.05470595 0.18046332 -0.16335269 0.14548578 0.12114830 -0.23883007 0.12399617 0.08859795 0.36896687 -0.05822884 -0.23285853 -0.12012453 -0.00888820 -0.01263522 -0.15968230 -0.20064362 -0.12538538 0.05046958 -0.01573724 -0.01313544 0.05993731 0.10920011 0.08869703 0.10702921 0.22977862 0.16547946 0.00176617 0.17213992 -0.20903392 0.08405609
0.40313170 -0.08594955 0.19555607 -0.16784522 -0.19742471 0.34404714 -0.30796495 -0.35861883 0.14402505 0.08582892 0.27973083 0.23650149 -0.00285365 -0.17831156 0.13140498 1.00000000 0.17089062 0.38176674 0.10686984 0.22256890 0.20667289 0.32481515 0.50375281 0.38529337 0.22432767 0.48371893 0.35472045 -0.09466006 -0.00766225 0.46014537 0.37165338 0.32424326 0.28345759 0.21767657 -0.10889639 0.40964577 0.27813611 0.42467768 0.03902282 0.11630426 -0.14356476 0.16611656 0.18113630 0.10245197 0.13410134 -0.21041359 -0.23755321 -0.11511438 -0.07559743 0.06127864 -0.00555215 0.11127918 0.20196446 -0.01885833 0.01317049 0.12327153 0.04915594 0.14013085 -0.11961520 -0.10974791 -0.11642311 -0.11345394 -0.07142181 -0.17647197 -0.08274948 0.29896325 0.25580559 -0.05467674 0.13461368 -0.09520417 0.22107537 0.28790646 0.02360706 -0.00705958 0.16505712 0.17315855 0.00368199 -0.16491114
-0.01224722 0.15651070 0.12917737 0.16525396 0.07964716 -0.12691817 0.08389870 0.06567465 0.03855496 0.12937269 0.01439827 -0.01172814 0.05086480 0.15261963 0.14669077 0.17089062 1.00000000 0.21119408 0.23572998 0.06434281 0.17381396 -0.06112692 0.14802708 0.12580928 0.01594692 0.05932365 -0.01345714 0.19135554 0.11088294 -0.06340936 0.05751664 0.09690362 0.06736092 0.04624880 0.19475505 0.07879068 0.16187677 -0.02605574 0.17871921 0.05155004 0.11282128 0.04010210 0.13652657 0.07977236 0.12285408 0.21754537 0.16328300 0.10417050 -0.01376404 0.01640620 0.08582709 0.03065487 -0.13530910 0.05956277 0.12850503 0.09359056 0.02981729 0.04042100 0.22832163 0.20629021 0.17173012 0.15716825 0.14961723 0.11038116 -0.01785085 -0.04698389 0.04939237 0.17822264 -0.01447864 0.04867957 0.13050712 0.04027827 -0.09107393 0.07894695 0.10514822 0.11816499 0.11743481 0.10957940
0.17502365 -0.03936496 0.02454788 -0.08347238 -0.07694719 0.15823002 -0.18462100 -0.18535154 0.14605128 -0.03319754 0.14170886 0.19552204 -0.07733027 0.16198108 0.23570272 0.38176674 0.21119408 1.00000000 0.19660156 0.20893281 0.25578517 0.33529701 0.38304900 0.16334339 0.28229925 0.44624463 0.15422611 0.01159968 0.05720610 0.21158640 0.16248162 0.24321719 0.17140350 0.24855025 -0.11682888 0.23108034 0.06612424 0.20149082 0.03039025 -0.00411378 -0.01522237 0.16404908 0.13224855 0.07305320 0.08620058 -0.06557499 -0.07326144 -0.04135313 0.05981065 0.10703593 0.05375333 0.07606050 0.12950781 -0.03984693 0.05894188 0.10682035 0.19411096 0.05276147 -0.07022777 0.00378798 0.03092422 0.06072846 0.01731544 -0.10347891 -0.03114961 0.11553192 0.10936510 -0.04963075 0.07106954 -0.03582723 0.15270416 0.16408158 0.09397413 0.09244081 0.01998323 0.16502517 -0.04213573 -0.06291181
-0.07282554 0.20465079 0.12354297 0.12354690 0.06362550 -0.21462978 0.17809812 0.13595670 -0.03558000 0.02847113 -0.05327615 -0.06796938 0.17447447 0.18779460 0.05428944 0.10686984 0.23572998 0.19660156 1.00000000 0.02857044 -0.00321943 0.00309528 0.09420824 0.20271255 -0.03488890 0.01786086 -0.09614463 0.04911164 0.07679876 -0.05061012 0.03920576 -0.12584846 -0.03990414 -0.09830702 0.07352769 0.01449257 0.06465078 -0.07455317 0.07263103 0.05955551 0.13446344 -0.13821225 -0.13827504 -0.09327966 -0.04814054 0.13764403 0.13663608 -0.01758383 -0.02452956 -0.18339583 0.05106888 -0.00375593 -0.07397510 0.09300329 -0.01506678 -0.02471342 -0.16087098 -0.00223818 0.17645586 0.08662715 0.14220780 0.10007254 0.11319556 0.06187341 0.07057488 -0.07384106 0.07120166 0.11255314 -0.03099393 0.01412707 0.08360575 -0.05417296 -0.08206219 0.00604858 0.15211271 -0.00839522 0.21051147 0.15160898
0.17498132 -0.26458054 -0.22216288 -0.25905383 -0.13429752 0.23457903 -0.27554593 -0.18706430 0.14093347 -0.07704197 0.14869644 0.25493972 -0.15843858 0.25259754 0.34171617 0.22256890 0.06434281 0.20893281 0.02857044 1.00000000 0.29194373 0.45156970 0.25115585 0.04121180 0.38145077 0.37832869 0.25490050 0.05051996 0.09707979 0.22312293 0.09916639 0.27566022 0.18846657 0.38419915 -0.16107222 0.16662979 -0.13190552 0.18384039 0.09111526 -0.10169480 -0.12557518 0.20717126 0.25154639 0.20022183 0.08833341 -0.16804686 -0.08581721 -0.05469429 0.06293345 0.16924108 -0.05567662 0.10628294 0.11100749 -0.12345270 0.10110620 0.03950864 0.28165805 -0.01900816 -0.13098980 -0.07015652 -0.05278807 -0.00139121 -0.13260126 -0.15324784 -0.01456027 0.09340199 -0.04393356 -0.09129245 0.06813278 0.06899018 0.04547297 0.18772089 0.14890195 0.09187585 -0.03955584 0.13784388 -0.21779785 -0.02735722
0.22059048 -0.16033757 -0.05009777 -0.16255877 -0.05801027 0.23381691 -0.24041478 -0.19695619 0.09523130 0.00610182 0.15374220 0.23454453 -0.13487415 0.16366867 0.31126006 0.20667289 0.17381396 0.25578517 -0.00321943 0.29194373 1.00000000 0.39261402 0.23265519 0.17778128 0.26595807 0.32536077 0.26131565 0.10070636 0.03755054 0.20272212 0.13341263 0.32526785 0.24223702 0.30673173 -0.14075623 0.18764759 0.02603104 0.23551101 0.08414143 -0.08098835 -0.11142297 0.29079998 0.29210075 0.21086517 0.12495459 -0.21049478 -0.11327223 -0.05228399 0.06117758 0.19440527 0.03451204 0.04264198 0.09807709 -0.06410028 0.12520092 0.08508893 0.33614757 0.03380673 -0.10716432 -0.10874085 0.04895762 -0.01200937 -0.03883558 -0.14865982 -0.11383273 0.16926390 0.00141395 -0.09460618 0.09547146 -0.05681448 0.10040954 0.23438131 0.23591962 0.18616697 0.01904741 0.10870143 -0.20129200 -0.14006855
0.25906822 -0.43572505 -0.19299091 -0.40465660 -0.23826438 0.32382764 -0.43830891 -0.37291940 0.20505254 -0.20661526 0.21540220 0.38957614 -0.25102847 0.11282415 0.45148785 0.32481515 -0.06112692 0.33529701 0.00309528 0.45156970 0.39261402 1.00000000 0.37419757 0.03416860 0.51708777 0.43177046 0.32674244 -0.02339102 0.02590039 0.32176457 0.11532661 0.31804941 0.27511277 0.46094763 -0.32222275 0.20383396 -0.15534948 0.34655721 -0.00005143 -0.24527281 -0.26916490 0.30741202 0.23601146 0.12962180 -0.00242048 -0.43025817 -0.29393860 -0.18498676 0.02257852 0.24657280 -0.13468359 0.01933903 0.19946160 -0.20994497 0.07565652 0.02773551 0.37687138 -0.00927224 -0.39589423 -0.28778952 -0.12290025 -0.12076617 -0.29202071 -0.35784720 -0.16366069 0.16160371 0.02206892 -0.15048421 0.08644216 0.01762828 0.08265666 0.31015060 0.33891879 0.18628426 -0.07218534 0.10742355 -0.35388999 -0.19244905
0.31189463 -0.20769837 0.14447644 -0.23261557 -0.19852258 0.33631197 -0.35584388 -0.33972121 0.12732737 -0.02750319 0.24250438 0.29756944 0.00028489 0.00061737 0.17275110 0.50375281 0.14802708 0.38304900 0.09420824 0.25115585 0.23265519 0.37419757 1.00000000 0.30023308 0.24267985 0.41501391 0.37011137 -0.06900683 0.01642486 0.43328478 0.35649466 0.29195237 0.26988383 0.25654204 -0.18559489 0.35146699 0.16921337 0.47553067 0.08729415 -0.03075928 -0.20422802 0.21553797 0.21292769 0.03648672 0.11114260 -0.28325076 -0.27507429 -0.21842932 -0.06511019 0.08076696 -0.09133462 0.04710130 0.24604904 -0.10436933 0.06530208 0.11337396 0.13207653 0.06900250 -0.22881277 -0.15328642 -0.13515764 -0.08476639 -0.09964306 -0.22760169 -0.14460627 0.30665457 0.17054594 -0.15024141 0.11568528 -0.03601955 0.12758338 0.29363252 0.12996958 0.08331391 0.02428789 0.19874208 -0.11472002 -0.17791152
0.12763040 0.04527590 0.20599425 -0.06015379 -0.10309994 0.13251949 -0.04699802 -0.05784163 -0.06129574 0.02774471 0.00826734 0.01775951 0.18405817 -0.01800209 0.10021428 0.38529337 0.12580928 0.16334339 0.20271255 0.04121180 0.17778128 0.03416860 0.30023308 1.00000000 0.13643871 0.23667282 0.10462685 -0.12782423 -0.03300694 0.18174928 0.17833261 -0.02814265 0.05943794 -0.10500189 -0.08089425 0.16713487 0.15076530 0.18388724 -0.03778976 0.03588090 -0.01325829 -0.01888961 -0.09401487 -0.11855348 0.02046568 -0.06216854 -0.08396782 -0.01645136 -0.02177918 -0.13514841 -0.10662930 0.03462528 0.17678842 0.09709346 -0.05000878 0.04055200 -0.11740810 0.05644433 -0.01029859 -0.01965385 -0.02540770 -0.00134110 0.06897351 0.00012820 -0.01567456 0.17375233 0.10618144 -0.01620901 0.01309924 -0.01985483 0.01360004 0.03555436 -0.06841051 0.02717435 0.15301594 0.00610331 0.14002401 -0.01099785
0.15705724 -0.32472228 -0.16826842 -0.28003405 -0.21136192 0.18279359 -0.17144373 -0.18768857 0.08549421 -0.15132237 0.07174484 0.28835061 -0.10852170 0.20356671 0.41104192 0.22432767 0.01594692 0.28229925 -0.03488890 0.38145077 0.26595807 0.51708777 0.24267985 0.13643871 1.00000000 0.29999852 0.17746363 0.00682314 0.11480326 0.10478791 0.06088828 0.20994203 0.15134807 0.28757597 -0.20666204 0.07432677 -0.13279105 0.18064139 0.04133059 -0.15844920 -0.16210134 0.17864470 0.08529422 0.03981452 -0.00309484 -0.21784369 -0.09567642 -0.02893489 0.05336546 0.13264722 -0.14923310 0.01123586 0.06840993 -0.20578012 0.04940978 0.01438865 0.21917589 -0.06586489 -0.22036348 -0.09993414 -0.01089610 0.06052984 -0.17482413 -0.17453284 -0.13495429 0.06245736 -0.05310186 -0.07720927 0.03128062 0.04138929 0.01242707 0.09288013 0.16788876 0.13376434 -0.06832474 0.03956350 -0.20679890 -0.02747080
0.42342816 -0.25020184 -0.07053207 -0.31113452 -0.24927887 0.43150395 -0.44999885 -0.41573928 0.14910324 -0.03571880 0.30192492 0.34318774 -0.13693862 -0.01507991 0.32910007 0.48371893 0.05932365 0.44624463 0.01786086 0.37832869 0.32536077 0.43177046 0.41501391 0.23667282 0.29999852 1.00000000 0.39088847 -0.06277264 0.00378743 0.49607341 0.33244560 0.43752136 0.26327894 0.36773927 -0.29095323 0.32170181 0.13254671 0.46859798 0.04291353 -0.01660661 -0.23220901 0.30560447 0.23944644 0.12939373 0.10146613 -0.37059891 -0.37166148 -0.13400290 -0.04670656 0.14797833 -0.07685752 0.10349911 0.30142265 -0.14604543 0.08355421 0.21617195 0.25138568 0.12085632 -0.26439510 -0.20395370 -0.15833433 -0.11609643 -0.08350040 -0.24713190 -0.10315959 0.37242180 0.24412570 -0.17080596 0.14543575 -0.10574252 0.14252604 0.36008138 0.17738227 0.05399911 0.06070362 0.22599085 -0.19759509 -0.22411496
0.36817829 -0.23004373 0.00779955 -0.25386917 -0.14235042 0.37847893 -0.39481010 -0.38184070 0.11095798 0.00463655 0.30580533 0.34900264 -0.07904023 -0.09415839 0.24803529 0.35472045 -0.01345714 0.15422611 -0.09614463 0.25490050 0.26131565 0.32674244 0.37011137 0.10462685 0.17746363 0.39088847 1.00000000 0.03103846 0.11162081 0.50516297 0.43565668 0.46763110 0.39639022 0.41543533 -0.08022714 0.38856807 0.21109970 0.50853182 0.17766865 -0.05546879 -0.20931143 0.25842459 0.25444020 0.13839309 0.16323800 -0.27638987 -0.24788728 -0.18487417 0.00306100 0.14662116 -0.03461474 0.06431720 0.20894341 -0.12203060 0.08436170 0.21807945 0.30416715 0.12756793 -0.23390517 -0.23350484 -0.13804171 -0.06107057 -0.17140957 -0.18836544 -0.12148246 0.29680473 0.12492697 -0.13444322 0.08463204 -0.13380603 0.08356060 0.26188286 0.14425319 -0.04171440 0.08266702 0.17195353 -0.16095987 -0.18847705
-0.02370863 0.08254956 0.06425162 0.09052578 0.16504262 -0.10246695 0.13128462 0.09003310 0.03158888 0.04616088 0.01282659 0.05409346 0.01998483 0.12102252 0.02485555 -0.09466006 0.19135554 0.01159968 0.04911164 0.05051996 0.10070636 -0.02339102 -0.06900683 -0.12782423 0.00682314 -0.06277264 0.03103846 1.00000000 0.20741627 -0.03352891 0.01427032 0.13826614 0.25592349 0.08833622 0.25633117 0.14984429 0.12338430 0.04727925 0.27377793 -0.08584568 0.03138658 0.05849816 0.06979704 0.04927871 0.00200235 0.07948310 0.14499118 0.02011385 0.04606412 0.09008701 0.06606982 -0.11570399 -0.08838235 -0.03269162 0.08535443 0.03107564 0.12393722 -0.03274623 0.07853173 0.05135582 0.09382371 0.10760467 0.03975614 0.05819700 -0.05029392 -0.12792884 -0.05346525 0.09820127 -0.04448167 0.00572589 0.02627443 -0.05600915 0.05358989 0.08087537 -0.02205378 -0.01281429 -0.01514413 0.00119803
0.02811752 -0.01924557 -0.04142262 0.02075083 0.07954020 -0.03264348 -0.00134857 0.02370362 0.10475438 0.00795945 -0.01546294 0.05839149 -0.07139181 0.00646927 0.11622691 -0.00766225 0.11088294 0.05720610 0.07679876 0.09707979 0.03755054 0.02590039 0.01642486 -0.03300694 0.11480326 0.00378743 0.11162081 0.20741627 1.00000000 0.04494621 0.15011301 0.27890786 0.17452050 0.22027818 0.17017178 0.16117303 0.15931562 0.12155479 0.20726087 0.01837327 0.11524451 0.07322513 0.02916300 0.02994615 0.15710426 0.13799903 0.07644228 0.10576572 0.11190250 0.05642367 0.08540360 0.10685440 -0.00674058 -0.05017280 0.16506069 0.15712559 0.07524762 -0.10204252 0.08219862 0.05506655 0.11670926 0.16878718 0.05027989 0.06086597 0.02990010 -0.02136947 -0.03323375 0.07584759 0.00680708 0.02826297 -0.04970888 -0.00714747 0.01156114 0.10252293 0.08647503 0.06786302 0.02731403 0.17353601
0.44572958 -0.19614033 0.06915443 -0.23044343 -0.25453369 0.47002634 -0.44344142 -0.44181410 0.10286362 0.01361287 0.39603982 0.35557755 -0.05689660 -0.17202520 0.12130948 0.46014537 -0.06340936 0.21158640 -0.05061012 0.22312293 0.20272212 0.32176457 0.43328478 0.18174928 0.10478791 0.49607341 0.50516297 -0.03352891 0.04494621 1.00000000 0.44551535 0.50060676 0.34925557 0.37719329 -0.15337881 0.42412065 0.29165704 0.62077569 0.06334400 0.04243791 -0.23501988 0.21388279 0.23683943 0.06462833 0.12430095 -0.29184441 -0.35168631 -0.17197440 -0.08890013 0.09907499 0.01442427 0.12536924 0.26385599 -0.04314743 0.04120285 0.16182935 0.19262550 0.12533564 -0.27208018 -0.22729869 -0.17598478 -0.10507380 -0.07412043 -0.21142869 -0.07102085 0.35736017 0.19172543 -0.19980767 0.12470988 -0.09449729 0.05914738 0.32297201 0.12336413 -0.03857573 0.07749164 0.16167450 -0.15547966 -0.27447166
0.34235050 -0.06423814 0.13790612 -0.09240478 -0.08362329 0.33036336 -0.30624104 -0.22715386 0.10956335 0.05252864 0.27057445 0.22194041 0.02187773 -0.09552228 0.07318291 0.37165338 0.05751664 0.16248162 0.03920576 0.09916639 0.13341263 0.11532661 0.35649466 0.17833261 0.06088828 0.33244560 0.43565668 0.01427032 0.15011301 0.44551535 1.00000000 0.34786799 0.25838632 0.22570682 0.00139898 0.33701711 0.35744352 0.48633424 0.13948654 0.10905739 -0.04597699 0.07290325 0.14807044 0.08996512 0.20062511 -0.08443295 -0.19013838 -0.09205056 -0.09939577 0.01394154 -0.05743640 0.07869007 0.16478164 -0.06054600 0.02293452 0.22668278 0.04760148 -0.02609480 -0.12822087 -0.13116374 -0.12555824 0.02309938 -0.00623730 -0.08442503 -0.02851262 0.29401092 0.16682136 -0.04086435 0.12637819 -0.03495920 0.12726486 0.16733102 0.05418231 -0.01380282 0.20879576 0.28813277 0.00053150 -0.05797317
0.39459568 -0.22283738 -0.09738734 -0.25913016 -0.14499460 0.37634709 -0.43260514 -0.34187567 0.16597436 0.03173745 0.34069783 0.40952676 -0.19069559 -0.08791843 0.26425918 0.32424326 0.09690362 0.24321719 -0.12584846 0.27566022 0.32526785 0.31804941 0.29195237 -0.02814265 0.20994203 0.43752136 0.46763110 0.13826614 0.27890786 0.50060676 0.34786799 1.00000000 0.40300300 0.50640801 -0.10239821 0.39543051 0.20878793 0.49165412 0.19196825 -0.03879516 -0.16760679 0.34113868 0.35560848 0.28458201 0.32549985 -0.20256235 -0.25024357 -0.11580355 0.02971971 0.26208406 0.05610087 0.19304287 0.16284932 -0.19406325 0.17816567 0.26863595 0.40852406 -0.01909704 -0.21054378 -0.10996970 -0.06652372 0.05280999 -0.02839333 -0.14378439 -0.13952909 0.29802656 0.09425214 -0.06856628 0.14094287 0.00353867 0.20431943 0.33910311 0.28762539 0.12339721 0.06407276 0.29255965 -0.18516636 -0.11925700
0.24300604 -0.11604902 0.10296656 -0.14042163 -0.10664140 0.19013787 -0.24639194 -0.23991157 0.11849463 0.00872276 0.30381516 0.33652544 -0.05674263 -0.07139638 0.16860935 0.28345759 0.06736092 0.17140350 -0.03990414 0.18846657 0.24223702 0.27511277 0.26988383 0.05943794 0.15134807 0.26327894 0.39639022 0.25592349 0.17452050 0.34925557 0.25838632 0.40300300 1.00000000 0.39588937 0.04662326 0.32726658 0.20255922 0.32330679 0.29775255 -0.00981191 -0.15987926 0.26350941 0.19375715 0.10011334 0.09798352 -0.15490320 -0.18419302 -0.12252843 -0.01305126 0.17403977 0.05281895 0.07396788 0.10864184 -0.07500223 0.08991781 0.17679624 0.25174101 0.09010990 -0.16271508 -0.12770629 -0.01158711 0.04005717 -0.05722351 -0.11806304 -0.11064051 0.20406494 0.11419110 -0.00341178 0.04386886 -0.09426985 0.14918822 0.22413885 0.17755369 0.07189002 0.06228635 0.15151960 -0.15749937 -0.13551498
0.25556606 -0.30940625 -0.16690102 -0.28974132 -0.22308802 0.24336223 -0.37397957 -0.30344358 0.23645789 -0.05322301 0.27289984 0.38243004 -0.25077496 0.03351450 0.35618564 0.21767657 0.04624880 0.24855025 -0.09830702 0.38419915 0.30673173 0.46094763 0.25654204 -0.10500189 0.28757597 0.36773927 0.41543533 0.08833622 0.22027818 0.37719329 0.22570682 0.50640801 0.39588937 1.00000000 -0.10985452 0.30643049 -0.02206890 0.31095259 0.24402703 -0.11020278 -0.09220553 0.38615231 0.33560613 0.31283368 0.17342769 -0.16989547 -0.14267137 -0.07149648 0.10701384 0.33236323 0.03808197 0.13812552 0.17192480 -0.19041387 0.14254691 0.19702569 0.50174364 0.00357158 -0.18702372 -0.07477959 0.02088653 0.09361392 -0.11819907 -0.14734809 -0.02465288 0.14806279 0.02414705 -0.07455206 0.06120260 0.06040540 0.08076846 0.23247143 0.26382306 0.18047822 -0.02036577 0.23921833 -0.28498103 -0.05349823
-0.13108917 0.28825417 0.23240191 0.34534412 0.17394578 -0.25496161 0.30693757 0.27704982 -0.03620893 0.13477545 -0.10222288 -0.13585810 0.18386144 0.08510073 -0.22898053 -0.10889639 0.19475505 -0.11682888 0.07352769 -0.16107222 -0.14075623 -0.32222275 -0.18559489 -0.08089425 -0.20666204 -0.29095323 -0.08022714 0.25633117 0.17017178 -0.15337881 0.00139898 -0.10239821 0.04662326 -0.10985452 1.00000000 0.07166249 0.10989083 -0.10610821 0.31584858 0.16342413 0.12865342 -0.08109636 -0.00611579 -0.00137465 0.04171505 0.30610882 0.27144346 0.08349951 0.00040207 -0.04392294 0.17888539 -0.05281086 -0.18642878 0.13879425 0.06753213 0.05547377 -0.14949589 0.06397920 0.29287983 0.15173875 0.18119126 0.11695613 0.15226125 0.21406221 0.02802903 -0.18258161 -0.04944760 0.14456236 -0.09956824 -0.02511148 0.03128019 -0.13111560 -0.22248778 -0.00726817 0.03785315 -0.06878294 0.15986903 0.06953828
0.28533852 -0.10485350 0.12840225 -0.13124701 -0.14571519 0.26477063 -0.29871658 -0.32294869 0.09814723 0.00960195 0.21828218 0.25589549 0.01388232 -0.12979634 0.07964912 0.40964577 0.07879068 0.23108034 0.01449257 0.16662979 0.18764759 0.20383396 0.35146699 0.16713487 0.07432677 0.32170181 0.38856807 0.14984429 0.16117303 0.42412065 0.33701711 0.39543051 0.32726658 0.30643049 0.07166249 1.00000000 0.34085361 0.50569433 0.18675874 -0.00838665 -0.18176858 0.18861132 0.18200525 0.06193869 0.08094846 -0.17791507 -0.20567245 -0.16448597 -0.06180594 0.12399884 0.01871813 0.02052691 0.15363180 -0.08819861 0.10321219 0.17763789 0.11150536 0.07218482 -0.09084898 -0.14989743 -0.06055750 -0.04275413 -0.04036954 -0.12594741 -0.07977316 0.24972947 0.19637132 -0.07513517 0.10888836 -0.11467018 0.10927211 0.29891097 0.12064073 0.02377926 0.11207129 0.13170785 -0.04047186 -0.17204985
0.18749272 0.12801727 0.27984247 0.07766732 -0.00362756 0.06711419 -0.09662201 -0.14976057 -0.03572192 0.12429035 0.10600694 0.02345720 0.07550658 -0.12759011 -0.16877375 0.27813611 0.16187677 0.06612424 0.06465078 -0.13190552 0.02603104 -0.15534948 0.16921337 0.15076530 -0.13279105 0.13254671 0.21109970 0.12338430 0.15931562 0.29165704 0.35744352 0.20878793 0.20255922 -0.02206890 0.10989083 0.34085361 1.00000000 0.25670792 0.14739885 0.12411452 0.02041626 -0.00635186 -0.03255728 -0.04751414 0.10811843 0.10399184 -0.06440263 -0.06794203 -0.10263672 -0.07595411 0.04238940 0.04523544 0.09613857 0.07588302 0.07747179 0.20202793 -0.09770891 0.10915050 0.11054337 0.01478328 0.02606249 0.05676151 0.14687558 0.08805700 0.05391272 0.19389102 0.20868202 0.02875408 0.03655649 -0.15717535 0.12332390 0.11393255 -0.14324288 -0.08664608 0.17851395 0.11297324 0.15386193 -0.06713555
0.46126076 -0.26119064 0.05680123 -0.24032688 -0.24901841 0.46281908 -0.48030664 -0.45183642 0.06806976 -0.01910944 0.35471038 0.35824442 -0.06317008 -0.15194658 0.18184083 0.42467768 -0.02605574 0.20149082 -0.07455317 0.18384039 0.23551101 0.34655721 0.47553067 0.18388724 0.18064139 0.46859798 0.50853182 0.04727925 0.12155479 0.62077569 0.48633424 0.49165412 0.32330679 0.31095259 -0.10610821 0.50569433 0.25670792 1.00000000 0.19276913 -0.00149594 -0.27692465 0.28872643 0.28810005 0.03595601 0.14168848 -0.33316140 -0.37130868 -0.20892248 -0.08554900 0.18064573 -0.10637629 0.09020559 0.28570113 -0.11669594 0.07962323 0.19624315 0.25261183 0.04475138 -0.32239909 -0.28471304 -0.18608967 -0.10819187 -0.13599362 -0.25173444 -0.16414391 0.38284696 0.20595199 -0.15820379 0.14053258 -0.11053372 0.12767464 0.36469138 0.20615226 0.01237791 0.08660400 0.19017265 -0.16135529 -0.29047147
0.07830378 0.03506274 0.11896464 0.10774789 -0.01423431 -0.05735336 0.00845155 -0.03829493 0.07859835 0.02762511 0.06652260 0.05592646 0.02591128 0.03510330 0.02965654 0.03902282 0.17871921 0.03039025 0.07263103 0.09111526 0.08414143 -0.00005143 0.08729415 -0.03778976 0.04133059 0.04291353 0.17766865 0.27377793 0.20726087 0.06334400 0.13948654 0.19196825 0.29775255 0.24402703 0.31584858 0.18675874 0.14739885 0.19276913 1.00000000 0.03621658 0.03243927 0.09596969 0.07310372 0.09920650 0.09493584 0.06701633 0.03412688 0.00989743 0.03293838 0.11738354 0.00538634 -0.00853766 0.00532875 -0.01462349 0.11554137 0.13448811 0.11182289 0.09334489 0.10008787 0.06008665 0.13302477 0.10848461 0.01077555 0.02508802 -0.06233644 0.01950594 0.10175014 0.10812801 -0.00535922 0.01319361 0.08106864 0.04511681 -0.01484779 0.04050867 0.08437082 0.11505917 0.03858962 0.00409348
-0.04776177 0.16113731 0.16326154 0.17068719 0.08201218 -0.09180685 0.07404662 0.06817548 -0.05415924 0.16523299 -0.02694439 -0.10322741 0.06241177 -0.09496977 -0.13746139 0.11630426 0.05155004 -0.00411378 0.05955551 -0.10169480 -0.08098835 -0.24527281 -0.03075928 0.03588090 -0.15844920 -0.01660661 -0.05546879 -0.08584568 0.01837327 0.04243791 0.10905739 -0.03879516 -0.00981191 -0.11020278 0.16342413 -0.00838665 0.12411452 -0.00149594 0.03621658 1.00000000 0.27142166 -0.04024926 0.05005533 0.04486455 0.24060742 0.26676566 0.17649409 0.21503040 0.00942470 -0.05984596 0.28655499 0.25553922 0.03455454 0.25857974 -0.03221756 0.05098843 -0.25247801 0.04944091 0.31313558 0.10921420 0.12510746 0.03036414 0.30000611 0.28501496 0.19978951 0.06766132 0.12479360 0.11386354 0.16774285 -0.01038471 0.18668073 -0.01958034 -0.19524547 -0.07821642 0.16671912 0.10008300 0.28544671 0.10903273
-0.24001414 0.16030032 0.02609420 0.24985116 0.20500156 -0.28456944 0.21111947 0.25956888 0.02382512 0.13124079 -0.23631054 -0.22993780 0.04911280 0.07557011 -0.14445696 -0.14356476 0.11282128 -0.01522237 0.13446344 -0.12557518 -0.11142297 -0.26916490 -0.20422802 -0.01325829 -0.16210134 -0.23220901 -0.20931143 0.03138658 0.11524451 -0.23501988 -0.04597699 -0.16760679 -0.15987926 -0.09220553 0.12865342 -0.18176858 0.02041626 -0.27692465 0.03243927 0.27142166 1.00000000 -0.19866203 -0.26172901 0.01490100 0.05609606 0.59427470 0.48814403 0.28146727 0.21413964 -0.12687666 0.30180932 0.23113227 -0.05223323 0.25745839 -0.05649000 -0.12239253 -0.24557193 -0.13253948 0.44466601 0.30408206 0.28557080 0.21254766 0.27323323 0.35790307 0.39163173 -0.24112074 -0.07255330 0.19702306 -0.03049056 0.14553822 0.05431220 -0.27784348 -0.19708656 0.05971472 0.14761744 0.01779948 0.28681480 0.28605469
0.24993593 -0.18787176 -0.05052679 -0.17467238 -0.09462674 0.24262258 -0.27963931 -0.27526666 0.10608983 0.01047508 0.27785246 0.36679182 -0.16538745 -0.01022129 0.25340540 0.16611656 0.04010210 0.16404908 -0.13821225 0.20717126 0.29079998 0.30741202 0.21553797 -0.01888961 0.17864470 0.30560447 0.25842459 0.05849816 0.07322513 0.21388279 0.07290325 0.34113868 0.26350941 0.38615231 -0.08109636 0.18861132 -0.00635186 0.28872643 0.09596969 -0.04024926 -0.19866203 1.00000000 0.59369862 0.45637136 0.27577699 -0.23541654 -0.11289695 0.00118915 0.19404966 0.57500815 0.13182274 0.06617615 0.06846386 -0.15131905 0.22057694 0.18843816 0.53701886 0.10070704 -0.28175681 -0.15017871 -0.03430092 0.00138990 -0.17668490 -0.25354251 -0.17592922 0.25543286 0.07785908 -0.08411310 0.05399928 -0.00117595 0.10523106 0.30856708 0.30088651 0.19747216 -0.06548734 0.17622395 -0.29767932 -0.16404413
0.27058121 -0.14915237 -0.09641510 -0.12310571 -0.15433768 0.29510927 -0.27096484 -0.28065573 0.06672117 0.05435997 0.30321292 0.30247385 -0.13264548 -0.01732244 0.21783084 0.18113630 0.13652657 0.13224855 -0.13827504 0.25154639 0.29210075 0.23601146 0.21292769 -0.09401487 0.08529422 0.23944644 0.25444020 0.06979704 0.02916300 0.23683943 0.14807044 0.35560848 0.19375715 0.33560613 -0.00611579 0.18200525 -0.03255728 0.28810005 0.07310372 0.05005533 -0.26172901 0.59369862 1.00000000 0.43022143 0.32778941 -0.25334944 -0.10155844 0.00042930 0.13267249 0.51415025 0.12318691 0.08307362 0.05438569 -0.13567929 0.18463201 0.17430952 0.47361709 0.04259585 -0.21824350 -0.08361799 -0.03793528 -0.02218716 -0.11558548 -0.23699026 -0.19036836 0.23852171 0.07629048 -0.09982734 0.11163230 0.00487052 0.18233668 0.34317564 0.27170248 0.14183982 -0.01527015 0.21912907 -0.27121140 -0.21331746
0.09222166 -0.13549617 -0.13671461 -0.08312625 -0.09365032 0.09330301 -0.20578508 -0.13383964 0.09150257 0.09816973 0.15039806 0.16763845 -0.23518708 0.03436668 0.20019039 0.10245197 0.07977236 0.07305320 -0.09327966 0.20022183 0.21086517 0.12962180 0.03648672 -0.11855348 0.03981452 0.12939373 0.13839309 0.04927871 0.02994615 0.06462833 0.08996512 0.28458201 0.10011334 0.31283368 -0.00137465 0.06193869 -0.04751414 0.03595601 0.09920650 0.04486455 0.01490100 0.45637136 0.43022143 1.00000000 0.42317180 -0.04194990 0.04021628 0.16545300 0.22092379 0.43886128 0.17002547 0.16226489 -0.04083200 -0.16095742 0.22014020 0.20959835 0.37337191 -0.05759612 -0.09408470 0.00134247 0.09323558 0.12783477 -0.09146995 -0.06663924 -0.07534498 0.11289796 0.04649722 0.02336444 0.11586337 0.09353984 0.18997494 0.21272134 0.22612035 0.14418197 0.01709064 0.29175746 -0.18998626 0.05004135
0.10286878 -0.08244759 -0.00641676 -0.05344198 -0.03729082 0.09033299 -0.20491071 -0.11729862 0.04643210 0.07422929 0.10725932 0.11632097 -0.11454341 -0.03531202 0.12030291 0.13410134 0.12285408 0.08620058 -0.04814054 0.08833341 0.12495459 -0.00242048 0.11114260 0.02046568 -0.00309484 0.10146613 0.16323800 0.00200235 0.15710426 0.12430095 0.20062511 0.32549985 0.09798352 0.17342769 0.04171505 0.08094846 0.10811843 0.14168848 0.09493584 0.24060742 0.05609606 0.27577699 0.32778941 0.42317180 1.00000000 0.08872380 -0.00724117 0.14334259 0.10010470 0.28789280 0.08729318 0.25980659 -0.02307182 -0.08919367 0.15401181 0.33322171 0.24315698 -0.07052506 -0.06623273 0.03268988 -0.00211573 0.14508419 0.09389722 -0.02076699 -0.07379405 0.23307874 0.09386855 0.06644335 0.21316119 0.08759185 0.15051681 0.15940312 0.09232499 0.11141487 0.12270052 0.34499877 -0.06489736 0.10217585
-0.31133828 0.31531523 0.11245643 0.38590566 0.26603574 -0.36366681 0.35954151 0.41130042 -0.03062122 0.16897711 -0.17999303 -0.29603474 0.08365444 0.13394724 -0.23569189 -0.21041359 0.21754537 -0.06557499 0.13764403 -0.16804686 -0.21049478 -0.43025817 -0.28325076 -0.06216854 -0.21784369 -0.37059891 -0.27638987 0.07948310 0.13799903 -0.29184441 -0.08443295 -0.20256235 -0.15490320 -0.16989547 0.30610882 -0.17791507 0.10399184 -0.33316140 0.06701633 0.26676566 0.59427470 -0.23541654 -0.25334944 -0.04194990 0.08872380 1.00000000 0.62408490 0.37411622 0.18998568 -0.18667695 0.27519928 0.14604552 -0.19714062 0.25541589 -0.01187175 -0.06245918 -0.29012479 -0.09540105 0.52713663 0.41942341 0.30953151 0.33883068 0.33494848 0.43226205 0.33703079 -0.25450077 -0.07344946 0.33066026 -0.05181372 0.09826317 0.04247674 -0.35421109 -0.29923978 0.01141331 0.13048104 0.01064895 0.41146238 0.37619085
-0.29363347 0.25293884 0.07502281 0.37580524 0.27461040 -0.39325155 0.39257300 0.41496784 -0.01468891 0.18987977 -0.20319251 -0.22027382 0.10049571 0.21452280 -0.15744397 -0.23755321 0.16328300 -0.07326144 0.13663608 -0.08581721 -0.11327223 -0.29393860 -0.27507429 -0.08396782 -0.09567642 -0.37166148 -0.24788728 0.14499118 0.07644228 -0.35168631 -0.19013838 -0.25024357 -0.18419302 -0.14267137 0.27144346 -0.20567245 -0.06440263 -0.37130868 0.03412688 0.17649409 0.48814403 -0.11289695 -0.10155844 0.04021628 -0.00724117 0.62408490 1.00000000 0.35166592 0.24657337 -0.02055796 0.34556951 0.08802493 -0.25311117 0.24695893 0.00541668 -0.12545791 -0.17740896 -0.10874511 0.49238178 0.38112506 0.31330395 0.36351416 0.21308334 0.40588942 0.26602296 -0.33857315 -0.15737359 0.29769359 -0.13108945 0.14568585 0.01299528 -0.33642600 -0.15990622 0.08501282 0.12337238 -0.03213135 0.31964742 0.35374082
-0.10791890 0.14206953 0.00860601 0.11973274 0.12705533 -0.13737828 0.21240092 0.19390785 0.00343209 0.09482875 -0.09875996 -0.07367777 0.03493999 0.01698011 -0.00071422 -0.11511438 0.10417050 -0.04135313 -0.01758383 -0.05469429 -0.05228399 -0.18498676 -0.21842932 -0.01645136 -0.02893489 -0.13400290 -0.18487417 0.02011385 0.10576572 -0.17197440 -0.09205056 -0.11580355 -0.12252843 -0.07149648 0.08349951 -0.16448597 -0.06794203 -0.20892248 0.00989743 0.21503040 0.28146727 0.00118915 0.00042930 0.16545300 0.14334259 0.37411622 0.35166592 1.00000000 0.13540661 0.05143328 0.18984323 0.08153489 -0.07240580 0.05686003 0.05515641 0.02022176 -0.07343969 -0.04035294 0.23034766 0.22909629 0.21453724 0.22051004 0.14709664 0.23959065 0.09880573 -0.14548271 -0.08042308 0.15143611 -0.03935554 0.10923870 -0.00221290 -0.13590881 -0.09742403 0.07235175 0.07915103 0.09889414 0.17176707 0.27035322
-0.11455265 0.00624964 -0.11078882 0.01193106 0.02197188 -0.04177706 0.04602000 0.11251934 -0.00138957 -0.04311940 -0.12690137 -0.00005103 -0.07253977 0.05408116 0.05470595 -0.07559743 -0.01376404 0.05981065 -0.02452956 0.06293345 0.06117758 0.02257852 -0.06511019 -0.02177918 0.05336546 -0.04670656 0.00306100 0.04606412 0.11190250 -0.08890013 -0.09939577 0.02971971 -0.01305126 0.10701384 0.00040207 -0.06180594 -0.10263672 -0.08554900 0.03293838 0.00942470 0.21413964 0.19404966 0.13267249 0.22092379 0.10010470 0.18998568 0.24657337 0.13540661 1.00000000 0.20256425 0.09790299 0.03815054 0.03616004 -0.00463925 -0.00225555 -0.00964509 0.09779184 -0.13490442 0.03185341 0.11190146 0.07113938 0.08400538 -0.02773296 0.00346589 0.05892362 0.00774455 -0.06244473 -0.00092239 -0.04543953 0.04870911 -0.06430052 -0.07874708 0.11908002 0.12327201 0.03499378 0.04950239 -0.01885052 0.11020130
0.16546823 -0.19741835 -0.09566971 -0.11986661 -0.06592256 0.17093938 -0.20386696 -0.17228470 0.08664714 0.05705690 0.20107060 0.25434472 -0.18389947 0.01003902 0.18046332 0.06127864 0.01640620 0.10703593 -0.18339583 0.16924108 0.19440527 0.24657280 0.08076696 -0.13514841 0.13264722 0.14797833 0.14662116 0.09008701 0.05642367 0.09907499 0.01394154 0.26208406 0.17403977 0.33236323 -0.04392294 0.12399884 -0.07595411 0.18064573 0.11738354 -0.05984596 -0.12687666 0.57500815 0.51415025 0.43886128 0.28789280 -0.18667695 -0.02055796 0.05143328 0.20256425 1.00000000 0.15583609 0.01269401 -0.05774528 -0.23204940 0.20396491 0.10710493 0.55341736 -0.02246374 -0.30843279 -0.14592865 -0.01314497 -0.05445870 -0.25347305 -0.25761476 -0.20734919 0.10469608 0.00469848 -0.01939935 -0.03486435 0.04652570 0.01360394 0.24551740 0.35422868 0.21145674 -0.07998336 0.12681012 -0.30770246 -0.13221847
-0.06176909 0.16794515 0.18293117 0.23391716 0.16301811 -0.11204459 0.12559450 0.06415212 0.00398358 0.21095477 0.06267108 -0.01937255 0.00755410 0.01797088 -0.16335269 -0.00555215 0.08582709 0.05375333 0.05106888 -0.05567662 0.03451204 -0.13468359 -0.09133462 -0.10662930 -0.14923310 -0.07685752 -0.03461474 0.06606982 0.08540360 0.01442427 -0.05743640 0.05610087 0.05281895 0.03808197 0.17888539 0.01871813 0.04238940 -0.10637629 0.00538634 0.28655499 0.30180932 0.13182274 0.12318691 0.17002547 0.08729318 0.27519928 0.34556951 0.18984323 0.09790299 0.15583609 1.00000000 0.19828939 -0.09973195 0.18064621 0.09115177 -0.06667307 -0.02033482 0.03652772 0.26997947 0.16391448 0.23170991 0.11283730 0.18151329 0.26397658 0.13360402 -0.14751336 0.04342189 0.06533278 -0.04925128 -0.11653270 0.07747098 -0.02558595 -0.02912565 0.02409779 0.02680255 -0.10290828 0.07219900 0.04773013
0.01732779 -0.03381490 -0.02814591 -0.03650210 -0.05813078 0.04593754 -0.08286362 -0.06170060 0.05708010 0.05501831 0.07929234 0.05953661 -0.08418360 -0.06505281 0.14548578 0.11127918 0.03065487 0.07606050 -0.00375593 0.10628294 0.04264198 0.01933903 0.04710130 0.03462528 0.01123586 0.10349911 0.06431720 -0.11570399 0.10685440 0.12536924 0.07869007 0.19304287 0.07396788 0.13812552 -0.05281086 0.02052691 0.04523544 0.09020559 -0.00853766 0.25553922 0.23113227 0.06617615 0.08307362 0.16226489 0.25980659 0.14604552 0.08802493 0.08153489 0.03815054 0.01269401 0.19828939 1.00000000 0.18401045 0.06219312 0.02554732 0.12035788 0.00952839 -0.06812590 0.09855168 0.05043513 0.10017406 0.08284481 0.12355987 0.11494104 0.14590867 0.11713410 0.05881778 0.05134113 0.11221653 0.09198418 0.18097817 0.00432138 -0.01404158 0.07350646 0.10096626 0.19901868 0.00300145 0.10168169
0.12924305 -0.13408290 -0.00490628 -0.15725278 -0.09681783 0.24327601 -0.24703205 -0.23486465 0.15911239 -0.00871457 0.11469276 0.15311611 -0.05017787 -0.08449859 0.12114830 0.20196446 -0.13530910 0.12950781 -0.07397510 0.11100749 0.09807709 0.19946160 0.24604904 0.17678842 0.06840993 0.30142265 0.20894341 -0.08838235 -0.00674058 0.26385599 0.16478164 0.16284932 0.10864184 0.17192480 -0.18642878 0.15363180 0.09613857 0.28570113 0.00532875 0.03455454 -0.05223323 0.06846386 0.05438569 -0.04083200 -0.02307182 -0.19714062 -0.25311117 -0.07240580 0.03616004 -0.05774528 -0.09973195 0.18401045 1.00000000 -0.01221293 -0.08375159 0.17443390 0.12184296 0.11237824 -0.03898925 -0.07360427 0.00149592 0.03230452 0.06586043 -0.00159135 0.15963256 0.27101861 0.15261947 -0.13772193 0.10626186 -0.02931436 0.06348061 0.13623572 0.04813907 0.05677865 0.04514334 0.08364758 -0.06060363 -0.12983760
-0.08427304 0.24846091 0.20429470 0.26849422 0.14970453 -0.12975391 0.19059327 0.11560893 -0.04989509 0.13976890 -0.08386070 -0.13848978 0.13969260 0.06750651 -0.23883007 -0.01885833 0.05956277 -0.03984693 0.09300329 -0.12345270 -0.06410028 -0.20994497 -0.10436933 0.09709346 -0.20578012 -0.14604543 -0.12203060 -0.03269162 -0.05017280 -0.04314743 -0.06054600 -0.19406325 -0.07500223 -0.19041387 0.13879425 -0.08819861 0.07588302 -0.11669594 -0.01462349 0.25857974 0.25745839 -0.15131905 -0.13567929 -0.16095742 -0.08919367 0.25541589 0.24695893 0.05686003 -0.00463925 -0.23204940 0.18064621 0.06219312 -0.01221293 1.00000000 0.03948350 0.02760533 -0.26953050 0.19773061 0.45129022 0.25777227 0.30951957 0.09047880 0.36126339 0.37659693 0.42920208 -0.10273718 -0.00311675 0.09128383 -0.05485894 -0.04008627 0.07435216 -0.16175254 -0.17917760 -0.04707701 0.10839844 -0.15145175 0.26074961 0.00211851
0.10699637 -0.10466880 0.00503529 -0.05548167 0.01370848 0.03556841 -0.09017344 -0.10686637 -0.00482823 0.04300725 0.11579697 0.16910861 -0.06763238 0.07041556 0.12399617 0.01317049 0.12850503 0.05894188 -0.01506678 0.10110620 0.12520092 0.07565652 0.06530208 -0.05000878 0.04940978 0.08355421 0.08436170 0.08535443 0.16506069 0.04120285 0.02293452 0.17816567 0.08991781 0.14254691 0.06753213 0.10321219 0.07747179 0.07962323 0.11554137 -0.03221756 -0.05649000 0.22057694 0.18463201 0.22014020 0.15401181 -0.01187175 0.00541668 0.05515641 -0.00225555 0.20396491 0.09115177 0.02554732 -0.08375159 0.03948350 1.00000000 0.21944879 0.29984047 0.11048871 0.04934693 0.02362093 0.27450066 0.19540364 0.06618698 0.11599754 -0.01531622 0.01691548 0.05284335 0.01912513 0.03418867 0.01270168 0.04936238 0.10064586 0.05306924 0.08956736 0.03271918 0.07946620 -0.06479655 0.07068542
0.17654187 -0.05729854 0.04386968 -0.06596085 -0.12294303 0.13668669 -0.15682866 -0.11526308 0.01516933 0.04231858 0.18966071 0.15120173 0.00632367 -0.04943849 0.08859795 0.12327153 0.09359056 0.10682035 -0.02471342 0.03950864 0.08508893 0.02773551 0.11337396 0.04055200 0.01438865 0.21617195 0.21807945 0.03107564 0.15712559 0.16182935 0.22668278 0.26863595 0.17679624 0.19702569 0.05547377 0.17763789 0.20202793 0.19624315 0.13448811 0.05098843 -0.12239253 0.18843816 0.17430952 0.20959835 0.33322171 -0.06245918 -0.12545791 0.02022176 -0.00964509 0.10710493 -0.06667307 0.12035788 0.17443390 0.02760533 0.21944879 1.00000000 0.17433829 0.17622050 -0.04199172 0.06363408 0.01208250 0.20370257 0.09593864 0.02237703 -0.07348260 0.32734727 0.20566924 -0.00032818 0.18833028 -0.04927613 0.16614616 0.18391498 0.03346100 0.05410116 0.20169403 0.22975749 -0.01960038 -0.02509677
0.20141801 -0.32418701 -0.23806264 -0.27190509 -0.18504773 0.23926330 -0.33406987 -0.27303121 0.07587528 -0.08198757 0.23578097 0.39191242 -0.29393205 0.10471163 0.36896687 0.04915594 0.02981729 0.19411096 -0.16087098 0.28165805 0.33614757 0.37687138 0.13207653 -0.11740810 0.21917589 0.25138568 0.30416715 0.12393722 0.07524762 0.19262550 0.04760148 0.40852406 0.25174101 0.50174364 -0.14949589 0.11150536 -0.09770891 0.25261183 0.11182289 -0.25247801 -0.24557193 0.53701886 0.47361709 0.37337191 0.24315698 -0.29012479 -0.17740896 -0.07343969 0.09779184 0.55341736 -0.02033482 0.00952839 0.12184296 -0.26953050 0.29984047 0.17433829 1.00000000 0.04488918 -0.36918811 -0.19026605 -0.00787975 0.02701813 -0.27582945 -0.26431787 -0.16982793 0.09927954 -0.06824321 -0.12129199 -0.01794550 0.11232087 0.04687758 0.23490217 0.42263708 0.27116731 -0.09985274 0.15041497 -0.41700698 -0.10700024
0.16450591 0.04615961 0.13353224 0.03042444 -0.08004704 0.04173542 -0.04273924 -0.09809986 0.00224139 0.04761778 0.08440185 0.10976155 0.08264074 0.01730281 -0.05822884 0.14013085 0.04042100 0.05276147 -0.00223818 -0.01900816 0.03380673 -0.00927224 0.06900250 0.05644433 -0.06586489 0.12085632 0.12756793 -0.03274623 -0.10204252 0.12533564 -0.02609480 -0.01909704 0.09010990 0.00357158 0.06397920 0.07218482 0.10915050 0.04475138 0.09334489 0.04944091 -0.13253948 0.10070704 0.04259585 -0.05759612 -0.07052506 -0.09540105 -0.10874511 -0.04035294 -0.13490442 -0.02246374 0.03652772 -0.06812590 0.11237824 0.19773061 0.11048871 0.17622050 0.04488918 1.00000000 0.07180079 0.02570832 0.05019021 -0.00590548 0.02806074 -0.00368085 0.05814434 0.06647332 0.11066201 0.02712675 -0.00413882 -0.14193790 0.04879910 0.06310872 -0.09139410 -0.08555317 0.00916233 -0.01922280 -0.01693006 -0.18493597
-0.22637244 0.33676147 0.16959228 0.41085709 0.25104906 -0.31875618 0.35564750 0.30473832 0.00275203 0.18315529 -0.16891652 -0.26491787 0.16337403 0.11837562 -0.23285853 -0.11961520 0.22832163 -0.07022777 0.17645586 -0.13098980 -0.10716432 -0.39589423 -0.22881277 -0.01029859 -0.22036348 -0.26439510 -0.23390517 0.07853173 0.08219862 -0.27208018 -0.12822087 -0.21054378 -0.16271508 -0.18702372 0.29287983 -0.09084898 0.11054337 -0.32239909 0.10008787 0.31313558 0.44466601 -0.28175681 -0.21824350 -0.09408470 -0.06623273 0.52713663 0.49238178 0.23034766 0.03185341 -0.30843279 0.26997947 0.09855168 -0.03898925 0.45129022 0.04934693 -0.04199172 -0.36918811 0.07180079 1.00000000 0.44731000 0.49160127 0.37579249 0.46218032 0.61053604 0.43269110 -0.29032053 -0.02089318 0.24390167 -0.00310471 0.04254507 0.09019001 -0.31450527 -0.33740434 -0.06846806 0.11895777 -0.05389476 0.42235196 0.27880976
-0.16367325 0.29242556 0.03417755 0.30202418 0.18207616 -0.24438277 0.31212128 0.27839134 0.02893856 0.10471568 -0.11500711 -0.16430639 0.09345348 0.16582243 -0.12012453 -0.10974791 0.20629021 0.00378798 0.08662715 -0.07015652 -0.10874085 -0.28778952 -0.15328642 -0.01965385 -0.09993414 -0.20395370 -0.23350484 0.05135582 0.05506655 -0.22729869 -0.13116374 -0.10996970 -0.12770629 -0.07477959 0.15173875 -0.14989743 0.01478328 -0.28471304 0.06008665 0.10921420 0.30408206 -0.15017871 -0.08361799 0.00134247 0.03268988 0.41942341 0.38112506 0.22909629 0.11190146 -0.14592865 0.16391448 0.05043513 -0.07360427 0.25777227 0.02362093 0.06363408 -0.19026605 0.02570832 0.44731000 1.00000000 0.33867447 0.38034957 0.37921114 0.38276461 0.29111522 -0.17787404 -0.04940988 0.15717598 -0.05257742 0.07431147 0.03749274 -0.19395318 -0.22190715 -0.01141919 0.10642193 0.01708307 0.24114299 0.22427441
-0.11380638 0.16752980 0.02481731 0.26965457 0.13314422 -0.18654874 0.19403210 0.16836770 0.06152568 0.11408300 -0.05275482 -0.05502003 0.03701998 0.10896053 -0.00888820 -0.11642311 0.17173012 0.03092422 0.14220780 -0.05278807 0.04895762 -0.12290025 -0.13515764 -0.02540770 -0.01089610 -0.15833433 -0.13804171 0.09382371 0.11670926 -0.17598478 -0.12555824 -0.06652372 -0.01158711 0.02088653 0.18119126 -0.06055750 0.02606249 -0.18608967 0.13302477 0.12510746 0.28557080 -0.03430092 -0.03793528 0.09323558 -0.00211573 0.30953151 0.31330395 0.21453724 0.07113938 -0.01314497 0.23170991 0.10017406 0.00149592 0.30951957 0.27450066 0.01208250 -0.00787975 0.05019021 0.49160127 0.33867447 1.00000000 0.32588922 0.30572525 0.42966162 0.26263172 -0.24103746 -0.05723452 0.25678159 -0.02875750 0.05196026 0.14572186 -0.11888214 -0.07249112 0.09277075 0.08370037 0.00657876 0.19166708 0.23918200
-0.04934566 0.13763152 0.04394461 0.18336267 0.12628359 -0.18282459 0.12337847 0.15831617 0.04408586 0.10658586 -0.03127616 0.08087247 0.07998273 0.15091734 -0.01263522 -0.11345394 0.15716825 0.06072846 0.10007254 -0.00139121 -0.01200937 -0.12076617 -0.08476639 -0.00134110 0.06052984 -0.11609643 -0.06107057 0.10760467 0.16878718 -0.10507380 0.02309938 0.05280999 0.04005717 0.09361392 0.11695613 -0.04275413 0.05676151 -0.10819187 0.10848461 0.03036414 0.21254766 0.00138990 -0.02218716 0.12783477 0.14508419 0.33883068 0.36351416 0.22051004 0.08400538 -0.05445870 0.11283730 0.08284481 0.03230452 0.09047880 0.19540364 0.20370257 0.02701813 -0.00590548 0.37579249 0.38034957 0.32588922 1.00000000 0.30963804 0.33062942 0.13462768 -0.08509320 0.02076127 0.12443935 -0.01044111 0.07842834 0.06771029 -0.16237986 -0.06976430 0.08419875 0.10042569 0.12298004 0.20678908 0.29709472
-0.03863142 0.31454739 0.16323221 0.29816479 0.15915994 -0.11247698 0.18813874 0.19315728 0.02545864 0.16130067 -0.02117590 -0.13778632 0.14578856 0.04520457 -0.15968230 -0.07142181 0.14961723 0.01731544 0.11319556 -0.13260126 -0.03883558 -0.29202071 -0.09964306 0.06897351 -0.17482413 -0.08350040 -0.17140957 0.03975614 0.05027989 -0.07412043 -0.00623730 -0.02839333 -0.05722351 -0.11819907 0.15226125 -0.04036954 0.14687558 -0.13599362 0.01077555 0.30000611 0.27323323 -0.17668490 -0.11558548 -0.09146995 0.09389722 0.33494848 0.21308334 0.14709664 -0.02773296 -0.25347305 0.18151329 0.12355987 0.06586043 0.36126339 0.06618698 0.09593864 -0.27582945 0.02806074 0.46218032 0.37921114 0.30572525 0.30963804 1.00000000 0.47572520 0.35417746 0.03640083 0.13795658 0.17873041 0.14622227 -0.01499500 0.16531513 -0.09615110 -0.24296369 0.00397558 0.14695945 0.04423154 0.33483682 0.19674054
-0.20162566 0.28511258 0.13044223 0.31991845 0.29112955 -0.25521686 0.30841878 0.35185159 -0.00192764 0.18300233 -0.11077056 -0.17590541 0.16185983 0.04846266 -0.20064362 -0.17647197 0.11038116 -0.10347891 0.06187341 -0.15324784 -0.14865982 -0.35784720 -0.22760169 0.00012820 -0.17453284 -0.24713190 -0.18836544 0.05819700 0.06086597 -0.21142869 -0.08442503 -0.14378439 -0.11806304 -0.14734809 0.21406221 -0.12594741 0.08805700 -0.25173444 0.02508802 0.28501496 0.35790307 -0.25354251 -0.23699026 -0.06663924 -0.02076699 0.43226205 0.40588942 0.23959065 0.00346589 -0.25761476 0.26397658 0.11494104 -0.00159135 0.37659693 0.11599754 0.02237703 -0.26431787 -0.00368085 0.61053604 0.38276461 0.42966162 0.33062942 0.47572520 1.00000000 0.42338661 -0.17049165 -0.01027143 0.25522326 0.01604227 0.06570450 0.09103001 -0.23380204 -0.31507864 -0.07010054 0.16131646 -0.00840802 0.40306599 0.29471410
-0.12788771 0.15153812 -0.00746426 0.16677792 0.18443193 -0.13263825 0.16946590 0.16472571 0.06954920 0.14645665 -0.08404515 -0.09603884 0.01188602 0.07015138 -0.12538538 -0.08274948 -0.01785085 -0.03114961 0.07057488 -0.01456027 -0.11383273 -0.16366069 -0.14460627 -0.01567456 -0.13495429 -0.10315959 -0.12148246 -0.05029392 0.02990010 -0.07102085 -0.02851262 -0.13952909 -0.11064051 -0.02465288 0.02802903 -0.07977316 0.05391272 -0.16414391 -0.06233644 0.19978951 0.39163173 -0.17592922 -0.19036836 -0.07534498 -0.07379405 0.33703079 0.26602296 0.09880573 0.05892362 -0.20734919 0.13360402 0.14590867 0.15963256 0.42920208 -0.01531622 -0.07348260 -0.16982793 0.05814434 0.43269110 0.29111522 0.26263172 0.13462768 0.35417746 0.42338661 1.00000000 -0.11225093 -0.03335340 0.10368946 -0.00921043 0.08989776 0.06881188 -0.19614042 -0.18345727 0.04280296 0.05999575 0.00007597 0.20358553 0.18288498
0.29320160 -0.05482875 0.08044152 -0.20228929 -0.18457503 0.34641519 -0.29889195 -0.23188989 0.06260632 0.01661019 0.23393433 0.21985844 -0.01978955 -0.14199382 0.05046958 0.29896325 -0.04698389 0.11553192 -0.07384106 0.09340199 0.16926390 0.16160371 0.30665457 0.17375233 0.06245736 0.37242180 0.29680473 -0.12792884 -0.02136947 0.35736017 0.29401092 0.29802656 0.20406494 0.14806279 -0.18258161 0.24972947 0.19389102 0.38284696 0.01950594 0.06766132 -0.24112074 0.25543286 0.23852171 0.11289796 0.23307874 -0.25450077 -0.33857315 -0.14548271 0.00774455 0.10469608 -0.14751336 0.11713410 0.27101861 -0.10273718 0.01691548 0.32734727 0.09927954 0.06647332 -0.29032053 -0.17787404 -0.24103746 -0.08509320 0.03640083 -0.17049165 -0.11225093 1.00000000 0.32253090 -0.15797661 0.33949434 -0.06169224 0.22456467 0.49555478 0.13150808 0.13145215 0.20555985 0.29997750 -0.02671972 -0.15735994
0.18859436 0.01920442 0.16009920 0.03071840 -0.04771621 0.13258748 -0.14348723 -0.15599779 0.02925367 0.07091571 0.18681559 0.10213080 0.08042504 -0.09105240 -0.01573724 0.25580559 0.04939237 0.10936510 0.07120166 -0.04393356 0.00141395 0.02206892 0.17054594 0.10618144 -0.05310186 0.24412570 0.12492697 -0.05346525 -0.03323375 0.19172543 0.16682136 0.09425214 0.11419110 0.02414705 -0.04944760 0.19637132 0.20868202 0.20595199 0.10175014 0.12479360 -0.07255330 0.07785908 0.07629048 0.04649722 0.09386855 -0.07344946 -0.15737359 -0.08042308 -0.06244473 0.00469848 0.04342189 0.05881778 0.15261947 -0.00311675 0.05284335 0.20566924 -0.06824321 0.11066201 -0.02089318 -0.04940988 -0.05723452 0.02076127 0.13795658 -0.01027143 -0.03335340 0.32253090 1.00000000 0.08691459 0.30059831 -0.03766594 0.30319997 0.36111014 -0.00005596 0.07325028 0.29647954 0.15263401 0.28703773 -0.03378723
-0.17299174 0.10557029 -0.00470054 0.23989998 0.14131892 -0.18374303 0.14734790 0.23672871 -0.01418301 0.12698097 -0.05312388 -0.16256653 0.06465792 0.08255848 -0.01313544 -0.05467674 0.17822264 -0.04963075 0.11255314 -0.09129245 -0.09460618 -0.15048421 -0.15024141 -0.01620901 -0.07720927 -0.17080596 -0.13444322 0.09820127 0.07584759 -0.19980767 -0.04086435 -0.06856628 -0.00341178 -0.07455206 0.14456236 -0.07513517 0.02875408 -0.15820379 0.10812801 0.11386354 0.19702306 -0.08411310 -0.09982734 0.02336444 0.06644335 0.33066026 0.29769359 0.15143611 -0.00092239 -0.01939935 0.06533278 0.05134113 -0.13772193 0.09128383 0.01912513 -0.00032818 -0.12129199 0.02712675 0.24390167 0.15717598 0.25678159 0.12443935 0.17873041 0.25522326 0.10368946 -0.15797661 0.08691459 1.00000000 0.07038431 0.25807387 0.32330734 -0.14773306 -0.03719706 0.14517282 0.27870025 0.22156508 0.37080981 0.32967624
0.06515187 -0.07960788 -0.03245097 -0.02580526 -0.08622082 0.14145906 -0.16804044 -0.12177638 0.09525112 -0.00350006 0.10818808 0.04774629 -0.02961082 -0.08198984 0.05993731 0.13461368 -0.01447864 0.07106954 -0.03099393 0.06813278 0.09547146 0.08644216 0.11568528 0.01309924 0.03128062 0.14543575 0.08463204 -0.04448167 0.00680708 0.12470988 0.12637819 0.14094287 0.04386886 0.06120260 -0.09956824 0.10888836 0.03655649 0.14053258 -0.00535922 0.16774285 -0.03049056 0.05399928 0.11163230 0.11586337 0.21316119 -0.05181372 -0.13108945 -0.03935554 -0.04543953 -0.03486435 -0.04925128 0.11221653 0.10626186 -0.05485894 0.03418867 0.18833028 -0.01794550 -0.00413882 -0.00310471 -0.05257742 -0.02875750 -0.01044111 0.14622227 0.01604227 -0.00921043 0.33949434 0.30059831 0.07038431 1.00000000 0.10688587 0.34946335 0.32087030 0.13098033 0.09298265 0.25385492 0.27913346 0.14203227 0.03755845
-0.14051067 -0.17819764 -0.16540487 -0.05481399 -0.06480844 -0.06951273 -0.02364160 0.03485342 0.15911509 -0.06533448 -0.08093751 -0.03009461 -0.12357075 0.10392962 0.10920011 -0.09520417 0.04867957 -0.03582723 0.01412707 0.06899018 -0.05681448 0.01762828 -0.03601955 -0.01985483 0.04138929 -0.10574252 -0.13380603 0.00572589 0.02826297 -0.09449729 -0.03495920 0.00353867 -0.09426985 0.06040540 -0.02511148 -0.11467018 -0.15717535 -0.11053372 0.01319361 -0.01038471 0.14553822 -0.00117595 0.00487052 0.09353984 0.08759185 0.09826317 0.14568585 0.10923870 0.04870911 0.04652570 -0.11653270 0.09198418 -0.02931436 -0.04008627 0.01270168 -0.04927613 0.11232087 -0.14193790 0.04254507 0.07431147 0.05196026 0.07842834 -0.01499500 0.06570450 0.08989776 -0.06169224 -0.03766594 0.25807387 0.10688587 1.00000000 0.16516572 -0.01468157 0.21037623 0.26235234 0.13776050 0.32947086 0.12421930 0.33260723
0.08177519 0.00404887 0.02225748 0.08632951 -0.06641791 0.04287810 -0.11738050 -0.12307349 0.07298336 0.11669656 0.16372356 0.06943723 0.02284431 -0.02358991 0.08869703 0.22107537 0.13050712 0.15270416 0.08360575 0.04547297 0.10040954 0.08265666 0.12758338 0.01360004 0.01242707 0.14252604 0.08356060 0.02627443 -0.04970888 0.05914738 0.12726486 0.20431943 0.14918822 0.08076846 0.03128019 0.10927211 0.12332390 0.12767464 0.08106864 0.18668073 0.05431220 0.10523106 0.18233668 0.18997494 0.15051681 0.04247674 0.01299528 -0.00221290 -0.06430052 0.01360394 0.07747098 0.18097817 0.06348061 0.07435216 0.04936238 0.16614616 0.04687758 0.04879910 0.09019001 0.03749274 0.14572186 0.06771029 0.16531513 0.09103001 0.06881188 0.22456467 0.30319997 0.32330734 0.34946335 0.16516572 1.00000000 0.28254390 0.11571419 0.20274418 0.31827211 0.34040026 0.22553185 0.07527720
0.33337901 -0.11593847 0.04662243 -0.15330749 -0.18157797 0.35336340 -0.35283825 -0.37684610 0.10128436 -0.05077620 0.32372873 0.28554957 -0.09325204 -0.07359318 0.10702921 0.28790646 0.04027827 0.16408158 -0.05417296 0.18772089 0.23438131 0.31015060 0.29363252 0.03555436 0.09288013 0.36008138 0.26188286 -0.05600915 -0.00714747 0.32297201 0.16733102 0.33910311 0.22413885 0.23247143 -0.13111560 0.29891097 0.11393255 0.36469138 0.04511681 -0.01958034 -0.27784348 0.30856708 0.34317564 0.21272134 0.15940312 -0.35421109 -0.33642600 -0.13590881 -0.07874708 0.24551740 -0.02558595 0.00432138 0.13623572 -0.16175254 0.10064586 0.18391498 0.23490217 0.06310872 -0.31450527 -0.19395318 -0.11888214 -0.16237986 -0.09615110 -0.23380204 -0.19614042 0.49555478 0.36111014 -0.14773306 0.32087030 -0.01468157 0.28254390 1.00000000 0.36417316 0.12659834 0.15125239 0.25949496 -0.14630442 -0.17675404
0.07142858 -0.26989109 -0.14197561 -0.21701273 -0.16130685 0.17932674 -0.31096443 -0.21213096 0.04490950 -0.13589198 0.12795854 0.24497734 -0.18365225 0.04531344 0.22977862 0.02360706 -0.09107393 0.09397413 -0.08206219 0.14890195 0.23591962 0.33891879 0.12996958 -0.06841051 0.16788876 0.17738227 0.14425319 0.05358989 0.01156114 0.12336413 0.05418231 0.28762539 0.17755369 0.26382306 -0.22248778 0.12064073 -0.14324288 0.20615226 -0.01484779 -0.19524547 -0.19708656 0.30088651 0.27170248 0.22612035 0.09232499 -0.29923978 -0.15990622 -0.09742403 0.11908002 0.35422868 -0.02912565 -0.01404158 0.04813907 -0.17917760 0.05306924 0.03346100 0.42263708 -0.09139410 -0.33740434 -0.22190715 -0.07249112 -0.06976430 -0.24296369 -0.31507864 -0.18345727 0.13150808 -0.00005596 -0.03719706 0.13098033 0.21037623 0.11571419 0.36417316 1.00000000 0.33741597 -0.01135049 0.17981591 -0.37089257 -0.05325393
-0.04745863 -0.12665886 -0.05016262 -0.08569079 -0.05291667 -0.02646196 -0.05862529 -0.03385569 0.03590661 0.01768195 0.00792359 0.05992603 -0.10487135 0.10898839 0.16547946 -0.00705958 0.07894695 0.09244081 0.00604858 0.09187585 0.18616697 0.18628426 0.08331391 0.02717435 0.13376434 0.05399911 -0.04171440 0.08087537 0.10252293 -0.03857573 -0.01380282 0.12339721 0.07189002 0.18047822 -0.00726817 0.02377926 -0.08664608 0.01237791 0.04050867 -0.07821642 0.05971472 0.19747216 0.14183982 0.14418197 0.11141487 0.01141331 0.08501282 0.07235175 0.12327201 0.21145674 0.02409779 0.07350646 0.05677865 -0.04707701 0.08956736 0.05410116 0.27116731 -0.08555317 -0.06846806 -0.01141919 0.09277075 0.08419875 0.00397558 -0.07010054 0.04280296 0.13145215 0.07325028 0.14517282 0.09298265 0.26235234 0.20274418 0.12659834 0.33741597 1.00000000 0.09909457 0.13879203 -0.03527323 0.25890785
0.04726935 0.10717072 0.11424924 0.09344424 0.02217216 -0.00322940 -0.00738812 0.01662357 -0.00216245 0.08966216 0.08022510 0.00381712 0.14705705 -0.03388842 0.00176617 0.16505712 0.10514822 0.01998323 0.15211271 -0.03955584 0.01904741 -0.07218534 0.02428789 0.15301594 -0.06832474 0.06070362 0.08266702 -0.02205378 0.08647503 0.07749164 0.20879576 0.06407276 0.06228635 -0.02036577 0.03785315 0.11207129 0.17851395 0.08660400 0.08437082 0.16671912 0.14761744 -0.06548734 -0.01527015 0.01709064 0.12270052 0.13048104 0.12337238 0.07915103 0.03499378 -0.07998336 0.02680255 0.10096626 0.04514334 0.10839844 0.03271918 0.20169403 -0.09985274 0.00916233 0.11895777 0.10642193 0.08370037 0.10042569 0.14695945 0.16131646 0.05999575 0.20555985 0.29647954 0.27870025 0.25385492 0.13776050 0.31827211 0.15125239 -0.01135049 0.09909457 1.00000000 0.30638125 0.40313029 0.15001173
0.11658674 -0.12134865 -0.07278748 -0.13511515 -0.13016582 0.14605112 -0.26049798 -0.18987954 0.16108343 -0.00105581 0.17902960 0.16503838 -0.08119516 -0.02295656 0.17213992 0.17315855 0.11816499 0.16502517 -0.00839522 0.13784388 0.10870143 0.10742355 0.19874208 0.00610331 0.03956350 0.22599085 0.17195353 -0.01281429 0.06786302 0.16167450 0.28813277 0.29255965 0.15151960 0.23921833 -0.06878294 0.13170785 0.11297324 0.19017265 0.11505917 0.10008300 0.01779948 0.17622395 0.21912907 0.29175746 0.34499877 0.01064895 -0.03213135 0.09889414 0.04950239 0.12681012 -0.10290828 0.19901868 0.08364758 -0.15145175 0.07946620 0.22975749 0.15041497 -0.01922280 -0.05389476 0.01708307 0.00657876 0.12298004 0.04423154 -0.00840802 0.00007597 0.29997750 0.15263401 0.22156508 0.27913346 0.32947086 0.34040026 0.25949496 0.17981591 0.13879203 0.30638125 1.00000000 0.05294791 0.16283176
-0.10609361 0.27020689 0.18076139 0.28851888 0.18643025 -0.19246886 0.26773404 0.24191009 -0.06191335 0.22142404 -0.13241170 -0.24099726 0.21557217 0.02164450 -0.20903392 0.00368199 0.11743481 -0.04213573 0.21051147 -0.21779785 -0.20129200 -0.35388999 -0.11472002 0.14002401 -0.20679890 -0.19759509 -0.16095987 -0.01514413 0.02731403 -0.15547966 0.00053150 -0.18516636 -0.15749937 -0.28498103 0.15986903 -0.04047186 0.15386193 -0.16135529 0.03858962 0.28544671 0.28681480 -0.29767932 -0.27121140 -0.18998626 -0.06489736 0.41146238 0.31964742 0.17176707 -0.01885052 -0.30770246 0.07219900 0.00300145 -0.06060363 0.26074961 -0.06479655 -0.01960038 -0.41700698 -0.01693006 0.42235196 0.24114299 0.19166708 0.20678908 0.33483682 0.40306599 0.20358553 -0.02671972 0.28703773 0.37080981 0.14203227 0.12421930 0.22553185 -0.14630442 -0.37089257 -0.03527323 0.40313029 0.05294791 1.00000000 0.34744447
-0.24860159 0.06852846 -0.06112581 0.08855461 0.09708510 -0.26932632 0.16357340 0.26739437 0.04750412 0.06942289 -0.18871804 -0.16526722 0.03331288 0.10514465 0.08405609 -0.16491114 0.10957940 -0.06291181 0.15160898 -0.02735722 -0.14006855 -0.19244905 -0.17791152 -0.01099785 -0.02747080 -0.22411496 -0.18847705 0.00119803 0.17353601 -0.27447166 -0.05797317 -0.11925700 -0.13551498 -0.05349823 0.06953828 -0.17204985 -0.06713555 -0.29047147 0.00409348 0.10903273 0.28605469 -0.16404413 -0.21331746 0.05004135 0.10217585 0.37619085 0.35374082 0.27035322 0.11020130 -0.13221847 0.04773013 0.10168169 -0.12983760 0.00211851 0.07068542 -0.02509677 -0.10700024 -0.18493597 0.27880976 0.22427441 0.23918200 0.29709472 0.19674054 0.29471410 0.18288498 -0.15735994 -0.03378723 0.32967624 0.03755845 0.33260723 0.07527720 -0.17675404 -0.05325393 0.25890785 0.15001173 0.16283176 0.34744447 1.00000000
