1.00000000 0.14632280 0.28700965 0.19706698 0.22995424 0.22461356 0.27230671 0.11867242 0.03783433 0.13987452 0.09915437 0.22200340 0.32503610 -0.00291294 0.16892749 0.02502094 0.10653355 0.14335400 0.03473942 0.06794626 0.00421166 -0.10410813 0.08793706 0.02107779 -0.01597711 0.17018281 -0.08148288 0.13635361 0.09026297 0.03920868 -0.09187681 0.13473885 -0.03656278 0.05710431 -0.00031947 0.07916253 -0.12922636 -0.06151023 -0.05360203 -0.08287211 0.12207837 -0.04926267 0.01222779 0.00794172 0.07656486 -0.08661041 0.02716904 -0.01419694 -0.08690440 -0.07102199 0.03081616 0.02897842 0.04225865 -0.01391568 -0.03514427 -0.11545837 -0.12865719 -0.10866269 -0.06957758 -0.02028313 0.04252268 0.05913579 0.01678258 -0.02276236 -0.08113274 -0.11571984 -0.10493513 -0.01984090 -0.01002690 -0.01494697 -0.19867600 -0.05783242 0.01474545 -0.06032532 -0.07062048 -0.11043005 -0.11251539 0.01406685
0.14632280 1.00000000 0.11029752 0.17232676 0.18167669 0.30227632 0.30163003 0.24954256 0.21577175 0.11870763 0.16358083 0.26436192 0.31952093 0.08353970 0.15057200 -0.00475158 0.11501336 0.14598457 0.13252341 0.09171426 0.03462764 0.11327727 0.14658850 0.13764675 0.00933750 0.19686028 0.04493197 -0.06934714 0.02998057 0.12352513 -0.01847378 0.06218050 0.17326124 0.19232774 0.00256960 0.13501933 0.03832874 -0.12808700 0.01979189 -0.07384551 0.15949128 -0.00611441 0.05350873 0.14610685 0.12609148 0.02511092 -0.01967011 -0.02481017 -0.06752394 -0.04906266 -0.00755567 0.06764291 -0.09032737 -0.02148460 -0.04784871 -0.06193858 -0.00171191 -0.08515764 0.00092038 0.01690736 0.03917633 -0.01610411 -0.03951774 -0.08541370 -0.00848483 -0.00016598 0.05322096 -0.01855860 -0.02687788 0.05054476 0.01007992 0.02253134 -0.05110627 -0.00390494 0.01365319 -0.05615526 0.01356683 0.10943597
0.28700965 0.11029752 1.00000000 0.11558344 0.17193370 0.22727599 0.30287332 0.03722258 0.03649272 0.23440152 0.28541741 0.17495270 0.30091620 0.18123996 0.22054159 -0.03343314 0.33097844 0.31178295 0.21666354 0.10359412 0.17668870 0.05317800 0.04456204 0.05780777 0.13221456 0.06181021 0.16024291 0.28570593 -0.03891135 0.20445350 0.12822777 0.14750440 -0.01892578 0.15430448 0.12585583 0.10261265 -0.10215018 0.04311218 0.21251320 -0.04060110 -0.03112637 0.04837060 0.07098557 0.00418229 0.05817478 -0.05543104 -0.04751985 0.06198586 -0.12496384 -0.13898521 0.03978052 -0.00535969 0.05887680 0.03265421 -0.17344900 -0.03634948 -0.03305745 0.01758893 -0.04343195 -0.04634612 0.01613549 0.15687429 0.03831636 0.07643682 -0.06721381 -0.13737066 -0.07215805 -0.00454691 -0.15431651 -0.10972831 -0.01795598 -0.01029906 -0.05718651 -0.00792517 -0.04469277 0.14379606 0.03613701 -0.01360882
0.19706698 0.17232676 0.11558344 1.00000000 0.00731744 0.10308933 0.25198056 0.30618079 0.16870822 0.05979371 0.16351326 0.06119203 0.00606724 0.02933507 0.13714545 0.08621560 -0.00708494 0.09485739 0.02527788 0.04041234 0.02190891 0.12119940 0.03452611 0.02125520 0.03037668 0.00150246 0.02016434 -0.02881925 -0.06956359 0.12589470 -0.08266497 -0.01900971 0.08341496 -0.06819635 -0.14106785 -0.05595904 -0.12753655 -0.08355922 -0.04172544 -0.09214700 -0.02164096 -0.04382029 0.00133807 -0.08102535 -0.02360478 -0.00242860 0.09534344 0.04714984 -0.08916123 -0.08309296 -0.08874032 -0.06873552 -0.00442717 -0.07722352 -0.09371744 -0.13105366 -0.00136161 -0.06545133 0.04134772 -0.04655792 -0.09342476 -0.07463543 -0.07468232 -0.08673283 -0.09878779 0.04007068 -0.00759708 -0.02730498 -0.01130462 -0.04367653 0.04175233 0.03953257 -0.03769372 0.01062984 0.04551855 0.07426291 -0.01066686 0.14614733
0.22995424 0.18167669 0.17193370 0.00731744 1.00000000 0.31472852 0.29634221 0.11132803 0.28688367 0.23170470 0.11948015 0.29454710 0.39065021 0.09075271 0.10128774 0.07569348 0.13132990 0.17162131 0.04685209 0.05422718 0.02014732 -0.04231196 0.13661435 0.03175119 -0.06702002 0.23485781 -0.13125791 0.03616027 0.13918428 0.02433197 -0.07140182 0.06572355 -0.00650068 0.09406162 0.00056678 0.05455993 0.03849263 0.03875989 0.09634773 0.00658224 0.21463999 -0.06037632 -0.00272569 0.11566400 0.20552010 -0.02521186 0.05138337 -0.05308078 0.02055496 -0.00516235 0.07379995 0.00119549 -0.09844107 -0.04028111 -0.14170436 -0.05777392 -0.09057912 -0.05272939 -0.15024964 0.02271114 0.06832562 0.02342823 -0.11150703 -0.14090591 -0.12791935 0.00011636 -0.06119949 -0.07911902 0.01485526 -0.05946053 -0.17727250 0.02875629 -0.00048957 -0.00674653 -0.06199184 -0.06116866 0.00345369 -0.00461881
0.22461356 0.30227632 0.22727599 0.10308933 0.31472852 1.00000000 0.20321728 0.13657059 0.20052812 0.26654698 0.21025835 0.24453861 0.33139543 0.09722715 0.14588074 0.12511910 0.13586717 0.15791611 0.12414570 0.01633936 -0.00555133 0.11662190 0.20523402 0.01296602 -0.00469042 0.21965394 -0.07741868 -0.00018140 0.02316594 0.18964045 -0.04382911 0.00413362 0.08973860 0.16943466 -0.05978171 0.14523267 0.04956808 -0.11353488 0.05445989 -0.07137940 0.13242565 0.07355706 -0.00234095 0.03879064 0.08155168 0.04340908 -0.02906242 -0.12894437 -0.13412543 0.06453868 0.05893144 0.09954300 0.01950940 0.01625276 -0.06640879 -0.04270618 0.00560129 0.00459214 -0.02407779 0.05353905 0.09132083 0.04252653 -0.00541841 0.02441033 0.01652504 -0.04841359 -0.03499914 -0.04482382 0.02255883 -0.01237656 -0.05656070 0.01300389 -0.06846065 -0.05023572 -0.07497290 0.00573770 0.04589349 -0.07654690
0.27230671 0.30163003 0.30287332 0.25198056 0.29634221 0.20321728 1.00000000 0.12086648 0.23637065 0.20520032 0.20480873 0.24223198 0.39045862 -0.02889305 0.14800471 -0.09045514 0.03481707 0.14158788 0.05512889 0.05517628 0.01326081 -0.02431173 -0.03432439 0.05562455 0.00479451 0.08923893 0.05204499 0.12813350 0.05134903 0.10196511 -0.05424498 0.15470889 0.12504971 -0.05364047 -0.01708785 0.04288142 -0.06379382 -0.03865190 0.11887463 -0.07144886 0.14358530 -0.01964214 0.00107816 0.07652679 0.06950510 -0.04846786 0.09519069 0.09562447 -0.05056694 -0.05675964 0.04290588 0.01664555 0.05183345 -0.04868416 -0.08429002 -0.11387676 -0.09967928 -0.07039924 0.04991161 0.05402756 -0.02174851 0.07214830 0.00059654 -0.05433311 -0.08512613 -0.12446784 -0.04133406 -0.04399064 -0.06551918 -0.01597858 -0.08769562 0.08370110 0.01726426 -0.02126715 -0.00068643 -0.04877452 -0.07401743 0.04316375
0.11867242 0.24954256 0.03722258 0.30618079 0.11132803 0.13657059 0.12086648 1.00000000 0.12819787 0.07168833 0.29165417 0.18581673 0.00358107 0.11641134 0.11939306 -0.01946914 -0.02807857 -0.04509063 -0.02584757 -0.04815232 0.13749100 0.12992904 0.06044197 0.07033577 -0.04344659 -0.08535128 -0.09898022 -0.14206162 0.02238243 0.11689953 -0.05029255 0.04467768 0.17216717 0.05840013 -0.10985834 0.06720873 -0.05967580 -0.14091228 0.03671500 -0.06206023 -0.01946253 -0.02594375 0.14573378 0.01044955 -0.09057917 0.06949236 0.07103589 0.02474316 -0.07925052 -0.08090434 -0.18510148 -0.05337417 -0.01517894 -0.03216300 -0.08236708 -0.00628384 0.02449766 -0.01705929 0.06386015 0.00962434 -0.13748322 -0.09766944 -0.06030009 -0.10263043 -0.00007295 -0.01361377 0.07862784 0.05360415 0.04291480 0.05286310 0.15873678 0.04318726 0.13276136 0.05744366 0.02779999 0.05306539 0.05270498 0.10173314
0.03783433 0.21577175 0.03649272 0.16870822 0.28688367 0.20052812 0.23637065 0.12819787 1.00000000 0.22905385 0.01089949 0.19922665 0.27188831 -0.11499158 0.03527620 0.13607146 -0.09644745 -0.02027555 -0.02538482 0.05565109 -0.14084833 0.10016080 0.19173274 0.10605535 -0.08289069 0.23877412 -0.22151572 -0.19182284 0.11865749 0.08977810 -0.19101278 -0.02013960 0.17852069 0.11671070 -0.09726609 0.06085672 0.18075410 -0.14863183 -0.07135093 -0.18614862 0.10741908 -0.07338026 -0.12810920 0.10372837 0.07384344 0.01584720 0.05898324 -0.18493843 0.01093749 -0.04848470 -0.00424245 0.01948550 -0.04173744 0.02037127 0.00374020 0.04310466 -0.08611209 -0.01997899 -0.06274002 0.04330177 0.00477476 -0.07556168 -0.11062247 -0.13699630 -0.05869459 0.08757783 0.02831636 -0.07786391 0.08246667 0.06191647 -0.04711224 -0.01483562 -0.05837490 -0.00290237 -0.08675545 -0.09002836 -0.03319267 0.12225322
0.13987452 0.11870763 0.23440152 0.05979371 0.23170470 0.26654698 0.20520032 0.07168833 0.22905385 1.00000000 0.11446721 0.22323045 0.24288537 0.04238218 0.12584870 0.07562036 0.13044297 0.18362740 0.02405778 0.02188733 0.05489130 0.05262785 0.16372589 0.07140270 -0.04307218 0.15932600 0.01329285 0.05479947 0.10234614 0.00244746 0.00142642 0.07813611 0.00232918 0.05130090 -0.02485988 -0.00124203 0.02077782 -0.00091478 0.09326441 -0.17753486 0.06529599 0.03395085 -0.05547121 0.03942279 0.07060968 -0.06561591 0.05670370 -0.06496492 -0.07657587 0.01455852 -0.00284831 -0.10162067 0.01084714 -0.00161019 -0.05215738 0.05488204 -0.04786960 0.06277604 -0.05688302 0.01931507 0.01537903 0.02379184 -0.03400019 0.02171199 -0.06681512 0.02164000 -0.06868345 -0.07708363 -0.02047815 0.00269654 -0.09495583 -0.02725739 -0.06615363 0.01899152 -0.10784641 -0.02765112 -0.01889518 -0.04259210
0.09915437 0.16358083 0.28541741 0.16351326 0.11948015 0.21025835 0.20480873 0.29165417 0.01089949 0.11446721 1.00000000 0.11446188 0.08270841 0.18996381 0.13703844 -0.06105858 0.13302109 0.14620112 0.06322600 0.12686141 0.15599983 0.12257268 0.04999182 0.13097464 0.08293490 -0.04221231 0.09079487 0.06395276 -0.07461046 0.12117189 0.02313193 0.02002915 0.06481695 0.03469379 0.03337257 0.01593843 -0.06854289 0.06056719 0.09282763 -0.01777458 -0.03417362 0.01423430 0.09779742 0.05786175 0.04432836 -0.05816538 0.09561534 0.09319778 -0.10386600 -0.09919244 -0.02646550 0.00857833 0.11398877 -0.03391682 -0.11006671 0.00516466 0.06212038 -0.01037589 0.05079305 -0.05297311 -0.16347264 -0.00052402 0.07659685 0.04653665 -0.03513169 0.03384856 0.05200798 0.02049528 -0.02365721 -0.04628153 0.06586845 0.04451876 0.00652994 0.13964714 0.03218524 0.09090601 0.05666031 0.04631596
0.22200340 0.26436192 0.17495270 0.06119203 0.29454710 0.24453861 0.24223198 0.18581673 0.19922665 0.22323045 0.11446188 1.00000000 0.43402240 0.00326449 0.11397530 0.03508089 0.14246571 0.17949947 0.04744618 0.07763777 -0.00234984 -0.10450655 0.06025095 0.11595998 -0.02644235 0.29601222 -0.01847705 0.06787466 0.19271264 0.10850494 -0.08298859 0.18457828 0.05809734 0.20599871 0.06077379 0.22069294 -0.03370740 -0.17836203 0.13792792 -0.17201249 0.21935813 -0.14819651 -0.05741917 0.03441256 0.12099300 -0.07561572 -0.03348686 -0.16388064 -0.09365181 -0.09183997 0.08073874 -0.00005942 0.04490142 -0.00387022 -0.09060657 -0.01359642 -0.04509228 -0.01212807 -0.15889475 0.02543315 0.10151968 0.05669522 -0.07806009 -0.02080915 -0.04539206 -0.05185179 -0.06762923 -0.03320658 -0.02656480 0.09320296 -0.22906729 -0.02624749 0.00561956 -0.03857448 -0.14945613 -0.15135543 -0.10523644 -0.08355851
0.32503610 0.31952093 0.30091620 0.00606724 0.39065021 0.33139543 0.39045862 0.00358107 0.27188831 0.24288537 0.08270841 0.43402240 1.00000000 0.08725961 0.22916715 0.07532122 0.26923728 0.28073839 0.18517445 0.14146011 0.03061132 0.07456748 0.18870455 0.11735726 0.12183447 0.40236164 -0.06828331 0.15854634 0.18068174 0.14312224 -0.00957598 0.16237850 0.09966872 0.30110222 0.02103774 0.19769298 0.01239569 -0.08380556 0.12426191 -0.13413114 0.15363776 -0.05592951 -0.04682757 0.14240967 0.10250924 -0.11380089 -0.00473572 -0.07831027 -0.08186348 -0.03548673 0.07001806 0.04980071 -0.02957733 -0.05004837 -0.07643614 -0.03546754 -0.14649353 -0.07644129 -0.13329147 0.01748191 0.07011347 0.04743307 -0.02652189 -0.09664885 -0.06820457 -0.09986750 -0.11369015 -0.05202262 -0.07055365 -0.03003452 -0.19916793 -0.02380794 -0.07049551 -0.01783350 -0.14045530 -0.08997915 -0.07445236 -0.01965074
-0.00291294 0.08353970 0.18123996 0.02933507 0.09075271 0.09722715 -0.02889305 0.11641134 -0.11499158 0.04238218 0.18996381 0.00326449 0.08725961 1.00000000 0.33619863 0.10760636 0.39710975 0.36052309 0.29405353 0.23999935 0.36620245 0.21339887 0.20584005 0.16633949 0.34775994 0.16507718 0.08581537 0.08517636 0.10184247 0.14788330 0.13149365 0.05902221 0.07443779 0.16992166 0.10363311 0.10561683 -0.04769506 0.10289328 0.20362364 0.04970254 -0.05158083 0.12902804 0.10857780 0.05303592 -0.02326924 0.00248181 -0.04032787 0.07232416 -0.05244453 -0.04960550 0.04522686 0.01000247 0.01046896 0.01302974 -0.13763636 -0.04731164 0.06594580 0.01200817 0.08006122 0.02724625 0.01725919 0.00450456 -0.03078132 0.07750098 -0.02410333 -0.00349502 -0.00572483 0.04228165 -0.02273680 -0.00035142 0.05033490 -0.00224024 -0.00880860 0.05110914 -0.01168113 0.14192712 0.09300638 0.02861097
0.16892749 0.15057200 0.22054159 0.13714545 0.10128774 0.14588074 0.14800471 0.11939306 0.03527620 0.12584870 0.13703844 0.11397530 0.22916715 0.33619863 1.00000000 0.15527988 0.39176060 0.41161599 0.29125728 0.23864630 0.31776769 0.19841695 0.30519164 0.09821448 0.29507048 0.32171986 0.09565840 0.07125807 0.15259769 0.21171529 0.05705460 0.17261394 0.10790143 0.21690761 0.04538285 0.11960525 -0.15622989 -0.00076000 0.18843251 -0.17625545 0.02776715 0.03484474 -0.00417448 0.01098445 0.01893105 -0.14879396 -0.03944255 0.00572184 -0.20670600 -0.07707358 0.06505208 -0.07217436 -0.03335775 -0.04933612 -0.14298776 -0.07890739 -0.09505279 0.01073910 -0.00431066 0.03547305 0.03945572 -0.02798380 0.01186191 0.02173447 -0.12054725 -0.02385541 -0.07867484 0.01123034 -0.10628236 -0.00554346 -0.09759812 -0.05144443 0.01081794 0.04515802 -0.15539783 0.00876507 -0.04746620 0.02243387
0.02502094 -0.00475158 -0.03343314 0.08621560 0.07569348 0.12511910 -0.09045514 -0.01946914 0.13607146 0.07562036 -0.06105858 0.03508089 0.07532122 0.10760636 0.15527988 1.00000000 0.21121329 0.02900893 0.13190608 0.18967956 0.01730454 0.12397118 0.30383866 0.13014016 0.07441435 0.29442893 -0.09911148 -0.17021691 0.02207828 -0.04394494 -0.01700719 -0.11038591 0.00043212 0.11655880 -0.11942533 -0.02569820 -0.04394163 -0.04761649 -0.19619896 -0.10654231 0.02837332 -0.00632701 -0.09905154 0.05103593 -0.02593333 -0.04255887 -0.06223820 -0.08413799 0.04498097 0.05325236 0.00349370 -0.02480861 -0.06220848 -0.10562513 -0.01020619 0.03496509 -0.05901979 -0.04728116 -0.08916002 -0.05103810 0.08185989 -0.15079342 -0.03898928 -0.04696439 -0.01584205 0.08124371 0.04552685 0.05729514 0.00124603 0.00444817 -0.03571354 -0.05174512 -0.03312599 0.07163606 0.01416892 0.01883929 -0.05244966 0.09405668
0.10653355 0.11501336 0.33097844 -0.00708494 0.13132990 0.13586717 0.03481707 -0.02807857 -0.09644745 0.13044297 0.13302109 0.14246571 0.26923728 0.39710975 0.39176060 0.21121329 1.00000000 0.52496413 0.56981317 0.31842939 0.44295588 0.26916901 0.28518109 0.29788897 0.35355148 0.35822532 0.15737578 0.22249890 0.14682639 0.14405523 0.25988169 0.17571725 -0.04099017 0.37986426 0.20127986 0.19743436 -0.15208971 0.06798544 0.29831972 -0.11498643 -0.00250474 0.12144607 0.05866155 0.04301079 -0.01117027 -0.11269160 -0.16038379 0.02005609 -0.22726628 -0.15782929 0.02365832 -0.10055580 -0.04891148 -0.04985649 -0.12874938 -0.00454698 0.05353838 0.00028970 -0.02173708 -0.03364763 0.06883567 0.09733646 -0.04054834 0.04924244 -0.02854449 -0.05802133 -0.08191678 0.00501747 -0.18812363 -0.06865521 -0.09227980 -0.03579175 -0.06570695 0.06448607 -0.07696928 0.07143671 -0.04960197 -0.05633865
0.14335400 0.14598457 0.31178295 0.09485739 0.17162131 0.15791611 0.14158788 -0.04509063 -0.02027555 0.18362740 0.14620112 0.17949947 0.28073839 0.36052309 0.41161599 0.02900893 0.52496413 1.00000000 0.40708243 0.37193313 0.29642156 0.17483256 0.27379757 0.11567701 0.26135411 0.36664960 0.13780106 0.22679092 0.19641306 0.12052932 0.02575351 0.24254598 -0.06086260 0.24829904 0.19815073 0.26104736 -0.09551221 0.01436482 0.32202608 -0.10277672 0.07126366 0.02916675 0.02370601 0.02150787 0.09237953 -0.11300161 -0.06704689 -0.01673499 -0.17133630 -0.18666053 0.08662182 -0.07087126 0.05782962 -0.02815830 -0.13326643 -0.01882439 0.09008211 0.07231680 -0.04059666 -0.02259748 0.06266013 0.15389133 -0.05307896 0.10531881 -0.09035843 -0.03295601 -0.06594045 -0.00813461 -0.10399078 0.11315320 -0.17402468 0.01972326 -0.03242110 0.07013454 -0.20954436 0.03068477 -0.08650621 -0.04361132
0.03473942 0.13252341 0.21666354 0.02527788 0.04685209 0.12414570 0.05512889 -0.02584757 -0.02538482 0.02405778 0.06322600 0.04744618 0.18517445 0.29405353 0.29125728 0.13190608 0.56981317 0.40708243 1.00000000 0.30168782 0.34185078 0.37299203 0.35400329 0.27890896 0.36456126 0.28219314 0.08755876 0.08319076 -0.01336428 0.17883132 0.13714778 0.04134356 -0.03838571 0.27405523 0.16852288 0.12602799 -0.02454818 0.05077496 0.18304343 -0.00702235 -0.06097923 0.10055523 0.09390624 -0.00421534 0.01795617 -0.06816079 -0.07915157 -0.04148934 -0.10464698 -0.04749803 0.05220478 -0.00054454 -0.00807629 -0.01535286 -0.12155272 -0.00856218 0.08347333 0.02335266 0.01412870 0.03174714 0.03199674 -0.01887583 -0.03003881 0.00079805 0.02719084 0.01449373 -0.07762289 0.03591180 -0.09890903 -0.09398982 -0.01919388 0.01905687 -0.04816200 0.08181464 0.04699967 0.04994670 -0.00399157 0.03942021
0.06794626 0.09171426 0.10359412 0.04041234 0.05422718 0.01633936 0.05517628 -0.04815232 0.05565109 0.02188733 0.12686141 0.07763777 0.14146011 0.23999935 0.23864630 0.18967956 0.31842939 0.37193313 0.30168782 1.00000000 0.27687245 0.20584460 0.29394065 0.26311402 0.24957499 0.34066198 -0.04693348 0.07973497 0.11944375 0.09961806 -0.05677121 0.08694183 0.02501971 0.15451222 0.04728472 0.13738941 0.01087893 -0.04038554 0.12978581 -0.07415791 -0.01658392 -0.01873875 -0.07262235 -0.03276645 -0.07516102 -0.00990687 -0.01191085 -0.13227793 -0.11943933 -0.07586759 -0.03800985 -0.05811834 0.05138212 -0.03205768 -0.06051658 -0.03105737 0.03513769 -0.01992602 0.02626869 -0.03789332 0.10651445 0.05088364 -0.00581912 0.10575495 0.00912496 -0.01045373 -0.04656998 0.13782397 -0.06697643 0.02846900 -0.08660950 0.03311691 0.02639805 0.09440736 -0.04875246 -0.03008468 -0.07404381 -0.00928414
0.00421166 0.03462764 0.17668870 0.02190891 0.02014732 -0.00555133 0.01326081 0.13749100 -0.14084833 0.05489130 0.15599983 -0.00234984 0.03061132 0.36620245 0.31776769 0.01730454 0.44295588 0.29642156 0.34185078 0.27687245 1.00000000 0.43422383 0.14576201 0.22459908 0.37641749 0.06831415 0.21469186 0.10878355 0.04760436 0.18877768 0.30849364 0.03838301 0.05475630 0.23295669 0.13888314 0.10347229 -0.08256746 0.07841250 0.27389523 0.00166064 -0.23043123 0.10085735 0.15228839 -0.06391573 -0.13391764 -0.07016479 -0.07677941 0.11395884 -0.21333082 -0.13754521 -0.15015733 -0.10546805 -0.04766735 -0.05473585 -0.12105133 -0.07328746 0.00068724 -0.02219482 0.07881485 0.00157328 -0.00116947 0.00073151 0.07301849 0.11226720 -0.03238993 -0.07385102 0.04037819 0.15228553 -0.10774770 -0.08818367 0.12487918 0.04348996 0.01377576 -0.00172477 0.07879946 0.09349735 0.06171952 -0.02646633
-0.10410813 0.11327727 0.05317800 0.12119940 -0.04231196 0.11662190 -0.02431173 0.12992904 0.10016080 0.05262785 0.12257268 -0.10450655 0.07456748 0.21339887 0.19841695 0.12397118 0.26916901 0.17483256 0.37299203 0.20584460 0.43422383 1.00000000 0.30310075 0.32075419 0.42759713 0.23148595 0.05408368 -0.07461045 -0.03995924 0.20156576 0.17349695 -0.19069872 0.23504282 0.28143399 -0.01067541 0.10357321 0.09955658 -0.09032524 0.10580720 -0.05880393 -0.13733748 0.11747942 0.11175820 0.03987373 -0.14429584 0.02751628 -0.05907932 -0.02067345 -0.16146020 -0.09564421 -0.19707319 -0.04628269 -0.06522305 0.07517631 -0.03842212 0.01781298 -0.00356908 -0.00882533 0.12338694 0.06645183 -0.11490787 -0.16154633 -0.00743506 -0.02037735 0.10950564 0.04755468 0.07560009 0.06507589 0.06713803 -0.06123325 0.25392428 -0.02914053 0.01062919 0.09385873 0.03635116 0.02601827 0.11385150 0.14205832
0.08793706 0.14658850 0.04456204 0.03452611 0.13661435 0.20523402 -0.03432439 0.06044197 0.19173274 0.16372589 0.04999182 0.06025095 0.18870455 0.20584005 0.30519164 0.30383866 0.28518109 0.27379757 0.35400329 0.29394065 0.14576201 0.30310075 1.00000000 0.20612115 0.18723554 0.33093184 -0.08108146 -0.05291998 0.04020235 0.05400911 -0.00158522 -0.07544176 0.14421518 0.26900139 -0.04649075 0.10810177 0.11477125 -0.12826722 -0.05109071 -0.14813704 0.07101019 0.03764145 0.04997762 -0.00190077 -0.04446204 -0.07410542 -0.09661041 -0.12656543 -0.11596515 -0.04368344 -0.03686616 -0.04180184 0.01923303 0.02497559 -0.08367659 0.09207034 -0.04138271 0.04262607 0.06720257 0.07645829 0.04748000 -0.04795922 0.01063454 -0.07003326 -0.01598947 0.02241941 0.02914652 -0.01714424 0.04201961 0.03009335 -0.07450201 0.00652429 -0.07864640 -0.01258424 -0.07725990 -0.05691978 0.01805016 0.00001283
0.02107779 0.13764675 0.05780777 0.02125520 0.03175119 0.01296602 0.05562455 0.07033577 0.10605535 0.07140270 0.13097464 0.11595998 0.11735726 0.16633949 0.09821448 0.13014016 0.29788897 0.11567701 0.27890896 0.26311402 0.22459908 0.32075419 0.20612115 1.00000000 0.22168512 0.11993130 0.11013957 -0.04846849 -0.01102858 0.02049595 0.00893390 -0.01199384 0.08507002 0.14477078 0.04195823 0.03756644 -0.08238173 -0.04389588 0.01652650 0.03375341 0.03199553 -0.01182046 0.08873546 0.08899254 0.04943161 -0.00311962 0.01912301 -0.05598343 -0.10049167 -0.04185434 -0.01011050 0.01668485 0.00590749 0.02087351 0.06888423 0.08324100 0.09804870 -0.04493089 0.02891893 -0.10556948 0.03370035 -0.04211958 0.02632981 -0.09642828 0.06078735 0.02637549 0.01365410 -0.02791031 -0.07160890 0.01326824 -0.00818837 -0.13514551 -0.06563958 0.01057406 0.07987671 0.04786201 -0.08003380 0.05743620
-0.01597711 0.00933750 0.13221456 0.03037668 -0.06702002 -0.00469042 0.00479451 -0.04344659 -0.08289069 -0.04307218 0.08293490 -0.02644235 0.12183447 0.34775994 0.29507048 0.07441435 0.35355148 0.26135411 0.36456126 0.24957499 0.37641749 0.42759713 0.18723554 0.22168512 1.00000000 0.19153105 0.13377259 0.14178925 0.00186336 0.21027319 0.22861123 0.05120892 0.09874235 0.19798387 0.16590589 0.12871697 -0.12728843 0.04872044 0.15121719 0.02566285 -0.11014844 0.04269532 0.01279971 0.02259884 -0.09537281 -0.05145676 -0.09334706 -0.06012975 -0.10988682 -0.06494715 -0.03214757 -0.01123382 0.06275950 0.03747187 -0.08486929 -0.04787802 -0.10295082 -0.06269504 0.09153006 0.07341270 -0.02570022 -0.00729477 -0.00231681 -0.02451753 -0.00493125 0.03767493 -0.04064074 0.04528185 -0.08425288 -0.10320552 0.11200574 0.05979266 -0.08842726 0.03616140 0.05658855 0.03715052 0.08882960 0.06038564
0.17018281 0.19686028 0.06181021 0.00150246 0.23485781 0.21965394 0.08923893 -0.08535128 0.23877412 0.15932600 -0.04221231 0.29601222 0.40236164 0.16507718 0.32171986 0.29442893 0.35822532 0.36664960 0.28219314 0.34066198 0.06831415 0.23148595 0.33093184 0.11993130 0.19153105 1.00000000 -0.21998425 -0.00441972 0.31535682 0.12234795 -0.12700840 0.16167749 0.10836162 0.38777312 0.04181251 0.24664122 0.13133700 -0.23667381 0.11815462 -0.26001592 0.18594090 -0.01703827 -0.10283432 0.07574481 0.06480370 -0.03410166 -0.14371985 -0.18818800 -0.12224210 -0.05457179 0.01563724 -0.05060898 0.02407132 -0.03544122 -0.03292925 -0.00085030 -0.13178802 -0.04244710 -0.08948229 0.03841248 0.06556354 -0.03961633 -0.17053632 -0.07973511 0.05161671 0.03581142 -0.10334308 -0.05836774 -0.02127449 0.07625753 -0.16034930 -0.02869111 -0.04452868 0.00276583 -0.15741819 -0.19497841 -0.11566102 -0.00183779
-0.08148288 0.04493197 0.16024291 0.02016434 -0.13125791 -0.07741868 0.05204499 -0.09898022 -0.22151572 0.01329285 0.09079487 -0.01847705 -0.06828331 0.08581537 0.09565840 -0.09911148 0.15737578 0.13780106 0.08755876 -0.04693348 0.21469186 0.05408368 -0.08108146 0.11013957 0.13377259 -0.21998425 1.00000000 0.29165830 -0.12752522 0.03816269 0.27169024 0.06060024 -0.00990802 0.00297373 0.23321066 0.11153545 -0.16089088 0.29416260 0.21917322 0.14127000 -0.13382883 -0.00540593 0.06803362 -0.04109018 0.02788625 -0.11721839 -0.10364241 0.13212342 -0.08434827 -0.09334213 0.10216027 0.03221815 -0.03056032 0.00102879 -0.14593454 -0.04796383 -0.00655715 0.05705999 0.06031529 -0.04645596 -0.08980787 0.13860479 0.15012648 0.13455947 -0.11958891 -0.06708558 0.01780106 0.06061232 -0.14518680 -0.05786548 -0.01943764 0.06525145 0.02240454 0.07203515 0.10864732 0.19309493 0.03480376 -0.02805597
0.13635361 -0.06934714 0.28570593 -0.02881925 0.03616027 -0.00018140 0.12813350 -0.14206162 -0.19182284 0.05479947 0.06395276 0.06787466 0.15854634 0.08517636 0.07125807 -0.17021691 0.22249890 0.22679092 0.08319076 0.07973497 0.10878355 -0.07461045 -0.05291998 -0.04846849 0.14178925 -0.00441972 0.29165830 1.00000000 0.15054549 0.17255045 0.30818015 0.29749445 0.05532669 0.11537759 0.26342811 0.15926842 0.06021195 0.20658405 0.32261666 0.12913227 -0.00790378 0.00918617 0.02292991 -0.04766112 0.07254085 -0.10197279 -0.14121102 0.02993001 0.00455954 -0.05337423 0.12917647 0.05839900 0.04014501 0.02841402 -0.06170663 0.00333578 -0.01127236 0.05260868 0.01052151 -0.02964243 0.02159173 0.13465536 0.11684451 0.03554576 -0.08374199 -0.10861808 -0.09058435 -0.04455931 -0.09472877 -0.14885688 -0.10159375 0.05451873 0.02601240 0.00045852 0.08808597 0.06988988 -0.03730275 -0.04782095
0.09026297 0.02998057 -0.03891135 -0.06956359 0.13918428 0.02316594 0.05134903 0.02238243 0.11865749 0.10234614 -0.07461046 0.19271264 0.18068174 0.10184247 0.15259769 0.02207828 0.14682639 0.19641306 -0.01336428 0.11944375 0.04760436 -0.03995924 0.04020235 -0.01102858 0.00186336 0.31535682 -0.12752522 0.15054549 1.00000000 0.09730403 -0.03487786 0.47924393 0.18985332 0.38454546 0.17002169 0.25108275 0.14309908 0.08413095 0.31502096 -0.15801948 0.20360380 -0.01572298 -0.08719868 0.00732238 0.01088963 -0.01589661 -0.04984674 -0.07741857 -0.09659213 -0.10981075 0.01266694 -0.11102485 -0.04029351 -0.04547989 0.06321843 0.02703510 -0.01715492 0.08332201 -0.04156296 -0.05811497 0.07669739 -0.05811057 -0.11677236 -0.01460799 -0.04996603 -0.00140985 -0.05908853 -0.08322589 -0.01312298 0.12835315 -0.18417068 -0.05183931 0.06881235 0.03649165 -0.07255944 -0.12742843 -0.16652427 -0.00454185
0.03920868 0.12352513 0.20445350 0.12589470 0.02433197 0.18964045 0.10196511 0.11689953 0.08977810 0.00244746 0.12117189 0.10850494 0.14312224 0.14788330 0.21171529 -0.04394494 0.14405523 0.12052932 0.17883132 0.09961806 0.18877768 0.20156576 0.05400911 0.02049595 0.21027319 0.12234795 0.03816269 0.17255045 0.09730403 1.00000000 0.16875860 0.07604227 0.27143494 0.27796689 0.17190607 0.26154627 0.14507922 0.01730505 0.27201407 -0.08668530 -0.11059001 0.04880976 -0.02186377 0.00511445 -0.05393178 -0.05552824 -0.08660993 0.02820738 -0.03028330 0.03365107 -0.00249115 -0.01990518 -0.02981199 -0.03363748 -0.09456338 -0.04922166 -0.06910833 0.00058524 -0.03039090 0.02886566 0.03321431 -0.00527691 0.06679807 0.02061322 0.01829649 -0.03304048 0.00647575 0.06679326 -0.06096266 -0.09827687 0.15328741 0.04525417 0.02573769 -0.03119615 0.08621341 0.08872757 0.12339840 0.06617813
-0.09187681 -0.01847378 0.12822777 -0.08266497 -0.07140182 -0.04382911 -0.05424498 -0.05029255 -0.19101278 0.00142642 0.02313193 -0.08298859 -0.00957598 0.13149365 0.05705460 -0.01700719 0.25988169 0.02575351 0.13714778 -0.05677121 0.30849364 0.17349695 -0.00158522 0.00893390 0.22861123 -0.12700840 0.27169024 0.30818015 -0.03487786 0.16875860 1.00000000 -0.00723023 0.09652503 0.15552082 0.16830267 -0.00163417 -0.02837372 0.28200565 0.12366925 0.08845032 -0.23801738 0.02083002 0.08365917 -0.06625244 -0.07026892 -0.10586882 -0.16018723 0.05550448 -0.01623654 -0.00311194 -0.03403036 0.00473842 -0.09194755 0.04310668 -0.01686852 0.01186060 0.04623477 0.04869103 0.09673639 0.04925928 -0.04550998 0.10385669 0.14795276 0.08340899 -0.09513268 -0.05692984 0.02912495 0.06248780 -0.04921230 -0.23167103 0.18203996 0.00586764 -0.01857521 0.05344801 0.17310933 0.15018541 0.16190109 0.02888072
0.13473885 0.06218050 0.14750440 -0.01900971 0.06572355 0.00413362 0.15470889 0.04467768 -0.02013960 0.07813611 0.02002915 0.18457828 0.16237850 0.05902221 0.17261394 -0.11038591 0.17571725 0.24254598 0.04134356 0.08694183 0.03838301 -0.19069872 -0.07544176 -0.01199384 0.05120892 0.16167749 0.06060024 0.29749445 0.47924393 0.07604227 -0.00723023 1.00000000 0.20394667 0.24770837 0.27465183 0.30652693 0.00441354 0.15191513 0.38842276 -0.11188431 0.09928405 -0.06160604 -0.02053818 -0.00369779 0.00699749 -0.07200683 -0.09332786 0.01867965 -0.10989051 -0.10708911 0.07129899 -0.02548314 0.05959394 -0.09847525 -0.04321673 0.03540023 -0.03706979 0.09710238 -0.09137649 -0.12004416 0.03922902 0.03627942 0.00574620 0.07319145 -0.04896712 -0.12548441 -0.09665209 -0.01037540 -0.11746153 0.10816851 -0.21415498 0.04074996 0.02231517 -0.01094334 -0.02799752 -0.09381999 -0.11259956 -0.07871699
-0.03656278 0.17326124 -0.01892578 0.08341496 -0.00650068 0.08973860 0.12504971 0.17216717 0.17852069 0.00232918 0.06481695 0.05809734 0.09966872 0.07443779 0.10790143 0.00043212 -0.04099017 -0.06086260 -0.03838571 0.02501971 0.05475630 0.23504282 0.14421518 0.08507002 0.09874235 0.10836162 -0.00990802 0.05532669 0.18985332 0.27143494 0.09652503 0.20394667 1.00000000 0.29228845 0.06503673 0.23604127 0.25584560 -0.08469472 0.04200896 -0.10114890 0.07731005 -0.04504759 0.04188560 0.09918637 -0.04256780 0.13558607 0.06497635 0.04181404 -0.02415516 -0.02746599 -0.11818700 0.08103047 -0.04173473 0.08556937 0.07114357 0.00480298 0.00440232 0.04444859 -0.00618317 0.09515279 0.01737959 -0.19148838 -0.13487368 -0.07235130 0.05310022 -0.00051668 0.04734078 0.01577628 0.12642190 0.07018571 0.12941118 -0.00787819 0.00408281 -0.07433638 0.11135451 -0.02792642 0.07994115 0.10692370
0.05710431 0.19232774 0.15430448 -0.06819635 0.09406162 0.16943466 -0.05364047 0.05840013 0.11671070 0.05130090 0.03469379 0.20599871 0.30110222 0.16992166 0.21690761 0.11655880 0.37986426 0.24829904 0.27405523 0.15451222 0.23295669 0.28143399 0.26900139 0.14477078 0.19798387 0.38777312 0.00297373 0.11537759 0.38454546 0.27796689 0.15552082 0.24770837 0.29228845 1.00000000 0.31382601 0.48112530 0.12407552 -0.00070543 0.30788760 -0.19986893 0.04215763 0.09324083 0.03256961 0.09664715 -0.07385430 -0.05889478 -0.15407370 -0.02918460 -0.16608309 -0.13248774 -0.03591917 -0.02401418 -0.04681328 0.03943729 -0.00545979 0.08940768 -0.00007218 0.07016910 -0.07821928 0.05880601 0.08562597 -0.06100197 -0.09337031 0.01563825 0.04203895 -0.06220475 0.01252570 0.01699105 -0.04199252 0.05761903 0.01161695 -0.03896068 -0.02502851 0.05875695 -0.05432214 0.01855488 0.04583280 0.05689638
-0.00031947 0.00256960 0.12585583 -0.14106785 0.00056678 -0.05978171 -0.01708785 -0.10985834 -0.09726609 -0.02485988 0.03337257 0.06077379 0.02103774 0.10363311 0.04538285 -0.11942533 0.20127986 0.19815073 0.16852288 0.04728472 0.13888314 -0.01067541 -0.04649075 0.04195823 0.16590589 0.04181251 0.23321066 0.26342811 0.17002169 0.17190607 0.16830267 0.27465183 0.06503673 0.31382601 1.00000000 0.20944210 0.01748721 0.31012664 0.42736707 0.03668608 -0.01418843 0.11257418 0.11216760 0.06669230 0.01822351 -0.15091109 0.01453718 0.04255672 -0.06036489 -0.08145700 0.06644592 -0.04201302 0.08141225 -0.00856544 -0.12536886 -0.03184064 0.00494054 0.05883264 -0.04281905 -0.02787873 -0.02732283 0.06247000 -0.07688032 0.03011487 -0.00934151 0.03592928 0.03624055 0.07224477 -0.13420055 0.04345943 -0.05786108 0.04838938 0.04807322 0.00419398 0.05492360 0.06308789 -0.03683302 0.00654072
0.07916253 0.13501933 0.10261265 -0.05595904 0.05455993 0.14523267 0.04288142 0.06720873 0.06085672 -0.00124203 0.01593843 0.22069294 0.19769298 0.10561683 0.11960525 -0.02569820 0.19743436 0.26104736 0.12602799 0.13738941 0.10347229 0.10357321 0.10810177 0.03756644 0.12871697 0.24664122 0.11153545 0.15926842 0.25108275 0.26154627 -0.00163417 0.30652693 0.23604127 0.48112530 0.20944210 1.00000000 0.10925262 -0.02912689 0.39931752 -0.09241161 0.03370053 -0.01678816 0.02155097 0.05368051 0.00057464 -0.07783027 -0.12908284 -0.03659270 -0.06767534 -0.10194359 0.00514761 0.04153152 0.01307512 0.00903322 0.00026490 -0.04964614 0.01856167 0.01201806 -0.05451540 0.00101366 0.02470384 0.01529068 -0.08062992 -0.02583314 -0.01377558 -0.01063328 -0.02813362 0.02588252 -0.02897359 0.10364403 -0.09635872 0.12626501 0.08020083 0.02014413 -0.04929384 -0.05830684 0.01885099 0.02848033
-0.12922636 0.03832874 -0.10215018 -0.12753655 0.03849263 0.04956808 -0.06379382 -0.05967580 0.18075410 0.02077782 -0.06854289 -0.03370740 0.01239569 -0.04769506 -0.15622989 -0.04394163 -0.15208971 -0.09551221 -0.02454818 0.01087893 -0.08256746 0.09955658 0.11477125 -0.08238173 -0.12728843 0.13133700 -0.16089088 0.06021195 0.14309908 0.14507922 -0.02837372 0.00441354 0.25584560 0.12407552 0.01748721 0.10925262 1.00000000 -0.10648982 -0.01284621 0.02361437 0.05498469 0.06602263 0.00832617 0.05949442 -0.00935365 0.22700600 -0.08876539 -0.04367537 0.15799132 0.11958350 -0.01098343 0.07259542 0.07001110 0.11184218 0.10178710 0.10644308 0.02152106 0.02993458 0.13656473 0.06633039 0.06767649 -0.10460793 -0.00368213 -0.02514000 0.11667200 -0.00797306 0.03622601 0.03572499 0.17202612 -0.08548268 0.11042343 0.01994491 -0.01850489 -0.12080051 0.02728227 -0.09670560 0.05883269 0.01998784
-0.06151023 -0.12808700 0.04311218 -0.08355922 0.03875989 -0.11353488 -0.03865190 -0.14091228 -0.14863183 -0.00091478 0.06056719 -0.17836203 -0.08380556 0.10289328 -0.00076000 -0.04761649 0.06798544 0.01436482 0.05077496 -0.04038554 0.07841250 -0.09032524 -0.12826722 -0.04389588 0.04872044 -0.23667381 0.29416260 0.20658405 0.08413095 0.01730505 0.28200565 0.15191513 -0.08469472 -0.00070543 0.31012664 -0.02912689 -0.10648982 1.00000000 0.18716354 0.16295113 -0.10041733 0.00073885 0.05200806 0.01143386 0.03780289 -0.07249530 0.03152461 0.10835825 -0.00481731 0.03662897 0.09571223 -0.00384943 0.03102557 -0.06140151 -0.11681772 -0.03121076 -0.02376175 0.04633065 0.03323404 -0.06725118 -0.07167099 0.09636989 0.11060660 0.10029119 -0.13751943 -0.03422656 0.04525744 -0.00912556 -0.04882976 -0.06944448 -0.04394087 -0.00451929 -0.00449504 0.05219118 0.12756993 0.13483922 0.00216374 0.04267623
-0.05360203 0.01979189 0.21251320 -0.04172544 0.09634773 0.05445989 0.11887463 0.03671500 -0.07135093 0.09326441 0.09282763 0.13792792 0.12426191 0.20362364 0.18843251 -0.19619896 0.29831972 0.32202608 0.18304343 0.12978581 0.27389523 0.10580720 -0.05109071 0.01652650 0.15121719 0.11815462 0.21917322 0.32261666 0.31502096 0.27201407 0.12366925 0.38842276 0.04200896 0.30788760 0.42736707 0.39931752 -0.01284621 0.18716354 1.00000000 -0.00083151 0.02811274 0.08452522 0.07342910 0.00205013 -0.02262345 -0.05497830 -0.06224338 0.05013593 -0.10575540 -0.09063575 0.06806709 -0.09641026 0.05849668 -0.00533705 -0.11066423 -0.08517991 -0.01216818 0.06342575 0.01666938 -0.05586625 -0.02830206 0.05634798 -0.00323972 0.11077799 -0.04997184 -0.10442603 -0.08095269 0.01351289 -0.14243487 0.03688230 -0.08243066 0.11087540 0.15964443 0.09892040 -0.04990170 0.02041624 -0.02158802 -0.12485796
-0.08287211 -0.07384551 -0.04060110 -0.09214700 0.00658224 -0.07137940 -0.07144886 -0.06206023 -0.18614862 -0.17753486 -0.01777458 -0.17201249 -0.13413114 0.04970254 -0.17625545 -0.10654231 -0.11498643 -0.10277672 -0.00702235 -0.07415791 0.00166064 -0.05880393 -0.14813704 0.03375341 0.02566285 -0.26001592 0.14127000 0.12913227 -0.15801948 -0.08668530 0.08845032 -0.11188431 -0.10114890 -0.19986893 0.03668608 -0.09241161 0.02361437 0.16295113 -0.00083151 1.00000000 0.00559762 0.08549727 0.17657792 0.13253682 0.11660730 0.13234991 0.17693031 0.01136668 0.28249521 0.10678824 0.10043679 0.20004632 0.04396104 0.03008383 -0.00235606 -0.00104584 0.07064621 0.03500531 0.14272352 -0.03306899 0.00814663 0.07747183 0.16433186 0.00861290 0.05540040 0.02764991 0.01909943 0.05487618 -0.02865397 -0.11657138 0.01401885 0.03904849 0.06323000 0.04365938 0.15025681 0.14123242 0.04259654 -0.06277750
0.12207837 0.15949128 -0.03112637 -0.02164096 0.21463999 0.13242565 0.14358530 -0.01946253 0.10741908 0.06529599 -0.03417362 0.21935813 0.15363776 -0.05158083 0.02776715 0.02837332 -0.00250474 0.07126366 -0.06097923 -0.01658392 -0.23043123 -0.13733748 0.07101019 0.03199553 -0.11014844 0.18594090 -0.13382883 -0.00790378 0.20360380 -0.11059001 -0.23801738 0.09928405 0.07731005 0.04215763 -0.01418843 0.03370053 0.05498469 -0.10041733 0.02811274 0.00559762 1.00000000 -0.05713554 0.13985747 0.28797563 0.40035948 0.06026538 0.16841280 0.01164729 0.08909304 0.03390246 0.32213959 0.20057366 0.01064762 0.01234700 -0.03129492 -0.02920740 -0.03795771 0.01743165 -0.11947264 -0.00635007 0.09353978 -0.01416505 -0.15153303 -0.08974970 -0.00939588 -0.00070567 -0.10689664 -0.09318670 -0.00608031 0.12301212 -0.23847438 -0.03877732 0.00252328 -0.09359174 -0.20316583 -0.19843905 -0.16466827 -0.06081811
-0.04926267 -0.00611441 0.04837060 -0.04382029 -0.06037632 0.07355706 -0.01964214 -0.02594375 -0.07338026 0.03395085 0.01423430 -0.14819651 -0.05592951 0.12902804 0.03484474 -0.00632701 0.12144607 0.02916675 0.10055523 -0.01873875 0.10085735 0.11747942 0.03764145 -0.01182046 0.04269532 -0.01703827 -0.00540593 0.00918617 -0.01572298 0.04880976 0.02083002 -0.06160604 -0.04504759 0.09324083 0.11257418 -0.01678816 0.06602263 0.00073885 0.08452522 0.08549727 -0.05713554 1.00000000 0.15533942 0.04392522 0.00944139 0.05909495 -0.01167830 0.19165506 -0.02885049 0.13448992 0.05946452 -0.04218039 0.02223375 -0.03285688 0.04470766 -0.04016945 0.04271418 -0.00924779 0.05724298 0.06620114 -0.06342024 0.01094136 -0.01469887 0.05661451 0.08387935 0.07683682 0.05452407 0.12323835 0.00811818 -0.08608005 0.17545590 0.12412909 0.09753188 0.00893602 0.02003569 0.04519233 0.20169617 0.01202119
0.01222779 0.05350873 0.07098557 0.00133807 -0.00272569 -0.00234095 0.00107816 0.14573378 -0.12810920 -0.05547121 0.09779742 -0.05741917 -0.04682757 0.10857780 -0.00417448 -0.09905154 0.05866155 0.02370601 0.09390624 -0.07262235 0.15228839 0.11175820 0.04997762 0.08873546 0.01279971 -0.10283432 0.06803362 0.02292991 -0.08719868 -0.02186377 0.08365917 -0.02053818 0.04188560 0.03256961 0.11216760 0.02155097 0.00832617 0.05200806 0.07342910 0.17657792 0.13985747 0.15533942 1.00000000 0.18643907 0.07110868 0.16885458 0.13475323 0.29306598 0.00394436 -0.05264539 -0.06034345 0.12643383 0.02612738 -0.06057933 -0.11685589 -0.11367670 0.06372553 0.03260143 0.10686547 0.04094647 -0.06470799 -0.00034759 -0.02184630 0.00829345 0.04154934 0.05155431 0.04498477 0.02699826 -0.05325279 -0.04486071 0.07972910 0.04162622 0.00331753 -0.04441034 0.01294493 0.17210104 -0.00339713 0.01688157
0.00794172 0.14610685 0.00418229 -0.08102535 0.11566400 0.03879064 0.07652679 0.01044955 0.10372837 0.03942279 0.05786175 0.03441256 0.14240967 0.05303592 0.01098445 0.05103593 0.04301079 0.02150787 -0.00421534 -0.03276645 -0.06391573 0.03987373 -0.00190077 0.08899254 0.02259884 0.07574481 -0.04109018 -0.04766112 0.00732238 0.00511445 -0.06625244 -0.00369779 0.09918637 0.09664715 0.06669230 0.05368051 0.05949442 0.01143386 0.00205013 0.13253682 0.28797563 0.04392522 0.18643907 1.00000000 0.33405909 0.07304826 0.20504462 0.10747891 0.08429773 0.08042718 0.23306494 0.10220484 0.07175801 0.07061897 -0.05640850 -0.02607249 -0.08018676 -0.03313221 -0.00864797 0.08278111 0.07541782 -0.04821072 -0.16203842 -0.08232914 0.02779235 0.08294424 0.04520760 -0.04973076 0.00506744 0.06286011 0.00992672 -0.06830632 -0.04712166 0.03325814 0.00423838 0.06525574 -0.00990244 0.11395582
0.07656486 0.12609148 0.05817478 -0.02360478 0.20552010 0.08155168 0.06950510 -0.09057917 0.07384344 0.07060968 0.04432836 0.12099300 0.10250924 -0.02326924 0.01893105 -0.02593333 -0.01117027 0.09237953 0.01795617 -0.07516102 -0.13391764 -0.14429584 -0.04446204 0.04943161 -0.09537281 0.06480370 0.02788625 0.07254085 0.01088963 -0.05393178 -0.07026892 0.00699749 -0.04256780 -0.07385430 0.01822351 0.00057464 -0.00935365 0.03780289 -0.02262345 0.11660730 0.40035948 0.00944139 0.07110868 0.33405909 1.00000000 -0.01488660 0.13276223 0.06058234 0.18867999 0.16626871 0.26008533 0.20730756 0.00025930 0.01644361 0.03483439 0.07589613 0.01162804 0.07061932 -0.12582447 -0.06163993 0.03194727 0.06960601 -0.11431671 -0.03726157 -0.03200091 0.06594550 -0.08733206 -0.09209638 -0.00810457 -0.03933603 -0.18905976 0.05249141 0.03630878 0.07145935 -0.03466964 -0.00388796 0.00250804 0.10785807
-0.08661041 0.02511092 -0.05543104 -0.00242860 -0.02521186 0.04340908 -0.04846786 0.06949236 0.01584720 -0.06561591 -0.05816538 -0.07561572 -0.11380089 0.00248181 -0.14879396 -0.04255887 -0.11269160 -0.11300161 -0.06816079 -0.00990687 -0.07016479 0.02751628 -0.07410542 -0.00311962 -0.05145676 -0.03410166 -0.11721839 -0.10197279 -0.01589661 -0.05552824 -0.10586882 -0.07200683 0.13558607 -0.05889478 -0.15091109 -0.07783027 0.22700600 -0.07249530 -0.05497830 0.13234991 0.06026538 0.05909495 0.16885458 0.07304826 -0.01488660 1.00000000 0.12756647 0.12733787 0.19223530 0.13106879 -0.07815270 0.19080032 -0.03110890 0.04057909 0.04914146 0.05055214 -0.00377692 0.02870501 0.13882443 0.05122483 0.01118524 -0.08468792 -0.06200659 -0.02571009 0.14747126 0.05047203 0.05476251 0.00890721 0.05015299 0.02108630 0.16371942 -0.01910895 -0.07976095 -0.07291186 0.10266341 0.09247351 0.03131634 0.01543083
0.02716904 -0.01967011 -0.04751985 0.09534344 0.05138337 -0.02906242 0.09519069 0.07103589 0.05898324 0.05670370 0.09561534 -0.03348686 -0.00473572 -0.04032787 -0.03944255 -0.06223820 -0.16038379 -0.06704689 -0.07915157 -0.01191085 -0.07677941 -0.05907932 -0.09661041 0.01912301 -0.09334706 -0.14371985 -0.10364241 -0.14121102 -0.04984674 -0.08660993 -0.16018723 -0.09332786 0.06497635 -0.15407370 0.01453718 -0.12908284 -0.08876539 0.03152461 -0.06224338 0.17693031 0.16841280 -0.01167830 0.13475323 0.20504462 0.13276223 0.12756647 1.00000000 0.09023142 0.19091506 0.17963478 0.11226788 0.09845333 -0.02412615 -0.07604419 -0.06673033 -0.16789860 -0.00964456 0.00015903 0.04026850 0.01917706 -0.07871036 -0.05478314 -0.14529350 -0.04585268 -0.14332888 0.03813936 -0.03165114 0.04514309 0.03394306 0.12405827 0.00312005 -0.10824224 0.12740596 0.02876194 0.00782784 0.06024799 -0.05970391 0.05591506
-0.01419694 -0.02481017 0.06198586 0.04714984 -0.05308078 -0.12894437 0.09562447 0.02474316 -0.18493843 -0.06496492 0.09319778 -0.16388064 -0.07831027 0.07232416 0.00572184 -0.08413799 0.02005609 -0.01673499 -0.04148934 -0.13227793 0.11395884 -0.02067345 -0.12656543 -0.05598343 -0.06012975 -0.18818800 0.13212342 0.02993001 -0.07741857 0.02820738 0.05550448 0.01867965 0.04181404 -0.02918460 0.04255672 -0.03659270 -0.04367537 0.10835825 0.05013593 0.01136668 0.01164729 0.19165506 0.29306598 0.10747891 0.06058234 0.12733787 0.09023142 1.00000000 0.00767290 -0.00431261 -0.04164838 0.18251848 0.00277349 -0.09807321 -0.05995619 -0.04710321 -0.00177731 0.04787603 0.07505140 -0.08947635 -0.11609762 -0.03933064 -0.00436326 0.09229104 -0.00740866 0.05765867 0.03747396 0.04880205 -0.10870535 -0.02167983 0.09435805 0.08473265 0.07980506 0.01316385 0.07754241 0.16771303 0.09410154 0.09685711
-0.08690440 -0.06752394 -0.12496384 -0.08916123 0.02055496 -0.13412543 -0.05056694 -0.07925052 0.01093749 -0.07657587 -0.10386600 -0.09365181 -0.08186348 -0.05244453 -0.20670600 0.04498097 -0.22726628 -0.17133630 -0.10464698 -0.11943933 -0.21333082 -0.16146020 -0.11596515 -0.10049167 -0.10988682 -0.12224210 -0.08434827 0.00455954 -0.09659213 -0.03028330 -0.01623654 -0.10989051 -0.02415516 -0.16608309 -0.06036489 -0.06767534 0.15799132 -0.00481731 -0.10575540 0.28249521 0.08909304 -0.02885049 0.00394436 0.08429773 0.18867999 0.19223530 0.19091506 0.00767290 1.00000000 0.32396845 0.10279016 0.09659285 -0.00792212 0.04493598 0.04175088 0.04815084 0.00237432 0.01435076 -0.05816479 0.03422838 -0.00007719 -0.08425385 0.05808390 -0.10287041 0.03693633 -0.01046800 0.07257598 -0.00024816 0.16082058 -0.01043004 0.08860922 0.01903329 0.14865715 0.02643453 0.13570398 -0.02496805 0.10455837 -0.01540422
-0.07102199 -0.04906266 -0.13898521 -0.08309296 -0.00516235 0.06453868 -0.05675964 -0.08090434 -0.04848470 0.01455852 -0.09919244 -0.09183997 -0.03548673 -0.04960550 -0.07707358 0.05325236 -0.15782929 -0.18666053 -0.04749803 -0.07586759 -0.13754521 -0.09564421 -0.04368344 -0.04185434 -0.06494715 -0.05457179 -0.09334213 -0.05337423 -0.10981075 0.03365107 -0.00311194 -0.10708911 -0.02746599 -0.13248774 -0.08145700 -0.10194359 0.11958350 0.03662897 -0.09063575 0.10678824 0.03390246 0.13448992 -0.05264539 0.08042718 0.16626871 0.13106879 0.17963478 -0.00431261 0.32396845 1.00000000 0.12750817 0.08327126 -0.01655675 -0.01175090 0.02058287 0.03095270 0.01975647 0.00215816 0.05268550 0.01369368 0.03644491 0.01249630 0.08224795 -0.00080350 -0.04041423 0.01584601 -0.00951764 -0.04067750 0.07396822 -0.04900771 0.01475539 0.01648756 0.02572267 -0.00759484 0.08064377 -0.04391585 0.04700545 -0.02208860
0.03081616 -0.00755567 0.03978052 -0.08874032 0.07379995 0.05893144 0.04290588 -0.18510148 -0.00424245 -0.00284831 -0.02646550 0.08073874 0.07001806 0.04522686 0.06505208 0.00349370 0.02365832 0.08662182 0.05220478 -0.03800985 -0.15015733 -0.19707319 -0.03686616 -0.01011050 -0.03214757 0.01563724 0.10216027 0.12917647 0.01266694 -0.00249115 -0.03403036 0.07129899 -0.11818700 -0.03591917 0.06644592 0.00514761 -0.01098343 0.09571223 0.06806709 0.10043679 0.32213959 0.05946452 -0.06034345 0.23306494 0.26008533 -0.07815270 0.11226788 -0.04164838 0.10279016 0.12750817 1.00000000 0.19161367 0.03655010 0.01903546 -0.15921682 -0.06747195 -0.08977491 -0.00044337 -0.06659809 -0.00500052 0.03410047 0.07959140 -0.03683897 -0.04882463 -0.08519341 0.02013026 -0.09082346 0.01562914 -0.00731555 0.09255669 -0.19093687 -0.03900199 0.05402962 0.04424843 -0.04352528 -0.02913920 -0.05138848 -0.00683752
0.02897842 0.06764291 -0.00535969 -0.06873552 0.00119549 0.09954300 0.01664555 -0.05337417 0.01948550 -0.10162067 0.00857833 -0.00005942 0.04980071 0.01000247 -0.07217436 -0.02480861 -0.10055580 -0.07087126 -0.00054454 -0.05811834 -0.10546805 -0.04628269 -0.04180184 0.01668485 -0.01123382 -0.05060898 0.03221815 0.05839900 -0.11102485 -0.01990518 0.00473842 -0.02548314 0.08103047 -0.02401418 -0.04201302 0.04153152 0.07259542 -0.00384943 -0.09641026 0.20004632 0.20057366 -0.04218039 0.12643383 0.10220484 0.20730756 0.19080032 0.09845333 0.18251848 0.09659285 0.08327126 0.19161367 1.00000000 0.01872304 0.09744845 0.02139077 0.08591773 0.05277784 0.08820072 0.01510700 -0.00877407 0.05034134 0.09912429 0.05316347 0.07050304 0.01871011 -0.02461168 0.01831508 0.01306086 0.00355899 -0.01986755 -0.01041416 -0.06328137 -0.02578574 0.01151670 0.01361632 0.01658353 -0.01470719 0.07485097
0.04225865 -0.09032737 0.05887680 -0.00442717 -0.09844107 0.01950940 0.05183345 -0.01517894 -0.04173744 0.01084714 0.11398877 0.04490142 -0.02957733 0.01046896 -0.03335775 -0.06220848 -0.04891148 0.05782962 -0.00807629 0.05138212 -0.04766735 -0.06522305 0.01923303 0.00590749 0.06275950 0.02407132 -0.03056032 0.04014501 -0.04029351 -0.02981199 -0.09194755 0.05959394 -0.04173473 -0.04681328 0.08141225 0.01307512 0.07001110 0.03102557 0.05849668 0.04396104 0.01064762 0.02223375 0.02612738 0.07175801 0.00025930 -0.03110890 -0.02412615 0.00277349 -0.00792212 -0.01655675 0.03655010 0.01872304 1.00000000 0.08023431 0.01854901 0.12704479 0.24438727 0.13752989 0.15586677 0.09588150 0.06875526 0.21304104 0.13180030 0.32833114 0.15181956 -0.03861630 -0.03422866 -0.01483086 0.01531604 0.01130205 -0.06584552 -0.10146718 -0.06708813 -0.10001320 -0.04658920 -0.05086659 -0.09247987 -0.07074543
-0.01391568 -0.02148460 0.03265421 -0.07722352 -0.04028111 0.01625276 -0.04868416 -0.03216300 0.02037127 -0.00161019 -0.03391682 -0.00387022 -0.05004837 0.01302974 -0.04933612 -0.10562513 -0.04985649 -0.02815830 -0.01535286 -0.03205768 -0.05473585 0.07517631 0.02497559 0.02087351 0.03747187 -0.03544122 0.00102879 0.02841402 -0.04547989 -0.03363748 0.04310668 -0.09847525 0.08556937 0.03943729 -0.00856544 0.00903322 0.11184218 -0.06140151 -0.00533705 0.03008383 0.01234700 -0.03285688 -0.06057933 0.07061897 0.01644361 0.04057909 -0.07604419 -0.09807321 0.04493598 -0.01175090 0.01903546 0.09744845 0.08023431 1.00000000 0.08837664 0.18398176 0.13414801 0.20394193 0.21787644 0.26955756 0.20697977 0.25886313 0.13175819 0.05281372 0.19525496 -0.14184482 0.05532472 0.02559888 0.02121210 -0.06087063 0.13425090 -0.01986715 -0.02120327 -0.02034084 0.02293446 -0.01804824 0.07740985 -0.00904154
-0.03514427 -0.04784871 -0.17344900 -0.09371744 -0.14170436 -0.06640879 -0.08429002 -0.08236708 0.00374020 -0.05215738 -0.11006671 -0.09060657 -0.07643614 -0.13763636 -0.14298776 -0.01020619 -0.12874938 -0.13326643 -0.12155272 -0.06051658 -0.12105133 -0.03842212 -0.08367659 0.06888423 -0.08486929 -0.03292925 -0.14593454 -0.06170663 0.06321843 -0.09456338 -0.01686852 -0.04321673 0.07114357 -0.00545979 -0.12536886 0.00026490 0.10178710 -0.11681772 -0.11066423 -0.00235606 -0.03129492 0.04470766 -0.11685589 -0.05640850 0.03483439 0.04914146 -0.06673033 -0.05995619 0.04175088 0.02058287 -0.15921682 0.02139077 0.01854901 0.08837664 1.00000000 0.25266508 0.14571595 -0.02419585 0.09704433 0.03133158 0.14306376 -0.03628370 0.07964384 0.08902434 0.30583650 0.00192960 0.00471810 -0.17229953 0.08426678 -0.04155256 -0.03371734 -0.04692004 -0.03043174 -0.03667410 0.01581962 -0.21336253 -0.05051449 -0.00806323
-0.11545837 -0.06193858 -0.03634948 -0.13105366 -0.05777392 -0.04270618 -0.11387676 -0.00628384 0.04310466 0.05488204 0.00516466 -0.01359642 -0.03546754 -0.04731164 -0.07890739 0.03496509 -0.00454698 -0.01882439 -0.00856218 -0.03105737 -0.07328746 0.01781298 0.09207034 0.08324100 -0.04787802 -0.00085030 -0.04796383 0.00333578 0.02703510 -0.04922166 0.01186060 0.03540023 0.00480298 0.08940768 -0.03184064 -0.04964614 0.10644308 -0.03121076 -0.08517991 -0.00104584 -0.02920740 -0.04016945 -0.11367670 -0.02607249 0.07589613 0.05055214 -0.16789860 -0.04710321 0.04815084 0.03095270 -0.06747195 0.08591773 0.12704479 0.18398176 0.25266508 1.00000000 0.23816120 0.35355801 0.11504841 0.11449942 0.23160899 0.24459875 0.29684616 0.18707029 0.22730658 0.07379779 0.05489531 -0.12199596 -0.04832998 -0.02483122 -0.06839688 -0.13788951 -0.16908852 0.10974206 -0.07077910 -0.01307419 -0.09455406 -0.00184184
-0.12865719 -0.00171191 -0.03305745 -0.00136161 -0.09057912 0.00560129 -0.09967928 0.02449766 -0.08611209 -0.04786960 0.06212038 -0.04509228 -0.14649353 0.06594580 -0.09505279 -0.05901979 0.05353838 0.09008211 0.08347333 0.03513769 0.00068724 -0.00356908 -0.04138271 0.09804870 -0.10295082 -0.13178802 -0.00655715 -0.01127236 -0.01715492 -0.06910833 0.04623477 -0.03706979 0.00440232 -0.00007218 0.00494054 0.01856167 0.02152106 -0.02376175 -0.01216818 0.07064621 -0.03795771 0.04271418 0.06372553 -0.08018676 0.01162804 -0.00377692 -0.00964456 -0.00177731 0.00237432 0.01975647 -0.08977491 0.05277784 0.24438727 0.13414801 0.14571595 0.23816120 1.00000000 0.22132546 0.13061288 0.03191177 0.18100748 0.27561686 0.16235123 0.27585728 0.17157219 0.01889565 -0.02838311 -0.02950354 -0.04759153 -0.01021039 0.00405851 -0.06100032 -0.04560773 0.04995380 -0.03147948 0.06199915 0.03955655 -0.03056526
-0.10866269 -0.08515764 0.01758893 -0.06545133 -0.05272939 0.00459214 -0.07039924 -0.01705929 -0.01997899 0.06277604 -0.01037589 -0.01212807 -0.07644129 0.01200817 0.01073910 -0.04728116 0.00028970 0.07231680 0.02335266 -0.01992602 -0.02219482 -0.00882533 0.04262607 -0.04493089 -0.06269504 -0.04244710 0.05705999 0.05260868 0.08332201 0.00058524 0.04869103 0.09710238 0.04444859 0.07016910 0.05883264 0.01201806 0.02993458 0.04633065 0.06342575 0.03500531 0.01743165 -0.00924779 0.03260143 -0.03313221 0.07061932 0.02870501 0.00015903 0.04787603 0.01435076 0.00215816 -0.00044337 0.08820072 0.13752989 0.20394193 -0.02419585 0.35355801 0.22132546 1.00000000 0.20118911 0.07637701 0.22856827 0.27595562 0.17251969 0.28074785 0.16206504 0.08508454 0.05806004 0.03738376 -0.16478655 0.08365452 -0.04016474 -0.10061610 0.02655223 0.11507700 0.06639769 0.05098736 -0.05974991 -0.01517149
-0.06957758 0.00092038 -0.04343195 0.04134772 -0.15024964 -0.02407779 0.04991161 0.06386015 -0.06274002 -0.05688302 0.05079305 -0.15889475 -0.13329147 0.08006122 -0.00431066 -0.08916002 -0.02173708 -0.04059666 0.01412870 0.02626869 0.07881485 0.12338694 0.06720257 0.02891893 0.09153006 -0.08948229 0.06031529 0.01052151 -0.04156296 -0.03039090 0.09673639 -0.09137649 -0.00618317 -0.07821928 -0.04281905 -0.05451540 0.13656473 0.03323404 0.01666938 0.14272352 -0.11947264 0.05724298 0.10686547 -0.00864797 -0.12582447 0.13882443 0.04026850 0.07505140 -0.05816479 0.05268550 -0.06659809 0.01510700 0.15586677 0.21787644 0.09704433 0.11504841 0.13061288 0.20118911 1.00000000 0.26564323 0.06204134 0.15612871 0.28519469 0.14872093 0.16607188 0.10141765 0.07635471 0.04157571 -0.04018228 -0.04309168 0.13187466 0.03901822 0.01267342 0.04314906 0.17644732 0.08011222 -0.00403596 0.10681671
-0.02028313 0.01690736 -0.04634612 -0.04655792 0.02271114 0.05353905 0.05402756 0.00962434 0.04330177 0.01931507 -0.05297311 0.02543315 0.01748191 0.02724625 0.03547305 -0.05103810 -0.03364763 -0.02259748 0.03174714 -0.03789332 0.00157328 0.06645183 0.07645829 -0.10556948 0.07341270 0.03841248 -0.04645596 -0.02964243 -0.05811497 0.02886566 0.04925928 -0.12004416 0.09515279 0.05880601 -0.02787873 0.00101366 0.06633039 -0.06725118 -0.05586625 -0.03306899 -0.00635007 0.06620114 0.04094647 0.08278111 -0.06163993 0.05122483 0.01917706 -0.08947635 0.03422838 0.01369368 -0.00500052 -0.00877407 0.09588150 0.26955756 0.03133158 0.11449942 0.03191177 0.07637701 0.26564323 1.00000000 0.24398536 0.07757845 0.08373329 0.11419687 0.07122389 -0.04755154 0.09241736 -0.08764108 -0.00079249 0.14008808 0.09794654 -0.06923400 -0.08604773 -0.07196167 -0.02320688 -0.02642311 -0.03383347 0.01598270
0.04252268 0.03917633 0.01613549 -0.09342476 0.06832562 0.09132083 -0.02174851 -0.13748322 0.00477476 0.01537903 -0.16347264 0.10151968 0.07011347 0.01725919 0.03945572 0.08185989 0.06883567 0.06266013 0.03199674 0.10651445 -0.00116947 -0.11490787 0.04748000 0.03370035 -0.02570022 0.06556354 -0.08980787 0.02159173 0.07669739 0.03321431 -0.04550998 0.03922902 0.01737959 0.08562597 -0.02732283 0.02470384 0.06767649 -0.07167099 -0.02830206 0.00814663 0.09353978 -0.06342024 -0.06470799 0.07541782 0.03194727 0.01118524 -0.07871036 -0.11609762 -0.00007719 0.03644491 0.03410047 0.05034134 0.06875526 0.20697977 0.14306376 0.23160899 0.18100748 0.22856827 0.06204134 0.24398536 1.00000000 0.22272099 0.16505746 0.27797748 0.28202370 -0.05764565 0.04619732 -0.13037886 -0.08708363 0.01673055 -0.08708263 -0.15313620 -0.21357239 -0.18403514 -0.15618816 -0.13137771 -0.20460654 -0.11440602
0.05913579 -0.01610411 0.15687429 -0.07463543 0.02342823 0.04252653 0.07214830 -0.09766944 -0.07556168 0.02379184 -0.00052402 0.05669522 0.04743307 0.00450456 -0.02798380 -0.15079342 0.09733646 0.15389133 -0.01887583 0.05088364 0.00073151 -0.16154633 -0.04795922 -0.04211958 -0.00729477 -0.03961633 0.13860479 0.13465536 -0.05811057 -0.00527691 0.10385669 0.03627942 -0.19148838 -0.06100197 0.06247000 0.01529068 -0.10460793 0.09636989 0.05634798 0.07747183 -0.01416505 0.01094136 -0.00034759 -0.04821072 0.06960601 -0.08468792 -0.05478314 -0.03933064 -0.08425385 0.01249630 0.07959140 0.09912429 0.21304104 0.25886313 -0.03628370 0.24459875 0.27561686 0.27595562 0.15612871 0.07757845 0.22272099 1.00000000 0.27325305 0.27359874 0.09426809 -0.11473466 -0.14036983 -0.02907827 -0.23829362 -0.07409115 -0.12452855 -0.08736687 -0.12038959 0.00956996 -0.08616511 0.05056801 -0.07050439 -0.17310765
0.01678258 -0.03951774 0.03831636 -0.07468232 -0.11150703 -0.00541841 0.00059654 -0.06030009 -0.11062247 -0.03400019 0.07659685 -0.07806009 -0.02652189 -0.03078132 0.01186191 -0.03898928 -0.04054834 -0.05307896 -0.03003881 -0.00581912 0.07301849 -0.00743506 0.01063454 0.02632981 -0.00231681 -0.17053632 0.15012648 0.11684451 -0.11677236 0.06679807 0.14795276 0.00574620 -0.13487368 -0.09337031 -0.07688032 -0.08062992 -0.00368213 0.11060660 -0.00323972 0.16433186 -0.15153303 -0.01469887 -0.02184630 -0.16203842 -0.11431671 -0.06200659 -0.14529350 -0.00436326 0.05808390 0.08224795 -0.03683897 0.05316347 0.13180030 0.13175819 0.07964384 0.29684616 0.16235123 0.17251969 0.28519469 0.08373329 0.16505746 0.27325305 1.00000000 0.26841826 0.09394606 -0.12244037 0.05364391 0.05323852 -0.02966660 -0.15119351 -0.03370069 -0.00042019 -0.00677030 0.06368256 0.04863876 -0.01936119 -0.02949519 -0.12339255
-0.02276236 -0.08541370 0.07643682 -0.08673283 -0.14090591 0.02441033 -0.05433311 -0.10263043 -0.13699630 0.02171199 0.04653665 -0.02080915 -0.09664885 0.07750098 0.02173447 -0.04696439 0.04924244 0.10531881 0.00079805 0.10575495 0.11226720 -0.02037735 -0.07003326 -0.09642828 -0.02451753 -0.07973511 0.13455947 0.03554576 -0.01460799 0.02061322 0.08340899 0.07319145 -0.07235130 0.01563825 0.03011487 -0.02583314 -0.02514000 0.10029119 0.11077799 0.00861290 -0.08974970 0.05661451 0.00829345 -0.08232914 -0.03726157 -0.02571009 -0.04585268 0.09229104 -0.10287041 -0.00080350 -0.04882463 0.07050304 0.32833114 0.05281372 0.08902434 0.18707029 0.27585728 0.28074785 0.14872093 0.11419687 0.27797748 0.27359874 0.26841826 1.00000000 0.19218939 -0.07003488 -0.01718115 0.05089974 -0.08633634 0.03601232 -0.04112971 -0.07744637 0.03238124 -0.01131150 -0.06854055 0.04230526 -0.11448873 -0.13752805
-0.08113274 -0.00848483 -0.06721381 -0.09878779 -0.12791935 0.01652504 -0.08512613 -0.00007295 -0.05869459 -0.06681512 -0.03513169 -0.04539206 -0.06820457 -0.02410333 -0.12054725 -0.01584205 -0.02854449 -0.09035843 0.02719084 0.00912496 -0.03238993 0.10950564 -0.01598947 0.06078735 -0.00493125 0.05161671 -0.11958891 -0.08374199 -0.04996603 0.01829649 -0.09513268 -0.04896712 0.05310022 0.04203895 -0.00934151 -0.01377558 0.11667200 -0.13751943 -0.04997184 0.05540040 -0.00939588 0.08387935 0.04154934 0.02779235 -0.03200091 0.14747126 -0.14332888 -0.00740866 0.03693633 -0.04041423 -0.08519341 0.01871011 0.15181956 0.19525496 0.30583650 0.22730658 0.17157219 0.16206504 0.16607188 0.07122389 0.28202370 0.09426809 0.09394606 0.19218939 1.00000000 0.00534242 0.05007196 0.03286969 0.01863917 -0.04085675 0.16366167 -0.00466310 -0.01765916 -0.07328956 0.00433234 -0.11280171 -0.05668123 -0.00056174
-0.11571984 -0.00016598 -0.13737066 0.04007068 0.00011636 -0.04841359 -0.12446784 -0.01361377 0.08757783 0.02164000 0.03384856 -0.05185179 -0.09986750 -0.00349502 -0.02385541 0.08124371 -0.05802133 -0.03295601 0.01449373 -0.01045373 -0.07385102 0.04755468 0.02241941 0.02637549 0.03767493 0.03581142 -0.06708558 -0.10861808 -0.00140985 -0.03304048 -0.05692984 -0.12548441 -0.00051668 -0.06220475 0.03592928 -0.01063328 -0.00797306 -0.03422656 -0.10442603 0.02764991 -0.00070567 0.07683682 0.05155431 0.08294424 0.06594550 0.05047203 0.03813936 0.05765867 -0.01046800 0.01584601 0.02013026 -0.02461168 -0.03861630 -0.14184482 0.00192960 0.07379779 0.01889565 0.08508454 0.10141765 -0.04755154 -0.05764565 -0.11473466 -0.12244037 -0.07003488 0.00534242 1.00000000 0.25340415 0.05441844 0.15314160 0.22699637 0.09312136 0.17525105 0.03162170 0.22391807 0.19035956 0.27739172 0.06451485 0.31564976
-0.10493513 0.05322096 -0.07215805 -0.00759708 -0.06119949 -0.03499914 -0.04133406 0.07862784 0.02831636 -0.06868345 0.05200798 -0.06762923 -0.11369015 -0.00572483 -0.07867484 0.04552685 -0.08191678 -0.06594045 -0.07762289 -0.04656998 0.04037819 0.07560009 0.02914652 0.01365410 -0.04064074 -0.10334308 0.01780106 -0.09058435 -0.05908853 0.00647575 0.02912495 -0.09665209 0.04734078 0.01252570 0.03624055 -0.02813362 0.03622601 0.04525744 -0.08095269 0.01909943 -0.10689664 0.05452407 0.04498477 0.04520760 -0.08733206 0.05476251 -0.03165114 0.03747396 0.07257598 -0.00951764 -0.09082346 0.01831508 -0.03422866 0.05532472 0.00471810 0.05489531 -0.02838311 0.05806004 0.07635471 0.09241736 0.04619732 -0.14036983 0.05364391 -0.01718115 0.05007196 0.25340415 1.00000000 0.15279180 0.26971095 0.25362345 0.35101497 0.07519060 -0.02787451 0.16905379 0.14940607 0.21986577 0.01986336 0.28511604
-0.01984090 -0.01855860 -0.00454691 -0.02730498 -0.07911902 -0.04482382 -0.04399064 0.05360415 -0.07786391 -0.07708363 0.02049528 -0.03320658 -0.05202262 0.04228165 0.01123034 0.05729514 0.00501747 -0.00813461 0.03591180 0.13782397 0.15228553 0.06507589 -0.01714424 -0.02791031 0.04528185 -0.05836774 0.06061232 -0.04455931 -0.08322589 0.06679326 0.06248780 -0.01037540 0.01577628 0.01699105 0.07224477 0.02588252 0.03572499 -0.00912556 0.01351289 0.05487618 -0.09318670 0.12323835 0.02699826 -0.04973076 -0.09209638 0.00890721 0.04514309 0.04880205 -0.00024816 -0.04067750 0.01562914 0.01306086 -0.01483086 0.02559888 -0.17229953 -0.12199596 -0.02950354 0.03738376 0.04157571 -0.08764108 -0.13037886 -0.02907827 0.05323852 0.05089974 0.03286969 0.05441844 0.15279180 1.00000000 0.14630482 0.10516624 0.32186084 0.36203661 0.37632077 0.22613831 0.10055778 0.23339042 0.24319946 0.20981357
-0.01002690 -0.02687788 -0.15431651 -0.01130462 0.01485526 0.02255883 -0.06551918 0.04291480 0.08246667 -0.02047815 -0.02365721 -0.02656480 -0.07055365 -0.02273680 -0.10628236 0.00124603 -0.18812363 -0.10399078 -0.09890903 -0.06697643 -0.10774770 0.06713803 0.04201961 -0.07160890 -0.08425288 -0.02127449 -0.14518680 -0.09472877 -0.01312298 -0.06096266 -0.04921230 -0.11746153 0.12642190 -0.04199252 -0.13420055 -0.02897359 0.17202612 -0.04882976 -0.14243487 -0.02865397 -0.00608031 0.00811818 -0.05325279 0.00506744 -0.00810457 0.05015299 0.03394306 -0.10870535 0.16082058 0.07396822 -0.00731555 0.00355899 0.01531604 0.02121210 0.08426678 -0.04832998 -0.04759153 -0.16478655 -0.04018228 -0.00079249 -0.08708363 -0.23829362 -0.02966660 -0.08633634 0.01863917 0.15314160 0.26971095 0.14630482 1.00000000 0.16468319 0.17820849 0.16259750 0.15484575 0.15503959 0.09444650 0.07820152 0.17950113 0.23023457
-0.01494697 0.05054476 -0.10972831 -0.04367653 -0.05946053 -0.01237656 -0.01597858 0.05286310 0.06191647 0.00269654 -0.04628153 0.09320296 -0.03003452 -0.00035142 -0.00554346 0.00444817 -0.06865521 0.11315320 -0.09398982 0.02846900 -0.08818367 -0.06123325 0.03009335 0.01326824 -0.10320552 0.07625753 -0.05786548 -0.14885688 0.12835315 -0.09827687 -0.23167103 0.10816851 0.07018571 0.05761903 0.04345943 0.10364403 -0.08548268 -0.06944448 0.03688230 -0.11657138 0.12301212 -0.08608005 -0.04486071 0.06286011 -0.03933603 0.02108630 0.12405827 -0.02167983 -0.01043004 -0.04900771 0.09255669 -0.01986755 0.01130205 -0.06087063 -0.04155256 -0.02483122 -0.01021039 0.08365452 -0.04309168 0.14008808 0.01673055 -0.07409115 -0.15119351 0.03601232 -0.04085675 0.22699637 0.25362345 0.10516624 0.16468319 1.00000000 0.00185128 0.03003405 0.12925374 0.11012912 -0.16650481 0.03201624 -0.03242770 0.02578200
-0.19867600 0.01007992 -0.01795598 0.04175233 -0.17727250 -0.05656070 -0.08769562 0.15873678 -0.04711224 -0.09495583 0.06586845 -0.22906729 -0.19916793 0.05033490 -0.09759812 -0.03571354 -0.09227980 -0.17402468 -0.01919388 -0.08660950 0.12487918 0.25392428 -0.07450201 -0.00818837 0.11200574 -0.16034930 -0.01943764 -0.10159375 -0.18417068 0.15328741 0.18203996 -0.21415498 0.12941118 0.01161695 -0.05786108 -0.09635872 0.11042343 -0.04394087 -0.08243066 0.01401885 -0.23847438 0.17545590 0.07972910 0.00992672 -0.18905976 0.16371942 0.00312005 0.09435805 0.08860922 0.01475539 -0.19093687 -0.01041416 -0.06584552 0.13425090 -0.03371734 -0.06839688 0.00405851 -0.04016474 0.13187466 0.09794654 -0.08708263 -0.12452855 -0.03370069 -0.04112971 0.16366167 0.09312136 0.35101497 0.32186084 0.17820849 0.00185128 1.00000000 0.16555188 0.12768277 0.14426353 0.26175924 0.24390911 0.30595186 0.19820017
-0.05783242 0.02253134 -0.01029906 0.03953257 0.02875629 0.01300389 0.08370110 0.04318726 -0.01483562 -0.02725739 0.04451876 -0.02624749 -0.02380794 -0.00224024 -0.05144443 -0.05174512 -0.03579175 0.01972326 0.01905687 0.03311691 0.04348996 -0.02914053 0.00652429 -0.13514551 0.05979266 -0.02869111 0.06525145 0.05451873 -0.05183931 0.04525417 0.00586764 0.04074996 -0.00787819 -0.03896068 0.04838938 0.12626501 0.01994491 -0.00451929 0.11087540 0.03904849 -0.03877732 0.12412909 0.04162622 -0.06830632 0.05249141 -0.01910895 -0.10824224 0.08473265 0.01903329 0.01648756 -0.03900199 -0.06328137 -0.10146718 -0.01986715 -0.04692004 -0.13788951 -0.06100032 -0.10061610 0.03901822 -0.06923400 -0.15313620 -0.08736687 -0.00042019 -0.07744637 -0.00466310 0.17525105 0.07519060 0.36203661 0.16259750 0.03003405 0.16555188 1.00000000 0.29967019 0.19197873 0.22398760 0.09878886 0.30419669 0.12732354
0.01474545 -0.05110627 -0.05718651 -0.03769372 -0.00048957 -0.06846065 0.01726426 0.13276136 -0.05837490 -0.06615363 0.00652994 0.00561956 -0.07049551 -0.00880860 0.01081794 -0.03312599 -0.06570695 -0.03242110 -0.04816200 0.02639805 0.01377576 0.01062919 -0.07864640 -0.06563958 -0.08842726 -0.04452868 0.02240454 0.02601240 0.06881235 0.02573769 -0.01857521 0.02231517 0.00408281 -0.02502851 0.04807322 0.08020083 -0.01850489 -0.00449504 0.15964443 0.06323000 0.00252328 0.09753188 0.00331753 -0.04712166 0.03630878 -0.07976095 0.12740596 0.07980506 0.14865715 0.02572267 0.05402962 -0.02578574 -0.06708813 -0.02120327 -0.03043174 -0.16908852 -0.04560773 0.02655223 0.01267342 -0.08604773 -0.21357239 -0.12038959 -0.00677030 0.03238124 -0.01765916 0.03162170 -0.02787451 0.37632077 0.15484575 0.12925374 0.12768277 0.29967019 1.00000000 0.27927440 0.19260164 0.01425883 0.11332347 0.16084954
-0.06032532 -0.00390494 -0.00792517 0.01062984 -0.00674653 -0.05023572 -0.02126715 0.05744366 -0.00290237 0.01899152 0.13964714 -0.03857448 -0.01783350 0.05110914 0.04515802 0.07163606 0.06448607 0.07013454 0.08181464 0.09440736 -0.00172477 0.09385873 -0.01258424 0.01057406 0.03616140 0.00276583 0.07203515 0.00045852 0.03649165 -0.03119615 0.05344801 -0.01094334 -0.07433638 0.05875695 0.00419398 0.02014413 -0.12080051 0.05219118 0.09892040 0.04365938 -0.09359174 0.00893602 -0.04441034 0.03325814 0.07145935 -0.07291186 0.02876194 0.01316385 0.02643453 -0.00759484 0.04424843 0.01151670 -0.10001320 -0.02034084 -0.03667410 0.10974206 0.04995380 0.11507700 0.04314906 -0.07196167 -0.18403514 0.00956996 0.06368256 -0.01131150 -0.07328956 0.22391807 0.16905379 0.22613831 0.15503959 0.11012912 0.14426353 0.19197873 0.27927440 1.00000000 0.18847301 0.23997060 0.09924331 0.35257155
-0.07062048 0.01365319 -0.04469277 0.04551855 -0.06199184 -0.07497290 -0.00068643 0.02779999 -0.08675545 -0.10784641 0.03218524 -0.14945613 -0.14045530 -0.01168113 -0.15539783 0.01416892 -0.07696928 -0.20954436 0.04699967 -0.04875246 0.07879946 0.03635116 -0.07725990 0.07987671 0.05658855 -0.15741819 0.10864732 0.08808597 -0.07255944 0.08621341 0.17310933 -0.02799752 0.11135451 -0.05432214 0.05492360 -0.04929384 0.02728227 0.12756993 -0.04990170 0.15025681 -0.20316583 0.02003569 0.01294493 0.00423838 -0.03466964 0.10266341 0.00782784 0.07754241 0.13570398 0.08064377 -0.04352528 0.01361632 -0.04658920 0.02293446 0.01581962 -0.07077910 -0.03147948 0.06639769 0.17644732 -0.02320688 -0.15618816 -0.08616511 0.04863876 -0.06854055 0.00433234 0.19035956 0.14940607 0.10055778 0.09444650 -0.16650481 0.26175924 0.22398760 0.19260164 0.18847301 1.00000000 0.27522637 0.19219161 0.31589651
-0.11043005 -0.05615526 0.14379606 0.07426291 -0.06116866 0.00573770 -0.04877452 0.05306539 -0.09002836 -0.02765112 0.09090601 -0.15135543 -0.08997915 0.14192712 0.00876507 0.01883929 0.07143671 0.03068477 0.04994670 -0.03008468 0.09349735 0.02601827 -0.05691978 0.04786201 0.03715052 -0.19497841 0.19309493 0.06988988 -0.12742843 0.08872757 0.15018541 -0.09381999 -0.02792642 0.01855488 0.06308789 -0.05830684 -0.09670560 0.13483922 0.02041624 0.14123242 -0.19843905 0.04519233 0.17210104 0.06525574 -0.00388796 0.09247351 0.06024799 0.16771303 -0.02496805 -0.04391585 -0.02913920 0.01658353 -0.05086659 -0.01804824 -0.21336253 -0.01307419 0.06199915 0.05098736 0.08011222 -0.02642311 -0.13137771 0.05056801 -0.01936119 0.04230526 -0.11280171 0.27739172 0.21986577 0.23339042 0.07820152 0.03201624 0.24390911 0.09878886 0.01425883 0.23997060 0.27522637 1.00000000 0.18909802 0.19589524
-0.11251539 0.01356683 0.03613701 -0.01066686 0.00345369 0.04589349 -0.07401743 0.05270498 -0.03319267 -0.01889518 0.05666031 -0.10523644 -0.07445236 0.09300638 -0.04746620 -0.05244966 -0.04960197 -0.08650621 -0.00399157 -0.07404381 0.06171952 0.11385150 0.01805016 -0.08003380 0.08882960 -0.11566102 0.03480376 -0.03730275 -0.16652427 0.12339840 0.16190109 -0.11259956 0.07994115 0.04583280 -0.03683302 0.01885099 0.05883269 0.00216374 -0.02158802 0.04259654 -0.16466827 0.20169617 -0.00339713 -0.00990244 0.00250804 0.03131634 -0.05970391 0.09410154 0.10455837 0.04700545 -0.05138848 -0.01470719 -0.09247987 0.07740985 -0.05051449 -0.09455406 0.03955655 -0.05974991 -0.00403596 -0.03383347 -0.20460654 -0.07050439 -0.02949519 -0.11448873 -0.05668123 0.06451485 0.01986336 0.24319946 0.17950113 -0.03242770 0.30595186 0.30419669 0.11332347 0.09924331 0.19219161 0.18909802 1.00000000 0.19261385
0.01406685 0.10943597 -0.01360882 0.14614733 -0.00461881 -0.07654690 0.04316375 0.10173314 0.12225322 -0.04259210 0.04631596 -0.08355851 -0.01965074 0.02861097 0.02243387 0.09405668 -0.05633865 -0.04361132 0.03942021 -0.00928414 -0.02646633 0.14205832 0.00001283 0.05743620 0.06038564 -0.00183779 -0.02805597 -0.04782095 -0.00454185 0.06617813 0.02888072 -0.07871699 0.10692370 0.05689638 0.00654072 0.02848033 0.01998784 0.04267623 -0.12485796 -0.06277750 -0.06081811 0.01202119 0.01688157 0.11395582 0.10785807 0.01543083 0.05591506 0.09685711 -0.01540422 -0.02208860 -0.00683752 0.07485097 -0.07074543 -0.00904154 -0.00806323 -0.00184184 -0.03056526 -0.01517149 0.10681671 0.01598270 -0.11440602 -0.17310765 -0.12339255 -0.13752805 -0.00056174 0.31564976 0.28511604 0.20981357 0.23023457 0.02578200 0.19820017 0.12732354 0.16084954 0.35257155 0.31589651 0.19589524 0.19261385 1.00000000
