1.00000000 0.12927601 0.38102309 0.26955482 0.22749801 0.17992631 0.40856713 0.25423636 0.04419712 0.17779126 0.16825860 0.22327947 0.30709770 0.03604544 0.15788902 0.06330598 0.12970890 0.05541956 0.12608198 0.04929860 0.19027119 0.10136412 0.10532371 0.11754210 -0.01887386 0.10182473 0.02280429 0.11719329 0.06917949 0.06797601 0.13385444 -0.00609397 0.10366451 0.19853692 0.02450546 0.13156605 0.01892176 0.04974045 0.06020497 0.00982092 -0.00910346 -0.01790771 -0.04731287 -0.08869282 -0.05293256 -0.04636805 -0.08246625 -0.06472898 0.02893072 -0.09736249 0.05376891 -0.01823420 -0.07028798 0.13228158 0.01241463 0.16361333 0.07297341 -0.02492872 -0.11231935 0.07245198 0.07543343 0.10012528 0.06036313 -0.02239929 0.19309786 0.04585193 -0.14248906 -0.02298180 -0.08854407 -0.02831892 -0.12755958 -0.00905208 0.04788178 0.00968147 -0.06741594 0.11347080 -0.06234191 -0.08325387
0.12927601 1.00000000 0.10829692 0.23777562 0.08248338 0.26259580 0.22458553 0.12143933 0.31312528 0.19250017 0.03054100 0.18102950 0.23963739 -0.02852420 0.04515533 0.01152222 0.02781569 0.07150132 0.08336028 -0.06371616 0.00444547 0.09439424 0.04630033 -0.09813117 -0.05327878 0.05270123 -0.01806631 0.07494300 -0.05407902 -0.01509383 -0.04349062 0.08234064 -0.02302987 0.09639605 0.01981270 -0.03803715 0.03158558 -0.10216828 -0.00126926 -0.11708097 0.00115351 -0.05661503 -0.05669406 -0.08598038 -0.03995608 -0.00261858 -0.06923311 -0.03060752 -0.00290995 0.01171793 -0.02271167 -0.11275039 -0.11112039 0.03558776 -0.09360245 -0.05735634 -0.01613640 0.01951953 -0.02859030 -0.03694300 0.02535149 -0.02457060 -0.09805309 0.03214699 -0.06153183 0.00445911 -0.06355106 -0.12663416 -0.05946740 0.04250080 0.04134292 -0.05123897 -0.01160923 -0.00857241 -0.03089839 -0.13218046 0.00682781 -0.02896528
0.38102309 0.10829692 1.00000000 0.17461445 0.23259841 0.33456999 0.30582673 0.25315423 0.26066145 0.19568186 0.28092989 0.12187167 0.35046600 0.11151036 0.11485275 -0.03164908 0.16153327 0.11087151 0.04797585 -0.01379211 0.08281967 0.07819686 0.07801374 0.11218463 0.04694719 0.10736631 0.06323077 0.21893873 -0.00190191 0.06083404 0.10968655 0.10113062 0.08073109 0.13847971 -0.06588501 0.11345014 -0.02066825 0.08298269 0.06186964 -0.02509605 -0.03348923 -0.02615068 -0.08920534 -0.08406465 -0.03464783 -0.02851446 -0.13473777 -0.05347998 0.00175336 -0.02146793 -0.04118228 -0.08498327 -0.04077563 0.07359112 -0.01247347 0.19781900 -0.03703731 0.01909032 -0.12974951 0.14892640 0.08942387 0.06406375 0.03098400 0.04368174 0.01548733 0.00481323 -0.03414279 0.00808615 -0.13016905 -0.05186059 -0.12406537 0.06344049 -0.07578595 0.01883992 -0.00851142 0.04929707 -0.05657744 0.00016163
0.26955482 0.23777562 0.17461445 1.00000000 0.13543433 0.19133574 0.25259345 0.34265857 0.27184892 0.22178601 0.14622308 0.16012827 0.21082091 0.01642379 0.07097289 0.11548321 0.15697182 0.04098094 0.07092535 0.09321442 0.14557675 -0.01560108 0.09981102 0.05439259 -0.05175705 0.12485230 -0.02147601 0.00119936 0.10847325 -0.02548886 0.02224326 0.13204805 0.00969978 0.15465076 0.11487560 0.09084258 -0.01465559 0.02517334 0.00020924 -0.10346042 -0.00926428 -0.05411200 -0.09249939 -0.09042254 -0.09324593 -0.09659475 -0.14714474 -0.09419912 -0.00513214 -0.02774643 -0.04930338 -0.02701845 -0.09173403 0.00910665 0.02567648 0.09138027 0.13237588 0.04984707 -0.01362733 -0.00817943 0.11800434 0.11966086 0.02763167 0.06027517 0.04879205 0.06013392 -0.07483619 -0.05957117 -0.04183798 0.02130661 -0.08200147 0.10622570 -0.02825416 -0.06517250 0.05794202 0.01443579 0.06054111 -0.04675384
0.22749801 0.08248338 0.23259841 0.13543433 1.00000000 0.28550949 0.31084998 0.21307841 0.29024497 0.22886256 0.22652208 0.23784023 0.33006466 0.28030200 0.10456805 0.19957466 0.35876670 0.17545832 0.30168302 0.06452324 0.25790197 0.10221825 0.25673196 0.14742459 0.07356317 0.30537644 0.03298750 0.28521429 0.26372461 0.17346357 0.13598687 0.28521807 0.05363497 0.19000213 0.08879824 0.19281771 0.14187267 0.08563988 0.08016936 -0.04397210 0.06860453 -0.11066731 -0.11664831 0.03954533 -0.04052319 -0.06098995 -0.18263946 -0.02839926 0.00581513 -0.03025062 0.02078398 -0.05786447 0.01338999 0.14259431 -0.04058612 0.13389174 -0.04233431 -0.03164152 0.03597877 0.08068489 -0.01406487 0.04906427 -0.03082107 0.03253412 0.07953017 -0.02556803 -0.19032904 -0.13270424 -0.06490452 0.00146979 -0.18875697 -0.06933320 -0.14693810 -0.19593786 -0.15220609 0.04480489 -0.10815074 -0.15953112
0.17992631 0.26259580 0.33456999 0.19133574 0.28550949 1.00000000 0.18546409 0.12853293 0.21123796 0.32288625 0.27644870 0.20549456 0.30638866 0.10618732 0.03596108 0.08856141 0.12402101 0.05901956 0.01794157 -0.02401071 0.06464501 -0.03838927 -0.00305944 -0.02463636 -0.07123786 0.08219455 0.00709785 0.14566760 0.04574577 0.02944953 0.08724887 0.10326517 -0.03373013 0.08145012 -0.03426774 0.01761501 0.00461239 -0.06523196 0.01068814 0.03765166 0.09803719 -0.08424975 -0.04408458 -0.04442905 0.00925909 0.01527764 -0.01312656 -0.03687082 0.01216069 0.01753253 0.06054411 -0.02050000 0.04541434 -0.00785380 -0.06595445 0.10333365 -0.01713544 0.01858233 -0.11745886 0.02528898 0.01916457 0.06599471 0.03764908 0.10994918 -0.04816289 -0.03049714 -0.08110801 -0.08455666 -0.04554583 -0.09339608 -0.12743800 -0.01855773 -0.11739788 0.05431772 0.00405415 0.08917718 -0.03882991 0.01970588
0.40856713 0.22458553 0.30582673 0.25259345 0.31084998 0.18546409 1.00000000 0.22004366 0.18513786 0.26076528 0.19430971 0.17375265 0.26790068 0.01686861 0.11291935 0.04801531 0.13378052 0.05604209 0.21134420 0.03562910 0.13986940 0.01447988 0.05171394 0.04997766 -0.10594942 0.05049870 -0.08441681 0.16343633 -0.00070715 0.04156579 0.06886597 0.10755030 0.00863971 0.11420701 0.09711860 0.09211723 0.06547502 0.11549377 0.02334449 -0.06827170 -0.03642807 -0.00961494 -0.06574838 -0.08989045 -0.04757628 -0.03844947 -0.09287984 -0.06741167 -0.03610289 0.04702532 0.00485450 -0.05892740 0.00696452 0.10200253 0.10037578 0.09257982 0.04677274 0.00325431 -0.02514092 0.00457198 0.03599740 0.06519169 -0.01132058 -0.00123011 0.14028193 -0.01080443 -0.12562846 -0.13276446 -0.12420895 0.00413969 -0.16379339 0.06240936 0.07537059 -0.00594151 -0.06178765 0.01164248 0.00883889 -0.14626126
0.25423636 0.12143933 0.25315423 0.34265857 0.21307841 0.12853293 0.22004366 1.00000000 0.15760879 0.18157584 0.31669907 0.18275465 0.22923307 0.10483938 0.12177867 0.00000396 0.05833978 0.02684790 0.01713137 -0.02577476 0.08231353 0.02481813 0.01753724 0.19253936 -0.07207006 0.10369746 -0.01908880 0.12445035 0.04523749 0.03766271 0.03579623 0.09392867 0.09797041 -0.00138877 -0.05504998 0.05568801 0.00132542 -0.04217418 0.06428906 -0.06646551 0.02197782 -0.05128084 -0.12526695 -0.15311262 -0.14160376 0.02386199 -0.24618698 -0.03832677 -0.00601193 0.00495614 -0.09171670 -0.01352752 0.02271823 0.01477104 -0.02067913 0.17168590 -0.00463519 -0.02224141 -0.11738708 0.00715737 0.03580315 0.06377617 0.01513078 0.09224229 0.10249250 -0.07706950 -0.07831757 0.04436519 -0.07516099 -0.04940188 -0.12585803 -0.00987091 -0.04630240 -0.04693047 -0.04583505 0.05038503 -0.00991738 -0.03377670
0.04419712 0.31312528 0.26066145 0.27184892 0.29024497 0.21123796 0.18513786 0.15760879 1.00000000 0.25900792 0.08650050 0.09994688 0.25485098 0.09343247 0.03690663 0.00188960 0.00412361 0.10476479 0.06653529 -0.02949350 0.07819451 0.03069084 0.12701502 -0.06378045 -0.08243306 0.12176836 0.01229900 0.04395380 0.13635869 0.00289964 0.00381284 0.18494590 0.06693710 0.00383338 0.04794610 0.07403350 0.15945748 -0.07764891 0.03586766 -0.08950439 -0.00505090 -0.02532781 -0.09800333 -0.00019661 -0.03855882 -0.01159819 -0.15830325 0.08961543 -0.00846781 0.11523778 -0.10698826 -0.05189707 -0.03710666 -0.01436181 -0.00591089 0.07888630 0.05227901 0.08545376 0.12583870 0.08594369 -0.02386875 0.00058549 -0.04908946 -0.06158913 -0.01879894 -0.04926045 0.01596799 -0.05648934 0.02138798 0.04652927 0.04824713 0.00617577 -0.04395697 -0.01112785 -0.04927448 -0.10421316 0.01326254 -0.00637179
0.17779126 0.19250017 0.19568186 0.22178601 0.22886256 0.32288625 0.26076528 0.18157584 0.25900792 1.00000000 0.24574919 0.25857692 0.23228427 0.05525448 0.08365437 -0.00558315 0.14443574 0.19062923 0.12599486 0.02163547 0.14525592 0.13334606 0.15166820 0.03408031 0.04553027 0.16542800 0.12906648 0.06658462 0.01732755 0.10060233 0.07583489 0.07927744 -0.01967753 0.13188740 -0.09386312 0.10627536 0.11232777 -0.01808167 0.04866899 0.03874323 0.06493335 -0.06167542 -0.05689839 -0.01626020 -0.00478452 -0.04366208 -0.04124300 -0.01684981 0.05890623 0.07470282 -0.01325951 -0.02891161 -0.04782586 -0.02272544 -0.11718279 0.05178452 -0.00060791 -0.01383940 -0.14808223 -0.01191771 -0.01334108 0.04763255 -0.04982095 0.12716220 -0.02686816 -0.05364303 -0.11338809 0.05351616 -0.00198837 0.01927777 -0.13987433 -0.02239677 0.07171581 0.08918915 -0.05004524 0.05639792 -0.00698341 -0.06857698
0.16825860 0.03054100 0.28092989 0.14622308 0.22652208 0.27644870 0.19430971 0.31669907 0.08650050 0.24574919 1.00000000 0.33092651 0.15585055 -0.00624272 0.09907602 0.04306256 0.11850923 0.10284130 0.01680742 0.08195287 0.11823236 0.03601424 0.12724861 0.08000337 0.02512844 0.05699541 -0.02072394 0.12919136 0.01270708 0.05509716 0.16707169 0.06253611 0.02911643 0.08213993 -0.08615536 0.02629815 -0.00258905 -0.02336056 0.00431220 0.08304577 0.04036954 0.05835902 -0.00885454 -0.10946281 -0.02144588 0.07682150 -0.01222283 0.09976033 0.04940451 0.09066671 -0.05628782 0.04712217 0.11434879 0.01764294 0.03943972 0.10594674 -0.00512817 0.02604123 -0.00814968 0.05463633 0.07758980 0.03245011 0.00731977 0.23482511 0.13075553 0.02073233 0.01950395 0.03362404 0.00573051 -0.02863954 -0.10297907 0.00140118 -0.05854001 0.02406777 0.06112446 0.10930926 0.14399111 0.11210088
0.22327947 0.18102950 0.12187167 0.16012827 0.23784023 0.20549456 0.17375265 0.18275465 0.09994688 0.25857692 0.33092651 1.00000000 0.29821061 0.05033782 0.05584519 0.19186693 0.11983431 0.23002110 0.04761718 0.08238235 0.15471332 0.08319794 0.10747551 -0.00895019 0.01267589 0.17297906 -0.04405292 0.14538265 0.07663282 0.04820085 0.16673125 0.01536522 -0.00220928 0.14442448 -0.09362214 0.08859285 0.00909987 -0.01886139 0.05851068 0.08036947 0.11444086 0.12473634 -0.03698519 -0.02056160 0.00564129 -0.04686525 -0.09364562 -0.00919959 0.02744194 0.09782613 0.04214754 -0.02499032 -0.06616459 0.04830600 -0.07537351 0.10662143 -0.03053120 0.00703541 -0.01971602 0.05862480 0.10473563 0.02480426 -0.01445162 0.15335356 0.13514559 0.01784279 -0.09535065 -0.06446482 -0.10087756 0.03768793 -0.13048003 -0.02421785 0.00603951 -0.12230961 -0.05305434 0.09701548 -0.02974849 -0.00302891
0.30709770 0.23963739 0.35046600 0.21082091 0.33006466 0.30638866 0.26790068 0.22923307 0.25485098 0.23228427 0.15585055 0.29821061 1.00000000 0.15398320 0.14562255 0.14753367 0.32258369 0.33117339 0.25941724 0.04803164 0.16345698 0.09820118 0.22345708 0.02967895 0.14738848 0.28858788 0.04673270 0.33697527 0.14990520 0.09958747 0.22236573 0.24972529 0.08280818 0.22605376 -0.09742023 0.11247527 0.10339330 0.01762023 0.05400153 -0.10152259 0.04344582 -0.06762838 -0.06382002 0.00755847 -0.03811150 -0.05628177 -0.09794042 -0.12218253 -0.07500647 -0.03986916 0.08823359 -0.16794039 -0.06053801 0.09261692 -0.01217979 0.26524008 0.00453857 0.09584531 -0.10122838 0.14588171 0.04425601 0.18874151 0.09165115 0.04945786 0.03378785 -0.04334993 -0.12728338 -0.16023891 -0.14180604 -0.05467438 -0.26322825 -0.06110559 -0.10049406 -0.08196057 -0.15946092 0.03420274 -0.15728820 -0.12457130
0.03604544 -0.02852420 0.11151036 0.01642379 0.28030200 0.10618732 0.01686861 0.10483938 0.09343247 0.05525448 -0.00624272 0.05033782 0.15398320 1.00000000 0.24590761 0.19114311 0.31863199 0.36385371 0.35950342 0.17202105 0.31132982 0.20939142 0.29074091 0.18650729 0.31929260 0.35239750 0.04952843 0.14511277 0.05948026 0.16306054 0.04079064 -0.00287266 -0.01908486 0.10734023 -0.02552666 0.14670919 -0.00435929 0.06497886 0.17688826 -0.04110144 -0.02200200 -0.01503589 -0.09491876 0.04175944 0.03145572 -0.03196051 -0.10843665 0.01553442 -0.00946211 -0.08234349 0.04259440 0.03790902 0.01587830 0.17308727 -0.08751991 0.06799392 -0.08165788 0.08194736 -0.06196672 0.05382387 -0.09940476 0.03781212 -0.03119326 -0.07080474 -0.06224651 0.06441581 -0.08522317 -0.08805551 -0.04421128 0.00117602 -0.01231751 -0.05125971 -0.02907973 -0.07303913 -0.16040303 0.05844332 -0.04153059 -0.06481618
0.15788902 0.04515533 0.11485275 0.07097289 0.10456805 0.03596108 0.11291935 0.12177867 0.03690663 0.08365437 0.09907602 0.05584519 0.14562255 0.24590761 1.00000000 0.17248842 0.31162378 0.28026227 0.19838937 0.10066712 0.37677015 0.23139702 0.23991971 0.16880728 0.17596908 0.21227046 0.08865872 0.09857337 0.09781129 0.10019165 0.11651847 0.16169641 0.00683449 0.18879315 -0.02447099 0.07347537 -0.14103000 0.06606935 0.08018349 -0.00272709 -0.08007601 0.00346762 -0.07102736 -0.04896034 -0.08630470 -0.04451315 -0.06189166 -0.09336417 0.01479603 -0.01551468 -0.04851893 -0.12039052 0.08782082 0.09078408 -0.02611771 0.12356196 -0.03017547 0.00631312 -0.01096708 0.05136549 -0.00430817 0.05322235 0.05579079 -0.08701015 0.17022306 0.07986579 -0.03862935 -0.05304441 -0.07305792 0.10687290 -0.00991074 -0.02364628 0.08560890 0.02637810 -0.06304927 0.19717919 -0.00934517 -0.01361421
0.06330598 0.01152222 -0.03164908 0.11548321 0.19957466 0.08856141 0.04801531 0.00000396 0.00188960 -0.00558315 0.04306256 0.19186693 0.14753367 0.19114311 0.17248842 1.00000000 0.22262192 0.29369127 0.26936737 0.16750033 0.26653851 0.13180247 0.19915421 -0.04563960 0.16878037 0.36050952 0.02434312 0.11285527 0.15083347 0.06068309 0.12403732 0.09342069 -0.09539105 0.17146459 0.04758288 0.08230592 0.14785811 0.01861005 0.07075998 0.10086042 0.09735647 0.08427108 -0.01755047 0.06312552 0.04549254 -0.09844199 0.06361442 -0.01974693 0.02260963 -0.09230517 0.07877674 0.02126250 0.05893772 0.12667001 0.04255741 0.00798533 -0.08609067 -0.00469348 0.06432994 -0.08118969 -0.03462246 0.07484496 -0.02603676 -0.00515385 0.10396688 0.02264067 -0.20293518 -0.06933926 -0.07215774 -0.07138072 -0.10557913 -0.00581626 -0.01876555 -0.11705040 -0.04064156 0.04326239 -0.15189159 -0.12983021
0.12970890 0.02781569 0.16153327 0.15697182 0.35876670 0.12402101 0.13378052 0.05833978 0.00412361 0.14443574 0.11850923 0.11983431 0.32258369 0.31863199 0.31162378 0.22262192 1.00000000 0.41509296 0.54649430 0.13666274 0.36329265 0.21590280 0.40619384 0.15319846 0.34325067 0.46820699 0.14165702 0.23385555 0.24384076 0.16554609 0.17447451 0.24920060 -0.16389452 0.30439153 0.02979469 0.11855368 0.03566667 0.01548713 0.03084717 -0.11663718 0.09912721 -0.19750638 -0.04704834 0.01358703 0.01705835 -0.12377725 -0.08640989 -0.17458326 -0.00551667 -0.00097082 0.11154405 -0.12159410 0.02229916 0.11800560 -0.02696467 0.09897357 0.02337935 -0.02314931 -0.08318263 0.04716778 0.03221722 0.16439041 0.10191354 -0.00200632 0.01347172 -0.06669262 -0.18868839 -0.18411034 -0.05112753 -0.04315933 -0.30340652 -0.04125673 -0.10535118 -0.15309697 -0.14539543 0.01065451 -0.08653832 -0.14331418
0.05541956 0.07150132 0.11087151 0.04098094 0.17545832 0.05901956 0.05604209 0.02684790 0.10476479 0.19062923 0.10284130 0.23002110 0.33117339 0.36385371 0.28026227 0.29369127 0.41509296 1.00000000 0.36850485 0.11173599 0.29017195 0.33572890 0.38131765 -0.06845107 0.34120305 0.46151981 0.06019741 0.30934339 0.16111235 0.16185933 0.29705199 0.17788369 -0.02257826 0.20597250 -0.02529628 0.09397454 0.09030242 0.05443112 0.06185172 -0.01673815 0.05063641 -0.00895630 -0.09501822 0.12617424 0.00621897 -0.16028657 -0.13978054 -0.07251772 0.02958995 -0.00406879 0.10280102 -0.11346841 0.02388430 0.14490061 -0.03181773 0.10859074 -0.09086454 -0.02654539 -0.05465399 -0.04356491 -0.01977465 0.18524013 0.05778836 -0.07981484 0.08142281 0.02271493 -0.20978544 -0.10096650 -0.13178441 -0.06659142 -0.23870575 -0.07003692 -0.02007010 -0.11502429 -0.06624309 0.07643594 -0.15570667 -0.12865164
0.12608198 0.08336028 0.04797585 0.07092535 0.30168302 0.01794157 0.21134420 0.01713137 0.06653529 0.12599486 0.01680742 0.04761718 0.25941724 0.35950342 0.19838937 0.26936737 0.54649430 0.36850485 1.00000000 0.18068963 0.33474243 0.19226385 0.37321124 0.07822868 0.22966105 0.35604267 0.07451905 0.17826825 0.17706946 0.17202296 0.16628448 0.13372761 0.00078514 0.19468801 0.14495737 0.15418530 0.14872818 0.05487879 0.07746200 -0.07997835 0.08352148 -0.06180239 -0.00965836 -0.04177745 0.04504453 -0.11160265 -0.00680321 -0.08801357 -0.03281454 -0.00344348 0.12142978 -0.07491391 -0.07574599 0.11350396 -0.01188456 0.04913977 -0.05029687 -0.03488105 -0.03245243 -0.05340245 -0.05095535 0.08494686 -0.06170485 -0.11698768 -0.02067731 0.00436225 -0.16193921 -0.12992900 -0.03209921 0.07976356 -0.14692493 -0.09551372 -0.07452093 -0.07778002 -0.11883621 -0.01482680 -0.07559649 -0.17305374
0.04929860 -0.06371616 -0.01379211 0.09321442 0.06452324 -0.02401071 0.03562910 -0.02577476 -0.02949350 0.02163547 0.08195287 0.08238235 0.04803164 0.17202105 0.10066712 0.16750033 0.13666274 0.11173599 0.18068963 1.00000000 0.28153385 0.13942773 0.19582795 0.28250482 0.18064103 0.12689365 -0.04682742 0.06566936 0.07665279 0.12050451 -0.03063551 -0.02758926 -0.05113249 0.13597638 0.10003749 0.15547965 0.11230216 -0.09119091 0.14029641 0.05599292 -0.02002071 0.08805999 -0.00490604 0.02066319 0.05196335 0.02912019 0.07650348 0.05858551 0.05545421 0.02295146 -0.00060591 0.03425077 -0.04219633 -0.02365890 -0.05459911 -0.04672675 0.07218679 0.01915341 0.03161535 -0.06321157 -0.09225764 -0.04262712 -0.04522537 -0.02340861 -0.06787247 0.17763109 0.03250284 0.19391066 0.03475275 -0.04712915 0.00649211 0.02221915 -0.01825037 -0.10505638 0.02531402 -0.01783843 0.13136591 0.05988560
0.19027119 0.00444547 0.08281967 0.14557675 0.25790197 0.06464501 0.13986940 0.08231353 0.07819451 0.14525592 0.11823236 0.15471332 0.16345698 0.31132982 0.37677015 0.26653851 0.36329265 0.29017195 0.33474243 0.28153385 1.00000000 0.27824816 0.26930531 0.29588087 0.21573912 0.35525426 0.07425851 0.08201833 0.14864727 0.08247484 0.08498695 0.16932559 -0.10544896 0.27039075 0.06111855 0.22189878 0.15265498 0.04006750 0.13715913 0.01761259 0.05625813 -0.03094597 -0.11294041 -0.00784613 0.00870670 -0.11265880 -0.09099089 0.00366208 0.07867717 -0.02839056 -0.00744335 0.01267727 0.12745147 0.13795931 -0.00871186 0.16357463 0.04741518 0.04784657 -0.04905723 -0.09064837 0.01598682 0.11711140 -0.00982762 0.05142881 0.17141044 0.00256646 -0.11061003 -0.01666360 -0.00928806 -0.01226907 -0.06151303 0.01650798 -0.04101521 -0.13893999 -0.02067308 0.09170747 -0.01632263 -0.08880493
0.10136412 0.09439424 0.07819686 -0.01560108 0.10221825 -0.03838927 0.01447988 0.02481813 0.03069084 0.13334606 0.03601424 0.08319794 0.09820118 0.20939142 0.23139702 0.13180247 0.21590280 0.33572890 0.19226385 0.13942773 0.27824816 1.00000000 0.36610355 0.05329030 0.21911767 0.42866699 0.09981249 0.16240262 -0.01257878 0.11903424 0.14337179 0.04604382 -0.03873090 0.23134932 0.09851474 0.16637109 0.04885521 0.06428748 0.18431240 -0.03338501 0.05864871 -0.06577123 -0.02852270 -0.01721248 0.08014773 -0.04075134 -0.11475170 -0.02319413 0.08121297 0.03498641 -0.09971964 0.01264140 -0.03101065 -0.02386475 -0.08485225 0.03587623 -0.10526644 0.00555069 -0.04144484 -0.07890293 -0.02649861 0.05345453 0.02815084 0.02771598 0.14338503 0.00057361 -0.14653418 0.01599166 -0.14317826 -0.14879324 -0.09876497 -0.05402770 0.09591592 -0.03175221 -0.05991430 -0.00954368 -0.09203209 -0.08848705
0.10532371 0.04630033 0.07801374 0.09981102 0.25673196 -0.00305944 0.05171394 0.01753724 0.12701502 0.15166820 0.12724861 0.10747551 0.22345708 0.29074091 0.23991971 0.19915421 0.40619384 0.38131765 0.37321124 0.19582795 0.26930531 0.36610355 1.00000000 0.09244324 0.24769593 0.34181014 0.11791546 0.14848972 0.06899414 0.12007993 0.14755955 0.09233005 -0.05635885 0.22977991 0.06434771 0.07194583 0.02134108 0.02988174 0.12064650 -0.08007049 0.12470052 -0.10237391 -0.02585738 0.07931678 0.06210561 0.01607704 -0.04829358 -0.12817810 -0.00399631 0.05471423 0.04724064 -0.01541950 -0.00194259 0.10327123 0.01847539 0.11406010 -0.12972898 -0.05880246 0.08391077 0.02404185 0.01364094 0.10762787 0.05107871 -0.04498024 -0.00955770 0.03804077 -0.20333819 0.02372147 -0.03601299 0.07401404 -0.09541517 0.00422459 0.09879980 -0.01488132 -0.03184635 0.06653868 0.04012710 -0.03197237
0.11754210 -0.09813117 0.11218463 0.05439259 0.14742459 -0.02463636 0.04997766 0.19253936 -0.06378045 0.03408031 0.08000337 -0.00895019 0.02967895 0.18650729 0.16880728 -0.04563960 0.15319846 -0.06845107 0.07822868 0.28250482 0.29588087 0.05329030 0.09244324 1.00000000 0.07574113 -0.00069855 0.07658906 -0.02233653 -0.06437852 0.09896487 -0.04202904 -0.02510877 -0.12466789 0.04735591 0.00084711 0.05328527 -0.04293565 -0.02013103 0.06165802 -0.05042192 -0.01779884 0.01116264 -0.18140406 -0.06880644 -0.04581919 -0.00163813 -0.09577599 -0.09146252 0.05039610 -0.02326055 -0.05370488 -0.01775940 0.11437828 0.06150466 -0.05117258 0.10796935 0.02409225 0.09335203 -0.06642726 0.04150076 0.01470320 -0.06828365 0.04893435 0.02386328 0.04093192 -0.00551298 0.01539647 0.01041427 0.00055431 -0.01228448 -0.06670674 -0.02235784 -0.04958254 -0.00076176 -0.07382240 0.05530304 0.01987452 0.08638419
-0.01887386 -0.05327878 0.04694719 -0.05175705 0.07356317 -0.07123786 -0.10594942 -0.07207006 -0.08243306 0.04553027 0.02512844 0.01267589 0.14738848 0.31929260 0.17596908 0.16878037 0.34325067 0.34120305 0.22966105 0.18064103 0.21573912 0.21911767 0.24769593 0.07574113 1.00000000 0.30094473 -0.06723549 0.18104166 0.03749916 0.00791634 0.11427303 -0.07744791 -0.01925328 0.11067688 -0.08904531 0.06757122 -0.01834696 -0.04287991 0.06321037 -0.04660229 0.05065909 -0.07644829 0.02138247 0.18188819 0.12462569 -0.08367934 0.01897520 -0.00956792 0.09618364 -0.05006872 0.11990588 0.02708005 0.03800457 0.13851244 0.12081650 0.00780203 -0.02010777 0.01332888 0.03877027 0.03966086 -0.04433668 0.11356708 0.07622310 0.03033634 0.08826117 -0.07442218 -0.09419840 -0.09032148 -0.03374791 -0.04035138 -0.06591130 -0.06359209 -0.04402267 -0.19687024 -0.17879156 0.00591602 -0.13744795 -0.17674385
0.10182473 0.05270123 0.10736631 0.12485230 0.30537644 0.08219455 0.05049870 0.10369746 0.12176836 0.16542800 0.05699541 0.17297906 0.28858788 0.35239750 0.21227046 0.36050952 0.46820699 0.46151981 0.35604267 0.12689365 0.35525426 0.42866699 0.34181014 -0.00069855 0.30094473 1.00000000 0.04705313 0.17484463 0.24135806 0.16330632 0.18587450 0.15327779 -0.08688413 0.33738609 0.08273176 0.18087474 0.17968637 0.10624116 0.16747941 -0.16012945 0.14778836 -0.15261662 -0.07487841 0.05090284 0.07617508 -0.10437552 -0.01267570 -0.06669145 0.10427576 0.00020358 -0.00040424 -0.06761550 0.01375273 0.00736516 -0.05008266 0.10336263 -0.03476758 0.03741983 -0.00239655 -0.06621934 0.01916765 0.03761211 0.01420849 0.04811013 0.13819452 -0.07906061 -0.26910908 -0.06670817 -0.07839087 -0.10377869 -0.17464920 0.00346792 -0.03246082 -0.17273193 -0.14221893 0.02300894 -0.22082022 -0.22655434
0.02280429 -0.01806631 0.06323077 -0.02147601 0.03298750 0.00709785 -0.08441681 -0.01908880 0.01229900 0.12906648 -0.02072394 -0.04405292 0.04673270 0.04952843 0.08865872 0.02434312 0.14165702 0.06019741 0.07451905 -0.04682742 0.07425851 0.09981249 0.11791546 0.07658906 -0.06723549 0.04705313 1.00000000 0.12736748 0.04034079 0.11518017 0.10892559 0.17321054 -0.07323387 0.09530125 0.10918805 0.15169248 0.10799810 0.09355742 0.17230978 -0.12171118 -0.02144095 -0.19195852 -0.04650832 -0.08940540 -0.14957309 -0.08493332 -0.03321223 -0.07593644 -0.05157588 -0.01028413 -0.03314126 -0.10200901 0.08154775 -0.03408979 -0.06227442 0.10459831 0.00055313 -0.07455603 0.01605744 0.02625568 -0.03000323 0.09419308 0.04874695 0.01079537 -0.13587843 0.04247591 -0.08084200 -0.00820595 -0.03087644 -0.04097921 -0.04378908 -0.13915438 0.03948361 0.06656299 0.03591267 -0.03563913 -0.08052180 -0.00349567
0.11719329 0.07494300 0.21893873 0.00119936 0.28521429 0.14566760 0.16343633 0.12445035 0.04395380 0.06658462 0.12919136 0.14538265 0.33697527 0.14511277 0.09857337 0.11285527 0.23385555 0.30934339 0.17826825 0.06566936 0.08201833 0.16240262 0.14848972 -0.02233653 0.18104166 0.17484463 0.12736748 1.00000000 0.14589776 0.11845918 0.35448893 0.37297186 0.13455201 0.31088635 0.00457125 0.21533955 0.02391987 0.09071773 0.18546344 -0.12062302 0.02684823 -0.11005211 -0.16784543 -0.08011189 -0.10517071 -0.22879810 -0.20471323 -0.10602683 -0.07303251 -0.12770568 0.07084215 -0.15363362 -0.01785203 0.13048902 0.05207243 0.17263180 -0.10024040 -0.08755475 0.00256939 0.03337982 0.04364877 0.18715281 0.10367106 -0.01071729 0.12562204 -0.00252115 -0.14784365 -0.18250695 -0.06796604 -0.00149558 -0.17905510 -0.14607167 -0.08576634 -0.08576687 -0.11110171 0.05455517 -0.17795449 -0.15274049
0.06917949 -0.05407902 -0.00190191 0.10847325 0.26372461 0.04574577 -0.00070715 0.04523749 0.13635869 0.01732755 0.01270708 0.07663282 0.14990520 0.05948026 0.09781129 0.15083347 0.24384076 0.16111235 0.17706946 0.07665279 0.14864727 -0.01257878 0.06899414 -0.06437852 0.03749916 0.24135806 0.04034079 0.14589776 1.00000000 0.12857509 0.16363405 0.34835382 0.16013864 0.30509699 0.22604733 0.22434664 0.13368707 0.04878407 0.19480555 0.01272250 0.02485477 -0.04256461 -0.16374202 0.08336413 -0.09170632 -0.20791660 -0.08752629 -0.05857751 -0.05476398 -0.10387223 -0.02347300 -0.06220616 0.01135433 0.00243955 -0.03949972 -0.08987595 -0.05107800 -0.09515410 0.08958158 0.10437989 -0.02707071 0.02282084 -0.00394527 -0.07581587 0.07650051 0.02232915 -0.05659155 -0.15964352 -0.04920424 0.14240653 0.00158589 -0.08173746 -0.17739670 -0.13777332 -0.06658210 0.00597014 0.03228367 -0.18923188
0.06797601 -0.01509383 0.06083404 -0.02548886 0.17346357 0.02944953 0.04156579 0.03766271 0.00289964 0.10060233 0.05509716 0.04820085 0.09958747 0.16306054 0.10019165 0.06068309 0.16554609 0.16185933 0.17202296 0.12050451 0.08247484 0.11903424 0.12007993 0.09896487 0.00791634 0.16330632 0.11518017 0.11845918 0.12857509 1.00000000 0.18871300 0.09877974 0.19889496 0.21317951 0.15926101 0.16371058 0.07863938 0.20343130 0.21605186 -0.03878616 0.03368354 0.06648814 0.00025668 0.02480468 -0.01481113 0.02709263 0.05649268 -0.03811277 -0.00024487 0.03078899 0.02323439 -0.00607189 -0.07222030 0.05184757 -0.14304272 -0.00969615 -0.02632075 0.10795816 -0.01631243 0.04454248 -0.06043876 -0.12960359 0.02767030 -0.06737630 -0.10254981 0.07766371 -0.01588581 -0.01251914 -0.06241589 -0.04877722 0.01372410 -0.03245544 -0.06669232 0.04903755 -0.06436061 0.06177619 -0.05778689 -0.01574193
0.13385444 -0.04349062 0.10968655 0.02224326 0.13598687 0.08724887 0.06886597 0.03579623 0.00381284 0.07583489 0.16707169 0.16673125 0.22236573 0.04079064 0.11651847 0.12403732 0.17447451 0.29705199 0.16628448 -0.03063551 0.08498695 0.14337179 0.14755955 -0.04202904 0.11427303 0.18587450 0.10892559 0.35448893 0.16363405 0.18871300 1.00000000 0.21714276 0.16444214 0.24659692 0.08777537 0.19278959 0.05530450 0.26512635 0.02779121 0.00851001 -0.03712262 -0.00724857 -0.02498715 0.08893292 0.00820772 -0.07326454 0.02457288 0.03645637 0.10629769 0.06748704 0.07333805 0.00301010 -0.01566563 0.15064821 0.17488230 0.14366051 0.01651270 0.03031285 0.03334918 -0.01136633 0.03555537 0.14258279 0.16190424 0.13517078 0.13045310 0.06033334 -0.09069504 -0.12365962 -0.06453209 -0.03367678 -0.05256893 -0.04844304 -0.04568208 -0.04266754 0.01493272 0.12264634 -0.11514801 -0.03288943
-0.00609397 0.08234064 0.10113062 0.13204805 0.28521807 0.10326517 0.10755030 0.09392867 0.18494590 0.07927744 0.06253611 0.01536522 0.24972529 -0.00287266 0.16169641 0.09342069 0.24920060 0.17788369 0.13372761 -0.02758926 0.16932559 0.04604382 0.09233005 -0.02510877 -0.07744791 0.15327779 0.17321054 0.37297186 0.34835382 0.09877974 0.21714276 1.00000000 0.22354001 0.26653063 0.19553903 0.21623303 0.12952225 0.15250394 0.21139766 -0.09489731 -0.10215441 -0.11850523 -0.15928820 -0.06866085 -0.21619326 -0.19402558 -0.17222167 -0.10332706 -0.07450582 -0.05606186 -0.12561609 -0.12744654 0.10170995 0.02231688 -0.07692470 0.10127441 0.01019167 -0.04979517 0.08051277 0.09937370 0.06333745 0.15945798 0.05995384 0.01850241 0.07579943 0.03080019 -0.06486357 -0.08514762 -0.06915681 0.07999602 -0.11042667 -0.08087670 -0.17598274 -0.11419201 0.00132618 0.01166704 -0.05828853 -0.02059985
0.10366451 -0.02302987 0.08073109 0.00969978 0.05363497 -0.03373013 0.00863971 0.09797041 0.06693710 -0.01967753 0.02911643 -0.00220928 0.08280818 -0.01908486 0.00683449 -0.09539105 -0.16389452 -0.02257826 0.00078514 -0.05113249 -0.10544896 -0.03873090 -0.05635885 -0.12466789 -0.01925328 -0.08688413 -0.07323387 0.13455201 0.16013864 0.19889496 0.16444214 0.22354001 1.00000000 0.11821318 0.20733251 0.17258666 0.04032814 0.18345823 0.19174574 -0.00408698 -0.09635624 0.17392155 0.00409407 -0.06413081 -0.11758378 -0.00982420 -0.06944640 0.16993548 -0.05307884 -0.05509463 -0.16426380 0.04604288 -0.05017616 0.01326027 -0.00182869 -0.01258338 0.01461383 0.11127411 0.07562892 0.07844304 0.07967096 -0.12164516 0.07629206 -0.12279124 -0.04286760 0.05592020 0.12508767 0.06700079 -0.01696694 0.11581793 0.16996092 0.01686558 0.04222160 0.02211215 0.09157380 0.09195100 0.03069372 0.03027838
0.19853692 0.09639605 0.13847971 0.15465076 0.19000213 0.08145012 0.11420701 -0.00138877 0.00383338 0.13188740 0.08213993 0.14442448 0.22605376 0.10734023 0.18879315 0.17146459 0.30439153 0.20597250 0.19468801 0.13597638 0.27039075 0.23134932 0.22977991 0.04735591 0.11067688 0.33738609 0.09530125 0.31088635 0.30509699 0.21317951 0.24659692 0.26653063 0.11821318 1.00000000 0.15610205 0.36823646 0.00830202 0.11141619 0.14717397 -0.13498956 0.08635556 -0.02220644 -0.16580307 -0.03764343 0.00253125 -0.19261596 -0.09703053 -0.10772257 0.02221867 -0.15026718 0.01281890 -0.13094867 -0.01136606 0.10151072 -0.12685232 0.13168008 -0.06341110 0.01715789 -0.18113484 0.01649915 0.09494619 0.09203623 -0.01694578 0.04052296 0.17475095 -0.02531734 -0.10277847 -0.16938738 -0.16320956 0.01682513 -0.18535216 -0.09643464 -0.13652123 -0.17994474 -0.17008252 -0.02084431 -0.07795810 -0.16905025
0.02450546 0.01981270 -0.06588501 0.11487560 0.08879824 -0.03426774 0.09711860 -0.05504998 0.04794610 -0.09386312 -0.08615536 -0.09362214 -0.09742023 -0.02552666 -0.02447099 0.04758288 0.02979469 -0.02529628 0.14495737 0.10003749 0.06111855 0.09851474 0.06434771 0.00084711 -0.08904531 0.08273176 0.10918805 0.00457125 0.22604733 0.15926101 0.08777537 0.19553903 0.20733251 0.15610205 1.00000000 0.17515269 0.26877363 0.14295705 0.29215732 -0.08750499 -0.05585332 0.00326241 0.01995234 -0.04717945 0.03313778 -0.05219077 0.00814868 0.02479576 0.03737807 -0.04600319 -0.11609139 0.02910474 0.03356862 -0.08130259 0.06699864 -0.00290751 -0.06649306 -0.01005334 0.15061685 -0.08030560 -0.07252454 -0.06796352 0.03819564 -0.15214716 -0.06055131 0.05121713 0.00689736 0.02375504 -0.05794582 -0.01419591 0.12653076 -0.01699305 0.03043685 -0.08782481 0.09909337 -0.06622934 0.07639755 -0.04815929
0.13156605 -0.03803715 0.11345014 0.09084258 0.19281771 0.01761501 0.09211723 0.05568801 0.07403350 0.10627536 0.02629815 0.08859285 0.11247527 0.14670919 0.07347537 0.08230592 0.11855368 0.09397454 0.15418530 0.15547965 0.22189878 0.16637109 0.07194583 0.05328527 0.06757122 0.18087474 0.15169248 0.21533955 0.22434664 0.16371058 0.19278959 0.21623303 0.17258666 0.36823646 0.17515269 1.00000000 0.17185589 0.12673175 0.35177519 -0.09648893 -0.03666693 0.00085766 -0.08888630 -0.08129858 -0.05395680 -0.17221168 -0.08967357 0.04650864 0.00923583 -0.17407756 -0.10154685 -0.04396469 -0.04865675 0.04838788 -0.00082262 0.08667126 -0.07187426 0.01822087 -0.04873467 0.06297715 0.04052492 -0.04324005 -0.02968688 -0.05144697 0.06437757 0.06273242 -0.04311900 -0.08142982 -0.05935318 -0.04801928 0.04426066 -0.04534628 -0.16413626 -0.16174613 -0.11795646 0.02236344 -0.08849252 -0.15357384
0.01892176 0.03158558 -0.02066825 -0.01465559 0.14187267 0.00461239 0.06547502 0.00132542 0.15945748 0.11232777 -0.00258905 0.00909987 0.10339330 -0.00435929 -0.14103000 0.14785811 0.03566667 0.09030242 0.14872818 0.11230216 0.15265498 0.04885521 0.02134108 -0.04293565 -0.01834696 0.17968637 0.10799810 0.02391987 0.13368707 0.07863938 0.05530450 0.12952225 0.04032814 0.00830202 0.26877363 0.17185589 1.00000000 0.01857528 0.11917623 -0.00061249 0.06885298 -0.04096830 0.04907955 0.07151219 0.05997877 0.02194193 0.12424110 0.15885023 0.12446632 0.09441012 -0.08263308 0.11549577 0.00490271 -0.06437808 0.12069012 -0.03131138 -0.02416986 -0.09659364 -0.02241377 -0.07247499 -0.12268508 -0.03870909 -0.04564800 -0.05347790 -0.02774149 0.03219640 -0.03278589 0.06640283 0.08448933 -0.04465781 0.08467032 -0.00791991 0.04842007 -0.06517968 0.01817859 -0.07317553 -0.06606935 -0.10795602
0.04974045 -0.10216828 0.08298269 0.02517334 0.08563988 -0.06523196 0.11549377 -0.04217418 -0.07764891 -0.01808167 -0.02336056 -0.01886139 0.01762023 0.06497886 0.06606935 0.01861005 0.01548713 0.05443112 0.05487879 -0.09119091 0.04006750 0.06428748 0.02988174 -0.02013103 -0.04287991 0.10624116 0.09355742 0.09071773 0.04878407 0.20343130 0.26512635 0.15250394 0.18345823 0.11141619 0.14295705 0.12673175 0.01857528 1.00000000 0.14991910 0.02037031 0.04220138 -0.08083994 0.02534684 0.02782170 0.06680203 -0.07944053 0.02480243 -0.09656175 0.00470038 -0.03862906 0.05783797 0.06675874 0.03559337 0.07934252 0.07135269 0.08531341 -0.06092295 -0.02768318 0.07378508 -0.00372180 -0.03467536 0.07396655 0.17972620 -0.04876261 0.10897900 0.03767077 -0.04293095 -0.00772205 -0.06009497 -0.03370319 -0.00902178 0.07499885 0.02132605 0.01891226 0.10843892 0.08933103 -0.07049485 -0.05430843
0.06020497 -0.00126926 0.06186964 0.00020924 0.08016936 0.01068814 0.02334449 0.06428906 0.03586766 0.04866899 0.00431220 0.05851068 0.05400153 0.17688826 0.08018349 0.07075998 0.03084717 0.06185172 0.07746200 0.14029641 0.13715913 0.18431240 0.12064650 0.06165802 0.06321037 0.16747941 0.17230978 0.18546344 0.19480555 0.21605186 0.02779121 0.21139766 0.19174574 0.14717397 0.29215732 0.35177519 0.11917623 0.14991910 1.00000000 -0.03572322 0.03751899 0.11698139 0.02084825 -0.05555841 -0.02928446 -0.07737021 -0.00228940 0.00405516 -0.03832910 -0.16207519 -0.09812621 -0.01987299 0.00068953 -0.00650856 -0.08717446 -0.00040350 -0.07240590 -0.04058891 0.04426533 0.07950542 0.02871752 -0.08928179 0.00873727 -0.13298802 -0.08639910 0.07498794 0.06797171 0.07814587 -0.00551641 0.06684451 0.12157979 -0.03654792 0.10905400 -0.02974483 0.03401759 0.06357012 0.06290777 -0.01296874
0.00982092 -0.11708097 -0.02509605 -0.10346042 -0.04397210 0.03765166 -0.06827170 -0.06646551 -0.08950439 0.03874323 0.08304577 0.08036947 -0.10152259 -0.04110144 -0.00272709 0.10086042 -0.11663718 -0.01673815 -0.07997835 0.05599292 0.01761259 -0.03338501 -0.08007049 -0.05042192 -0.04660229 -0.16012945 -0.12171118 -0.12062302 0.01272250 -0.03878616 0.00851001 -0.09489731 -0.00408698 -0.13498956 -0.08750499 -0.09648893 -0.00061249 0.02037031 -0.03572322 1.00000000 0.07570270 0.24329236 0.18229215 0.16408886 0.15014020 0.18637068 0.18630167 0.12262260 0.14278538 0.05090977 0.19961606 0.36261119 0.00930977 -0.01205803 -0.00098271 -0.11861394 -0.01775248 -0.14995624 -0.05636990 -0.06631879 -0.03119482 0.04483674 -0.01313839 -0.00690683 0.03000032 0.09304720 0.05226837 0.17758829 0.02151395 0.00779931 0.10560204 -0.00872557 0.04178944 0.10939356 0.15510930 0.06017365 0.03240981 0.03520583
-0.00910346 0.00115351 -0.03348923 -0.00926428 0.06860453 0.09803719 -0.03642807 0.02197782 -0.00505090 0.06493335 0.04036954 0.11444086 0.04344582 -0.02200200 -0.08007601 0.09735647 0.09912721 0.05063641 0.08352148 -0.02002071 0.05625813 0.05864871 0.12470052 -0.01779884 0.05065909 0.14778836 -0.02144095 0.02684823 0.02485477 0.03368354 -0.03712262 -0.10215441 -0.09635624 0.08635556 -0.05585332 -0.03666693 0.06885298 0.04220138 0.03751899 0.07570270 1.00000000 -0.11837813 0.17677045 0.34773130 0.37326794 0.18605320 0.17448401 0.08415471 0.30665788 0.13890444 0.21226434 0.10318532 -0.11547172 0.01700886 0.01757602 0.04036060 -0.14715653 -0.06327925 -0.09746648 -0.05661616 0.08421669 -0.03346944 0.00517118 0.00443944 0.06251761 -0.10706026 -0.07734521 0.07057395 0.11956282 -0.11316774 -0.10182018 0.13764884 0.03137609 0.05865989 0.00318862 -0.09074313 0.02916789 0.00857887
-0.01790771 -0.05661503 -0.02615068 -0.05411200 -0.11066731 -0.08424975 -0.00961494 -0.05128084 -0.02532781 -0.06167542 0.05835902 0.12473634 -0.06762838 -0.01503589 0.00346762 0.08427108 -0.19750638 -0.00895630 -0.06180239 0.08805999 -0.03094597 -0.06577123 -0.10237391 0.01116264 -0.07644829 -0.15261662 -0.19195852 -0.11005211 -0.04256461 0.06648814 -0.00724857 -0.11850523 0.17392155 -0.02220644 0.00326241 0.00085766 -0.04096830 -0.08083994 0.11698139 0.24329236 -0.11837813 1.00000000 0.17206308 -0.01031288 0.00420670 0.21863327 0.07798687 0.24871145 -0.04055016 0.12041381 -0.07990803 0.09792642 0.03731016 0.00228247 -0.11644430 -0.10207968 -0.01928430 0.06133206 0.10979878 0.03284330 0.02467306 -0.12412119 -0.11734049 -0.05176804 -0.11047957 0.05927733 0.17397042 0.00761765 0.02754308 0.21801127 0.14080032 -0.01691483 0.06478972 -0.00992412 0.06639841 0.02688101 0.11024877 0.11836207
-0.04731287 -0.05669406 -0.08920534 -0.09249939 -0.11664831 -0.04408458 -0.06574838 -0.12526695 -0.09800333 -0.05689839 -0.00885454 -0.03698519 -0.06382002 -0.09491876 -0.07102736 -0.01755047 -0.04704834 -0.09501822 -0.00965836 -0.00490604 -0.11294041 -0.02852270 -0.02585738 -0.18140406 0.02138247 -0.07487841 -0.04650832 -0.16784543 -0.16374202 0.00025668 -0.02498715 -0.15928820 0.00409407 -0.16580307 0.01995234 -0.08888630 0.04907955 0.02534684 0.02084825 0.18229215 0.17677045 0.17206308 1.00000000 0.25524318 0.17571351 0.37359697 0.38588344 0.27784458 0.18675895 0.09746612 0.05577485 0.16306196 -0.00690203 -0.04600758 0.00166482 0.08770560 0.08825237 0.07681533 0.11411358 -0.06733197 0.03012819 0.08434396 0.03147614 -0.02446720 -0.13964027 -0.10882876 0.11522209 0.09570801 0.04946055 -0.00729628 0.09439346 0.11831248 0.13383674 0.01076218 0.09487387 0.15006515 0.15444674 0.09436807
-0.08869282 -0.08598038 -0.08406465 -0.09042254 0.03954533 -0.04442905 -0.08989045 -0.15311262 -0.00019661 -0.01626020 -0.10946281 -0.02056160 0.00755847 0.04175944 -0.04896034 0.06312552 0.01358703 0.12617424 -0.04177745 0.02066319 -0.00784613 -0.01721248 0.07931678 -0.06880644 0.18188819 0.05090284 -0.08940540 -0.08011189 0.08336413 0.02480468 0.08893292 -0.06866085 -0.06413081 -0.03764343 -0.04717945 -0.08129858 0.07151219 0.02782170 -0.05555841 0.16408886 0.34773130 -0.01031288 0.25524318 1.00000000 0.42337865 0.30934274 0.32469498 0.30534980 0.30400375 0.09763859 0.28240280 0.23629135 -0.02718423 0.04817305 0.03970061 0.08290235 -0.06029408 -0.06806743 0.07938784 -0.02141935 -0.04072910 0.04362165 0.01043119 -0.06317758 0.04660939 -0.02592207 0.02091520 -0.03021240 0.06368428 0.03674718 -0.02465769 0.08723041 0.00930201 -0.05362082 0.04014450 0.04485954 0.01631355 0.00318493
-0.05293256 -0.03995608 -0.03464783 -0.09324593 -0.04052319 0.00925909 -0.04757628 -0.14160376 -0.03855882 -0.00478452 -0.02144588 0.00564129 -0.03811150 0.03145572 -0.08630470 0.04549254 0.01705835 0.00621897 0.04504453 0.05196335 0.00870670 0.08014773 0.06210561 -0.04581919 0.12462569 0.07617508 -0.14957309 -0.10517071 -0.09170632 -0.01481113 0.00820772 -0.21619326 -0.11758378 0.00253125 0.03313778 -0.05395680 0.05997877 0.06680203 -0.02928446 0.15014020 0.37326794 0.00420670 0.17571351 0.42337865 1.00000000 0.20934245 0.33670564 0.24309597 0.32093695 0.23125253 0.20954864 0.24116118 -0.06546673 0.03444708 0.13598447 0.07719748 -0.04499246 -0.03237812 0.01905040 -0.07107255 0.02992821 0.02926609 0.06711455 -0.05836214 0.12924429 0.02153318 0.01841174 0.12299496 0.07362987 -0.03379793 0.00889426 0.17146740 0.14523569 0.01679198 0.08077458 -0.11591416 0.11756729 0.02375135
-0.04636805 -0.00261858 -0.02851446 -0.09659475 -0.06098995 0.01527764 -0.03844947 0.02386199 -0.01159819 -0.04366208 0.07682150 -0.04686525 -0.05628177 -0.03196051 -0.04451315 -0.09844199 -0.12377725 -0.16028657 -0.11160265 0.02912019 -0.11265880 -0.04075134 0.01607704 -0.00163813 -0.08367934 -0.10437552 -0.08493332 -0.22879810 -0.20791660 0.02709263 -0.07326454 -0.19402558 -0.00982420 -0.19261596 -0.05219077 -0.17221168 0.02194193 -0.07944053 -0.07737021 0.18637068 0.18605320 0.21863327 0.37359697 0.30934274 0.20934245 1.00000000 0.29728393 0.38532027 0.31318732 0.23756062 -0.10217832 0.25949842 0.02942254 -0.08879735 -0.00491710 0.05441063 0.07443658 0.04142688 0.09854932 0.01407525 0.02170860 -0.08233249 0.06259953 0.07027076 -0.07019559 -0.01728625 0.07224043 0.12602231 0.09941295 0.03435773 0.10897965 -0.01481879 0.09574281 0.05774511 0.08557803 0.01677867 0.08855000 0.14199773
-0.08246625 -0.06923311 -0.13473777 -0.14714474 -0.18263946 -0.01312656 -0.09287984 -0.24618698 -0.15830325 -0.04124300 -0.01222283 -0.09364562 -0.09794042 -0.10843665 -0.06189166 0.06361442 -0.08640989 -0.13978054 -0.00680321 0.07650348 -0.09099089 -0.11475170 -0.04829358 -0.09577599 0.01897520 -0.01267570 -0.03321223 -0.20471323 -0.08752629 0.05649268 0.02457288 -0.17222167 -0.06944640 -0.09703053 0.00814868 -0.08967357 0.12424110 0.02480243 -0.00228940 0.18630167 0.17448401 0.07798687 0.38588344 0.32469498 0.33670564 0.29728393 1.00000000 0.20353071 0.24558869 0.21800957 0.11910629 0.25786430 -0.00110635 -0.08202631 0.05438783 -0.06385712 0.07215354 -0.02397485 0.06967384 -0.07909207 -0.04432213 -0.06310744 -0.02130374 -0.00067291 -0.10899113 0.09067765 0.05832901 0.15987587 0.12160307 0.00065184 0.22735398 0.08235699 0.19587389 0.02265029 0.13975277 0.00686700 0.08529142 0.07208614
-0.06472898 -0.03060752 -0.05347998 -0.09419912 -0.02839926 -0.03687082 -0.06741167 -0.03832677 0.08961543 -0.01684981 0.09976033 -0.00919959 -0.12218253 0.01553442 -0.09336417 -0.01974693 -0.17458326 -0.07251772 -0.08801357 0.05858551 0.00366208 -0.02319413 -0.12817810 -0.09146252 -0.00956792 -0.06669145 -0.07593644 -0.10602683 -0.05857751 -0.03811277 0.03645637 -0.10332706 0.16993548 -0.10772257 0.02479576 0.04650864 0.15885023 -0.09656175 0.00405516 0.12262260 0.08415471 0.24871145 0.27784458 0.30534980 0.24309597 0.38532027 0.20353071 1.00000000 0.29259066 0.16161120 -0.02057447 0.28101044 0.02810672 0.03017745 0.04954723 -0.03679100 0.11036228 0.04371687 0.07300896 -0.04590174 -0.04517339 -0.11489995 -0.13848298 -0.01528985 -0.10166768 0.00728328 0.09478978 0.04570407 0.15604825 0.10680290 0.16667518 -0.00116597 0.09608421 0.03850048 0.13951913 0.02404750 0.11111394 0.09658010
0.02893072 -0.00290995 0.00175336 -0.00513214 0.00581513 0.01216069 -0.03610289 -0.00601193 -0.00846781 0.05890623 0.04940451 0.02744194 -0.07500647 -0.00946211 0.01479603 0.02260963 -0.00551667 0.02958995 -0.03281454 0.05545421 0.07867717 0.08121297 -0.00399631 0.05039610 0.09618364 0.10427576 -0.05157588 -0.07303251 -0.05476398 -0.00024487 0.10629769 -0.07450582 -0.05307884 0.02221867 0.03737807 0.00923583 0.12446632 0.00470038 -0.03832910 0.14278538 0.30665788 -0.04055016 0.18675895 0.30400375 0.32093695 0.31318732 0.24558869 0.29259066 1.00000000 0.17936227 0.12057885 0.31852931 0.04425528 -0.06854406 0.07949443 0.08667261 -0.00826633 0.00242645 -0.00560995 -0.10562962 -0.03442990 -0.05701297 0.06310729 0.11898496 0.11003750 -0.01250527 -0.07787128 0.16561276 -0.00360943 -0.10709821 0.07306247 0.12086310 0.10582047 0.04990843 0.09326662 -0.06690609 -0.00204184 -0.04526222
-0.09736249 0.01171793 -0.02146793 -0.02774643 -0.03025062 0.01753253 0.04702532 0.00495614 0.11523778 0.07470282 0.09066671 0.09782613 -0.03986916 -0.08234349 -0.01551468 -0.09230517 -0.00097082 -0.00406879 -0.00344348 0.02295146 -0.02839056 0.03498641 0.05471423 -0.02326055 -0.05006872 0.00020358 -0.01028413 -0.12770568 -0.10387223 0.03078899 0.06748704 -0.05606186 -0.05509463 -0.15026718 -0.04600319 -0.17407756 0.09441012 -0.03862906 -0.16207519 0.05090977 0.13890444 0.12041381 0.09746612 0.09763859 0.23125253 0.23756062 0.21800957 0.16161120 0.17936227 1.00000000 0.03828017 0.18533583 -0.03513719 -0.04835996 0.09889013 -0.00508433 0.14948987 -0.00484309 0.13759814 -0.05185050 -0.01040163 0.00072726 -0.00533987 0.10008305 -0.08355659 0.00910401 0.03244750 0.13306372 0.11704422 0.10094063 0.06055347 0.05305009 0.16586629 0.03805399 0.03594673 -0.10201232 0.08760332 0.02845414
0.05376891 -0.02271167 -0.04118228 -0.04930338 0.02078398 0.06054411 0.00485450 -0.09171670 -0.10698826 -0.01325951 -0.05628782 0.04214754 0.08823359 0.04259440 -0.04851893 0.07877674 0.11154405 0.10280102 0.12142978 -0.00060591 -0.00744335 -0.09971964 0.04724064 -0.05370488 0.11990588 -0.00040424 -0.03314126 0.07084215 -0.02347300 0.02323439 0.07333805 -0.12561609 -0.16426380 0.01281890 -0.11609139 -0.10154685 -0.08263308 0.05783797 -0.09812621 0.19961606 0.21226434 -0.07990803 0.05577485 0.28240280 0.20954864 -0.10217832 0.11910629 -0.02057447 0.12057885 0.03828017 1.00000000 0.16661232 -0.14279154 0.24860333 0.08528289 0.05877876 0.00891298 -0.10163761 -0.05308413 -0.05678070 0.01242279 0.16470078 0.08021425 -0.04146140 0.10053711 -0.00971668 -0.07045743 -0.02866804 0.14795847 -0.06195081 -0.16758169 0.03333908 -0.04662990 0.04020240 -0.03490494 -0.00831347 -0.09470474 -0.13642415
-0.01823420 -0.11275039 -0.08498327 -0.02701845 -0.05786447 -0.02050000 -0.05892740 -0.01352752 -0.05189707 -0.02891161 0.04712217 -0.02499032 -0.16794039 0.03790902 -0.12039052 0.02126250 -0.12159410 -0.11346841 -0.07491391 0.03425077 0.01267727 0.01264140 -0.01541950 -0.01775940 0.02708005 -0.06761550 -0.10200901 -0.15363362 -0.06220616 -0.00607189 0.00301010 -0.12744654 0.04604288 -0.13094867 0.02910474 -0.04396469 0.11549577 0.06675874 -0.01987299 0.36261119 0.10318532 0.09792642 0.16306196 0.23629135 0.24116118 0.25949842 0.25786430 0.28101044 0.31852931 0.18533583 0.16661232 1.00000000 -0.06887126 0.02343024 0.04800096 -0.08805607 0.01247355 -0.05648703 0.05507097 -0.17045792 -0.07624214 0.02311438 0.04298479 0.01276806 -0.00299118 0.06160770 0.05710338 0.14691622 0.05739602 0.01180742 0.22323558 0.04182506 0.14138541 0.11034168 0.24410341 -0.01763439 0.09739933 0.10707996
-0.07028798 -0.11112039 -0.04077563 -0.09173403 0.01338999 0.04541434 0.00696452 0.02271823 -0.03710666 -0.04782586 0.11434879 -0.06616459 -0.06053801 0.01587830 0.08782082 0.05893772 0.02229916 0.02388430 -0.07574599 -0.04219633 0.12745147 -0.03101065 -0.00194259 0.11437828 0.03800457 0.01375273 0.08154775 -0.01785203 0.01135433 -0.07222030 -0.01566563 0.10170995 -0.05017616 -0.01136606 0.03356862 -0.04865675 0.00490271 0.03559337 0.00068953 0.00930977 -0.11547172 0.03731016 -0.00690203 -0.02718423 -0.06546673 0.02942254 -0.00110635 0.02810672 0.04425528 -0.03513719 -0.14279154 -0.06887126 1.00000000 0.00008595 0.16044739 0.06562461 0.18581863 -0.03142418 0.10055822 0.13224872 0.07320289 0.17305369 0.09398025 0.11624836 0.14336011 -0.08223357 0.03716847 -0.13242528 -0.05627779 0.01023572 -0.01846258 -0.16586213 -0.02692655 -0.02240675 -0.05106279 0.18450123 0.01055176 -0.00457874
0.13228158 0.03558776 0.07359112 0.00910665 0.14259431 -0.00785380 0.10200253 0.01477104 -0.01436181 -0.02272544 0.01764294 0.04830600 0.09261692 0.17308727 0.09078408 0.12667001 0.11800560 0.14490061 0.11350396 -0.02365890 0.13795931 -0.02386475 0.10327123 0.06150466 0.13851244 0.00736516 -0.03408979 0.13048902 0.00243955 0.05184757 0.15064821 0.02231688 0.01326027 0.10151072 -0.08130259 0.04838788 -0.06437808 0.07934252 -0.00650856 -0.01205803 0.01700886 0.00228247 -0.04600758 0.04817305 0.03444708 -0.08879735 -0.08202631 0.03017745 -0.06854406 -0.04835996 0.24860333 0.02343024 0.00008595 1.00000000 0.17517106 0.16477732 0.09243614 0.11538927 0.07016761 0.12848815 0.21064591 0.25212723 0.08259798 0.05160707 0.29376930 -0.01569580 -0.02251776 -0.06745153 0.11391410 0.11269305 -0.08981565 0.05633887 0.03502172 0.09291169 -0.09754419 -0.01305214 -0.03292324 -0.07140993
0.01241463 -0.09360245 -0.01247347 0.02567648 -0.04058612 -0.06595445 0.10037578 -0.02067913 -0.00591089 -0.11718279 0.03943972 -0.07537351 -0.01217979 -0.08751991 -0.02611771 0.04255741 -0.02696467 -0.03181773 -0.01188456 -0.05459911 -0.00871186 -0.08485225 0.01847539 -0.05117258 0.12081650 -0.05008266 -0.06227442 0.05207243 -0.03949972 -0.14304272 0.17488230 -0.07692470 -0.00182869 -0.12685232 0.06699864 -0.00082262 0.12069012 0.07135269 -0.08717446 -0.00098271 0.01757602 -0.11644430 0.00166482 0.03970061 0.13598447 -0.00491710 0.05438783 0.04954723 0.07949443 0.09889013 0.08528289 0.04800096 0.16044739 0.17517106 1.00000000 0.14981763 0.22662538 0.03859766 0.24660109 -0.06497459 0.10991285 0.25571685 0.25425549 0.09888700 0.30626411 0.02673534 -0.08432477 0.05948575 0.03705913 -0.07712276 0.06022076 0.01853395 0.03038808 -0.04493188 0.04127192 0.02756295 0.03351392 -0.04727134
0.16361333 -0.05735634 0.19781900 0.09138027 0.13389174 0.10333365 0.09257982 0.17168590 0.07888630 0.05178452 0.10594674 0.10662143 0.26524008 0.06799392 0.12356196 0.00798533 0.09897357 0.10859074 0.04913977 -0.04672675 0.16357463 0.03587623 0.11406010 0.10796935 0.00780203 0.10336263 0.10459831 0.17263180 -0.08987595 -0.00969615 0.14366051 0.10127441 -0.01258338 0.13168008 -0.00290751 0.08667126 -0.03131138 0.08531341 -0.00040350 -0.11861394 0.04036060 -0.10207968 0.08770560 0.08290235 0.07719748 0.05441063 -0.06385712 -0.03679100 0.08667261 -0.00508433 0.05877876 -0.08805607 0.06562461 0.16477732 0.14981763 1.00000000 0.08288647 0.19728541 0.02071365 0.17164440 0.12856201 0.23931629 0.22090486 0.18255108 0.28222107 -0.04680050 -0.09844077 -0.01398789 -0.11047709 -0.04090766 -0.23632629 0.05317190 -0.02163275 -0.07901847 -0.10026156 0.11445949 -0.09452110 -0.06592749
0.07297341 -0.01613640 -0.03703731 0.13237588 -0.04233431 -0.01713544 0.04677274 -0.00463519 0.05227901 -0.00060791 -0.00512817 -0.03053120 0.00453857 -0.08165788 -0.03017547 -0.08609067 0.02337935 -0.09086454 -0.05029687 0.07218679 0.04741518 -0.10526644 -0.12972898 0.02409225 -0.02010777 -0.03476758 0.00055313 -0.10024040 -0.05107800 -0.02632075 0.01651270 0.01019167 0.01461383 -0.06341110 -0.06649306 -0.07187426 -0.02416986 -0.06092295 -0.07240590 -0.01775248 -0.14715653 -0.01928430 0.08825237 -0.06029408 -0.04499246 0.07443658 0.07215354 0.11036228 -0.00826633 0.14948987 0.00891298 0.01247355 0.18581863 0.09243614 0.22662538 0.08288647 1.00000000 0.19221215 0.20010550 0.17576138 0.18726177 0.23022279 0.10254605 0.10326989 0.02542687 -0.00555721 0.02978572 0.01508492 0.06013776 -0.02157652 0.04088356 0.02640347 0.04753088 0.03116228 0.05768242 0.05397942 0.10906414 -0.00300957
-0.02492872 0.01951953 0.01909032 0.04984707 -0.03164152 0.01858233 0.00325431 -0.02224141 0.08545376 -0.01383940 0.02604123 0.00703541 0.09584531 0.08194736 0.00631312 -0.00469348 -0.02314931 -0.02654539 -0.03488105 0.01915341 0.04784657 0.00555069 -0.05880246 0.09335203 0.01332888 0.03741983 -0.07455603 -0.08755475 -0.09515410 0.10795816 0.03031285 -0.04979517 0.11127411 0.01715789 -0.01005334 0.01822087 -0.09659364 -0.02768318 -0.04058891 -0.14995624 -0.06327925 0.06133206 0.07681533 -0.06806743 -0.03237812 0.04142688 -0.02397485 0.04371687 0.00242645 -0.00484309 -0.10163761 -0.05648703 -0.03142418 0.11538927 0.03859766 0.19728541 0.19221215 1.00000000 0.12059022 0.12728891 0.12229430 0.05423699 0.15954472 0.10308447 0.03722761 0.01885625 0.09383664 0.01299706 -0.02920350 -0.05630441 0.06330347 0.09403890 0.05465297 0.07396503 -0.03183923 0.04980393 0.02080938 0.05712176
-0.11231935 -0.02859030 -0.12974951 -0.01362733 0.03597877 -0.11745886 -0.02514092 -0.11738708 0.12583870 -0.14808223 -0.00814968 -0.01971602 -0.10122838 -0.06196672 -0.01096708 0.06432994 -0.08318263 -0.05465399 -0.03245243 0.03161535 -0.04905723 -0.04144484 0.08391077 -0.06642726 0.03877027 -0.00239655 0.01605744 0.00256939 0.08958158 -0.01631243 0.03334918 0.08051277 0.07562892 -0.18113484 0.15061685 -0.04873467 -0.02241377 0.07378508 0.04426533 -0.05636990 -0.09746648 0.10979878 0.11411358 0.07938784 0.01905040 0.09854932 0.06967384 0.07300896 -0.00560995 0.13759814 -0.05308413 0.05507097 0.10055822 0.07016761 0.24660109 0.02071365 0.20010550 0.12059022 1.00000000 0.16200897 0.03216186 0.07922491 0.14363179 0.05044392 0.07004046 0.04018433 0.01591457 0.03097939 -0.03672099 0.17149610 0.17616553 0.04608643 0.07964812 -0.09612823 -0.03645793 -0.01290796 0.14292419 0.06074023
0.07245198 -0.03694300 0.14892640 -0.00817943 0.08068489 0.02528898 0.00457198 0.00715737 0.08594369 -0.01191771 0.05463633 0.05862480 0.14588171 0.05382387 0.05136549 -0.08118969 0.04716778 -0.04356491 -0.05340245 -0.06321157 -0.09064837 -0.07890293 0.02404185 0.04150076 0.03966086 -0.06621934 0.02625568 0.03337982 0.10437989 0.04454248 -0.01136633 0.09937370 0.07844304 0.01649915 -0.08030560 0.06297715 -0.07247499 -0.00372180 0.07950542 -0.06631879 -0.05661616 0.03284330 -0.06733197 -0.02141935 -0.07107255 0.01407525 -0.07909207 -0.04590174 -0.10562962 -0.05185050 -0.05678070 -0.17045792 0.13224872 0.12848815 -0.06497459 0.17164440 0.17576138 0.12728891 0.16200897 1.00000000 0.24605290 0.05976718 0.07458211 0.10695817 0.04096389 -0.05785421 -0.04329086 -0.15802283 -0.06271227 0.05552960 -0.10260521 -0.04378629 0.03061531 -0.04385269 -0.21669206 0.11527515 -0.05826729 -0.01808475
0.07543343 0.02535149 0.08942387 0.11800434 -0.01406487 0.01916457 0.03599740 0.03580315 -0.02386875 -0.01334108 0.07758980 0.10473563 0.04425601 -0.09940476 -0.00430817 -0.03462246 0.03221722 -0.01977465 -0.05095535 -0.09225764 0.01598682 -0.02649861 0.01364094 0.01470320 -0.04433668 0.01916765 -0.03000323 0.04364877 -0.02707071 -0.06043876 0.03555537 0.06333745 0.07967096 0.09494619 -0.07252454 0.04052492 -0.12268508 -0.03467536 0.02871752 -0.03119482 0.08421669 0.02467306 0.03012819 -0.04072910 0.02992821 0.02170860 -0.04432213 -0.04517339 -0.03442990 -0.01040163 0.01242279 -0.07624214 0.07320289 0.21064591 0.10991285 0.12856201 0.18726177 0.12229430 0.03216186 0.24605290 1.00000000 0.21001302 0.14158670 0.18570382 0.22586293 -0.09222192 -0.06730879 -0.09353412 0.07961209 0.00769471 -0.10349394 -0.02350517 0.09266996 -0.03236155 -0.01018580 0.03071737 0.00171629 0.04772609
0.10012528 -0.02457060 0.06406375 0.11966086 0.04906427 0.06599471 0.06519169 0.06377617 0.00058549 0.04763255 0.03245011 0.02480426 0.18874151 0.03781212 0.05322235 0.07484496 0.16439041 0.18524013 0.08494686 -0.04262712 0.11711140 0.05345453 0.10762787 -0.06828365 0.11356708 0.03761211 0.09419308 0.18715281 0.02282084 -0.12960359 0.14258279 0.15945798 -0.12164516 0.09203623 -0.06796352 -0.04324005 -0.03870909 0.07396655 -0.08928179 0.04483674 -0.03346944 -0.12412119 0.08434396 0.04362165 0.02926609 -0.08233249 -0.06310744 -0.11489995 -0.05701297 0.00072726 0.16470078 0.02311438 0.17305369 0.25212723 0.25571685 0.23931629 0.23022279 0.05423699 0.07922491 0.05976718 0.21001302 1.00000000 0.21302961 0.03840835 0.27053595 -0.12746497 -0.17501256 -0.06803123 -0.09035047 -0.07848320 -0.22002620 -0.06137556 -0.04291363 -0.05687181 -0.08579934 0.10643526 -0.00068170 -0.08905798
0.06036313 -0.09805309 0.03098400 0.02763167 -0.03082107 0.03764908 -0.01132058 0.01513078 -0.04908946 -0.04982095 0.00731977 -0.01445162 0.09165115 -0.03119326 0.05579079 -0.02603676 0.10191354 0.05778836 -0.06170485 -0.04522537 -0.00982762 0.02815084 0.05107871 0.04893435 0.07622310 0.01420849 0.04874695 0.10367106 -0.00394527 0.02767030 0.16190424 0.05995384 0.07629206 -0.01694578 0.03819564 -0.02968688 -0.04564800 0.17972620 0.00873727 -0.01313839 0.00517118 -0.11734049 0.03147614 0.01043119 0.06711455 0.06259953 -0.02130374 -0.13848298 0.06310729 -0.00533987 0.08021425 0.04298479 0.09398025 0.08259798 0.25425549 0.22090486 0.10254605 0.15954472 0.14363179 0.07458211 0.14158670 0.21302961 1.00000000 0.07708416 0.15168487 -0.06245645 -0.00601813 0.06413448 -0.10048675 -0.09748283 -0.07996187 0.02564777 0.09966170 0.07388001 0.15904107 0.05631250 -0.06067465 -0.02643622
-0.02239929 0.03214699 0.04368174 0.06027517 0.03253412 0.10994918 -0.00123011 0.09224229 -0.06158913 0.12716220 0.23482511 0.15335356 0.04945786 -0.07080474 -0.08701015 -0.00515385 -0.00200632 -0.07981484 -0.11698768 -0.02340861 0.05142881 0.02771598 -0.04498024 0.02386328 0.03033634 0.04811013 0.01079537 -0.01071729 -0.07581587 -0.06737630 0.13517078 0.01850241 -0.12279124 0.04052296 -0.15214716 -0.05144697 -0.05347790 -0.04876261 -0.13298802 -0.00690683 0.00443944 -0.05176804 -0.02446720 -0.06317758 -0.05836214 0.07027076 -0.00067291 -0.01528985 0.11898496 0.10008305 -0.04146140 0.01276806 0.11624836 0.05160707 0.09888700 0.18255108 0.10326989 0.10308447 0.05044392 0.10695817 0.18570382 0.03840835 0.07708416 1.00000000 0.15226436 -0.07234697 -0.02921809 -0.00608528 0.08749937 0.02830579 -0.10264914 0.06854576 0.07442418 0.00866092 0.08491852 0.04048362 0.04161935 0.02687352
0.19309786 -0.06153183 0.01548733 0.04879205 0.07953017 -0.04816289 0.14028193 0.10249250 -0.01879894 -0.02686816 0.13075553 0.13514559 0.03378785 -0.06224651 0.17022306 0.10396688 0.01347172 0.08142281 -0.02067731 -0.06787247 0.17141044 0.14338503 -0.00955770 0.04093192 0.08826117 0.13819452 -0.13587843 0.12562204 0.07650051 -0.10254981 0.13045310 0.07579943 -0.04286760 0.17475095 -0.06055131 0.06437757 -0.02774149 0.10897900 -0.08639910 0.03000032 0.06251761 -0.11047957 -0.13964027 0.04660939 0.12924429 -0.07019559 -0.10899113 -0.10166768 0.11003750 -0.08355659 0.10053711 -0.00299118 0.14336011 0.29376930 0.30626411 0.28222107 0.02542687 0.03722761 0.07004046 0.04096389 0.22586293 0.27053595 0.15168487 0.15226436 1.00000000 -0.03941703 -0.16252153 -0.03204911 -0.07565662 -0.06582783 -0.23188075 -0.03177969 -0.01268171 -0.11515297 -0.12075634 -0.01767765 -0.09236219 -0.16406313
0.04585193 0.00445911 0.00481323 0.06013392 -0.02556803 -0.03049714 -0.01080443 -0.07706950 -0.04926045 -0.05364303 0.02073233 0.01784279 -0.04334993 0.06441581 0.07986579 0.02264067 -0.06669262 0.02271493 0.00436225 0.17763109 0.00256646 0.00057361 0.03804077 -0.00551298 -0.07442218 -0.07906061 0.04247591 -0.00252115 0.02232915 0.07766371 0.06033334 0.03080019 0.05592020 -0.02531734 0.05121713 0.06273242 0.03219640 0.03767077 0.07498794 0.09304720 -0.10706026 0.05927733 -0.10882876 -0.02592207 0.02153318 -0.01728625 0.09067765 0.00728328 -0.01250527 0.00910401 -0.00971668 0.06160770 -0.08223357 -0.01569580 0.02673534 -0.04680050 -0.00555721 0.01885625 0.04018433 -0.05785421 -0.09222192 -0.12746497 -0.06245645 -0.07234697 -0.03941703 1.00000000 0.15014867 0.18933239 0.16835152 0.15877834 0.26698712 0.11937771 0.14527490 0.25228989 0.32972000 0.09066508 0.17611507 0.27439931
-0.14248906 -0.06355106 -0.03414279 -0.07483619 -0.19032904 -0.08110801 -0.12562846 -0.07831757 0.01596799 -0.11338809 0.01950395 -0.09535065 -0.12728338 -0.08522317 -0.03862935 -0.20293518 -0.18868839 -0.20978544 -0.16193921 0.03250284 -0.11061003 -0.14653418 -0.20333819 0.01539647 -0.09419840 -0.26910908 -0.08084200 -0.14784365 -0.05659155 -0.01588581 -0.09069504 -0.06486357 0.12508767 -0.10277847 0.00689736 -0.04311900 -0.03278589 -0.04293095 0.06797171 0.05226837 -0.07734521 0.17397042 0.11522209 0.02091520 0.01841174 0.07224043 0.05832901 0.09478978 -0.07787128 0.03244750 -0.07045743 0.05710338 0.03716847 -0.02251776 -0.08432477 -0.09844077 0.02978572 0.09383664 0.01591457 -0.04329086 -0.06730879 -0.17501256 -0.00601813 -0.02921809 -0.16252153 0.15014867 1.00000000 0.21078109 0.22990585 0.32520599 0.37697625 0.19421702 0.09356198 0.23756247 0.27796896 0.02807087 0.29063490 0.34860807
-0.02298180 -0.12663416 0.00808615 -0.05957117 -0.13270424 -0.08455666 -0.13276446 0.04436519 -0.05648934 0.05351616 0.03362404 -0.06446482 -0.16023891 -0.08805551 -0.05304441 -0.06933926 -0.18411034 -0.10096650 -0.12992900 0.19391066 -0.01666360 0.01599166 0.02372147 0.01041427 -0.09032148 -0.06670817 -0.00820595 -0.18250695 -0.15964352 -0.01251914 -0.12365962 -0.08514762 0.06700079 -0.16938738 0.02375504 -0.08142982 0.06640283 -0.00772205 0.07814587 0.17758829 0.07057395 0.00761765 0.09570801 -0.03021240 0.12299496 0.12602231 0.15987587 0.04570407 0.16561276 0.13306372 -0.02866804 0.14691622 -0.13242528 -0.06745153 0.05948575 -0.01398789 0.01508492 0.01299706 0.03097939 -0.15802283 -0.09353412 -0.06803123 0.06413448 -0.00608528 -0.03204911 0.18933239 0.21078109 1.00000000 0.17972374 0.04742952 0.30732562 0.38680206 0.37172749 0.24559747 0.32037422 0.03671282 0.27799073 0.23956139
-0.08854407 -0.05946740 -0.13016905 -0.04183798 -0.06490452 -0.04554583 -0.12420895 -0.07516099 0.02138798 -0.00198837 0.00573051 -0.10087756 -0.14180604 -0.04421128 -0.07305792 -0.07215774 -0.05112753 -0.13178441 -0.03209921 0.03475275 -0.00928806 -0.14317826 -0.03601299 0.00055431 -0.03374791 -0.07839087 -0.03087644 -0.06796604 -0.04920424 -0.06241589 -0.06453209 -0.06915681 -0.01696694 -0.16320956 -0.05794582 -0.05935318 0.08448933 -0.06009497 -0.00551641 0.02151395 0.11956282 0.02754308 0.04946055 0.06368428 0.07362987 0.09941295 0.12160307 0.15604825 -0.00360943 0.11704422 0.14795847 0.05739602 -0.05627779 0.11391410 0.03705913 -0.11047709 0.06013776 -0.02920350 -0.03672099 -0.06271227 0.07961209 -0.09035047 -0.10048675 0.08749937 -0.07565662 0.16835152 0.22990585 0.17972374 1.00000000 0.18881089 0.13087199 0.23553335 0.16749435 0.18301518 0.22169509 0.15341019 0.24857720 0.16607238
-0.02831892 0.04250080 -0.05186059 0.02130661 0.00146979 -0.09339608 0.00413969 -0.04940188 0.04652927 0.01927777 -0.02863954 0.03768793 -0.05467438 0.00117602 0.10687290 -0.07138072 -0.04315933 -0.06659142 0.07976356 -0.04712915 -0.01226907 -0.14879324 0.07401404 -0.01228448 -0.04035138 -0.10377869 -0.04097921 -0.00149558 0.14240653 -0.04877722 -0.03367678 0.07999602 0.11581793 0.01682513 -0.01419591 -0.04801928 -0.04465781 -0.03370319 0.06684451 0.00779931 -0.11316774 0.21801127 -0.00729628 0.03674718 -0.03379793 0.03435773 0.00065184 0.10680290 -0.10709821 0.10094063 -0.06195081 0.01180742 0.01023572 0.11269305 -0.07712276 -0.04090766 -0.02157652 -0.05630441 0.17149610 0.05552960 0.00769471 -0.07848320 -0.09748283 0.02830579 -0.06582783 0.15877834 0.32520599 0.04742952 0.18881089 1.00000000 0.17827915 0.10296224 0.27726699 0.08382715 0.02492962 0.04779777 0.20253359 0.07273830
-0.12755958 0.04134292 -0.12406537 -0.08200147 -0.18875697 -0.12743800 -0.16379339 -0.12585803 0.04824713 -0.13987433 -0.10297907 -0.13048003 -0.26322825 -0.01231751 -0.00991074 -0.10557913 -0.30340652 -0.23870575 -0.14692493 0.00649211 -0.06151303 -0.09876497 -0.09541517 -0.06670674 -0.06591130 -0.17464920 -0.04378908 -0.17905510 0.00158589 0.01372410 -0.05256893 -0.11042667 0.16996092 -0.18535216 0.12653076 0.04426066 0.08467032 -0.00902178 0.12157979 0.10560204 -0.10182018 0.14080032 0.09439346 -0.02465769 0.00889426 0.10897965 0.22735398 0.16667518 0.07306247 0.06055347 -0.16758169 0.22323558 -0.01846258 -0.08981565 0.06022076 -0.23632629 0.04088356 0.06330347 0.17616553 -0.10260521 -0.10349394 -0.22002620 -0.07996187 -0.10264914 -0.23188075 0.26698712 0.37697625 0.30732562 0.13087199 0.17827915 1.00000000 0.16616342 0.24667097 0.20720485 0.26409088 0.00276485 0.27828534 0.29130006
-0.00905208 -0.05123897 0.06344049 0.10622570 -0.06933320 -0.01855773 0.06240936 -0.00987091 0.00617577 -0.02239677 0.00140118 -0.02421785 -0.06110559 -0.05125971 -0.02364628 -0.00581626 -0.04125673 -0.07003692 -0.09551372 0.02221915 0.01650798 -0.05402770 0.00422459 -0.02235784 -0.06359209 0.00346792 -0.13915438 -0.14607167 -0.08173746 -0.03245544 -0.04844304 -0.08087670 0.01686558 -0.09643464 -0.01699305 -0.04534628 -0.00791991 0.07499885 -0.03654792 -0.00872557 0.13764884 -0.01691483 0.11831248 0.08723041 0.17146740 -0.01481879 0.08235699 -0.00116597 0.12086310 0.05305009 0.03333908 0.04182506 -0.16586213 0.05633887 0.01853395 0.05317190 0.02640347 0.09403890 0.04608643 -0.04378629 -0.02350517 -0.06137556 0.02564777 0.06854576 -0.03177969 0.11937771 0.19421702 0.38680206 0.23553335 0.10296224 0.16616342 1.00000000 0.31055095 0.19173118 0.28930266 -0.01755973 0.30791081 0.13838391
0.04788178 -0.01160923 -0.07578595 -0.02825416 -0.14693810 -0.11739788 0.07537059 -0.04630240 -0.04395697 0.07171581 -0.05854001 0.00603951 -0.10049406 -0.02907973 0.08560890 -0.01876555 -0.10535118 -0.02007010 -0.07452093 -0.01825037 -0.04101521 0.09591592 0.09879980 -0.04958254 -0.04402267 -0.03246082 0.03948361 -0.08576634 -0.17739670 -0.06669232 -0.04568208 -0.17598274 0.04222160 -0.13652123 0.03043685 -0.16413626 0.04842007 0.02132605 0.10905400 0.04178944 0.03137609 0.06478972 0.13383674 0.00930201 0.14523569 0.09574281 0.19587389 0.09608421 0.10582047 0.16586629 -0.04662990 0.14138541 -0.02692655 0.03502172 0.03038808 -0.02163275 0.04753088 0.05465297 0.07964812 0.03061531 0.09266996 -0.04291363 0.09966170 0.07442418 -0.01268171 0.14527490 0.09356198 0.37172749 0.16749435 0.27726699 0.24667097 0.31055095 1.00000000 0.32317749 0.27955267 0.10197540 0.27566154 0.10105034
0.00968147 -0.00857241 0.01883992 -0.06517250 -0.19593786 0.05431772 -0.00594151 -0.04693047 -0.01112785 0.08918915 0.02406777 -0.12230961 -0.08196057 -0.07303913 0.02637810 -0.11705040 -0.15309697 -0.11502429 -0.07778002 -0.10505638 -0.13893999 -0.03175221 -0.01488132 -0.00076176 -0.19687024 -0.17273193 0.06656299 -0.08576687 -0.13777332 0.04903755 -0.04266754 -0.11419201 0.02211215 -0.17994474 -0.08782481 -0.16174613 -0.06517968 0.01891226 -0.02974483 0.10939356 0.05865989 -0.00992412 0.01076218 -0.05362082 0.01679198 0.05774511 0.02265029 0.03850048 0.04990843 0.03805399 0.04020240 0.11034168 -0.02240675 0.09291169 -0.04493188 -0.07901847 0.03116228 0.07396503 -0.09612823 -0.04385269 -0.03236155 -0.05687181 0.07388001 0.00866092 -0.11515297 0.25228989 0.23756247 0.24559747 0.18301518 0.08382715 0.20720485 0.19173118 0.32317749 1.00000000 0.34937604 0.01320349 0.18108096 0.33745685
-0.06741594 -0.03089839 -0.00851142 0.05794202 -0.15220609 0.00405415 -0.06178765 -0.04583505 -0.04927448 -0.05004524 0.06112446 -0.05305434 -0.15946092 -0.16040303 -0.06304927 -0.04064156 -0.14539543 -0.06624309 -0.11883621 0.02531402 -0.02067308 -0.05991430 -0.03184635 -0.07382240 -0.17879156 -0.14221893 0.03591267 -0.11110171 -0.06658210 -0.06436061 0.01493272 0.00132618 0.09157380 -0.17008252 0.09909337 -0.11795646 0.01817859 0.10843892 0.03401759 0.15510930 0.00318862 0.06639841 0.09487387 0.04014450 0.08077458 0.08557803 0.13975277 0.13951913 0.09326662 0.03594673 -0.03490494 0.24410341 -0.05106279 -0.09754419 0.04127192 -0.10026156 0.05768242 -0.03183923 -0.03645793 -0.21669206 -0.01018580 -0.08579934 0.15904107 0.08491852 -0.12075634 0.32972000 0.27796896 0.32037422 0.22169509 0.02492962 0.26409088 0.28930266 0.27955267 0.34937604 1.00000000 0.07760181 0.28678976 0.36264573
0.11347080 -0.13218046 0.04929707 0.01443579 0.04480489 0.08917718 0.01164248 0.05038503 -0.10421316 0.05639792 0.10930926 0.09701548 0.03420274 0.05844332 0.19717919 0.04326239 0.01065451 0.07643594 -0.01482680 -0.01783843 0.09170747 -0.00954368 0.06653868 0.05530304 0.00591602 0.02300894 -0.03563913 0.05455517 0.00597014 0.06177619 0.12264634 0.01166704 0.09195100 -0.02084431 -0.06622934 0.02236344 -0.07317553 0.08933103 0.06357012 0.06017365 -0.09074313 0.02688101 0.15006515 0.04485954 -0.11591416 0.01677867 0.00686700 0.02404750 -0.06690609 -0.10201232 -0.00831347 -0.01763439 0.18450123 -0.01305214 0.02756295 0.11445949 0.05397942 0.04980393 -0.01290796 0.11527515 0.03071737 0.10643526 0.05631250 0.04048362 -0.01767765 0.09066508 0.02807087 0.03671282 0.15341019 0.04779777 0.00276485 -0.01755973 0.10197540 0.01320349 0.07760181 1.00000000 0.06096623 0.07729853
-0.06234191 0.00682781 -0.05657744 0.06054111 -0.10815074 -0.03882991 0.00883889 -0.00991738 0.01326254 -0.00698341 0.14399111 -0.02974849 -0.15728820 -0.04153059 -0.00934517 -0.15189159 -0.08653832 -0.15570667 -0.07559649 0.13136591 -0.01632263 -0.09203209 0.04012710 0.01987452 -0.13744795 -0.22082022 -0.08052180 -0.17795449 0.03228367 -0.05778689 -0.11514801 -0.05828853 0.03069372 -0.07795810 0.07639755 -0.08849252 -0.06606935 -0.07049485 0.06290777 0.03240981 0.02916789 0.11024877 0.15444674 0.01631355 0.11756729 0.08855000 0.08529142 0.11111394 -0.00204184 0.08760332 -0.09470474 0.09739933 0.01055176 -0.03292324 0.03351392 -0.09452110 0.10906414 0.02080938 0.14292419 -0.05826729 0.00171629 -0.00068170 -0.06067465 0.04161935 -0.09236219 0.17611507 0.29063490 0.27799073 0.24857720 0.20253359 0.27828534 0.30791081 0.27566154 0.18108096 0.28678976 0.06096623 1.00000000 0.28846391
-0.08325387 -0.02896528 0.00016163 -0.04675384 -0.15953112 0.01970588 -0.14626126 -0.03377670 -0.00637179 -0.06857698 0.11210088 -0.00302891 -0.12457130 -0.06481618 -0.01361421 -0.12983021 -0.14331418 -0.12865164 -0.17305374 0.05988560 -0.08880493 -0.08848705 -0.03197237 0.08638419 -0.17674385 -0.22655434 -0.00349567 -0.15274049 -0.18923188 -0.01574193 -0.03288943 -0.02059985 0.03027838 -0.16905025 -0.04815929 -0.15357384 -0.10795602 -0.05430843 -0.01296874 0.03520583 0.00857887 0.11836207 0.09436807 0.00318493 0.02375135 0.14199773 0.07208614 0.09658010 -0.04526222 0.02845414 -0.13642415 0.10707996 -0.00457874 -0.07140993 -0.04727134 -0.06592749 -0.00300957 0.05712176 0.06074023 -0.01808475 0.04772609 -0.08905798 -0.02643622 0.02687352 -0.16406313 0.27439931 0.34860807 0.23956139 0.16607238 0.07273830 0.29130006 0.13838391 0.10105034 0.33745685 0.36264573 0.07729853 0.28846391 1.00000000
