1.00000000 0.19700157 0.24095221 0.23143331 0.19709927 0.16552281 0.17138840 0.14346202 0.10373557 0.17647762 0.12695479 0.11449456 0.13468007 0.00231297 -0.06445330 -0.04830304 -0.05877346 0.06508092 -0.01695836 -0.01226256 0.00441900 0.00031414 0.06329274 -0.00799249 0.07505429 0.09173378 -0.04449346 -0.01066699 0.02019897 0.01036431 -0.08775047 0.00385426 0.08716653 0.03546749 -0.02188986 0.06408920 0.02737577 -0.03105094 -0.01135891 -0.00182612 0.04270171 0.11499044 0.02420303 0.06770895 0.01659725 -0.01415394 0.00356267 0.09174505 0.05755493 0.05181001 -0.07422440 -0.04203775 -0.06756070 0.03123939 0.02761194 0.10458675 0.06591409 0.03679223 -0.02894959 -0.10795573 -0.02700188 -0.07622420 0.01065668 -0.00526703 0.02630361 0.01638859 0.10734379 0.04691585 0.03331517 0.06161211 -0.03414172 -0.04270544 -0.00472143 -0.01780809 0.00230348 -0.06221189 -0.05690912 -0.05131746
0.19700157 1.00000000 0.15532864 0.27641386 0.11185297 0.24254674 0.23024915 0.20592385 0.24195138 0.25127181 0.20883534 0.22550453 0.14555173 0.16217572 0.06526516 0.06518059 0.10873344 0.06446391 0.07259887 0.06193404 0.03891725 0.07327673 0.10480243 0.05918392 0.05518940 0.15960906 -0.03757898 -0.01199985 0.11806106 0.04494480 -0.05015368 0.03036438 0.04035541 0.13125211 0.05409863 0.09691883 0.04913578 -0.04382277 -0.08450206 -0.03344412 -0.01520843 0.11103007 0.01248986 0.03014312 0.02707841 -0.06461494 0.07006170 0.00961376 0.02061407 0.14131563 -0.04318215 -0.07318488 -0.02104795 -0.07606073 0.02159904 0.09734256 0.09608236 0.06323595 -0.03065338 0.01834931 -0.02021403 0.02553422 0.02039994 -0.04093379 0.11068747 -0.05679715 -0.06432238 -0.00940602 0.02847230 0.04157458 -0.16570794 -0.07458975 -0.07672677 -0.04857433 -0.09405037 -0.08029680 -0.09683674 -0.13787011
0.24095221 0.15532864 1.00000000 0.18163410 0.19295170 0.23481091 0.22238299 0.20585057 0.25806859 0.12834606 0.25418178 0.12536227 0.12369877 0.13614103 0.01213416 -0.03268151 0.02698240 0.07225184 0.05064031 -0.00478611 -0.00645136 0.00848797 0.08564901 0.01904890 0.04796427 0.02823800 -0.10263494 0.00635809 0.04877779 0.00546681 -0.07012953 -0.03662800 0.10026687 0.04203527 -0.01522601 0.02925791 -0.00108240 -0.04227615 -0.13055587 0.04591321 0.03021676 0.10484627 0.06104867 0.08199346 0.04372150 0.07901537 0.07895713 0.08785827 0.01265784 0.01710451 0.09639989 0.07083345 0.02228524 0.04118182 -0.04559409 0.01749866 0.02228156 -0.00303201 -0.00426553 0.03619512 -0.01606495 -0.00735349 0.02208376 -0.02008389 0.04190761 -0.04735577 -0.01743548 0.00616689 0.01257133 0.01907391 -0.07022515 0.00410918 -0.07896877 -0.00216218 -0.03027696 -0.10448728 -0.10280973 0.02016506
0.23143331 0.27641386 0.18163410 1.00000000 0.13779517 0.13991911 0.16911478 0.29498797 0.24973999 0.17209075 0.08331498 0.12197477 0.06018304 0.03967753 -0.06829815 -0.01441551 -0.00494262 -0.00215906 -0.02584044 -0.03203737 -0.00056639 -0.04838249 0.07043536 -0.00915593 -0.03108735 0.05342541 -0.07364738 -0.04408869 0.11456467 0.10915455 -0.14575684 0.06981470 0.05067215 0.11132810 0.13810516 0.07612039 0.14482226 0.01929537 -0.03293956 -0.12731216 0.04239644 0.08192704 -0.04003087 -0.02241128 -0.07420119 -0.13948366 0.02888922 0.03366095 -0.05314206 0.06505705 -0.09486300 -0.04610253 -0.05035166 -0.01977063 0.03136033 0.04281728 0.11695134 0.13321639 -0.05711811 -0.06634864 -0.05352717 -0.01085521 -0.01263461 -0.03428191 0.05333120 -0.02310889 -0.04115224 -0.03087954 -0.01930581 -0.00264030 -0.10359914 -0.14429440 -0.06018534 -0.08954102 -0.09386437 -0.14131432 -0.19545879 -0.13753683
0.19709927 0.11185297 0.19295170 0.13779517 1.00000000 0.18004148 0.18231651 0.19849590 0.27948566 0.13149553 0.18188953 0.14344198 0.12534600 0.04229122 -0.09706975 -0.07175347 -0.02211494 0.02741081 -0.01219613 0.02341907 -0.05136967 0.06589770 0.03568583 0.04302093 0.05974962 0.09207385 -0.07110212 0.03980343 0.12909420 0.04493523 -0.10145975 -0.03504729 0.09275813 0.08786511 -0.06251995 0.07760320 0.00449934 -0.06663389 -0.03956810 -0.02557552 -0.02248674 0.05894034 -0.00152444 -0.00339651 -0.10648373 -0.02958022 0.04839383 0.01341490 0.01646777 0.03519134 -0.05852531 0.01345496 0.05926028 0.00389228 0.00304824 0.12393263 0.03686339 0.06948121 0.10111280 0.02907948 0.01137300 -0.00362632 0.11009152 0.06404456 0.09290164 -0.08422711 0.00253745 -0.00872569 -0.04809888 0.01275258 -0.08221111 0.01849723 -0.04032935 -0.00509553 -0.08680328 -0.05731484 -0.05733582 -0.06110890
0.16552281 0.24254674 0.23481091 0.13991911 0.18004148 1.00000000 0.19931043 0.11259858 0.20650764 0.20716818 0.19211587 0.13756283 0.13298596 0.07114026 0.01806718 -0.04369847 0.05488179 0.04021957 0.04528029 0.01688943 -0.01029401 0.03447215 -0.01130869 0.01129073 0.06819562 0.04518525 0.00298347 -0.00551039 -0.02154987 -0.02304109 -0.00697690 -0.07036250 -0.02199418 0.00523647 -0.04663313 -0.04707385 -0.08532517 0.02947134 0.01439862 -0.00817678 0.02300619 0.03888521 -0.03842592 -0.00048969 -0.00156903 -0.05711223 -0.03554626 -0.04400468 0.03695622 0.00516450 -0.01850127 -0.07177214 -0.03243015 0.05315871 0.03827012 0.05350306 0.01632195 0.05997475 0.03109223 0.04172683 -0.02355930 0.01261036 0.04345086 0.00299116 0.05992427 -0.07347155 0.04156904 0.04966291 0.01948765 0.00933254 -0.00728024 0.04987837 -0.04947981 -0.06965331 -0.09070746 -0.00642249 0.01048376 -0.07373755
0.17138840 0.23024915 0.22238299 0.16911478 0.18231651 0.19931043 1.00000000 0.17358169 0.20565685 0.18064144 0.19189618 0.10661520 0.16763108 0.00971931 0.03853069 -0.00617627 0.12575726 0.07276164 0.08982612 0.04539552 0.02781087 0.10046028 0.03910431 0.03910039 0.08014280 0.01616023 -0.06708711 -0.04216117 -0.03426790 -0.04316552 -0.01473795 -0.03581495 -0.03150510 -0.02389909 -0.06019816 -0.01432805 -0.07619975 0.02967607 0.01499381 0.01992411 -0.03101311 -0.00137023 0.00347027 0.01742109 0.02645217 -0.04086152 0.05854078 -0.04889337 0.04548516 0.00758021 -0.03118234 -0.03306531 0.04584698 0.00151291 0.02269916 0.01041471 -0.04143442 0.04009633 0.02722166 -0.05984041 -0.04548201 0.02491148 0.01707070 -0.03646983 0.01992755 -0.03706489 0.00564349 0.06364498 -0.03164807 -0.07243924 0.00216342 -0.01058311 -0.02290988 -0.00721980 -0.05291307 0.00335120 0.05473141 -0.04575808
0.14346202 0.20592385 0.20585057 0.29498797 0.19849590 0.11259858 0.17358169 1.00000000 0.17134380 0.18675510 0.17124066 0.21895218 0.14027849 0.04785137 -0.00622614 0.01656579 0.00335811 0.02390025 0.04249204 0.01170993 0.03124655 -0.00936390 0.08186973 0.04626825 -0.06639176 0.07132827 -0.05469470 -0.06789514 0.04672645 -0.00311372 -0.07732066 -0.03467071 -0.04997623 0.04938270 0.06473064 -0.00839049 0.06054121 -0.05177184 -0.03494459 -0.08462168 -0.06887167 0.03579862 -0.04534089 -0.00161194 -0.10907118 -0.09772253 -0.04950962 0.05717332 -0.02563584 0.02332431 -0.09823199 -0.06122696 -0.02614404 -0.00889732 0.00452114 0.06352471 0.03907874 0.04739423 0.06800084 0.04477270 0.02721927 -0.05515139 -0.01021582 -0.02892453 0.13357497 -0.01365491 -0.00427488 -0.09551485 -0.01649214 -0.01251753 -0.09183060 -0.04894891 -0.13356013 0.01086827 -0.08306344 -0.03253531 -0.10008409 -0.08024586
0.10373557 0.24195138 0.25806859 0.24973999 0.27948566 0.20650764 0.20565685 0.17134380 1.00000000 0.28778139 0.16565536 0.16390862 0.19683188 0.08248048 0.08944956 0.03156322 0.05660383 0.01710244 0.04075463 -0.01120131 -0.02836224 0.00653902 0.10864193 -0.03360320 -0.01169772 0.04167583 -0.09811108 -0.06780862 0.08049499 -0.00544544 -0.11590731 -0.01355966 0.06791813 0.07644199 -0.10426062 0.04412296 0.04525566 0.02380380 -0.10044093 -0.04424557 -0.00497156 -0.03291738 0.05333426 0.02756948 -0.01468832 0.00077914 0.04754605 0.00888886 0.01620057 0.03307966 -0.07647455 -0.05219662 -0.00402263 -0.04018616 -0.05379496 0.09207352 0.07163161 0.09240496 0.04211249 0.04211332 -0.08600209 0.10010246 0.12531335 -0.01205951 0.02301547 -0.03979663 -0.05969701 -0.00784468 -0.02849301 0.00736898 -0.14754620 -0.07654230 -0.05449206 -0.01982269 -0.08136020 -0.05223667 -0.14647436 -0.04608665
0.17647762 0.25127181 0.12834606 0.17209075 0.13149553 0.20716818 0.18064144 0.18675510 0.28778139 1.00000000 0.20863984 0.19540521 0.25226860 -0.01833379 -0.00677359 0.01418044 -0.00483122 -0.00485667 0.00666957 -0.06157405 -0.07084843 -0.06306645 0.00024806 -0.05621840 -0.07151593 -0.03319484 -0.04100113 -0.04186395 -0.04238866 -0.05467495 -0.03458561 -0.00592688 -0.09026042 -0.02148439 -0.06765803 -0.02147545 0.00279249 -0.02953175 -0.05840273 -0.02446518 -0.02396795 0.03272775 -0.05343729 -0.05179024 -0.01927594 -0.07894890 -0.03261551 0.03607978 0.00068149 -0.00051535 -0.07789764 -0.09836843 -0.02598798 0.05569907 0.00564536 0.03834935 0.05336070 0.04726804 0.04598266 0.00197289 0.03849432 -0.00250755 0.11600321 -0.00201552 0.05383947 -0.02304731 -0.03025562 -0.04884145 -0.05482184 -0.10312324 -0.05685770 0.00475538 -0.04057355 -0.08670248 -0.00240580 -0.02474160 -0.08864416 -0.08909682
0.12695479 0.20883534 0.25418178 0.08331498 0.18188953 0.19211587 0.19189618 0.17124066 0.16565536 0.20863984 1.00000000 0.28196017 0.19391643 0.03825138 0.03829254 -0.07050884 0.04027415 0.09099725 0.02920450 -0.01667831 -0.03662173 -0.00508918 0.05552689 -0.01714673 0.01285450 0.02793747 -0.09624626 -0.17486701 0.01720504 -0.01166730 -0.09434508 -0.05187474 -0.05537742 0.00097747 -0.03447196 0.03158536 0.00400227 -0.01417142 -0.08255739 0.03252349 0.01362441 0.04960299 0.01318155 0.02646655 -0.05737739 0.00791758 0.05995029 0.01335505 0.04812531 0.06310738 0.00920123 0.00955109 0.03635159 -0.05308034 -0.00334965 0.12074081 0.03261004 0.09808657 0.06073065 0.05767424 -0.00184819 0.06275681 0.06882659 0.05843893 0.04887252 -0.08680631 -0.01712310 0.00025229 -0.01689966 -0.04115399 -0.07592312 -0.04932261 -0.03904451 0.00659199 -0.09631367 -0.04268371 -0.06597720 -0.10393203
0.11449456 0.22550453 0.12536227 0.12197477 0.14344198 0.13756283 0.10661520 0.21895218 0.16390862 0.19540521 0.28196017 1.00000000 0.22664147 0.02384722 -0.01892597 -0.02241328 -0.02730746 0.03295269 -0.04679469 0.01504470 -0.02300051 -0.08979665 0.00045111 0.02437137 -0.03238315 0.08076813 -0.03990457 -0.07124208 0.05955382 -0.00531153 -0.07462021 0.00664691 0.07317100 -0.00317665 -0.01033709 0.01267080 0.02911073 -0.05532939 -0.06746348 0.02361346 0.04862413 0.04284343 0.00389453 0.03371903 -0.01670444 -0.03515781 -0.01333544 0.11301948 0.08769954 0.08729072 -0.02283428 0.01058763 -0.02786848 -0.09358738 0.04597945 0.09790340 0.02121665 0.07205765 -0.06813638 0.07100114 -0.03665017 0.00236590 -0.04359098 -0.01538351 0.02963823 0.00679947 -0.05694745 0.00409507 0.02534403 0.00624185 -0.08130301 -0.02528780 -0.00508615 0.00591964 -0.06315633 -0.05058354 -0.08997902 0.00139020
0.13468007 0.14555173 0.12369877 0.06018304 0.12534600 0.13298596 0.16763108 0.14027849 0.19683188 0.25226860 0.19391643 0.22664147 1.00000000 -0.02021906 0.09522634 -0.07961339 0.05289790 -0.04662400 0.02158895 -0.05127995 -0.02623387 -0.01756737 -0.01988692 -0.09706677 -0.02028027 -0.03482594 0.04826478 -0.03182956 -0.05450329 -0.02342884 -0.00453991 0.06373313 0.02989441 -0.05627787 -0.06888579 -0.04261490 -0.15459294 -0.02876279 0.03411913 -0.01492804 -0.07514035 0.03187727 -0.04763920 -0.01958663 0.04568624 -0.01822929 -0.03194527 0.00096025 -0.04305677 0.05136786 -0.00232070 -0.04349172 -0.00460930 -0.03916153 -0.01104708 -0.04443297 -0.03253724 -0.07922798 0.01138875 -0.08150570 -0.03124392 -0.01859553 0.00686384 0.04632223 -0.01674301 0.01678024 -0.01370085 0.05554594 0.07616283 -0.05698479 -0.00625836 0.05936115 0.03092226 0.08448958 0.09062339 0.11583754 0.02594194 -0.02877432
0.00231297 0.16217572 0.13614103 0.03967753 0.04229122 0.07114026 0.00971931 0.04785137 0.08248048 -0.01833379 0.03825138 0.02384722 -0.02021906 1.00000000 0.30950719 0.19741304 0.24875107 0.34441986 0.23994538 0.23303696 0.22092410 0.10648129 0.31666182 0.18052161 0.27794555 0.36943027 0.02360613 0.11162723 0.17545904 0.08046520 -0.05400398 -0.01832142 0.17588135 0.15848686 0.16577403 0.10140804 0.11922619 -0.03900500 0.00465997 0.02862484 0.07105472 0.12524387 0.01463008 0.15843448 -0.03979608 0.11620439 0.10870965 0.01604867 0.10177762 0.04011226 0.09664499 0.04508620 -0.09694990 -0.07706736 -0.01797400 -0.00627414 -0.06814172 -0.04093382 -0.07400157 0.02694052 -0.07945966 0.07537394 -0.06983087 -0.12641347 -0.09905921 -0.04505729 -0.00905030 0.03725802 -0.04199808 0.07414360 0.00788212 0.01133372 -0.04395881 0.00555814 -0.06419897 -0.03906892 0.05657174 0.02698548
-0.06445330 0.06526516 0.01213416 -0.06829815 -0.09706975 0.01806718 0.03853069 -0.00622614 0.08944956 -0.00677359 0.03829254 -0.01892597 0.09522634 0.30950719 1.00000000 0.15465268 0.27339636 0.22369490 0.23847250 0.17910721 0.19525046 0.25654599 0.18152166 0.09305772 0.17154782 0.27830418 0.07840458 0.06745570 -0.04630713 0.00334377 0.05409492 0.03094886 -0.03629607 0.03676109 0.04224454 0.06984681 -0.00085458 0.04316110 0.10077180 0.11173244 0.01884745 0.03177130 0.04649608 0.07886334 0.11781069 0.07299412 0.04568866 -0.09537957 0.06681561 0.05288489 0.06090036 -0.00132067 -0.00674876 -0.04592656 -0.09678075 -0.04188688 -0.12527311 -0.06261678 -0.04228816 -0.06110156 -0.09980269 0.07297961 -0.05321053 -0.05873094 -0.06232637 -0.05730335 0.02086130 0.03916934 0.05519094 0.00191885 -0.01250294 0.11794194 0.07640184 0.04110014 0.01171171 0.05873869 0.09659833 -0.01872574
-0.04830304 0.06518059 -0.03268151 -0.01441551 -0.07175347 -0.04369847 -0.00617627 0.01656579 0.03156322 0.01418044 -0.07050884 -0.02241328 -0.07961339 0.19741304 0.15465268 1.00000000 0.13778217 0.23481753 0.16649704 0.17689336 0.10440457 0.17221702 0.24137151 0.22309480 0.11926687 0.31854505 -0.06949084 -0.02253333 0.00329666 -0.02352647 -0.09900806 -0.10191614 -0.02114313 0.01420256 0.07311508 0.05512567 0.05620600 -0.05673603 -0.07084216 -0.00417385 -0.03434285 0.03712050 0.02763756 0.14717192 0.06261775 0.06088597 0.01280835 0.06950495 -0.01532615 -0.02740232 0.06716223 0.03976136 0.08172952 0.03130288 0.05899796 -0.02378797 -0.00601226 -0.02443567 0.07456887 0.04237506 -0.06902585 -0.02874773 0.01478871 -0.09796654 0.04120806 -0.07770824 -0.06368498 0.00048986 -0.05293496 -0.02079291 -0.04061130 -0.09676927 -0.03788444 0.02856724 -0.02834207 -0.05972117 0.00120798 0.01418634
-0.05877346 0.10873344 0.02698240 -0.00494262 -0.02211494 0.05488179 0.12575726 0.00335811 0.05660383 -0.00483122 0.04027415 -0.02730746 0.05289790 0.24875107 0.27339636 0.13778217 1.00000000 0.14087425 0.38564356 0.25949295 0.25754875 0.27615293 0.14775334 0.28807987 0.27361325 0.20592601 0.04233348 0.03701816 0.00017340 -0.02189470 0.03977890 0.04150061 0.03191678 0.14184746 0.08923508 0.08074553 -0.00730527 0.10683137 0.09116040 0.01811084 -0.01257700 0.04059809 -0.00499138 0.04753507 0.06885050 0.03402396 0.01702336 -0.09395621 0.05077011 0.02101789 0.14399521 -0.00872788 -0.04490058 -0.02882264 -0.06136843 -0.07806107 -0.08575162 -0.14440663 -0.07915402 -0.04609328 -0.19305014 0.06611458 -0.07720549 -0.10000585 -0.07256048 -0.01470752 0.09558500 0.11950824 0.01463979 0.03843463 0.07456673 0.11843590 0.09082649 0.06331809 0.05166911 0.07490840 0.10983329 0.02623502
0.06508092 0.06446391 0.07225184 -0.00215906 0.02741081 0.04021957 0.07276164 0.02390025 0.01710244 -0.00485667 0.09099725 0.03295269 -0.04662400 0.34441986 0.22369490 0.23481753 0.14087425 1.00000000 0.28717354 0.25863100 0.16703140 0.23145245 0.31821779 0.19881228 0.18472147 0.27461983 -0.03627252 -0.01772815 0.08137516 -0.05807188 -0.01363274 -0.10937990 0.03035189 0.00997041 0.06599364 0.11025108 0.08510506 -0.00580192 0.03937355 0.01514288 0.11275655 0.00267891 -0.03645492 0.07497246 -0.03168990 0.01106361 0.02409292 0.00246754 0.14325609 0.06244221 0.06796593 -0.02306503 -0.04447670 -0.04339024 0.03422936 0.00669221 0.01065216 -0.00976891 -0.03069295 -0.03983178 0.00996643 0.07404554 -0.06913497 -0.00358478 -0.01942195 -0.14325809 -0.05690940 0.10793784 -0.07965807 0.05673120 -0.01672195 -0.07097490 0.02249035 0.07976669 -0.11407194 0.00362319 0.05792892 -0.00961236
-0.01695836 0.07259887 0.05064031 -0.02584044 -0.01219613 0.04528029 0.08982612 0.04249204 0.04075463 0.00666957 0.02920450 -0.04679469 0.02158895 0.23994538 0.23847250 0.16649704 0.38564356 0.28717354 1.00000000 0.25038000 0.12244243 0.19603890 0.19966889 0.18655936 0.20210459 0.25802395 0.04867787 0.02387716 0.02864167 0.00930830 0.11218221 -0.06868844 0.04089838 0.08124708 0.07170823 0.09357241 0.00217026 0.12085171 0.12106270 0.04379120 0.05369387 0.06335577 -0.01077529 0.01426912 -0.01771883 0.06723410 0.05546985 -0.06658665 0.02941436 0.00396031 0.11022797 -0.03629632 -0.00963197 -0.00835166 -0.01991972 -0.11250443 -0.06102802 -0.14219462 -0.02643435 -0.01641074 -0.18532724 0.07440401 -0.08251901 -0.06009649 -0.08608125 -0.01911950 0.02086031 0.08612612 -0.02683132 0.07258878 0.02640046 0.07811293 0.06495646 0.02043575 -0.00052482 0.05525642 0.07116521 0.06796412
-0.01226256 0.06193404 -0.00478611 -0.03203737 0.02341907 0.01688943 0.04539552 0.01170993 -0.01120131 -0.06157405 -0.01667831 0.01504470 -0.05127995 0.23303696 0.17910721 0.17689336 0.25949295 0.25863100 0.25038000 1.00000000 0.26913179 0.23296539 0.18629216 0.31279365 0.30485705 0.27205873 0.01008409 0.05327471 0.01070091 -0.05601925 0.00472875 -0.04939125 0.07295173 0.04503757 0.04661603 0.04205155 -0.04192505 0.04467631 0.11975033 0.04698109 0.01383779 0.04209374 -0.03673708 0.02231890 0.03665956 0.02456019 0.01875356 -0.05638578 0.05201396 -0.00993499 0.05649528 -0.04329521 -0.01864831 -0.05890844 -0.05247428 -0.08631248 -0.12820365 -0.04822492 -0.08761059 -0.10190381 -0.09931342 0.02860204 -0.11368148 -0.05030813 -0.10248208 -0.03175701 0.01076700 0.12709183 0.00511113 0.08603132 0.10008088 0.03411966 0.12439201 0.02316549 0.03750120 0.09251854 0.11840189 -0.01541321
0.00441900 0.03891725 -0.00645136 -0.00056639 -0.05136967 -0.01029401 0.02781087 0.03124655 -0.02836224 -0.07084843 -0.03662173 -0.02300051 -0.02623387 0.22092410 0.19525046 0.10440457 0.25754875 0.16703140 0.12244243 0.26913179 1.00000000 0.24749571 0.19693971 0.24853449 0.24045315 0.15784474 0.01957701 0.06628975 -0.01295335 0.05507181 0.02100496 0.08102376 0.04124025 -0.01051745 0.11224524 0.10241048 0.04388781 -0.00939353 0.12024065 0.03684236 -0.03284366 0.04966685 -0.01706642 0.07289587 0.05542280 0.03216951 0.03498688 0.01365119 -0.00793364 -0.07965449 0.13655389 -0.02440875 0.06279955 -0.04274994 -0.00048823 -0.05271117 -0.00913771 -0.04009447 -0.11006588 -0.01299419 -0.07725917 0.01610871 -0.04775292 -0.06927327 -0.02953222 -0.07630090 0.06203692 0.09016844 0.03459805 0.00597123 0.09683777 0.08363483 0.01044708 0.04893003 0.01983588 0.12156359 0.15204963 0.04894448
0.00031414 0.07327673 0.00848797 -0.04838249 0.06589770 0.03447215 0.10046028 -0.00936390 0.00653902 -0.06306645 -0.00508918 -0.08979665 -0.01756737 0.10648129 0.25654599 0.17221702 0.27615293 0.23145245 0.19603890 0.23296539 0.24749571 1.00000000 0.15981861 0.26242136 0.38915980 0.28316564 -0.03617376 0.06186174 -0.02797388 -0.04978207 0.01716642 -0.02673944 0.04889164 0.01684094 0.03167880 0.05982771 -0.04781897 0.07645621 0.04005990 0.00892680 0.02290140 0.00432946 -0.05890558 0.00823598 0.08106134 -0.02514929 0.05157736 -0.13661173 -0.03744954 -0.03926716 0.10820998 -0.07832894 -0.00799965 0.00771838 -0.08432564 -0.04049373 -0.03401656 -0.09328964 -0.11186836 0.03884867 -0.05585180 0.00098213 -0.03261971 -0.03816750 -0.11913111 -0.03760170 0.03256178 0.15016824 -0.04180074 0.05076195 0.08645414 0.08563872 0.08252345 0.00168408 0.07212311 0.06180457 0.14279008 0.00203366
0.06329274 0.10480243 0.08564901 0.07043536 0.03568583 -0.01130869 0.03910431 0.08186973 0.10864193 0.00024806 0.05552689 0.00045111 -0.01988692 0.31666182 0.18152166 0.24137151 0.14775334 0.31821779 0.19966889 0.18629216 0.19693971 0.15981861 1.00000000 0.17713950 0.08565161 0.25362893 -0.10720194 -0.05575272 0.12520403 -0.01942420 -0.11639895 -0.02063161 0.10781329 0.08186721 0.06974469 0.14491500 0.18074378 -0.06969962 -0.11968819 -0.03769910 0.01393020 0.01297279 0.05295788 0.19257227 -0.05382127 0.03610424 0.05628809 0.10473409 0.08563878 0.05796419 0.01157319 0.02282445 0.01564092 -0.02147093 0.07892563 0.05987265 0.10899032 0.05994521 0.06620116 0.01843509 -0.01373234 0.08411593 0.02439633 -0.06055033 0.10428083 -0.03961954 -0.05455941 -0.01213870 -0.04140473 0.04740232 -0.04341356 -0.12868403 -0.04101630 -0.04367592 -0.13272846 -0.05096472 -0.03176290 -0.01411303
-0.00799249 0.05918392 0.01904890 -0.00915593 0.04302093 0.01129073 0.03910039 0.04626825 -0.03360320 -0.05621840 -0.01714673 0.02437137 -0.09706677 0.18052161 0.09305772 0.22309480 0.28807987 0.19881228 0.18655936 0.31279365 0.24853449 0.26242136 0.17713950 1.00000000 0.12189014 0.28906891 -0.04555538 -0.01106087 0.06558524 -0.00568750 0.00155908 -0.02148170 0.15842961 0.13179533 0.12506329 0.12559689 0.04713952 0.02361119 -0.00193296 0.03026478 0.03594307 0.08154096 -0.03747417 0.12686408 0.02243188 0.01617698 0.05316209 0.05609767 0.03895240 0.02644639 0.04746392 -0.02323748 0.01946021 0.00931952 -0.00272116 0.04464385 0.02997229 -0.03007090 0.01368819 0.02075710 -0.03205633 0.04813200 -0.05731998 -0.05680283 -0.02235244 -0.02954602 -0.01445235 0.09228072 -0.04887467 0.04821765 -0.04003090 0.00881845 0.00060777 -0.03128510 -0.00212013 -0.02596890 0.00789279 0.00055793
0.07505429 0.05518940 0.04796427 -0.03108735 0.05974962 0.06819562 0.08014280 -0.06639176 -0.01169772 -0.07151593 0.01285450 -0.03238315 -0.02028027 0.27794555 0.17154782 0.11926687 0.27361325 0.18472147 0.20210459 0.30485705 0.24045315 0.38915980 0.08565161 0.12189014 1.00000000 0.18134957 -0.02845355 0.10951186 0.00835910 -0.00403310 -0.01355564 -0.00333538 0.09496110 0.00959035 0.01809184 0.01012896 -0.00421130 0.06375375 0.10733896 0.06480749 -0.00499746 0.03721155 -0.04871060 -0.01857999 -0.00158524 0.01064180 0.03692258 -0.06328916 0.00122160 -0.03528658 0.13861034 -0.06625312 -0.06371718 -0.01908100 0.00033876 -0.04833995 -0.13765039 -0.11716797 -0.06799677 0.00894942 -0.11066378 0.05052401 0.01586829 -0.02217117 -0.07234382 0.02804849 0.01098729 0.20391597 0.05958289 0.08601629 0.11106560 0.10351796 0.06104522 0.05518858 0.05655264 0.06474725 0.17037849 0.05891891
0.09173378 0.15960906 0.02823800 0.05342541 0.09207385 0.04518525 0.01616023 0.07132827 0.04167583 -0.03319484 0.02793747 0.08076813 -0.03482594 0.36943027 0.27830418 0.31854505 0.20592601 0.27461983 0.25802395 0.27205873 0.15784474 0.28316564 0.25362893 0.28906891 0.18134957 1.00000000 -0.03627564 0.03044112 0.12479693 0.05318174 -0.07722728 -0.04931167 0.13277375 0.14142517 0.12657550 0.17973063 0.06730472 -0.02551324 0.03662294 0.02282151 0.08223389 0.07087419 -0.00951317 0.15583455 -0.03630290 0.08044573 0.10565586 0.04870298 0.06986466 0.03316772 0.04908649 -0.03776062 -0.02283370 -0.03228822 0.02935894 0.06980655 -0.01614072 0.01739259 0.03177174 0.00481258 -0.02784569 0.04067344 -0.01268999 -0.11679441 0.01029677 -0.11333014 0.05677813 0.07023104 -0.02998994 0.01960387 -0.03251571 -0.07419374 -0.00503623 -0.00045944 -0.14609060 -0.03682794 -0.00409366 -0.00118657
-0.04449346 -0.03757898 -0.10263494 -0.07364738 -0.07110212 0.00298347 -0.06708711 -0.05469470 -0.09811108 -0.04100113 -0.09624626 -0.03990457 0.04826478 0.02360613 0.07840458 -0.06949084 0.04233348 -0.03627252 0.04867787 0.01008409 0.01957701 -0.03617376 -0.10720194 -0.04555538 -0.02845355 -0.03627564 1.00000000 0.22510818 -0.09756647 0.08943102 0.26941005 0.06165508 0.06321890 0.10173859 0.11490852 0.10844393 -0.04025064 0.13030246 0.29522703 0.07457175 -0.07194852 0.00596208 -0.06776651 -0.12394439 0.02272640 0.03575294 -0.16069074 -0.15544632 -0.00401044 -0.07002731 -0.03966337 0.00143525 0.02379671 0.01930875 -0.01724294 -0.08467455 -0.01194620 -0.05523582 -0.02013553 -0.03635239 -0.04941253 -0.05623744 -0.06420920 0.00602814 -0.08325375 0.08355652 0.03492409 0.01780074 0.09502647 -0.00344073 -0.00057723 0.08497367 0.04600458 0.01471048 0.07102158 0.12344195 0.01430982 -0.04550164
-0.01066699 -0.01199985 0.00635809 -0.04408869 0.03980343 -0.00551039 -0.04216117 -0.06789514 -0.06780862 -0.04186395 -0.17486701 -0.07124208 -0.03182956 0.11162723 0.06745570 -0.02253333 0.03701816 -0.01772815 0.02387716 0.05327471 0.06628975 0.06186174 -0.05575272 -0.01106087 0.10951186 0.03044112 0.22510818 1.00000000 0.07930490 0.17209077 0.33737708 0.22780896 0.22317989 0.02581545 0.14915537 0.13650965 0.13359008 0.08023105 0.25706687 -0.01509423 -0.01321220 -0.00586988 -0.06383050 -0.06573864 0.04374668 -0.08620145 -0.07491128 -0.08970844 -0.04571024 -0.01651649 0.04007742 -0.02615190 0.01957611 0.03878473 -0.01650921 -0.15139317 -0.06956931 -0.04927167 -0.05078011 -0.10853421 -0.07320729 0.01617130 -0.07424169 -0.05560563 -0.04114639 0.02988897 0.05617018 0.07101550 -0.00576904 0.00729165 0.04298139 0.15333866 0.00741249 0.04355621 -0.02093644 0.00139062 0.00142810 0.06855289
0.02019897 0.11806106 0.04877779 0.11456467 0.12909420 -0.02154987 -0.03426790 0.04672645 0.08049499 -0.04238866 0.01720504 0.05955382 -0.05450329 0.17545904 -0.04630713 0.00329666 0.00017340 0.08137516 0.02864167 0.01070091 -0.01295335 -0.02797388 0.12520403 0.06558524 0.00835910 0.12479693 -0.09756647 0.07930490 1.00000000 0.13949105 -0.03869405 0.18457578 0.32155744 0.23317070 0.06776362 0.10547045 0.25386824 0.09735102 -0.02173110 -0.05644568 0.09516993 0.08029717 0.07222044 0.12847402 -0.08659067 -0.00418983 0.08954662 0.11144524 0.09817109 0.08983022 0.05178857 0.10334281 -0.11089774 -0.12896854 0.03024594 0.15354787 0.08139574 -0.01924234 0.00265729 0.10818056 -0.02231088 0.02199088 0.02484713 -0.02434510 0.01603097 -0.06584747 -0.04615043 -0.01801995 -0.08472788 0.10367319 -0.10493265 -0.08952593 -0.02222740 -0.05854620 -0.15133075 -0.13540283 -0.07393860 -0.00349905
0.01036431 0.04494480 0.00546681 0.10915455 0.04493523 -0.02304109 -0.04316552 -0.00311372 -0.00544544 -0.05467495 -0.01166730 -0.00531153 -0.02342884 0.08046520 0.00334377 -0.02352647 -0.02189470 -0.05807188 0.00930830 -0.05601925 0.05507181 -0.04978207 -0.01942420 -0.00568750 -0.00403310 0.05318174 0.08943102 0.17209077 0.13949105 1.00000000 0.07854199 0.12170057 0.26215853 0.11416161 0.25271019 0.23362020 0.19964741 0.09198570 0.19599602 0.05167345 0.02273197 0.04852220 0.00424541 0.02888884 0.11787199 -0.06503747 0.06073982 0.00382390 0.03296708 0.02761497 0.07618083 0.09532626 0.08468811 -0.04533664 -0.01722279 -0.01481291 0.06391042 -0.00781696 0.01131048 -0.01097346 -0.02354073 0.07822748 0.05224228 -0.02673911 -0.03616014 0.06149282 -0.03699162 -0.06020345 0.01964478 0.02190206 -0.03673225 -0.01617957 -0.03703708 -0.03824025 -0.01237372 0.04041818 0.00396283 -0.10733617
-0.08775047 -0.05015368 -0.07012953 -0.14575684 -0.10145975 -0.00697690 -0.01473795 -0.07732066 -0.11590731 -0.03458561 -0.09434508 -0.07462021 -0.00453991 -0.05400398 0.05409492 -0.09900806 0.03977890 -0.01363274 0.11218221 0.00472875 0.02100496 0.01716642 -0.11639895 0.00155908 -0.01355564 -0.07722728 0.26941005 0.33737708 -0.03869405 0.07854199 1.00000000 0.17250040 0.07845848 0.11623530 0.08466732 0.11272446 -0.10347759 0.31534783 0.28669594 0.08192185 0.04897771 0.03676732 -0.05713671 -0.08862909 0.10267863 0.02997087 -0.10614931 -0.19506999 -0.02612117 -0.01821522 0.07295621 -0.07371926 0.06323594 0.00386127 -0.00442962 -0.26340069 -0.05831351 -0.15132707 -0.02109512 -0.04528513 -0.06951262 0.00735269 -0.05982538 0.04328003 -0.09168158 0.00872496 0.08692271 0.13221543 0.04558710 -0.03011159 0.10797618 0.15951241 0.05241880 -0.03123347 0.11771489 0.13450637 0.16777024 0.09712712
0.00385426 0.03036438 -0.03662800 0.06981470 -0.03504729 -0.07036250 -0.03581495 -0.03467071 -0.01355966 -0.00592688 -0.05187474 0.00664691 0.06373313 -0.01832142 0.03094886 -0.10191614 0.04150061 -0.10937990 -0.06868844 -0.04939125 0.08102376 -0.02673944 -0.02063161 -0.02148170 -0.00333538 -0.04931167 0.06165508 0.22780896 0.18457578 0.12170057 0.17250040 1.00000000 0.13233667 0.13801289 0.11226705 0.10704618 0.08718677 0.16977688 0.12092896 -0.07468380 -0.02383233 0.07635102 0.02442361 -0.03079905 0.11453578 -0.01772908 0.01197076 0.00242737 -0.03691204 0.06250726 0.09160366 0.03747024 -0.01485766 -0.00343471 0.03878501 -0.09760807 -0.02835095 -0.09516787 -0.08124224 0.00298801 0.02428434 0.00889426 -0.07427354 -0.03969715 0.03011529 0.04296850 0.00373504 0.10653442 0.02579462 0.00653262 -0.01492919 0.05577758 0.01436004 -0.00786052 0.05732960 0.02116512 0.04768279 0.01906853
0.08716653 0.04035541 0.10026687 0.05067215 0.09275813 -0.02199418 -0.03150510 -0.04997623 0.06791813 -0.09026042 -0.05537742 0.07317100 0.02989441 0.17588135 -0.03629607 -0.02114313 0.03191678 0.03035189 0.04089838 0.07295173 0.04124025 0.04889164 0.10781329 0.15842961 0.09496110 0.13277375 0.06321890 0.22317989 0.32155744 0.26215853 0.07845848 0.13233667 1.00000000 0.22093669 0.13324119 0.21724256 0.12375652 0.14940916 0.07564516 0.02291235 0.08819205 0.08841239 -0.01770965 0.14854810 0.04067835 -0.01678023 0.09347091 0.02082945 -0.00347477 -0.05245917 0.07291468 0.00718174 -0.00700823 0.01138780 -0.07430501 -0.06900656 0.03758350 -0.08490638 -0.06632665 -0.01307462 -0.07240267 0.06232960 -0.02024375 -0.00516737 -0.12578981 0.07258583 -0.01410953 0.09089549 -0.09064612 0.02941994 -0.00965296 0.08089245 0.04033410 0.01635349 0.03052037 -0.02405633 0.03653951 -0.00687189
0.03546749 0.13125211 0.04203527 0.11132810 0.08786511 0.00523647 -0.02389909 0.04938270 0.07644199 -0.02148439 0.00097747 -0.00317665 -0.05627787 0.15848686 0.03676109 0.01420256 0.14184746 0.00997041 0.08124708 0.04503757 -0.01051745 0.01684094 0.08186721 0.13179533 0.00959035 0.14142517 0.10173859 0.02581545 0.23317070 0.11416161 0.11623530 0.13801289 0.22093669 1.00000000 0.25864289 0.34646714 0.21475051 0.11174245 0.04358245 -0.02849284 0.09199772 0.07464988 0.00422476 0.12651701 -0.01481923 0.00758123 0.02081199 0.02614386 0.01532189 0.04345231 0.06533788 0.03367966 -0.01179864 0.03120932 -0.04124903 -0.01413564 0.05879710 -0.06262607 -0.06062029 0.01037339 0.05833370 0.06004291 -0.00830473 -0.07707234 -0.01761984 0.05628156 -0.02517669 0.00391630 -0.02503949 0.04847821 0.01693335 0.00111291 0.00725109 -0.00987308 -0.03475635 -0.11669071 -0.06084338 -0.01846463
-0.02188986 0.05409863 -0.01522601 0.13810516 -0.06251995 -0.04663313 -0.06019816 0.06473064 -0.10426062 -0.06765803 -0.03447196 -0.01033709 -0.06888579 0.16577403 0.04224454 0.07311508 0.08923508 0.06599364 0.07170823 0.04661603 0.11224524 0.03167880 0.06974469 0.12506329 0.01809184 0.12657550 0.11490852 0.14915537 0.06776362 0.25271019 0.08466732 0.11226705 0.13324119 0.25864289 1.00000000 0.15404532 0.17486530 0.04031272 0.20671772 0.00319850 0.03440094 0.06825417 -0.05139294 0.05866535 -0.00863958 0.04439308 0.06126643 0.02252884 0.07334064 -0.00014810 0.02212655 0.02450980 0.03647268 0.02574164 -0.02507297 -0.00451651 0.04419291 -0.02896758 -0.06782768 -0.08289344 -0.02477480 0.00573669 -0.04947059 -0.08362392 -0.03508907 -0.01968451 0.01796836 -0.04246446 0.04253451 0.08139883 0.05197627 -0.07791405 -0.02946056 0.04972369 0.02237361 -0.10576097 -0.02186976 0.04126820
0.06408920 0.09691883 0.02925791 0.07612039 0.07760320 -0.04707385 -0.01432805 -0.00839049 0.04412296 -0.02147545 0.03158536 0.01267080 -0.04261490 0.10140804 0.06984681 0.05512567 0.08074553 0.11025108 0.09357241 0.04205155 0.10241048 0.05982771 0.14491500 0.12559689 0.01012896 0.17973063 0.10844393 0.13650965 0.10547045 0.23362020 0.11272446 0.10704618 0.21724256 0.34646714 0.15404532 1.00000000 0.27814698 0.11485850 0.16356313 0.04066865 0.05655360 0.05543877 0.05826087 0.12961138 0.09556487 0.05390896 0.07754538 0.02866783 0.03118801 0.00051850 0.08268256 0.04524510 0.03600025 -0.04053001 -0.01900083 -0.04767185 0.04723913 -0.05993584 -0.02296290 0.00884168 -0.04130281 -0.00095557 -0.04340518 -0.09991420 -0.02780091 0.03975267 0.03447551 0.03265923 -0.00813124 0.06027384 -0.09471499 -0.00199048 -0.00702717 -0.01277504 -0.02519089 -0.02246446 -0.02697533 -0.05550447
0.02737577 0.04913578 -0.00108240 0.14482226 0.00449934 -0.08532517 -0.07619975 0.06054121 0.04525566 0.00279249 0.00400227 0.02911073 -0.15459294 0.11922619 -0.00085458 0.05620600 -0.00730527 0.08510506 0.00217026 -0.04192505 0.04388781 -0.04781897 0.18074378 0.04713952 -0.00421130 0.06730472 -0.04025064 0.13359008 0.25386824 0.19964741 -0.10347759 0.08718677 0.12375652 0.21475051 0.17486530 0.27814698 1.00000000 0.02757374 -0.00657461 -0.06678698 0.05441484 0.01960505 0.08947280 0.14350768 -0.02791430 -0.01116885 0.01529689 0.11269617 0.05186933 0.01928076 -0.01121212 0.04040350 -0.00490740 0.01991004 0.10770149 0.08933587 0.16135753 0.09468888 0.02542389 0.06314610 0.05426908 0.09197208 0.03429621 -0.04434054 0.06746033 0.02198381 0.00529751 -0.06948985 -0.02989513 0.07254081 -0.03924406 -0.06731706 -0.05064874 -0.02414105 -0.14247938 -0.16652239 -0.10369533 -0.02948730
-0.03105094 -0.04382277 -0.04227615 0.01929537 -0.06663389 0.02947134 0.02967607 -0.05177184 0.02380380 -0.02953175 -0.01417142 -0.05532939 -0.02876279 -0.03900500 0.04316110 -0.05673603 0.10683137 -0.00580192 0.12085171 0.04467631 -0.00939353 0.07645621 -0.06969962 0.02361119 0.06375375 -0.02551324 0.13030246 0.08023105 0.09735102 0.09198570 0.31534783 0.16977688 0.14940916 0.11174245 0.04031272 0.11485850 0.02757374 1.00000000 0.27580464 0.07364843 -0.00145531 0.07464439 -0.05576277 0.02875544 0.07049345 0.07299960 0.05679784 -0.04197219 -0.00507432 0.11148245 0.13373249 -0.07164004 -0.08554287 -0.06098942 -0.06621767 -0.10858275 -0.05179650 -0.10080094 -0.06579389 -0.07079541 -0.10901810 -0.02144996 -0.07942509 -0.02169805 -0.09281151 0.01360128 0.10337465 0.10375054 0.03942047 -0.02814859 -0.00220449 0.02723450 0.06414066 -0.02346094 0.05758772 0.00521621 0.07903826 0.00725487
-0.01135891 -0.08450206 -0.13055587 -0.03293956 -0.03956810 0.01439862 0.01499381 -0.03494459 -0.10044093 -0.05840273 -0.08255739 -0.06746348 0.03411913 0.00465997 0.10077180 -0.07084216 0.09116040 0.03937355 0.12106270 0.11975033 0.12024065 0.04005990 -0.11968819 -0.00193296 0.10733896 0.03662294 0.29522703 0.25706687 -0.02173110 0.19599602 0.28669594 0.12092896 0.07564516 0.04358245 0.20671772 0.16356313 -0.00657461 0.27580464 1.00000000 0.06509839 0.02828124 0.03440040 -0.02092012 -0.10529699 0.07061225 0.03609766 -0.05659626 -0.16544522 0.04397845 -0.00635986 0.06465115 -0.06193320 0.01816869 0.00427952 -0.01869780 -0.13726744 -0.05164945 -0.09504644 -0.05122005 -0.07755143 -0.10440966 -0.01648277 -0.03989073 -0.01013982 -0.06832084 0.03978273 0.14820328 0.12421044 0.09811796 0.05660934 0.10137092 0.11143048 0.10718188 0.10527036 0.13808029 0.07632483 0.25391510 0.04588186
-0.00182612 -0.03344412 0.04591321 -0.12731216 -0.02557552 -0.00817678 0.01992411 -0.08462168 -0.04424557 -0.02446518 0.03252349 0.02361346 -0.01492804 0.02862484 0.11173244 -0.00417385 0.01811084 0.01514288 0.04379120 0.04698109 0.03684236 0.00892680 -0.03769910 0.03026478 0.06480749 0.02282151 0.07457175 -0.01509423 -0.05644568 0.05167345 0.08192185 -0.07468380 0.02291235 -0.02849284 0.00319850 0.04066865 -0.06678698 0.07364843 0.06509839 1.00000000 0.14169362 0.26038847 0.15635755 0.24649207 0.22876655 0.33411609 0.20818628 0.09512820 0.23385856 -0.00227597 0.17166833 0.25183616 0.04572926 -0.04863067 -0.00572997 0.00974698 -0.02804304 0.00015414 0.01980870 0.01903421 -0.03351985 0.02686747 0.04102273 0.03928132 -0.03694702 -0.02407780 -0.04938281 0.07960585 0.09621101 -0.01531495 -0.00275675 0.07167926 0.05164191 0.05336175 0.07721529 0.07376844 0.07510835 0.09393634
0.04270171 -0.01520843 0.03021676 0.04239644 -0.02248674 0.02300619 -0.03101311 -0.06887167 -0.00497156 -0.02396795 0.01362441 0.04862413 -0.07514035 0.07105472 0.01884745 -0.03434285 -0.01257700 0.11275655 0.05369387 0.01383779 -0.03284366 0.02290140 0.01393020 0.03594307 -0.00499746 0.08223389 -0.07194852 -0.01321220 0.09516993 0.02273197 0.04897771 -0.02383233 0.08819205 0.09199772 0.03440094 0.05655360 0.05441484 -0.00145531 0.02828124 0.14169362 1.00000000 0.03534921 0.26268582 0.19221269 0.14335098 0.13306194 0.14184108 0.15946620 0.17342723 0.13049099 0.06774579 0.13349819 -0.09770235 -0.05380230 -0.01771183 0.03725396 0.03711422 0.04726094 -0.00975141 0.00866058 -0.01622103 0.03414076 0.06702626 0.05272833 -0.12862593 -0.06269120 -0.00399909 -0.00978576 -0.00454019 -0.04630831 0.00168442 -0.08738559 -0.02509201 0.00260976 -0.04296874 -0.12429735 -0.04350227 -0.00227470
0.11499044 0.11103007 0.10484627 0.08192704 0.05894034 0.03888521 -0.00137023 0.03579862 -0.03291738 0.03272775 0.04960299 0.04284343 0.03187727 0.12524387 0.03177130 0.03712050 0.04059809 0.00267891 0.06335577 0.04209374 0.04966685 0.00432946 0.01297279 0.08154096 0.03721155 0.07087419 0.00596208 -0.00586988 0.08029717 0.04852220 0.03676732 0.07635102 0.08841239 0.07464988 0.06825417 0.05543877 0.01960505 0.07464439 0.03440040 0.26038847 0.03534921 1.00000000 0.04500631 0.15496504 0.10670709 0.20023600 0.18640612 0.17879653 0.02630045 0.15283878 0.14378815 0.11226490 0.01879274 -0.07355788 -0.00297140 0.03977017 -0.02210670 -0.00667572 -0.09615820 -0.05383951 -0.01218140 0.00606766 -0.03231368 -0.00414105 0.04984551 -0.05722849 0.01751252 0.09131517 -0.01580413 0.01447379 -0.03724387 0.04808486 0.01468093 -0.05018903 0.05085394 -0.03617610 0.04155656 0.09065515
0.02420303 0.01248986 0.06104867 -0.04003087 -0.00152444 -0.03842592 0.00347027 -0.04534089 0.05333426 -0.05343729 0.01318155 0.00389453 -0.04763920 0.01463008 0.04649608 0.02763756 -0.00499138 -0.03645492 -0.01077529 -0.03673708 -0.01706642 -0.05890558 0.05295788 -0.03747417 -0.04871060 -0.00951317 -0.06776651 -0.06383050 0.07222044 0.00424541 -0.05713671 0.02442361 -0.01770965 0.00422476 -0.05139294 0.05826087 0.08947280 -0.05576277 -0.02092012 0.15635755 0.26268582 0.04500631 1.00000000 0.13597478 0.11266531 0.17920049 0.20204748 0.11328536 0.18262200 0.02205356 0.04333029 0.12239219 -0.00425003 -0.09329342 0.02790110 0.04888326 -0.02284989 -0.04299505 -0.00581858 -0.09259339 -0.09417696 0.00370436 -0.01962430 0.01824472 -0.03050899 -0.03889896 -0.01239189 -0.00403449 -0.08148952 -0.06645085 -0.06993197 0.00412079 -0.07782364 0.00940240 -0.02075350 -0.07278688 -0.07815900 -0.06679025
0.06770895 0.03014312 0.08199346 -0.02241128 -0.00339651 -0.00048969 0.01742109 -0.00161194 0.02756948 -0.05179024 0.02646655 0.03371903 -0.01958663 0.15843448 0.07886334 0.14717192 0.04753507 0.07497246 0.01426912 0.02231890 0.07289587 0.00823598 0.19257227 0.12686408 -0.01857999 0.15583455 -0.12394439 -0.06573864 0.12847402 0.02888884 -0.08862909 -0.03079905 0.14854810 0.12651701 0.05866535 0.12961138 0.14350768 0.02875544 -0.10529699 0.24649207 0.19221269 0.15496504 0.13597478 1.00000000 0.25350470 0.25201242 0.30636125 0.30643544 0.20461997 0.16621009 0.21849959 0.28687321 0.01900699 -0.07310143 -0.03656111 0.01339540 0.01394435 -0.00483316 -0.05007698 0.02948648 -0.04090798 -0.03177923 0.01206189 -0.11783045 -0.02422080 0.02809904 -0.01932678 -0.06946969 0.00824318 -0.02592447 0.01022639 -0.05774659 -0.01383291 0.07497314 0.02185733 -0.05182883 -0.04661432 0.07950803
0.01659725 0.02707841 0.04372150 -0.07420119 -0.10648373 -0.00156903 0.02645217 -0.10907118 -0.01468832 -0.01927594 -0.05737739 -0.01670444 0.04568624 -0.03979608 0.11781069 0.06261775 0.06885050 -0.03168990 -0.01771883 0.03665956 0.05542280 0.08106134 -0.05382127 0.02243188 -0.00158524 -0.03630290 0.02272640 0.04374668 -0.08659067 0.11787199 0.10267863 0.11453578 0.04067835 -0.01481923 -0.00863958 0.09556487 -0.02791430 0.07049345 0.07061225 0.22876655 0.14335098 0.10670709 0.11266531 0.25350470 1.00000000 0.12351770 0.08699325 0.07025829 0.21463906 0.11995668 0.22673216 0.25665441 0.14994169 -0.05256627 -0.05512598 -0.10501807 -0.06823790 -0.04215345 -0.00867671 -0.01283243 -0.04957440 0.01082454 0.11216645 0.02867036 -0.14889306 0.09146672 0.00641948 0.10277721 0.06142143 0.03516130 0.03621044 0.10938048 0.05716903 0.06473332 0.20444642 0.09932002 0.15035472 -0.03915695
-0.01415394 -0.06461494 0.07901537 -0.13948366 -0.02958022 -0.05711223 -0.04086152 -0.09772253 0.00077914 -0.07894890 0.00791758 -0.03515781 -0.01822929 0.11620439 0.07299412 0.06088597 0.03402396 0.01106361 0.06723410 0.02456019 0.03216951 -0.02514929 0.03610424 0.01617698 0.01064180 0.08044573 0.03575294 -0.08620145 -0.00418983 -0.06503747 0.02997087 -0.01772908 -0.01678023 0.00758123 0.04439308 0.05390896 -0.01116885 0.07299960 0.03609766 0.33411609 0.13306194 0.20023600 0.17920049 0.25201242 0.12351770 1.00000000 0.20840288 0.14005322 0.13503438 0.08832240 0.17914835 0.25295230 -0.03706344 -0.04770887 -0.02047554 0.00837852 -0.11926855 -0.05682046 -0.02377856 0.04602001 -0.05401967 -0.01921027 0.02140885 0.00210746 -0.05999249 -0.00035657 -0.03210864 0.03679176 0.09411157 0.03679961 0.05274528 0.02977284 0.00994955 0.01799365 0.06312904 0.00220954 0.06476239 0.04561777
0.00356267 0.07006170 0.07895713 0.02888922 0.04839383 -0.03554626 0.05854078 -0.04950962 0.04754605 -0.03261551 0.05995029 -0.01333544 -0.03194527 0.10870965 0.04568866 0.01280835 0.01702336 0.02409292 0.05546985 0.01875356 0.03498688 0.05157736 0.05628809 0.05316209 0.03692258 0.10565586 -0.16069074 -0.07491128 0.08954662 0.06073982 -0.10614931 0.01197076 0.09347091 0.02081199 0.06126643 0.07754538 0.01529689 0.05679784 -0.05659626 0.20818628 0.14184108 0.18640612 0.20204748 0.30636125 0.08699325 0.20840288 1.00000000 0.18017437 0.16086890 0.21315431 0.22498617 0.10790227 0.03056182 -0.00900330 0.00692752 0.06675685 -0.03782997 -0.01237342 -0.04316981 0.00576798 -0.11165333 0.04184771 0.05577826 -0.04846754 0.02656748 -0.12896026 0.05758257 0.03373588 -0.05858312 -0.02999427 -0.03144077 -0.00757094 -0.04126270 0.01490620 -0.03401535 -0.09752826 -0.02579241 0.04515404
0.09174505 0.00961376 0.08785827 0.03366095 0.01341490 -0.04400468 -0.04889337 0.05717332 0.00888886 0.03607978 0.01335505 0.11301948 0.00096025 0.01604867 -0.09537957 0.06950495 -0.09395621 0.00246754 -0.06658665 -0.05638578 0.01365119 -0.13661173 0.10473409 0.05609767 -0.06328916 0.04870298 -0.15544632 -0.08970844 0.11144524 0.00382390 -0.19506999 0.00242737 0.02082945 0.02614386 0.02252884 0.02866783 0.11269617 -0.04197219 -0.16544522 0.09512820 0.15946620 0.17879653 0.11328536 0.30643544 0.07025829 0.14005322 0.18017437 1.00000000 0.22846956 0.16673810 0.03118772 0.23373388 0.00449190 0.04489870 0.01480750 0.13781597 0.08967525 0.09588596 0.03329759 0.01638051 0.08286063 0.03087442 0.06256490 0.06565215 0.11226630 0.00285065 -0.07383398 -0.11188948 0.08489425 0.01744885 -0.08373470 -0.04294655 -0.06130765 0.00935353 -0.02808986 -0.08689429 -0.16680087 0.01870976
0.05755493 0.02061407 0.01265784 -0.05314206 0.01646777 0.03695622 0.04548516 -0.02563584 0.01620057 0.00068149 0.04812531 0.08769954 -0.04305677 0.10177762 0.06681561 -0.01532615 0.05077011 0.14325609 0.02941436 0.05201396 -0.00793364 -0.03744954 0.08563878 0.03895240 0.00122160 0.06986466 -0.00401044 -0.04571024 0.09817109 0.03296708 -0.02612117 -0.03691204 -0.00347477 0.01532189 0.07334064 0.03118801 0.05186933 -0.00507432 0.04397845 0.23385856 0.17342723 0.02630045 0.18262200 0.20461997 0.21463906 0.13503438 0.16086890 0.22846956 1.00000000 0.26327968 0.15669183 0.20122847 -0.05384707 -0.05782646 -0.01832218 0.07612812 0.00938677 0.00359257 -0.01074269 0.01277906 -0.04963196 0.04966366 0.01017893 0.03751534 -0.03452438 -0.01694502 -0.05991164 0.01661020 0.04845459 0.02090295 -0.04466076 0.03812587 0.03629909 0.04263837 -0.01473820 -0.05065061 -0.02540459 0.01043132
0.05181001 0.14131563 0.01710451 0.06505705 0.03519134 0.00516450 0.00758021 0.02332431 0.03307966 -0.00051535 0.06310738 0.08729072 0.05136786 0.04011226 0.05288489 -0.02740232 0.02101789 0.06244221 0.00396031 -0.00993499 -0.07965449 -0.03926716 0.05796419 0.02644639 -0.03528658 0.03316772 -0.07002731 -0.01651649 0.08983022 0.02761497 -0.01821522 0.06250726 -0.05245917 0.04345231 -0.00014810 0.00051850 0.01928076 0.11148245 -0.00635986 -0.00227597 0.13049099 0.15283878 0.02205356 0.16621009 0.11995668 0.08832240 0.21315431 0.16673810 0.26327968 1.00000000 0.12759405 0.07036444 -0.04066293 -0.05274297 -0.02498481 0.11988977 0.02500719 0.08371402 0.00720027 -0.02891216 -0.06005380 0.03338210 -0.00563329 -0.02775842 0.05755085 0.01037927 -0.00966106 -0.08397684 -0.01139562 -0.03667857 -0.08155742 -0.05624838 0.05801260 0.01731317 0.04560175 -0.08538408 -0.11463649 -0.01229690
-0.07422440 -0.04318215 0.09639989 -0.09486300 -0.05852531 -0.01850127 -0.03118234 -0.09823199 -0.07647455 -0.07789764 0.00920123 -0.02283428 -0.00232070 0.09664499 0.06090036 0.06716223 0.14399521 0.06796593 0.11022797 0.05649528 0.13655389 0.10820998 0.01157319 0.04746392 0.13861034 0.04908649 -0.03966337 0.04007742 0.05178857 0.07618083 0.07295621 0.09160366 0.07291468 0.06533788 0.02212655 0.08268256 -0.01121212 0.13373249 0.06465115 0.17166833 0.06774579 0.14378815 0.04333029 0.21849959 0.22673216 0.17914835 0.22498617 0.03118772 0.15669183 0.12759405 1.00000000 0.25458984 0.02507960 -0.05626695 -0.04716324 -0.02825449 -0.11588883 -0.15978278 -0.08319289 0.02566386 -0.02861829 -0.01033277 -0.03403712 -0.05385706 -0.11916852 -0.04566890 -0.09925301 0.06996004 0.06291391 -0.05901847 0.04432372 0.04386772 -0.03952878 0.09065647 0.05582823 0.03838418 0.14711422 0.05486422
-0.04203775 -0.07318488 0.07083345 -0.04610253 0.01345496 -0.07177214 -0.03306531 -0.06122696 -0.05219662 -0.09836843 0.00955109 0.01058763 -0.04349172 0.04508620 -0.00132067 0.03976136 -0.00872788 -0.02306503 -0.03629632 -0.04329521 -0.02440875 -0.07832894 0.02282445 -0.02323748 -0.06625312 -0.03776062 0.00143525 -0.02615190 0.10334281 0.09532626 -0.07371926 0.03747024 0.00718174 0.03367966 0.02450980 0.04524510 0.04040350 -0.07164004 -0.06193320 0.25183616 0.13349819 0.11226490 0.12239219 0.28687321 0.25665441 0.25295230 0.10790227 0.23373388 0.20122847 0.07036444 0.25458984 1.00000000 0.07409845 -0.04959746 -0.01255836 0.03539696 0.05919164 0.03638346 0.04197869 0.05822076 0.00742875 0.02331063 0.03677440 -0.00750929 -0.04961951 0.00550113 -0.08854542 -0.03779190 0.08051010 0.06052010 -0.03137673 -0.05946694 -0.04777347 0.09221796 0.04596444 -0.01972772 -0.02882880 -0.06241554
-0.06756070 -0.02104795 0.02228524 -0.05035166 0.05926028 -0.03243015 0.04584698 -0.02614404 -0.00402263 -0.02598798 0.03635159 -0.02786848 -0.00460930 -0.09694990 -0.00674876 0.08172952 -0.04490058 -0.04447670 -0.00963197 -0.01864831 0.06279955 -0.00799965 0.01564092 0.01946021 -0.06371718 -0.02283370 0.02379671 0.01957611 -0.11089774 0.08468811 0.06323594 -0.01485766 -0.00700823 -0.01179864 0.03647268 0.03600025 -0.00490740 -0.08554287 0.01816869 0.04572926 -0.09770235 0.01879274 -0.00425003 0.01900699 0.14994169 -0.03706344 0.03056182 0.00449190 -0.05384707 -0.04066293 0.02507960 0.07409845 1.00000000 0.18315594 0.12450772 0.06415264 0.17924945 0.22873795 0.26807047 0.10490431 0.10909793 0.22792151 0.22809006 0.19972844 0.11260413 -0.03299468 0.03250824 0.06095010 0.01106174 0.00811630 0.05050215 0.11054009 0.02935811 0.02398864 -0.03501253 0.06655892 0.07660832 -0.04887116
0.03123939 -0.07606073 0.04118182 -0.01977063 0.00389228 0.05315871 0.00151291 -0.00889732 -0.04018616 0.05569907 -0.05308034 -0.09358738 -0.03916153 -0.07706736 -0.04592656 0.03130288 -0.02882264 -0.04339024 -0.00835166 -0.05890844 -0.04274994 0.00771838 -0.02147093 0.00931952 -0.01908100 -0.03228822 0.01930875 0.03878473 -0.12896854 -0.04533664 0.00386127 -0.00343471 0.01138780 0.03120932 0.02574164 -0.04053001 0.01991004 -0.06098942 0.00427952 -0.04863067 -0.05380230 -0.07355788 -0.09329342 -0.07310143 -0.05256627 -0.04770887 -0.00900330 0.04489870 -0.05782646 -0.05274297 -0.05626695 -0.04959746 0.18315594 1.00000000 0.10593808 0.02089534 0.16798237 0.13246394 0.13072949 0.12585496 0.14892426 0.21336040 0.12170598 0.06154562 0.11856133 0.02810298 0.05925574 0.03257818 -0.01850108 -0.01452854 0.14223541 0.04757238 0.08066958 0.00163084 0.07884637 0.01386751 -0.02119307 -0.01578706
0.02761194 0.02159904 -0.04559409 0.03136033 0.00304824 0.03827012 0.02269916 0.00452114 -0.05379496 0.00564536 -0.00334965 0.04597945 -0.01104708 -0.01797400 -0.09678075 0.05899796 -0.06136843 0.03422936 -0.01991972 -0.05247428 -0.00048823 -0.08432564 0.07892563 -0.00272116 0.00033876 0.02935894 -0.01724294 -0.01650921 0.03024594 -0.01722279 -0.00442962 0.03878501 -0.07430501 -0.04124903 -0.02507297 -0.01900083 0.10770149 -0.06621767 -0.01869780 -0.00572997 -0.01771183 -0.00297140 0.02790110 -0.03656111 -0.05512598 -0.02047554 0.00692752 0.01480750 -0.01832218 -0.02498481 -0.04716324 -0.01255836 0.12450772 0.10593808 1.00000000 0.15214271 0.12768122 0.18884172 0.24682305 0.12137455 0.12155233 0.20989088 0.14486931 0.08461722 0.26927492 -0.00759352 0.09021082 0.00526765 0.03997530 0.02674499 0.00430518 -0.01911950 -0.02431407 -0.07680442 -0.10573770 -0.11592373 0.03885313 -0.00838565
0.10458675 0.09734256 0.01749866 0.04281728 0.12393263 0.05350306 0.01041471 0.06352471 0.09207352 0.03834935 0.12074081 0.09790340 -0.04443297 -0.00627414 -0.04188688 -0.02378797 -0.07806107 0.00669221 -0.11250443 -0.08631248 -0.05271117 -0.04049373 0.05987265 0.04464385 -0.04833995 0.06980655 -0.08467455 -0.15139317 0.15354787 -0.01481291 -0.26340069 -0.09760807 -0.06900656 -0.01413564 -0.00451651 -0.04767185 0.08933587 -0.10858275 -0.13726744 0.00974698 0.03725396 0.03977017 0.04888326 0.01339540 -0.10501807 0.00837852 0.06675685 0.13781597 0.07612812 0.11988977 -0.02825449 0.03539696 0.06415264 0.02089534 0.15214271 1.00000000 0.20109556 0.35874831 0.23000393 0.15336025 0.22195580 0.14448848 0.28864588 0.21747070 0.23916101 0.05046434 -0.03116516 -0.14429219 0.01286007 0.07050064 -0.11688763 -0.17244261 -0.08508370 0.01505022 -0.17431666 -0.10849023 -0.13743244 -0.14377778
0.06591409 0.09608236 0.02228156 0.11695134 0.03686339 0.01632195 -0.04143442 0.03907874 0.07163161 0.05336070 0.03261004 0.02121665 -0.03253724 -0.06814172 -0.12527311 -0.00601226 -0.08575162 0.01065216 -0.06102802 -0.12820365 -0.00913771 -0.03401656 0.10899032 0.02997229 -0.13765039 -0.01614072 -0.01194620 -0.06956931 0.08139574 0.06391042 -0.05831351 -0.02835095 0.03758350 0.05879710 0.04419291 0.04723913 0.16135753 -0.05179650 -0.05164945 -0.02804304 0.03711422 -0.02210670 -0.02284989 0.01394435 -0.06823790 -0.11926855 -0.03782997 0.08967525 0.00938677 0.02500719 -0.11588883 0.05919164 0.17924945 0.16798237 0.12768122 0.20109556 1.00000000 0.28152738 0.26947590 0.04465881 0.16770237 0.21597805 0.17927426 0.12931179 0.22030894 -0.08185321 -0.13196436 -0.10324126 -0.03935103 0.01044432 -0.15213504 -0.09713922 0.00142093 0.07102820 -0.06910568 -0.13988343 -0.14118233 -0.14151233
0.03679223 0.06323595 -0.00303201 0.13321639 0.06948121 0.05997475 0.04009633 0.04739423 0.09240496 0.04726804 0.09808657 0.07205765 -0.07922798 -0.04093382 -0.06261678 -0.02443567 -0.14440663 -0.00976891 -0.14219462 -0.04822492 -0.04009447 -0.09328964 0.05994521 -0.03007090 -0.11716797 0.01739259 -0.05523582 -0.04927167 -0.01924234 -0.00781696 -0.15132707 -0.09516787 -0.08490638 -0.06262607 -0.02896758 -0.05993584 0.09468888 -0.10080094 -0.09504644 0.00015414 0.04726094 -0.00667572 -0.04299505 -0.00483316 -0.04215345 -0.05682046 -0.01237342 0.09588596 0.00359257 0.08371402 -0.15978278 0.03638346 0.22873795 0.13246394 0.18884172 0.35874831 0.28152738 1.00000000 0.19487800 0.10628492 0.13860917 0.20700756 0.27191192 0.20335082 0.19543179 0.01860848 -0.02944727 -0.02444555 -0.00341481 0.06376026 -0.05530364 -0.05280308 -0.00287206 -0.03873725 -0.15513102 -0.05634676 -0.07371161 -0.08288011
-0.02894959 -0.03065338 -0.00426553 -0.05711811 0.10111280 0.03109223 0.02722166 0.06800084 0.04211249 0.04598266 0.06073065 -0.06813638 0.01138875 -0.07400157 -0.04228816 0.07456887 -0.07915402 -0.03069295 -0.02643435 -0.08761059 -0.11006588 -0.11186836 0.06620116 0.01368819 -0.06799677 0.03177174 -0.02013553 -0.05078011 0.00265729 0.01131048 -0.02109512 -0.08124224 -0.06632665 -0.06062029 -0.06782768 -0.02296290 0.02542389 -0.06579389 -0.05122005 0.01980870 -0.00975141 -0.09615820 -0.00581858 -0.05007698 -0.00867671 -0.02377856 -0.04316981 0.03329759 -0.01074269 0.00720027 -0.08319289 0.04197869 0.26807047 0.13072949 0.24682305 0.23000393 0.26947590 0.19487800 1.00000000 0.23937796 0.19550257 0.18718090 0.32970618 0.21890538 0.16939349 -0.01216030 -0.05594866 -0.12358393 -0.01608358 -0.05258890 -0.08567319 -0.07194600 -0.06857873 0.03603905 -0.10312180 0.00297642 -0.05551990 -0.06187375
-0.10795573 0.01834931 0.03619512 -0.06634864 0.02907948 0.04172683 -0.05984041 0.04477270 0.04211332 0.00197289 0.05767424 0.07100114 -0.08150570 0.02694052 -0.06110156 0.04237506 -0.04609328 -0.03983178 -0.01641074 -0.10190381 -0.01299419 0.03884867 0.01843509 0.02075710 0.00894942 0.00481258 -0.03635239 -0.10853421 0.10818056 -0.01097346 -0.04528513 0.00298801 -0.01307462 0.01037339 -0.08289344 0.00884168 0.06314610 -0.07079541 -0.07755143 0.01903421 0.00866058 -0.05383951 -0.09259339 0.02948648 -0.01283243 0.04602001 0.00576798 0.01638051 0.01277906 -0.02891216 0.02566386 0.05822076 0.10490431 0.12585496 0.12137455 0.15336025 0.04465881 0.10628492 0.23937796 1.00000000 0.19187152 0.14183530 0.24201539 0.15345169 0.04992009 0.03903926 -0.03133856 -0.04428448 -0.00419947 -0.01235331 -0.01538024 -0.01833961 -0.06290163 -0.02532100 -0.04487994 -0.02947273 -0.04830584 -0.00920540
-0.02700188 -0.02021403 -0.01606495 -0.05352717 0.01137300 -0.02355930 -0.04548201 0.02721927 -0.08600209 0.03849432 -0.00184819 -0.03665017 -0.03124392 -0.07945966 -0.09980269 -0.06902585 -0.19305014 0.00996643 -0.18532724 -0.09931342 -0.07725917 -0.05585180 -0.01373234 -0.03205633 -0.11066378 -0.02784569 -0.04941253 -0.07320729 -0.02231088 -0.02354073 -0.06951262 0.02428434 -0.07240267 0.05833370 -0.02477480 -0.04130281 0.05426908 -0.10901810 -0.10440966 -0.03351985 -0.01622103 -0.01218140 -0.09417696 -0.04090798 -0.04957440 -0.05401967 -0.11165333 0.08286063 -0.04963196 -0.06005380 -0.02861829 0.00742875 0.10909793 0.14892426 0.12155233 0.22195580 0.16770237 0.13860917 0.19550257 0.19187152 1.00000000 0.12909297 0.23996810 0.30117553 0.18742245 0.00243683 -0.04702515 -0.14774187 0.02109621 -0.00818406 -0.02488138 -0.07813544 -0.15534541 0.02256945 -0.04944834 0.03249398 -0.06749860 -0.14767045
-0.07622420 0.02553422 -0.00735349 -0.01085521 -0.00362632 0.01261036 0.02491148 -0.05515139 0.10010246 -0.00250755 0.06275681 0.00236590 -0.01859553 0.07537394 0.07297961 -0.02874773 0.06611458 0.07404554 0.07440401 0.02860204 0.01610871 0.00098213 0.08411593 0.04813200 0.05052401 0.04067344 -0.05623744 0.01617130 0.02199088 0.07822748 0.00735269 0.00889426 0.06232960 0.06004291 0.00573669 -0.00095557 0.09197208 -0.02144996 -0.01648277 0.02686747 0.03414076 0.00606766 0.00370436 -0.03177923 0.01082454 -0.01921027 0.04184771 0.03087442 0.04966366 0.03338210 -0.01033277 0.02331063 0.22792151 0.21336040 0.20989088 0.14448848 0.21597805 0.20700756 0.18718090 0.14183530 0.12909297 1.00000000 0.19220983 0.13444089 0.05085234 0.07055022 -0.05354500 0.02666683 0.01090742 -0.01072748 0.00225470 0.00855025 -0.00529807 0.05528474 -0.07107965 -0.02100271 -0.01411662 -0.00266892
0.01065668 0.02039994 0.02208376 -0.01263461 0.11009152 0.04345086 0.01707070 -0.01021582 0.12531335 0.11600321 0.06882659 -0.04359098 0.00686384 -0.06983087 -0.05321053 0.01478871 -0.07720549 -0.06913497 -0.08251901 -0.11368148 -0.04775292 -0.03261971 0.02439633 -0.05731998 0.01586829 -0.01268999 -0.06420920 -0.07424169 0.02484713 0.05224228 -0.05982538 -0.07427354 -0.02024375 -0.00830473 -0.04947059 -0.04340518 0.03429621 -0.07942509 -0.03989073 0.04102273 0.06702626 -0.03231368 -0.01962430 0.01206189 0.11216645 0.02140885 0.05577826 0.06256490 0.01017893 -0.00563329 -0.03403712 0.03677440 0.22809006 0.12170598 0.14486931 0.28864588 0.17927426 0.27191192 0.32970618 0.24201539 0.23996810 0.19220983 1.00000000 0.22463664 0.15991878 0.00171997 -0.05314959 -0.06063799 -0.09093860 -0.03882345 -0.00149094 -0.01255573 -0.03812153 -0.03519148 0.00537797 -0.02656546 -0.01890263 -0.08465092
-0.00526703 -0.04093379 -0.02008389 -0.03428191 0.06404456 0.00299116 -0.03646983 -0.02892453 -0.01205951 -0.00201552 0.05843893 -0.01538351 0.04632223 -0.12641347 -0.05873094 -0.09796654 -0.10000585 -0.00358478 -0.06009649 -0.05030813 -0.06927327 -0.03816750 -0.06055033 -0.05680283 -0.02217117 -0.11679441 0.00602814 -0.05560563 -0.02434510 -0.02673911 0.04328003 -0.03969715 -0.00516737 -0.07707234 -0.08362392 -0.09991420 -0.04434054 -0.02169805 -0.01013982 0.03928132 0.05272833 -0.00414105 0.01824472 -0.11783045 0.02867036 0.00210746 -0.04846754 0.06565215 0.03751534 -0.02775842 -0.05385706 -0.00750929 0.19972844 0.06154562 0.08461722 0.21747070 0.12931179 0.20335082 0.21890538 0.15345169 0.30117553 0.13444089 0.22463664 1.00000000 0.08344168 0.00907968 -0.01133480 -0.00884681 0.09308041 0.03189121 -0.02453929 0.10124090 0.09499426 0.05664538 0.07560818 0.12671609 0.05865516 -0.07178931
0.02630361 0.11068747 0.04190761 0.05333120 0.09290164 0.05992427 0.01992755 0.13357497 0.02301547 0.05383947 0.04887252 0.02963823 -0.01674301 -0.09905921 -0.06232637 0.04120806 -0.07256048 -0.01942195 -0.08608125 -0.10248208 -0.02953222 -0.11913111 0.10428083 -0.02235244 -0.07234382 0.01029677 -0.08325375 -0.04114639 0.01603097 -0.03616014 -0.09168158 0.03011529 -0.12578981 -0.01761984 -0.03508907 -0.02780091 0.06746033 -0.09281151 -0.06832084 -0.03694702 -0.12862593 0.04984551 -0.03050899 -0.02422080 -0.14889306 -0.05999249 0.02656748 0.11226630 -0.03452438 0.05755085 -0.11916852 -0.04961951 0.11260413 0.11856133 0.26927492 0.23916101 0.22030894 0.19543179 0.16939349 0.04992009 0.18742245 0.05085234 0.15991878 0.08344168 1.00000000 -0.12014380 0.00113389 -0.04817878 -0.00852876 0.03869178 -0.13027158 -0.09529253 -0.08217755 -0.11861170 -0.19928437 -0.11338934 -0.09583595 -0.06072020
0.01638859 -0.05679715 -0.04735577 -0.02310889 -0.08422711 -0.07347155 -0.03706489 -0.01365491 -0.03979663 -0.02304731 -0.08680631 0.00679947 0.01678024 -0.04505729 -0.05730335 -0.07770824 -0.01470752 -0.14325809 -0.01911950 -0.03175701 -0.07630090 -0.03760170 -0.03961954 -0.02954602 0.02804849 -0.11333014 0.08355652 0.02988897 -0.06584747 0.06149282 0.00872496 0.04296850 0.07258583 0.05628156 -0.01968451 0.03975267 0.02198381 0.01360128 0.03978273 -0.02407780 -0.06269120 -0.05722849 -0.03889896 0.02809904 0.09146672 -0.00035657 -0.12896026 0.00285065 -0.01694502 0.01037927 -0.04566890 0.00550113 -0.03299468 0.02810298 -0.00759352 0.05046434 -0.08185321 0.01860848 -0.01216030 0.03903926 0.00243683 0.07055022 0.00171997 0.00907968 -0.12014380 1.00000000 0.19652499 0.05881770 0.05062217 0.14235808 0.15340132 0.14182984 0.08825616 0.16749340 0.17175961 0.17465285 0.07299022 0.11259010
0.10734379 -0.06432238 -0.01743548 -0.04115224 0.00253745 0.04156904 0.00564349 -0.00427488 -0.05969701 -0.03025562 -0.01712310 -0.05694745 -0.01370085 -0.00905030 0.02086130 -0.06368498 0.09558500 -0.05690940 0.02086031 0.01076700 0.06203692 0.03256178 -0.05455941 -0.01445235 0.01098729 0.05677813 0.03492409 0.05617018 -0.04615043 -0.03699162 0.08692271 0.00373504 -0.01410953 -0.02517669 0.01796836 0.03447551 0.00529751 0.10337465 0.14820328 -0.04938281 -0.00399909 0.01751252 -0.01239189 -0.01932678 0.00641948 -0.03210864 0.05758257 -0.07383398 -0.05991164 -0.00966106 -0.09925301 -0.08854542 0.03250824 0.05925574 0.09021082 -0.03116516 -0.13196436 -0.02944727 -0.05594866 -0.03133856 -0.04702515 -0.05354500 -0.05314959 -0.01133480 0.00113389 0.19652499 1.00000000 0.16892539 0.04633466 0.24709241 0.26937531 0.09763184 0.06359564 0.05218278 0.12693558 0.10785887 0.13831291 0.19848799
0.04691585 -0.00940602 0.00616689 -0.03087954 -0.00872569 0.04966291 0.06364498 -0.09551485 -0.00784468 -0.04884145 0.00025229 0.00409507 0.05554594 0.03725802 0.03916934 0.00048986 0.11950824 0.10793784 0.08612612 0.12709183 0.09016844 0.15016824 -0.01213870 0.09228072 0.20391597 0.07023104 0.01780074 0.07101550 -0.01801995 -0.06020345 0.13221543 0.10653442 0.09089549 0.00391630 -0.04246446 0.03265923 -0.06948985 0.10375054 0.12421044 0.07960585 -0.00978576 0.09131517 -0.00403449 -0.06946969 0.10277721 0.03679176 0.03373588 -0.11188948 0.01661020 -0.08397684 0.06996004 -0.03779190 0.06095010 0.03257818 0.00526765 -0.14429219 -0.10324126 -0.02444555 -0.12358393 -0.04428448 -0.14774187 0.02666683 -0.06063799 -0.00884681 -0.04817878 0.05881770 0.16892539 1.00000000 0.08442218 0.14855243 0.33902488 0.36587789 0.28981587 0.08442298 0.16615546 0.21969877 0.35384443 0.14701818
0.03331517 0.02847230 0.01257133 -0.01930581 -0.04809888 0.01948765 -0.03164807 -0.01649214 -0.02849301 -0.05482184 -0.01689966 0.02534403 0.07616283 -0.04199808 0.05519094 -0.05293496 0.01463979 -0.07965807 -0.02683132 0.00511113 0.03459805 -0.04180074 -0.04140473 -0.04887467 0.05958289 -0.02998994 0.09502647 -0.00576904 -0.08472788 0.01964478 0.04558710 0.02579462 -0.09064612 -0.02503949 0.04253451 -0.00813124 -0.02989513 0.03942047 0.09811796 0.09621101 -0.00454019 -0.01580413 -0.08148952 0.00824318 0.06142143 0.09411157 -0.05858312 0.08489425 0.04845459 -0.01139562 0.06291391 0.08051010 0.01106174 -0.01850108 0.03997530 0.01286007 -0.03935103 -0.00341481 -0.01608358 -0.00419947 0.02109621 0.01090742 -0.09093860 0.09308041 -0.00852876 0.05062217 0.04633466 0.08442218 1.00000000 0.20158594 0.01476505 0.11538540 0.09088717 0.15579042 0.10391329 0.13837194 0.13024439 0.08615704
0.06161211 0.04157458 0.01907391 -0.00264030 0.01275258 0.00933254 -0.07243924 -0.01251753 0.00736898 -0.10312324 -0.04115399 0.00624185 -0.05698479 0.07414360 0.00191885 -0.02079291 0.03843463 0.05673120 0.07258878 0.08603132 0.00597123 0.05076195 0.04740232 0.04821765 0.08601629 0.01960387 -0.00344073 0.00729165 0.10367319 0.02190206 -0.03011159 0.00653262 0.02941994 0.04847821 0.08139883 0.06027384 0.07254081 -0.02814859 0.05660934 -0.01531495 -0.04630831 0.01447379 -0.06645085 -0.02592447 0.03516130 0.03679961 -0.02999427 0.01744885 0.02090295 -0.03667857 -0.05901847 0.06052010 0.00811630 -0.01452854 0.02674499 0.07050064 0.01044432 0.06376026 -0.05258890 -0.01235331 -0.00818406 -0.01072748 -0.03882345 0.03189121 0.03869178 0.14235808 0.24709241 0.14855243 0.20158594 1.00000000 0.05308304 0.08227143 0.17016387 0.16223912 0.14877654 0.01973676 0.18989528 0.00490861
-0.03414172 -0.16570794 -0.07022515 -0.10359914 -0.08221111 -0.00728024 0.00216342 -0.09183060 -0.14754620 -0.05685770 -0.07592312 -0.08130301 -0.00625836 0.00788212 -0.01250294 -0.04061130 0.07456673 -0.01672195 0.02640046 0.10008088 0.09683777 0.08645414 -0.04341356 -0.04003090 0.11106560 -0.03251571 -0.00057723 0.04298139 -0.10493265 -0.03673225 0.10797618 -0.01492919 -0.00965296 0.01693335 0.05197627 -0.09471499 -0.03924406 -0.00220449 0.10137092 -0.00275675 0.00168442 -0.03724387 -0.06993197 0.01022639 0.03621044 0.05274528 -0.03144077 -0.08373470 -0.04466076 -0.08155742 0.04432372 -0.03137673 0.05050215 0.14223541 0.00430518 -0.11688763 -0.15213504 -0.05530364 -0.08567319 -0.01538024 -0.02488138 0.00225470 -0.00149094 -0.02453929 -0.13027158 0.15340132 0.26937531 0.33902488 0.01476505 0.05308304 1.00000000 0.26595771 0.18169339 0.15788518 0.25483093 0.18708104 0.28966008 0.21801845
-0.04270544 -0.07458975 0.00410918 -0.14429440 0.01849723 0.04987837 -0.01058311 -0.04894891 -0.07654230 0.00475538 -0.04932261 -0.02528780 0.05936115 0.01133372 0.11794194 -0.09676927 0.11843590 -0.07097490 0.07811293 0.03411966 0.08363483 0.08563872 -0.12868403 0.00881845 0.10351796 -0.07419374 0.08497367 0.15333866 -0.08952593 -0.01617957 0.15951241 0.05577758 0.08089245 0.00111291 -0.07791405 -0.00199048 -0.06731706 0.02723450 0.11143048 0.07167926 -0.08738559 0.04808486 0.00412079 -0.05774659 0.10938048 0.02977284 -0.00757094 -0.04294655 0.03812587 -0.05624838 0.04386772 -0.05946694 0.11054009 0.04757238 -0.01911950 -0.17244261 -0.09713922 -0.05280308 -0.07194600 -0.01833961 -0.07813544 0.00855025 -0.01255573 0.10124090 -0.09529253 0.14182984 0.09763184 0.36587789 0.11538540 0.08227143 0.26595771 1.00000000 0.25682410 0.08391738 0.23245298 0.16746122 0.24489548 0.08699710
-0.00472143 -0.07672677 -0.07896877 -0.06018534 -0.04032935 -0.04947981 -0.02290988 -0.13356013 -0.05449206 -0.04057355 -0.03904451 -0.00508615 0.03092226 -0.04395881 0.07640184 -0.03788444 0.09082649 0.02249035 0.06495646 0.12439201 0.01044708 0.08252345 -0.04101630 0.00060777 0.06104522 -0.00503623 0.04600458 0.00741249 -0.02222740 -0.03703708 0.05241880 0.01436004 0.04033410 0.00725109 -0.02946056 -0.00702717 -0.05064874 0.06414066 0.10718188 0.05164191 -0.02509201 0.01468093 -0.07782364 -0.01383291 0.05716903 0.00994955 -0.04126270 -0.06130765 0.03629909 0.05801260 -0.03952878 -0.04777347 0.02935811 0.08066958 -0.02431407 -0.08508370 0.00142093 -0.00287206 -0.06857873 -0.06290163 -0.15534541 -0.00529807 -0.03812153 0.09499426 -0.08217755 0.08825616 0.06359564 0.28981587 0.09088717 0.17016387 0.18169339 0.25682410 1.00000000 0.20450360 0.33379391 0.14909036 0.24709953 0.05264957
-0.01780809 -0.04857433 -0.00216218 -0.08954102 -0.00509553 -0.06965331 -0.00721980 0.01086827 -0.01982269 -0.08670248 0.00659199 0.00591964 0.08448958 0.00555814 0.04110014 0.02856724 0.06331809 0.07976669 0.02043575 0.02316549 0.04893003 0.00168408 -0.04367592 -0.03128510 0.05518858 -0.00045944 0.01471048 0.04355621 -0.05854620 -0.03824025 -0.03123347 -0.00786052 0.01635349 -0.00987308 0.04972369 -0.01277504 -0.02414105 -0.02346094 0.10527036 0.05336175 0.00260976 -0.05018903 0.00940240 0.07497314 0.06473332 0.01799365 0.01490620 0.00935353 0.04263837 0.01731317 0.09065647 0.09221796 0.02398864 0.00163084 -0.07680442 0.01505022 0.07102820 -0.03873725 0.03603905 -0.02532100 0.02256945 0.05528474 -0.03519148 0.05664538 -0.11861170 0.16749340 0.05218278 0.08442298 0.15579042 0.16223912 0.15788518 0.08391738 0.20450360 1.00000000 0.22400306 0.19005701 0.15458505 0.12739978
0.00230348 -0.09405037 -0.03027696 -0.09386437 -0.08680328 -0.09070746 -0.05291307 -0.08306344 -0.08136020 -0.00240580 -0.09631367 -0.06315633 0.09062339 -0.06419897 0.01171171 -0.02834207 0.05166911 -0.11407194 -0.00052482 0.03750120 0.01983588 0.07212311 -0.13272846 -0.00212013 0.05655264 -0.14609060 0.07102158 -0.02093644 -0.15133075 -0.01237372 0.11771489 0.05732960 0.03052037 -0.03475635 0.02237361 -0.02519089 -0.14247938 0.05758772 0.13808029 0.07721529 -0.04296874 0.05085394 -0.02075350 0.02185733 0.20444642 0.06312904 -0.03401535 -0.02808986 -0.01473820 0.04560175 0.05582823 0.04596444 -0.03501253 0.07884637 -0.10573770 -0.17431666 -0.06910568 -0.15513102 -0.10312180 -0.04487994 -0.04944834 -0.07107965 0.00537797 0.07560818 -0.19928437 0.17175961 0.12693558 0.16615546 0.10391329 0.14877654 0.25483093 0.23245298 0.33379391 0.22400306 1.00000000 0.29696498 0.23663220 0.11599082
-0.06221189 -0.08029680 -0.10448728 -0.14131432 -0.05731484 -0.00642249 0.00335120 -0.03253531 -0.05223667 -0.02474160 -0.04268371 -0.05058354 0.11583754 -0.03906892 0.05873869 -0.05972117 0.07490840 0.00362319 0.05525642 0.09251854 0.12156359 0.06180457 -0.05096472 -0.02596890 0.06474725 -0.03682794 0.12344195 0.00139062 -0.13540283 0.04041818 0.13450637 0.02116512 -0.02405633 -0.11669071 -0.10576097 -0.02246446 -0.16652239 0.00521621 0.07632483 0.07376844 -0.12429735 -0.03617610 -0.07278688 -0.05182883 0.09932002 0.00220954 -0.09752826 -0.08689429 -0.05065061 -0.08538408 0.03838418 -0.01972772 0.06655892 0.01386751 -0.11592373 -0.10849023 -0.13988343 -0.05634676 0.00297642 -0.02947273 0.03249398 -0.02100271 -0.02656546 0.12671609 -0.11338934 0.17465285 0.10785887 0.21969877 0.13837194 0.01973676 0.18708104 0.16746122 0.14909036 0.19005701 0.29696498 1.00000000 0.25418167 0.10667262
-0.05690912 -0.09683674 -0.10280973 -0.19545879 -0.05733582 0.01048376 0.05473141 -0.10008409 -0.14647436 -0.08864416 -0.06597720 -0.08997902 0.02594194 0.05657174 0.09659833 0.00120798 0.10983329 0.05792892 0.07116521 0.11840189 0.15204963 0.14279008 -0.03176290 0.00789279 0.17037849 -0.00409366 0.01430982 0.00142810 -0.07393860 0.00396283 0.16777024 0.04768279 0.03653951 -0.06084338 -0.02186976 -0.02697533 -0.10369533 0.07903826 0.25391510 0.07510835 -0.04350227 0.04155656 -0.07815900 -0.04661432 0.15035472 0.06476239 -0.02579241 -0.16680087 -0.02540459 -0.11463649 0.14711422 -0.02882880 0.07660832 -0.02119307 0.03885313 -0.13743244 -0.14118233 -0.07371161 -0.05551990 -0.04830584 -0.06749860 -0.01411662 -0.01890263 0.05865516 -0.09583595 0.07299022 0.13831291 0.35384443 0.13024439 0.18989528 0.28966008 0.24489548 0.24709953 0.15458505 0.23663220 0.25418167 1.00000000 0.20878463
-0.05131746 -0.13787011 0.02016506 -0.13753683 -0.06110890 -0.07373755 -0.04575808 -0.08024586 -0.04608665 -0.08909682 -0.10393203 0.00139020 -0.02877432 0.02698548 -0.01872574 0.01418634 0.02623502 -0.00961236 0.06796412 -0.01541321 0.04894448 0.00203366 -0.01411303 0.00055793 0.05891891 -0.00118657 -0.04550164 0.06855289 -0.00349905 -0.10733617 0.09712712 0.01906853 -0.00687189 -0.01846463 0.04126820 -0.05550447 -0.02948730 0.00725487 0.04588186 0.09393634 -0.00227470 0.09065515 -0.06679025 0.07950803 -0.03915695 0.04561777 0.04515404 0.01870976 0.01043132 -0.01229690 0.05486422 -0.06241554 -0.04887116 -0.01578706 -0.00838565 -0.14377778 -0.14151233 -0.08288011 -0.06187375 -0.00920540 -0.14767045 -0.00266892 -0.08465092 -0.07178931 -0.06072020 0.11259010 0.19848799 0.14701818 0.08615704 0.00490861 0.21801845 0.08699710 0.05264957 0.12739978 0.11599082 0.10667262 0.20878463 1.00000000
