1.00000000 0.25990701 0.29553375 0.47821615 0.53921043 0.24240226 0.51643146 0.44065693 0.15713973 0.43221247 0.25700669 0.46309613 0.36651603 0.56160547 0.53388351 0.41563517 0.29557392 0.40830326 0.35237533 0.32960867 0.40606526 0.37449525 0.28019144 0.35188991 0.40656911 0.31057680 0.40781164 0.29992549 0.16487800 0.31314970 0.35466080 0.36352182 0.37977821 0.39347988 0.23755500 0.22542051 0.23756509 0.37366924 0.32979026 0.40933681 0.39573378 0.25707372 0.38664985 0.39908042 0.37734143 0.41861297 0.38554287 0.26509726 0.38985050 0.43453340 0.48658171 0.46241921 0.40140490 0.29813168 0.12572960 0.29308562 0.14203249 0.17324460 0.27653570 0.36591820 0.20856370 0.19699750 0.41375395 0.40343922 0.46318132 0.45515515 0.44969959 0.32887388 0.40775085 0.45579221 0.36534501 0.31412582 0.31003582 0.19230598 0.45718646 0.41371865 0.31878910 0.38646651
0.25990701 1.00000000 0.30589898 0.30586016 0.14621342 0.38727216 0.37702424 0.28171915 0.27692027 0.17231514 0.27432962 0.27623543 0.28575088 0.19724532 0.14890318 0.18015028 0.15965073 0.18798551 0.26025485 0.24962291 0.20679497 0.24268037 0.12024623 0.29161370 0.23573033 0.19766464 0.10916356 0.33351362 0.20263721 0.24536002 0.16985207 0.16452621 0.26975881 0.16967807 0.26509457 0.06759941 0.13870568 0.19107159 0.15251795 0.17665557 0.28831475 0.16292031 0.33259571 0.17149157 0.24382145 0.29700808 0.26192716 0.28576763 0.15210745 0.26306590 0.25431427 0.26781724 0.18345782 0.15727108 0.10829808 0.24533153 0.03359073 0.07908485 0.32792775 0.15603549 0.18632993 0.07312099 0.24971094 0.24219782 0.20327884 0.16125584 0.32502321 0.23404685 0.20394271 0.21066147 0.21831665 0.17450012 0.23489651 0.12414331 0.18965312 0.27369470 0.24249083 0.21200802
0.29553375 0.30589898 1.00000000 0.56627234 0.31228059 0.38699674 0.55143937 0.63706395 0.70475749 0.55169573 0.56406726 0.62912328 0.63381055 0.45275787 0.32485834 0.45137359 0.42306832 0.57957088 0.56442380 0.53276295 0.57208990 0.36342827 0.54899180 0.63549967 0.55162585 0.55856806 0.37830564 0.53441805 0.43371016 0.35046780 0.50086831 0.51044804 0.43312963 0.54850438 0.48471941 0.43501862 0.31557348 0.54348922 0.43140811 0.26738212 0.48169134 0.31175668 0.56594564 0.50444339 0.46911454 0.49074144 0.59283370 0.20644045 0.54477478 0.64347438 0.52115520 0.48663809 0.33599029 0.29411801 0.16538565 0.37097931 0.18945357 0.22371454 0.35266615 0.45801362 0.15791617 0.12383037 0.43597745 0.54447929 0.46587743 0.39925399 0.51220308 0.31682546 0.35438034 0.41253328 0.46254979 0.34611227 0.27327785 0.25359866 0.49542168 0.44764614 0.43301891 0.40295945
0.47821615 0.30586016 0.56627234 1.00000000 0.45473850 0.41417455 0.66441621 0.60805141 0.40025374 0.52090819 0.53259865 0.67297979 0.52693924 0.60003568 0.49620493 0.54454137 0.54896477 0.55291729 0.55634797 0.62545657 0.58212904 0.47207583 0.52458260 0.59627794 0.55066501 0.53179534 0.48990884 0.47726691 0.39861881 0.43142520 0.41201023 0.44647202 0.46667892 0.51412076 0.43908441 0.37227123 0.36996533 0.54813018 0.49910129 0.30189662 0.52443397 0.37113765 0.57997559 0.43200674 0.37282029 0.53256360 0.49917518 0.31735097 0.40336864 0.58413986 0.56195687 0.47944673 0.36905985 0.42522599 0.23328518 0.53755046 0.19465094 0.28816294 0.44817563 0.50874067 0.32595953 0.17003253 0.51287814 0.58626942 0.55591958 0.51667110 0.47844527 0.40044459 0.57601647 0.52017336 0.46945833 0.47007195 0.36837041 0.34641209 0.50837890 0.52025091 0.53915453 0.44601547
0.53921043 0.14621342 0.31228059 0.45473850 1.00000000 0.40956416 0.49500657 0.44104281 0.22355213 0.63226103 0.44523277 0.51868321 0.40146275 0.50041866 0.45822553 0.43135643 0.36672829 0.42581302 0.35165841 0.35325175 0.43041680 0.38281852 0.48171706 0.39048949 0.40847689 0.34442979 0.51499493 0.27137355 0.27844838 0.29839104 0.36819766 0.36367881 0.28665584 0.44959409 0.23607301 0.37247463 0.35079092 0.37261726 0.38776207 0.36503301 0.31745894 0.26631961 0.34859521 0.41773546 0.36128681 0.31926713 0.37861057 0.10406134 0.42412713 0.43858868 0.49185475 0.43263627 0.46119173 0.40824279 0.25672506 0.33854218 0.30423579 0.30352697 0.19785186 0.42565828 0.22206209 0.33092137 0.36193792 0.44597802 0.52644759 0.54150521 0.35161302 0.31429799 0.40851149 0.40730339 0.35793866 0.31467066 0.26328750 0.24138779 0.48994514 0.37911182 0.36284141 0.40176916
0.24240226 0.38727216 0.38699674 0.41417455 0.40956416 1.00000000 0.48207989 0.39385152 0.41289437 0.44591167 0.58756245 0.46875394 0.50095835 0.26238575 0.23922272 0.28290725 0.34574819 0.34491820 0.36104795 0.41598801 0.39301450 0.33107554 0.44051770 0.42620208 0.32333933 0.39261986 0.36737601 0.35275832 0.36094289 0.34377555 0.31144057 0.27224053 0.27791991 0.30498944 0.37295298 0.31717792 0.35891344 0.26861235 0.33791778 0.23530538 0.25196302 0.28540227 0.38260024 0.28048555 0.30158228 0.29644739 0.35243077 0.19452823 0.26909569 0.38815611 0.36557305 0.32118772 0.31114134 0.37424220 0.25820573 0.37178992 0.29073630 0.26643860 0.29116749 0.34552555 0.33384592 0.30437904 0.30459089 0.40691110 0.41189886 0.44736197 0.32931799 0.31440021 0.36021314 0.33709435 0.35106378 0.31953925 0.28539233 0.31001497 0.37121664 0.32607428 0.46009452 0.35486878
0.51643146 0.37702424 0.55143937 0.66441621 0.49500657 0.48207989 1.00000000 0.56848193 0.48339501 0.56460094 0.58023056 0.63623289 0.57261999 0.57238743 0.53394606 0.49437390 0.53116807 0.51697071 0.51596475 0.63954037 0.60843727 0.50018614 0.53379471 0.59763795 0.54041181 0.51471439 0.47255893 0.49484015 0.42244515 0.45639738 0.42380836 0.41984050 0.52313732 0.50665067 0.48164247 0.40652995 0.44328620 0.50077380 0.45347568 0.33269886 0.45630550 0.39599498 0.55701050 0.41635819 0.42556779 0.56477242 0.53055556 0.30879645 0.43016334 0.58705150 0.59202553 0.50624828 0.39393142 0.40866844 0.22649939 0.51223776 0.20137734 0.28968150 0.48489461 0.50358664 0.38085296 0.24219680 0.49079447 0.58871185 0.54196874 0.55045721 0.54050078 0.43568891 0.50642318 0.52241587 0.49325229 0.50124661 0.40385399 0.36033638 0.52123315 0.51054371 0.56149817 0.47705661
0.44065693 0.28171915 0.63706395 0.60805141 0.44104281 0.39385152 0.56848193 1.00000000 0.56292992 0.52694119 0.54137459 0.66021308 0.59415861 0.48803699 0.38950287 0.55538246 0.44984374 0.56356665 0.56732253 0.51452135 0.61933307 0.36365848 0.54531283 0.62105334 0.58499033 0.51789058 0.42858651 0.47077939 0.37988129 0.42222134 0.46602732 0.54312771 0.48307782 0.58742779 0.40639098 0.46915909 0.35686446 0.55803459 0.45415298 0.39804410 0.51670083 0.34509718 0.58601632 0.57272554 0.54949283 0.53522864 0.63200268 0.24887268 0.54291128 0.65999440 0.61820131 0.54890907 0.45800209 0.37698220 0.24804562 0.44102521 0.19341772 0.31635240 0.40463795 0.54570182 0.19369729 0.23263433 0.53183587 0.58693083 0.57460786 0.43864048 0.55154921 0.35190958 0.43764356 0.47923443 0.48224545 0.35362295 0.33739180 0.25781953 0.56164648 0.55078701 0.44488207 0.49099175
0.15713973 0.27692027 0.70475749 0.40025374 0.22355213 0.41289437 0.48339501 0.56292992 1.00000000 0.43503792 0.47393021 0.51461412 0.54791802 0.28615846 0.16959827 0.33657013 0.36475028 0.43453230 0.46064857 0.46455269 0.44602643 0.29919497 0.47739760 0.54875258 0.42873109 0.46772418 0.27921020 0.43966973 0.41003378 0.31344182 0.40030407 0.38979859 0.37417303 0.45648550 0.44476971 0.40899735 0.32858525 0.42164280 0.35440820 0.21587745 0.35594006 0.21473339 0.45849967 0.36817445 0.37862565 0.36207315 0.48278689 0.15038945 0.41581457 0.50668170 0.39909106 0.36208170 0.27528169 0.23720044 0.15085681 0.29660835 0.14909091 0.18256480 0.26898050 0.36718864 0.18232197 0.11818288 0.31114614 0.40888043 0.34544192 0.30499139 0.42177106 0.22618057 0.23484918 0.27810157 0.35543306 0.26315091 0.21106276 0.21250351 0.36733503 0.32318079 0.34897316 0.31968787
0.43221247 0.17231514 0.55169573 0.52090819 0.63226103 0.44591167 0.56460094 0.52694119 0.43503792 1.00000000 0.51925673 0.59868520 0.57400438 0.52468743 0.41450046 0.48410134 0.46169489 0.56552001 0.50627944 0.44304707 0.50890484 0.38899410 0.61848850 0.52798206 0.46246483 0.48805631 0.49016306 0.42344790 0.42116236 0.32859543 0.47964493 0.44808810 0.32671126 0.55575736 0.37086853 0.50028690 0.40646810 0.46039989 0.47739371 0.32453390 0.39861806 0.27663358 0.48154326 0.49965374 0.38881612 0.38225841 0.50990703 0.08695933 0.59317369 0.58748423 0.52357744 0.45700364 0.41385928 0.38378550 0.23065456 0.34566848 0.34258984 0.28823791 0.20368367 0.46048609 0.16966713 0.28688500 0.36710680 0.53460001 0.56233529 0.53961745 0.43215094 0.33304202 0.40155515 0.40229091 0.39763380 0.33996545 0.21614902 0.24351771 0.53606825 0.39229599 0.41260070 0.40550221
0.25700669 0.27432962 0.56406726 0.53259865 0.44523277 0.58756245 0.58023056 0.54137459 0.47393021 0.51925673 1.00000000 0.66851075 0.55784278 0.40385373 0.35449168 0.43951442 0.57391816 0.43726465 0.45527598 0.56574389 0.53222732 0.45235934 0.61132418 0.63176689 0.47939539 0.53997874 0.45793940 0.47725520 0.39878892 0.51768460 0.42351984 0.36257499 0.43698517 0.43425698 0.53800464 0.46998898 0.53953226 0.43663383 0.52190789 0.27048548 0.36596267 0.39030017 0.51421020 0.37450019 0.33131396 0.40449512 0.47469028 0.21644951 0.33846578 0.55686970 0.50414747 0.40520549 0.39654557 0.44798845 0.29063788 0.47227928 0.28407189 0.32739907 0.37993766 0.47136354 0.35850850 0.29389118 0.44901808 0.56576730 0.52211137 0.55377237 0.39283463 0.35193497 0.50225230 0.45204286 0.41413583 0.42796194 0.32853718 0.42934400 0.49733991 0.46738694 0.57848140 0.45654741
0.46309613 0.27623543 0.62912328 0.67297979 0.51868321 0.46875394 0.63623289 0.66021308 0.51461412 0.59868520 0.66851075 1.00000000 0.65495027 0.58139484 0.46670710 0.53252934 0.59647323 0.54547532 0.51402282 0.59276163 0.63304271 0.52955638 0.63997189 0.67073888 0.59734361 0.57063697 0.52112097 0.48446083 0.41078523 0.52049539 0.51980835 0.48378860 0.50271072 0.56050844 0.46951586 0.47979702 0.52213517 0.54630538 0.55582519 0.38444008 0.47776597 0.41405801 0.59437193 0.52861071 0.42932321 0.51399132 0.57127669 0.22478966 0.48924313 0.66894393 0.66625161 0.53793071 0.46754011 0.47033149 0.28801638 0.52090768 0.26796073 0.35383747 0.42295148 0.55168087 0.30623474 0.31972210 0.55326970 0.64683871 0.63418238 0.57618391 0.51386545 0.38251466 0.55206250 0.50127447 0.49665311 0.41477457 0.38040411 0.36167764 0.60561536 0.55886035 0.56052624 0.52091211
0.36651603 0.28575088 0.63381055 0.52693924 0.40146275 0.50095835 0.57261999 0.59415861 0.54791802 0.57400438 0.55784278 0.65495027 1.00000000 0.48417256 0.42293621 0.40652530 0.42678313 0.59994782 0.54803807 0.51220141 0.54179564 0.33617821 0.57485855 0.59089131 0.46794743 0.60079659 0.37513054 0.50947891 0.38568737 0.35855320 0.51404685 0.43134745 0.38805562 0.51743193 0.48750930 0.46795462 0.33861991 0.43025873 0.49223097 0.22018298 0.47520188 0.29685460 0.56170903 0.50656566 0.42856751 0.47851960 0.57929274 0.15493079 0.58279898 0.62760952 0.47838306 0.44581248 0.31725403 0.33551433 0.19081510 0.37980443 0.27663929 0.24667176 0.30645721 0.43083117 0.17218987 0.18501915 0.37229484 0.58584576 0.51187786 0.45418414 0.47960869 0.31960475 0.42479535 0.42758412 0.45635168 0.36727746 0.26366870 0.22559769 0.51808452 0.38417187 0.42304386 0.42699894
0.56160547 0.19724532 0.45275787 0.60003568 0.50041866 0.26238575 0.57238743 0.48803699 0.28615846 0.52468743 0.40385373 0.58139484 0.48417256 1.00000000 0.68326475 0.64707185 0.49291165 0.63076754 0.49834582 0.56689864 0.62596210 0.57720065 0.56421741 0.60546095 0.59201980 0.55593655 0.51394423 0.44199631 0.26441341 0.39133492 0.44642508 0.49692099 0.43417673 0.56591994 0.31534138 0.31804883 0.31809109 0.51965001 0.46659887 0.41397708 0.52943695 0.28140833 0.54115028 0.48920423 0.41163767 0.49916433 0.52355413 0.23303240 0.50274623 0.59103315 0.55576736 0.51154091 0.44589489 0.37531914 0.20697062 0.39738256 0.21038496 0.25947656 0.32465189 0.45837248 0.21261886 0.15828080 0.47765575 0.53508633 0.55542332 0.50685931 0.48938336 0.36284230 0.48597909 0.51564982 0.43915481 0.38324170 0.34805032 0.23048503 0.50821912 0.49558868 0.42020775 0.42517596
0.53388351 0.14890318 0.32485834 0.49620493 0.45822553 0.23922272 0.53394606 0.38950287 0.16959827 0.41450046 0.35449168 0.46670710 0.42293621 0.68326475 1.00000000 0.51043258 0.49991620 0.57769650 0.44086728 0.46677047 0.54255533 0.46779532 0.46513605 0.50610522 0.46730461 0.46547249 0.42484001 0.35979778 0.26294930 0.35792421 0.31354670 0.31206731 0.36423074 0.39150572 0.35855152 0.29656814 0.32010289 0.30284027 0.30960494 0.29218545 0.39706449 0.29722904 0.43572891 0.33918919 0.33396347 0.43725746 0.38056653 0.26709513 0.35418115 0.46504293 0.43015321 0.36908047 0.30290950 0.36981800 0.15626502 0.36900879 0.19759340 0.19169794 0.33939176 0.41198841 0.26666524 0.17814902 0.39554318 0.49964213 0.41546049 0.46460373 0.40173297 0.30204027 0.44908068 0.50321256 0.35765186 0.45192746 0.36370061 0.26913444 0.42929414 0.39566791 0.42421764 0.40184471
0.41563517 0.18015028 0.45137359 0.54454137 0.43135643 0.28290725 0.49437390 0.55538246 0.33657013 0.48410134 0.43951442 0.53252934 0.40652530 0.64707185 0.51043258 1.00000000 0.55994230 0.62195840 0.53262726 0.58368098 0.64976276 0.48317804 0.59315673 0.65136776 0.61090840 0.51791114 0.46594691 0.45081521 0.30914341 0.40687387 0.39139586 0.49630734 0.42863899 0.53634747 0.34680359 0.37981415 0.38456085 0.50248668 0.45357628 0.38303823 0.44649988 0.29877132 0.51373866 0.45345088 0.41987551 0.45407815 0.50819710 0.20023429 0.43961618 0.56049828 0.53108363 0.47056639 0.40301331 0.35157557 0.24602856 0.39107075 0.17864182 0.26908153 0.32931723 0.49203781 0.17830737 0.20541917 0.48123321 0.52831220 0.52624547 0.46460539 0.43428810 0.39159385 0.45742249 0.51663674 0.40592608 0.33070881 0.28949329 0.25863390 0.51345480 0.55045664 0.40751005 0.39650189
0.29557392 0.15965073 0.42306832 0.54896477 0.36672829 0.34574819 0.53116807 0.44984374 0.36475028 0.46169489 0.57391816 0.59647323 0.42678313 0.49291165 0.49991620 0.55994230 1.00000000 0.49393565 0.47490171 0.61979027 0.62262491 0.55215237 0.64479269 0.67509597 0.58718382 0.58901927 0.46293625 0.42796123 0.39411309 0.49217221 0.39492352 0.34844920 0.46003024 0.43213528 0.47131930 0.42024936 0.48984059 0.43390386 0.45131057 0.32952680 0.34829758 0.37172588 0.51915137 0.36441450 0.28240583 0.43108890 0.42685406 0.23713006 0.30260631 0.53315707 0.51279407 0.35364499 0.34559030 0.45043918 0.21301073 0.46852721 0.19306192 0.28086593 0.39816741 0.45474798 0.30324449 0.24105195 0.46412020 0.55960479 0.49278749 0.50939037 0.39979351 0.32531606 0.53401523 0.49111667 0.39890251 0.45420027 0.34276647 0.43758148 0.49060597 0.48416973 0.55048255 0.43064014
0.40830326 0.18798551 0.57957088 0.55291729 0.42581302 0.34491820 0.51697071 0.56356665 0.43453230 0.56552001 0.43726465 0.54547532 0.59994782 0.63076754 0.57769650 0.62195840 0.49393565 1.00000000 0.67995834 0.60911354 0.62154151 0.43272741 0.65772595 0.67102960 0.56609614 0.66145377 0.44591596 0.47830954 0.41180019 0.31761673 0.49706207 0.52047948 0.37730331 0.56020327 0.43229181 0.41413607 0.28814688 0.49389334 0.45231331 0.28062589 0.49239586 0.28417285 0.55803123 0.51432528 0.47091366 0.49123442 0.54847477 0.21093369 0.59343781 0.63663209 0.49103452 0.49139011 0.32944018 0.32323882 0.19648480 0.36253931 0.29335214 0.25789971 0.29720235 0.47855827 0.13497923 0.14392920 0.36347947 0.61179832 0.51929335 0.46520599 0.50235818 0.36620098 0.41550531 0.48367275 0.47570310 0.41494929 0.28018380 0.20209627 0.48403845 0.43387229 0.41788206 0.40656787
0.35237533 0.26025485 0.56442380 0.55634797 0.35165841 0.36104795 0.51596475 0.56732253 0.46064857 0.50627944 0.45527598 0.51402282 0.54803807 0.49834582 0.44086728 0.53262726 0.47490171 0.67995834 1.00000000 0.63147417 0.62157927 0.46518577 0.59357990 0.65617255 0.62791949 0.58783585 0.39798231 0.49029795 0.44761098 0.33679904 0.45081004 0.43426098 0.42951345 0.50228303 0.47949382 0.42167107 0.33586054 0.48301740 0.41562079 0.29618328 0.47901594 0.34652602 0.59793431 0.48324214 0.46377231 0.49695333 0.53565453 0.28123080 0.53142567 0.61897803 0.52171572 0.50733641 0.35425971 0.35064527 0.25205048 0.43544265 0.26741775 0.27127248 0.42713416 0.45537438 0.24360449 0.18926477 0.42232646 0.59089569 0.49976852 0.41600399 0.47732685 0.32936281 0.39941939 0.44374842 0.45285923 0.37805407 0.29106407 0.26597936 0.46607671 0.43945980 0.43540206 0.38532883
0.32960867 0.24962291 0.53276295 0.62545657 0.35325175 0.41598801 0.63954037 0.51452135 0.46455269 0.44304707 0.56574389 0.59276163 0.51220141 0.56689864 0.46677047 0.58368098 0.61979027 0.60911354 0.63147417 1.00000000 0.67482546 0.59116179 0.62370173 0.68843971 0.63026689 0.61366069 0.47890086 0.49176154 0.47512312 0.41167166 0.40069337 0.43855144 0.52422853 0.48680037 0.53725468 0.38848927 0.43199464 0.52687534 0.44541639 0.27439775 0.41490739 0.39027315 0.57784366 0.35658086 0.40848897 0.52719589 0.47228566 0.36268628 0.39226082 0.55284756 0.53197380 0.47570198 0.33338574 0.38045555 0.25674747 0.51335235 0.21135821 0.30853550 0.52722735 0.48693566 0.38413616 0.20830421 0.48191062 0.58968919 0.47259297 0.49659523 0.45717181 0.39507970 0.49387294 0.48471307 0.46360535 0.51671278 0.37449418 0.38998833 0.44332163 0.48708959 0.56935801 0.43768039
0.40606526 0.20679497 0.57208990 0.58212904 0.43041680 0.39301450 0.60843727 0.61933307 0.44602643 0.50890484 0.53222732 0.63304271 0.54179564 0.62596210 0.54255533 0.64976276 0.62262491 0.62154151 0.62157927 0.67482546 1.00000000 0.54727508 0.63831111 0.69865663 0.69582883 0.62064520 0.49111889 0.46017653 0.44366408 0.41632619 0.42826657 0.46995236 0.48558143 0.58220968 0.43773609 0.41748786 0.37461096 0.48037156 0.39999650 0.37469274 0.44624049 0.38852403 0.57300251 0.48966832 0.46870534 0.53144388 0.57580310 0.30263008 0.51030819 0.61512127 0.57989572 0.47583413 0.38841218 0.39646697 0.22355416 0.48122169 0.23612775 0.30817105 0.46816525 0.56330203 0.25848467 0.24927664 0.49038762 0.64232013 0.51423788 0.52022921 0.52759063 0.40151635 0.47076749 0.54989567 0.49599248 0.48117706 0.43320320 0.32588294 0.54850589 0.56881024 0.52770182 0.45623599
0.37449525 0.24268037 0.36342827 0.47207583 0.38281852 0.33107554 0.50018614 0.36365848 0.29919497 0.38899410 0.45235934 0.52955638 0.33617821 0.57720065 0.46779532 0.48317804 0.55215237 0.43272741 0.46518577 0.59116179 0.54727508 1.00000000 0.52174020 0.57671157 0.54677055 0.43023349 0.46284827 0.34361271 0.31087142 0.42509496 0.34432646 0.30943977 0.42665898 0.37584193 0.36608181 0.30279595 0.40931939 0.40444411 0.37006374 0.35993285 0.33888290 0.33260726 0.46880254 0.33775330 0.29223403 0.41166499 0.35869868 0.24300163 0.28116286 0.44484332 0.50785061 0.39943451 0.38805714 0.40044343 0.26684808 0.44540183 0.21661875 0.30163693 0.40667335 0.39283029 0.36627588 0.23868552 0.43491980 0.44920144 0.44415908 0.43393867 0.35898415 0.32957354 0.42762190 0.41448542 0.36873477 0.34438636 0.29256880 0.35854683 0.41764619 0.42167404 0.46272943 0.39742040
0.28019144 0.12024623 0.54899180 0.52458260 0.48171706 0.44051770 0.53379471 0.54531283 0.47739760 0.61848850 0.61132418 0.63997189 0.57485855 0.56421741 0.46513605 0.59315673 0.64479269 0.65772595 0.59357990 0.62370173 0.63831111 0.52174020 1.00000000 0.70219268 0.54803413 0.66844032 0.55167745 0.42750556 0.46928641 0.39129835 0.46386948 0.47178949 0.38762561 0.56105606 0.42154083 0.53034140 0.46439268 0.48316862 0.53064414 0.31380053 0.39042279 0.30311146 0.53323776 0.51686799 0.40719875 0.41921730 0.53271075 0.07807726 0.54450775 0.61438526 0.53428388 0.43258048 0.41857953 0.47834534 0.28742819 0.42471765 0.35714815 0.35522562 0.25225354 0.53438912 0.24420667 0.32164911 0.40875287 0.61212977 0.60403361 0.57097978 0.42730139 0.31121798 0.43883283 0.43484252 0.40859042 0.38441475 0.25190790 0.30578967 0.53764579 0.40607984 0.50367068 0.41539446
0.35188991 0.29161370 0.63549967 0.59627794 0.39048949 0.42620208 0.59763795 0.62105334 0.54875258 0.52798206 0.63176689 0.67073888 0.59089131 0.60546095 0.50610522 0.65136776 0.67509597 0.67102960 0.65617255 0.68843971 0.69865663 0.57671157 0.70219268 1.00000000 0.66688595 0.72950608 0.47658178 0.57376291 0.44693050 0.50259908 0.48997619 0.49458102 0.51154763 0.55683462 0.53628383 0.46211220 0.47937556 0.56227568 0.53530348 0.37749780 0.53547361 0.37350334 0.64908277 0.51047280 0.46995752 0.55213241 0.60335716 0.25228467 0.49656757 0.70735946 0.60379813 0.52548667 0.41096610 0.42292158 0.21926786 0.49746196 0.20846180 0.29843023 0.43387802 0.50679218 0.26450247 0.19228258 0.55117240 0.63979081 0.57826438 0.52076790 0.55880656 0.37547776 0.52507450 0.53858283 0.49781961 0.45065776 0.35065770 0.37265751 0.56443388 0.57112705 0.54626247 0.49914973
0.40656911 0.23573033 0.55162585 0.55066501 0.40847689 0.32333933 0.54041181 0.58499033 0.42873109 0.46246483 0.47939539 0.59734361 0.46794743 0.59201980 0.46730461 0.61090840 0.58718382 0.56609614 0.62791949 0.63026689 0.69582883 0.54677055 0.54803413 0.66688595 1.00000000 0.57845953 0.50027421 0.48152045 0.39075174 0.41504269 0.46759392 0.50391009 0.53150313 0.56149896 0.39555717 0.40413253 0.39753250 0.56935133 0.43969642 0.45250655 0.46108738 0.36094143 0.57383945 0.49047576 0.45402026 0.51566418 0.54267321 0.30800342 0.45263136 0.60290096 0.60584459 0.51784733 0.46345422 0.35957326 0.23899569 0.43399130 0.18409051 0.29126063 0.45232955 0.48383121 0.25726438 0.22128604 0.52070067 0.54827021 0.53244026 0.48773536 0.50784304 0.36462690 0.46111808 0.51139097 0.48288052 0.39261258 0.37591678 0.29563447 0.52165554 0.54581363 0.49557647 0.45855132
0.31057680 0.19766464 0.55856806 0.53179534 0.34442979 0.39261986 0.51471439 0.51789058 0.46772418 0.48805631 0.53997874 0.57063697 0.60079659 0.55593655 0.46547249 0.51791114 0.58901927 0.66145377 0.58783585 0.61366069 0.62064520 0.43023349 0.66844032 0.72950608 0.57845953 1.00000000 0.42803420 0.49333425 0.38353101 0.37910512 0.47115063 0.47725798 0.41348928 0.53639970 0.47270353 0.41916407 0.37368867 0.48025731 0.50017127 0.28705147 0.47031511 0.29513310 0.55724402 0.49181597 0.41184214 0.48403126 0.55443886 0.20476839 0.48969582 0.61877804 0.49332612 0.46583718 0.34685854 0.35150945 0.17519976 0.39120803 0.21660835 0.23586645 0.32233826 0.44551980 0.21682907 0.17908963 0.41093582 0.57796505 0.54146294 0.49236455 0.48275296 0.33978729 0.49248542 0.48391231 0.44810378 0.41972500 0.31721117 0.25985298 0.49975324 0.45051252 0.47257687 0.41849729
0.40781164 0.10916356 0.37830564 0.48990884 0.51499493 0.36737601 0.47255893 0.42858651 0.27921020 0.49016306 0.45793940 0.52112097 0.37513054 0.51394423 0.42484001 0.46594691 0.46293625 0.44591596 0.39798231 0.47890086 0.49111889 0.46284827 0.55167745 0.47658178 0.50027421 0.42803420 1.00000000 0.40273681 0.46881420 0.35212960 0.45479016 0.49708327 0.45368520 0.56184417 0.36441388 0.50787865 0.43727993 0.54191878 0.47035229 0.42950646 0.35651671 0.30167868 0.41530074 0.43113723 0.33421627 0.35865479 0.39945242 0.14893359 0.38145419 0.47014536 0.52874657 0.44733702 0.50613454 0.47655121 0.30736086 0.43560341 0.34837813 0.32632429 0.27546514 0.48911826 0.36213402 0.35451664 0.43780090 0.48219336 0.57533370 0.59678734 0.38561086 0.38298073 0.43535355 0.43582910 0.38266775 0.40518847 0.32060432 0.31146008 0.49175202 0.40543749 0.47033855 0.42572120
0.29992549 0.33351362 0.53441805 0.47726691 0.27137355 0.35275832 0.49484015 0.47077939 0.43966973 0.42344790 0.47725520 0.48446083 0.50947891 0.44199631 0.35979778 0.45081521 0.42796123 0.47830954 0.49029795 0.49176154 0.46017653 0.34361271 0.42750556 0.57376291 0.48152045 0.49333425 0.40273681 1.00000000 0.47887801 0.53309787 0.46695814 0.54246169 0.48398478 0.50762558 0.54411941 0.36924418 0.38334223 0.50179440 0.50507395 0.30813062 0.49848839 0.24427404 0.55874069 0.42428450 0.43805877 0.47784921 0.54451143 0.27728450 0.44189716 0.56747601 0.44486525 0.44342560 0.31394941 0.34310362 0.15696573 0.38221846 0.12502007 0.20893631 0.36550886 0.38597520 0.21808485 0.10916037 0.42328350 0.49067899 0.40011575 0.37727636 0.51473692 0.34770949 0.41014476 0.44430956 0.39374746 0.38471638 0.32332786 0.29734991 0.42761945 0.46380117 0.44253502 0.41139619
0.16487800 0.20263721 0.43371016 0.39861881 0.27844838 0.36094289 0.42244515 0.37988129 0.41003378 0.42116236 0.39878892 0.41078523 0.38568737 0.26441341 0.26294930 0.30914341 0.39411309 0.41180019 0.44761098 0.47512312 0.44366408 0.31087142 0.46928641 0.44693050 0.39075174 0.38353101 0.46881420 0.47887801 1.00000000 0.37237617 0.46263121 0.45543802 0.40355363 0.46754808 0.50032609 0.52903728 0.48799419 0.40525614 0.43074098 0.22989870 0.27216591 0.29848049 0.40653796 0.31382352 0.31726793 0.35090559 0.38309154 0.20253001 0.39448221 0.42738181 0.39736031 0.35693965 0.27191182 0.32838273 0.24226220 0.34579671 0.25067484 0.25519519 0.29456320 0.37975615 0.25616579 0.24474996 0.25993163 0.41701099 0.34013977 0.36620314 0.35539249 0.28640528 0.24916473 0.28658830 0.32384664 0.35211546 0.29460588 0.26992102 0.34931251 0.28299792 0.41365348 0.32080510
0.31314970 0.24536002 0.35046780 0.43142520 0.29839104 0.34377555 0.45639738 0.42222134 0.31344182 0.32859543 0.51768460 0.52049539 0.35855320 0.39133492 0.35792421 0.40687387 0.49217221 0.31761673 0.33679904 0.41167166 0.41632619 0.42509496 0.39129835 0.50259908 0.41504269 0.37910512 0.35212960 0.53309787 0.37237617 1.00000000 0.41613516 0.36019057 0.54170284 0.35105405 0.53610114 0.40444696 0.53976786 0.43391894 0.52097856 0.30416639 0.37641318 0.29410224 0.48453683 0.33458798 0.35940737 0.42660287 0.42126363 0.20523101 0.24403791 0.48075888 0.48105161 0.37366895 0.35685586 0.39250604 0.22294120 0.41420822 0.11640050 0.25243599 0.38648656 0.40079409 0.32034588 0.21245262 0.44791375 0.45755803 0.38726821 0.38225498 0.41819004 0.27816858 0.47354007 0.43202244 0.37879984 0.39060726 0.34568248 0.40536897 0.42788619 0.46414298 0.47569437 0.43953112
0.35466080 0.16985207 0.50086831 0.41201023 0.36819766 0.31144057 0.42380836 0.46602732 0.40030407 0.47964493 0.42351984 0.51980835 0.51404685 0.44642508 0.31354670 0.39139586 0.39492352 0.49706207 0.45081004 0.40069337 0.42826657 0.34432646 0.46386948 0.48997619 0.46759392 0.47115063 0.45479016 0.46695814 0.46263121 0.41613516 1.00000000 0.50323738 0.51902223 0.55387566 0.48343864 0.57527348 0.51174407 0.60336844 0.58741388 0.31923118 0.38311333 0.33085023 0.47899596 0.50324825 0.37625318 0.39236706 0.50802861 0.11101987 0.50704729 0.57364936 0.50957014 0.47072594 0.36521710 0.30791793 0.21369278 0.29992752 0.29897393 0.26069126 0.22641866 0.39326425 0.17685303 0.20309653 0.38564179 0.45108263 0.49733632 0.40971108 0.41165332 0.27970392 0.34624741 0.35945033 0.36005208 0.28013039 0.22455929 0.25928893 0.49731251 0.35250804 0.38805792 0.40617681
0.36352182 0.16452621 0.51044804 0.44647202 0.36367881 0.27224053 0.41984050 0.54312771 0.38979859 0.44808810 0.36257499 0.48378860 0.43134745 0.49692099 0.31206731 0.49630734 0.34844920 0.52047948 0.43426098 0.43855144 0.46995236 0.30943977 0.47178949 0.49458102 0.50391009 0.47725798 0.49708327 0.54246169 0.45543802 0.36019057 0.50323738 1.00000000 0.46167503 0.61952221 0.39683347 0.43752075 0.35524911 0.65582381 0.55482251 0.39361998 0.40213614 0.20977117 0.46281820 0.50236773 0.45056856 0.42016876 0.53267424 0.16392609 0.49236228 0.54949679 0.51178836 0.48739850 0.42913306 0.31484793 0.21540026 0.33134199 0.21336031 0.24390872 0.25309157 0.45218995 0.15890202 0.19425699 0.40188018 0.44361705 0.50595255 0.39588055 0.47812198 0.33177847 0.35925595 0.41570852 0.40835456 0.27144407 0.27079826 0.19160877 0.47050026 0.44775539 0.38813108 0.38997162
0.37977821 0.26975881 0.43312963 0.46667892 0.28665584 0.27791991 0.52313732 0.48307782 0.37417303 0.32671126 0.43698517 0.50271072 0.38805562 0.43417673 0.36423074 0.42863899 0.46003024 0.37730331 0.42951345 0.52422853 0.48558143 0.42665898 0.38762561 0.51154763 0.53150313 0.41348928 0.45368520 0.48398478 0.40355363 0.54170284 0.51902223 0.46167503 1.00000000 0.53606031 0.56045035 0.42383520 0.45937026 0.57086522 0.47366641 0.36631613 0.38836867 0.34285358 0.49957054 0.37137722 0.38723889 0.48893723 0.46994369 0.30908945 0.30006798 0.48182753 0.49632734 0.45281391 0.39000041 0.32931891 0.19897985 0.40124213 0.14091017 0.24502335 0.44946891 0.41814802 0.32525785 0.20195240 0.47940245 0.44461717 0.41883197 0.41040027 0.46113298 0.31658931 0.42147539 0.44832209 0.41930859 0.44546491 0.37619109 0.37179352 0.42790516 0.45192877 0.47661296 0.43873788
0.39347988 0.16967807 0.54850438 0.51412076 0.44959409 0.30498944 0.50665067 0.58742779 0.45648550 0.55575736 0.43425698 0.56050844 0.51743193 0.56591994 0.39150572 0.53634747 0.43213528 0.56020327 0.50228303 0.48680037 0.58220968 0.37584193 0.56105606 0.55683462 0.56149896 0.53639970 0.56184417 0.50762558 0.46754808 0.35105405 0.55387566 0.61952221 0.53606031 1.00000000 0.45764006 0.57481923 0.40497381 0.63992949 0.53925316 0.39009542 0.47686141 0.25896320 0.51221255 0.53369185 0.46566735 0.45060936 0.60080483 0.17195889 0.57167062 0.60717305 0.54427260 0.51534976 0.43276634 0.34030042 0.23880503 0.36318209 0.26473647 0.29776241 0.28076526 0.51857819 0.17428326 0.21756645 0.42875094 0.54537951 0.53468637 0.47628997 0.48798353 0.36200844 0.39288521 0.42601961 0.45741148 0.36667453 0.32475838 0.23191845 0.54515051 0.44396835 0.39697929 0.45206618
0.23755500 0.26509457 0.48471941 0.43908441 0.23607301 0.37295298 0.48164247 0.40639098 0.44476971 0.37086853 0.53800464 0.46951586 0.48750930 0.31534138 0.35855152 0.34680359 0.47131930 0.43229181 0.47949382 0.53725468 0.43773609 0.36608181 0.42154083 0.53628383 0.39555717 0.47270353 0.36441388 0.54411941 0.50032609 0.53610114 0.48343864 0.39683347 0.56045035 0.45764006 1.00000000 0.52805911 0.52129764 0.45508047 0.51063030 0.18250866 0.36017422 0.35965100 0.52704990 0.32099232 0.34167771 0.44351251 0.45736247 0.29638360 0.32766960 0.50050500 0.40532561 0.34991689 0.24769660 0.33715528 0.19603257 0.40381956 0.18738951 0.23997067 0.41525427 0.39630870 0.34797789 0.18384867 0.39637647 0.48476154 0.34522658 0.37470054 0.42864005 0.30080155 0.38660527 0.39230079 0.41401589 0.47458237 0.31240891 0.39464023 0.38768462 0.36016932 0.50926618 0.41017399
0.22542051 0.06759941 0.43501862 0.37227123 0.37247463 0.31717792 0.40652995 0.46915909 0.40899735 0.50028690 0.46998898 0.47979702 0.46795462 0.31804883 0.29656814 0.37981415 0.42024936 0.41413607 0.42167107 0.38848927 0.41748786 0.30279595 0.53034140 0.46211220 0.40413253 0.41916407 0.50787865 0.36924418 0.52903728 0.40444696 0.57527348 0.43752075 0.42383520 0.57481923 0.52805911 1.00000000 0.58241466 0.50522238 0.56399139 0.26115639 0.26859524 0.31472217 0.42287168 0.44750542 0.31155885 0.33214868 0.46344665 0.05149830 0.45945727 0.51673989 0.48737306 0.39448486 0.36229457 0.36599981 0.29511500 0.32002390 0.35001342 0.28661827 0.20920276 0.42947912 0.21284425 0.31363874 0.33759624 0.45308670 0.45842519 0.39747997 0.34522376 0.22918734 0.30506705 0.31691699 0.36208788 0.30589023 0.22154750 0.27803138 0.48355356 0.29554020 0.40176005 0.41951030
0.23756509 0.13870568 0.31557348 0.36996533 0.35079092 0.35891344 0.44328620 0.35686446 0.32858525 0.40646810 0.53953226 0.52213517 0.33861991 0.31809109 0.32010289 0.38456085 0.48984059 0.28814688 0.33586054 0.43199464 0.37461096 0.40931939 0.46439268 0.47937556 0.39753250 0.37368867 0.43727993 0.38334223 0.48799419 0.53976786 0.51174407 0.35524911 0.45937026 0.40497381 0.52129764 0.58241466 1.00000000 0.39069100 0.56912485 0.30150979 0.21707178 0.36759645 0.35752204 0.30615864 0.22687397 0.32205801 0.33873798 0.13460421 0.24621492 0.43275508 0.47704681 0.35934683 0.37327532 0.40537538 0.31314801 0.38908097 0.25839362 0.26714253 0.29977407 0.38825833 0.35344218 0.34940023 0.41122669 0.40946179 0.43789658 0.45946545 0.30311384 0.27389902 0.40755858 0.34299537 0.31663730 0.30577492 0.29268655 0.36577699 0.45773839 0.39066431 0.49091460 0.39664532
0.37366924 0.19107159 0.54348922 0.54813018 0.37261726 0.26861235 0.50077380 0.55803459 0.42164280 0.46039989 0.43663383 0.54630538 0.43025873 0.51965001 0.30284027 0.50248668 0.43390386 0.49389334 0.48301740 0.52687534 0.48037156 0.40444411 0.48316862 0.56227568 0.56935133 0.48025731 0.54191878 0.50179440 0.40525614 0.43391894 0.60336844 0.65582381 0.57086522 0.63992949 0.45508047 0.50522238 0.39069100 1.00000000 0.59907290 0.37449107 0.46329316 0.26696276 0.53858659 0.48669335 0.43064746 0.45142353 0.53723338 0.19917567 0.44760585 0.58311781 0.57131648 0.54003079 0.44517015 0.33698705 0.22433246 0.40936631 0.19054309 0.28937551 0.33744553 0.46038373 0.23292623 0.15059878 0.49227447 0.48607443 0.56520062 0.43401920 0.45194499 0.32981806 0.45637886 0.41482757 0.39589182 0.34878130 0.25381715 0.28677924 0.48674349 0.45269606 0.43722006 0.42224340
0.32979026 0.15251795 0.43140811 0.49910129 0.38776207 0.33791778 0.45347568 0.45415298 0.35440820 0.47739371 0.52190789 0.55582519 0.49223097 0.46659887 0.30960494 0.45357628 0.45131057 0.45231331 0.41562079 0.44541639 0.39999650 0.37006374 0.53064414 0.53530348 0.43969642 0.50017127 0.47035229 0.50507395 0.43074098 0.52097856 0.58741388 0.55482251 0.47366641 0.53925316 0.51063030 0.56399139 0.56912485 0.59907290 1.00000000 0.28343514 0.38399296 0.28344762 0.48233596 0.44807177 0.30006040 0.37905113 0.48954911 0.09263408 0.40531082 0.55913791 0.50179969 0.44057618 0.43368804 0.42219398 0.28376742 0.38539211 0.27536744 0.31099491 0.23849362 0.41396136 0.30434211 0.26631694 0.42494392 0.48651580 0.56089036 0.51224975 0.39684168 0.31852020 0.46997820 0.37324907 0.40929834 0.30187506 0.23411675 0.33624971 0.50239915 0.40062473 0.46729138 0.38959810
0.40933681 0.17665557 0.26738212 0.30189662 0.36503301 0.23530538 0.33269886 0.39804410 0.21587745 0.32453390 0.27048548 0.38444008 0.22018298 0.41397708 0.29218545 0.38303823 0.32952680 0.28062589 0.29618328 0.27439775 0.37469274 0.35993285 0.31380053 0.37749780 0.45250655 0.28705147 0.42950646 0.30813062 0.22989870 0.30416639 0.31923118 0.39361998 0.36631613 0.39009542 0.18250866 0.26115639 0.30150979 0.37449107 0.28343514 1.00000000 0.38298762 0.33841883 0.37998563 0.45150619 0.37145403 0.42523485 0.42828720 0.28901111 0.36908603 0.44612102 0.54904975 0.49908922 0.54012785 0.40180758 0.24776354 0.31932754 0.23702651 0.31154665 0.32016879 0.38055022 0.21724281 0.28784560 0.45161144 0.39903019 0.51518159 0.38640928 0.41154157 0.23805693 0.31750431 0.39495263 0.34930058 0.27366793 0.36513446 0.20299207 0.38137507 0.45277723 0.36780295 0.40145040
0.39573378 0.28831475 0.48169134 0.52443397 0.31745894 0.25196302 0.45630550 0.51670083 0.35594006 0.39861806 0.36596267 0.47776597 0.47520188 0.52943695 0.39706449 0.44649988 0.34829758 0.49239586 0.47901594 0.41490739 0.44624049 0.33888290 0.39042279 0.53547361 0.46108738 0.47031511 0.35651671 0.49848839 0.27216591 0.37641318 0.38311333 0.40213614 0.38836867 0.47686141 0.36017422 0.26859524 0.21707178 0.46329316 0.38399296 0.38298762 1.00000000 0.30415359 0.62776095 0.56296711 0.50631097 0.59380977 0.60529025 0.31545771 0.53587214 0.63298824 0.53381162 0.54653142 0.36450351 0.34238508 0.17785484 0.37744991 0.12566663 0.23262064 0.38047666 0.41725348 0.15685664 0.06365028 0.48763973 0.53004301 0.50491395 0.37891788 0.51188821 0.32463563 0.44575150 0.41234647 0.38082471 0.35308332 0.26044159 0.18929015 0.44329717 0.44634339 0.36980909 0.37601690
0.25707372 0.16292031 0.31175668 0.37113765 0.26631961 0.28540227 0.39599498 0.34509718 0.21473339 0.27663358 0.39030017 0.41405801 0.29685460 0.28140833 0.29722904 0.29877132 0.37172588 0.28417285 0.34652602 0.39027315 0.38852403 0.33260726 0.30311146 0.37350334 0.36094143 0.29513310 0.30167868 0.24427404 0.29848049 0.29410224 0.33085023 0.20977117 0.34285358 0.25896320 0.35965100 0.31472217 0.36759645 0.26696276 0.28344762 0.33841883 0.30415359 1.00000000 0.42270886 0.34023918 0.24803708 0.42792434 0.38008387 0.46183359 0.29247354 0.45711468 0.50631964 0.37657575 0.31093663 0.33218492 0.29034980 0.37790970 0.23875746 0.27406260 0.42801678 0.37793983 0.30018916 0.27285285 0.40618621 0.43917399 0.38934212 0.34996571 0.29422066 0.29382937 0.34715496 0.32268159 0.31023521 0.32519192 0.27521882 0.29936319 0.35616562 0.38665781 0.41644146 0.32729288
0.38664985 0.33259571 0.56594564 0.57997559 0.34859521 0.38260024 0.55701050 0.58601632 0.45849967 0.48154326 0.51421020 0.59437193 0.56170903 0.54115028 0.43572891 0.51373866 0.51915137 0.55803123 0.59793431 0.57784366 0.57300251 0.46880254 0.53323776 0.64908277 0.57383945 0.55724402 0.41530074 0.55874069 0.40653796 0.48453683 0.47899596 0.46281820 0.49957054 0.51221255 0.52704990 0.42287168 0.35752204 0.53858659 0.48233596 0.37998563 0.62776095 0.42270886 1.00000000 0.60292550 0.59481838 0.66735865 0.72181111 0.32428993 0.53822104 0.75299971 0.67356492 0.58810670 0.40993488 0.43561231 0.28566928 0.52542573 0.24473865 0.31999953 0.52746748 0.50626527 0.27982929 0.18482419 0.55856574 0.65360476 0.56715294 0.44495345 0.58948191 0.34795998 0.49035621 0.48009856 0.47791901 0.41484543 0.28735030 0.37347321 0.52459523 0.54611663 0.54243727 0.47270435
0.39908042 0.17149157 0.50444339 0.43200674 0.41773546 0.28048555 0.41635819 0.57272554 0.36817445 0.49965374 0.37450019 0.52861071 0.50656566 0.48920423 0.33918919 0.45345088 0.36441450 0.51432528 0.48324214 0.35658086 0.48966832 0.33775330 0.51686799 0.51047280 0.49047576 0.49181597 0.43113723 0.42428450 0.31382352 0.33458798 0.50324825 0.50236773 0.37137722 0.53369185 0.32099232 0.44750542 0.30615864 0.48669335 0.44807177 0.45150619 0.56296711 0.34023918 0.60292550 1.00000000 0.56083919 0.56221893 0.66554270 0.15042462 0.68414132 0.71756633 0.67731161 0.61397776 0.46348387 0.39333412 0.27773940 0.35030540 0.33728587 0.31603963 0.31323044 0.49226991 0.08442144 0.22217813 0.49324995 0.57318827 0.60468651 0.38706636 0.55742563 0.31744079 0.33101612 0.37219736 0.40235933 0.23944922 0.19400625 0.17783699 0.55056635 0.45022766 0.36725505 0.42716659
0.37734143 0.24382145 0.46911454 0.37282029 0.36128681 0.30158228 0.42556779 0.54949283 0.37862565 0.38881612 0.33131396 0.42932321 0.42856751 0.41163767 0.33396347 0.41987551 0.28240583 0.47091366 0.46377231 0.40848897 0.46870534 0.29223403 0.40719875 0.46995752 0.45402026 0.41184214 0.33421627 0.43805877 0.31726793 0.35940737 0.37625318 0.45056856 0.38723889 0.46566735 0.34167771 0.31155885 0.22687397 0.43064746 0.30006040 0.37145403 0.50631097 0.24803708 0.59481838 0.56083919 1.00000000 0.56433621 0.59254767 0.24214172 0.60499064 0.57879712 0.57794384 0.60876202 0.38203475 0.31091623 0.24810300 0.37930348 0.20610225 0.23843636 0.39566962 0.46220225 0.16552270 0.21358010 0.43592386 0.48226767 0.42129446 0.35295936 0.56836458 0.36174536 0.32637588 0.42222453 0.38473811 0.30632636 0.27999186 0.23019437 0.45403987 0.50665395 0.36152873 0.38818542
0.41861297 0.29700808 0.49074144 0.53256360 0.31926713 0.29644739 0.56477242 0.53522864 0.36207315 0.38225841 0.40449512 0.51399132 0.47851960 0.49916433 0.43725746 0.45407815 0.43108890 0.49123442 0.49695333 0.52719589 0.53144388 0.41166499 0.41921730 0.55213241 0.51566418 0.48403126 0.35865479 0.47784921 0.35090559 0.42660287 0.39236706 0.42016876 0.48893723 0.45060936 0.44351251 0.33214868 0.32205801 0.45142353 0.37905113 0.42523485 0.59380977 0.42792434 0.66735865 0.56221893 0.56433621 1.00000000 0.59598498 0.41047208 0.53864047 0.66523040 0.60146537 0.58171416 0.38669850 0.38537847 0.21039835 0.45885797 0.15693558 0.28443245 0.51039146 0.48396552 0.26208356 0.16029917 0.51216056 0.59502823 0.47488908 0.40993735 0.56451044 0.35141374 0.44551178 0.47290761 0.44566963 0.41978478 0.35296638 0.31241916 0.48404352 0.53240889 0.46524351 0.44280077
0.38554287 0.26192716 0.59283370 0.49917518 0.37861057 0.35243077 0.53055556 0.63200268 0.48278689 0.50990703 0.47469028 0.57127669 0.57929274 0.52355413 0.38056653 0.50819710 0.42685406 0.54847477 0.53565453 0.47228566 0.57580310 0.35869868 0.53271075 0.60335716 0.54267321 0.55443886 0.39945242 0.54451143 0.38309154 0.42126363 0.50802861 0.53267424 0.46994369 0.60080483 0.45736247 0.46344665 0.33873798 0.53723338 0.48954911 0.42828720 0.60529025 0.38008387 0.72181111 0.66554270 0.59254767 0.59598498 1.00000000 0.28988165 0.63355070 0.77487163 0.66686773 0.63085690 0.43611235 0.37315221 0.28264944 0.43377185 0.25994314 0.30321741 0.43451677 0.54785174 0.16209785 0.20853547 0.51603413 0.62217353 0.56652855 0.42748277 0.58714523 0.34447253 0.41111115 0.44627685 0.45174586 0.36864579 0.32383422 0.26537133 0.54328699 0.52089192 0.46353713 0.47451227
0.26509726 0.28576763 0.20644045 0.31735097 0.10406134 0.19452823 0.30879645 0.24887268 0.15038945 0.08695933 0.21644951 0.22478966 0.15493079 0.23303240 0.26709513 0.20023429 0.23713006 0.21093369 0.28123080 0.36268628 0.30263008 0.24300163 0.07807726 0.25228467 0.30800342 0.20476839 0.14893359 0.27728450 0.20253001 0.20523101 0.11101987 0.16392609 0.30908945 0.17195889 0.29638360 0.05149830 0.13460421 0.19917567 0.09263408 0.28901111 0.31545771 0.46183359 0.32428993 0.15042462 0.24214172 0.41047208 0.28988165 1.00000000 0.13505999 0.20212156 0.29708378 0.30074038 0.15316872 0.17694130 0.11876324 0.28382050 0.01930367 0.10876576 0.45553855 0.21200127 0.28177415 0.08415366 0.28088219 0.26127498 0.13508645 0.21657416 0.28772416 0.25808159 0.25938374 0.26592712 0.21764539 0.32583876 0.31479868 0.23167881 0.13235468 0.30932412 0.32104545 0.15195836
0.38985050 0.15210745 0.54477478 0.40336864 0.42412713 0.26909569 0.43016334 0.54291128 0.41581457 0.59317369 0.33846578 0.48924313 0.58279898 0.50274623 0.35418115 0.43961618 0.30260631 0.59343781 0.53142567 0.39226082 0.51030819 0.28116286 0.54450775 0.49656757 0.45263136 0.48969582 0.38145419 0.44189716 0.39448221 0.24403791 0.50704729 0.49236228 0.30006798 0.57167062 0.32766960 0.45945727 0.24621492 0.44760585 0.40531082 0.36908603 0.53587214 0.29247354 0.53822104 0.68414132 0.60499064 0.53864047 0.63355070 0.13505999 1.00000000 0.66209108 0.57353149 0.57608669 0.34389574 0.27878117 0.21872970 0.27745487 0.28950218 0.23718687 0.22069247 0.45552961 0.02428265 0.20420692 0.34210930 0.53829940 0.48935335 0.41772803 0.50292310 0.34708998 0.29060828 0.37431917 0.38670785 0.27475223 0.21368696 0.13885830 0.51881824 0.40327547 0.28552412 0.36824877
0.43453340 0.26306590 0.64347438 0.58413986 0.43858868 0.38815611 0.58705150 0.65999440 0.50668170 0.58748423 0.55686970 0.66894393 0.62760952 0.59103315 0.46504293 0.56049828 0.53315707 0.63663209 0.61897803 0.55284756 0.61512127 0.44484332 0.61438526 0.70735946 0.60290096 0.61877804 0.47014536 0.56747601 0.42738181 0.48075888 0.57364936 0.54949679 0.48182753 0.60717305 0.50050500 0.51673989 0.43275508 0.58311781 0.55913791 0.44612102 0.63298824 0.45711468 0.75299971 0.71756633 0.57879712 0.66523040 0.77487163 0.20212156 0.66209108 1.00000000 0.72890611 0.64958302 0.47374400 0.46096121 0.28170795 0.48757696 0.29516600 0.36558219 0.43489681 0.57882624 0.20363704 0.20000289 0.59730698 0.71733605 0.66152668 0.48471967 0.61545752 0.34348580 0.49596201 0.51472347 0.53802162 0.39939235 0.31951614 0.30795439 0.62529419 0.58868927 0.52306437 0.54207437
0.48658171 0.25431427 0.52115520 0.56195687 0.49185475 0.36557305 0.59202553 0.61820131 0.39909106 0.52357744 0.50414747 0.66625161 0.47838306 0.55576736 0.43015321 0.53108363 0.51279407 0.49103452 0.52171572 0.53197380 0.57989572 0.50785061 0.53428388 0.60379813 0.60584459 0.49332612 0.52874657 0.44486525 0.39736031 0.48105161 0.50957014 0.51178836 0.49632734 0.54427260 0.40532561 0.48737306 0.47704681 0.57131648 0.50179969 0.54904975 0.53381162 0.50631964 0.67356492 0.67731161 0.57794384 0.60146537 0.66686773 0.29708378 0.57353149 0.72890611 1.00000000 0.74373770 0.56002940 0.49322497 0.36666062 0.54724577 0.30815560 0.37209376 0.50647610 0.59311705 0.27918338 0.32900222 0.63698782 0.64177442 0.66528469 0.52039329 0.56233782 0.39636318 0.50685635 0.51599283 0.49726232 0.37554752 0.36761633 0.34434241 0.61337860 0.61163605 0.52604942 0.56614251
0.46241921 0.26781724 0.48663809 0.47944673 0.43263627 0.32118772 0.50624828 0.54890907 0.36208170 0.45700364 0.40520549 0.53793071 0.44581248 0.51154091 0.36908047 0.47056639 0.35364499 0.49139011 0.50733641 0.47570198 0.47583413 0.39943451 0.43258048 0.52548667 0.51784733 0.46583718 0.44733702 0.44342560 0.35693965 0.37366895 0.47072594 0.48739850 0.45281391 0.51534976 0.34991689 0.39448486 0.35934683 0.54003079 0.44057618 0.49908922 0.54653142 0.37657575 0.58810670 0.61397776 0.60876202 0.58171416 0.63085690 0.30074038 0.57608669 0.64958302 0.74373770 1.00000000 0.47696634 0.38198038 0.30225914 0.43813748 0.27148504 0.28683802 0.42038387 0.48246598 0.22018161 0.26441273 0.53986943 0.51346670 0.57149908 0.44327944 0.55337137 0.35498345 0.39950480 0.44220901 0.45102251 0.31130022 0.29394444 0.24834598 0.49019223 0.52928514 0.40988730 0.48738448
0.40140490 0.18345782 0.33599029 0.36905985 0.46119173 0.31114134 0.39393142 0.45800209 0.27528169 0.41385928 0.39654557 0.46754011 0.31725403 0.44589489 0.30290950 0.40301331 0.34559030 0.32944018 0.35425971 0.33338574 0.38841218 0.38805714 0.41857953 0.41096610 0.46345422 0.34685854 0.50613454 0.31394941 0.27191182 0.35685586 0.36521710 0.42913306 0.39000041 0.43276634 0.24769660 0.36229457 0.37327532 0.44517015 0.43368804 0.54012785 0.36450351 0.31093663 0.40993488 0.46348387 0.38203475 0.38669850 0.43611235 0.15316872 0.34389574 0.47374400 0.56002940 0.47696634 1.00000000 0.56789797 0.45376251 0.43887889 0.37975288 0.41260786 0.37831668 0.53512901 0.41929289 0.46147212 0.54704959 0.50915853 0.68234844 0.48545773 0.42342289 0.27021736 0.36048923 0.34936683 0.36602618 0.23214348 0.23471195 0.22418135 0.46921145 0.43562845 0.38786768 0.42038864
0.29813168 0.15727108 0.29411801 0.42522599 0.40824279 0.37424220 0.40866844 0.37698220 0.23720044 0.38378550 0.44798845 0.47033149 0.33551433 0.37531914 0.36981800 0.35157557 0.45043918 0.32323882 0.35064527 0.38045555 0.39646697 0.40044343 0.47834534 0.42292158 0.35957326 0.35150945 0.47655121 0.34310362 0.32838273 0.39250604 0.30791793 0.31484793 0.32931891 0.34030042 0.33715528 0.36599981 0.40537538 0.33698705 0.42219398 0.40180758 0.34238508 0.33218492 0.43561231 0.39333412 0.31091623 0.38537847 0.37315221 0.17694130 0.27878117 0.46096121 0.49322497 0.38198038 0.56789797 1.00000000 0.49690409 0.60614323 0.46651129 0.51591571 0.42354628 0.58142979 0.47906558 0.51847944 0.56766728 0.58061772 0.62086128 0.42526061 0.38706623 0.23856959 0.37697031 0.33669508 0.31794963 0.29397484 0.24752872 0.36315578 0.41387970 0.38001407 0.47506674 0.41457644
0.12572960 0.10829808 0.16538565 0.23328518 0.25672506 0.25820573 0.22649939 0.24804562 0.15085681 0.23065456 0.29063788 0.28801638 0.19081510 0.20697062 0.15626502 0.24602856 0.21301073 0.19648480 0.25205048 0.25674747 0.22355416 0.26684808 0.28742819 0.21926786 0.23899569 0.17519976 0.30736086 0.15696573 0.24226220 0.22294120 0.21369278 0.21540026 0.19897985 0.23880503 0.19603257 0.29511500 0.31314801 0.22433246 0.28376742 0.24776354 0.17785484 0.29034980 0.28566928 0.27773940 0.24810300 0.21039835 0.28264944 0.11876324 0.21872970 0.28170795 0.36666062 0.30225914 0.45376251 0.49690409 1.00000000 0.54556771 0.58792543 0.47882264 0.46856514 0.53099204 0.40376597 0.55877830 0.40578216 0.42874353 0.44549832 0.26619104 0.18715717 0.23296173 0.12874359 0.08685351 0.16241553 0.07894077 0.06530833 0.23032379 0.23138686 0.28542365 0.31995762 0.19133829
0.29308562 0.24533153 0.37097931 0.53755046 0.33854218 0.37178992 0.51223776 0.44102521 0.29660835 0.34566848 0.47227928 0.52090768 0.37980443 0.39738256 0.36900879 0.39107075 0.46852721 0.36253931 0.43544265 0.51335235 0.48122169 0.44540183 0.42471765 0.49746196 0.43399130 0.39120803 0.43560341 0.38221846 0.34579671 0.41420822 0.29992752 0.33134199 0.40124213 0.36318209 0.40381956 0.32002390 0.38908097 0.40936631 0.38539211 0.31932754 0.37744991 0.37790970 0.52542573 0.35030540 0.37930348 0.45885797 0.43377185 0.28382050 0.27745487 0.48757696 0.54724577 0.43813748 0.43887889 0.60614323 0.54556771 1.00000000 0.43478086 0.45268652 0.65508992 0.62375026 0.52339483 0.43950498 0.61049211 0.62178967 0.58857141 0.43048483 0.42432127 0.38154112 0.44156857 0.40303033 0.39377252 0.34918754 0.29297644 0.38523665 0.42302804 0.51495522 0.55453170 0.40763716
0.14203249 0.03359073 0.18945357 0.19465094 0.30423579 0.29073630 0.20137734 0.19341772 0.14909091 0.34258984 0.28407189 0.26796073 0.27663929 0.21038496 0.19759340 0.17864182 0.19306192 0.29335214 0.26741775 0.21135821 0.23612775 0.21661875 0.35714815 0.20846180 0.18409051 0.21660835 0.34837813 0.12502007 0.25067484 0.11640050 0.29897393 0.21336031 0.14091017 0.26473647 0.18738951 0.35001342 0.25839362 0.19054309 0.27536744 0.23702651 0.12566663 0.23875746 0.24473865 0.33728587 0.20610225 0.15693558 0.25994314 0.01930367 0.28950218 0.29516600 0.30815560 0.27148504 0.37975288 0.46651129 0.58792543 0.43478086 1.00000000 0.48538459 0.28153164 0.44811239 0.30440168 0.51043700 0.33015810 0.42594919 0.51020929 0.26845656 0.23079504 0.19903270 0.07043492 0.06975280 0.20489978 0.09424898 0.02795398 0.17434629 0.24828043 0.16290569 0.29551532 0.21262341
0.17324460 0.07908485 0.22371454 0.28816294 0.30352697 0.26643860 0.28968150 0.31635240 0.18256480 0.28823791 0.32739907 0.35383747 0.24667176 0.25947656 0.19169794 0.26908153 0.28086593 0.25789971 0.27127248 0.30853550 0.30817105 0.30163693 0.35522562 0.29843023 0.29126063 0.23586645 0.32632429 0.20893631 0.25519519 0.25243599 0.26069126 0.24390872 0.24502335 0.29776241 0.23997067 0.28661827 0.26714253 0.28937551 0.31099491 0.31154665 0.23262064 0.27406260 0.31999953 0.31603963 0.23843636 0.28443245 0.30321741 0.10876576 0.23718687 0.36558219 0.37209376 0.28683802 0.41260786 0.51591571 0.47882264 0.45268652 0.48538459 1.00000000 0.43272421 0.50758846 0.37900525 0.46233648 0.45515419 0.52385354 0.50113115 0.27191404 0.26645041 0.20040694 0.22650948 0.17405202 0.29052182 0.19329903 0.16543777 0.24360269 0.29275963 0.26732330 0.33699879 0.34223560
0.27653570 0.32792775 0.35266615 0.44817563 0.19785186 0.29116749 0.48489461 0.40463795 0.26898050 0.20368367 0.37993766 0.42295148 0.30645721 0.32465189 0.33939176 0.32931723 0.39816741 0.29720235 0.42713416 0.52722735 0.46816525 0.40667335 0.25225354 0.43387802 0.45232955 0.32233826 0.27546514 0.36550886 0.29456320 0.38648656 0.22641866 0.25309157 0.44946891 0.28076526 0.41525427 0.20920276 0.29977407 0.33744553 0.23849362 0.32016879 0.38047666 0.42801678 0.52746748 0.31323044 0.39566962 0.51039146 0.43451677 0.45553855 0.22069247 0.43489681 0.50647610 0.42038387 0.37831668 0.42354628 0.46856514 0.65508992 0.28153164 0.43272421 1.00000000 0.52513221 0.48590314 0.34855969 0.59146840 0.61028810 0.44909766 0.29260529 0.43803254 0.30670633 0.35496464 0.34875367 0.36615143 0.35630734 0.34622246 0.35937999 0.32628339 0.48230033 0.52623042 0.35956085
0.36591820 0.15603549 0.45801362 0.50874067 0.42565828 0.34552555 0.50358664 0.54570182 0.36718864 0.46048609 0.47136354 0.55168087 0.43083117 0.45837248 0.41198841 0.49203781 0.45474798 0.47855827 0.45537438 0.48693566 0.56330203 0.39283029 0.53438912 0.50679218 0.48383121 0.44551980 0.48911826 0.38597520 0.37975615 0.40079409 0.39326425 0.45218995 0.41814802 0.51857819 0.39630870 0.42947912 0.38825833 0.46038373 0.41396136 0.38055022 0.41725348 0.37793983 0.50626527 0.49226991 0.46220225 0.48396552 0.54785174 0.21200127 0.45552961 0.57882624 0.59311705 0.48246598 0.53512901 0.58142979 0.53099204 0.62375026 0.44811239 0.50758846 0.52513221 1.00000000 0.37608519 0.42362842 0.59808949 0.71571146 0.63338388 0.46696819 0.47961856 0.38049190 0.40432971 0.44354484 0.42630705 0.34491919 0.32409036 0.30933421 0.51667557 0.53253764 0.50792941 0.47393349
0.20856370 0.18632993 0.15791617 0.32595953 0.22206209 0.33384592 0.38085296 0.19369729 0.18232197 0.16966713 0.35850850 0.30623474 0.17218987 0.21261886 0.26666524 0.17830737 0.30324449 0.13497923 0.24360449 0.38413616 0.25848467 0.36627588 0.24420667 0.26450247 0.25726438 0.21682907 0.36213402 0.21808485 0.25616579 0.32034588 0.17685303 0.15890202 0.32525785 0.17428326 0.34797789 0.21284425 0.35344218 0.23292623 0.30434211 0.21724281 0.15685664 0.30018916 0.27982929 0.08442144 0.16552270 0.26208356 0.16209785 0.28177415 0.02428265 0.20363704 0.27918338 0.22018161 0.41929289 0.47906558 0.40376597 0.52339483 0.30440168 0.37900525 0.48590314 0.37608519 1.00000000 0.44966274 0.38109519 0.37272110 0.35033518 0.39095816 0.20747140 0.24885030 0.30140371 0.22745178 0.24577401 0.29364693 0.22163831 0.31441976 0.20321468 0.23013008 0.43959233 0.28801395
0.19699750 0.07312099 0.12383037 0.17003253 0.33092137 0.30437904 0.24219680 0.23263433 0.11818288 0.28688500 0.29389118 0.31972210 0.18501915 0.15828080 0.17814902 0.20541917 0.24105195 0.14392920 0.18926477 0.20830421 0.24927664 0.23868552 0.32164911 0.19228258 0.22128604 0.17908963 0.35451664 0.10916037 0.24474996 0.21245262 0.20309653 0.19425699 0.20195240 0.21756645 0.18384867 0.31363874 0.34940023 0.15059878 0.26631694 0.28784560 0.06365028 0.27285285 0.18482419 0.22217813 0.21358010 0.16029917 0.20853547 0.08415366 0.20420692 0.20000289 0.32900222 0.26441273 0.46147212 0.51847944 0.55877830 0.43950498 0.51043700 0.46233648 0.34855969 0.42362842 0.44966274 1.00000000 0.32477290 0.35794405 0.45185562 0.34493336 0.16527217 0.21536691 0.16399483 0.15718588 0.19630264 0.08989642 0.15793398 0.19683271 0.28099575 0.23157901 0.28607754 0.26924392
0.41375395 0.24971094 0.43597745 0.51287814 0.36193792 0.30459089 0.49079447 0.53183587 0.31114614 0.36710680 0.44901808 0.55326970 0.37229484 0.47765575 0.39554318 0.48123321 0.46412020 0.36347947 0.42232646 0.48191062 0.49038762 0.43491980 0.40875287 0.55117240 0.52070067 0.41093582 0.43780090 0.42328350 0.25993163 0.44791375 0.38564179 0.40188018 0.47940245 0.42875094 0.39637647 0.33759624 0.41122669 0.49227447 0.42494392 0.45161144 0.48763973 0.40618621 0.55856574 0.49324995 0.43592386 0.51216056 0.51603413 0.28088219 0.34210930 0.59730698 0.63698782 0.53986943 0.54704959 0.56766728 0.40578216 0.61049211 0.33015810 0.45515419 0.59146840 0.59808949 0.38109519 0.32477290 1.00000000 0.57665545 0.65290760 0.38649617 0.50511246 0.33950712 0.45139809 0.45009210 0.39387264 0.33465101 0.33047251 0.34537587 0.48314554 0.59562438 0.50252605 0.47562732
0.40343922 0.24219782 0.54447929 0.58626942 0.44597802 0.40691110 0.58871185 0.58693083 0.40888043 0.53460001 0.56576730 0.64683871 0.58584576 0.53508633 0.49964213 0.52831220 0.55960479 0.61179832 0.59089569 0.58968919 0.64232013 0.44920144 0.61212977 0.63979081 0.54827021 0.57796505 0.48219336 0.49067899 0.41701099 0.45755803 0.45108263 0.44361705 0.44461717 0.54537951 0.48476154 0.45308670 0.40946179 0.48607443 0.48651580 0.39903019 0.53004301 0.43917399 0.65360476 0.57318827 0.48226767 0.59502823 0.62217353 0.26127498 0.53829940 0.71733605 0.64177442 0.51346670 0.50915853 0.58061772 0.42874353 0.62178967 0.42594919 0.52385354 0.61028810 0.71571146 0.37272110 0.35794405 0.57665545 1.00000000 0.68861390 0.53065642 0.54150607 0.36599306 0.50153598 0.50915668 0.52201801 0.45553465 0.37548355 0.33306395 0.56904125 0.55149654 0.58439993 0.50422109
0.46318132 0.20327884 0.46587743 0.55591958 0.52644759 0.41189886 0.54196874 0.57460786 0.34544192 0.56233529 0.52211137 0.63418238 0.51187786 0.55542332 0.41546049 0.52624547 0.49278749 0.51929335 0.49976852 0.47259297 0.51423788 0.44415908 0.60403361 0.57826438 0.53244026 0.54146294 0.57533370 0.40011575 0.34013977 0.38726821 0.49733632 0.50595255 0.41883197 0.53468637 0.34522658 0.45842519 0.43789658 0.56520062 0.56089036 0.51518159 0.50491395 0.38934212 0.56715294 0.60468651 0.42129446 0.47488908 0.56652855 0.13508645 0.48935335 0.66152668 0.66528469 0.57149908 0.68234844 0.62086128 0.44549832 0.58857141 0.51020929 0.50113115 0.44909766 0.63338388 0.35033518 0.45185562 0.65290760 0.68861390 1.00000000 0.57624575 0.51469987 0.36506119 0.49568031 0.45471599 0.46927268 0.30977159 0.24208261 0.26859105 0.59636870 0.51484052 0.51708438 0.50575371
0.45515515 0.16125584 0.39925399 0.51667110 0.54150521 0.44736197 0.55045721 0.43864048 0.30499139 0.53961745 0.55377237 0.57618391 0.45418414 0.50685931 0.46460373 0.46460539 0.50939037 0.46520599 0.41600399 0.49659523 0.52022921 0.43393867 0.57097978 0.52076790 0.48773536 0.49236455 0.59678734 0.37727636 0.36620314 0.38225498 0.40971108 0.39588055 0.41040027 0.47628997 0.37470054 0.39747997 0.45946545 0.43401920 0.51224975 0.38640928 0.37891788 0.34996571 0.44495345 0.38706636 0.35295936 0.40993735 0.42748277 0.21657416 0.41772803 0.48471967 0.52039329 0.44327944 0.48545773 0.42526061 0.26619104 0.43048483 0.26845656 0.27191404 0.29260529 0.46696819 0.39095816 0.34493336 0.38649617 0.53065642 0.57624575 1.00000000 0.45248826 0.59086407 0.64290449 0.57421052 0.50562408 0.54125311 0.41168251 0.38580920 0.63723741 0.53100276 0.60726689 0.42617387
0.44969959 0.32502321 0.51220308 0.47844527 0.35161302 0.32931799 0.54050078 0.55154921 0.42177106 0.43215094 0.39283463 0.51386545 0.47960869 0.48938336 0.40173297 0.43428810 0.39979351 0.50235818 0.47732685 0.45717181 0.52759063 0.35898415 0.42730139 0.55880656 0.50784304 0.48275296 0.38561086 0.51473692 0.35539249 0.41819004 0.41165332 0.47812198 0.46113298 0.48798353 0.42864005 0.34522376 0.30311384 0.45194499 0.39684168 0.41154157 0.51188821 0.29422066 0.58948191 0.55742563 0.56836458 0.56451044 0.58714523 0.28772416 0.50292310 0.61545752 0.56233782 0.55337137 0.42342289 0.38706623 0.18715717 0.42432127 0.23079504 0.26645041 0.43803254 0.47961856 0.20747140 0.16527217 0.50511246 0.54150607 0.51469987 0.45248826 1.00000000 0.44098391 0.45550751 0.48958459 0.55583086 0.40431743 0.37105970 0.32878176 0.56117208 0.59393689 0.49708085 0.50577651
0.32887388 0.23404685 0.31682546 0.40044459 0.31429799 0.31440021 0.43568891 0.35190958 0.22618057 0.33304202 0.35193497 0.38251466 0.31960475 0.36284230 0.30204027 0.39159385 0.32531606 0.36620098 0.32936281 0.39507970 0.40151635 0.32957354 0.31121798 0.37547776 0.36462690 0.33978729 0.38298073 0.34770949 0.28640528 0.27816858 0.27970392 0.33177847 0.31658931 0.36200844 0.30080155 0.22918734 0.27389902 0.32981806 0.31852020 0.23805693 0.32463563 0.29382937 0.34795998 0.31744079 0.36174536 0.35141374 0.34447253 0.25808159 0.34708998 0.34348580 0.39636318 0.35498345 0.27021736 0.23856959 0.23296173 0.38154112 0.19903270 0.20040694 0.30670633 0.38049190 0.24885030 0.21536691 0.33950712 0.36599306 0.36506119 0.59086407 0.44098391 1.00000000 0.46914134 0.46652631 0.44838092 0.36261472 0.29868859 0.25432493 0.50787351 0.52106854 0.42216169 0.29113200
0.40775085 0.20394271 0.35438034 0.57601647 0.40851149 0.36021314 0.50642318 0.43764356 0.23484918 0.40155515 0.50225230 0.55206250 0.42479535 0.48597909 0.44908068 0.45742249 0.53401523 0.41550531 0.39941939 0.49387294 0.47076749 0.42762190 0.43883283 0.52507450 0.46111808 0.49248542 0.43535355 0.41014476 0.24916473 0.47354007 0.34624741 0.35925595 0.42147539 0.39288521 0.38660527 0.30506705 0.40755858 0.45637886 0.46997820 0.31750431 0.44575150 0.34715496 0.49035621 0.33101612 0.32637588 0.44551178 0.41111115 0.25938374 0.29060828 0.49596201 0.50685635 0.39950480 0.36048923 0.37697031 0.12874359 0.44156857 0.07043492 0.22650948 0.35496464 0.40432971 0.30140371 0.16399483 0.45139809 0.50153598 0.49568031 0.64290449 0.45550751 0.46914134 1.00000000 0.64696664 0.50473450 0.55985414 0.43652890 0.42150727 0.61430357 0.58280455 0.55893657 0.50132803
0.45579221 0.21066147 0.41253328 0.52017336 0.40730339 0.33709435 0.52241587 0.47923443 0.27810157 0.40229091 0.45204286 0.50127447 0.42758412 0.51564982 0.50321256 0.51663674 0.49111667 0.48367275 0.44374842 0.48471307 0.54989567 0.41448542 0.43484252 0.53858283 0.51139097 0.48391231 0.43582910 0.44430956 0.28658830 0.43202244 0.35945033 0.41570852 0.44832209 0.42601961 0.39230079 0.31691699 0.34299537 0.41482757 0.37324907 0.39495263 0.41234647 0.32268159 0.48009856 0.37219736 0.42222453 0.47290761 0.44627685 0.26592712 0.37431917 0.51472347 0.51599283 0.44220901 0.34936683 0.33669508 0.08685351 0.40303033 0.06975280 0.17405202 0.34875367 0.44354484 0.22745178 0.15718588 0.45009210 0.50915668 0.45471599 0.57421052 0.48958459 0.46652631 0.64696664 1.00000000 0.52080377 0.58979652 0.53898479 0.36826782 0.62110116 0.65566000 0.56038422 0.55570404
0.36534501 0.21831665 0.46254979 0.46945833 0.35793866 0.35106378 0.49325229 0.48224545 0.35543306 0.39763380 0.41413583 0.49665311 0.45635168 0.43915481 0.35765186 0.40592608 0.39890251 0.47570310 0.45285923 0.46360535 0.49599248 0.36873477 0.40859042 0.49781961 0.48288052 0.44810378 0.38266775 0.39374746 0.32384664 0.37879984 0.36005208 0.40835456 0.41930859 0.45741148 0.41401589 0.36208788 0.31663730 0.39589182 0.40929834 0.34930058 0.38082471 0.31023521 0.47791901 0.40235933 0.38473811 0.44566963 0.45174586 0.21764539 0.38670785 0.53802162 0.49726232 0.45102251 0.36602618 0.31794963 0.16241553 0.39377252 0.20489978 0.29052182 0.36615143 0.42630705 0.24577401 0.19630264 0.39387264 0.52201801 0.46927268 0.50562408 0.55583086 0.44838092 0.50473450 0.52080377 1.00000000 0.44702651 0.42508614 0.33728087 0.54215610 0.52348637 0.54341576 0.59577695
0.31412582 0.17450012 0.34611227 0.47007195 0.31467066 0.31953925 0.50124661 0.35362295 0.26315091 0.33996545 0.42796194 0.41477457 0.36727746 0.38324170 0.45192746 0.33070881 0.45420027 0.41494929 0.37805407 0.51671278 0.48117706 0.34438636 0.38441475 0.45065776 0.39261258 0.41972500 0.40518847 0.38471638 0.35211546 0.39060726 0.28013039 0.27144407 0.44546491 0.36667453 0.47458237 0.30589023 0.30577492 0.34878130 0.30187506 0.27366793 0.35308332 0.32519192 0.41484543 0.23944922 0.30632636 0.41978478 0.36864579 0.32583876 0.27475223 0.39939235 0.37554752 0.31130022 0.23214348 0.29397484 0.07894077 0.34918754 0.09424898 0.19329903 0.35630734 0.34491919 0.29364693 0.08989642 0.33465101 0.45553465 0.30977159 0.54125311 0.40431743 0.36261472 0.55985414 0.58979652 0.44702651 1.00000000 0.58197266 0.45630209 0.41923172 0.43359435 0.55922829 0.47140672
0.31003582 0.23489651 0.27327785 0.36837041 0.26328750 0.28539233 0.40385399 0.33739180 0.21106276 0.21614902 0.32853718 0.38040411 0.26366870 0.34805032 0.36370061 0.28949329 0.34276647 0.28018380 0.29106407 0.37449418 0.43320320 0.29256880 0.25190790 0.35065770 0.37591678 0.31721117 0.32060432 0.32332786 0.29460588 0.34568248 0.22455929 0.27079826 0.37619109 0.32475838 0.31240891 0.22154750 0.29268655 0.25381715 0.23411675 0.36513446 0.26044159 0.27521882 0.28735030 0.19400625 0.27999186 0.35296638 0.32383422 0.31479868 0.21368696 0.31951614 0.36761633 0.29394444 0.23471195 0.24752872 0.06530833 0.29297644 0.02795398 0.16543777 0.34622246 0.32409036 0.22163831 0.15793398 0.33047251 0.37548355 0.24208261 0.41168251 0.37105970 0.29868859 0.43652890 0.53898479 0.42508614 0.58197266 1.00000000 0.33591315 0.45074752 0.46308927 0.49397712 0.45372553
0.19230598 0.12414331 0.25359866 0.34641209 0.24138779 0.31001497 0.36033638 0.25781953 0.21250351 0.24351771 0.42934400 0.36167764 0.22559769 0.23048503 0.26913444 0.25863390 0.43758148 0.20209627 0.26597936 0.38998833 0.32588294 0.35854683 0.30578967 0.37265751 0.29563447 0.25985298 0.31146008 0.29734991 0.26992102 0.40536897 0.25928893 0.19160877 0.37179352 0.23191845 0.39464023 0.27803138 0.36577699 0.28677924 0.33624971 0.20299207 0.18929015 0.29936319 0.37347321 0.17783699 0.23019437 0.31241916 0.26537133 0.23167881 0.13885830 0.30795439 0.34434241 0.24834598 0.22418135 0.36315578 0.23032379 0.38523665 0.17434629 0.24360269 0.35937999 0.30933421 0.31441976 0.19683271 0.34537587 0.33306395 0.26859105 0.38580920 0.32878176 0.25432493 0.42150727 0.36826782 0.33728087 0.45630209 0.33591315 1.00000000 0.37943916 0.42724519 0.52994472 0.40714304
0.45718646 0.18965312 0.49542168 0.50837890 0.48994514 0.37121664 0.52123315 0.56164648 0.36733503 0.53606825 0.49733991 0.60561536 0.51808452 0.50821912 0.42929414 0.51345480 0.49060597 0.48403845 0.46607671 0.44332163 0.54850589 0.41764619 0.53764579 0.56443388 0.52165554 0.49975324 0.49175202 0.42761945 0.34931251 0.42788619 0.49731251 0.47050026 0.42790516 0.54515051 0.38768462 0.48355356 0.45773839 0.48674349 0.50239915 0.38137507 0.44329717 0.35616562 0.52459523 0.55056635 0.45403987 0.48404352 0.54328699 0.13235468 0.51881824 0.62529419 0.61337860 0.49019223 0.46921145 0.41387970 0.23138686 0.42302804 0.24828043 0.29275963 0.32628339 0.51667557 0.20321468 0.28099575 0.48314554 0.56904125 0.59636870 0.63723741 0.56117208 0.50787351 0.61430357 0.62110116 0.54215610 0.41923172 0.45074752 0.37943916 1.00000000 0.64599741 0.52923885 0.59238445
0.41371865 0.27369470 0.44764614 0.52025091 0.37911182 0.32607428 0.51054371 0.55078701 0.32318079 0.39229599 0.46738694 0.55886035 0.38417187 0.49558868 0.39566791 0.55045664 0.48416973 0.43387229 0.43945980 0.48708959 0.56881024 0.42167404 0.40607984 0.57112705 0.54581363 0.45051252 0.40543749 0.46380117 0.28299792 0.46414298 0.35250804 0.44775539 0.45192877 0.44396835 0.36016932 0.29554020 0.39066431 0.45269606 0.40062473 0.45277723 0.44634339 0.38665781 0.54611663 0.45022766 0.50665395 0.53240889 0.52089192 0.30932412 0.40327547 0.58868927 0.61163605 0.52928514 0.43562845 0.38001407 0.28542365 0.51495522 0.16290569 0.26732330 0.48230033 0.53253764 0.23013008 0.23157901 0.59562438 0.55149654 0.51484052 0.53100276 0.59393689 0.52106854 0.58280455 0.65566000 0.52348637 0.43359435 0.46308927 0.42724519 0.64599741 1.00000000 0.54236375 0.52090597
0.31878910 0.24249083 0.43301891 0.53915453 0.36284141 0.46009452 0.56149817 0.44488207 0.34897316 0.41260070 0.57848140 0.56052624 0.42304386 0.42020775 0.42421764 0.40751005 0.55048255 0.41788206 0.43540206 0.56935801 0.52770182 0.46272943 0.50367068 0.54626247 0.49557647 0.47257687 0.47033855 0.44253502 0.41365348 0.47569437 0.38805792 0.38813108 0.47661296 0.39697929 0.50926618 0.40176005 0.49091460 0.43722006 0.46729138 0.36780295 0.36980909 0.41644146 0.54243727 0.36725505 0.36152873 0.46524351 0.46353713 0.32104545 0.28552412 0.52306437 0.52604942 0.40988730 0.38786768 0.47506674 0.31995762 0.55453170 0.29551532 0.33699879 0.52623042 0.50792941 0.43959233 0.28607754 0.50252605 0.58439993 0.51708438 0.60726689 0.49708085 0.42216169 0.55893657 0.56038422 0.54341576 0.55922829 0.49397712 0.52994472 0.52923885 0.54236375 1.00000000 0.52092219
0.38646651 0.21200802 0.40295945 0.44601547 0.40176916 0.35486878 0.47705661 0.49099175 0.31968787 0.40550221 0.45654741 0.52091211 0.42699894 0.42517596 0.40184471 0.39650189 0.43064014 0.40656787 0.38532883 0.43768039 0.45623599 0.39742040 0.41539446 0.49914973 0.45855132 0.41849729 0.42572120 0.41139619 0.32080510 0.43953112 0.40617681 0.38997162 0.43873788 0.45206618 0.41017399 0.41951030 0.39664532 0.42224340 0.38959810 0.40145040 0.37601690 0.32729288 0.47270435 0.42716659 0.38818542 0.44280077 0.47451227 0.15195836 0.36824877 0.54207437 0.56614251 0.48738448 0.42038864 0.41457644 0.19133829 0.40763716 0.21262341 0.34223560 0.35956085 0.47393349 0.28801395 0.26924392 0.47562732 0.50422109 0.50575371 0.42617387 0.50577651 0.29113200 0.50132803 0.55570404 0.59577695 0.47140672 0.45372553 0.40714304 0.59238445 0.52090597 0.52092219 1.00000000
