1.00000000 0.25058674 0.12066517 0.14883487 0.11165598 0.06172747 0.13107897 0.28321181 0.06436502 0.05144141 -0.03768595 0.21690341 0.09952948 -0.00208873 0.05566377 -0.13891306 -0.08409274 -0.13511985 0.00353668 0.02430998 -0.09499995 0.04850321 0.00025551 -0.14947751 0.09703315 0.04743197 0.00959869 -0.06777561 0.14462616 0.01137913 -0.11387923 -0.09634109 -0.05243390 0.00676715 -0.00139200 0.03912850 0.00040670 -0.14060840 0.03188064 0.20654176 0.19124240 -0.06839928 0.05203897 0.09778053 0.04610327 0.08343606 0.15055339 -0.05785644 0.11955892 0.03557885 0.06746065 0.14391056 -0.00478041 -0.02810760 0.03232236 0.04398157 0.02119362 0.01584718 0.06213262 0.12873562 0.04637514 0.00078496 0.07157292 -0.12597806 0.00237741 0.04831353 -0.07515580 -0.02337383 0.01357751 0.07408784 -0.11485467 0.07627698 0.16695122 0.07289789 -0.06154618 -0.00035064 0.07423793 0.08508668
0.25058674 1.00000000 0.16869086 0.21442953 0.10545094 0.21026811 0.06231788 0.19086285 0.15257678 0.01920015 0.05824900 0.28542748 0.17915815 0.15350967 -0.00204668 -0.07550761 -0.18486741 -0.01387802 0.12977545 -0.06656164 -0.02327488 0.02346144 -0.13145822 0.00724238 0.00948628 0.10484919 -0.12635486 -0.04439109 0.09331294 -0.02614602 -0.04780138 -0.04358324 -0.22191119 -0.08054512 -0.03666597 -0.00027798 0.09359090 -0.15194897 0.06804083 0.17068726 0.06474097 -0.03812512 -0.03928955 0.05791761 0.15269661 0.10368366 0.04188601 0.00628022 0.06197537 -0.03060267 -0.04836028 0.03397339 -0.09991778 0.07422461 0.07192827 -0.14873062 -0.00149483 -0.01234201 -0.04459776 -0.10569454 -0.23982789 -0.16058309 -0.15178463 -0.06683001 0.02196318 -0.04797059 0.02617782 -0.00001822 -0.07552788 0.05217440 -0.09233362 0.05829987 0.08805780 -0.04751429 -0.10375727 0.08153943 0.03920878 0.01549912
0.12066517 0.16869086 1.00000000 0.23451542 0.01895203 -0.00788731 0.12654615 0.18490854 0.27145010 0.14966511 0.23133744 0.18238910 0.13692524 -0.01917031 -0.01051589 0.06523576 -0.12306460 0.06126558 0.21459737 -0.00483671 0.10569344 -0.08187961 -0.07551450 0.07931076 0.12839245 0.13457129 0.12241620 0.18809475 0.15037731 0.05282551 0.04598122 0.04525057 0.18603120 0.17174675 -0.09021246 0.05652256 -0.00532711 0.02531615 0.18283149 -0.03310538 0.17354990 -0.03230554 0.01589839 0.06527714 0.10545307 0.11130590 0.14327405 0.14545267 0.06212856 -0.01829707 0.00471649 0.05494703 0.02277092 -0.04104680 -0.00716992 -0.12643800 0.06600934 -0.01961597 0.04706079 -0.06244182 -0.19839236 -0.04880623 0.05444360 0.01028685 0.02034722 0.00468696 -0.02924062 -0.04792117 0.09584429 -0.16407988 -0.11319163 -0.00902649 0.06757675 -0.15621419 -0.06546042 -0.03721649 -0.01311998 -0.06154081
0.14883487 0.21442953 0.23451542 1.00000000 0.18220305 0.07973817 0.10265677 0.19555073 0.01642704 -0.07240645 0.14394176 0.18492681 0.07694621 -0.06261718 -0.02260582 -0.03461100 -0.02727223 -0.04722627 -0.02105161 0.03120565 0.00772876 -0.13827740 -0.13930689 -0.05124506 0.07521441 0.08357195 0.04499118 -0.01697418 0.11655546 -0.10988531 -0.05087691 0.10953900 0.04598312 0.06538318 0.01633933 0.04917582 -0.02772882 -0.08453142 0.09060286 -0.05361436 0.08525372 0.02808413 0.04132405 -0.01416807 0.09074760 0.10026038 0.11122553 0.19013019 -0.00878426 0.00088755 0.02239380 0.08833830 0.09844886 0.15733646 0.06403102 -0.10802278 0.09133891 -0.01000725 -0.03512032 -0.10179395 -0.05628878 0.00177900 -0.01380626 0.07099221 -0.02569359 0.05659970 0.03731860 0.03903488 0.02971402 0.11629449 -0.03935260 0.10441791 0.13395296 -0.05181910 -0.01459548 0.00955828 0.01158087 0.02892515
0.11165598 0.10545094 0.01895203 0.18220305 1.00000000 0.14846241 0.15236068 -0.01275611 0.21052903 0.21775028 0.14519844 -0.09740620 -0.02952266 -0.03185711 0.12877691 -0.06184992 0.11921829 -0.01505743 -0.01475167 0.05727842 0.03127429 0.02667845 0.06852970 0.02810974 0.00534868 0.09121188 0.14490278 -0.10824533 0.07780157 -0.05516328 -0.04379227 0.09138797 0.07000753 0.11731193 0.00924476 0.04172734 0.05181592 -0.01709765 -0.01087356 0.09792840 0.08443994 0.25839223 0.09010937 -0.11434933 0.10517284 0.08079410 0.09871745 0.17350336 0.02175401 0.01148988 0.02510434 -0.05840951 -0.00899236 0.10165379 -0.04634726 0.00715728 -0.10734045 -0.07429501 -0.05633431 -0.03120323 0.06600934 -0.01894399 -0.11306492 0.12126524 -0.11228171 0.04176208 0.02178340 -0.05671548 -0.00805017 -0.10015357 -0.00006448 -0.00170807 -0.02341906 0.04412408 0.03925123 -0.09795453 -0.05650972 -0.06380399
0.06172747 0.21026811 -0.00788731 0.07973817 0.14846241 1.00000000 0.09305469 0.07649309 0.09692691 0.16570848 0.10868001 0.07572463 0.23375515 0.00771390 0.03917128 -0.08386884 -0.03487006 0.07918061 -0.06952455 0.02197609 -0.18589249 0.15142664 -0.06177456 -0.03581665 -0.04107091 -0.02107261 0.18897205 0.14515775 0.10648076 0.19706050 -0.01565013 -0.02792256 -0.06809495 -0.10867468 0.09809846 -0.04135866 0.09821643 0.04069587 0.15558768 0.08984345 0.02097738 0.16966059 0.01376968 0.08620120 -0.07081331 0.04307348 0.07904876 0.09917324 0.08645858 0.09635034 0.12964537 0.02760868 -0.14839738 -0.01849642 0.11425388 -0.03213612 -0.00864768 0.02389682 -0.11036701 0.15885770 -0.03152211 -0.05745738 -0.14967567 -0.02174394 -0.02658356 0.01243638 0.10859602 -0.03576622 -0.04144632 0.01225534 -0.03451904 0.07064231 0.00086465 0.11860891 -0.01041118 0.02585857 0.06410053 0.00207742
0.13107897 0.06231788 0.12654615 0.10265677 0.15236068 0.09305469 1.00000000 0.14578900 0.07455547 0.10654164 0.18344241 0.03710902 0.08768898 0.07494285 0.00314976 -0.03161422 -0.03065716 0.01055630 -0.02625167 -0.00442881 0.10528442 0.04519445 0.03160607 -0.06663764 0.01504984 -0.03689105 0.06073286 0.06993057 0.04898755 0.06433743 -0.01064336 0.06732410 0.07445648 0.14382975 0.15218372 0.02268540 0.05954270 -0.00340696 0.08240532 -0.03725922 -0.06663389 0.02002690 -0.12015786 -0.05178054 -0.07285438 -0.06720729 0.00198637 -0.02118795 0.03010003 0.04546385 0.01818134 0.08326931 -0.00781645 -0.02941369 0.04647910 0.05503404 -0.09797402 -0.03681182 -0.03142419 0.21094116 -0.08402082 -0.09736335 0.01046447 0.05263864 0.05497614 -0.07499542 0.01160138 -0.06395593 -0.12878833 -0.06968829 0.04304722 -0.08132529 -0.05576575 -0.15710480 -0.04150712 -0.20683847 -0.00312948 -0.01688067
0.28321181 0.19086285 0.18490854 0.19555073 -0.01275611 0.07649309 0.14578900 1.00000000 0.19724026 -0.01372079 0.32435564 0.20082080 0.25432219 0.08348194 0.01306277 -0.02159390 -0.05209147 0.01837295 0.07220751 -0.00841949 -0.11406039 -0.02005664 -0.01811289 0.07870596 0.16990168 0.13025293 0.11906305 -0.05304639 0.00255077 0.07001424 -0.18542403 0.07930659 0.04710823 0.05929806 -0.11994962 0.04613300 -0.12417211 0.02551708 -0.00317097 0.08058998 0.10619205 -0.04573625 0.00109924 0.10222955 0.08467196 0.08926838 0.14065534 0.05914047 0.18054132 0.05496170 0.09947494 0.07087830 0.03580001 -0.10238255 0.00145130 -0.02162614 0.01689270 0.11361648 0.02272750 0.00705249 -0.06757435 0.13389989 -0.03421681 -0.06949573 0.08217127 -0.06519712 -0.04406832 -0.19940557 -0.04439778 -0.09750460 0.00718365 -0.12460354 -0.05226583 -0.07081151 -0.14841329 -0.12105896 0.04403118 -0.05025857
0.06436502 0.15257678 0.27145010 0.01642704 0.21052903 0.09692691 0.07455547 0.19724026 1.00000000 0.18317587 0.05636635 0.14001056 0.13146742 0.07787311 0.04465102 -0.05882717 -0.06540652 0.05440384 0.21032708 0.09939515 0.02583092 -0.02521395 0.04841016 0.06511518 0.17993458 0.11396250 0.12123744 0.06369425 0.12596637 -0.00501607 0.01394012 -0.06971766 -0.00160808 0.12014224 -0.10806193 -0.02137436 -0.00325349 0.05765713 0.04718866 0.10051875 0.11557916 0.08764581 0.04748882 0.15583176 0.04536711 0.13788491 0.10783814 0.08057968 0.07555049 0.00018490 0.05741456 0.01349362 -0.02352737 0.05689496 -0.01596562 0.06092870 0.04590043 0.09630827 0.11608839 0.01995119 -0.01859787 0.02262303 -0.00180001 0.12350771 0.02580456 -0.01228588 0.01310475 -0.00146729 -0.00857455 -0.12991830 -0.02576608 0.02164567 -0.10202861 -0.06432590 -0.03738839 -0.02306392 -0.04050252 -0.03911547
0.05144141 0.01920015 0.14966511 -0.07240645 0.21775028 0.16570848 0.10654164 -0.01372079 0.18317587 1.00000000 0.03395465 0.12711293 0.15620724 0.08651485 0.05917809 0.05316691 0.02938764 0.07679877 0.01533133 -0.01897589 -0.08523843 0.07923801 0.07294747 0.07383731 0.06877727 0.10252572 0.07775630 0.13564549 -0.02127923 0.13847862 0.12399008 -0.05054078 0.07482417 0.09124162 0.03970843 0.11072532 0.06339697 0.08335025 0.00094039 0.10638274 0.03382506 0.09105801 0.08238485 -0.05018307 -0.04598211 -0.09268855 0.06125132 0.00518550 -0.01411109 -0.02749361 0.01670539 0.00806662 0.08990113 -0.03809509 -0.05138622 0.03316290 -0.08161454 -0.10566185 0.00244359 -0.02643359 -0.03029510 -0.04221195 -0.07791644 -0.07035315 -0.02606027 -0.07409588 -0.02950016 -0.10972911 -0.07427562 -0.10654122 -0.03410169 -0.06767046 -0.10317759 0.03702847 -0.00493446 -0.14310984 -0.04651313 -0.04310751
-0.03768595 0.05824900 0.23133744 0.14394176 0.14519844 0.10868001 0.18344241 0.32435564 0.05636635 0.03395465 1.00000000 0.09882296 0.10986506 -0.00533048 -0.06245916 0.07371669 0.03326454 -0.00803714 0.00611518 0.06457052 -0.07417791 0.03123919 -0.04656668 0.02874786 0.03909608 0.00711669 0.10297270 0.07161757 0.00548910 -0.02002478 -0.14682692 0.09673086 0.09727032 -0.00201877 -0.07407741 0.00281858 -0.07895909 0.11963307 0.00461142 -0.07050288 -0.00740377 -0.03757229 -0.11884680 -0.13166385 0.00193954 0.08364742 -0.04417211 0.06220699 -0.03045065 -0.03924183 -0.00161742 -0.02138978 0.12883343 -0.01820185 0.02054026 0.02127785 -0.00031831 0.02960773 -0.08318576 0.10487916 0.06233508 0.01435924 -0.04939798 0.00668370 0.07681638 0.11019094 0.10017099 -0.14103883 0.05889301 -0.09645819 0.13925262 -0.05634985 -0.04686731 -0.12627375 0.00065210 -0.14006351 0.04414016 -0.05005821
0.21690341 0.28542748 0.18238910 0.18492681 -0.09740620 0.07572463 0.03710902 0.20082080 0.14001056 0.12711293 0.09882296 1.00000000 0.36924846 0.07020249 0.03145361 -0.18902933 -0.20012763 0.03214048 -0.03192435 -0.10426534 -0.19232850 -0.06986794 -0.21613671 -0.00415592 -0.10956600 0.02597268 -0.05101523 0.05683741 0.10540167 0.04024618 -0.03110090 -0.11969660 -0.01109169 0.04000612 -0.07982573 0.11695148 0.03333612 -0.05945501 0.02257755 0.08680178 0.02589884 -0.00162074 0.07434926 0.03058720 0.05543972 0.07535462 0.14153032 0.05238535 0.03553575 0.02289252 -0.00214327 0.17749126 0.04900699 0.09315687 0.02863631 -0.07279615 0.12509701 -0.00919036 -0.01278731 0.00776985 -0.11895778 -0.04808796 -0.06041536 -0.11863752 -0.05240855 -0.06530930 0.07539686 -0.04201218 -0.00707014 0.11951655 -0.03855336 0.00498549 0.15092505 0.03929093 -0.12049603 0.10697895 -0.06301037 0.02593985
0.09952948 0.17915815 0.13692524 0.07694621 -0.02952266 0.23375515 0.08768898 0.25432219 0.13146742 0.15620724 0.10986506 0.36924846 1.00000000 -0.00165027 -0.04403084 -0.08605426 -0.14846029 0.06049896 -0.02553786 -0.13677876 -0.12354055 -0.06347529 -0.05668521 0.01008169 -0.11947110 0.04727545 0.07951451 0.04818142 -0.04235683 0.13449387 0.09335946 -0.04800616 -0.07739450 -0.03976643 -0.00071359 0.08883672 0.13208279 0.03693391 0.21219544 0.08918996 -0.01308952 0.09625533 0.13496966 0.02356332 0.03232838 0.01969091 0.18205791 0.07483780 0.01015748 0.13859493 0.01961792 0.05349191 0.10783069 0.05616623 -0.02459011 -0.09005556 0.10311886 0.09576872 0.07324384 0.12382886 -0.08626390 0.07747709 -0.05800510 -0.03401439 -0.03263691 -0.08674738 0.09433362 0.01224247 -0.02220677 -0.00953833 -0.08364137 -0.18874888 -0.10120546 -0.10738418 -0.08964096 -0.00058326 -0.09271501 -0.11633601
-0.00208873 0.15350967 -0.01917031 -0.06261718 -0.03185711 0.00771390 0.07494285 0.08348194 0.07787311 0.08651485 -0.00533048 0.07020249 -0.00165027 1.00000000 0.19582317 0.15345421 0.12687612 0.22821800 0.11717265 0.10355624 0.27396904 0.30196604 0.21066216 0.12527776 0.19990984 0.21058068 -0.11691436 0.11251318 0.05499052 0.04581832 0.04855920 0.03666199 0.05920193 0.06454436 0.06865690 -0.03568314 0.02806502 0.18225504 -0.09182392 -0.00598887 0.05067441 -0.04511428 -0.08911426 0.06100298 0.01627014 -0.03028793 -0.14891381 -0.21409968 -0.05712275 -0.02476165 -0.02415201 0.06875989 0.10137986 0.00144842 0.08362947 0.05136803 0.03950120 0.04987875 -0.03322072 0.03361693 0.01632709 -0.14196231 -0.06516318 -0.06186355 -0.04265555 -0.05548185 0.09520557 0.03745037 0.03353033 0.06171719 0.03172969 0.14116240 -0.00888658 -0.11535470 -0.05411337 0.07435647 -0.10015831 0.04033344
0.05566377 -0.00204668 -0.01051589 -0.02260582 0.12877691 0.03917128 0.00314976 0.01306277 0.04465102 0.05917809 -0.06245916 0.03145361 -0.04403084 0.19582317 1.00000000 0.17217971 0.26736601 0.06052652 0.10817716 -0.08791371 0.13454014 0.18609460 0.17475690 0.15178739 0.19822666 0.14828347 -0.04414181 -0.13468301 0.08081128 -0.06068417 -0.05580721 -0.00596326 -0.06870238 -0.02195785 0.05290137 0.01415131 -0.03039121 0.01348183 -0.02484135 -0.02904945 -0.09537339 0.01092264 -0.06729521 -0.02850129 0.05041389 -0.11744357 -0.01452767 -0.01363658 -0.00409929 -0.03339620 -0.00565580 0.06084231 -0.02535388 0.01202529 0.08771738 0.04033033 -0.01147501 -0.04645416 -0.01015006 -0.07331463 0.07271318 0.06552938 -0.02545049 0.02398176 -0.07740667 0.01676401 -0.04702428 0.02868622 0.09159498 0.13289698 -0.04183089 0.08789496 0.07855125 0.07878846 -0.03811936 0.15374759 -0.02901427 0.08331751
-0.13891306 -0.07550761 0.06523576 -0.03461100 -0.06184992 -0.08386884 -0.03161422 -0.02159390 -0.05882717 0.05316691 0.07371669 -0.18902933 -0.08605426 0.15345421 0.17217971 1.00000000 0.17155434 0.28902535 0.13642300 0.16057788 0.32658730 0.10575449 0.30316798 0.24522620 0.19609088 0.03538885 -0.07522972 0.15465938 -0.10150859 0.08169856 0.06301157 0.00958592 0.09321106 0.03331742 0.00622562 0.01852818 -0.04912348 0.19233099 0.00371817 -0.09977880 0.09028449 -0.15797017 -0.16745514 -0.06914409 -0.14634211 -0.17020419 -0.27819020 -0.23920665 -0.12423789 -0.07894149 -0.00388128 -0.04923179 0.13097471 -0.07948256 -0.02369628 0.01655325 0.07524652 0.04690724 -0.10248624 0.00432160 -0.03473198 -0.09077336 0.04513810 -0.00996458 0.06799303 0.12514225 0.17715852 0.04608217 0.00267179 -0.00700161 0.17759664 -0.03082415 -0.04854974 -0.12846892 0.05267826 0.01282942 0.03732997 0.03371384
-0.08409274 -0.18486741 -0.12306460 -0.02727223 0.11921829 -0.03487006 -0.03065716 -0.05209147 -0.06540652 0.02938764 0.03326454 -0.20012763 -0.14846029 0.12687612 0.26736601 0.17155434 1.00000000 0.16223698 0.17571949 0.21355589 0.28081777 0.18856984 0.34467344 0.25422366 0.29384192 0.26678987 0.00529864 0.04667907 0.09188710 -0.00815900 -0.10775773 0.08998184 0.01819390 0.03965418 -0.01815589 -0.17688301 0.05897514 0.01794033 -0.13496283 -0.04630916 0.06713598 0.02226937 -0.01726357 0.02593420 0.05305625 -0.02709961 -0.04121593 -0.02406027 -0.09737892 0.02020235 0.02933789 -0.06860465 -0.05354441 -0.04643715 0.06309068 0.07286218 0.08243930 0.01128570 0.03096889 0.00109289 0.00176443 0.01958322 0.04759204 0.01332479 0.00427429 0.11830186 -0.03694512 0.03175365 0.00221917 -0.00012868 0.00107630 -0.03505654 -0.04052687 0.00921281 0.08305737 -0.02807642 -0.06027822 -0.04735444
-0.13511985 -0.01387802 0.06126558 -0.04722627 -0.01505743 0.07918061 0.01055630 0.01837295 0.05440384 0.07679877 -0.00803714 0.03214048 0.06049896 0.22821800 0.06052652 0.28902535 0.16223698 1.00000000 0.21395769 0.21393349 0.17561947 -0.00048156 0.33135678 0.27322824 0.14547616 0.24455982 -0.07594888 0.11547555 0.02485325 0.11240455 0.07894712 0.11455095 0.12102102 0.08027892 0.10491204 0.04674061 0.19324983 0.15824890 0.01302857 -0.15825160 0.07209131 -0.01504875 -0.04366144 -0.02109053 -0.07467817 -0.09915505 -0.07759041 -0.01672927 -0.10933695 -0.06188761 -0.04830434 -0.04113620 0.07350443 0.03631495 0.05250880 0.09387449 0.06532962 -0.07130860 -0.06717602 0.12580991 -0.00355779 -0.07187968 0.07252661 0.05252016 0.06284998 0.04160957 0.07685051 0.03654689 0.00559720 -0.11357142 0.11763129 -0.05422971 -0.09321843 0.06317937 0.01772559 -0.04252581 0.01985232 -0.04751288
0.00353668 0.12977545 0.21459737 -0.02105161 -0.01475167 -0.06952455 -0.02625167 0.07220751 0.21032708 0.01533133 0.00611518 -0.03192435 -0.02553786 0.11717265 0.10817716 0.13642300 0.17571949 0.21395769 1.00000000 0.11439173 0.31429275 0.06927178 0.19810545 0.18676514 0.29143688 0.17318479 -0.12537179 0.00130251 0.09611494 -0.10765957 -0.00999953 -0.01861138 -0.07396019 0.03913428 0.06385762 0.02895416 0.13921936 0.01577559 0.06086466 -0.04823097 0.10719668 -0.07998013 -0.03236325 0.11381217 0.12223726 0.00219506 0.09156218 -0.01914238 -0.00329102 -0.00994294 0.00725747 0.02551882 -0.06342343 -0.06643986 0.02955343 -0.01597265 0.11177641 -0.02934023 0.09081787 -0.14777545 -0.06572975 0.03096851 -0.02512123 0.01138129 0.03285721 0.01354086 -0.09990909 0.08784192 0.06505901 0.06762298 -0.12421268 -0.02572787 0.14076529 -0.02485412 -0.04470472 0.01089198 -0.08454526 -0.03579165
0.02430998 -0.06656164 -0.00483671 0.03120565 0.05727842 0.02197609 -0.00442881 -0.00841949 0.09939515 -0.01897589 0.06457052 -0.10426534 -0.13677876 0.10355624 -0.08791371 0.16057788 0.21355589 0.21393349 0.11439173 1.00000000 0.19546249 0.32105200 0.32841150 0.26274869 0.27576116 0.11961311 0.03871728 0.04677975 0.06171769 0.05980592 -0.09272492 0.00846081 0.09872325 -0.01152514 -0.11024907 -0.06226868 -0.13589907 -0.06275870 -0.01111557 0.05888899 0.15352068 -0.06824282 0.01345476 0.08012767 0.02979394 0.09886121 0.00289203 -0.04232740 -0.03286471 0.07011270 0.11070248 0.03794630 -0.07530535 0.03257525 0.09343979 0.03017897 0.04138611 0.07465055 -0.04842094 0.14321284 0.11435239 0.06330915 0.03335032 0.05269917 0.01401274 0.09661111 0.08210871 -0.05780938 -0.02691607 -0.09689849 0.08190809 -0.16188044 0.01390604 0.02936486 0.11408042 -0.01125648 -0.07042875 0.06742333
-0.09499995 -0.02327488 0.10569344 0.00772876 0.03127429 -0.18589249 0.10528442 -0.11406039 0.02583092 -0.08523843 -0.07417791 -0.19232850 -0.12354055 0.27396904 0.13454014 0.32658730 0.28081777 0.17561947 0.31429275 0.19546249 1.00000000 0.14833367 0.29602107 0.22030283 0.27098651 0.17504408 -0.14966798 0.14247351 -0.02936479 -0.00786426 0.00455939 0.03129979 -0.00785610 0.01777171 0.12210249 -0.03579722 0.07243082 -0.06521793 -0.03173038 -0.05275254 0.11835242 -0.05297068 -0.17481053 -0.00553145 0.01609774 -0.00401951 -0.10814641 -0.02786169 0.02499088 -0.03174277 -0.00396408 -0.01713746 0.02514654 -0.00377490 0.07386323 0.04594461 -0.04045392 0.00092689 0.00207395 -0.00263813 -0.01659810 -0.06200094 0.04263311 0.16523274 0.07222226 0.12655818 0.14908663 0.08333196 0.14626282 -0.05868983 0.06062834 -0.02461016 0.01890748 -0.04396800 0.02597611 -0.02679964 -0.12953610 0.06254103
0.04850321 0.02346144 -0.08187961 -0.13827740 0.02667845 0.15142664 0.04519445 -0.02005664 -0.02521395 0.07923801 0.03123919 -0.06986794 -0.06347529 0.30196604 0.18609460 0.10575449 0.18856984 -0.00048156 0.06927178 0.32105200 0.14833367 1.00000000 0.25835115 0.30443417 0.23425401 0.03349296 -0.02133366 0.07117408 0.02342826 0.16501442 -0.06935640 -0.00273336 0.06139484 0.07427512 0.13825508 -0.04205713 -0.12116493 0.07539348 0.05183670 0.05192350 0.08209606 -0.03876038 -0.13920919 0.05048081 -0.03470110 0.06075182 -0.02041071 -0.03285329 0.01566103 0.04572944 0.15487307 0.12493352 -0.04312651 -0.01629052 0.07297958 0.00156925 -0.02383585 0.07836477 0.00125497 0.10147783 0.03899811 -0.05156785 0.01749581 0.02209351 0.13547130 0.07239942 0.07819451 0.02195862 0.08786989 -0.03554867 0.06469530 0.02976959 -0.03384652 -0.07789911 0.00441679 0.08065396 0.00017985 0.08859123
0.00025551 -0.13145822 -0.07551450 -0.13930689 0.06852970 -0.06177456 0.03160607 -0.01811289 0.04841016 0.07294747 -0.04656668 -0.21613671 -0.05668521 0.21066216 0.17475690 0.30316798 0.34467344 0.33135678 0.19810545 0.32841150 0.29602107 0.25835115 1.00000000 0.22663702 0.15023423 0.21093778 -0.03321931 0.03432065 -0.07294074 0.07642392 -0.07233597 0.05415531 0.01423022 0.06908136 0.09370643 -0.11880577 -0.01490348 0.04028773 -0.05021149 -0.03461697 0.03954972 -0.09108220 -0.11794847 -0.13461892 -0.08768595 -0.17215616 -0.17720621 -0.13992612 -0.24126077 -0.04412385 -0.04701821 -0.10331335 -0.01918683 -0.12398502 -0.05776669 -0.00911864 -0.03062599 -0.06235778 -0.07959359 0.06675384 0.14766062 0.04209073 -0.00747935 0.03384912 0.00682417 0.11484753 0.00298305 -0.05910476 -0.02208126 -0.02710353 0.04421988 -0.04403880 -0.10394689 -0.02241816 0.11996455 -0.05478653 -0.09227697 0.04554986
-0.14947751 0.00724238 0.07931076 -0.05124506 0.02810974 -0.03581665 -0.06663764 0.07870596 0.06511518 0.07383731 0.02874786 -0.00415592 0.01008169 0.12527776 0.15178739 0.24522620 0.25422366 0.27322824 0.18676514 0.26274869 0.22030283 0.30443417 0.22663702 1.00000000 0.23017023 0.27282926 0.04885880 0.00426453 0.00149925 0.19614705 0.09278304 0.19254306 0.13379664 0.11127736 0.06109311 0.04768133 0.04002445 0.16338334 0.08959117 -0.07920906 0.10402722 0.01002457 0.00630456 0.00163024 0.08968882 -0.05525844 -0.02200536 0.01619920 -0.04162394 0.03062216 -0.00008573 0.01510290 0.03944876 0.02406695 0.09104928 0.00049196 0.17500883 0.14127089 0.03916153 -0.03717968 0.05539664 0.02239024 0.07900315 0.10579312 0.17039001 0.01733957 0.16785023 -0.09358766 0.08951927 -0.04262616 0.01821322 -0.06725939 -0.11082474 0.05132280 0.04952007 -0.02051551 -0.07331546 0.02055631
0.09703315 0.00948628 0.12839245 0.07521441 0.00534868 -0.04107091 0.01504984 0.16990168 0.17993458 0.06877727 0.03909608 -0.10956600 -0.11947110 0.19990984 0.19822666 0.19609088 0.29384192 0.14547616 0.29143688 0.27576116 0.27098651 0.23425401 0.15023423 0.23017023 1.00000000 0.19481094 -0.01183445 0.02231622 0.04474050 -0.00703129 -0.14647221 -0.09203570 -0.10124126 0.04081286 -0.04260375 0.00292556 -0.17533036 -0.04465967 -0.09856632 -0.09842357 0.03522866 -0.12199452 -0.08972759 0.09274124 0.01357814 0.04995105 -0.01210602 -0.01365728 0.02372194 0.02773306 0.04000006 -0.03677099 0.07206620 -0.02468819 0.10969105 0.06588168 0.07643838 0.13610958 0.05529339 0.05561691 0.01462732 0.07954917 -0.01441657 0.01580349 0.12306594 0.07384619 0.04872021 0.00955107 0.16263228 0.03700325 0.05902318 0.04491555 0.06801816 0.03227899 0.07114821 -0.01226688 0.02039903 0.07808662
0.04743197 0.10484919 0.13457129 0.08357195 0.09121188 -0.02107261 -0.03689105 0.13025293 0.11396250 0.10252572 0.00711669 0.02597268 0.04727545 0.21058068 0.14828347 0.03538885 0.26678987 0.24455982 0.17318479 0.11961311 0.17504408 0.03349296 0.21093778 0.27282926 0.19481094 1.00000000 -0.02695899 0.04329990 0.02908531 -0.04104694 0.04058908 0.12121130 0.06553757 0.13113319 0.01122872 -0.00892515 0.02966869 -0.01661463 0.06087082 0.06266330 0.08721634 -0.05662182 0.12792753 -0.03892265 0.15392309 0.06912668 0.09771855 0.11335973 -0.07330794 0.03206776 -0.00114830 -0.00392309 0.07052159 0.03353486 0.03713186 0.11146501 -0.01189854 -0.02256374 0.09635687 -0.08797328 0.06448908 0.04315957 0.04479473 -0.01314841 0.07204503 -0.00987054 0.01087419 0.01611519 0.03639916 -0.03333622 -0.00720622 0.01432408 -0.09253797 0.04170588 -0.00731773 -0.02301649 -0.03382565 0.04395821
0.00959869 -0.12635486 0.12241620 0.04499118 0.14490278 0.18897205 0.06073286 0.11906305 0.12123744 0.07775630 0.10297270 -0.05101523 0.07951451 -0.11691436 -0.04414181 -0.07522972 0.00529864 -0.07594888 -0.12537179 0.03871728 -0.14966798 -0.02133366 -0.03321931 0.04885880 -0.01183445 -0.02695899 1.00000000 0.28136818 0.23690187 0.18116369 0.18348538 0.08090073 0.23988026 0.16682320 -0.02303426 0.15655835 -0.00916411 0.37971025 0.08977677 -0.00401659 0.02797955 0.00659746 0.07985108 0.08704812 -0.08864723 -0.02861844 0.10632132 0.02051068 -0.04395288 0.00567165 0.09882043 -0.07208905 0.14386885 0.04646237 0.08959869 -0.00608772 0.08449474 0.14405032 0.08685287 -0.05642831 -0.02835341 0.26716922 0.01218055 -0.02628688 0.03882819 0.07008111 0.00259287 -0.08370931 0.07438395 -0.05563607 0.08212051 -0.04271106 0.04004157 -0.02822601 0.10680052 -0.08922070 0.10541526 -0.09691690
-0.06777561 -0.04439109 0.18809475 -0.01697418 -0.10824533 0.14515775 0.06993057 -0.05304639 0.06369425 0.13564549 0.07161757 0.05683741 0.04818142 0.11251318 -0.13468301 0.15465938 0.04667907 0.11547555 0.00130251 0.04677975 0.14247351 0.07117408 0.03432065 0.00426453 0.02231622 0.04329990 0.28136818 1.00000000 0.19488802 0.28472195 0.31435188 0.16389868 0.19088584 0.15978440 0.24883709 0.16389302 0.18955133 0.39005267 0.26805942 0.02265871 0.03454588 -0.00767872 -0.06753813 0.10296581 -0.00673454 0.04508746 0.01274019 -0.06623920 0.03463855 0.00655005 -0.04394253 0.05137177 0.03711988 -0.08258522 0.01422041 0.04076051 -0.07030042 -0.04734105 -0.04748568 -0.02793002 -0.21324371 -0.00825955 0.06567866 -0.16334736 0.11332162 0.03110099 0.07790811 -0.00719750 0.05670756 -0.00740375 0.06141259 0.04023096 0.07619281 -0.02955742 0.16881260 -0.05374902 0.05702087 -0.00126382
0.14462616 0.09331294 0.15037731 0.11655546 0.07780157 0.10648076 0.04898755 0.00255077 0.12596637 -0.02127923 0.00548910 0.10540167 -0.04235683 0.05499052 0.08081128 -0.10150859 0.09188710 0.02485325 0.09611494 0.06171769 -0.02936479 0.02342826 -0.07294074 0.00149925 0.04474050 0.02908531 0.23690187 0.19488802 1.00000000 0.06360430 0.11375158 0.22356225 0.16401885 0.21363422 0.02336406 0.12288974 0.18344657 0.08947142 0.14429763 -0.00500709 0.13132232 0.09381940 0.01523769 0.21800618 0.03558291 0.11976579 0.11058116 0.05236194 0.00416845 0.08882390 0.02831090 0.14830555 0.00325646 -0.01695380 0.14420464 0.05353917 0.04707791 -0.00249810 0.07399706 -0.06806170 -0.15349127 -0.05349116 0.09851949 0.03766798 0.07663096 -0.09416623 -0.02272591 0.08254856 0.01019482 0.07379760 -0.08094535 0.03561455 0.16379659 0.07186549 0.00207237 0.08219593 0.08045823 -0.13833466
0.01137913 -0.02614602 0.05282551 -0.10988531 -0.05516328 0.19706050 0.06433743 0.07001424 -0.00501607 0.13847862 -0.02002478 0.04024618 0.13449387 0.04581832 -0.06068417 0.08169856 -0.00815900 0.11240455 -0.10765957 0.05980592 -0.00786426 0.16501442 0.07642392 0.19614705 -0.00703129 -0.04104694 0.18116369 0.28472195 0.06360430 1.00000000 0.12672801 0.13272356 0.25545788 -0.02163882 0.23227271 0.16086964 0.21453523 0.19882305 0.21588765 -0.04773403 -0.00698154 0.03571863 -0.06204552 -0.01295373 -0.10659569 -0.11941317 -0.01055175 -0.18931421 0.06218371 -0.03946512 0.08459427 0.00019317 -0.08982255 -0.10314345 0.05299958 -0.11571887 -0.01661815 0.08403914 -0.04711351 0.11670293 -0.10419803 0.05994461 -0.10663273 -0.00442972 0.08079921 0.03265408 0.13376130 -0.02659173 0.05321691 0.01456363 0.08318123 -0.00428343 0.02050228 0.12678136 0.07978346 0.12670579 0.01641845 0.02976884
-0.11387923 -0.04780138 0.04598122 -0.05087691 -0.04379227 -0.01565013 -0.01064336 -0.18542403 0.01394012 0.12399008 -0.14682692 -0.03110090 0.09335946 0.04855920 -0.05580721 0.06301157 -0.10775773 0.07894712 -0.00999953 -0.09272492 0.00455939 -0.06935640 -0.07233597 0.09278304 -0.14647221 0.04058908 0.18348538 0.31435188 0.11375158 0.12672801 1.00000000 0.07340176 0.22208109 0.09539100 0.07492827 0.09673372 0.26814525 0.29692081 0.19670840 -0.02405376 0.09007914 0.06013882 0.24548130 0.04848290 0.11361766 -0.08630402 0.03540730 -0.11978879 -0.15471587 0.01417676 -0.02707317 0.04947403 0.11010405 0.09072737 0.10233632 0.05670677 0.13519155 0.10872542 0.16002896 -0.09195512 -0.06005848 0.09586314 0.20837543 0.02305346 0.08970358 -0.08164686 -0.00284260 0.02797770 -0.02573117 0.05840907 -0.04975684 0.05914311 -0.05978167 0.01518137 0.02847027 0.05107521 0.04297971 -0.14006173
-0.09634109 -0.04358324 0.04525057 0.10953900 0.09138797 -0.02792256 0.06732410 0.07930659 -0.06971766 -0.05054078 0.09673086 -0.11969660 -0.04800616 0.03666199 -0.00596326 0.00958592 0.08998184 0.11455095 -0.01861138 0.00846081 0.03129979 -0.00273336 0.05415531 0.19254306 -0.09203570 0.12121130 0.08090073 0.16389868 0.22356225 0.13272356 0.07340176 1.00000000 0.16043497 0.17582648 0.22026789 0.04377622 0.25607171 0.23721411 0.25143997 -0.09868084 0.01534317 0.12965768 0.03462772 -0.02677250 0.02487641 -0.02803105 -0.02083057 -0.00792605 -0.01032136 0.04941116 -0.04439550 0.01887812 -0.06390674 -0.04442334 0.00409970 -0.02546117 -0.04019204 -0.04334965 -0.02681492 0.00744523 -0.01255553 -0.03461662 0.01861897 0.10746330 0.07099705 -0.01081585 0.06403348 -0.00168353 0.05331499 -0.04014557 0.04525945 -0.03606056 -0.00455229 0.04383291 0.06714545 -0.01326850 0.00574134 -0.00067133
-0.05243390 -0.22191119 0.18603120 0.04598312 0.07000753 -0.06809495 0.07445648 0.04710823 -0.00160808 0.07482417 0.09727032 -0.01109169 -0.07739450 0.05920193 -0.06870238 0.09321106 0.01819390 0.12102102 -0.07396019 0.09872325 -0.00785610 0.06139484 0.01423022 0.13379664 -0.10124126 0.06553757 0.23988026 0.19088584 0.16401885 0.25545788 0.22208109 0.16043497 1.00000000 0.32465069 0.20994609 0.20873896 0.10608392 0.29368445 0.21510728 -0.13162364 0.06488885 0.07816469 0.07001551 0.03063669 0.03632618 0.06053508 -0.03190562 -0.00471378 0.06567724 -0.08685537 0.12460780 0.15639415 0.04582629 0.06897871 0.06985041 0.02410244 0.06958631 0.04241213 0.02368920 0.09465080 -0.01463754 0.02985114 0.11014197 -0.03039215 0.09373261 -0.05165753 0.04076889 -0.06144408 0.02528844 -0.18748305 0.09043051 -0.03722530 -0.01660463 -0.01725054 -0.00024996 0.00474834 0.07220949 -0.05290811
0.00676715 -0.08054512 0.17174675 0.06538318 0.11731193 -0.10867468 0.14382975 0.05929806 0.12014224 0.09124162 -0.00201877 0.04000612 -0.03976643 0.06454436 -0.02195785 0.03331742 0.03965418 0.08027892 0.03913428 -0.01152514 0.01777171 0.07427512 0.06908136 0.11127736 0.04081286 0.13113319 0.16682320 0.15978440 0.21363422 -0.02163882 0.09539100 0.17582648 0.32465069 1.00000000 0.12666322 0.29998180 0.16673045 0.24246817 0.12477427 -0.04090876 0.11222619 0.05058745 0.14530661 0.01831753 -0.05346552 -0.00696291 0.07647485 0.01693229 0.02855776 -0.06448628 0.08024301 0.05891455 0.09409564 0.03133121 -0.02121664 0.00109125 0.04035684 -0.02920692 0.11498926 -0.03659409 -0.02012724 -0.01132076 -0.00280082 0.02209124 0.03317929 -0.04361740 -0.03328258 -0.00111920 -0.07575668 -0.14310031 0.03933090 -0.01615657 -0.12902021 -0.13324403 -0.02447010 -0.08221219 -0.04916640 -0.02539016
-0.00139200 -0.03666597 -0.09021246 0.01633933 0.00924476 0.09809846 0.15218372 -0.11994962 -0.10806193 0.03970843 -0.07407741 -0.07982573 -0.00071359 0.06865690 0.05290137 0.00622562 -0.01815589 0.10491204 0.06385762 -0.11024907 0.12210249 0.13825508 0.09370643 0.06109311 -0.04260375 0.01122872 -0.02303426 0.24883709 0.02336406 0.23227271 0.07492827 0.22026789 0.20994609 0.12666322 1.00000000 0.12197108 0.28988092 0.16217267 0.28517910 -0.12681707 -0.09865524 0.05271019 -0.13626920 0.05491691 -0.00332415 -0.06646380 -0.05021183 -0.04974432 0.08527841 -0.02317032 -0.09271591 0.07765876 -0.04134730 -0.06293905 0.04919184 0.06795696 0.00658544 0.03844142 -0.07160599 0.04564550 0.02628123 0.04715535 0.08573814 -0.10560054 0.04674365 0.10060645 -0.02404630 0.07457681 0.09421799 0.07847880 0.03699271 0.15081404 0.06582842 0.11277862 0.02904988 0.15543148 0.01591438 0.11723709
0.03912850 -0.00027798 0.05652256 0.04917582 0.04172734 -0.04135866 0.02268540 0.04613300 -0.02137436 0.11072532 0.00281858 0.11695148 0.08883672 -0.03568314 0.01415131 0.01852818 -0.17688301 0.04674061 0.02895416 -0.06226868 -0.03579722 -0.04205713 -0.11880577 0.04768133 0.00292556 -0.00892515 0.15655835 0.16389302 0.12288974 0.16086964 0.09673372 0.04377622 0.20873896 0.29998180 0.12197108 1.00000000 0.24185250 0.19770236 0.21352304 -0.04145198 0.08803058 0.13355203 0.01962221 -0.01935905 -0.01320797 -0.07713360 0.05101223 0.09006578 0.14938709 -0.09589366 -0.05250943 0.17192052 0.11842216 0.07581436 0.07055345 0.07225129 0.02162429 -0.03673847 0.09243315 -0.02561843 -0.03117886 0.04906589 0.04163660 -0.07321191 0.08345803 -0.07729169 0.08226522 0.02452981 0.04595807 -0.05060893 -0.00516631 -0.07701314 0.09420762 -0.06134978 -0.00085459 0.00602011 0.08906818 -0.06458882
0.00040670 0.09359090 -0.00532711 -0.02772882 0.05181592 0.09821643 0.05954270 -0.12417211 -0.00325349 0.06339697 -0.07895909 0.03333612 0.13208279 0.02806502 -0.03039121 -0.04912348 0.05897514 0.19324983 0.13921936 -0.13589907 0.07243082 -0.12116493 -0.01490348 0.04002445 -0.17533036 0.02966869 -0.00916411 0.18955133 0.18344657 0.21453523 0.26814525 0.25607171 0.10608392 0.16673045 0.28988092 0.24185250 1.00000000 0.07117800 0.33483107 -0.00604261 -0.05327143 0.16076261 -0.02228444 0.02171943 -0.00811836 -0.07010882 -0.04598462 -0.11646850 0.03750495 -0.05126311 -0.08019629 0.04993557 -0.09084369 -0.07150622 0.05100306 0.12303981 -0.02275829 -0.05425218 0.08023896 -0.02704280 -0.09925234 -0.01136592 0.02438801 -0.02502418 0.00209185 -0.01583575 0.06212727 0.04572460 -0.00328037 0.07064082 -0.08226562 0.06929149 0.04160021 0.10841208 0.04226634 0.11464530 -0.01206131 -0.05818066
-0.14060840 -0.15194897 0.02531615 -0.08453142 -0.01709765 0.04069587 -0.00340696 0.02551708 0.05765713 0.08335025 0.11963307 -0.05945501 0.03693391 0.18225504 0.01348183 0.19233099 0.01794033 0.15824890 0.01577559 -0.06275870 -0.06521793 0.07539348 0.04028773 0.16338334 -0.04465967 -0.01661463 0.37971025 0.39005267 0.08947142 0.19882305 0.29692081 0.23721411 0.29368445 0.24246817 0.16217267 0.19770236 0.07117800 1.00000000 0.12248673 -0.03739921 0.08908095 -0.01736965 0.07274250 0.05185571 -0.00096424 -0.05371065 -0.04078317 -0.13777373 -0.10643424 0.03108506 0.07661086 -0.01850953 0.16288121 -0.00903645 -0.09183302 0.03154570 0.01833314 0.11564506 0.03214092 -0.03132323 0.03457937 0.01810290 -0.00728283 -0.08554686 0.05799075 0.02749883 0.07943003 -0.02195392 0.11536572 0.06092148 0.17203267 0.09839987 -0.02477508 -0.11015035 -0.00517379 0.01366233 0.07660341 -0.01183982
0.03188064 0.06804083 0.18283149 0.09060286 -0.01087356 0.15558768 0.08240532 -0.00317097 0.04718866 0.00094039 0.00461142 0.02257755 0.21219544 -0.09182392 -0.02484135 0.00371817 -0.13496283 0.01302857 0.06086466 -0.01111557 -0.03173038 0.05183670 -0.05021149 0.08959117 -0.09856632 0.06087082 0.08977677 0.26805942 0.14429763 0.21588765 0.19670840 0.25143997 0.21510728 0.12477427 0.28517910 0.21352304 0.33483107 0.12248673 1.00000000 -0.05953625 -0.08099784 0.07901792 0.06455572 0.12588602 0.08537391 -0.01149451 0.16321536 0.04931373 0.01947096 0.13715996 -0.00264684 0.03147539 -0.05971647 0.06416421 0.08647340 0.00917736 0.02404686 0.05048883 0.15676464 0.08673240 -0.05175146 0.06338551 0.10736466 0.02148845 0.08003062 -0.05873353 -0.02666265 0.03066451 -0.02350921 0.08084027 -0.12833461 0.02242560 -0.02615281 -0.06629279 -0.04937989 0.02405899 0.09744663 -0.02844743
0.20654176 0.17068726 -0.03310538 -0.05361436 0.09792840 0.08984345 -0.03725922 0.08058998 0.10051875 0.10638274 -0.07050288 0.08680178 0.08918996 -0.00598887 -0.02904945 -0.09977880 -0.04630916 -0.15825160 -0.04823097 0.05888899 -0.05275254 0.05192350 -0.03461697 -0.07920906 -0.09842357 0.06266330 -0.00401659 0.02265871 -0.00500709 -0.04773403 -0.02405376 -0.09868084 -0.13162364 -0.04090876 -0.12681707 -0.04145198 -0.00604261 -0.03739921 -0.05953625 1.00000000 0.21515074 0.19345682 0.24260798 0.19629041 0.13313934 0.23656731 0.22868543 0.04369359 0.17876506 0.12656816 0.12191763 0.17559168 -0.08127629 0.09432281 -0.07710959 0.05775036 -0.00122648 0.02635100 -0.00247805 0.07045995 0.11248459 -0.10622158 0.02387685 -0.02950583 0.00561159 -0.02496507 0.00288727 0.00067776 -0.11541142 -0.04716680 0.04661230 -0.00277154 -0.01670019 0.01714155 -0.12279170 -0.03369633 0.03131029 0.11691581
0.19124240 0.06474097 0.17354990 0.08525372 0.08443994 0.02097738 -0.06663389 0.10619205 0.11557916 0.03382506 -0.00740377 0.02589884 -0.01308952 0.05067441 -0.09537339 0.09028449 0.06713598 0.07209131 0.10719668 0.15352068 0.11835242 0.08209606 0.03954972 0.10402722 0.03522866 0.08721634 0.02797955 0.03454588 0.13132232 -0.00698154 0.09007914 0.01534317 0.06488885 0.11222619 -0.09865524 0.08803058 -0.05327143 0.08908095 -0.08099784 0.21515074 1.00000000 0.10951020 0.25846709 0.16164611 0.33679473 0.22514404 0.15109881 0.20060963 0.11548936 0.09744426 0.14649457 0.32095824 0.06417291 -0.00828784 0.04912997 0.07022700 0.11651023 0.11489158 0.14795505 0.04147000 0.08569336 -0.06581184 0.14521428 0.03375667 0.11499859 -0.04493584 0.07917924 -0.07916463 0.01848594 -0.20133548 -0.11101438 -0.01242422 0.01755770 -0.08293509 -0.15735912 -0.04644179 0.03876108 -0.12726254
-0.06839928 -0.03812512 -0.03230554 0.02808413 0.25839223 0.16966059 0.02002690 -0.04573625 0.08764581 0.09105801 -0.03757229 -0.00162074 0.09625533 -0.04511428 0.01092264 -0.15797017 0.02226937 -0.01504875 -0.07998013 -0.06824282 -0.05297068 -0.03876038 -0.09108220 0.01002457 -0.12199452 -0.05662182 0.00659746 -0.00767872 0.09381940 0.03571863 0.06013882 0.12965768 0.07816469 0.05058745 0.05271019 0.13355203 0.16076261 -0.01736965 0.07901792 0.19345682 0.10951020 1.00000000 0.19055377 0.10662875 0.00956111 0.07020255 0.03289450 0.29763714 0.22450725 0.33024515 0.04928495 0.21391202 -0.01949456 0.10269403 -0.08351558 0.04210538 -0.02518003 -0.06624890 -0.01692597 -0.00219244 0.10153287 -0.01217865 -0.04077599 0.09716608 0.03974917 -0.16380086 0.00989213 -0.12717523 -0.09695278 -0.10338953 -0.11128934 -0.08173647 -0.03075031 0.05964338 -0.08659249 -0.02282601 -0.06650967 -0.10648148
0.05203897 -0.03928955 0.01589839 0.04132405 0.09010937 0.01376968 -0.12015786 0.00109924 0.04748882 0.08238485 -0.11884680 0.07434926 0.13496966 -0.08911426 -0.06729521 -0.16745514 -0.01726357 -0.04366144 -0.03236325 0.01345476 -0.17481053 -0.13920919 -0.11794847 0.00630456 -0.08972759 0.12792753 0.07985108 -0.06753813 0.01523769 -0.06204552 0.24548130 0.03462772 0.07001551 0.14530661 -0.13626920 0.01962221 -0.02228444 0.07274250 0.06455572 0.24260798 0.25846709 0.19055377 1.00000000 0.14503298 0.22767040 0.07423232 0.38832868 0.13502867 0.04108921 0.16023474 0.25989718 0.12436563 0.09697691 0.17464242 0.08226267 0.07118353 0.17173646 0.08784936 0.19558296 -0.03208135 0.15599952 0.05777658 0.05530885 0.04380144 0.06333056 -0.21649402 -0.08608038 -0.09239121 -0.01428327 -0.11680512 -0.18087176 -0.06112520 -0.08184920 -0.01710557 -0.17766921 -0.04972841 -0.13273307 -0.17294638
0.09778053 0.05791761 0.06527714 -0.01416807 -0.11434933 0.08620120 -0.05178054 0.10222955 0.15583176 -0.05018307 -0.13166385 0.03058720 0.02356332 0.06100298 -0.02850129 -0.06914409 0.02593420 -0.02109053 0.11381217 0.08012767 -0.00553145 0.05048081 -0.13461892 0.00163024 0.09274124 -0.03892265 0.08704812 0.10296581 0.21800618 -0.01295373 0.04848290 -0.02677250 0.03063669 0.01831753 0.05491691 -0.01935905 0.02171943 0.05185571 0.12588602 0.19629041 0.16164611 0.10662875 0.14503298 1.00000000 0.18841912 0.24351017 0.19619084 0.06011822 0.35712913 0.26619122 0.29489375 0.27364579 -0.02384187 0.11830853 0.16597371 0.08080505 0.24286321 0.25613671 0.03833010 -0.00958463 -0.00130090 0.04894539 0.20789236 0.02603394 0.11069708 -0.16500777 -0.08757924 0.00155010 0.03723145 -0.03633273 -0.01306134 0.02284449 0.09054778 0.03105505 -0.15490910 0.04707694 -0.03248310 0.02838410
0.04610327 0.15269661 0.10545307 0.09074760 0.10517284 -0.07081331 -0.07285438 0.08467196 0.04536711 -0.04598211 0.00193954 0.05543972 0.03232838 0.01627014 0.05041389 -0.14634211 0.05305625 -0.07467817 0.12223726 0.02979394 0.01609774 -0.03470110 -0.08768595 0.08968882 0.01357814 0.15392309 -0.08864723 -0.00673454 0.03558291 -0.10659569 0.11361766 0.02487641 0.03632618 -0.05346552 -0.00332415 -0.01320797 -0.00811836 -0.00096424 0.08537391 0.13313934 0.33679473 0.00956111 0.22767040 0.18841912 1.00000000 0.29917895 0.19192614 0.14090986 0.25251068 0.10440408 0.11857222 0.27018338 -0.01637445 0.16419956 0.08819059 0.05223926 0.00576569 0.13576813 0.09311451 -0.01022971 0.13803045 0.04360087 0.06674270 -0.06363142 -0.00612861 -0.12705680 0.01879119 -0.05493689 0.09951550 -0.03554991 -0.12089561 0.03931104 0.06046331 0.01896443 -0.11956357 0.11982509 0.06427780 -0.03121280
0.08343606 0.10368366 0.11130590 0.10026038 0.08079410 0.04307348 -0.06720729 0.08926838 0.13788491 -0.09268855 0.08364742 0.07535462 0.01969091 -0.03028793 -0.11744357 -0.17020419 -0.02709961 -0.09915505 0.00219506 0.09886121 -0.00401951 0.06075182 -0.17215616 -0.05525844 0.04995105 0.06912668 -0.02861844 0.04508746 0.11976579 -0.11941317 -0.08630402 -0.02803105 0.06053508 -0.00696291 -0.06646380 -0.07713360 -0.07010882 -0.05371065 -0.01149451 0.23656731 0.22514404 0.07020255 0.07423232 0.24351017 0.29917895 1.00000000 0.16850235 0.32190659 0.27133593 0.15532072 0.17079573 0.35789735 -0.13017857 0.07787029 -0.07479780 0.08125138 -0.09778698 0.00684097 -0.01503658 0.00403925 -0.01970989 -0.13988018 0.04317482 0.06809304 0.00408095 -0.00297929 0.08567658 0.02661528 0.04090817 -0.12234599 0.02305808 -0.00379702 0.04309561 -0.00140626 -0.07385284 -0.13110092 0.01170398 0.05375282
0.15055339 0.04188601 0.14327405 0.11122553 0.09871745 0.07904876 0.00198637 0.14065534 0.10783814 0.06125132 -0.04417211 0.14153032 0.18205791 -0.14891381 -0.01452767 -0.27819020 -0.04121593 -0.07759041 0.09156218 0.00289203 -0.10814641 -0.02041071 -0.17720621 -0.02200536 -0.01210602 0.09771855 0.10632132 0.01274019 0.11058116 -0.01055175 0.03540730 -0.02083057 -0.03190562 0.07647485 -0.05021183 0.05101223 -0.04598462 -0.04078317 0.16321536 0.22868543 0.15109881 0.03289450 0.38832868 0.19619084 0.19192614 0.16850235 1.00000000 0.27627177 0.22433718 0.22635072 0.26844971 0.13749990 -0.04846711 0.12680649 0.10938641 -0.03694961 0.00129601 -0.03598643 0.08882997 0.01341939 0.01433605 0.00288638 0.02197535 0.00750430 -0.03430752 -0.01767298 -0.15298721 -0.05190291 -0.07950137 -0.03510507 -0.03733102 0.00250535 0.04510924 -0.02843985 -0.17880663 -0.00515059 0.01923138 -0.02680673
-0.05785644 0.00628022 0.14545267 0.19013019 0.17350336 0.09917324 -0.02118795 0.05914047 0.08057968 0.00518550 0.06220699 0.05238535 0.07483780 -0.21409968 -0.01363658 -0.23920665 -0.02406027 -0.01672927 -0.01914238 -0.04232740 -0.02786169 -0.03285329 -0.13992612 0.01619920 -0.01365728 0.11335973 0.02051068 -0.06623920 0.05236194 -0.18931421 -0.11978879 -0.00792605 -0.00471378 0.01693229 -0.04974432 0.09006578 -0.11646850 -0.13777373 0.04931373 0.04369359 0.20060963 0.29763714 0.13502867 0.06011822 0.14090986 0.32190659 0.27627177 1.00000000 0.19479568 0.05322368 0.03658514 0.16715082 0.06089383 0.11297597 0.07485332 0.03966824 0.00403974 -0.07262701 0.08533821 -0.03818049 -0.02019193 0.05687446 0.05658595 0.08756336 0.10817196 -0.12069627 0.01479057 -0.03897324 0.02483227 -0.15685020 -0.08196061 -0.13821885 -0.03901496 -0.06236984 -0.10062524 -0.21246483 0.04141292 -0.11182442
0.11955892 0.06197537 0.06212856 -0.00878426 0.02175401 0.08645858 0.03010003 0.18054132 0.07555049 -0.01411109 -0.03045065 0.03553575 0.01015748 -0.05712275 -0.00409929 -0.12423789 -0.09737892 -0.10933695 -0.00329102 -0.03286471 0.02499088 0.01566103 -0.24126077 -0.04162394 0.02372194 -0.07330794 -0.04395288 0.03463855 0.00416845 0.06218371 -0.15471587 -0.01032136 0.06567724 0.02855776 0.08527841 0.14938709 0.03750495 -0.10643424 0.01947096 0.17876506 0.11548936 0.22450725 0.04108921 0.35712913 0.25251068 0.27133593 0.22433718 0.19479568 1.00000000 0.07005622 0.21554375 0.27827258 -0.08475791 0.10791794 0.09361526 0.01868498 -0.07234321 0.02736429 -0.07939227 0.08140819 0.04018089 0.11011912 -0.00042803 -0.00151184 0.02737377 -0.15205379 0.07357871 -0.07339118 -0.06569834 -0.24425543 -0.06139010 -0.02022307 0.00407368 0.04610064 -0.20066011 0.03129997 0.02123994 0.02201515
0.03557885 -0.03060267 -0.01829707 0.00088755 0.01148988 0.09635034 0.04546385 0.05496170 0.00018490 -0.02749361 -0.03924183 0.02289252 0.13859493 -0.02476165 -0.03339620 -0.07894149 0.02020235 -0.06188761 -0.00994294 0.07011270 -0.03174277 0.04572944 -0.04412385 0.03062216 0.02773306 0.03206776 0.00567165 0.00655005 0.08882390 -0.03946512 0.01417676 0.04941116 -0.08685537 -0.06448628 -0.02317032 -0.09589366 -0.05126311 0.03108506 0.13715996 0.12656816 0.09744426 0.33024515 0.16023474 0.26619122 0.10440408 0.15532072 0.22635072 0.05322368 0.07005622 1.00000000 0.18994203 0.15163365 0.01254015 -0.01420109 0.01128194 0.06155576 0.01809020 0.01697045 0.04753970 -0.00360745 0.11377308 -0.01227627 0.15453101 0.04076083 0.05760492 -0.06627007 -0.06776469 -0.05987903 -0.06113703 0.06686239 -0.02642016 -0.12184619 0.07095567 -0.03471948 -0.02746177 -0.01908209 0.03110610 -0.01174135
0.06746065 -0.04836028 0.00471649 0.02239380 0.02510434 0.12964537 0.01818134 0.09947494 0.05741456 0.01670539 -0.00161742 -0.00214327 0.01961792 -0.02415201 -0.00565580 -0.00388128 0.02933789 -0.04830434 0.00725747 0.11070248 -0.00396408 0.15487307 -0.04701821 -0.00008573 0.04000006 -0.00114830 0.09882043 -0.04394253 0.02831090 0.08459427 -0.02707317 -0.04439550 0.12460780 0.08024301 -0.09271591 -0.05250943 -0.08019629 0.07661086 -0.00264684 0.12191763 0.14649457 0.04928495 0.25989718 0.29489375 0.11857222 0.17079573 0.26844971 0.03658514 0.21554375 0.18994203 1.00000000 0.35502830 0.05314459 0.12503456 0.10837353 0.04161102 0.05217153 0.19092478 0.03344832 0.13167811 0.10387204 0.04171399 0.04214196 0.02592604 0.04062139 0.03035025 -0.04195265 0.03933640 0.03397610 -0.16390267 0.06773712 0.06902062 0.01395921 -0.05961623 -0.09571058 -0.01211215 0.00372280 -0.05775636
0.14391056 0.03397339 0.05494703 0.08833830 -0.05840951 0.02760868 0.08326931 0.07087830 0.01349362 0.00806662 -0.02138978 0.17749126 0.05349191 0.06875989 0.06084231 -0.04923179 -0.06860465 -0.04113620 0.02551882 0.03794630 -0.01713746 0.12493352 -0.10331335 0.01510290 -0.03677099 -0.00392309 -0.07208905 0.05137177 0.14830555 0.00019317 0.04947403 0.01887812 0.15639415 0.05891455 0.07765876 0.17192052 0.04993557 -0.01850953 0.03147539 0.17559168 0.32095824 0.21391202 0.12436563 0.27364579 0.27018338 0.35789735 0.13749990 0.16715082 0.27827258 0.15163365 0.35502830 1.00000000 0.01598611 0.17805941 0.13697528 0.05276240 0.08821263 0.20230932 0.09478410 0.06057955 0.01891097 -0.02062634 0.18717874 0.13301923 0.18320209 -0.12460558 0.04917536 0.01968433 0.02470802 -0.12175230 -0.01266108 0.07371284 0.06003830 -0.01242955 -0.09801265 0.01402357 0.08086828 0.04263574
-0.00478041 -0.09991778 0.02277092 0.09844886 -0.00899236 -0.14839738 -0.00781645 0.03580001 -0.02352737 0.08990113 0.12883343 0.04900699 0.10783069 0.10137986 -0.02535388 0.13097471 -0.05354441 0.07350443 -0.06342343 -0.07530535 0.02514654 -0.04312651 -0.01918683 0.03944876 0.07206620 0.07052159 0.14386885 0.03711988 0.00325646 -0.08982255 0.11010405 -0.06390674 0.04582629 0.09409564 -0.04134730 0.11842216 -0.09084369 0.16288121 -0.05971647 -0.08127629 0.06417291 -0.01949456 0.09697691 -0.02384187 -0.01637445 -0.13017857 -0.04846711 0.06089383 -0.08475791 0.01254015 0.05314459 0.01598611 1.00000000 0.25203892 0.32954691 0.17307257 0.17630748 0.16460313 0.25319968 0.02574785 0.15012670 0.29801369 0.20641373 0.21046267 0.16501508 -0.08778124 -0.04577012 -0.05488662 0.06870685 -0.01939211 -0.00719481 0.02180450 -0.07392855 -0.14344745 0.03165640 -0.18723374 0.10850153 -0.19732186
-0.02810760 0.07422461 -0.04104680 0.15733646 0.10165379 -0.01849642 -0.02941369 -0.10238255 0.05689496 -0.03809509 -0.01820185 0.09315687 0.05616623 0.00144842 0.01202529 -0.07948256 -0.04643715 0.03631495 -0.06643986 0.03257525 -0.00377490 -0.01629052 -0.12398502 0.02406695 -0.02468819 0.03353486 0.04646237 -0.08258522 -0.01695380 -0.10314345 0.09072737 -0.04442334 0.06897871 0.03133121 -0.06293905 0.07581436 -0.07150622 -0.00903645 0.06416421 0.09432281 -0.00828784 0.10269403 0.17464242 0.11830853 0.16419956 0.07787029 0.12680649 0.11297597 0.10791794 -0.01420109 0.12503456 0.17805941 0.25203892 1.00000000 0.25793315 0.18543749 0.19525435 0.19691401 0.01837372 0.16023650 0.27449866 0.25348725 0.16971052 0.22563747 0.03202038 -0.03076799 0.07991802 -0.00221147 0.00588174 -0.02178917 -0.00455123 0.09476364 -0.09489593 0.09378520 -0.16309952 0.00228588 0.13088483 0.00609844
0.03232236 0.07192827 -0.00716992 0.06403102 -0.04634726 0.11425388 0.04647910 0.00145130 -0.01596562 -0.05138622 0.02054026 0.02863631 -0.02459011 0.08362947 0.08771738 -0.02369628 0.06309068 0.05250880 0.02955343 0.09343979 0.07386323 0.07297958 -0.05776669 0.09104928 0.10969105 0.03713186 0.08959869 0.01422041 0.14420464 0.05299958 0.10233632 0.00409970 0.06985041 -0.02121664 0.04919184 0.07055345 0.05100306 -0.09183302 0.08647340 -0.07710959 0.04912997 -0.08351558 0.08226267 0.16597371 0.08819059 -0.07479780 0.10938641 0.07485332 0.09361526 0.01128194 0.10837353 0.13697528 0.32954691 0.25793315 1.00000000 0.25859970 0.34758404 0.25755943 0.29622289 0.23011090 -0.01628248 0.29997550 0.27963020 0.15688134 0.09597376 -0.07834094 -0.09847828 -0.06176772 -0.00894947 0.01329847 -0.01674730 0.06462884 -0.01073902 0.07396004 -0.05226329 0.05317046 0.05497401 -0.06237488
0.04398157 -0.14873062 -0.12643800 -0.10802278 0.00715728 -0.03213612 0.05503404 -0.02162614 0.06092870 0.03316290 0.02127785 -0.07279615 -0.09005556 0.05136803 0.04033033 0.01655325 0.07286218 0.09387449 -0.01597265 0.03017897 0.04594461 0.00156925 -0.00911864 0.00049196 0.06588168 0.11146501 -0.00608772 0.04076051 0.05353917 -0.11571887 0.05670677 -0.02546117 0.02410244 0.00109125 0.06795696 0.07225129 0.12303981 0.03154570 0.00917736 0.05775036 0.07022700 0.04210538 0.07118353 0.08080505 0.05223926 0.08125138 -0.03694961 0.03966824 0.01868498 0.06155576 0.04161102 0.05276240 0.17307257 0.18543749 0.25859970 1.00000000 0.10042146 0.00603489 0.27042186 0.19414307 0.24540188 0.14931653 0.34678419 0.11101780 0.22911464 0.01676359 -0.08814493 -0.02298714 0.02334622 0.09326049 0.01665434 0.06454260 -0.06685584 0.00257155 -0.00686874 -0.08319701 0.10908803 -0.05165423
0.02119362 -0.00149483 0.06600934 0.09133891 -0.10734045 -0.00864768 -0.09797402 0.01689270 0.04590043 -0.08161454 -0.00031831 0.12509701 0.10311886 0.03950120 -0.01147501 0.07524652 0.08243930 0.06532962 0.11177641 0.04138611 -0.04045392 -0.02383585 -0.03062599 0.17500883 0.07643838 -0.01189854 0.08449474 -0.07030042 0.04707791 -0.01661815 0.13519155 -0.04019204 0.06958631 0.04035684 0.00658544 0.02162429 -0.02275829 0.01833314 0.02404686 -0.00122648 0.11651023 -0.02518003 0.17173646 0.24286321 0.00576569 -0.09778698 0.00129601 0.00403974 -0.07234321 0.01809020 0.05217153 0.08821263 0.17630748 0.19525435 0.34758404 0.10042146 1.00000000 0.41493404 0.27934115 0.11381664 0.09648707 0.15176847 0.32501877 0.09509770 0.09085750 -0.17257335 -0.05705501 -0.00004573 -0.01460636 0.16350489 -0.12529397 0.03547728 0.01987171 0.00041240 -0.11121624 0.13967327 0.04860818 -0.09621351
0.01584718 -0.01234201 -0.01961597 -0.01000725 -0.07429501 0.02389682 -0.03681182 0.11361648 0.09630827 -0.10566185 0.02960773 -0.00919036 0.09576872 0.04987875 -0.04645416 0.04690724 0.01128570 -0.07130860 -0.02934023 0.07465055 0.00092689 0.07836477 -0.06235778 0.14127089 0.13610958 -0.02256374 0.14405032 -0.04734105 -0.00249810 0.08403914 0.10872542 -0.04334965 0.04241213 -0.02920692 0.03844142 -0.03673847 -0.05425218 0.11564506 0.05048883 0.02635100 0.11489158 -0.06624890 0.08784936 0.25613671 0.13576813 0.00684097 -0.03598643 -0.07262701 0.02736429 0.01697045 0.19092478 0.20230932 0.16460313 0.19691401 0.25755943 0.00603489 0.41493404 1.00000000 0.30160804 0.16738619 0.20418373 0.25731426 0.27056012 0.21435326 0.22119701 -0.02652881 0.06914631 0.12086458 0.05967021 0.06690196 -0.02073631 0.06001373 -0.02036301 -0.00420488 -0.03225151 0.06413747 0.04980528 -0.03099191
0.06213262 -0.04459776 0.04706079 -0.03512032 -0.05633431 -0.11036701 -0.03142419 0.02272750 0.11608839 0.00244359 -0.08318576 -0.01278731 0.07324384 -0.03322072 -0.01015006 -0.10248624 0.03096889 -0.06717602 0.09081787 -0.04842094 0.00207395 0.00125497 -0.07959359 0.03916153 0.05529339 0.09635687 0.08685287 -0.04748568 0.07399706 -0.04711351 0.16002896 -0.02681492 0.02368920 0.11498926 -0.07160599 0.09243315 0.08023896 0.03214092 0.15676464 -0.00247805 0.14795505 -0.01692597 0.19558296 0.03833010 0.09311451 -0.01503658 0.08882997 0.08533821 -0.07939227 0.04753970 0.03344832 0.09478410 0.25319968 0.01837372 0.29622289 0.27042186 0.27934115 0.30160804 1.00000000 0.02809402 0.13513512 0.24841196 0.32487670 0.27542627 0.23987318 -0.09573576 -0.20483762 0.05087227 -0.01734304 0.05542663 -0.18738330 -0.05030384 0.01842741 -0.09669023 0.03514662 -0.05632805 0.01246946 -0.10913103
0.12873562 -0.10569454 -0.06244182 -0.10179395 -0.03120323 0.15885770 0.21094116 0.00705249 0.01995119 -0.02643359 0.10487916 0.00776985 0.12382886 0.03361693 -0.07331463 0.00432160 0.00109289 0.12580991 -0.14777545 0.14321284 -0.00263813 0.10147783 0.06675384 -0.03717968 0.05561691 -0.08797328 -0.05642831 -0.02793002 -0.06806170 0.11670293 -0.09195512 0.00744523 0.09465080 -0.03659409 0.04564550 -0.02561843 -0.02704280 -0.03132323 0.08673240 0.07045995 0.04147000 -0.00219244 -0.03208135 -0.00958463 -0.01022971 0.00403925 0.01341939 -0.03818049 0.08140819 -0.00360745 0.13167811 0.06057955 0.02574785 0.16023650 0.23011090 0.19414307 0.11381664 0.16738619 0.02809402 1.00000000 0.28582728 0.01259443 0.13126048 0.14732521 0.07873637 0.04216734 0.15396516 -0.07919654 -0.11440563 -0.01786207 0.05661789 -0.01543546 -0.10668725 -0.07264922 -0.11141311 -0.03866726 0.11992033 0.05008806
0.04637514 -0.23982789 -0.19839236 -0.05628878 0.06600934 -0.03152211 -0.08402082 -0.06757435 -0.01859787 -0.03029510 0.06233508 -0.11895778 -0.08626390 0.01632709 0.07271318 -0.03473198 0.00176443 -0.00355779 -0.06572975 0.11435239 -0.01659810 0.03899811 0.14766062 0.05539664 0.01462732 0.06448908 -0.02835341 -0.21324371 -0.15349127 -0.10419803 -0.06005848 -0.01255553 -0.01463754 -0.02012724 0.02628123 -0.03117886 -0.09925234 0.03457937 -0.05175146 0.11248459 0.08569336 0.10153287 0.15599952 -0.00130090 0.13803045 -0.01970989 0.01433605 -0.02019193 0.04018089 0.11377308 0.10387204 0.01891097 0.15012670 0.27449866 -0.01628248 0.24540188 0.09648707 0.20418373 0.13513512 0.28582728 1.00000000 0.14131039 0.20159916 0.10096866 0.02422563 0.03071114 -0.00197494 -0.06629410 -0.00941293 0.03658475 -0.04726015 0.12378677 -0.04434466 0.09595210 -0.14919077 -0.05207602 0.03117077 0.04858058
0.00078496 -0.16058309 -0.04880623 0.00177900 -0.01894399 -0.05745738 -0.09736335 0.13389989 0.02262303 -0.04221195 0.01435924 -0.04808796 0.07747709 -0.14196231 0.06552938 -0.09077336 0.01958322 -0.07187968 0.03096851 0.06330915 -0.06200094 -0.05156785 0.04209073 0.02239024 0.07954917 0.04315957 0.26716922 -0.00825955 -0.05349116 0.05994461 0.09586314 -0.03461662 0.02985114 -0.01132076 0.04715535 0.04906589 -0.01136592 0.01810290 0.06338551 -0.10622158 -0.06581184 -0.01217865 0.05777658 0.04894539 0.04360087 -0.13988018 0.00288638 0.05687446 0.11011912 -0.01227627 0.04171399 -0.02062634 0.29801369 0.25348725 0.29997550 0.14931653 0.15176847 0.25731426 0.24841196 0.01259443 0.14131039 1.00000000 0.22717661 0.14522148 0.16988884 0.02787168 -0.16671789 -0.07370252 0.02492212 -0.01194450 -0.13738235 -0.09980033 0.03942638 0.07817120 0.01086762 -0.00288670 -0.03330826 -0.17400799
0.07157292 -0.15178463 0.05444360 -0.01380626 -0.11306492 -0.14967567 0.01046447 -0.03421681 -0.00180001 -0.07791644 -0.04939798 -0.06041536 -0.05800510 -0.06516318 -0.02545049 0.04513810 0.04759204 0.07252661 -0.02512123 0.03335032 0.04263311 0.01749581 -0.00747935 0.07900315 -0.01441657 0.04479473 0.01218055 0.06567866 0.09851949 -0.10663273 0.20837543 0.01861897 0.11014197 -0.00280082 0.08573814 0.04163660 0.02438801 -0.00728283 0.10736466 0.02387685 0.14521428 -0.04077599 0.05530885 0.20789236 0.06674270 0.04317482 0.02197535 0.05658595 -0.00042803 0.15453101 0.04214196 0.18717874 0.20641373 0.16971052 0.27963020 0.34678419 0.32501877 0.27056012 0.32487670 0.13126048 0.20159916 0.22717661 1.00000000 0.12141162 0.31145580 -0.02493541 -0.18107038 0.02761503 -0.04157279 -0.01944615 -0.06436918 -0.05475498 -0.00552863 -0.07510094 -0.03815682 -0.07470470 0.12229481 -0.05734350
-0.12597806 -0.06683001 0.01028685 0.07099221 0.12126524 -0.02174394 0.05263864 -0.06949573 0.12350771 -0.07035315 0.00668370 -0.11863752 -0.03401439 -0.06186355 0.02398176 -0.00996458 0.01332479 0.05252016 0.01138129 0.05269917 0.16523274 0.02209351 0.03384912 0.10579312 0.01580349 -0.01314841 -0.02628688 -0.16334736 0.03766798 -0.00442972 0.02305346 0.10746330 -0.03039215 0.02209124 -0.10560054 -0.07321191 -0.02502418 -0.08554686 0.02148845 -0.02950583 0.03375667 0.09716608 0.04380144 0.02603394 -0.06363142 0.06809304 0.00750430 0.08756336 -0.00151184 0.04076083 0.02592604 0.13301923 0.21046267 0.22563747 0.15688134 0.11101780 0.09509770 0.21435326 0.27542627 0.14732521 0.10096866 0.14522148 0.12141162 1.00000000 0.20678211 -0.02442473 0.07061742 0.04184138 0.02415512 0.00914834 0.05668383 0.00093596 -0.10941838 0.05088126 0.04291623 -0.17775358 -0.05933450 -0.06068246
0.00237741 0.02196318 0.02034722 -0.02569359 -0.11228171 -0.02658356 0.05497614 0.08217127 0.02580456 -0.02606027 0.07681638 -0.05240855 -0.03263691 -0.04265555 -0.07740667 0.06799303 0.00427429 0.06284998 0.03285721 0.01401274 0.07222226 0.13547130 0.00682417 0.17039001 0.12306594 0.07204503 0.03882819 0.11332162 0.07663096 0.08079921 0.08970358 0.07099705 0.09373261 0.03317929 0.04674365 0.08345803 0.00209185 0.05799075 0.08003062 0.00561159 0.11499859 0.03974917 0.06333056 0.11069708 -0.00612861 0.00408095 -0.03430752 0.10817196 0.02737377 0.05760492 0.04062139 0.18320209 0.16501508 0.03202038 0.09597376 0.22911464 0.09085750 0.22119701 0.23987318 0.07873637 0.02422563 0.16988884 0.31145580 0.20678211 1.00000000 0.02604165 0.00807375 0.01313551 0.11349110 -0.13746813 -0.00258497 -0.12828411 -0.02539933 -0.06308061 -0.00221764 -0.14628009 0.10050206 -0.10205769
0.04831353 -0.04797059 0.00468696 0.05659970 0.04176208 0.01243638 -0.07499542 -0.06519712 -0.01228588 -0.07409588 0.11019094 -0.06530930 -0.08674738 -0.05548185 0.01676401 0.12514225 0.11830186 0.04160957 0.01354086 0.09661111 0.12655818 0.07239942 0.11484753 0.01733957 0.07384619 -0.00987054 0.07008111 0.03110099 -0.09416623 0.03265408 -0.08164686 -0.01081585 -0.05165753 -0.04361740 0.10060645 -0.07729169 -0.01583575 0.02749883 -0.05873353 -0.02496507 -0.04493584 -0.16380086 -0.21649402 -0.16500777 -0.12705680 -0.00297929 -0.01767298 -0.12069627 -0.15205379 -0.06627007 0.03035025 -0.12460558 -0.08778124 -0.03076799 -0.07834094 0.01676359 -0.17257335 -0.02652881 -0.09573576 0.04216734 0.03071114 0.02787168 -0.02493541 -0.02442473 0.02604165 1.00000000 0.12351951 0.27309975 0.32729014 0.11869444 0.34014777 0.22518697 0.24236650 0.18506730 0.24077348 0.09913362 0.16041009 0.10560758
-0.07515580 0.02617782 -0.02924062 0.03731860 0.02178340 0.10859602 0.01160138 -0.04406832 0.01310475 -0.02950016 0.10017099 0.07539686 0.09433362 0.09520557 -0.04702428 0.17715852 -0.03694512 0.07685051 -0.09990909 0.08210871 0.14908663 0.07819451 0.00298305 0.16785023 0.04872021 0.01087419 0.00259287 0.07790811 -0.02272591 0.13376130 -0.00284260 0.06403348 0.04076889 -0.03328258 -0.02404630 0.08226522 0.06212727 0.07943003 -0.02666265 0.00288727 0.07917924 0.00989213 -0.08608038 -0.08757924 0.01879119 0.08567658 -0.15298721 0.01479057 0.07357871 -0.06776469 -0.04195265 0.04917536 -0.04577012 0.07991802 -0.09847828 -0.08814493 -0.05705501 0.06914631 -0.20483762 0.15396516 -0.00197494 -0.16671789 -0.18107038 0.07061742 0.00807375 0.12351951 1.00000000 0.08779718 0.22951860 0.01135122 0.31241694 0.07242517 0.05096990 0.17873109 0.05313814 0.13902095 0.07862443 0.25596934
-0.02337383 -0.00001822 -0.04792117 0.03903488 -0.05671548 -0.03576622 -0.06395593 -0.19940557 -0.00146729 -0.10972911 -0.14103883 -0.04201218 0.01224247 0.03745037 0.02868622 0.04608217 0.03175365 0.03654689 0.08784192 -0.05780938 0.08333196 0.02195862 -0.05910476 -0.09358766 0.00955107 0.01611519 -0.08370931 -0.00719750 0.08254856 -0.02659173 0.02797770 -0.00168353 -0.06144408 -0.00111920 0.07457681 0.02452981 0.04572460 -0.02195392 0.03066451 0.00067776 -0.07916463 -0.12717523 -0.09239121 0.00155010 -0.05493689 0.02661528 -0.05190291 -0.03897324 -0.07339118 -0.05987903 0.03933640 0.01968433 -0.05488662 -0.00221147 -0.06176772 -0.02298714 -0.00004573 0.12086458 0.05087227 -0.07919654 -0.06629410 -0.07370252 0.02761503 0.04184138 0.01313551 0.27309975 0.08779718 1.00000000 0.26093141 0.22495350 0.17209027 0.19273855 0.17192605 0.08880934 0.25279055 0.25951644 0.10300762 0.08884357
0.01357751 -0.07552788 0.09584429 0.02971402 -0.00805017 -0.04144632 -0.12878833 -0.04439778 -0.00857455 -0.07427562 0.05889301 -0.00707014 -0.02220677 0.03353033 0.09159498 0.00267179 0.00221917 0.00559720 0.06505901 -0.02691607 0.14626282 0.08786989 -0.02208126 0.08951927 0.16263228 0.03639916 0.07438395 0.05670756 0.01019482 0.05321691 -0.02573117 0.05331499 0.02528844 -0.07575668 0.09421799 0.04595807 -0.00328037 0.11536572 -0.02350921 -0.11541142 0.01848594 -0.09695278 -0.01428327 0.03723145 0.09951550 0.04090817 -0.07950137 0.02483227 -0.06569834 -0.06113703 0.03397610 0.02470802 0.06870685 0.00588174 -0.00894947 0.02334622 -0.01460636 0.05967021 -0.01734304 -0.11440563 -0.00941293 0.02492212 -0.04157279 0.02415512 0.11349110 0.32729014 0.22951860 0.26093141 1.00000000 0.11144627 0.19937138 0.21500203 0.14267730 0.26586626 0.22100664 0.15542822 0.01598862 0.13198254
0.07408784 0.05217440 -0.16407988 0.11629449 -0.10015357 0.01225534 -0.06968829 -0.09750460 -0.12991830 -0.10654122 -0.09645819 0.11951655 -0.00953833 0.06171719 0.13289698 -0.00700161 -0.00012868 -0.11357142 0.06762298 -0.09689849 -0.05868983 -0.03554867 -0.02710353 -0.04262616 0.03700325 -0.03333622 -0.05563607 -0.00740375 0.07379760 0.01456363 0.05840907 -0.04014557 -0.18748305 -0.14310031 0.07847880 -0.05060893 0.07064082 0.06092148 0.08084027 -0.04716680 -0.20133548 -0.10338953 -0.11680512 -0.03633273 -0.03554991 -0.12234599 -0.03510507 -0.15685020 -0.24425543 0.06686239 -0.16390267 -0.12175230 -0.01939211 -0.02178917 0.01329847 0.09326049 0.16350489 0.06690196 0.05542663 -0.01786207 0.03658475 -0.01194450 -0.01944615 0.00914834 -0.13746813 0.11869444 0.01135122 0.22495350 0.11144627 1.00000000 -0.00216344 0.31952131 0.27272884 0.17804215 0.20800210 0.33127958 0.25273329 0.18379991
-0.11485467 -0.09233362 -0.11319163 -0.03935260 -0.00006448 -0.03451904 0.04304722 0.00718365 -0.02576608 -0.03410169 0.13925262 -0.03855336 -0.08364137 0.03172969 -0.04183089 0.17759664 0.00107630 0.11763129 -0.12421268 0.08190809 0.06062834 0.06469530 0.04421988 0.01821322 0.05902318 -0.00720622 0.08212051 0.06141259 -0.08094535 0.08318123 -0.04975684 0.04525945 0.09043051 0.03933090 0.03699271 -0.00516631 -0.08226562 0.17203267 -0.12833461 0.04661230 -0.11101438 -0.11128934 -0.18087176 -0.01306134 -0.12089561 0.02305808 -0.03733102 -0.08196061 -0.06139010 -0.02642016 0.06773712 -0.01266108 -0.00719481 -0.00455123 -0.01674730 0.01665434 -0.12529397 -0.02073631 -0.18738330 0.05661789 -0.04726015 -0.13738235 -0.06436918 0.05668383 -0.00258497 0.34014777 0.31241694 0.17209027 0.19937138 -0.00216344 1.00000000 0.08427680 0.07827575 0.15681496 0.20674341 0.07260790 0.26298290 0.38859573
0.07627698 0.05829987 -0.00902649 0.10441791 -0.00170807 0.07064231 -0.08132529 -0.12460354 0.02164567 -0.06767046 -0.05634985 0.00498549 -0.18874888 0.14116240 0.08789496 -0.03082415 -0.03505654 -0.05422971 -0.02572787 -0.16188044 -0.02461016 0.02976959 -0.04403880 -0.06725939 0.04491555 0.01432408 -0.04271106 0.04023096 0.03561455 -0.00428343 0.05914311 -0.03606056 -0.03722530 -0.01615657 0.15081404 -0.07701314 0.06929149 0.09839987 0.02242560 -0.00277154 -0.01242422 -0.08173647 -0.06112520 0.02284449 0.03931104 -0.00379702 0.00250535 -0.13821885 -0.02022307 -0.12184619 0.06902062 0.07371284 0.02180450 0.09476364 0.06462884 0.06454260 0.03547728 0.06001373 -0.05030384 -0.01543546 0.12378677 -0.09980033 -0.05475498 0.00093596 -0.12828411 0.22518697 0.07242517 0.19273855 0.21500203 0.31952131 0.08427680 1.00000000 0.21852061 0.23864546 0.08680320 0.26940338 0.20090819 0.14788692
0.16695122 0.08805780 0.06757675 0.13395296 -0.02341906 0.00086465 -0.05576575 -0.05226583 -0.10202861 -0.10317759 -0.04686731 0.15092505 -0.10120546 -0.00888658 0.07855125 -0.04854974 -0.04052687 -0.09321843 0.14076529 0.01390604 0.01890748 -0.03384652 -0.10394689 -0.11082474 0.06801816 -0.09253797 0.04004157 0.07619281 0.16379659 0.02050228 -0.05978167 -0.00455229 -0.01660463 -0.12902021 0.06582842 0.09420762 0.04160021 -0.02477508 -0.02615281 -0.01670019 0.01755770 -0.03075031 -0.08184920 0.09054778 0.06046331 0.04309561 0.04510924 -0.03901496 0.00407368 0.07095567 0.01395921 0.06003830 -0.07392855 -0.09489593 -0.01073902 -0.06685584 0.01987171 -0.02036301 0.01842741 -0.10668725 -0.04434466 0.03942638 -0.00552863 -0.10941838 -0.02539933 0.24236650 0.05096990 0.17192605 0.14267730 0.27272884 0.07827575 0.21852061 1.00000000 0.27580204 0.27362134 0.26183888 0.11294515 0.12109641
0.07289789 -0.04751429 -0.15621419 -0.05181910 0.04412408 0.11860891 -0.15710480 -0.07081151 -0.06432590 0.03702847 -0.12627375 0.03929093 -0.10738418 -0.11535470 0.07878846 -0.12846892 0.00921281 0.06317937 -0.02485412 0.02936486 -0.04396800 -0.07789911 -0.02241816 0.05132280 0.03227899 0.04170588 -0.02822601 -0.02955742 0.07186549 0.12678136 0.01518137 0.04383291 -0.01725054 -0.13324403 0.11277862 -0.06134978 0.10841208 -0.11015035 -0.06629279 0.01714155 -0.08293509 0.05964338 -0.01710557 0.03105505 0.01896443 -0.00140626 -0.02843985 -0.06236984 0.04610064 -0.03471948 -0.05961623 -0.01242955 -0.14344745 0.09378520 0.07396004 0.00257155 0.00041240 -0.00420488 -0.09669023 -0.07264922 0.09595210 0.07817120 -0.07510094 0.05088126 -0.06308061 0.18506730 0.17873109 0.08880934 0.26586626 0.17804215 0.15681496 0.23864546 0.27580204 1.00000000 0.22183055 0.22201948 0.07634399 0.18438356
-0.06154618 -0.10375727 -0.06546042 -0.01459548 0.03925123 -0.01041118 -0.04150712 -0.14841329 -0.03738839 -0.00493446 0.00065210 -0.12049603 -0.08964096 -0.05411337 -0.03811936 0.05267826 0.08305737 0.01772559 -0.04470472 0.11408042 0.02597611 0.00441679 0.11996455 0.04952007 0.07114821 -0.00731773 0.10680052 0.16881260 0.00207237 0.07978346 0.02847027 0.06714545 -0.00024996 -0.02447010 0.02904988 -0.00085459 0.04226634 -0.00517379 -0.04937989 -0.12279170 -0.15735912 -0.08659249 -0.17766921 -0.15490910 -0.11956357 -0.07385284 -0.17880663 -0.10062524 -0.20066011 -0.02746177 -0.09571058 -0.09801265 0.03165640 -0.16309952 -0.05226329 -0.00686874 -0.11121624 -0.03225151 0.03514662 -0.11141311 -0.14919077 0.01086762 -0.03815682 0.04291623 -0.00221764 0.24077348 0.05313814 0.25279055 0.22100664 0.20800210 0.20674341 0.08680320 0.27362134 0.22183055 1.00000000 0.01804230 0.13156096 0.18707985
-0.00035064 0.08153943 -0.03721649 0.00955828 -0.09795453 0.02585857 -0.20683847 -0.12105896 -0.02306392 -0.14310984 -0.14006351 0.10697895 -0.00058326 0.07435647 0.15374759 0.01282942 -0.02807642 -0.04252581 0.01089198 -0.01125648 -0.02679964 0.08065396 -0.05478653 -0.02051551 -0.01226688 -0.02301649 -0.08922070 -0.05374902 0.08219593 0.12670579 0.05107521 -0.01326850 0.00474834 -0.08221219 0.15543148 0.00602011 0.11464530 0.01366233 0.02405899 -0.03369633 -0.04644179 -0.02282601 -0.04972841 0.04707694 0.11982509 -0.13110092 -0.00515059 -0.21246483 0.03129997 -0.01908209 -0.01211215 0.01402357 -0.18723374 0.00228588 0.05317046 -0.08319701 0.13967327 0.06413747 -0.05632805 -0.03866726 -0.05207602 -0.00288670 -0.07470470 -0.17775358 -0.14628009 0.09913362 0.13902095 0.25951644 0.15542822 0.33127958 0.07260790 0.26940338 0.26183888 0.22201948 0.01804230 1.00000000 0.09499467 0.16547504
0.07423793 0.03920878 -0.01311998 0.01158087 -0.05650972 0.06410053 -0.00312948 0.04403118 -0.04050252 -0.04651313 0.04414016 -0.06301037 -0.09271501 -0.10015831 -0.02901427 0.03732997 -0.06027822 0.01985232 -0.08454526 -0.07042875 -0.12953610 0.00017985 -0.09227697 -0.07331546 0.02039903 -0.03382565 0.10541526 0.05702087 0.08045823 0.01641845 0.04297971 0.00574134 0.07220949 -0.04916640 0.01591438 0.08906818 -0.01206131 0.07660341 0.09744663 0.03131029 0.03876108 -0.06650967 -0.13273307 -0.03248310 0.06427780 0.01170398 0.01923138 0.04141292 0.02123994 0.03110610 0.00372280 0.08086828 0.10850153 0.13088483 0.05497401 0.10908803 0.04860818 0.04980528 0.01246946 0.11992033 0.03117077 -0.03330826 0.12229481 -0.05933450 0.10050206 0.16041009 0.07862443 0.10300762 0.01598862 0.25273329 0.26298290 0.20090819 0.11294515 0.07634399 0.13156096 0.09499467 1.00000000 0.13858408
0.08508668 0.01549912 -0.06154081 0.02892515 -0.06380399 0.00207742 -0.01688067 -0.05025857 -0.03911547 -0.04310751 -0.05005821 0.02593985 -0.11633601 0.04033344 0.08331751 0.03371384 -0.04735444 -0.04751288 -0.03579165 0.06742333 0.06254103 0.08859123 0.04554986 0.02055631 0.07808662 0.04395821 -0.09691690 -0.00126382 -0.13833466 0.02976884 -0.14006173 -0.00067133 -0.05290811 -0.02539016 0.11723709 -0.06458882 -0.05818066 -0.01183982 -0.02844743 0.11691581 -0.12726254 -0.10648148 -0.17294638 0.02838410 -0.03121280 0.05375282 -0.02680673 -0.11182442 0.02201515 -0.01174135 -0.05775636 0.04263574 -0.19732186 0.00609844 -0.06237488 -0.05165423 -0.09621351 -0.03099191 -0.10913103 0.05008806 0.04858058 -0.17400799 -0.05734350 -0.06068246 -0.10205769 0.10560758 0.25596934 0.08884357 0.13198254 0.18379991 0.38859573 0.14788692 0.12109641 0.18438356 0.18707985 0.16547504 0.13858408 1.00000000
