1.00000000 0.53929735 0.48794938 0.67590430 0.31614109 0.66265213 0.58113506 0.54179244 0.54377793 0.63087859 0.58942052 0.61732321 0.47927975 0.57086678 0.52930866 0.34034112 0.51645232 0.51194692 0.34351654 0.36238099 0.57718763 0.45995537 0.44695442 0.55599406 0.39513894 0.19478176 0.53163750 0.61459711 0.41881952 0.43488798 0.59964106 0.52594637 0.46412856 0.37025070 0.38892155 0.36877322 0.40908879 0.41861337 0.39706413 0.42517374 0.19180610 -0.03348156 0.52244150 0.22612899 0.16935948 0.23856736 0.41467433 0.15316135 0.29330161 0.06033040 0.57714484 0.01490970 0.26794149 0.52910954 0.42819846 0.56649050 0.46652890 0.57915843 0.52079096 0.59973040 0.51747650 0.53549080 0.59638909 0.51578351 0.39201997 0.58821868 0.24675497 0.56981981 0.45157624 0.50164494 0.16670073 0.57644842 0.46566301 0.27078732 0.48956030 0.14835934 0.35844282 0.21004159
0.53929735 1.00000000 0.65672469 0.63668040 0.48585415 0.61742670 0.61080405 0.52012328 0.52811814 0.66624646 0.49474768 0.72393115 0.61708668 0.45322953 0.62999190 0.38928740 0.61712361 0.50998419 0.29980957 0.31920048 0.58659441 0.53037545 0.46626207 0.55126525 0.49642131 0.12384180 0.37577180 0.65645491 0.57494051 0.50127662 0.59974617 0.48975034 0.56433308 0.46636683 0.43195335 0.42391995 0.54007250 0.49175770 0.39762934 0.48352871 0.24583455 -0.07179918 0.48381172 0.03271041 0.25290417 0.38225658 0.41089502 0.03237907 0.16612037 0.07394621 0.60632914 0.05516968 0.26845716 0.60526626 0.47350302 0.61013507 0.54658026 0.58163517 0.59455809 0.55935963 0.62587835 0.58480593 0.54180405 0.47892577 0.34877221 0.55903593 0.40600482 0.57908762 0.57377773 0.53859011 0.26166916 0.63318192 0.55785453 0.45966814 0.53926723 0.33896828 0.32835363 0.31375103
0.48794938 0.65672469 1.00000000 0.61974315 0.71992962 0.55963447 0.53957446 0.30392774 0.46176389 0.59129526 0.18559596 0.71333522 0.59296550 0.42310865 0.56027787 0.29740891 0.65911391 0.50175088 0.14027453 0.26638108 0.46204204 0.39202494 0.30000415 0.43561159 0.60663554 0.07886839 0.27216276 0.59650131 0.44927699 0.45622980 0.53015889 0.48592486 0.53595812 0.37488660 0.31197161 0.38096606 0.44601204 0.48448762 0.34353347 0.46179884 -0.06642016 -0.29255815 0.28090902 0.01764454 0.22974795 0.38775717 0.25066721 -0.19914459 0.07080445 -0.00757946 0.55142052 0.05383398 0.28189572 0.45485697 0.35028235 0.59946301 0.49651479 0.43726606 0.52960430 0.42578596 0.60137354 0.41141720 0.41152022 0.34005118 0.15470156 0.47946969 0.48807743 0.43854351 0.51173178 0.60205323 0.34681306 0.55609509 0.55138660 0.43373388 0.59927934 0.34208590 0.14548970 0.28380859
0.67590430 0.63668040 0.61974315 1.00000000 0.28149544 0.76101014 0.75176083 0.61530629 0.61176570 0.72021086 0.52545674 0.85718723 0.75674190 0.50335769 0.75870511 0.16156163 0.64358167 0.43842350 0.17531597 0.31518848 0.73651128 0.58895720 0.28228135 0.70506787 0.34514246 -0.05186756 0.47973047 0.71852738 0.45432978 0.39477668 0.67752358 0.46777504 0.62724543 0.27461510 0.36280898 0.28574637 0.44058472 0.46396667 0.27175587 0.30717514 0.06322605 -0.32869618 0.55537929 -0.01399237 0.04431679 0.21983854 0.28298523 -0.02237311 0.03892857 -0.22369088 0.77527373 -0.19954099 0.11497785 0.71070178 0.29784754 0.63412972 0.45868442 0.66885556 0.64107445 0.60934800 0.71364097 0.53957873 0.68332113 0.66623823 0.23000287 0.65399312 0.30014654 0.63844264 0.53261081 0.56045335 -0.00502285 0.70620100 0.52263977 0.19588392 0.55574274 0.01931982 0.37969066 0.08267743
0.31614109 0.48585415 0.71992962 0.28149544 1.00000000 0.32637122 0.28471365 0.06201521 0.23601672 0.38465973 0.00322195 0.46680299 0.34293357 0.24674362 0.27839860 0.32040698 0.49996339 0.37653379 0.12248592 0.17103035 0.20080744 0.20716549 0.25019894 0.18219450 0.64203355 0.24580965 0.19132693 0.38827637 0.34135812 0.42050040 0.35676768 0.42778631 0.34401095 0.33637245 0.21756662 0.39310612 0.39970188 0.37699054 0.27593485 0.44708572 -0.10679380 -0.05622348 0.06710585 0.11263106 0.33610452 0.50326280 0.22174825 -0.17564868 0.14778134 0.24335731 0.28877139 0.26147654 0.35580130 0.17071410 0.31950399 0.45199171 0.42263860 0.18881641 0.37150580 0.24249420 0.37327123 0.24006044 0.15964931 0.06229007 0.17145666 0.27510705 0.52011901 0.23312295 0.42657637 0.49404069 0.50902186 0.34450881 0.44041268 0.52802612 0.50222007 0.50091649 0.06610594 0.41306534
0.66265213 0.61742670 0.55963447 0.76101014 0.32637122 1.00000000 0.75631024 0.70749001 0.63718246 0.69841265 0.60924974 0.75283137 0.67656012 0.57735732 0.68034415 0.36572929 0.64633707 0.58562046 0.37813549 0.42477293 0.69940508 0.61169531 0.41041010 0.60260536 0.38833578 0.14483906 0.44006011 0.60765373 0.50262858 0.47354971 0.61264942 0.43152607 0.58991066 0.36460681 0.48072437 0.30342005 0.44107415 0.49579120 0.43749985 0.44695694 0.23157307 -0.09936898 0.64391040 0.16313861 0.26008918 0.32632499 0.47309880 0.17154029 0.22936385 -0.04801162 0.73190931 0.00159897 0.26682376 0.66031676 0.47024436 0.64435828 0.51337238 0.69042756 0.62423613 0.67586399 0.66695667 0.60399864 0.68002175 0.62476909 0.35263003 0.68046953 0.26694574 0.63736008 0.54969125 0.53521557 0.16174242 0.68407978 0.52742344 0.31944976 0.54385629 0.12974018 0.42722161 0.20400235
0.58113506 0.61080405 0.53957446 0.75176083 0.28471365 0.75631024 1.00000000 0.84052336 0.47280331 0.77543360 0.65895480 0.81710760 0.89075282 0.57624477 0.85796565 0.35919522 0.69842208 0.53770230 0.44426359 0.51334142 0.81195900 0.79811232 0.36879300 0.73524588 0.31748285 -0.01056063 0.40146636 0.69201530 0.60452757 0.50322550 0.63462861 0.40990602 0.75771453 0.43759900 0.50475196 0.31950196 0.55931023 0.58664316 0.46307817 0.46953581 0.29605698 -0.20667734 0.67855037 0.09160270 0.26704648 0.34092353 0.43845033 0.18063225 0.09973085 -0.19057692 0.83003499 -0.02840114 0.20178394 0.80994173 0.43716320 0.67000123 0.55051833 0.77591868 0.66465730 0.64239747 0.74009638 0.67800665 0.72830006 0.75504934 0.33750454 0.74257860 0.29837890 0.64468626 0.59037172 0.51278699 -0.01765810 0.75037408 0.52518009 0.29936708 0.55929967 0.04267675 0.43790811 0.16423213
0.54179244 0.52012328 0.30392774 0.61530629 0.06201521 0.70749001 0.84052336 1.00000000 0.41767449 0.72548574 0.77768497 0.66010163 0.78309174 0.53959636 0.77995267 0.37911323 0.57606343 0.55068742 0.50310174 0.51531339 0.78598760 0.73206822 0.43084090 0.70188086 0.14411846 0.02599927 0.37671014 0.57764811 0.57364867 0.45236959 0.57444950 0.32149614 0.63356477 0.45110382 0.50541167 0.26893177 0.49305834 0.47381637 0.45499259 0.43690864 0.40792129 -0.06909096 0.68323261 0.14726013 0.26786495 0.22504479 0.50209088 0.27615636 0.15590810 -0.14057533 0.74081326 -0.01133936 0.17546332 0.77207731 0.48873222 0.54376980 0.52455217 0.74282903 0.57486985 0.63972246 0.62416427 0.69432233 0.73441520 0.75566456 0.40516121 0.69361308 0.12621647 0.61482342 0.48694507 0.39604590 -0.09749480 0.63911799 0.44690206 0.20421844 0.43094193 -0.02169629 0.41412803 0.07381078
0.54377793 0.52811814 0.46176389 0.61176570 0.23601672 0.63718246 0.47280331 0.41767449 1.00000000 0.50017646 0.42653264 0.52103515 0.39476815 0.48677626 0.44393269 0.33893807 0.54729311 0.42413882 0.30529995 0.41021921 0.46416375 0.45090836 0.41195983 0.44835770 0.37959710 0.28125893 0.41015834 0.44874703 0.36426419 0.42095684 0.48470853 0.41564963 0.46582900 0.26766839 0.47765031 0.24363900 0.31557878 0.43670281 0.38940395 0.40848027 0.23257280 0.01862147 0.53784408 0.18632901 0.26770097 0.40199807 0.39814519 0.25967895 0.26205752 0.08155576 0.53481927 0.13681042 0.29783071 0.44436992 0.40196374 0.57355158 0.33012954 0.50001059 0.51364606 0.54458392 0.51841194 0.42902172 0.50995749 0.42823077 0.36174145 0.53206254 0.27667570 0.44135733 0.45066948 0.42725917 0.21292478 0.52774567 0.40779073 0.38198842 0.39036028 0.15254001 0.39146373 0.25008016
0.63087859 0.66624646 0.59129526 0.72021086 0.38465973 0.69841265 0.77543360 0.72548574 0.50017646 1.00000000 0.58853351 0.77633866 0.80279344 0.51457894 0.80908851 0.41118875 0.65929746 0.58025500 0.39885423 0.37581224 0.78858417 0.69250534 0.50504262 0.73969942 0.35605871 0.01903468 0.42258767 0.71776316 0.66788827 0.49102542 0.70737724 0.48653230 0.66946961 0.52888518 0.43237309 0.50579259 0.64442639 0.49062759 0.42436791 0.47008345 0.26551269 -0.11468582 0.54313506 0.11180300 0.28423820 0.26796577 0.43930641 0.06787446 0.21777809 -0.05264327 0.73445640 0.00145076 0.18755127 0.76045980 0.52139299 0.63672547 0.63257872 0.74183390 0.63500349 0.63995702 0.70663005 0.74766782 0.70499602 0.70612018 0.44571158 0.68247241 0.36219409 0.68678159 0.60283969 0.60924118 0.05016706 0.69053376 0.59464292 0.30573319 0.65766239 0.22995001 0.32768452 0.24470078
0.58942052 0.49474768 0.18559596 0.52545674 0.00322195 0.60924974 0.65895480 0.77768497 0.42653264 0.58853351 1.00000000 0.49059752 0.53029843 0.46790482 0.56505835 0.34502012 0.40001387 0.44766093 0.41121876 0.42087687 0.60201942 0.53391924 0.43322233 0.56636837 0.07410340 0.11416316 0.38351507 0.47133005 0.43383486 0.37242978 0.45323325 0.30266282 0.41119807 0.33263941 0.41661841 0.22499148 0.38474494 0.33838618 0.40363013 0.34543014 0.38532703 0.09061047 0.62452486 0.19514221 0.17796875 0.13205759 0.44984460 0.32730736 0.21927921 0.02889278 0.55162401 -0.01510756 0.17986637 0.60505824 0.44182148 0.42941422 0.41260298 0.61810550 0.46039081 0.56472301 0.42962729 0.58754098 0.64928414 0.60357836 0.42204621 0.55235199 0.03724716 0.55266610 0.37077346 0.27029225 -0.04480366 0.49820567 0.29922621 0.12542350 0.29889163 -0.03010694 0.37654665 0.06636523
0.61732321 0.72393115 0.71333522 0.85718723 0.46680299 0.75283137 0.81710760 0.66010163 0.52103515 0.77633866 0.49059752 1.00000000 0.84190366 0.52976697 0.80710753 0.28095807 0.72811781 0.53483939 0.26498171 0.33346502 0.74517640 0.64663777 0.33250122 0.67505470 0.46199905 -0.04255625 0.43252873 0.76115986 0.57708807 0.48552242 0.68345934 0.49294459 0.69146425 0.39929883 0.40491041 0.37296481 0.53696878 0.56083694 0.35425992 0.43196028 0.10294607 -0.31376381 0.55282911 -0.02601823 0.16977561 0.31739141 0.35586133 -0.05374461 0.02438801 -0.17550229 0.79701112 -0.12199299 0.19041322 0.75386159 0.37611348 0.67254450 0.57060081 0.70176868 0.67206658 0.60691396 0.76577032 0.61778151 0.66014734 0.65890119 0.25943047 0.69108374 0.39603168 0.65174152 0.62647418 0.59770179 0.11717690 0.75105665 0.58103330 0.34407529 0.64396736 0.15965283 0.40424248 0.20965722
0.47927975 0.61708668 0.59296550 0.75674190 0.34293357 0.67656012 0.89075282 0.78309174 0.39476815 0.80279344 0.53029843 0.84190366 1.00000000 0.46742785 0.91032509 0.25442524 0.70858520 0.48880495 0.31463882 0.38027383 0.80929458 0.75370285 0.28793080 0.74764227 0.31231230 -0.13709807 0.36986852 0.71051083 0.61129654 0.47297889 0.67045285 0.41558773 0.75891149 0.43717185 0.42395198 0.33873619 0.59611390 0.53993822 0.35771582 0.42231493 0.17447036 -0.31347847 0.54484698 -0.03691035 0.23814352 0.29571636 0.33593787 0.00336932 -0.02774378 -0.23625335 0.81371615 -0.10001433 0.11919083 0.83259917 0.38809920 0.62597620 0.57241556 0.72558240 0.65369205 0.56319372 0.77838537 0.65088884 0.68632424 0.74060845 0.27175281 0.70869934 0.36234394 0.60443857 0.58303719 0.54172093 -0.04100844 0.71116738 0.55250224 0.26881235 0.60272078 0.08331645 0.34232975 0.13335298
0.57086678 0.45322953 0.42310865 0.50335769 0.24674362 0.57735732 0.57624477 0.53959636 0.48677626 0.51457894 0.46790482 0.52976697 0.46742785 1.00000000 0.54426027 0.51580836 0.65152255 0.62544281 0.54521241 0.62034956 0.61186728 0.61139649 0.50321938 0.55215392 0.43137782 0.34776281 0.49414099 0.54059658 0.48849881 0.53315732 0.52041789 0.46819138 0.58322992 0.44542042 0.53393936 0.35072397 0.43569364 0.51592452 0.53176259 0.55150634 0.32296195 -0.00007700 0.60107178 0.32512896 0.27984809 0.41609923 0.48391560 0.27667829 0.32847957 0.04916686 0.59520003 0.20298078 0.40246508 0.53327138 0.52884380 0.62361554 0.49208652 0.59297670 0.59211053 0.63192018 0.55322907 0.56061738 0.56428958 0.50687575 0.38638480 0.61378019 0.23601159 0.51141730 0.50114241 0.48599267 0.19027348 0.60915948 0.45850705 0.42589789 0.46910427 0.18080662 0.37845967 0.30103468
0.52930866 0.62999190 0.56027787 0.75870511 0.27839860 0.68034415 0.85796565 0.77995267 0.44393269 0.80908851 0.56505835 0.80710753 0.91032509 0.54426027 1.00000000 0.37850649 0.73931364 0.59194149 0.40185793 0.42927654 0.86666414 0.80910212 0.42283191 0.84210234 0.33804167 -0.10138727 0.40246818 0.77643014 0.66891192 0.50777135 0.73455016 0.45145023 0.77979351 0.51182748 0.46882980 0.37931708 0.65018894 0.58647161 0.43760906 0.45516782 0.28434140 -0.28217408 0.61393313 0.02665683 0.26706451 0.27309309 0.40719007 0.05264617 0.04120196 -0.18617649 0.84057022 -0.09860361 0.15371477 0.87766804 0.44203640 0.66733732 0.58530464 0.79174702 0.65521642 0.63959609 0.80129306 0.73106710 0.76595791 0.79244196 0.31553860 0.73293463 0.37034082 0.67111564 0.58717888 0.56279334 -0.03723269 0.73510519 0.59766762 0.27060528 0.63568082 0.12581864 0.37778584 0.10679783
0.34034112 0.38928740 0.29740891 0.16156163 0.32040698 0.36572929 0.35919522 0.37911323 0.33893807 0.41118875 0.34502012 0.28095807 0.25442524 0.51580836 0.37850649 1.00000000 0.57146250 0.66800173 0.69417811 0.50060737 0.42626762 0.52201052 0.70543375 0.40334397 0.49667416 0.46953619 0.31414915 0.40976688 0.58007216 0.58801538 0.44084699 0.41732823 0.44721410 0.60588852 0.55465397 0.43836608 0.56296299 0.52380572 0.62025454 0.61413486 0.56105095 0.36131622 0.54811496 0.42502126 0.56053998 0.49123067 0.62299954 0.38835504 0.50675811 0.38676618 0.38286451 0.48077482 0.47342426 0.38945023 0.64333949 0.52734829 0.45492796 0.47307482 0.38532257 0.55121043 0.37941257 0.58208947 0.44754604 0.33870126 0.47931323 0.45540448 0.32803797 0.46369992 0.46899553 0.42120036 0.38966329 0.45849398 0.48206372 0.55376712 0.45304013 0.52822560 0.37167032 0.45298577
0.51645232 0.61712361 0.65911391 0.64358167 0.49996339 0.64633707 0.69842208 0.57606343 0.54729311 0.65929746 0.40001387 0.72811781 0.70858520 0.65152255 0.73931364 0.57146250 1.00000000 0.65590793 0.49726482 0.53204357 0.70053503 0.70371408 0.52396672 0.65340347 0.64105303 0.29508827 0.42703527 0.67336380 0.63012592 0.69300297 0.66633547 0.52591448 0.75129885 0.53527299 0.59824739 0.39554593 0.64458212 0.68767894 0.57484680 0.63066780 0.30317026 -0.10439751 0.62100347 0.19316993 0.47400251 0.59341913 0.51123620 0.15812792 0.21838323 0.08020260 0.74791797 0.22847582 0.39246548 0.66182774 0.54104184 0.76565650 0.55861449 0.64395039 0.68431630 0.63766923 0.73882059 0.62291857 0.62465814 0.59371246 0.38264400 0.70179403 0.49034549 0.55287368 0.67437680 0.61935484 0.31004004 0.73115656 0.62777754 0.56263084 0.65011540 0.36016916 0.45085947 0.36847918
0.51194692 0.50998419 0.50175088 0.43842350 0.37653379 0.58562046 0.53770230 0.55068742 0.42413882 0.58025500 0.44766093 0.53483939 0.48880495 0.62544281 0.59194149 0.66800173 0.65590793 1.00000000 0.53869327 0.51822352 0.61690824 0.57942549 0.65246538 0.52971152 0.49372885 0.40420229 0.35638359 0.55962913 0.60759642 0.58024496 0.59563383 0.45531191 0.53796324 0.54507405 0.55500144 0.42473700 0.55427468 0.53956731 0.61831650 0.60366988 0.41095670 0.11688761 0.60655034 0.35445372 0.42892682 0.40045561 0.63718628 0.21140844 0.42589523 0.17909610 0.57226659 0.22564698 0.44592146 0.57456686 0.61095753 0.59376993 0.63830949 0.62207288 0.55586387 0.67021066 0.54376185 0.69218043 0.60544025 0.48239370 0.42140984 0.58753880 0.31723215 0.60355818 0.54491250 0.52493806 0.34354052 0.61481659 0.57504425 0.49460775 0.58585114 0.38449143 0.40873720 0.35559293
0.34351654 0.29980957 0.14027453 0.17531597 0.12248592 0.37813549 0.44426359 0.50310174 0.30529995 0.39885423 0.41121876 0.26498171 0.31463882 0.54521241 0.40185793 0.69417811 0.49726482 0.53869327 1.00000000 0.58292488 0.51683506 0.58152989 0.61744841 0.43869323 0.35739613 0.43888305 0.34367580 0.34820584 0.53121365 0.53046673 0.39396991 0.33856988 0.49642949 0.54860683 0.56338751 0.35012164 0.47928071 0.48271345 0.56862226 0.56446456 0.56947908 0.29756622 0.57443855 0.41400644 0.53213749 0.44732629 0.60845762 0.48429429 0.42106258 0.21254060 0.41836651 0.45174972 0.42940421 0.40686773 0.56760058 0.49210057 0.40072408 0.51239604 0.39203739 0.54820097 0.39051894 0.55424226 0.45628953 0.42189047 0.45281200 0.50661865 0.21895625 0.42576783 0.45071364 0.33808018 0.23569797 0.46782612 0.41596691 0.48386029 0.35873311 0.32052454 0.41485634 0.37987995
0.36238099 0.31920048 0.26638108 0.31518848 0.17103035 0.42477293 0.51334142 0.51531339 0.41021921 0.37581224 0.42087687 0.33346502 0.38027383 0.62034956 0.42927654 0.50060737 0.53204357 0.51822352 0.58292488 1.00000000 0.45953126 0.55949454 0.48845046 0.43511233 0.34508729 0.43213272 0.35840345 0.33860739 0.39178191 0.50384164 0.36389401 0.36006370 0.56319379 0.41899302 0.58668007 0.21377663 0.36748714 0.52264181 0.55729447 0.53833248 0.36461491 0.08151325 0.55416608 0.30922036 0.35010222 0.51630982 0.45631619 0.37459564 0.29612254 0.10069424 0.48232737 0.37884367 0.44690018 0.38475443 0.50494509 0.57031037 0.35857570 0.47319601 0.50276730 0.52429777 0.42518780 0.42330998 0.44982180 0.41751263 0.38630546 0.52200695 0.20559292 0.34091124 0.38537360 0.34583625 0.15763922 0.47724523 0.35979871 0.42491297 0.27851561 0.12050037 0.36748830 0.28242555
0.57718763 0.58659441 0.46204204 0.73651128 0.20080744 0.69940508 0.81195900 0.78598760 0.46416375 0.78858417 0.60201942 0.74517640 0.80929458 0.61186728 0.86666414 0.42626762 0.70053503 0.61690824 0.51683506 0.45953126 1.00000000 0.82303308 0.52076105 0.83189632 0.31046926 0.02372864 0.49044224 0.73229575 0.67660616 0.50489201 0.76300485 0.48588375 0.73671042 0.53168299 0.51118168 0.43631423 0.65091934 0.51753570 0.43195265 0.44697866 0.33928122 -0.13708516 0.65980247 0.14185359 0.26625993 0.27354041 0.48723880 0.16890605 0.19941160 -0.13975288 0.81502274 -0.02058667 0.18144019 0.81365512 0.50665663 0.66628204 0.61041481 0.80728023 0.68070947 0.72217905 0.75390904 0.75978945 0.78444020 0.80843475 0.40356544 0.73515275 0.27204944 0.72243917 0.60944466 0.57958499 -0.03772023 0.75132947 0.62169494 0.27433731 0.60980439 0.11336073 0.41786837 0.15736197
0.45995537 0.53037545 0.39202494 0.58895720 0.20716549 0.61169531 0.79811232 0.73206822 0.45090836 0.69250534 0.53391924 0.64663777 0.75370285 0.61139649 0.80910212 0.52201052 0.70371408 0.57942549 0.58152989 0.55949454 0.82303308 1.00000000 0.51498197 0.75440960 0.35593302 0.12808116 0.43362454 0.65903129 0.68227183 0.56708482 0.66515439 0.44033046 0.76205971 0.55129462 0.60477754 0.41388410 0.63554021 0.59616286 0.52046951 0.49385850 0.41507491 -0.04174208 0.67241430 0.19768529 0.37036818 0.40953216 0.49405720 0.29295297 0.20086333 -0.07085068 0.74723840 0.11488443 0.24519208 0.75651058 0.52898556 0.66940849 0.53634212 0.76813057 0.64689605 0.66616739 0.72238937 0.71540971 0.69560045 0.73022946 0.41598877 0.69254492 0.28664012 0.61283316 0.59404901 0.50539970 0.01103391 0.70405838 0.53725280 0.37243869 0.54865065 0.13697142 0.43104005 0.24068549
0.44695442 0.46626207 0.30000415 0.28228135 0.25019894 0.41041010 0.36879300 0.43084090 0.41195983 0.50504262 0.43322233 0.33250122 0.28793080 0.50321938 0.42283191 0.70543375 0.52396672 0.65246538 0.61744841 0.48845046 0.52076105 0.51498197 1.00000000 0.50213689 0.42278960 0.44837174 0.38869788 0.43547629 0.58873926 0.49711718 0.51906456 0.43965973 0.42621030 0.56260419 0.53775938 0.47964393 0.52087440 0.42310860 0.52004108 0.54476820 0.49561708 0.29653900 0.53888602 0.40556008 0.45061014 0.37426285 0.61177016 0.34843405 0.53375338 0.28331062 0.41971718 0.36112001 0.40457551 0.43416097 0.64907399 0.53935237 0.50865037 0.55934072 0.45479835 0.62799341 0.40142995 0.65419988 0.54977851 0.42734895 0.54696949 0.47881038 0.22613097 0.54005835 0.46971844 0.44416885 0.27649318 0.48362986 0.50894734 0.45840942 0.44374900 0.38619924 0.34034800 0.35289260
0.55599406 0.55126525 0.43561159 0.70506787 0.18219450 0.60260536 0.73524588 0.70188086 0.44835770 0.73969942 0.56636837 0.67505470 0.74764227 0.55215392 0.84210234 0.40334397 0.65340347 0.52971152 0.43869323 0.43511233 0.83189632 0.75440960 0.50213689 1.00000000 0.30115716 -0.03462443 0.45669478 0.72449599 0.59651369 0.46673164 0.73152124 0.47872184 0.70683957 0.51343058 0.46813999 0.36720067 0.62917215 0.51565673 0.40839194 0.38379694 0.34114689 -0.18461061 0.58693396 0.11980135 0.21760601 0.21445181 0.39356328 0.13454404 0.15252914 -0.11580799 0.75601783 -0.03468949 0.14186252 0.77483036 0.44217403 0.64578813 0.48212754 0.74256473 0.58711338 0.65780846 0.69299787 0.69422801 0.77128152 0.77267912 0.36581368 0.66539144 0.29027221 0.64864984 0.48906975 0.53833030 -0.12254091 0.65280284 0.58042752 0.19951609 0.54869283 0.08659286 0.33147300 0.04783410
0.39513894 0.49642131 0.60663554 0.34514246 0.64203355 0.38833578 0.31748285 0.14411846 0.37959710 0.35605871 0.07410340 0.46199905 0.31231230 0.43137782 0.33804167 0.49667416 0.64105303 0.49372885 0.35739613 0.34508729 0.31046926 0.35593302 0.42278960 0.30115716 1.00000000 0.41389731 0.31425813 0.46539357 0.39409469 0.57682134 0.43883099 0.50520832 0.45655986 0.41276480 0.41911191 0.35422620 0.47090312 0.55510284 0.48796462 0.56417938 0.16026079 0.04118477 0.31114385 0.22733039 0.46272055 0.60227296 0.40100448 0.05406638 0.28690427 0.31550180 0.40171223 0.36127546 0.43958630 0.26115454 0.41295328 0.58592108 0.37803590 0.29342016 0.42745663 0.39624365 0.44396171 0.32437242 0.29370673 0.21168919 0.27469552 0.41905900 0.56476719 0.31378502 0.50873364 0.50793254 0.55698645 0.45082445 0.50642669 0.60697525 0.51059241 0.53415727 0.32955043 0.44086184
0.19478176 0.12384180 0.07886839 -0.05186756 0.24580965 0.14483906 -0.01056063 0.02599927 0.28125893 0.01903468 0.11416316 -0.04255625 -0.13709807 0.34776281 -0.10138727 0.46953619 0.29508827 0.40420229 0.43888305 0.43213272 0.02372864 0.12808116 0.44837174 -0.03462443 0.41389731 1.00000000 0.25542731 0.01158405 0.16719809 0.39713894 0.10716778 0.22672292 0.12239561 0.21742840 0.39309332 0.16537620 0.16893694 0.25732157 0.43517455 0.43275310 0.29715632 0.45738338 0.28108035 0.50409079 0.40198669 0.51394155 0.43714433 0.40943871 0.49785168 0.48945206 0.03260840 0.54979993 0.48181348 -0.04629031 0.42909276 0.31317827 0.18589441 0.07427121 0.22439009 0.27418875 0.04962156 0.18509123 0.10163883 -0.05618656 0.37042012 0.15480194 0.16019863 0.08694778 0.23532711 0.17544793 0.46086137 0.17495366 0.17204536 0.49956224 0.11425867 0.35332485 0.29118129 0.46015365
0.53163750 0.37577180 0.27216276 0.47973047 0.19132693 0.44006011 0.40146636 0.37671014 0.41015834 0.42258767 0.38351507 0.43252873 0.36986852 0.49414099 0.40246818 0.31414915 0.42703527 0.35638359 0.34367580 0.35840345 0.49044224 0.43362454 0.38869788 0.45669478 0.31425813 0.25542731 1.00000000 0.53115877 0.44404891 0.46621526 0.61579492 0.55853051 0.49840514 0.43149479 0.47804768 0.44131441 0.45295294 0.42630945 0.36548612 0.39813185 0.21866593 0.07395343 0.43302196 0.24818794 0.20146372 0.31850056 0.34980270 0.22375829 0.25871650 0.10695764 0.46191017 0.16716979 0.27648886 0.43887202 0.44347429 0.51341548 0.38759683 0.47477869 0.50028251 0.52042430 0.46871983 0.44461569 0.50030099 0.42959377 0.37042451 0.51662404 0.19314787 0.43522440 0.39162933 0.44039816 0.11837198 0.50537835 0.37909074 0.29890392 0.36812981 0.14740545 0.35567390 0.23823166
0.61459711 0.65645491 0.59650131 0.71852738 0.38827637 0.60765373 0.69201530 0.57764811 0.44874703 0.71776316 0.47133005 0.76115986 0.71051083 0.54059658 0.77643014 0.40976688 0.67336380 0.55962913 0.34820584 0.33860739 0.73229575 0.65903129 0.43547629 0.72449599 0.46539357 0.01158405 0.53115877 1.00000000 0.70482084 0.61629585 0.81067635 0.64837378 0.71220290 0.56327384 0.50125699 0.55453215 0.70769537 0.65095804 0.51867999 0.44832134 0.25867622 -0.16065569 0.55318651 0.08565415 0.23229561 0.29695297 0.39936881 0.03950918 0.13857419 -0.00925380 0.70625818 -0.02461908 0.20511516 0.75239925 0.45784123 0.65491171 0.58453124 0.70167579 0.62358208 0.61154966 0.72307841 0.66744450 0.67198526 0.64725779 0.35787568 0.68111098 0.44863874 0.65255582 0.60423027 0.62710395 0.11896118 0.72216937 0.61384626 0.36341977 0.65687436 0.27905047 0.37263746 0.25314451
0.41881952 0.57494051 0.44927699 0.45432978 0.34135812 0.50262858 0.60452757 0.57364867 0.36426419 0.66788827 0.43383486 0.57708807 0.61129654 0.48849881 0.66891192 0.58007216 0.63012592 0.60759642 0.53121365 0.39178191 0.67660616 0.68227183 0.58873926 0.59651369 0.39409469 0.16719809 0.44404891 0.70482084 1.00000000 0.70600686 0.69327093 0.50474812 0.73833280 0.73478264 0.62113682 0.67995488 0.78298079 0.62927840 0.61935587 0.50259679 0.41540946 0.13341861 0.55990827 0.18630229 0.42497788 0.38487714 0.50298622 0.20086443 0.27092500 0.15050966 0.58937443 0.17325527 0.25068621 0.66059598 0.59900370 0.58497800 0.60788373 0.69588223 0.55618805 0.62024535 0.62516056 0.72715557 0.60102116 0.55736845 0.48124588 0.59583810 0.33679723 0.62233234 0.62761567 0.53941060 0.21337624 0.66198787 0.58254913 0.48570586 0.58433229 0.38104303 0.37053477 0.40862042
0.43488798 0.50127662 0.45622980 0.39477668 0.42050040 0.47354971 0.50322550 0.45236959 0.42095684 0.49102542 0.37242978 0.48552242 0.47297889 0.53315732 0.50777135 0.58801538 0.69300297 0.58024496 0.53046673 0.50384164 0.50489201 0.56708482 0.49711718 0.46673164 0.57682134 0.39713894 0.46621526 0.61629585 0.70600686 1.00000000 0.61284340 0.60470534 0.68691791 0.62000276 0.65776803 0.49587138 0.69522302 0.70245344 0.71327242 0.59359747 0.42995106 0.18304958 0.57882041 0.28628834 0.53150403 0.58618325 0.53596591 0.30765546 0.30672656 0.26777526 0.52506000 0.35749841 0.40466903 0.49194779 0.57176258 0.63632623 0.45148297 0.53774002 0.51684570 0.55162933 0.56574117 0.54673197 0.50609502 0.43349959 0.43928559 0.57576591 0.42017449 0.45305732 0.60054705 0.48160523 0.36736270 0.60441548 0.51288452 0.61071955 0.48820999 0.43704056 0.44150485 0.46395542
0.59964106 0.59974617 0.53015889 0.67752358 0.35676768 0.61264942 0.63462861 0.57444950 0.48470853 0.70737724 0.45323325 0.68345934 0.67045285 0.52041789 0.73455016 0.44084699 0.66633547 0.59563383 0.39396991 0.36389401 0.76300485 0.66515439 0.51906456 0.73152124 0.43883099 0.10716778 0.61579492 0.81067635 0.69327093 0.61284340 1.00000000 0.65946874 0.73017154 0.61273754 0.55344764 0.56502055 0.72931605 0.58879682 0.46231791 0.46484641 0.30083737 -0.05158889 0.55634280 0.19696313 0.30630506 0.34388650 0.47283012 0.10903674 0.27056655 0.03809950 0.70394470 0.07210977 0.26940877 0.71688330 0.52802986 0.67451105 0.60526822 0.71144335 0.65515728 0.68931325 0.71488861 0.69703688 0.71347484 0.65481698 0.41059402 0.67574933 0.36910771 0.66300143 0.58231793 0.66053723 0.13392555 0.71940980 0.67058586 0.37158120 0.63812930 0.28859578 0.39131370 0.24733472
0.52594637 0.48975034 0.48592486 0.46777504 0.42778631 0.43152607 0.40990602 0.32149614 0.41564963 0.48653230 0.30266282 0.49294459 0.41558773 0.46819138 0.45145023 0.41732823 0.52591448 0.45531191 0.33856988 0.36006370 0.48588375 0.44033046 0.43965973 0.47872184 0.50520832 0.22672292 0.55853051 0.64837378 0.50474812 0.60470534 0.65946874 1.00000000 0.53108881 0.54023336 0.47944955 0.60589543 0.62439926 0.52033833 0.41770573 0.46869253 0.20036890 0.03048875 0.40378989 0.19931530 0.29942188 0.41825101 0.36901963 0.09831924 0.26915160 0.16816541 0.47371158 0.21497442 0.31434030 0.43004732 0.47926162 0.58745503 0.48468072 0.48859513 0.52558512 0.50795450 0.54091716 0.47724907 0.49103867 0.39173232 0.37630988 0.50162073 0.38319039 0.46667941 0.49339465 0.55912864 0.26806344 0.55011871 0.52360306 0.44972145 0.50002811 0.35055782 0.30506184 0.34796154
0.46412856 0.56433308 0.53595812 0.62724543 0.34401095 0.58991066 0.75771453 0.63356477 0.46582900 0.66946961 0.41119807 0.69146425 0.75891149 0.58322992 0.77979351 0.44721410 0.75129885 0.53796324 0.49642949 0.56319379 0.73671042 0.76205971 0.42621030 0.70683957 0.45655986 0.12239561 0.49840514 0.71220290 0.73833280 0.68691791 0.73017154 0.53108881 1.00000000 0.61170378 0.65559956 0.44692833 0.70418814 0.77204106 0.59777787 0.53247543 0.34516481 -0.12402088 0.61151676 0.13876940 0.39624371 0.51722602 0.43948094 0.20904000 0.14079744 -0.03806008 0.75492005 0.17650821 0.29114668 0.70621024 0.50950420 0.73615081 0.49482804 0.70707877 0.66442373 0.63422843 0.76092552 0.63057633 0.63652097 0.66397654 0.36545158 0.71272608 0.41426965 0.53598665 0.61497280 0.57145764 0.08291825 0.73903452 0.59345985 0.47596045 0.56669583 0.21689072 0.45258153 0.30224047
0.37025070 0.46636683 0.37488660 0.27461510 0.33637245 0.36460681 0.43759900 0.45110382 0.26766839 0.52888518 0.33263941 0.39929883 0.43717185 0.44542042 0.51182748 0.60588852 0.53527299 0.54507405 0.54860683 0.41899302 0.53168299 0.55129462 0.56260419 0.51343058 0.41276480 0.21742840 0.43149479 0.56327384 0.73478264 0.62000276 0.61273754 0.54023336 0.61170378 1.00000000 0.54880397 0.57274849 0.72752475 0.54166376 0.58044244 0.54070569 0.40073270 0.15536339 0.41591144 0.27347967 0.47096444 0.39456649 0.50741896 0.17910909 0.32545635 0.24424732 0.44197935 0.32334635 0.34312257 0.48152442 0.57307774 0.52889992 0.51841643 0.53470203 0.46441923 0.52302818 0.50068682 0.59311138 0.47524745 0.43840314 0.43245261 0.48722185 0.35027189 0.48090138 0.49395110 0.50066537 0.22775081 0.49474979 0.55611048 0.45874491 0.50862564 0.42956909 0.26401325 0.38354663
0.38892155 0.43195335 0.31197161 0.36280898 0.21756662 0.48072437 0.50475196 0.50541167 0.47765031 0.43237309 0.41661841 0.40491041 0.42395198 0.53393936 0.46882980 0.55465397 0.59824739 0.55500144 0.56338751 0.58668007 0.51118168 0.60477754 0.53775938 0.46813999 0.41911191 0.39309332 0.47804768 0.50125699 0.62113682 0.65776803 0.55344764 0.47944955 0.65559956 0.54880397 1.00000000 0.38354333 0.54845356 0.67415713 0.67743903 0.57321066 0.48027116 0.20953192 0.63262448 0.30914238 0.49272289 0.58709294 0.55670401 0.43652474 0.33898867 0.19185356 0.53279300 0.35960223 0.42224338 0.48543505 0.58904116 0.62906674 0.39924324 0.56650095 0.53314201 0.60710590 0.54191522 0.55078451 0.52644533 0.48319770 0.44864595 0.58989344 0.29903247 0.43797038 0.50617842 0.40964142 0.27858065 0.57886232 0.46002087 0.54782487 0.39489917 0.24462773 0.46504122 0.37301436
0.36877322 0.42391995 0.38096606 0.28574637 0.39310612 0.30342005 0.31950196 0.26893177 0.24363900 0.50579259 0.22499148 0.37296481 0.33873619 0.35072397 0.37931708 0.43836608 0.39554593 0.42473700 0.35012164 0.21377663 0.43631423 0.41388410 0.47964393 0.36720067 0.35422620 0.16537620 0.44131441 0.55453215 0.67995488 0.49587138 0.56502055 0.60589543 0.44692833 0.57274849 0.38354333 1.00000000 0.65964807 0.41000504 0.40172868 0.38622713 0.22145717 0.16688423 0.26930613 0.21515875 0.32197451 0.27784767 0.34838204 0.04819607 0.30602446 0.23351115 0.32981044 0.19836499 0.23216231 0.38414222 0.47275296 0.41486698 0.58664423 0.45760224 0.42392307 0.42973428 0.41337805 0.52158981 0.37876612 0.30556474 0.43245228 0.39376198 0.32001221 0.49070597 0.50430286 0.52141135 0.26968725 0.47893012 0.49165399 0.40135667 0.54089705 0.45283767 0.19464527 0.44610676
0.40908879 0.54007250 0.44601204 0.44058472 0.39970188 0.44107415 0.55931023 0.49305834 0.31557878 0.64442639 0.38474494 0.53696878 0.59611390 0.43569364 0.65018894 0.56296299 0.64458212 0.55427468 0.47928071 0.36748714 0.65091934 0.63554021 0.52087440 0.62917215 0.47090312 0.16893694 0.45295294 0.70769537 0.78298079 0.69522302 0.72931605 0.62439926 0.70418814 0.72752475 0.54845356 0.65964807 1.00000000 0.62408939 0.57607011 0.53077701 0.39743209 0.08947791 0.48970876 0.21465158 0.47926216 0.43362859 0.47172155 0.15655062 0.27192318 0.22089465 0.56837438 0.25466136 0.26246205 0.60354926 0.56045709 0.60194832 0.56460328 0.60026306 0.55002658 0.53905184 0.60824188 0.64626557 0.58125745 0.53963558 0.44102397 0.58125161 0.47370240 0.56564892 0.60222829 0.57543036 0.20922469 0.61567745 0.60601672 0.47143542 0.60468633 0.46443805 0.35991789 0.41282905
0.41861337 0.49175770 0.48448762 0.46396667 0.37699054 0.49579120 0.58664316 0.47381637 0.43670281 0.49062759 0.33838618 0.56083694 0.53993822 0.51592452 0.58647161 0.52380572 0.68767894 0.53956731 0.48271345 0.52264181 0.51753570 0.59616286 0.42310860 0.51565673 0.55510284 0.25732157 0.42630945 0.65095804 0.62927840 0.70245344 0.58879682 0.52033833 0.77204106 0.54166376 0.67415713 0.41000504 0.62408939 1.00000000 0.68579579 0.56288868 0.37530442 0.01720863 0.58219211 0.22178635 0.46723251 0.58139948 0.48588611 0.23483385 0.22474750 0.15712971 0.61855854 0.29784518 0.41099150 0.54333325 0.47002312 0.66895532 0.40353124 0.54735684 0.51517770 0.54860184 0.58099972 0.50261009 0.51490556 0.49399222 0.32950888 0.60416873 0.45347505 0.44779607 0.54785829 0.48416612 0.26815858 0.61556043 0.52685022 0.53335512 0.49872784 0.33190033 0.48359607 0.37123637
0.39706413 0.39762934 0.34353347 0.27175587 0.27593485 0.43749985 0.46307817 0.45499259 0.38940395 0.42436791 0.40363013 0.35425992 0.35771582 0.53176259 0.43760906 0.62025454 0.57484680 0.61831650 0.56862226 0.55729447 0.43195265 0.52046951 0.52004108 0.40839194 0.48796462 0.43517455 0.36548612 0.51867999 0.61935587 0.71327242 0.46231791 0.41770573 0.59777787 0.58044244 0.67743903 0.40172868 0.57607011 0.68579579 1.00000000 0.59188579 0.49263792 0.20687889 0.57002944 0.35723985 0.53587067 0.50695463 0.57613293 0.36944167 0.38927442 0.31140086 0.45668204 0.37896152 0.43013984 0.45261789 0.56050757 0.56206601 0.42475792 0.48256934 0.41816319 0.51714246 0.42530586 0.53355985 0.46722615 0.40671720 0.45063592 0.54224993 0.39130107 0.40685729 0.47567189 0.39029526 0.33928096 0.49947124 0.41968214 0.51934226 0.41575230 0.37182732 0.41907781 0.40535345
0.42517374 0.48352871 0.46179884 0.30717514 0.44708572 0.44695694 0.46953581 0.43690864 0.40848027 0.47008345 0.34543014 0.43196028 0.42231493 0.55150634 0.45516782 0.61413486 0.63066780 0.60366988 0.56446456 0.53833248 0.44697866 0.49385850 0.54476820 0.38379694 0.56417938 0.43275310 0.39813185 0.44832134 0.50259679 0.59359747 0.46484641 0.46869253 0.53247543 0.54070569 0.57321066 0.38622713 0.53077701 0.56288868 0.59188579 1.00000000 0.40570953 0.18332624 0.57795402 0.40726191 0.61206580 0.68178921 0.63215568 0.30150854 0.44522119 0.28921423 0.54065479 0.47330905 0.53823564 0.46352679 0.63307149 0.64199374 0.53854961 0.49311042 0.54340115 0.55160222 0.51648706 0.56284178 0.46046214 0.38358233 0.42347233 0.59779191 0.43078361 0.44044067 0.53856998 0.49892733 0.43555180 0.55852174 0.50401937 0.66434526 0.53154768 0.45830734 0.35591507 0.45759089
0.19180610 0.24583455 -0.06642016 0.06322605 -0.10679380 0.23157307 0.29605698 0.40792129 0.23257280 0.26551269 0.38532703 0.10294607 0.17447036 0.32296195 0.28434140 0.56105095 0.30317026 0.41095670 0.56947908 0.36461491 0.33928122 0.41507491 0.49561708 0.34114689 0.16026079 0.29715632 0.21866593 0.25867622 0.41540946 0.42995106 0.30083737 0.20036890 0.34516481 0.40073270 0.48027116 0.22145717 0.39743209 0.37530442 0.49263792 0.40570953 1.00000000 0.45312360 0.61951950 0.33341498 0.51711337 0.28950059 0.63097146 0.64291023 0.46290062 0.24888567 0.33593302 0.39669537 0.25970084 0.38744272 0.46276660 0.32188373 0.21044610 0.41632454 0.23157589 0.43681096 0.23357750 0.48758642 0.40778915 0.37089796 0.40647496 0.38777331 0.11379080 0.33269545 0.31568245 0.13491334 0.03871581 0.34430205 0.27055180 0.33530799 0.17217574 0.24625049 0.44794675 0.24935589
-0.03348156 -0.07179918 -0.29255815 -0.32869618 -0.05622348 -0.09936898 -0.20667734 -0.06909096 0.01862147 -0.11468582 0.09061047 -0.31376381 -0.31347847 -0.00007700 -0.28217408 0.36131622 -0.10439751 0.11688761 0.29756622 0.08151325 -0.13708516 -0.04174208 0.29653900 -0.18461061 0.04118477 0.45738338 0.07395343 -0.16065569 0.13341861 0.18304958 -0.05158889 0.03048875 -0.12402088 0.15536339 0.20953192 0.16688423 0.08947791 0.01720863 0.20687889 0.18332624 0.45312360 1.00000000 0.18370902 0.45639561 0.36150780 0.25593440 0.34526892 0.49171371 0.51995757 0.54603592 -0.18506993 0.49889919 0.23226031 -0.17959599 0.27031688 -0.05582609 -0.00453381 -0.02396520 -0.10211666 0.10020647 -0.22319205 0.09477213 -0.03003968 -0.13243108 0.38496691 -0.02452565 -0.06960300 0.03323310 0.07141787 -0.07687721 0.29102943 -0.05848656 -0.03793692 0.22284165 -0.05025757 0.31323192 0.20204989 0.34736295
0.52244150 0.48381172 0.28090902 0.55537929 0.06710585 0.64391040 0.67855037 0.68323261 0.53784408 0.54313506 0.62452486 0.55282911 0.54484698 0.60107178 0.61393313 0.54811496 0.62100347 0.60655034 0.57443855 0.55416608 0.65980247 0.67241430 0.53888602 0.58693396 0.31114385 0.28108035 0.43302196 0.55318651 0.55990827 0.57882041 0.55634280 0.40378989 0.61151676 0.41591144 0.63262448 0.26930613 0.48970876 0.58219211 0.57002944 0.57795402 0.61951950 0.18370902 1.00000000 0.32553574 0.42400970 0.45654627 0.65712239 0.50404864 0.40843813 0.07617087 0.73813289 0.24237752 0.34940380 0.67834326 0.55882265 0.65795286 0.45091431 0.73492872 0.57811951 0.73192094 0.58970680 0.68529577 0.70239284 0.66140905 0.44816194 0.70822698 0.21002019 0.62267562 0.58029553 0.42121224 0.12519319 0.71160981 0.48020050 0.43783741 0.45063423 0.15723543 0.59939600 0.30288969
0.22612899 0.03271041 0.01764454 -0.01399237 0.11263106 0.16313861 0.09160270 0.14726013 0.18632901 0.11180300 0.19514221 -0.02601823 -0.03691035 0.32512896 0.02665683 0.42502126 0.19316993 0.35445372 0.41400644 0.30922036 0.14185359 0.19768529 0.40556008 0.11980135 0.22733039 0.50409079 0.24818794 0.08565415 0.18630229 0.28628834 0.19696313 0.19931530 0.13876940 0.27347967 0.30914238 0.21515875 0.21465158 0.22178635 0.35723985 0.40726191 0.33341498 0.45639561 0.32553574 1.00000000 0.41381009 0.33029828 0.46488842 0.39652879 0.57259736 0.42111544 0.15574428 0.45872317 0.42038466 0.08055102 0.38401940 0.28268873 0.19673800 0.21235424 0.17575462 0.36375147 0.06205979 0.28025115 0.25284395 0.12483245 0.35003087 0.20296675 0.04709842 0.18100094 0.18295835 0.20554289 0.24104274 0.17233452 0.18466097 0.25555022 0.18694140 0.22456128 0.21118558 0.25920308
0.16935948 0.25290417 0.22974795 0.04431679 0.33610452 0.26008918 0.26704648 0.26786495 0.26770097 0.28423820 0.17796875 0.16977561 0.23814352 0.27984809 0.26706451 0.56053998 0.47400251 0.42892682 0.53213749 0.35010222 0.26625993 0.37036818 0.45061014 0.21760601 0.46272055 0.40198669 0.20146372 0.23229561 0.42497788 0.53150403 0.30630506 0.29942188 0.39624371 0.47096444 0.49272289 0.32197451 0.47926216 0.46723251 0.53587067 0.61206580 0.51711337 0.36150780 0.42400970 0.41381009 1.00000000 0.62860415 0.60379574 0.41798860 0.39237697 0.37975497 0.35052279 0.62526396 0.44368468 0.27116849 0.50081384 0.45751187 0.33887159 0.30620177 0.31810403 0.36074969 0.32020789 0.37975297 0.29243461 0.24392910 0.39404365 0.40460675 0.40328735 0.25462754 0.44119557 0.32464992 0.44228773 0.34090862 0.38513900 0.56777771 0.37258114 0.51367106 0.33933989 0.43623743
0.23856736 0.38225658 0.38775717 0.21983854 0.50326280 0.32632499 0.34092353 0.22504479 0.40199807 0.26796577 0.13205759 0.31739141 0.29571636 0.41609923 0.27309309 0.49123067 0.59341913 0.40045561 0.44732629 0.51630982 0.27354041 0.40953216 0.37426285 0.21445181 0.60227296 0.51394155 0.31850056 0.29695297 0.38487714 0.58618325 0.34388650 0.41825101 0.51722602 0.39456649 0.58709294 0.27784767 0.43362859 0.58139948 0.50695463 0.68178921 0.28950059 0.25593440 0.45654627 0.33029828 0.62860415 1.00000000 0.50142510 0.32052010 0.32437618 0.38385256 0.43511011 0.61300536 0.54269721 0.24216541 0.49763011 0.61496120 0.33712106 0.30529606 0.48311856 0.41251606 0.44461276 0.31225743 0.27599278 0.20183691 0.37731376 0.47128943 0.46551029 0.23466789 0.51291810 0.40415122 0.52746325 0.46705991 0.41969997 0.72733699 0.39965625 0.46865049 0.40828256 0.54053732
0.41467433 0.41089502 0.25066721 0.28298523 0.22174825 0.47309880 0.43845033 0.50209088 0.39814519 0.43930641 0.44984460 0.35586133 0.33593787 0.48391560 0.40719007 0.62299954 0.51123620 0.63718628 0.60845762 0.45631619 0.48723880 0.49405720 0.61177016 0.39356328 0.40100448 0.43714433 0.34980270 0.39936881 0.50298622 0.53596591 0.47283012 0.36901963 0.43948094 0.50741896 0.55670401 0.34838204 0.47172155 0.48588611 0.57613293 0.63215568 0.63097146 0.34526892 0.65712239 0.46488842 0.60379574 0.50142510 1.00000000 0.47897217 0.55846651 0.32553506 0.52494853 0.43180001 0.48579798 0.47505354 0.59826953 0.54037797 0.49454900 0.54266257 0.47002712 0.62917241 0.41416244 0.61365878 0.53552371 0.43021902 0.46199869 0.55273786 0.26865359 0.54101805 0.52117376 0.38389071 0.35088408 0.54066625 0.49687295 0.51688089 0.46199355 0.40270370 0.48382359 0.39865303
0.15316135 0.03237907 -0.19914459 -0.02237311 -0.17564868 0.17154029 0.18063225 0.27615636 0.25967895 0.06787446 0.32730736 -0.05374461 0.00336932 0.27667829 0.05264617 0.38835504 0.15812792 0.21140844 0.48429429 0.37459564 0.16890605 0.29295297 0.34843405 0.13454404 0.05406638 0.40943871 0.22375829 0.03950918 0.20086443 0.30765546 0.10903674 0.09831924 0.20904000 0.17910909 0.43652474 0.04819607 0.15655062 0.23483385 0.36944167 0.30150854 0.64291023 0.49171371 0.50404864 0.39652879 0.41798860 0.32052010 0.47897217 1.00000000 0.46574174 0.25616879 0.19457738 0.40814233 0.22899221 0.16552147 0.37199027 0.24459650 0.01769778 0.26627119 0.15755438 0.32062962 0.10164910 0.27363373 0.27497030 0.23587679 0.37038570 0.27434443 -0.05046689 0.13210087 0.17169050 0.00951720 -0.00614049 0.19537159 0.05358843 0.23432065 -0.04228842 0.02921502 0.37681394 0.19628649
0.29330161 0.16612037 0.07080445 0.03892857 0.14778134 0.22936385 0.09973085 0.15590810 0.26205752 0.21777809 0.21927921 0.02438801 -0.02774378 0.32847957 0.04120196 0.50675811 0.21838323 0.42589523 0.42106258 0.29612254 0.19941160 0.20086333 0.53375338 0.15252914 0.28690427 0.49785168 0.25871650 0.13857419 0.27092500 0.30672656 0.27056655 0.26915160 0.14079744 0.32545635 0.33898867 0.30602446 0.27192318 0.22474750 0.38927442 0.44522119 0.46290062 0.51995757 0.40843813 0.57259736 0.39237697 0.32437618 0.55846651 0.46574174 1.00000000 0.42661478 0.21824158 0.51942592 0.36296639 0.13220536 0.46048045 0.32943323 0.30186816 0.28437145 0.22709611 0.43647522 0.11083277 0.39590799 0.29427210 0.18016053 0.45336423 0.26930133 0.12912142 0.31822307 0.29289173 0.30742871 0.30243973 0.26506569 0.31831388 0.33149480 0.27977326 0.35912328 0.27821477 0.39270472
0.06033040 0.07394621 -0.00757946 -0.22369088 0.24335731 -0.04801162 -0.19057692 -0.14057533 0.08155576 -0.05264327 0.02889278 -0.17550229 -0.23625335 0.04916686 -0.18617649 0.38676618 0.08020260 0.17909610 0.21254060 0.10069424 -0.13975288 -0.07085068 0.28331062 -0.11580799 0.31550180 0.48945206 0.10695764 -0.00925380 0.15050966 0.26777526 0.03809950 0.16816541 -0.03806008 0.24424732 0.19185356 0.23351115 0.22089465 0.15712971 0.31140086 0.28921423 0.24888567 0.54603592 0.07617087 0.42111544 0.37975497 0.38385256 0.32553506 0.25616879 0.42661478 1.00000000 -0.12937225 0.47231402 0.34349927 -0.15134162 0.33100523 0.10626035 0.10047163 -0.06107803 -0.00948125 0.10358964 -0.08046209 0.07214425 -0.02505215 -0.16100401 0.36479038 0.01996672 0.24277237 0.01056017 0.13278438 0.11833581 0.51719999 -0.02047210 0.13906675 0.32896409 0.11641896 0.53540761 0.11967349 0.43704431
0.57714484 0.60632914 0.55142052 0.77527373 0.28877139 0.73190931 0.83003499 0.74081326 0.53481927 0.73445640 0.55162401 0.79701112 0.81371615 0.59520003 0.84057022 0.38286451 0.74791797 0.57226659 0.41836651 0.48232737 0.81502274 0.74723840 0.41971718 0.75601783 0.40171223 0.03260840 0.46191017 0.70625818 0.58937443 0.52506000 0.70394470 0.47371158 0.75492005 0.44197935 0.53279300 0.32981044 0.56837438 0.61855854 0.45668204 0.54065479 0.33593302 -0.18506993 0.73813289 0.15574428 0.35052279 0.43511011 0.52494853 0.19457738 0.21824158 -0.12937225 1.00000000 0.06679874 0.25089137 0.80689779 0.46354733 0.75364556 0.55110069 0.77999528 0.69773583 0.70891487 0.78925200 0.69727581 0.77053670 0.79387917 0.35917371 0.79088039 0.37186875 0.67894332 0.63051850 0.60195341 0.05037299 0.78753029 0.61425074 0.36557302 0.62381185 0.12844348 0.50017253 0.19022868
0.01490970 0.05516968 0.05383398 -0.19954099 0.26147654 0.00159897 -0.02840114 -0.01133936 0.13681042 0.00145076 -0.01510756 -0.12199299 -0.10001433 0.20298078 -0.09860361 0.48077482 0.22847582 0.22564698 0.45174972 0.37884367 -0.02058667 0.11488443 0.36112001 -0.03468949 0.36127546 0.54979993 0.16716979 -0.02461908 0.17325527 0.35749841 0.07210977 0.21497442 0.17650821 0.32334635 0.35960223 0.19836499 0.25466136 0.29784518 0.37896152 0.47330905 0.39669537 0.49889919 0.24237752 0.45872317 0.62526396 0.61300536 0.43180001 0.40814233 0.51942592 0.47231402 0.06679874 1.00000000 0.45961025 -0.08080347 0.39500638 0.30981514 0.11898939 0.01590310 0.15403319 0.17778630 0.02823029 0.12602254 0.02232674 -0.02152856 0.35514478 0.16673265 0.28409148 0.00911899 0.22927543 0.19859518 0.40289246 0.10571148 0.21665005 0.51063813 0.14302246 0.46895932 0.20206001 0.47761196
0.26794149 0.26845716 0.28189572 0.11497785 0.35580130 0.26682376 0.20178394 0.17546332 0.29783071 0.18755127 0.17986637 0.19041322 0.11919083 0.40246508 0.15371477 0.47342426 0.39246548 0.44592146 0.42940421 0.44690018 0.18144019 0.24519208 0.40457551 0.14186252 0.43958630 0.48181348 0.27648886 0.20511516 0.25068621 0.40466903 0.26940877 0.31434030 0.29114668 0.34312257 0.42224338 0.23216231 0.26246205 0.41099150 0.43013984 0.53823564 0.25970084 0.23226031 0.34940380 0.42038466 0.44368468 0.54269721 0.48579798 0.22899221 0.36296639 0.34349927 0.25089137 0.45961025 1.00000000 0.22735816 0.47540163 0.48374399 0.39610585 0.29257188 0.40198319 0.46487646 0.28210511 0.31981225 0.27831122 0.14874887 0.30562916 0.33751305 0.26684165 0.23814495 0.35426179 0.30692144 0.48327876 0.33629376 0.33283531 0.55449064 0.32813919 0.36645722 0.27371804 0.39186228
0.52910954 0.60526626 0.45485697 0.71070178 0.17071410 0.66031676 0.80994173 0.77207731 0.44436992 0.76045980 0.60505824 0.75386159 0.83259917 0.53327138 0.87766804 0.38945023 0.66182774 0.57456686 0.40686773 0.38475443 0.81365512 0.75651058 0.43416097 0.77483036 0.26115454 -0.04629031 0.43887202 0.75239925 0.66059598 0.49194779 0.71688330 0.43004732 0.70621024 0.48152442 0.48543505 0.38414222 0.60354926 0.54333325 0.45261789 0.46352679 0.38744272 -0.17959599 0.67834326 0.08055102 0.27116849 0.24216541 0.47505354 0.16552147 0.13220536 -0.15134162 0.80689779 -0.08080347 0.22735816 1.00000000 0.52252667 0.66418297 0.63455761 0.82858666 0.67623832 0.69248942 0.77697826 0.78733482 0.80048691 0.79338699 0.37364606 0.74063442 0.30937527 0.70010610 0.58264863 0.53141342 -0.03776425 0.74178284 0.56229546 0.29111456 0.59289699 0.11228042 0.41577219 0.14116006
0.42819846 0.47350302 0.35028235 0.29784754 0.31950399 0.47024436 0.43716320 0.48873222 0.40196374 0.52139299 0.44182148 0.37611348 0.38809920 0.52884380 0.44203640 0.64333949 0.54104184 0.61095753 0.56760058 0.50494509 0.50665663 0.52898556 0.64907399 0.44217403 0.41295328 0.42909276 0.44347429 0.45784123 0.59900370 0.57176258 0.52802986 0.47926162 0.50950420 0.57307774 0.58904116 0.47275296 0.56045709 0.47002312 0.56050757 0.63307149 0.46276660 0.27031688 0.55882265 0.38401940 0.50081384 0.49763011 0.59826953 0.37199027 0.46048045 0.33100523 0.46354733 0.39500638 0.47540163 0.52252667 1.00000000 0.65619620 0.61174781 0.58210357 0.57359332 0.64026300 0.54251975 0.69695327 0.57830853 0.45746574 0.58822126 0.54557635 0.28463347 0.50666683 0.49701605 0.50150949 0.31999310 0.53286872 0.51329596 0.52422665 0.45433897 0.41103053 0.31774832 0.41864936
0.56649050 0.61013507 0.59946301 0.63412972 0.45199171 0.64435828 0.67000123 0.54376980 0.57355158 0.63672547 0.42941422 0.67254450 0.62597620 0.62361554 0.66733732 0.52734829 0.76565650 0.59376993 0.49210057 0.57031037 0.66628204 0.66940849 0.53935237 0.64578813 0.58592108 0.31317827 0.51341548 0.65491171 0.58497800 0.63632623 0.67451105 0.58745503 0.73615081 0.52889992 0.62906674 0.41486698 0.60194832 0.66895532 0.56206601 0.64199374 0.32188373 -0.05582609 0.65795286 0.28268873 0.45751187 0.61496120 0.54037797 0.24459650 0.32943323 0.10626035 0.75364556 0.30981514 0.48374399 0.66418297 0.65619620 1.00000000 0.56208584 0.69308850 0.71873626 0.75106304 0.75451321 0.66229993 0.68501026 0.62873805 0.46502254 0.70204421 0.47792340 0.58768489 0.63633030 0.65467614 0.27310047 0.73226930 0.65096208 0.56579597 0.61204689 0.31726168 0.43829799 0.36815476
0.46652890 0.54658026 0.49651479 0.45868442 0.42263860 0.51337238 0.55051833 0.52455217 0.33012954 0.63257872 0.41260298 0.57060081 0.57241556 0.49208652 0.58530464 0.45492796 0.55861449 0.63830949 0.40072408 0.35857570 0.61041481 0.53634212 0.50865037 0.48212754 0.37803590 0.18589441 0.38759683 0.58453124 0.60788373 0.45148297 0.60526822 0.48468072 0.49482804 0.51841643 0.39924324 0.58664423 0.56460328 0.40353124 0.42475792 0.53854961 0.21044610 -0.00453381 0.45091431 0.19673800 0.33887159 0.33712106 0.49454900 0.01769778 0.30186816 0.10047163 0.55110069 0.11898939 0.39610585 0.63455761 0.61174781 0.56208584 1.00000000 0.62992858 0.66802456 0.63050097 0.60876025 0.70612835 0.57606090 0.49290896 0.50294684 0.56996894 0.32221900 0.62482411 0.60826890 0.58278250 0.32029012 0.64408850 0.58540567 0.46239907 0.62865881 0.35993266 0.26740490 0.40897134
0.57915843 0.58163517 0.43726606 0.66885556 0.18881641 0.69042756 0.77591868 0.74282903 0.50001059 0.74183390 0.61810550 0.70176868 0.72558240 0.59297670 0.79174702 0.47307482 0.64395039 0.62207288 0.51239604 0.47319601 0.80728023 0.76813057 0.55934072 0.74256473 0.29342016 0.07427121 0.47477869 0.70167579 0.69588223 0.53774002 0.71144335 0.48859513 0.70707877 0.53470203 0.56650095 0.45760224 0.60026306 0.54735684 0.48256934 0.49311042 0.41632454 -0.02396520 0.73492872 0.21235424 0.30620177 0.30529606 0.54266257 0.26627119 0.28437145 -0.06107803 0.77999528 0.01590310 0.29257188 0.82858666 0.58210357 0.69308850 0.62992858 1.00000000 0.71127554 0.81449633 0.76078201 0.82277620 0.81882353 0.78300821 0.51298671 0.75390917 0.22506758 0.75663720 0.63445364 0.56756667 0.06564542 0.79571725 0.60950712 0.36334595 0.60914712 0.14723108 0.48155133 0.24774850
0.52079096 0.59455809 0.52960430 0.64107445 0.37150580 0.62423613 0.66465730 0.57486985 0.51364606 0.63500349 0.46039081 0.67206658 0.65369205 0.59211053 0.65521642 0.38532257 0.68431630 0.55586387 0.39203739 0.50276730 0.68070947 0.64689605 0.45479835 0.58711338 0.42745663 0.22439009 0.50028251 0.62358208 0.55618805 0.51684570 0.65515728 0.52558512 0.66442373 0.46441923 0.53314201 0.42392307 0.55002658 0.51517770 0.41816319 0.54340115 0.23157589 -0.10211666 0.57811951 0.17575462 0.31810403 0.48311856 0.47002712 0.15755438 0.22709611 -0.00948125 0.69773583 0.15403319 0.40198319 0.67623832 0.57359332 0.71873626 0.66802456 0.71127554 1.00000000 0.69500388 0.75105136 0.67462979 0.63882378 0.57996369 0.45465927 0.66665047 0.33997901 0.60214527 0.63680813 0.60509286 0.19960483 0.75115050 0.58981321 0.49041768 0.58926560 0.19677402 0.39164323 0.34807648
0.59973040 0.55935963 0.42578596 0.60934800 0.24249420 0.67586399 0.64239747 0.63972246 0.54458392 0.63995702 0.56472301 0.60691396 0.56319372 0.63192018 0.63959609 0.55121043 0.63766923 0.67021066 0.54820097 0.52429777 0.72217905 0.66616739 0.62799341 0.65780846 0.39624365 0.27418875 0.52042430 0.61154966 0.62024535 0.55162933 0.68931325 0.50795450 0.63422843 0.52302818 0.60710590 0.42973428 0.53905184 0.54860184 0.51714246 0.55160222 0.43681096 0.10020647 0.73192094 0.36375147 0.36074969 0.41251606 0.62917241 0.32062962 0.43647522 0.10358964 0.70891487 0.17778630 0.46487646 0.69248942 0.64026300 0.75106304 0.63050097 0.81449633 0.69500388 1.00000000 0.68991861 0.76731164 0.77005232 0.67176127 0.52633131 0.69277908 0.24540031 0.71375523 0.61174363 0.56058242 0.22926699 0.73840569 0.63811785 0.45455194 0.58758638 0.22647923 0.50362058 0.30888511
0.51747650 0.62587835 0.60137354 0.71364097 0.37327123 0.66695667 0.74009638 0.62416427 0.51841194 0.70663005 0.42962729 0.76577032 0.77838537 0.55322907 0.80129306 0.37941257 0.73882059 0.54376185 0.39051894 0.42518780 0.75390904 0.72238937 0.40142995 0.69299787 0.44396171 0.04962156 0.46871983 0.72307841 0.62516056 0.56574117 0.71488861 0.54091716 0.76092552 0.50068682 0.54191522 0.41337805 0.60824188 0.58099972 0.42530586 0.51648706 0.23357750 -0.22319205 0.58970680 0.06205979 0.32020789 0.44461276 0.41416244 0.10164910 0.11083277 -0.08046209 0.78925200 0.02823029 0.28210511 0.77697826 0.54251975 0.75451321 0.60876025 0.76078201 0.75105136 0.68991861 1.00000000 0.68431397 0.70335782 0.70495001 0.37932453 0.72201164 0.44094678 0.61756815 0.65704661 0.63330079 0.15231018 0.76597009 0.63004709 0.46204584 0.64348439 0.22365606 0.40129170 0.28371864
0.53549080 0.58480593 0.41141720 0.53957873 0.24006044 0.60399864 0.67800665 0.69432233 0.42902172 0.74766782 0.58754098 0.61778151 0.65088884 0.56061738 0.73106710 0.58208947 0.62291857 0.69218043 0.55424226 0.42330998 0.75978945 0.71540971 0.65419988 0.69422801 0.32437242 0.18509123 0.44461569 0.66744450 0.72715557 0.54673197 0.69703688 0.47724907 0.63057633 0.59311138 0.55078451 0.52158981 0.64626557 0.50261009 0.53355985 0.56284178 0.48758642 0.09477213 0.68529577 0.28025115 0.37975297 0.31225743 0.61365878 0.27363373 0.39590799 0.07214425 0.69727581 0.12602254 0.31981225 0.78733482 0.69695327 0.66229993 0.70612835 0.82277620 0.67462979 0.76731164 0.68431397 1.00000000 0.77082735 0.72810505 0.59268675 0.68618815 0.26048468 0.72070328 0.61039301 0.56203943 0.13563508 0.72481229 0.60336233 0.41007622 0.62067573 0.29193041 0.44021484 0.32086753
0.59638909 0.54180405 0.41152022 0.68332113 0.15964931 0.68002175 0.72830006 0.73441520 0.50995749 0.70499602 0.64928414 0.66014734 0.68632424 0.56428958 0.76595791 0.44754604 0.62465814 0.60544025 0.45628953 0.44982180 0.78444020 0.69560045 0.54977851 0.77128152 0.29370673 0.10163883 0.50030099 0.67198526 0.60102116 0.50609502 0.71347484 0.49103867 0.63652097 0.47524745 0.52644533 0.37876612 0.58125745 0.51490556 0.46722615 0.46046214 0.40778915 -0.03003968 0.70239284 0.25284395 0.29243461 0.27599278 0.53552371 0.27497030 0.29427210 -0.02505215 0.77053670 0.02232674 0.27831122 0.80048691 0.57830853 0.68501026 0.57606090 0.81882353 0.63882378 0.77005232 0.70335782 0.77082735 1.00000000 0.78787661 0.48216177 0.71995250 0.22556777 0.72249634 0.54037902 0.54709103 0.02084991 0.71053294 0.57216446 0.25251663 0.55335446 0.13177808 0.44888688 0.13602277
0.51578351 0.47892577 0.34005118 0.66623823 0.06229007 0.62476909 0.75504934 0.75566456 0.42823077 0.70612018 0.60357836 0.65890119 0.74060845 0.50687575 0.79244196 0.33870126 0.59371246 0.48239370 0.42189047 0.41751263 0.80843475 0.73022946 0.42734895 0.77267912 0.21168919 -0.05618656 0.42959377 0.64725779 0.55736845 0.43349959 0.65481698 0.39173232 0.66397654 0.43840314 0.48319770 0.30556474 0.53963558 0.49399222 0.40671720 0.38358233 0.37089796 -0.13243108 0.66140905 0.12483245 0.24392910 0.20183691 0.43021902 0.23587679 0.18016053 -0.16100401 0.79387917 -0.02152856 0.14874887 0.79338699 0.45746574 0.62873805 0.49290896 0.78300821 0.57996369 0.67176127 0.70495001 0.72810505 0.78787661 1.00000000 0.43177211 0.71803412 0.23290958 0.63885410 0.51305857 0.49560342 -0.14068938 0.66644503 0.50482299 0.16431782 0.49812589 0.01003677 0.43569096 0.08358206
0.39201997 0.34877221 0.15470156 0.23000287 0.17145666 0.35263003 0.33750454 0.40516121 0.36174145 0.44571158 0.42204621 0.25943047 0.27175281 0.38638480 0.31553860 0.47931323 0.38264400 0.42140984 0.45281200 0.38630546 0.40356544 0.41598877 0.54696949 0.36581368 0.27469552 0.37042012 0.37042451 0.35787568 0.48124588 0.43928559 0.41059402 0.37630988 0.36545158 0.43245261 0.44864595 0.43245228 0.44102397 0.32950888 0.45063592 0.42347233 0.40647496 0.38496691 0.44816194 0.35003087 0.39404365 0.37731376 0.46199869 0.37038570 0.45336423 0.36479038 0.35917371 0.35514478 0.30562916 0.37364606 0.58822126 0.46502254 0.50294684 0.51298671 0.45465927 0.52633131 0.37932453 0.59268675 0.48216177 0.43177211 1.00000000 0.47328648 0.19166788 0.40950647 0.46093044 0.40737911 0.25193710 0.44125019 0.34499453 0.36923459 0.35724699 0.33856461 0.34899515 0.44336980
0.58821868 0.55903593 0.47946969 0.65399312 0.27510705 0.68046953 0.74257860 0.69361308 0.53206254 0.68247241 0.55235199 0.69108374 0.70869934 0.61378019 0.73293463 0.45540448 0.70179403 0.58753880 0.50661865 0.52200695 0.73515275 0.69254492 0.47881038 0.66539144 0.41905900 0.15480194 0.51662404 0.68111098 0.59583810 0.57576591 0.67574933 0.50162073 0.71272608 0.48722185 0.58989344 0.39376198 0.58125161 0.60416873 0.54224993 0.59779191 0.38777331 -0.02452565 0.70822698 0.20296675 0.40460675 0.47128943 0.55273786 0.27434443 0.26930133 0.01996672 0.79088039 0.16673265 0.33751305 0.74063442 0.54557635 0.70204421 0.56996894 0.75390917 0.66665047 0.69277908 0.72201164 0.68618815 0.71995250 0.71803412 0.47328648 1.00000000 0.42512602 0.66160785 0.68164091 0.63469838 0.18841230 0.79864506 0.61650096 0.47072238 0.64492703 0.25896355 0.53144893 0.36208366
0.24675497 0.40600482 0.48807743 0.30014654 0.52011901 0.26694574 0.29837890 0.12621647 0.27667570 0.36219409 0.03724716 0.39603168 0.36234394 0.23601159 0.37034082 0.32803797 0.49034549 0.31723215 0.21895625 0.20559292 0.27204944 0.28664012 0.22613097 0.29027221 0.56476719 0.16019863 0.19314787 0.44863874 0.33679723 0.42017449 0.36910771 0.38319039 0.41426965 0.35027189 0.29903247 0.32001221 0.47370240 0.45347505 0.39130107 0.43078361 0.11379080 -0.06960300 0.21002019 0.04709842 0.40328735 0.46551029 0.26865359 -0.05046689 0.12912142 0.24277237 0.37186875 0.28409148 0.26684165 0.30937527 0.28463347 0.47792340 0.32221900 0.22506758 0.33997901 0.24540031 0.44094678 0.26048468 0.22556777 0.23290958 0.19166788 0.42512602 1.00000000 0.30117431 0.48952478 0.52171004 0.46670985 0.35999856 0.49867829 0.51574892 0.56338561 0.58078151 0.27488769 0.44995686
0.56981981 0.57908762 0.43854351 0.63844264 0.23312295 0.63736008 0.64468626 0.61482342 0.44135733 0.68678159 0.55266610 0.65174152 0.60443857 0.51141730 0.67111564 0.46369992 0.55287368 0.60355818 0.42576783 0.34091124 0.72243917 0.61283316 0.54005835 0.64864984 0.31378502 0.08694778 0.43522440 0.65255582 0.62233234 0.45305732 0.66300143 0.46667941 0.53598665 0.48090138 0.43797038 0.49070597 0.56564892 0.44779607 0.40685729 0.44044067 0.33269545 0.03323310 0.62267562 0.18100094 0.25462754 0.23466789 0.54101805 0.13210087 0.31822307 0.01056017 0.67894332 0.00911899 0.23814495 0.70010610 0.50666683 0.58768489 0.62482411 0.75663720 0.60214527 0.71375523 0.61756815 0.72070328 0.72249634 0.63885410 0.40950647 0.66160785 0.30117431 1.00000000 0.65289988 0.56259265 0.17053289 0.74854531 0.66499412 0.37121517 0.67748870 0.29168605 0.46281816 0.28692252
0.45157624 0.57377773 0.51173178 0.53261081 0.42657637 0.54969125 0.59037172 0.48694507 0.45066948 0.60283969 0.37077346 0.62647418 0.58303719 0.50114241 0.58717888 0.46899553 0.67437680 0.54491250 0.45071364 0.38537360 0.60944466 0.59404901 0.46971844 0.48906975 0.50873364 0.23532711 0.39162933 0.60423027 0.62761567 0.60054705 0.58231793 0.49339465 0.61497280 0.49395110 0.50617842 0.50430286 0.60222829 0.54785829 0.47567189 0.53856998 0.31568245 0.07141787 0.58029553 0.18295835 0.44119557 0.51291810 0.52117376 0.17169050 0.29289173 0.13278438 0.63051850 0.22927543 0.35426179 0.58264863 0.49701605 0.63633030 0.60826890 0.63445364 0.63680813 0.61174363 0.65704661 0.61039301 0.54037902 0.51305857 0.46093044 0.68164091 0.48952478 0.65289988 1.00000000 0.63691434 0.41178739 0.75603543 0.67080656 0.62072574 0.68192606 0.47319510 0.51507340 0.58597716
0.50164494 0.53859011 0.60205323 0.56045335 0.49404069 0.53521557 0.51278699 0.39604590 0.42725917 0.60924118 0.27029225 0.59770179 0.54172093 0.48599267 0.56279334 0.42120036 0.61935484 0.52493806 0.33808018 0.34583625 0.57958499 0.50539970 0.44416885 0.53833030 0.50793254 0.17544793 0.44039816 0.62710395 0.53941060 0.48160523 0.66053723 0.55912864 0.57145764 0.50066537 0.40964142 0.52141135 0.57543036 0.48416612 0.39029526 0.49892733 0.13491334 -0.07687721 0.42121224 0.20554289 0.32464992 0.40415122 0.38389071 0.00951720 0.30742871 0.11833581 0.60195341 0.19859518 0.30692144 0.53141342 0.50150949 0.65467614 0.58278250 0.56756667 0.60509286 0.56058242 0.63330079 0.56203943 0.54709103 0.49560342 0.40737911 0.63469838 0.52171004 0.56259265 0.63691434 1.00000000 0.31774636 0.65563883 0.68616405 0.45062256 0.67617724 0.47925223 0.30616341 0.42045289
0.16670073 0.26166916 0.34681306 -0.00502285 0.50902186 0.16174242 -0.01765810 -0.09749480 0.21292478 0.05016706 -0.04480366 0.11717690 -0.04100844 0.19027348 -0.03723269 0.38966329 0.31004004 0.34354052 0.23569797 0.15763922 -0.03772023 0.01103391 0.27649318 -0.12254091 0.55698645 0.46086137 0.11837198 0.11896118 0.21337624 0.36736270 0.13392555 0.26806344 0.08291825 0.22775081 0.27858065 0.26968725 0.20922469 0.26815858 0.33928096 0.43555180 0.03871581 0.29102943 0.12519319 0.24104274 0.44228773 0.52746325 0.35088408 -0.00614049 0.30243973 0.51719999 0.05037299 0.40289246 0.48327876 -0.03776425 0.31999310 0.27310047 0.32029012 0.06564542 0.19960483 0.22926699 0.15231018 0.13563508 0.02084991 -0.14068938 0.25193710 0.18841230 0.46670985 0.17053289 0.41178739 0.31774636 1.00000000 0.24524748 0.34362370 0.63142005 0.40318968 0.66465162 0.22527209 0.58852756
0.57644842 0.63318192 0.55609509 0.70620100 0.34450881 0.68407978 0.75037408 0.63911799 0.52774567 0.69053376 0.49820567 0.75105665 0.71116738 0.60915948 0.73510519 0.45849398 0.73115656 0.61481659 0.46782612 0.47724523 0.75132947 0.70405838 0.48362986 0.65280284 0.45082445 0.17495366 0.50537835 0.72216937 0.66198787 0.60441548 0.71940980 0.55011871 0.73903452 0.49474979 0.57886232 0.47893012 0.61567745 0.61556043 0.49947124 0.55852174 0.34430205 -0.05848656 0.71160981 0.17233452 0.34090862 0.46705991 0.54066625 0.19537159 0.26506569 -0.02047210 0.78753029 0.10571148 0.33629376 0.74178284 0.53286872 0.73226930 0.64408850 0.79571725 0.75115050 0.73840569 0.76597009 0.72481229 0.71053294 0.66644503 0.44125019 0.79864506 0.35999856 0.74854531 0.75603543 0.65563883 0.24524748 1.00000000 0.69187418 0.56192961 0.68216823 0.28977768 0.59536328 0.44036181
0.46566301 0.55785453 0.55138660 0.52263977 0.44041268 0.52742344 0.52518009 0.44690206 0.40779073 0.59464292 0.29922621 0.58103330 0.55250224 0.45850705 0.59766762 0.48206372 0.62777754 0.57504425 0.41596691 0.35979871 0.62169494 0.53725280 0.50894734 0.58042752 0.50642669 0.17204536 0.37909074 0.61384626 0.58254913 0.51288452 0.67058586 0.52360306 0.59345985 0.55611048 0.46002087 0.49165399 0.60601672 0.52685022 0.41968214 0.50401937 0.27055180 -0.03793692 0.48020050 0.18466097 0.38513900 0.41969997 0.49687295 0.05358843 0.31831388 0.13906675 0.61425074 0.21665005 0.33283531 0.56229546 0.51329596 0.65096208 0.58540567 0.60950712 0.58981321 0.63811785 0.63004709 0.60336233 0.57216446 0.50482299 0.34499453 0.61650096 0.49867829 0.66499412 0.67080656 0.68616405 0.34362370 0.69187418 1.00000000 0.53237349 0.66011448 0.47121073 0.39258851 0.37752173
0.27078732 0.45966814 0.43373388 0.19588392 0.52802612 0.31944976 0.29936708 0.20421844 0.38198842 0.30573319 0.12542350 0.34407529 0.26881235 0.42589789 0.27060528 0.55376712 0.56263084 0.49460775 0.48386029 0.42491297 0.27433731 0.37243869 0.45840942 0.19951609 0.60697525 0.49956224 0.29890392 0.36341977 0.48570586 0.61071955 0.37158120 0.44972145 0.47596045 0.45874491 0.54782487 0.40135667 0.47143542 0.53335512 0.51934226 0.66434526 0.33530799 0.22284165 0.43783741 0.25555022 0.56777771 0.72733699 0.51688089 0.23432065 0.33149480 0.32896409 0.36557302 0.51063813 0.55449064 0.29111456 0.52422665 0.56579597 0.46239907 0.36334595 0.49041768 0.45455194 0.46204584 0.41007622 0.25251663 0.16431782 0.36923459 0.47072238 0.51574892 0.37121517 0.62072574 0.45062256 0.63142005 0.56192961 0.53237349 1.00000000 0.51207685 0.57452248 0.45882645 0.65716789
0.48956030 0.53926723 0.59927934 0.55574274 0.50222007 0.54385629 0.55929967 0.43094193 0.39036028 0.65766239 0.29889163 0.64396736 0.60272078 0.46910427 0.63568082 0.45304013 0.65011540 0.58585114 0.35873311 0.27851561 0.60980439 0.54865065 0.44374900 0.54869283 0.51059241 0.11425867 0.36812981 0.65687436 0.58433229 0.48820999 0.63812930 0.50002811 0.56669583 0.50862564 0.39489917 0.54089705 0.60468633 0.49872784 0.41575230 0.53154768 0.17217574 -0.05025757 0.45063423 0.18694140 0.37258114 0.39965625 0.46199355 -0.04228842 0.27977326 0.11641896 0.62381185 0.14302246 0.32813919 0.59289699 0.45433897 0.61204689 0.62865881 0.60914712 0.58926560 0.58758638 0.64348439 0.62067573 0.55335446 0.49812589 0.35724699 0.64492703 0.56338561 0.67748870 0.68192606 0.67617724 0.40318968 0.68216823 0.66011448 0.51207685 1.00000000 0.51246088 0.38537179 0.45261231
0.14835934 0.33896828 0.34208590 0.01931982 0.50091649 0.12974018 0.04267675 -0.02169629 0.15254001 0.22995001 -0.03010694 0.15965283 0.08331645 0.18080662 0.12581864 0.52822560 0.36016916 0.38449143 0.32052454 0.12050037 0.11336073 0.13697142 0.38619924 0.08659286 0.53415727 0.35332485 0.14740545 0.27905047 0.38104303 0.43704056 0.28859578 0.35055782 0.21689072 0.42956909 0.24462773 0.45283767 0.46443805 0.33190033 0.37182732 0.45830734 0.24625049 0.31323192 0.15723543 0.22456128 0.51367106 0.46865049 0.40270370 0.02921502 0.35912328 0.53540761 0.12844348 0.46895932 0.36645722 0.11228042 0.41103053 0.31726168 0.35993266 0.14723108 0.19677402 0.22647923 0.22365606 0.29193041 0.13177808 0.01003677 0.33856461 0.25896355 0.58078151 0.29168605 0.47319510 0.47925223 0.66465162 0.28977768 0.47121073 0.57452248 0.51246088 1.00000000 0.24255834 0.62342784
0.35844282 0.32835363 0.14548970 0.37969066 0.06610594 0.42722161 0.43790811 0.41412803 0.39146373 0.32768452 0.37654665 0.40424248 0.34232975 0.37845967 0.37778584 0.37167032 0.45085947 0.40873720 0.41485634 0.36748830 0.41786837 0.43104005 0.34034800 0.33147300 0.32955043 0.29118129 0.35567390 0.37263746 0.37053477 0.44150485 0.39131370 0.30506184 0.45258153 0.26401325 0.46504122 0.19464527 0.35991789 0.48359607 0.41907781 0.35591507 0.44794675 0.20204989 0.59939600 0.21118558 0.33933989 0.40828256 0.48382359 0.37681394 0.27821477 0.11967349 0.50017253 0.20206001 0.27371804 0.41577219 0.31774832 0.43829799 0.26740490 0.48155133 0.39164323 0.50362058 0.40129170 0.44021484 0.44888688 0.43569096 0.34899515 0.53144893 0.27488769 0.46281816 0.51507340 0.30616341 0.22527209 0.59536328 0.39258851 0.45882645 0.38537179 0.24255834 1.00000000 0.41989199
0.21004159 0.31375103 0.28380859 0.08267743 0.41306534 0.20400235 0.16423213 0.07381078 0.25008016 0.24470078 0.06636523 0.20965722 0.13335298 0.30103468 0.10679783 0.45298577 0.36847918 0.35559293 0.37987995 0.28242555 0.15736197 0.24068549 0.35289260 0.04783410 0.44086184 0.46015365 0.23823166 0.25314451 0.40862042 0.46395542 0.24733472 0.34796154 0.30224047 0.38354663 0.37301436 0.44610676 0.41282905 0.37123637 0.40535345 0.45759089 0.24935589 0.34736295 0.30288969 0.25920308 0.43623743 0.54053732 0.39865303 0.19628649 0.39270472 0.43704431 0.19022868 0.47761196 0.39186228 0.14116006 0.41864936 0.36815476 0.40897134 0.24774850 0.34807648 0.30888511 0.28371864 0.32086753 0.13602277 0.08358206 0.44336980 0.36208366 0.44995686 0.28692252 0.58597716 0.42045289 0.58852756 0.44036181 0.37752173 0.65716789 0.45261231 0.62342784 0.41989199 1.00000000
