1.00000000 0.08559602 0.08146774 0.25349153 0.27605123 0.20259910 0.26855694 0.31520864 0.18867618 0.24875233 0.28878464 0.16327714 0.19572928 0.10244411 -0.01004535 0.02609283 -0.03448842 0.04501149 0.10589592 0.04268002 0.04645143 0.02238286 -0.02434755 0.09109135 0.01458790 -0.05435539 -0.08150587 0.08446136 -0.06454082 -0.01377139 -0.02231128 0.15379566 -0.12367037 -0.04478249 0.00570915 0.08838621 -0.02162806 0.07519573 -0.05024011 0.06648277 -0.07248416 -0.07532840 0.03340984 -0.10135360 -0.01922503 -0.02006862 -0.04876142 0.03123324 -0.07742128 -0.00451149 0.02763669 -0.14161210 0.09840793 0.05915661 0.01919357 0.09403385 0.04594676 0.03891635 -0.04994306 0.11807750 0.02900408 0.05432392 0.03191484 0.04913067 -0.00384082 -0.01990877 0.03607463 -0.05704711 0.04359367 0.01291246 -0.02977232 0.00625886 0.07169653 -0.07800509 -0.04405885 -0.09060632 0.01749870 -0.07990815
0.08559602 1.00000000 0.20414627 0.16816862 0.02530744 0.23545713 0.11773439 0.24205274 0.21543521 0.09681780 0.17343549 0.16368107 0.10582965 0.03198333 -0.09434293 -0.04066100 0.02630831 -0.04458056 0.02029161 -0.04866934 0.02636829 0.05070516 -0.08154628 -0.14104634 0.03443676 -0.08592004 -0.04123127 -0.04203060 -0.04151152 -0.04879074 -0.00394095 -0.11068571 0.00761019 -0.05372488 -0.07406734 -0.04636607 0.00429192 0.02420893 -0.09150611 0.17641633 -0.05750969 0.10096566 0.03360074 0.01834669 0.03280033 -0.00610845 -0.02891729 0.11016631 0.05019031 0.09424972 -0.00828259 0.03503363 0.04870293 0.01552203 0.12910100 0.12568455 0.10409269 -0.00764546 -0.02616316 -0.00609755 -0.08690765 0.05265905 0.08372024 -0.03008300 0.04805180 0.06600686 0.08362275 0.09839909 0.10596205 -0.00073208 0.09065863 0.11283212 0.10989922 0.02546164 0.00348516 0.03329707 0.08258916 0.01965755
0.08146774 0.20414627 1.00000000 0.24345458 0.28962468 0.17349933 0.19494234 0.06924491 0.21167594 0.16100915 0.13558743 0.10735010 0.05723966 -0.08233487 -0.15939834 -0.05396374 0.05373418 -0.09828884 -0.08081009 -0.11599367 -0.04298995 -0.02420388 -0.06893804 -0.14980966 -0.02456659 0.03528005 -0.01079186 0.02495151 0.01683705 0.09905728 -0.01982026 0.06120868 -0.00673028 0.03392583 -0.02877028 -0.00708327 0.06030951 0.05031806 0.03867628 0.04755310 -0.02959371 0.09661182 0.07358785 -0.00033256 -0.05870442 0.00137114 0.04561355 0.05664698 0.02735331 0.00309593 0.04575874 0.08190144 -0.09346102 -0.05864213 0.06568245 -0.00104994 0.02319650 -0.03523404 -0.07747451 0.02171794 -0.07948031 0.02983725 -0.03687543 -0.02947347 -0.01733508 0.01907791 -0.01990943 0.07335112 0.07219570 -0.02611670 -0.00910132 0.04392818 -0.07318678 -0.00589243 0.07907311 -0.10901174 -0.00916404 0.05372794
0.25349153 0.16816862 0.24345458 1.00000000 0.14050580 0.13979691 0.22177562 0.13612005 0.14223580 0.15496949 0.26271380 0.28174938 0.23368752 0.06911570 0.04373437 0.16947601 0.01833754 0.02429428 0.02262336 -0.02214827 -0.00133646 -0.00971287 0.01648328 -0.04510074 0.13279469 -0.00703028 -0.01226426 0.05495605 0.07130068 0.00627182 -0.11591785 0.05524529 -0.07138989 -0.08259749 -0.03576735 0.04016359 -0.05101132 0.01036309 0.08998154 0.02822996 -0.05087745 0.05310167 -0.01158720 -0.02437912 -0.00668750 0.13549612 0.01843391 0.02232316 -0.02388512 0.03858123 0.11572007 -0.06735763 0.07194988 0.03191651 0.03765576 0.14689008 -0.00676372 -0.00624470 -0.05199640 0.05618934 0.01191531 0.12937245 0.09241336 0.02871933 -0.02443637 0.06972777 -0.02480735 0.03480759 -0.07772803 0.06131291 -0.02390636 0.08883197 0.00802665 -0.06598176 -0.02733495 -0.04826388 -0.01960381 -0.07007318
0.27605123 0.02530744 0.28962468 0.14050580 1.00000000 0.20017988 0.16703571 0.09764318 0.09547973 0.17151339 0.25704553 0.17954178 0.09084934 0.13277852 -0.01272889 0.02997129 0.03846296 0.08213021 0.03133403 0.06871543 0.03822689 0.08433139 0.08191367 0.05728713 0.18255234 0.13810215 -0.08107621 0.04308935 0.02029187 0.01244225 0.00191338 0.08370216 -0.00705659 0.03842014 -0.03490832 -0.01481712 0.01368494 0.05083890 0.00123640 0.05362985 -0.00056568 0.00156665 0.12838076 0.00821516 -0.05282226 -0.06871089 0.10255936 0.04487257 0.01889596 -0.09306831 -0.00425276 -0.01516556 0.04193615 -0.01721357 -0.10731859 -0.09013026 -0.00344959 0.00632625 -0.02119843 0.07203941 0.01202991 0.01480498 -0.01485680 0.01387058 -0.12964430 -0.08883629 -0.00205875 -0.06350405 -0.06411774 0.06179992 -0.02271372 0.04894912 -0.01740812 -0.05424667 0.00359091 0.00891057 0.03814400 0.03525228
0.20259910 0.23545713 0.17349933 0.13979691 0.20017988 1.00000000 0.26932086 0.26238249 0.28042867 0.13706566 0.15102602 0.09386124 0.08304757 0.00229871 -0.07243764 -0.03954766 -0.01108210 -0.05852248 -0.06909438 0.00057021 -0.01747392 0.00140855 -0.00944208 -0.10405962 0.07030995 -0.01423326 -0.00435811 0.05975743 -0.05949823 -0.05271716 0.02461953 0.01355449 -0.14124072 -0.06488901 0.00506552 -0.00508442 -0.07910103 -0.04230954 0.02174983 0.16406943 -0.05117910 0.05017196 0.09455364 0.03125453 0.00690788 0.03597380 0.00877026 0.04618936 0.06387580 -0.03286120 -0.00906305 0.02537763 -0.04474594 -0.01924110 -0.05401549 0.02716021 0.11159856 0.00439534 -0.09422796 0.07221752 -0.02235900 0.02054104 -0.06071607 -0.09440465 0.05645440 -0.00709819 0.00019280 0.06546782 -0.11773967 -0.07584900 -0.04548283 0.05464339 0.05707537 0.10309195 -0.02867930 -0.04394589 0.04957433 0.07932859
0.26855694 0.11773439 0.19494234 0.22177562 0.16703571 0.26932086 1.00000000 0.28692788 0.19548956 0.21098216 0.14223569 0.30942548 0.29312689 0.09522013 -0.00676576 0.07508588 0.11497304 0.12416366 0.05878661 0.04968402 0.05351083 0.13191383 0.01659190 0.04408869 0.09218618 0.00976639 0.06005623 0.04079449 0.02176798 -0.03180758 -0.06052256 0.05920390 0.00547633 0.15623629 0.09096357 0.02264748 0.05288904 0.13112744 0.03795036 0.01797005 0.01228274 -0.04687380 0.06796277 -0.19052483 -0.00538444 0.06413197 -0.04335543 0.00949385 -0.03575186 0.02310225 0.06406268 -0.05536049 0.08746291 -0.01340486 0.02747667 0.13171726 0.05855842 0.12351298 -0.00339632 0.08565736 0.11112308 0.09496612 0.05716292 0.00521738 0.02660469 -0.01263891 -0.00406499 0.07692329 0.06957604 0.00162123 -0.06389774 0.11706656 0.01680726 0.04128489 -0.08554027 0.03164452 0.08805803 0.09256523
0.31520864 0.24205274 0.06924491 0.13612005 0.09764318 0.26238249 0.28692788 1.00000000 0.26060491 0.27231417 0.19124781 0.23454883 0.16095772 0.06050256 0.05138774 -0.00615094 -0.03418340 -0.01821356 0.16678188 0.03977459 0.05038761 0.13350391 0.02731015 0.07370489 -0.03006311 -0.10423999 0.01638282 0.01341605 -0.09973909 0.00129815 0.07885821 -0.00352005 -0.11228292 0.10134322 0.01523248 0.05937251 -0.06338608 0.04859946 -0.01139806 0.09835738 -0.01984226 0.01431016 0.17729235 -0.03976763 0.02520427 0.00198456 -0.04556466 0.06199902 -0.01985117 -0.00663437 0.01586463 -0.10632336 0.12836713 0.02844750 0.03134576 0.05695591 0.06233686 0.09421496 -0.03298642 0.00335818 -0.02670142 0.02651844 0.11537242 0.03794175 -0.02749072 0.00091656 0.12473885 -0.05240460 -0.04616007 0.07431997 -0.05344374 0.02213555 0.09219206 -0.02608617 -0.08036002 -0.06710659 0.02186575 -0.02827305
0.18867618 0.21543521 0.21167594 0.14223580 0.09547973 0.28042867 0.19548956 0.26060491 1.00000000 0.20673706 0.17107534 0.07170445 0.10574819 0.09516746 -0.12180927 0.03932622 0.04710407 -0.00742053 0.00658860 0.08636832 -0.09951258 -0.00292088 0.01178390 0.01494043 -0.04682534 -0.00597974 -0.03357846 0.07115190 0.06037269 -0.02601409 -0.04540138 -0.04588320 -0.09349046 0.11822800 -0.03245215 -0.01819657 0.02025477 0.15099332 -0.02906596 0.05619848 -0.00435388 -0.02169742 0.02623890 -0.04384467 -0.05654690 -0.12318817 -0.07879612 0.09222567 -0.02826304 0.01851380 -0.07142344 -0.09914067 0.12567613 0.02296027 0.05801268 0.10892035 0.09385150 -0.04891481 0.02415255 -0.01095991 -0.00969069 0.00871424 -0.02018825 -0.00546995 0.06459647 0.02325141 0.01919777 0.04012976 0.08711926 0.10701245 0.05311605 0.14798781 0.12367862 -0.01811100 0.03118647 0.06043590 0.06897609 0.07037075
0.24875233 0.09681780 0.16100915 0.15496949 0.17151339 0.13706566 0.21098216 0.27231417 0.20673706 1.00000000 0.30725089 0.26910168 0.27249632 0.05994117 0.04115086 0.02191420 -0.01779952 0.09163947 0.06134691 0.04057615 0.09740603 0.02467606 -0.00963902 0.02519631 -0.09059008 0.08555977 0.06770383 0.04364013 0.04856277 0.04152372 -0.02621995 0.12507821 -0.05467885 0.09571308 -0.04731837 0.17719644 0.03259714 -0.00538762 0.06853937 0.07704086 0.05647469 0.06520919 0.16112379 -0.06657863 0.01719724 -0.01533394 0.01332009 0.05759887 0.02043227 -0.02701985 -0.05773057 -0.02543030 -0.00232445 -0.06843209 -0.04170284 -0.02053502 0.04854527 0.04958783 -0.00186858 -0.06905725 0.04257850 0.01430805 0.04739532 0.04589378 -0.03143542 0.01105102 -0.01477626 -0.04904217 -0.08568451 -0.00725644 -0.04078712 0.00109285 0.00206240 -0.04313554 -0.02001843 -0.12889323 0.03708101 -0.09537521
0.28878464 0.17343549 0.13558743 0.26271380 0.25704553 0.15102602 0.14223569 0.19124781 0.17107534 0.30725089 1.00000000 0.24101209 0.16041145 0.05440993 0.02519744 0.05834464 -0.02671124 0.06378741 0.07888014 -0.01473743 0.11149752 0.02260105 0.01978589 -0.02101970 0.08647906 0.07831193 -0.05068642 0.01075247 -0.02577278 -0.08793804 -0.09440551 0.14799617 -0.05181832 -0.00710172 -0.00842241 0.06795628 -0.11753727 0.06478578 -0.07828795 0.15665492 0.01148400 0.07111361 0.07962773 0.01416597 -0.01991622 -0.03618827 -0.02575694 0.05418121 0.00216975 -0.02116278 -0.04332702 -0.06791845 0.02868458 -0.00475746 -0.00749447 0.04698446 0.09350870 0.04411211 -0.01399707 0.09859395 -0.07328568 -0.00681300 -0.02036944 0.13344886 0.02677172 0.02550517 -0.03528640 -0.10539779 -0.08842463 0.03263893 0.01447412 0.06677170 0.00118477 0.00125705 -0.07715793 -0.18512692 0.07999344 0.01661264
0.16327714 0.16368107 0.10735010 0.28174938 0.17954178 0.09386124 0.30942548 0.23454883 0.07170445 0.26910168 0.24101209 1.00000000 0.20294800 0.05044267 -0.04965817 0.01797639 0.01948504 0.09621913 -0.00224759 -0.03492011 0.02571344 0.05590142 0.04895182 -0.04202092 0.00902338 -0.04100702 -0.07494303 -0.00005825 -0.00441415 -0.04836258 -0.03222159 0.07525070 -0.06510782 -0.00939263 -0.09592502 0.04216344 -0.00500162 0.05164118 0.05966375 0.13886052 0.03482090 0.03348238 0.13437569 0.04054845 0.02421074 0.09137510 -0.00384756 0.01124811 0.01543199 0.11237440 0.18968637 -0.02063076 0.03901317 -0.02044255 0.00538508 0.11451570 0.12020069 0.09887669 0.00884541 0.07117519 0.06487658 0.06048828 -0.02181809 0.08824947 0.04711385 0.04042950 -0.00862920 -0.02672945 -0.03034277 0.04100225 -0.05705897 0.10121451 0.00816397 0.01787551 -0.00491881 -0.07876296 -0.03331117 -0.05736355
0.19572928 0.10582965 0.05723966 0.23368752 0.09084934 0.08304757 0.29312689 0.16095772 0.10574819 0.27249632 0.16041145 0.20294800 1.00000000 0.09503594 0.08859749 0.00810108 0.12965010 0.00451693 0.20030336 0.08839630 0.11058680 0.07048436 -0.08321683 0.01719677 0.03605740 -0.00149876 -0.08759940 -0.04082410 0.04715591 0.00044597 -0.08900677 0.07693023 0.07263959 -0.01310956 -0.03867832 0.02143074 0.05165358 0.13103074 0.00791372 0.02135205 0.10746832 -0.00792435 0.04622677 -0.03413778 -0.00691707 -0.04823633 -0.01697198 -0.04866643 -0.04025711 -0.03799035 0.02306652 -0.08447509 0.09549510 0.09964364 0.09928876 0.02229558 0.10325594 0.02697202 0.08770787 -0.06011930 0.05250617 0.13760878 0.08025632 0.11240817 0.03026127 0.07070015 -0.01633865 0.05861671 -0.03174319 0.09689658 -0.04837457 0.13148870 0.08757314 -0.00772997 0.05386906 0.00653476 0.11225377 -0.09071198
0.10244411 0.03198333 -0.08233487 0.06911570 0.13277852 0.00229871 0.09522013 0.06050256 0.09516746 0.05994117 0.05440993 0.05044267 0.09503594 1.00000000 0.24204589 0.18126189 0.28207789 0.14926892 0.29084630 0.24463623 0.13760303 0.20655368 0.15838285 0.26435528 0.15339576 0.17924290 -0.04171434 0.05627863 0.04622446 0.02757624 0.20036116 0.02322873 0.04481010 -0.03626644 0.05286091 0.09980472 -0.00143230 0.20032700 -0.03471324 -0.08225990 -0.02208621 -0.03402915 -0.09865469 -0.07107935 0.00926659 -0.00990945 0.07264994 0.08100829 -0.06145932 -0.08433846 -0.06488465 -0.07329012 0.11861832 0.07174526 -0.07856278 0.06664402 -0.00618561 -0.02565189 0.09198127 0.04299805 0.01221566 -0.00459718 0.00875461 -0.01591521 0.04353774 0.04267575 -0.00432923 0.00129798 -0.07259039 0.01295382 -0.02811254 -0.02521145 0.06819784 0.00664880 -0.02942877 0.12760634 0.03096020 -0.00938485
-0.01004535 -0.09434293 -0.15939834 0.04373437 -0.01272889 -0.07243764 -0.00676576 0.05138774 -0.12180927 0.04115086 0.02519744 -0.04965817 0.08859749 0.24204589 1.00000000 0.16246156 0.07002787 0.30556517 0.19455342 0.15901369 0.20137242 0.18998704 0.04445676 0.33814371 0.13676964 0.11518423 -0.10136553 0.08139892 0.01509899 0.05478131 0.17793732 0.13354836 0.11418510 -0.00702201 0.11349198 0.19905237 0.16964913 -0.00643922 0.10311627 -0.08293792 0.00744930 -0.01709228 -0.00159534 -0.17283218 0.06025011 -0.02200539 0.09448726 0.01537446 -0.04879826 -0.12441151 -0.06724933 0.02759111 0.10142837 0.19997643 -0.01626510 0.00016342 0.05632460 0.12210566 0.10228072 0.00856229 0.03766149 0.03151114 0.16878078 0.06434147 -0.01642309 0.05863186 -0.07089071 -0.07936753 -0.08249616 0.01916282 -0.14730877 -0.14843870 -0.10194294 -0.08796611 -0.13909228 -0.06950649 -0.02871771 -0.18823604
0.02609283 -0.04066100 -0.05396374 0.16947601 0.02997129 -0.03954766 0.07508588 -0.00615094 0.03932622 0.02191420 0.05834464 0.01797639 0.00810108 0.18126189 0.16246156 1.00000000 0.27422898 0.32332124 0.22184116 0.19167778 0.04410682 0.24476033 0.19403465 0.28051405 0.20642469 0.12538606 0.00711857 0.03393878 0.05158568 0.02055328 -0.09198245 0.02152301 -0.07452807 0.03694307 0.08094704 0.01468084 0.09679180 0.00818856 -0.04474941 -0.05925491 -0.00575440 -0.10702279 -0.08158376 -0.05476490 -0.02311854 -0.04824865 0.06461492 0.01206648 -0.11751486 -0.04501195 0.01442448 -0.02942925 0.12411208 0.02474496 -0.08331577 -0.03661563 -0.02373354 0.05439704 -0.01281043 -0.07125548 -0.05536193 0.02537143 0.01293841 0.05654437 -0.03362306 -0.00925683 -0.06547767 -0.04350960 -0.03625297 0.05242286 -0.09024605 0.02677725 -0.06136753 -0.10100930 -0.12593296 -0.02910403 -0.12741807 -0.12073694
-0.03448842 0.02630831 0.05373418 0.01833754 0.03846296 -0.01108210 0.11497304 -0.03418340 0.04710407 -0.01779952 -0.02671124 0.01948504 0.12965010 0.28207789 0.07002787 0.27422898 1.00000000 0.04419264 0.18112401 0.12589453 0.17593948 0.17898909 0.04972373 0.18797133 0.22113978 0.29938471 -0.05277863 -0.02956320 0.07111775 -0.04804405 0.04568058 0.02641807 0.05314537 0.05960221 -0.01440604 -0.01061256 0.09624653 0.19239852 -0.06496301 -0.04988347 -0.04910444 -0.06756808 -0.11338581 -0.02893289 -0.14526157 -0.10949379 -0.05692217 0.00953601 0.03163979 -0.09547438 -0.03570917 -0.12743471 0.04249534 0.06497286 -0.07229955 -0.00432043 0.04706678 0.02748050 0.03397060 0.07463529 -0.02173606 0.01613299 -0.02074986 0.03690249 0.04166833 0.03352280 -0.09732315 -0.09269443 -0.00208073 -0.01701424 -0.09052995 -0.02708746 -0.09164502 -0.15813013 -0.12906359 -0.01211022 -0.07871732 0.03425051
0.04501149 -0.04458056 -0.09828884 0.02429428 0.08213021 -0.05852248 0.12416366 -0.01821356 -0.00742053 0.09163947 0.06378741 0.09621913 0.00451693 0.14926892 0.30556517 0.32332124 0.04419264 1.00000000 0.05433257 0.21262916 0.22372389 0.22595095 0.11794601 0.25813978 0.20067529 0.20582414 -0.15923880 0.01267846 -0.01337312 -0.07778567 -0.06404507 0.06755273 -0.11740252 -0.00238252 0.01407661 0.00954094 0.14775878 -0.01170103 -0.03097681 -0.10385448 0.08496868 -0.03669458 0.02498735 -0.19939289 -0.05948050 -0.07466887 0.11113151 -0.00993225 0.01061343 0.00282388 -0.06267805 0.04530220 0.13281613 0.12241624 -0.02371722 -0.06226137 0.04143985 0.13288293 0.11021128 -0.03683734 0.03017813 -0.01849658 0.01755570 0.03266989 -0.02271324 -0.01854486 -0.11927250 -0.12599826 -0.03742397 0.03934018 -0.16777637 -0.13112396 -0.09921433 -0.00868825 -0.07792146 -0.08081722 -0.08188931 -0.07517693
0.10589592 0.02029161 -0.08081009 0.02262336 0.03133403 -0.06909438 0.05878661 0.16678188 0.00658860 0.06134691 0.07888014 -0.00224759 0.20030336 0.29084630 0.19455342 0.22184116 0.18112401 0.05433257 1.00000000 0.20150007 0.33379182 0.27837216 0.27858082 0.32646478 0.27571034 0.15329011 -0.01461132 -0.03433542 0.03380713 0.06539512 0.09581901 -0.00055188 0.09461766 -0.02056763 0.02142364 0.04324421 0.15258693 0.07667497 -0.03406804 -0.04905316 -0.01651585 -0.14502432 -0.07435790 -0.04266962 -0.05054122 -0.06646730 -0.01082874 0.00501213 -0.14237842 -0.06899916 -0.09574377 -0.14942552 0.03781596 0.11247945 0.01109552 0.05266336 0.05560997 0.06143995 -0.06762059 -0.01689429 0.00320538 -0.02389547 0.16824902 0.00656893 0.05729704 -0.04538655 -0.05379750 0.00755675 -0.03536920 0.02193197 -0.11708110 -0.00406714 0.07417025 -0.07203778 -0.13025219 -0.10642782 -0.03061123 -0.04062334
0.04268002 -0.04866934 -0.11599367 -0.02214827 0.06871543 0.00057021 0.04968402 0.03977459 0.08636832 0.04057615 -0.01473743 -0.03492011 0.08839630 0.24463623 0.15901369 0.19167778 0.12589453 0.21262916 0.20150007 1.00000000 0.25932563 0.18003329 0.29455958 0.41112910 0.10428057 0.14947368 -0.06200471 0.13987163 -0.07105492 -0.00234329 0.02868509 0.03893166 -0.05728930 0.00619269 -0.08479106 -0.12035597 0.02103837 0.06789900 0.01821126 -0.09740087 0.12232850 -0.03351207 0.02496332 -0.00245895 0.07926113 -0.05129757 0.05419045 0.01203669 -0.08979873 -0.03668061 0.03812671 0.02069801 0.10958529 0.08446322 -0.12350791 -0.01227080 0.08728571 0.02251078 0.02696028 0.06009131 0.11033877 0.01360607 -0.03876375 0.11188955 0.08674373 0.00126985 -0.02468064 -0.09318072 0.03410769 0.01911456 -0.08222338 -0.07519734 0.03661094 -0.08905229 -0.02697872 0.05699848 0.03331513 -0.01817713
0.04645143 0.02636829 -0.04298995 -0.00133646 0.03822689 -0.01747392 0.05351083 0.05038761 -0.09951258 0.09740603 0.11149752 0.02571344 0.11058680 0.13760303 0.20137242 0.04410682 0.17593948 0.22372389 0.33379182 0.25932563 1.00000000 0.22453799 0.12365062 0.35060465 0.11108423 0.17047926 -0.03207951 0.11210307 -0.03608712 0.01032392 0.08049035 0.12087161 0.06207181 -0.05386157 -0.02218497 0.11223877 0.13699586 0.04027701 0.08294668 -0.03925315 0.15257996 -0.06397858 0.04102468 -0.05736212 -0.04403133 -0.12304299 0.03714989 -0.04126448 -0.06498917 -0.08638066 -0.04011907 -0.06405184 0.06299473 0.21276810 0.02487023 -0.00119945 0.07617411 0.18068230 0.01287858 -0.00757908 0.07226832 0.01123128 0.13529700 0.11561497 0.09266990 0.01106559 -0.10628445 -0.02102994 -0.11779270 -0.05136593 -0.13834629 -0.07388588 0.03875680 -0.12280691 -0.04695895 -0.13644599 -0.09594499 0.00248727
0.02238286 0.05070516 -0.02420388 -0.00971287 0.08433139 0.00140855 0.13191383 0.13350391 -0.00292088 0.02467606 0.02260105 0.05590142 0.07048436 0.20655368 0.18998704 0.24476033 0.17898909 0.22595095 0.27837216 0.18003329 0.22453799 1.00000000 0.22581591 0.24281084 0.31919144 0.11705744 -0.08115401 0.04979698 -0.01735931 -0.13380822 0.05684984 0.02309161 -0.05083069 0.14357760 -0.00912249 0.00329893 0.07309807 0.09197233 -0.11694119 -0.05008585 -0.01716188 -0.10663643 -0.05115938 -0.07248410 0.02271115 -0.01383930 -0.05271508 -0.01663958 -0.10431714 0.02009105 -0.08301864 0.02801501 0.03624318 0.05135385 -0.03568644 -0.01712673 0.01915511 0.05671009 0.07911294 -0.00040770 -0.00621581 -0.07164737 0.00947988 -0.05132600 -0.01707037 0.02688946 0.01103236 -0.00532030 0.04911136 -0.07581609 -0.17885488 -0.10329569 -0.04289822 -0.07122079 -0.01852264 0.00539425 -0.09499654 0.01616721
-0.02434755 -0.08154628 -0.06893804 0.01648328 0.08191367 -0.00944208 0.01659190 0.02731015 0.01178390 -0.00963902 0.01978589 0.04895182 -0.08321683 0.15838285 0.04445676 0.19403465 0.04972373 0.11794601 0.27858082 0.29455958 0.12365062 0.22581591 1.00000000 0.17391959 0.30996993 0.26445607 0.00023845 0.00425475 0.04444307 -0.05806235 0.03402965 0.02992898 0.10591016 0.02421993 -0.01577951 -0.09542119 -0.04125361 0.03547867 -0.07435954 -0.11272691 0.02895984 -0.13257360 -0.04420862 -0.03667682 0.03843642 -0.04074776 -0.00611737 0.02456975 -0.06847031 -0.02632357 -0.02267310 -0.03345397 -0.00730712 -0.00383892 -0.08085469 -0.06908331 -0.01249089 0.01877107 -0.06852676 0.05026629 -0.00973982 -0.06600147 0.03929698 -0.09667579 -0.04700338 -0.00237121 0.02322703 -0.04753121 0.12135033 0.05138273 0.02951461 0.05278612 0.08542609 -0.05241695 -0.05452805 0.05794808 0.06725867 0.06500542
0.09109135 -0.14104634 -0.14980966 -0.04510074 0.05728713 -0.10405962 0.04408869 0.07370489 0.01494043 0.02519631 -0.02101970 -0.04202092 0.01719677 0.26435528 0.33814371 0.28051405 0.18797133 0.25813978 0.32646478 0.41112910 0.35060465 0.24281084 0.17391959 1.00000000 0.15817038 0.19912077 -0.15146920 0.08484055 -0.06201532 0.06869041 0.08297142 0.06924552 -0.00799971 -0.00124351 0.05633986 0.05998575 0.13195120 0.05730633 -0.00415204 -0.02282536 0.04128947 -0.08104373 0.03153234 -0.07475730 -0.01021887 0.02074701 0.03112529 0.01307977 -0.15723998 -0.12041425 -0.00593930 -0.06404376 0.11723810 0.12748452 -0.03515951 0.04980386 -0.03266283 0.13756881 0.05227337 0.05016659 0.07747024 0.02309296 0.04603891 0.06835862 0.07557267 -0.06895204 -0.10754883 -0.08654440 -0.03147361 0.00078679 -0.16298730 -0.16866318 0.04290806 -0.12791890 -0.13182055 -0.06897871 -0.09980899 -0.06053706
0.01458790 0.03443676 -0.02456659 0.13279469 0.18255234 0.07030995 0.09218618 -0.03006311 -0.04682534 -0.09059008 0.08647906 0.00902338 0.03605740 0.15339576 0.13676964 0.20642469 0.22113978 0.20067529 0.27571034 0.10428057 0.11108423 0.31919144 0.30996993 0.15817038 1.00000000 0.23256158 0.00624540 0.00283107 0.09369706 -0.05920002 0.02178371 0.04483954 0.10032160 0.00627936 -0.00440655 0.00081781 0.01683398 0.05049043 -0.06444127 -0.02409756 -0.07704481 -0.08981527 -0.12737395 -0.08415267 -0.04027493 -0.03318982 -0.05617926 0.02508140 0.01040985 -0.07270828 -0.11348306 -0.01774683 -0.12599686 0.02552153 -0.07544653 -0.06920309 -0.00777061 0.00223041 0.02846526 0.07721850 -0.03114184 -0.02525350 -0.01180814 -0.07744934 -0.08053779 -0.06141374 0.02002637 -0.06780117 -0.06064396 0.02820225 -0.05966597 -0.08376592 -0.05293773 -0.02834018 -0.10897986 -0.02576186 -0.00370689 0.00431617
-0.05435539 -0.08592004 0.03528005 -0.00703028 0.13810215 -0.01423326 0.00976639 -0.10423999 -0.00597974 0.08555977 0.07831193 -0.04100702 -0.00149876 0.17924290 0.11518423 0.12538606 0.29938471 0.20582414 0.15329011 0.14947368 0.17047926 0.11705744 0.26445607 0.19912077 0.23256158 1.00000000 -0.00205991 0.01239890 0.07736158 -0.01967501 0.05486366 0.12590505 0.10565665 -0.06677599 -0.02439665 0.00687277 0.10295212 -0.02442956 0.03537884 -0.10743437 0.07314928 0.00176870 0.04670725 -0.08434518 -0.08674121 -0.12334668 0.02067486 -0.02503329 0.01980780 -0.08429078 -0.02063108 -0.03954505 -0.01233839 0.00830648 -0.10270759 -0.12383162 -0.04705156 0.03235414 0.01483764 0.08257656 0.03528593 -0.01978027 0.04007126 0.10010344 -0.10142565 0.01304751 -0.04290940 -0.00623852 -0.03647086 0.04186993 -0.07078834 -0.03768284 -0.07667466 0.02197148 -0.02469976 -0.06891723 0.00776878 0.05917619
-0.08150587 -0.04123127 -0.01079186 -0.01226426 -0.08107621 -0.00435811 0.06005623 0.01638282 -0.03357846 0.06770383 -0.05068642 -0.07494303 -0.08759940 -0.04171434 -0.10136553 0.00711857 -0.05277863 -0.15923880 -0.01461132 -0.06200471 -0.03207951 -0.08115401 0.00023845 -0.15146920 0.00624540 -0.00205991 1.00000000 0.17950658 0.11860054 0.14891004 0.18311582 -0.08221551 0.25694942 0.15978037 0.17125885 0.16707265 -0.01315819 0.12924090 0.21070965 -0.06870882 0.01090559 -0.05075264 -0.04117280 -0.00914747 0.01531514 0.02605207 -0.02380491 -0.07571078 0.01203545 -0.08110173 -0.06308351 0.02561407 -0.04301892 -0.16646560 -0.01327709 0.00559312 -0.06137712 -0.03365635 -0.08359116 -0.02661265 -0.04841004 -0.04452659 -0.12765212 -0.07450957 -0.10457355 0.02426423 0.06760335 0.05985715 -0.03370839 0.08134970 0.03651384 0.12095961 -0.00321101 0.02735713 0.02453516 0.05627756 -0.00910825 0.07547034
0.08446136 -0.04203060 0.02495151 0.05495605 0.04308935 0.05975743 0.04079449 0.01341605 0.07115190 0.04364013 0.01075247 -0.00005825 -0.04082410 0.05627863 0.08139892 0.03393878 -0.02956320 0.01267846 -0.03433542 0.13987163 0.11210307 0.04979698 0.00425475 0.08484055 0.00283107 0.01239890 0.17950658 1.00000000 0.14469645 0.12691983 0.10260868 0.23370496 -0.03282428 0.13831637 0.20014138 0.14047715 0.16448556 0.24411268 0.16895194 0.02521595 0.10198092 -0.03311141 -0.00125221 -0.01993465 -0.01744618 -0.03348531 -0.01698240 -0.06911765 -0.06626792 -0.10362496 0.04946562 0.02007973 0.06521873 -0.02015781 0.02410661 0.04601116 0.03030329 0.08821633 -0.00061077 0.09249948 0.03482098 0.04404711 -0.08449088 0.00623578 0.01593976 0.06221704 -0.03418102 0.07219665 -0.04523277 0.04072177 -0.09190348 0.00571091 -0.00363970 -0.08099738 0.14092771 0.06208592 0.05696177 0.01392609
-0.06454082 -0.04151152 0.01683705 0.07130068 0.02029187 -0.05949823 0.02176798 -0.09973909 0.06037269 0.04856277 -0.02577278 -0.00441415 0.04715591 0.04622446 0.01509899 0.05158568 0.07111775 -0.01337312 0.03380713 -0.07105492 -0.03608712 -0.01735931 0.04444307 -0.06201532 0.09369706 0.07736158 0.11860054 0.14469645 1.00000000 0.25641979 0.00632606 -0.02234760 0.28389901 0.37524709 0.18870059 0.13316124 0.25612596 0.17896856 0.30506288 -0.05718665 0.07457272 -0.03879500 0.01853022 0.00652206 0.01467933 0.03880102 0.07427801 0.01597399 0.05049726 -0.04085239 0.13236332 0.05079498 0.00152126 0.04004697 -0.01577929 0.02240242 -0.04492138 0.04426103 0.09865951 -0.00273688 -0.04874041 0.13759098 0.06999990 -0.02795265 -0.03667234 0.11152289 0.05469001 0.05830695 0.07921389 0.11526857 0.06791628 0.06185242 0.00077898 0.13510019 0.07595803 0.11570554 -0.02690766 0.05222630
-0.01377139 -0.04879074 0.09905728 0.00627182 0.01244225 -0.05271716 -0.03180758 0.00129815 -0.02601409 0.04152372 -0.08793804 -0.04836258 0.00044597 0.02757624 0.05478131 0.02055328 -0.04804405 -0.07778567 0.06539512 -0.00234329 0.01032392 -0.13380822 -0.05806235 0.06869041 -0.05920002 -0.01967501 0.14891004 0.12691983 0.25641979 1.00000000 0.28040488 0.15859040 0.19396844 0.22003563 0.18723211 0.16401562 0.27666136 0.17000442 0.32633121 -0.08587736 0.00197441 -0.05240271 0.01894450 0.05085597 0.07077664 0.02895387 -0.00506335 0.01122568 -0.02193418 -0.07165538 0.05210091 -0.00519671 0.01851036 -0.01752604 -0.03219294 -0.00457246 -0.10948235 0.02477342 -0.02737732 -0.05948123 0.03163894 0.04826912 0.00050380 0.04108231 0.01781663 0.07376895 0.01568619 0.00234025 0.01976971 -0.02917895 -0.01059038 -0.06662671 0.02419889 0.04797022 0.09686931 0.00186016 -0.07751317 -0.06756217
-0.02231128 -0.00394095 -0.01982026 -0.11591785 0.00191338 0.02461953 -0.06052256 0.07885821 -0.04540138 -0.02621995 -0.09440551 -0.03222159 -0.08900677 0.20036116 0.17793732 -0.09198245 0.04568058 -0.06404507 0.09581901 0.02868509 0.08049035 0.05684984 0.03402965 0.08297142 0.02178371 0.05486366 0.18311582 0.10260868 0.00632606 0.28040488 1.00000000 0.07193781 0.18183827 0.14658900 0.16139929 0.06225311 0.17836775 0.15185176 0.15475087 -0.11065338 -0.04767471 -0.10841230 -0.06293996 -0.02462658 0.04257987 -0.00301775 -0.03707633 0.01311386 -0.00023741 -0.13496406 -0.07165843 0.03512158 0.06572138 0.02950484 -0.08403674 0.03346277 0.04812972 -0.02531283 0.04815848 0.03644609 0.10493776 -0.02588049 -0.01316446 0.01625101 0.05823680 0.03630341 0.01573284 0.06245902 -0.07957394 -0.09068533 -0.13018238 -0.15273109 -0.03728515 -0.08116422 -0.05216054 0.01567127 -0.04386671 -0.04326747
0.15379566 -0.11068571 0.06120868 0.05524529 0.08370216 0.01355449 0.05920390 -0.00352005 -0.04588320 0.12507821 0.14799617 0.07525070 0.07693023 0.02322873 0.13354836 0.02152301 0.02641807 0.06755273 -0.00055188 0.03893166 0.12087161 0.02309161 0.02992898 0.06924552 0.04483954 0.12590505 -0.08221551 0.23370496 -0.02234760 0.15859040 0.07193781 1.00000000 0.07224883 0.11371740 0.26105535 0.26074959 0.26982656 0.10540751 0.15658589 -0.04406406 0.05397316 0.04969854 -0.00789278 0.01955220 0.01189882 0.03936544 0.00594002 0.03499467 -0.05265213 -0.05045489 0.13478894 -0.03823903 -0.02474237 0.01855134 -0.02937561 -0.05561061 0.03287706 0.06728070 0.03777667 0.06661883 0.07199374 0.06049453 -0.01400683 -0.02651472 -0.02573335 0.00398811 -0.07067185 -0.10751825 -0.07179013 0.03696170 -0.12477884 -0.06292743 -0.09501530 -0.06957075 -0.01541276 -0.06792561 -0.03008920 -0.02008856
-0.12367037 0.00761019 -0.00673028 -0.07138989 -0.00705659 -0.14124072 0.00547633 -0.11228292 -0.09349046 -0.05467885 -0.05181832 -0.06510782 0.07263959 0.04481010 0.11418510 -0.07452807 0.05314537 -0.11740252 0.09461766 -0.05728930 0.06207181 -0.05083069 0.10591016 -0.00799971 0.10032160 0.10565665 0.25694942 -0.03282428 0.28389901 0.19396844 0.18183827 0.07224883 1.00000000 0.24225099 0.19820632 0.09466093 0.20362822 0.36918324 0.21516672 -0.06543478 0.04933151 -0.06766512 -0.10367241 -0.00648089 0.04809764 -0.06263319 0.03785287 -0.04018869 -0.00586089 -0.00746590 0.01339838 0.02062366 -0.02476827 0.07003221 0.03078191 0.01233623 -0.02743575 0.03797264 0.08000093 0.03147962 -0.00290433 0.04573700 0.01888676 0.00639370 -0.06113566 0.09871194 0.00154174 -0.03972311 -0.04024584 0.02495969 0.07878173 0.06157421 0.05843450 0.02129818 0.02566154 -0.04660186 0.03652087 0.06278026
-0.04478249 -0.05372488 0.03392583 -0.08259749 0.03842014 -0.06488901 0.15623629 0.10134322 0.11822800 0.09571308 -0.00710172 -0.00939263 -0.01310956 -0.03626644 -0.00702201 0.03694307 0.05960221 -0.00238252 -0.02056763 0.00619269 -0.05386157 0.14357760 0.02421993 -0.00124351 0.00627936 -0.06677599 0.15978037 0.13831637 0.37524709 0.22003563 0.14658900 0.11371740 0.24225099 1.00000000 0.21015587 -0.03223509 0.24720312 0.23661982 0.17187462 -0.06130355 0.04153887 -0.03048418 -0.01895581 0.00519833 0.06388045 0.02350776 0.01701222 0.03283636 0.00608334 -0.02743135 0.04396796 0.04248410 -0.04219737 0.00158553 0.06560562 0.01473035 0.01851111 0.05598155 0.04800678 -0.06581310 0.02157396 0.02327763 -0.04528227 -0.05061692 0.01519629 -0.02348345 0.04650509 -0.04885160 0.05479889 -0.00514776 0.05143724 0.00951658 0.02308150 0.03485911 0.02929821 0.08143031 -0.04190171 0.11514814
0.00570915 -0.07406734 -0.02877028 -0.03576735 -0.03490832 0.00506552 0.09096357 0.01523248 -0.03245215 -0.04731837 -0.00842241 -0.09592502 -0.03867832 0.05286091 0.11349198 0.08094704 -0.01440604 0.01407661 0.02142364 -0.08479106 -0.02218497 -0.00912249 -0.01577951 0.05633986 -0.00440655 -0.02439665 0.17125885 0.20014138 0.18870059 0.18723211 0.16139929 0.26105535 0.19820632 0.21015587 1.00000000 0.24446056 0.07715210 0.27915163 0.17910197 -0.03113238 -0.02125590 -0.02984607 -0.05676538 -0.04732121 0.05350276 0.10216066 -0.00587725 0.04933741 -0.03117844 -0.05095388 0.01475147 0.04219782 0.06187602 0.01582861 -0.01000067 0.05364640 -0.05938083 0.01852530 -0.02441691 -0.03209216 -0.01655100 0.00946406 -0.02934230 -0.11250383 -0.00927662 -0.00457430 -0.01946364 -0.03902941 0.00007849 -0.04526119 -0.04279100 -0.06377497 -0.03254335 -0.07447020 -0.04004397 0.01909731 -0.10100743 -0.05603487
0.08838621 -0.04636607 -0.00708327 0.04016359 -0.01481712 -0.00508442 0.02264748 0.05937251 -0.01819657 0.17719644 0.06795628 0.04216344 0.02143074 0.09980472 0.19905237 0.01468084 -0.01061256 0.00954094 0.04324421 -0.12035597 0.11223877 0.00329893 -0.09542119 0.05998575 0.00081781 0.00687277 0.16707265 0.14047715 0.13316124 0.16401562 0.06225311 0.26074959 0.09466093 -0.03223509 0.24446056 1.00000000 0.20831818 0.11319617 0.27668742 -0.05841075 -0.07201956 -0.00569110 0.01940705 -0.06327191 -0.04307929 0.04218062 -0.09573648 -0.01193187 -0.07883831 -0.12302399 -0.13377315 -0.03000264 0.01984833 0.02002464 -0.03621397 -0.04169830 -0.06283992 -0.00252775 -0.06454917 0.03956784 -0.05352253 -0.06145809 -0.02711857 -0.01210078 -0.04368787 0.01359803 0.02098874 -0.01579316 -0.08168342 -0.01745417 -0.10997778 -0.06768041 -0.04620877 -0.03685832 -0.15517412 -0.07092806 -0.15358146 -0.11565247
-0.02162806 0.00429192 0.06030951 -0.05101132 0.01368494 -0.07910103 0.05288904 -0.06338608 0.02025477 0.03259714 -0.11753727 -0.00500162 0.05165358 -0.00143230 0.16964913 0.09679180 0.09624653 0.14775878 0.15258693 0.02103837 0.13699586 0.07309807 -0.04125361 0.13195120 0.01683398 0.10295212 -0.01315819 0.16448556 0.25612596 0.27666136 0.17836775 0.26982656 0.20362822 0.24720312 0.07715210 0.20831818 1.00000000 0.16370796 0.28289694 -0.04162937 0.06647616 -0.07677746 0.04080280 -0.06001777 0.02897597 -0.02969512 0.03948751 0.07077963 -0.05107663 -0.06184568 0.04402384 0.00821204 0.02850637 0.07104399 0.03592821 0.00647631 0.02913822 0.13534142 0.05565804 0.04609084 0.12629370 0.05983033 0.09010002 0.00950779 0.02400390 -0.05658416 -0.10472581 0.00839043 0.00738206 -0.05181523 -0.08517840 -0.05821287 -0.08130086 -0.04405793 -0.03995040 -0.04591892 -0.10149477 -0.02963833
0.07519573 0.02420893 0.05031806 0.01036309 0.05083890 -0.04230954 0.13112744 0.04859946 0.15099332 -0.00538762 0.06478578 0.05164118 0.13103074 0.20032700 -0.00643922 0.00818856 0.19239852 -0.01170103 0.07667497 0.06789900 0.04027701 0.09197233 0.03547867 0.05730633 0.05049043 -0.02442956 0.12924090 0.24411268 0.17896856 0.17000442 0.15185176 0.10540751 0.36918324 0.23661982 0.27915163 0.11319617 0.16370796 1.00000000 0.09707521 0.04565670 0.03039135 -0.06976254 -0.11148214 0.01718152 -0.08881318 -0.04823831 0.03301700 -0.02477091 0.03906614 0.00544928 0.10473303 -0.04314383 0.09551669 0.06845739 -0.00170525 0.08792839 0.01067661 0.06940916 0.02352798 0.02919638 -0.02330139 -0.07375505 -0.07743331 -0.04251221 0.07578916 0.01534242 -0.08954883 -0.06247489 -0.02511712 -0.00784147 -0.03366848 0.06229998 0.15046861 -0.09147886 0.02908817 0.06576333 0.04114671 -0.00399875
-0.05024011 -0.09150611 0.03867628 0.08998154 0.00123640 0.02174983 0.03795036 -0.01139806 -0.02906596 0.06853937 -0.07828795 0.05966375 0.00791372 -0.03471324 0.10311627 -0.04474941 -0.06496301 -0.03097681 -0.03406804 0.01821126 0.08294668 -0.11694119 -0.07435954 -0.00415204 -0.06444127 0.03537884 0.21070965 0.16895194 0.30506288 0.32633121 0.15475087 0.15658589 0.21516672 0.17187462 0.17910197 0.27668742 0.28289694 0.09707521 1.00000000 -0.00408520 0.05012901 -0.07342438 0.07692843 0.02811394 0.06845914 0.07389757 0.12594287 0.02975677 -0.07866761 -0.10729802 0.06019177 -0.00176178 -0.02260522 0.09660955 0.04368219 0.05051435 -0.08151548 -0.01147693 0.01054257 0.01663968 0.05578317 0.08159027 -0.00621134 0.03677514 -0.01620791 0.04548053 -0.01330895 0.03933311 -0.09906127 0.00065389 -0.07188806 -0.02047615 -0.03748001 0.06089899 0.01498880 -0.02512847 -0.08411222 -0.03144443
0.06648277 0.17641633 0.04755310 0.02822996 0.05362985 0.16406943 0.01797005 0.09835738 0.05619848 0.07704086 0.15665492 0.13886052 0.02135205 -0.08225990 -0.08293792 -0.05925491 -0.04988347 -0.10385448 -0.04905316 -0.09740087 -0.03925315 -0.05008585 -0.11272691 -0.02282536 -0.02409756 -0.10743437 -0.06870882 0.02521595 -0.05718665 -0.08587736 -0.11065338 -0.04406406 -0.06543478 -0.06130355 -0.03113238 -0.05841075 -0.04162937 0.04565670 -0.00408520 1.00000000 0.04119452 0.20883409 0.29917238 0.22621764 0.07267278 0.26963404 0.18876618 0.18134489 0.20975923 0.11187661 0.17071857 0.13804580 -0.03248473 -0.03615759 0.12168776 0.05706797 0.06193756 0.05365845 -0.03345665 0.01113562 0.01017796 0.02564151 0.03174694 0.09886124 0.08155650 -0.07256136 -0.01312008 0.02026793 -0.04167096 -0.03579572 0.05754806 0.12764937 0.09922568 0.01536402 -0.05791403 -0.18490515 0.00239072 -0.05436800
-0.07248416 -0.05750969 -0.02959371 -0.05087745 -0.00056568 -0.05117910 0.01228274 -0.01984226 -0.00435388 0.05647469 0.01148400 0.03482090 0.10746832 -0.02208621 0.00744930 -0.00575440 -0.04910444 0.08496868 -0.01651585 0.12232850 0.15257996 -0.01716188 0.02895984 0.04128947 -0.07704481 0.07314928 0.01090559 0.10198092 0.07457272 0.00197441 -0.04767471 0.05397316 0.04933151 0.04153887 -0.02125590 -0.07201956 0.06647616 0.03039135 0.05012901 0.04119452 1.00000000 0.26492520 0.35990646 0.01684135 0.17063748 0.10438143 0.29412594 0.16458956 0.07915619 0.19443350 0.29414074 0.06874393 0.03338428 0.06696013 0.14223691 -0.02117903 0.06627400 0.09661625 -0.00014994 0.05836751 0.11593684 0.05649350 0.04363166 0.12968993 0.03355178 0.10208763 -0.00631030 -0.00681664 0.02131557 0.04509532 0.02142312 0.11478823 0.09078408 0.07924458 0.05143944 -0.00099707 -0.01260862 0.01486883
-0.07532840 0.10096566 0.09661182 0.05310167 0.00156665 0.05017196 -0.04687380 0.01431016 -0.02169742 0.06520919 0.07111361 0.03348238 -0.00792435 -0.03402915 -0.01709228 -0.10702279 -0.06756808 -0.03669458 -0.14502432 -0.03351207 -0.06397858 -0.10663643 -0.13257360 -0.08104373 -0.08981527 0.00176870 -0.05075264 -0.03311141 -0.03879500 -0.05240271 -0.10841230 0.04969854 -0.06766512 -0.03048418 -0.02984607 -0.00569110 -0.07677746 -0.06976254 -0.07342438 0.20883409 0.26492520 1.00000000 0.27389616 0.14904588 0.08277234 0.30573611 0.15093127 0.21147290 0.27297643 0.13850055 0.21553744 0.17447419 -0.05862693 -0.12557619 0.09061352 -0.11749275 -0.02553062 -0.02859618 -0.06985382 -0.03647006 -0.09244483 -0.02350335 0.00052571 -0.05444187 -0.01613770 -0.00967770 0.00381159 0.01517201 -0.00862649 0.01509621 0.09243589 0.01410292 -0.07410897 0.03805211 -0.02880885 -0.02017221 -0.01863200 0.03200230
0.03340984 0.03360074 0.07358785 -0.01158720 0.12838076 0.09455364 0.06796277 0.17729235 0.02623890 0.16112379 0.07962773 0.13437569 0.04622677 -0.09865469 -0.00159534 -0.08158376 -0.11338581 0.02498735 -0.07435790 0.02496332 0.04102468 -0.05115938 -0.04420862 0.03153234 -0.12737395 0.04670725 -0.04117280 -0.00125221 0.01853022 0.01894450 -0.06293996 -0.00789278 -0.10367241 -0.01895581 -0.05676538 0.01940705 0.04080280 -0.11148214 0.07692843 0.29917238 0.35990646 0.27389616 1.00000000 0.06383775 0.20295793 0.14783947 0.24739038 0.13124511 0.09130219 0.12227685 0.24671809 0.19554668 -0.03242391 0.06252003 0.17653365 -0.02192237 -0.04756448 0.08679900 -0.01581016 0.04840465 0.00611983 0.11399567 0.02964269 0.12361261 -0.07851283 0.09622855 0.13447808 0.09096781 0.02001870 0.03303476 0.06175245 0.17448078 0.11044161 0.15437572 -0.02524468 -0.10691301 0.00504136 0.00927303
-0.10135360 0.01834669 -0.00033256 -0.02437912 0.00821516 0.03125453 -0.19052483 -0.03976763 -0.04384467 -0.06657863 0.01416597 0.04054845 -0.03413778 -0.07107935 -0.17283218 -0.05476490 -0.02893289 -0.19939289 -0.04266962 -0.00245895 -0.05736212 -0.07248410 -0.03667682 -0.07475730 -0.08415267 -0.08434518 -0.00914747 -0.01993465 0.00652206 0.05085597 -0.02462658 0.01955220 -0.00648089 0.00519833 -0.04732121 -0.06327191 -0.06001777 0.01718152 0.02811394 0.22621764 0.01684135 0.14904588 0.06383775 1.00000000 0.13152846 0.15119399 0.23236061 -0.11247196 0.03577577 0.08921570 0.13557655 0.17576481 -0.00708676 -0.02133900 -0.06672578 0.01729070 0.01715125 -0.12217308 -0.07851341 0.04897460 -0.03651401 -0.01979265 -0.10359355 0.03973074 -0.03017752 0.02156789 -0.00245984 0.06332199 0.02453218 -0.00708798 -0.03307530 0.02437618 0.02327424 -0.00652950 0.06951742 -0.00338131 -0.00518185 -0.00693366
-0.01922503 0.03280033 -0.05870442 -0.00668750 -0.05282226 0.00690788 -0.00538444 0.02520427 -0.05654690 0.01719724 -0.01991622 0.02421074 -0.00691707 0.00926659 0.06025011 -0.02311854 -0.14526157 -0.05948050 -0.05054122 0.07926113 -0.04403133 0.02271115 0.03843642 -0.01021887 -0.04027493 -0.08674121 0.01531514 -0.01744618 0.01467933 0.07077664 0.04257987 0.01189882 0.04809764 0.06388045 0.05350276 -0.04307929 0.02897597 -0.08881318 0.06845914 0.07267278 0.17063748 0.08277234 0.20295793 0.13152846 1.00000000 0.25527137 0.25338161 0.21030560 -0.08557761 0.00879182 0.12636200 0.27941963 0.07596638 -0.06313555 0.06813035 -0.00470846 -0.02353305 0.01568056 0.10200908 -0.02909179 0.05686693 -0.00590128 0.04971956 0.06495443 -0.06622442 0.06634968 0.09805546 0.00114813 0.10432016 0.03647460 0.11856223 0.01711643 0.02684488 0.07370566 0.05722743 0.02682905 0.06968710 0.00137153
-0.02006862 -0.00610845 0.00137114 0.13549612 -0.06871089 0.03597380 0.06413197 0.00198456 -0.12318817 -0.01533394 -0.03618827 0.09137510 -0.04823633 -0.00990945 -0.02200539 -0.04824865 -0.10949379 -0.07466887 -0.06646730 -0.05129757 -0.12304299 -0.01383930 -0.04074776 0.02074701 -0.03318982 -0.12334668 0.02605207 -0.03348531 0.03880102 0.02895387 -0.00301775 0.03936544 -0.06263319 0.02350776 0.10216066 0.04218062 -0.02969512 -0.04823831 0.07389757 0.26963404 0.10438143 0.30573611 0.14783947 0.15119399 0.25527137 1.00000000 0.21203325 0.17328322 0.00325538 0.07011222 0.29050410 0.23865257 0.04124021 -0.09317926 0.09403871 0.07840759 -0.07360276 -0.04826268 -0.06796928 -0.06833485 0.07238031 0.04324880 -0.00548297 -0.04926688 -0.04689137 -0.02768557 0.11336401 0.04131193 -0.00391566 0.04691307 0.01202897 -0.00473434 0.00185945 0.03676794 -0.07809140 -0.06892526 -0.07611910 -0.04924774
-0.04876142 -0.02891729 0.04561355 0.01843391 0.10255936 0.00877026 -0.04335543 -0.04556466 -0.07879612 0.01332009 -0.02575694 -0.00384756 -0.01697198 0.07264994 0.09448726 0.06461492 -0.05692217 0.11113151 -0.01082874 0.05419045 0.03714989 -0.05271508 -0.00611737 0.03112529 -0.05617926 0.02067486 -0.02380491 -0.01698240 0.07427801 -0.00506335 -0.03707633 0.00594002 0.03785287 0.01701222 -0.00587725 -0.09573648 0.03948751 0.03301700 0.12594287 0.18876618 0.29412594 0.15093127 0.24739038 0.23236061 0.25338161 0.21203325 1.00000000 0.18439557 0.05201955 0.08165878 0.27616363 0.17040444 0.02270452 0.02160174 0.04972150 0.06725549 0.01394083 0.00425393 0.01605411 0.02167448 -0.00593169 0.03368213 0.00773290 0.12643942 0.05895615 0.05410567 0.07890211 0.03989417 0.00817440 0.06912178 -0.00530856 0.01304459 0.05884459 0.07529886 -0.01730929 0.01438418 0.08262208 -0.06128117
0.03123324 0.11016631 0.05664698 0.02232316 0.04487257 0.04618936 0.00949385 0.06199902 0.09222567 0.05759887 0.05418121 0.01124811 -0.04866643 0.08100829 0.01537446 0.01206648 0.00953601 -0.00993225 0.00501213 0.01203669 -0.04126448 -0.01663958 0.02456975 0.01307977 0.02508140 -0.02503329 -0.07571078 -0.06911765 0.01597399 0.01122568 0.01311386 0.03499467 -0.04018869 0.03283636 0.04933741 -0.01193187 0.07077963 -0.02477091 0.02975677 0.18134489 0.16458956 0.21147290 0.13124511 -0.11247196 0.21030560 0.17328322 0.18439557 1.00000000 0.19985696 0.11019977 0.16758436 0.05390075 0.00208412 -0.05267713 0.02152556 0.04966303 -0.03614823 0.01256429 0.00892458 -0.00047900 -0.01749467 0.06109612 0.08129890 0.03138742 0.08668092 -0.10720469 0.04445057 -0.00995793 0.04491303 -0.06562723 0.09884941 -0.09392053 0.04074228 -0.01194922 -0.06608337 0.00313502 -0.05556459 -0.10985240
-0.07742128 0.05019031 0.02735331 -0.02388512 0.01889596 0.06387580 -0.03575186 -0.01985117 -0.02826304 0.02043227 0.00216975 0.01543199 -0.04025711 -0.06145932 -0.04879826 -0.11751486 0.03163979 0.01061343 -0.14237842 -0.08979873 -0.06498917 -0.10431714 -0.06847031 -0.15723998 0.01040985 0.01980780 0.01203545 -0.06626792 0.05049726 -0.02193418 -0.00023741 -0.05265213 -0.00586089 0.00608334 -0.03117844 -0.07883831 -0.05107663 0.03906614 -0.07866761 0.20975923 0.07915619 0.27297643 0.09130219 0.03577577 -0.08557761 0.00325538 0.05201955 0.19985696 1.00000000 0.15328425 0.22282663 0.21129729 -0.13646966 -0.12612266 -0.03227666 -0.09450917 -0.03985858 0.00369702 0.03011818 -0.01454683 -0.19135187 -0.02777569 0.05801011 -0.02952540 0.06522247 -0.02422717 0.01264323 -0.01254362 -0.07825764 -0.01072112 0.13921158 0.02366459 -0.04172528 0.08869939 0.08391870 0.07860423 0.01590379 0.06977567
-0.00451149 0.09424972 0.00309593 0.03858123 -0.09306831 -0.03286120 0.02310225 -0.00663437 0.01851380 -0.02701985 -0.02116278 0.11237440 -0.03799035 -0.08433846 -0.12441151 -0.04501195 -0.09547438 0.00282388 -0.06899916 -0.03668061 -0.08638066 0.02009105 -0.02632357 -0.12041425 -0.07270828 -0.08429078 -0.08110173 -0.10362496 -0.04085239 -0.07165538 -0.13496406 -0.05045489 -0.00746590 -0.02743135 -0.05095388 -0.12302399 -0.06184568 0.00544928 -0.10729802 0.11187661 0.19443350 0.13850055 0.12227685 0.08921570 0.00879182 0.07011222 0.08165878 0.11019977 0.15328425 1.00000000 0.15241819 0.10817626 -0.08034502 -0.08667874 0.14149301 -0.00047024 0.03144254 -0.04341281 -0.04012905 0.00501341 -0.04900762 0.04235582 -0.03342604 -0.06102492 0.11005945 -0.07051511 -0.00079281 0.02985045 0.07256509 -0.05263977 0.06700157 0.05926513 0.06604304 -0.05103369 -0.01250873 -0.00429699 0.01870138 0.10123694
0.02763669 -0.00828259 0.04575874 0.11572007 -0.00425276 -0.00906305 0.06406268 0.01586463 -0.07142344 -0.05773057 -0.04332702 0.18968637 0.02306652 -0.06488465 -0.06724933 0.01442448 -0.03570917 -0.06267805 -0.09574377 0.03812671 -0.04011907 -0.08301864 -0.02267310 -0.00593930 -0.11348306 -0.02063108 -0.06308351 0.04946562 0.13236332 0.05210091 -0.07165843 0.13478894 0.01339838 0.04396796 0.01475147 -0.13377315 0.04402384 0.10473303 0.06019177 0.17071857 0.29414074 0.21553744 0.24671809 0.13557655 0.12636200 0.29050410 0.27616363 0.16758436 0.22282663 0.15241819 1.00000000 0.07557755 0.10795968 0.05889668 0.13606075 0.08988455 0.11991349 0.09877924 0.05287276 0.05908668 0.07046162 0.22384935 0.09253426 0.08790368 0.08610004 -0.02096205 0.09053933 0.02428973 0.05625779 0.08640512 0.02513372 -0.01138420 -0.02356135 -0.04116469 0.02637507 0.03385116 -0.06701443 -0.03947016
-0.14161210 0.03503363 0.08190144 -0.06735763 -0.01516556 0.02537763 -0.05536049 -0.10632336 -0.09914067 -0.02543030 -0.06791845 -0.02063076 -0.08447509 -0.07329012 0.02759111 -0.02942925 -0.12743471 0.04530220 -0.14942552 0.02069801 -0.06405184 0.02801501 -0.03345397 -0.06404376 -0.01774683 -0.03954505 0.02561407 0.02007973 0.05079498 -0.00519671 0.03512158 -0.03823903 0.02062366 0.04248410 0.04219782 -0.03000264 0.00821204 -0.04314383 -0.00176178 0.13804580 0.06874393 0.17447419 0.19554668 0.17576481 0.27941963 0.23865257 0.17040444 0.05390075 0.21129729 0.10817626 0.07557755 1.00000000 -0.06763528 -0.08691618 -0.04587096 0.01889168 -0.04422436 0.07315574 0.01666822 0.00161284 -0.02588092 -0.04911794 -0.03375751 0.03273160 0.07220932 0.09489650 0.09750578 0.11689112 0.09907045 -0.01891527 0.04803186 -0.04450712 -0.02963076 0.14601530 0.06540559 0.00211709 -0.02446342 0.03404704
0.09840793 0.04870293 -0.09346102 0.07194988 0.04193615 -0.04474594 0.08746291 0.12836713 0.12567613 -0.00232445 0.02868458 0.03901317 0.09549510 0.11861832 0.10142837 0.12411208 0.04249534 0.13281613 0.03781596 0.10958529 0.06299473 0.03624318 -0.00730712 0.11723810 -0.12599686 -0.01233839 -0.04301892 0.06521873 0.00152126 0.01851036 0.06572138 -0.02474237 -0.02476827 -0.04219737 0.06187602 0.01984833 0.02850637 0.09551669 -0.02260522 -0.03248473 0.03338428 -0.05862693 -0.03242391 -0.00708676 0.07596638 0.04124021 0.02270452 0.00208412 -0.13646966 -0.08034502 0.10795968 -0.06763528 1.00000000 0.19130302 0.12490339 0.20566380 0.12345339 0.17456563 0.27059469 0.13447485 0.17452342 0.09715884 0.18751000 0.16875457 0.01750200 -0.00788707 0.03621344 -0.01586255 -0.01070263 0.08945608 -0.09234958 -0.01083371 0.01794513 -0.07857804 0.01863493 0.06685889 -0.07868268 -0.12803649
0.05915661 0.01552203 -0.05864213 0.03191651 -0.01721357 -0.01924110 -0.01340486 0.02844750 0.02296027 -0.06843209 -0.00475746 -0.02044255 0.09964364 0.07174526 0.19997643 0.02474496 0.06497286 0.12241624 0.11247945 0.08446322 0.21276810 0.05135385 -0.00383892 0.12748452 0.02552153 0.00830648 -0.16646560 -0.02015781 0.04004697 -0.01752604 0.02950484 0.01855134 0.07003221 0.00158553 0.01582861 0.02002464 0.07104399 0.06845739 0.09660955 -0.03615759 0.06696013 -0.12557619 0.06252003 -0.02133900 -0.06313555 -0.09317926 0.02160174 -0.05267713 -0.12612266 -0.08667874 0.05889668 -0.08691618 0.19130302 1.00000000 0.12390408 0.22187477 0.25077324 0.28267627 0.17851268 0.19150010 0.09592253 0.16772950 0.20261045 0.18584502 0.10474018 -0.08517791 -0.09794586 0.02525805 -0.03297222 -0.07073920 -0.10103316 -0.07008835 0.02076930 -0.12618248 -0.06764993 -0.00927889 -0.08657562 -0.10751300
0.01919357 0.12910100 0.06568245 0.03765576 -0.10731859 -0.05401549 0.02747667 0.03134576 0.05801268 -0.04170284 -0.00749447 0.00538508 0.09928876 -0.07856278 -0.01626510 -0.08331577 -0.07229955 -0.02371722 0.01109552 -0.12350791 0.02487023 -0.03568644 -0.08085469 -0.03515951 -0.07544653 -0.10270759 -0.01327709 0.02410661 -0.01577929 -0.03219294 -0.08403674 -0.02937561 0.03078191 0.06560562 -0.01000067 -0.03621397 0.03592821 -0.00170525 0.04368219 0.12168776 0.14223691 0.09061352 0.17653365 -0.06672578 0.06813035 0.09403871 0.04972150 0.02152556 -0.03227666 0.14149301 0.13606075 -0.04587096 0.12490339 0.12390408 1.00000000 0.26178042 0.10404744 0.11123485 0.09774278 0.04400063 0.11979548 0.18498157 0.15700357 0.16543927 -0.00202196 -0.02206477 -0.00305138 -0.04825442 0.01423610 0.06077745 0.05876968 0.11080302 -0.01978000 0.03006449 0.03011121 -0.03129534 0.01687455 0.07933855
0.09403385 0.12568455 -0.00104994 0.14689008 -0.09013026 0.02716021 0.13171726 0.05695591 0.10892035 -0.02053502 0.04698446 0.11451570 0.02229558 0.06664402 0.00016342 -0.03661563 -0.00432043 -0.06226137 0.05266336 -0.01227080 -0.00119945 -0.01712673 -0.06908331 0.04980386 -0.06920309 -0.12383162 0.00559312 0.04601116 0.02240242 -0.00457246 0.03346277 -0.05561061 0.01233623 0.01473035 0.05364640 -0.04169830 0.00647631 0.08792839 0.05051435 0.05706797 -0.02117903 -0.11749275 -0.02192237 0.01729070 -0.00470846 0.07840759 0.06725549 0.04966303 -0.09450917 -0.00047024 0.08988455 0.01889168 0.20566380 0.22187477 0.26178042 1.00000000 0.07615981 0.13544280 0.02168436 0.29356799 0.13079470 0.19534295 0.13198344 0.11466713 0.26844195 -0.08138587 0.00054629 0.02285997 0.02177800 -0.04639284 -0.03521382 0.01492681 0.04228618 0.03250134 -0.02159872 -0.04008865 -0.03460969 0.02246449
0.04594676 0.10409269 0.02319650 -0.00676372 -0.00344959 0.11159856 0.05855842 0.06233686 0.09385150 0.04854527 0.09350870 0.12020069 0.10325594 -0.00618561 0.05632460 -0.02373354 0.04706678 0.04143985 0.05560997 0.08728571 0.07617411 0.01915511 -0.01249089 -0.03266283 -0.00777061 -0.04705156 -0.06137712 0.03030329 -0.04492138 -0.10948235 0.04812972 0.03287706 -0.02743575 0.01851111 -0.05938083 -0.06283992 0.02913822 0.01067661 -0.08151548 0.06193756 0.06627400 -0.02553062 -0.04756448 0.01715125 -0.02353305 -0.07360276 0.01394083 -0.03614823 -0.03985858 0.03144254 0.11991349 -0.04422436 0.12345339 0.25077324 0.10404744 0.07615981 1.00000000 0.08709450 0.12926072 0.12881761 0.13452623 0.09002474 0.14520756 0.20599877 0.28636952 -0.05912090 -0.06771375 -0.01406255 0.02787989 0.05243157 -0.07494240 -0.03346542 -0.06136569 -0.15653235 -0.05185766 -0.00028827 -0.01352398 0.01287594
0.03891635 -0.00764546 -0.03523404 -0.00624470 0.00632625 0.00439534 0.12351298 0.09421496 -0.04891481 0.04958783 0.04411211 0.09887669 0.02697202 -0.02565189 0.12210566 0.05439704 0.02748050 0.13288293 0.06143995 0.02251078 0.18068230 0.05671009 0.01877107 0.13756881 0.00223041 0.03235414 -0.03365635 0.08821633 0.04426103 0.02477342 -0.02531283 0.06728070 0.03797264 0.05598155 0.01852530 -0.00252775 0.13534142 0.06940916 -0.01147693 0.05365845 0.09661625 -0.02859618 0.08679900 -0.12217308 0.01568056 -0.04826268 0.00425393 0.01256429 0.00369702 -0.04341281 0.09877924 0.07315574 0.17456563 0.28267627 0.11123485 0.13544280 0.08709450 1.00000000 0.19580335 0.29974837 0.17853603 0.10357678 0.22142006 0.25613658 0.16104108 -0.08979389 -0.01788253 -0.11279484 -0.02216547 -0.03882986 -0.03947930 0.00736180 0.03165531 -0.02566318 -0.00844829 -0.01662055 -0.09497950 -0.11518746
-0.04994306 -0.02616316 -0.07747451 -0.05199640 -0.02119843 -0.09422796 -0.00339632 -0.03298642 0.02415255 -0.00186858 -0.01399707 0.00884541 0.08770787 0.09198127 0.10228072 -0.01281043 0.03397060 0.11021128 -0.06762059 0.02696028 0.01287858 0.07911294 -0.06852676 0.05227337 0.02846526 0.01483764 -0.08359116 -0.00061077 0.09865951 -0.02737732 0.04815848 0.03777667 0.08000093 0.04800678 -0.02441691 -0.06454917 0.05565804 0.02352798 0.01054257 -0.03345665 -0.00014994 -0.06985382 -0.01581016 -0.07851341 0.10200908 -0.06796928 0.01605411 0.00892458 0.03011818 -0.04012905 0.05287276 0.01666822 0.27059469 0.17851268 0.09774278 0.02168436 0.12926072 0.19580335 1.00000000 0.01670647 0.13104900 0.15921863 0.15302280 0.08366672 0.17569252 0.03625707 0.01819353 -0.12193560 -0.11262208 0.02923687 0.00115411 -0.06219534 -0.04914693 0.00429676 0.10542970 0.08441340 0.03508677 -0.07042266
0.11807750 -0.00609755 0.02171794 0.05618934 0.07203941 0.07221752 0.08565736 0.00335818 -0.01095991 -0.06905725 0.09859395 0.07117519 -0.06011930 0.04299805 0.00856229 -0.07125548 0.07463529 -0.03683734 -0.01689429 0.06009131 -0.00757908 -0.00040770 0.05026629 0.05016659 0.07721850 0.08257656 -0.02661265 0.09249948 -0.00273688 -0.05948123 0.03644609 0.06661883 0.03147962 -0.06581310 -0.03209216 0.03956784 0.04609084 0.02919638 0.01663968 0.01113562 0.05836751 -0.03647006 0.04840465 0.04897460 -0.02909179 -0.06833485 0.02167448 -0.00047900 -0.01454683 0.00501341 0.05908668 0.00161284 0.13447485 0.19150010 0.04400063 0.29356799 0.12881761 0.29974837 0.01670647 1.00000000 0.16019535 0.12110726 0.07189890 0.18214850 0.09708814 -0.05076449 0.00640732 -0.00352549 0.03129492 -0.01103684 -0.04679399 -0.03763397 -0.00681319 0.00293194 -0.03352117 -0.04788236 -0.06603088 0.06851681
0.02900408 -0.08690765 -0.07948031 0.01191531 0.01202991 -0.02235900 0.11112308 -0.02670142 -0.00969069 0.04257850 -0.07328568 0.06487658 0.05250617 0.01221566 0.03766149 -0.05536193 -0.02173606 0.03017813 0.00320538 0.11033877 0.07226832 -0.00621581 -0.00973982 0.07747024 -0.03114184 0.03528593 -0.04841004 0.03482098 -0.04874041 0.03163894 0.10493776 0.07199374 -0.00290433 0.02157396 -0.01655100 -0.05352253 0.12629370 -0.02330139 0.05578317 0.01017796 0.11593684 -0.09244483 0.00611983 -0.03651401 0.05686693 0.07238031 -0.00593169 -0.01749467 -0.19135187 -0.04900762 0.07046162 -0.02588092 0.17452342 0.09592253 0.11979548 0.13079470 0.13452623 0.17853603 0.13104900 0.16019535 1.00000000 0.13416980 0.13985608 0.18316042 0.07071959 0.00683737 -0.05397287 0.03724718 -0.00113914 0.03637234 -0.15082131 -0.09747699 0.03295329 0.00955325 -0.05895279 -0.06011702 -0.08152805 -0.15483673
0.05432392 0.05265905 0.02983725 0.12937245 0.01480498 0.02054104 0.09496612 0.02651844 0.00871424 0.01430805 -0.00681300 0.06048828 0.13760878 -0.00459718 0.03151114 0.02537143 0.01613299 -0.01849658 -0.02389547 0.01360607 0.01123128 -0.07164737 -0.06600147 0.02309296 -0.02525350 -0.01978027 -0.04452659 0.04404711 0.13759098 0.04826912 -0.02588049 0.06049453 0.04573700 0.02327763 0.00946406 -0.06145809 0.05983033 -0.07375505 0.08159027 0.02564151 0.05649350 -0.02350335 0.11399567 -0.01979265 -0.00590128 0.04324880 0.03368213 0.06109612 -0.02777569 0.04235582 0.22384935 -0.04911794 0.09715884 0.16772950 0.18498157 0.19534295 0.09002474 0.10357678 0.15921863 0.12110726 0.13416980 1.00000000 0.09458182 0.15292019 0.11182166 0.01741462 0.06002285 0.07107617 -0.05257386 0.03066754 -0.02448553 0.04346385 -0.03073832 0.00945618 0.03025379 -0.03920081 0.09653177 0.01756554
0.03191484 0.08372024 -0.03687543 0.09241336 -0.01485680 -0.06071607 0.05716292 0.11537242 -0.02018825 0.04739532 -0.02036944 -0.02181809 0.08025632 0.00875461 0.16878078 0.01293841 -0.02074986 0.01755570 0.16824902 -0.03876375 0.13529700 0.00947988 0.03929698 0.04603891 -0.01180814 0.04007126 -0.12765212 -0.08449088 0.06999990 0.00050380 -0.01316446 -0.01400683 0.01888676 -0.04528227 -0.02934230 -0.02711857 0.09010002 -0.07743331 -0.00621134 0.03174694 0.04363166 0.00052571 0.02964269 -0.10359355 0.04971956 -0.00548297 0.00773290 0.08129890 0.05801011 -0.03342604 0.09253426 -0.03375751 0.18751000 0.20261045 0.15700357 0.13198344 0.14520756 0.22142006 0.15302280 0.07189890 0.13985608 0.09458182 1.00000000 0.19422943 0.16369541 -0.04283088 -0.02392111 -0.01252789 -0.00908599 0.00672088 0.02219160 -0.04241217 0.02524289 -0.09591894 -0.00311054 0.04183332 0.03177124 -0.08038756
0.04913067 -0.03008300 -0.02947347 0.02871933 0.01387058 -0.09440465 0.00521738 0.03794175 -0.00546995 0.04589378 0.13344886 0.08824947 0.11240817 -0.01591521 0.06434147 0.05654437 0.03690249 0.03266989 0.00656893 0.11188955 0.11561497 -0.05132600 -0.09667579 0.06835862 -0.07744934 0.10010344 -0.07450957 0.00623578 -0.02795265 0.04108231 0.01625101 -0.02651472 0.00639370 -0.05061692 -0.11250383 -0.01210078 0.00950779 -0.04251221 0.03677514 0.09886124 0.12968993 -0.05444187 0.12361261 0.03973074 0.06495443 -0.04926688 0.12643942 0.03138742 -0.02952540 -0.06102492 0.08790368 0.03273160 0.16875457 0.18584502 0.16543927 0.11466713 0.20599877 0.25613658 0.08366672 0.18214850 0.18316042 0.15292019 0.19422943 1.00000000 0.16419446 0.01472635 0.02400041 0.03528676 -0.00178863 0.10328092 -0.15189708 -0.00326249 0.05646258 -0.04601319 -0.00036018 -0.04772089 0.03324916 -0.04312104
-0.00384082 0.04805180 -0.01733508 -0.02443637 -0.12964430 0.05645440 0.02660469 -0.02749072 0.06459647 -0.03143542 0.02677172 0.04711385 0.03026127 0.04353774 -0.01642309 -0.03362306 0.04166833 -0.02271324 0.05729704 0.08674373 0.09266990 -0.01707037 -0.04700338 0.07557267 -0.08053779 -0.10142565 -0.10457355 0.01593976 -0.03667234 0.01781663 0.05823680 -0.02573335 -0.06113566 0.01519629 -0.00927662 -0.04368787 0.02400390 0.07578916 -0.01620791 0.08155650 0.03355178 -0.01613770 -0.07851283 -0.03017752 -0.06622442 -0.04689137 0.05895615 0.08668092 0.06522247 0.11005945 0.08610004 0.07220932 0.01750200 0.10474018 -0.00202196 0.26844195 0.28636952 0.16104108 0.17569252 0.09708814 0.07071959 0.11182166 0.16369541 0.16419446 1.00000000 -0.06884869 -0.05628107 0.03301256 -0.03955717 -0.05960355 -0.04837321 -0.07905574 0.02062952 -0.09175834 0.02366844 0.03069170 -0.00673829 0.00993409
-0.01990877 0.06600686 0.01907791 0.06972777 -0.08883629 -0.00709819 -0.01263891 0.00091656 0.02325141 0.01105102 0.02550517 0.04042950 0.07070015 0.04267575 0.05863186 -0.00925683 0.03352280 -0.01854486 -0.04538655 0.00126985 0.01106559 0.02688946 -0.00237121 -0.06895204 -0.06141374 0.01304751 0.02426423 0.06221704 0.11152289 0.07376895 0.03630341 0.00398811 0.09871194 -0.02348345 -0.00457430 0.01359803 -0.05658416 0.01534242 0.04548053 -0.07256136 0.10208763 -0.00967770 0.09622855 0.02156789 0.06634968 -0.02768557 0.05410567 -0.10720469 -0.02422717 -0.07051511 -0.02096205 0.09489650 -0.00788707 -0.08517791 -0.02206477 -0.08138587 -0.05912090 -0.08979389 0.03625707 -0.05076449 0.00683737 0.01741462 -0.04283088 0.01472635 -0.06884869 1.00000000 0.24595522 0.23453240 0.18447493 0.21944980 0.17349448 0.30109911 0.17753633 0.28350398 0.18471895 0.06829752 0.12895739 0.17004779
0.03607463 0.08362275 -0.01990943 -0.02480735 -0.00205875 0.00019280 -0.00406499 0.12473885 0.01919777 -0.01477626 -0.03528640 -0.00862920 -0.01633865 -0.00432923 -0.07089071 -0.06547767 -0.09732315 -0.11927250 -0.05379750 -0.02468064 -0.10628445 0.01103236 0.02322703 -0.10754883 0.02002637 -0.04290940 0.06760335 -0.03418102 0.05469001 0.01568619 0.01573284 -0.07067185 0.00154174 0.04650509 -0.01946364 0.02098874 -0.10472581 -0.08954883 -0.01330895 -0.01312008 -0.00631030 0.00381159 0.13447808 -0.00245984 0.09805546 0.11336401 0.07890211 0.04445057 0.01264323 -0.00079281 0.09053933 0.09750578 0.03621344 -0.09794586 -0.00305138 0.00054629 -0.06771375 -0.01788253 0.01819353 0.00640732 -0.05397287 0.06002285 -0.02392111 0.02400041 -0.05628107 0.24595522 1.00000000 0.16158021 0.21995097 0.24910377 0.28029467 0.07986455 0.26549882 0.26070036 0.19931143 0.21786289 0.28808972 0.24960013
-0.05704711 0.09839909 0.07335112 0.03480759 -0.06350405 0.06546782 0.07692329 -0.05240460 0.04012976 -0.04904217 -0.10539779 -0.02672945 0.05861671 0.00129798 -0.07936753 -0.04350960 -0.09269443 -0.12599826 0.00755675 -0.09318072 -0.02102994 -0.00532030 -0.04753121 -0.08654440 -0.06780117 -0.00623852 0.05985715 0.07219665 0.05830695 0.00234025 0.06245902 -0.10751825 -0.03972311 -0.04885160 -0.03902941 -0.01579316 0.00839043 -0.06247489 0.03933311 0.02026793 -0.00681664 0.01517201 0.09096781 0.06332199 0.00114813 0.04131193 0.03989417 -0.00995793 -0.01254362 0.02985045 0.02428973 0.11689112 -0.01586255 0.02525805 -0.04825442 0.02285997 -0.01406255 -0.11279484 -0.12193560 -0.00352549 0.03724718 0.07107617 -0.01252789 0.03528676 0.03301256 0.23453240 0.16158021 1.00000000 0.23774333 0.15823049 -0.04396374 0.25453389 0.30070687 0.20729706 0.26756204 0.22148808 0.20265690 0.13968022
0.04359367 0.10596205 0.07219570 -0.07772803 -0.06411774 -0.11773967 0.06957604 -0.04616007 0.08711926 -0.08568451 -0.08842463 -0.03034277 -0.03174319 -0.07259039 -0.08249616 -0.03625297 -0.00208073 -0.03742397 -0.03536920 0.03410769 -0.11779270 0.04911136 0.12135033 -0.03147361 -0.06064396 -0.03647086 -0.03370839 -0.04523277 0.07921389 0.01976971 -0.07957394 -0.07179013 -0.04024584 0.05479889 0.00007849 -0.08168342 0.00738206 -0.02511712 -0.09906127 -0.04167096 0.02131557 -0.00862649 0.02001870 0.02453218 0.10432016 -0.00391566 0.00817440 0.04491303 -0.07825764 0.07256509 0.05625779 0.09907045 -0.01070263 -0.03297222 0.01423610 0.02177800 0.02787989 -0.02216547 -0.11262208 0.03129492 -0.00113914 -0.05257386 -0.00908599 -0.00178863 -0.03955717 0.18447493 0.21995097 0.23774333 1.00000000 0.22593181 0.22024478 0.16508291 0.21222042 0.14008423 0.12784661 0.22963945 0.06682253 0.25750444
0.01291246 -0.00073208 -0.02611670 0.06131291 0.06179992 -0.07584900 0.00162123 0.07431997 0.10701245 -0.00725644 0.03263893 0.04100225 0.09689658 0.01295382 0.01916282 0.05242286 -0.01701424 0.03934018 0.02193197 0.01911456 -0.05136593 -0.07581609 0.05138273 0.00078679 0.02820225 0.04186993 0.08134970 0.04072177 0.11526857 -0.02917895 -0.09068533 0.03696170 0.02495969 -0.00514776 -0.04526119 -0.01745417 -0.05181523 -0.00784147 0.00065389 -0.03579572 0.04509532 0.01509621 0.03303476 -0.00708798 0.03647460 0.04691307 0.06912178 -0.06562723 -0.01072112 -0.05263977 0.08640512 -0.01891527 0.08945608 -0.07073920 0.06077745 -0.04639284 0.05243157 -0.03882986 0.02923687 -0.01103684 0.03637234 0.03066754 0.00672088 0.10328092 -0.05960355 0.21944980 0.24910377 0.15823049 0.22593181 1.00000000 0.19563609 0.26616628 0.26647820 0.17834357 0.11501165 0.27608496 0.14575430 0.17041036
-0.02977232 0.09065863 -0.00910132 -0.02390636 -0.02271372 -0.04548283 -0.06389774 -0.05344374 0.05311605 -0.04078712 0.01447412 -0.05705897 -0.04837457 -0.02811254 -0.14730877 -0.09024605 -0.09052995 -0.16777637 -0.11708110 -0.08222338 -0.13834629 -0.17885488 0.02951461 -0.16298730 -0.05966597 -0.07078834 0.03651384 -0.09190348 0.06791628 -0.01059038 -0.13018238 -0.12477884 0.07878173 0.05143724 -0.04279100 -0.10997778 -0.08517840 -0.03366848 -0.07188806 0.05754806 0.02142312 0.09243589 0.06175245 -0.03307530 0.11856223 0.01202897 -0.00530856 0.09884941 0.13921158 0.06700157 0.02513372 0.04803186 -0.09234958 -0.10103316 0.05876968 -0.03521382 -0.07494240 -0.03947930 0.00115411 -0.04679399 -0.15082131 -0.02448553 0.02219160 -0.15189708 -0.04837321 0.17349448 0.28029467 -0.04396374 0.22024478 0.19563609 1.00000000 0.31832632 0.32543855 0.24681823 0.26858108 0.28730374 0.18122059 0.25051543
0.00625886 0.11283212 0.04392818 0.08883197 0.04894912 0.05464339 0.11706656 0.02213555 0.14798781 0.00109285 0.06677170 0.10121451 0.13148870 -0.02521145 -0.14843870 0.02677725 -0.02708746 -0.13112396 -0.00406714 -0.07519734 -0.07388588 -0.10329569 0.05278612 -0.16866318 -0.08376592 -0.03768284 0.12095961 0.00571091 0.06185242 -0.06662671 -0.15273109 -0.06292743 0.06157421 0.00951658 -0.06377497 -0.06768041 -0.05821287 0.06229998 -0.02047615 0.12764937 0.11478823 0.01410292 0.17448078 0.02437618 0.01711643 -0.00473434 0.01304459 -0.09392053 0.02366459 0.05926513 -0.01138420 -0.04450712 -0.01083371 -0.07008835 0.11080302 0.01492681 -0.03346542 0.00736180 -0.06219534 -0.03763397 -0.09747699 0.04346385 -0.04241217 -0.00326249 -0.07905574 0.30109911 0.07986455 0.25453389 0.16508291 0.26616628 0.31832632 1.00000000 0.34093884 0.31426580 0.18347984 0.12470704 0.24414381 0.23855411
0.07169653 0.10989922 -0.07318678 0.00802665 -0.01740812 0.05707537 0.01680726 0.09219206 0.12367862 0.00206240 0.00118477 0.00816397 0.08757314 0.06819784 -0.10194294 -0.06136753 -0.09164502 -0.09921433 0.07417025 0.03661094 0.03875680 -0.04289822 0.08542609 0.04290806 -0.05293773 -0.07667466 -0.00321101 -0.00363970 0.00077898 0.02419889 -0.03728515 -0.09501530 0.05843450 0.02308150 -0.03254335 -0.04620877 -0.08130086 0.15046861 -0.03748001 0.09922568 0.09078408 -0.07410897 0.11044161 0.02327424 0.02684488 0.00185945 0.05884459 0.04074228 -0.04172528 0.06604304 -0.02356135 -0.02963076 0.01794513 0.02076930 -0.01978000 0.04228618 -0.06136569 0.03165531 -0.04914693 -0.00681319 0.03295329 -0.03073832 0.02524289 0.05646258 0.02062952 0.17753633 0.26549882 0.30070687 0.21222042 0.26647820 0.32543855 0.34093884 1.00000000 0.26261808 0.15406785 0.19205615 0.16529028 0.11365516
-0.07800509 0.02546164 -0.00589243 -0.06598176 -0.05424667 0.10309195 0.04128489 -0.02608617 -0.01811100 -0.04313554 0.00125705 0.01787551 -0.00772997 0.00664880 -0.08796611 -0.10100930 -0.15813013 -0.00868825 -0.07203778 -0.08905229 -0.12280691 -0.07122079 -0.05241695 -0.12791890 -0.02834018 0.02197148 0.02735713 -0.08099738 0.13510019 0.04797022 -0.08116422 -0.06957075 0.02129818 0.03485911 -0.07447020 -0.03685832 -0.04405793 -0.09147886 0.06089899 0.01536402 0.07924458 0.03805211 0.15437572 -0.00652950 0.07370566 0.03676794 0.07529886 -0.01194922 0.08869939 -0.05103369 -0.04116469 0.14601530 -0.07857804 -0.12618248 0.03006449 0.03250134 -0.15653235 -0.02566318 0.00429676 0.00293194 0.00955325 0.00945618 -0.09591894 -0.04601319 -0.09175834 0.28350398 0.26070036 0.20729706 0.14008423 0.17834357 0.24681823 0.31426580 0.26261808 1.00000000 0.28172926 0.16171602 0.20403254 0.23004242
-0.04405885 0.00348516 0.07907311 -0.02733495 0.00359091 -0.02867930 -0.08554027 -0.08036002 0.03118647 -0.02001843 -0.07715793 -0.00491881 0.05386906 -0.02942877 -0.13909228 -0.12593296 -0.12906359 -0.07792146 -0.13025219 -0.02697872 -0.04695895 -0.01852264 -0.05452805 -0.13182055 -0.10897986 -0.02469976 0.02453516 0.14092771 0.07595803 0.09686931 -0.05216054 -0.01541276 0.02566154 0.02929821 -0.04004397 -0.15517412 -0.03995040 0.02908817 0.01498880 -0.05791403 0.05143944 -0.02880885 -0.02524468 0.06951742 0.05722743 -0.07809140 -0.01730929 -0.06608337 0.08391870 -0.01250873 0.02637507 0.06540559 0.01863493 -0.06764993 0.03011121 -0.02159872 -0.05185766 -0.00844829 0.10542970 -0.03352117 -0.05895279 0.03025379 -0.00311054 -0.00036018 0.02366844 0.18471895 0.19931143 0.26756204 0.12784661 0.11501165 0.26858108 0.18347984 0.15406785 0.28172926 1.00000000 0.27074245 0.28394844 0.21772014
-0.09060632 0.03329707 -0.10901174 -0.04826388 0.00891057 -0.04394589 0.03164452 -0.06710659 0.06043590 -0.12889323 -0.18512692 -0.07876296 0.00653476 0.12760634 -0.06950649 -0.02910403 -0.01211022 -0.08081722 -0.10642782 0.05699848 -0.13644599 0.00539425 0.05794808 -0.06897871 -0.02576186 -0.06891723 0.05627756 0.06208592 0.11570554 0.00186016 0.01567127 -0.06792561 -0.04660186 0.08143031 0.01909731 -0.07092806 -0.04591892 0.06576333 -0.02512847 -0.18490515 -0.00099707 -0.02017221 -0.10691301 -0.00338131 0.02682905 -0.06892526 0.01438418 0.00313502 0.07860423 -0.00429699 0.03385116 0.00211709 0.06685889 -0.00927889 -0.03129534 -0.04008865 -0.00028827 -0.01662055 0.08441340 -0.04788236 -0.06011702 -0.03920081 0.04183332 -0.04772089 0.03069170 0.06829752 0.21786289 0.22148808 0.22963945 0.27608496 0.28730374 0.12470704 0.19205615 0.16171602 0.27074245 1.00000000 0.16963159 0.18548179
0.01749870 0.08258916 -0.00916404 -0.01960381 0.03814400 0.04957433 0.08805803 0.02186575 0.06897609 0.03708101 0.07999344 -0.03331117 0.11225377 0.03096020 -0.02871771 -0.12741807 -0.07871732 -0.08188931 -0.03061123 0.03331513 -0.09594499 -0.09499654 0.06725867 -0.09980899 -0.00370689 0.00776878 -0.00910825 0.05696177 -0.02690766 -0.07751317 -0.04386671 -0.03008920 0.03652087 -0.04190171 -0.10100743 -0.15358146 -0.10149477 0.04114671 -0.08411222 0.00239072 -0.01260862 -0.01863200 0.00504136 -0.00518185 0.06968710 -0.07611910 0.08262208 -0.05556459 0.01590379 0.01870138 -0.06701443 -0.02446342 -0.07868268 -0.08657562 0.01687455 -0.03460969 -0.01352398 -0.09497950 0.03508677 -0.06603088 -0.08152805 0.09653177 0.03177124 0.03324916 -0.00673829 0.12895739 0.28808972 0.20265690 0.06682253 0.14575430 0.18122059 0.24414381 0.16529028 0.20403254 0.28394844 0.16963159 1.00000000 0.23248043
-0.07990815 0.01965755 0.05372794 -0.07007318 0.03525228 0.07932859 0.09256523 -0.02827305 0.07037075 -0.09537521 0.01661264 -0.05736355 -0.09071198 -0.00938485 -0.18823604 -0.12073694 0.03425051 -0.07517693 -0.04062334 -0.01817713 0.00248727 0.01616721 0.06500542 -0.06053706 0.00431617 0.05917619 0.07547034 0.01392609 0.05222630 -0.06756217 -0.04326747 -0.02008856 0.06278026 0.11514814 -0.05603487 -0.11565247 -0.02963833 -0.00399875 -0.03144443 -0.05436800 0.01486883 0.03200230 0.00927303 -0.00693366 0.00137153 -0.04924774 -0.06128117 -0.10985240 0.06977567 0.10123694 -0.03947016 0.03404704 -0.12803649 -0.10751300 0.07933855 0.02246449 0.01287594 -0.11518746 -0.07042266 0.06851681 -0.15483673 0.01756554 -0.08038756 -0.04312104 0.00993409 0.17004779 0.24960013 0.13968022 0.25750444 0.17041036 0.25051543 0.23855411 0.11365516 0.23004242 0.21772014 0.18548179 0.23248043 1.00000000
