1.00000000 0.08747707 0.37155143 0.39041556 0.56996337 0.39384727 0.52105599 0.32841575 -0.05750014 0.28829343 0.57195571 0.46843281 0.40262869 0.18898258 0.33900433 0.26786247 0.33018974 0.36449342 0.01584504 -0.18053330 0.09935432 0.46483450 0.25232918 0.44795358 0.15902109 0.17657157 0.30607481 0.27572156 0.32896758 0.39703129 0.52779848 0.47129090 0.46384195 0.39963675 0.14651529 0.04139646 0.28320049 0.36022820 0.33869876 0.19447536 0.21017634 0.20232548 0.16322315 -0.10393914 0.11615141 -0.02224924 -0.00346034 0.23392107 0.31390552 0.24707733 0.22134066 0.12780453 0.12089969 0.36020557 0.23263007 0.20514205 0.34985154 0.21268312 0.21800911 0.23706836 0.24081776 0.32350795 0.46768910 0.26433770 0.39284510 0.22849268 0.15045113 0.18539943 0.30352760 0.17544308 0.00481776 0.29615602 0.23002996 0.28567082 0.17100571 0.24537357 0.33315542 0.31132702
0.08747707 1.00000000 0.26351176 0.27780858 0.26607818 -0.08080411 0.18609600 -0.14520653 0.76096718 0.58373153 0.35463700 0.08210253 0.21536370 0.07142600 0.36306553 0.23731753 -0.02209029 0.28491047 0.16998795 0.31393155 0.33682918 0.25265568 -0.14674965 0.23756332 0.28206711 0.30214569 -0.14046253 0.27046231 0.44869333 0.11305638 0.14137469 0.12804786 0.35264863 0.44871575 0.17004710 0.49100043 0.45818219 0.32204378 -0.19614274 0.15419958 0.27674457 0.21643777 0.35245200 0.36047576 0.00298821 0.39986456 0.42151998 0.14278629 0.06690803 0.14309725 0.29541414 0.30274826 -0.13318397 0.04028796 0.10193579 -0.20157065 0.16141734 0.22539172 -0.14129819 0.19057096 0.26611632 0.22130001 0.00848387 0.12418035 -0.03854408 -0.07556375 -0.01478352 0.27525061 0.27286001 0.18442730 0.09704950 0.18447096 -0.05319577 0.23574452 0.10547458 0.17594918 0.29601878 0.01196106
0.37155143 0.26351176 1.00000000 0.36012601 0.28474009 0.08744727 0.50566277 0.09568692 0.14393059 0.24634842 0.33333595 0.30575010 0.30985073 0.11430392 0.12749162 0.06410792 0.00506509 0.18405861 0.06617069 -0.17408621 -0.11978696 0.13015056 0.34574733 0.23374212 -0.00635053 -0.05153703 0.20146621 0.17760918 0.22294901 0.15827002 0.29715441 0.32065832 0.31371076 0.25292439 0.06807845 -0.07078625 0.20622802 0.25395076 0.24428329 0.19360777 0.21362316 0.20307284 0.25273943 -0.06748365 0.26438517 0.15897068 -0.00336874 0.18396214 0.09519471 0.11630699 0.14472463 0.15706157 0.32974758 0.36611648 0.34994536 0.32425861 0.27870312 0.14337638 0.33761080 0.25291871 0.13223940 0.25457256 0.29133513 0.32197386 0.41360501 0.29323246 0.04395737 0.06686729 0.08479372 0.08904085 0.08293851 0.11103513 0.34147795 0.16238195 0.14348698 0.28446356 0.26864675 0.23219231
0.39041556 0.27780858 0.36012601 1.00000000 0.24347849 0.57233641 0.56857536 0.39030057 0.18706870 0.50279303 0.46585761 0.66730197 0.61854966 0.33781570 0.33536197 0.52919897 0.54895112 0.23357161 -0.27722023 -0.31799444 0.13852582 0.14129581 0.25097649 0.06027918 0.56705083 0.38988000 0.45682081 0.52251543 0.37440051 0.52093612 0.28401059 0.38058078 0.37688174 0.33072606 0.52457033 0.08340698 0.44340870 0.47986705 0.23568202 -0.02412609 0.28992698 0.11732990 0.19890928 -0.02921506 0.10067477 0.21097427 0.08290592 0.00622450 0.04602069 -0.02742495 0.22458790 0.11841123 -0.08431688 0.38759186 0.05676864 0.09129707 0.25896859 0.60368523 -0.16684469 0.08469889 0.25420148 0.26592467 0.15769279 0.16834166 0.26235602 0.46817396 0.42273734 0.51671740 0.31418282 0.04057511 0.03349536 0.31874485 0.40098935 0.34328646 -0.02420566 0.30286081 0.44322125 0.14139747
0.56996337 0.26607818 0.28474009 0.24347849 1.00000000 0.20415138 0.46868353 0.41459349 0.18944072 0.31559339 0.51132251 0.38019343 0.43669526 0.02847870 0.18207668 0.10745912 0.06293309 0.25941910 0.08076153 0.16728323 0.20934319 0.39773959 0.01515063 0.37180302 0.00278625 0.10674944 0.04455709 0.12708485 0.27489845 0.18138155 0.48014011 0.23029557 0.35024336 0.34964399 0.00270720 0.09839844 0.24803763 0.38993326 0.15217110 0.18842137 0.26514150 0.20846907 0.33328934 0.11268995 0.23921509 0.14730276 0.09867703 0.34538760 0.38339362 0.21470545 0.27322223 0.39175101 -0.04849394 0.05515136 0.15930473 -0.06998421 0.25368431 0.17728572 0.02855674 0.29504194 0.46794838 0.35583238 0.20681445 0.22088231 0.16496843 0.03245314 -0.05080277 0.10753140 0.15122565 0.26830328 0.01958199 0.11268376 0.05981882 0.22210661 0.26761863 0.19436957 0.30937812 0.10427359
0.39384727 -0.08080411 0.08744727 0.57233641 0.20415138 1.00000000 0.36013006 0.70310215 -0.19520250 0.16473510 0.36137206 0.65737614 0.53982366 0.40981641 0.36307968 0.51392760 0.55147492 0.27845434 -0.16459146 -0.42807466 0.09911606 -0.00137606 0.48896621 0.06453712 0.42005886 0.38396312 0.51518203 0.41177127 0.15491258 0.54600352 0.10987440 0.34143764 0.23853535 0.19197351 0.49878023 -0.05572725 0.34501047 0.14902795 0.38045402 -0.00584740 0.15519835 0.11402982 -0.04843582 -0.09895396 0.08498493 -0.02295193 -0.10194474 0.01267323 0.11187981 0.07319217 0.05171876 -0.01185516 0.10323416 0.50564548 0.01886498 0.30343562 0.26554010 0.53174078 0.01559951 -0.00126185 0.04516333 0.33277376 0.24859840 0.14782677 0.38343371 0.44597784 0.49435599 0.40590891 0.21862298 0.05175417 -0.00199761 0.37053458 0.39145788 0.26292262 -0.04828861 0.24292409 0.27980964 0.24421293
0.52105599 0.18609600 0.50566277 0.56857536 0.46868353 0.36013006 1.00000000 0.37683737 0.10319135 0.47380068 0.58390109 0.56389257 0.60055061 0.09546793 0.29317234 0.17928820 0.17479349 0.15482609 -0.19678745 -0.18539972 -0.06433116 0.32790689 0.18336243 0.28775330 0.08381015 0.19679656 0.06129135 0.25874513 0.21389336 0.18400879 0.39924917 0.38904014 0.38252290 0.22485250 0.12179411 -0.06662324 0.24114341 0.43057308 0.07860885 0.01744093 0.43918183 0.09253621 0.37309604 -0.19130676 0.30242344 0.05397124 -0.08431220 0.30217168 0.26148103 0.10608198 0.25462095 0.14360548 0.08973689 0.25065777 0.29000720 0.08485559 0.16837413 0.33253942 0.08525871 0.22098227 0.30427029 0.32129026 0.16249649 0.29542233 0.29022111 0.36866247 0.14683656 0.16315329 0.18882354 0.14277857 -0.07086306 0.21497934 0.29266108 0.26528063 0.16322760 0.16588073 0.42265579 0.13309272
0.32841575 -0.14520653 0.09568692 0.39030057 0.41459349 0.70310215 0.37683737 1.00000000 -0.14593453 0.06995624 0.27527533 0.61173523 0.48120087 0.39583331 0.16410041 0.23685412 0.43996005 0.17227103 -0.15136368 -0.18719128 0.10660402 0.06052194 0.31146584 0.07692384 0.18979903 0.23574091 0.34968001 0.22204990 0.00374704 0.36306657 0.08989708 0.20540538 0.11088128 0.09646892 0.32105621 -0.13120603 0.21419570 0.12043460 0.35586941 0.08954729 0.23066362 0.18851637 0.09729039 0.01931415 0.25286137 0.07659669 -0.04399769 0.20760188 0.24747675 0.09973001 0.06400742 0.14416858 0.14622900 0.29467989 0.14536020 0.21287960 0.19796383 0.34498185 0.07613765 0.16761398 0.17046515 0.28295981 0.15718919 0.22685614 0.32039649 0.32590587 0.31311624 0.22627832 0.09712111 0.08615705 -0.00420708 0.22480807 0.28189845 0.17868245 -0.02553995 0.17801847 0.21893207 0.21163442
-0.05750014 0.76096718 0.14393059 0.18706870 0.18944072 -0.19520250 0.10319135 -0.14593453 1.00000000 0.49333127 0.21844331 -0.02029214 0.20442727 0.07883323 0.23372726 0.08222166 -0.01057313 0.18761408 0.09838932 0.38027996 0.28076264 0.20035625 -0.23303595 0.16582428 0.18415592 0.25484050 -0.24799425 0.12322464 0.29232954 0.00892179 0.01064514 -0.05230603 0.25476779 0.32308061 0.16798649 0.45138748 0.34101187 0.21795080 -0.26427764 0.13791289 0.29667500 0.20573734 0.43495080 0.41253843 0.06174459 0.43914780 0.44758631 0.10533888 0.06369629 0.13225643 0.39693194 0.32901505 -0.15283250 -0.05047941 0.08660292 -0.21119280 0.14978123 0.19212826 -0.18077612 0.27224630 0.33373483 0.21177450 -0.06807703 0.14209877 -0.07165582 -0.08939954 -0.02738404 0.25213658 0.30403896 0.19525485 0.02736708 0.19158269 -0.13520540 0.22098432 0.06229956 0.12425419 0.33963335 0.00364130
0.28829343 0.58373153 0.24634842 0.50279303 0.31559339 0.16473510 0.47380068 0.06995624 0.49333127 1.00000000 0.50179755 0.33891117 0.52811751 0.11904438 0.38854367 0.38284179 0.16731772 0.22756567 -0.01937061 0.11246700 0.28964633 0.30262659 -0.01646712 0.18927925 0.36723453 0.42784170 -0.08278162 0.36422365 0.45019374 0.22332239 0.29359425 0.23512536 0.42398660 0.47186747 0.18067770 0.40663977 0.43123266 0.48355134 -0.18248109 0.09663469 0.33403734 0.23435281 0.40379338 0.24627202 0.07941053 0.21967395 0.34446265 0.08891458 0.19456450 0.21391784 0.43157681 0.31891718 -0.17526981 0.08887056 0.09988604 -0.18015474 0.21902261 0.38001543 -0.23838075 0.14471508 0.27236686 0.26735050 0.03099381 0.13451650 0.05921831 0.06544741 0.09892266 0.35145534 0.34744871 0.25312307 0.01882339 0.22572452 0.04752387 0.25623532 0.15829256 0.18305245 0.41357247 0.04149003
0.57195571 0.35463700 0.33333595 0.46585761 0.51132251 0.36137206 0.58390109 0.27527533 0.21844331 0.50179755 1.00000000 0.46729219 0.48030456 0.14902956 0.56827127 0.34736405 0.23730239 0.40137924 -0.01519241 0.03620910 0.29549904 0.49189685 0.07255192 0.58052793 0.31049667 0.34024799 0.03145616 0.34997409 0.47203495 0.30429912 0.49584423 0.34418172 0.56221905 0.52950648 0.08602668 0.20463349 0.44906587 0.40994627 0.00016231 0.19563105 0.31103928 0.34058370 0.37405757 0.04157480 0.08231636 0.22171255 0.22204396 0.33172676 0.31143208 0.17291020 0.30478028 0.23291532 0.04269226 0.26618497 0.26027943 0.07990829 0.27210731 0.26872137 0.09128382 0.19837553 0.31978705 0.39390657 0.30745211 0.22235920 0.27724136 0.07004449 0.14283517 0.26817387 0.44668958 0.26982873 -0.00223021 0.44666213 0.10757861 0.33428217 0.18008795 0.27482814 0.38046523 0.30838992
0.46843281 0.08210253 0.30575010 0.66730197 0.38019343 0.65737614 0.56389257 0.61173523 -0.02029214 0.33891117 0.46729219 1.00000000 0.64158515 0.31581402 0.30803010 0.43982322 0.45548745 0.22587317 -0.19827221 -0.24158500 0.14194468 0.12429651 0.30571808 0.10720260 0.42807038 0.33948778 0.40489610 0.35539043 0.23137357 0.44156195 0.25189559 0.40458722 0.31069927 0.21650017 0.38004290 -0.04064985 0.39083591 0.35532368 0.27604454 0.00493025 0.23535435 0.13290782 0.18335886 -0.02606829 0.19357070 0.13970208 0.01605776 0.11255952 0.14975691 0.03955589 0.13720964 0.16470670 0.02548492 0.33403410 0.11963472 0.16998386 0.21597029 0.46070910 -0.00122492 0.10634499 0.20305370 0.26190718 0.21529533 0.20605256 0.31874549 0.38167875 0.32153508 0.37827053 0.19769643 0.02269711 0.01085507 0.23618248 0.34096128 0.27667104 -0.01616843 0.28315498 0.32780197 0.18988751
0.40262869 0.21536370 0.30985073 0.61854966 0.43669526 0.53982366 0.60055061 0.48120087 0.20442727 0.52811751 0.48030456 0.64158515 1.00000000 0.25546260 0.30118088 0.35675092 0.29736284 0.24439388 -0.04267014 -0.12185011 0.17650493 0.17724430 0.27729509 0.17652158 0.29002228 0.31705616 0.24395939 0.34711400 0.19271112 0.39028339 0.26293145 0.32083167 0.34915832 0.30138277 0.34053721 0.07123445 0.37849483 0.43257438 0.18652409 0.05892290 0.41005806 0.21397286 0.30541740 0.06788603 0.33628606 0.20288735 0.04898368 0.18511086 0.19530584 0.11612220 0.26047554 0.25073637 0.06541039 0.31296189 0.16708735 0.15248198 0.25920422 0.45511994 0.02610764 0.23593193 0.31493273 0.36362687 0.21243956 0.31749036 0.29914219 0.38745234 0.26704389 0.31857491 0.21881259 0.14163458 0.05221737 0.24123997 0.31720676 0.33062488 0.14164372 0.30402202 0.40838502 0.19394666
0.18898258 0.07142600 0.11430392 0.33781570 0.02847870 0.40981641 0.09546793 0.39583331 0.07883323 0.11904438 0.14902956 0.31581402 0.25546260 1.00000000 0.35674732 0.32978121 0.64038601 0.35012255 -0.11881721 -0.18714886 0.29227685 0.20887211 0.29539673 0.17936024 0.31173288 0.42195209 0.37253722 0.40591503 0.21245686 0.49468961 0.15107463 0.26093913 0.32518675 0.31283298 0.45568492 0.12869785 0.29652946 0.11740268 0.42462633 0.17516858 0.20563394 0.32335350 0.06304388 0.15138285 0.12223493 0.18500230 0.09908827 0.13992535 0.18689139 0.15806982 0.15189416 0.15218509 0.19023729 0.50400291 0.21389047 0.37489616 0.44653935 0.36533707 0.12111897 0.25750005 0.15574882 0.25567289 0.36169270 0.36315701 0.45748695 0.37312348 0.45385057 0.42377440 0.28363871 0.18845709 0.08206593 0.38642965 0.33904924 0.42066802 0.00511309 0.26051097 0.36238298 0.33468627
0.33900433 0.36306553 0.12749162 0.33536197 0.18207668 0.36307968 0.29317234 0.16410041 0.23372726 0.38854367 0.56827127 0.30803010 0.30118088 0.35674732 1.00000000 0.61283665 0.38158492 0.63830125 0.16416793 -0.03229290 0.57570604 0.40783900 0.27457014 0.61007686 0.53260760 0.56821938 0.15034550 0.45974348 0.53197692 0.45666250 0.30062788 0.41704963 0.51929165 0.53638969 0.30525904 0.47105373 0.63156810 0.29281620 0.04618234 0.18182034 0.29352632 0.37507760 0.26188919 0.15737997 -0.06693898 0.25190657 0.27737278 0.22009871 0.23198305 0.30767548 0.25653418 0.14461546 0.16485102 0.42878274 0.22095349 0.23983481 0.38658558 0.40017044 0.13326600 0.13830544 0.12830717 0.38934040 0.33383820 0.20922431 0.36415344 0.06011554 0.21534233 0.37070281 0.42808959 0.14306749 0.13542600 0.46354150 0.15633478 0.31722022 0.12146459 0.34684845 0.27169343 0.36329170
0.26786247 0.23731753 0.06410792 0.52919897 0.10745912 0.51392760 0.17928820 0.23685412 0.08222166 0.38284179 0.34736405 0.43982322 0.35675092 0.32978121 0.61283665 1.00000000 0.53167933 0.48956703 0.08094645 -0.10938811 0.51071783 0.13343173 0.42747158 0.23254062 0.76948189 0.55793929 0.41083587 0.54557195 0.48240746 0.54314720 0.23251014 0.37146484 0.36932270 0.40086460 0.40239938 0.32296546 0.57862684 0.35251379 0.13976003 0.05946128 0.18340012 0.27013333 0.10023651 0.14009755 -0.07419320 0.12778098 0.18740364 0.04801087 0.14402603 0.24325266 0.17972151 0.14338973 0.04560971 0.36149997 0.04943964 0.14182965 0.27243484 0.51012199 -0.08656496 -0.02340559 0.07331081 0.21643384 0.22347247 0.08031293 0.26862359 0.16307350 0.37248629 0.50654336 0.32120070 0.07899274 0.15386442 0.32592499 0.23763885 0.27233428 0.00759662 0.32007873 0.25575013 0.19540811
0.33018974 -0.02209029 0.00506509 0.54895112 0.06293309 0.55147492 0.17479349 0.43996005 -0.01057313 0.16731772 0.23730239 0.45548745 0.29736284 0.64038601 0.38158492 0.53167933 1.00000000 0.29581395 -0.27426488 -0.26659170 0.32140972 0.28179501 0.24149946 0.16817495 0.58429755 0.50224968 0.53707730 0.50237720 0.31618467 0.63788671 0.23870851 0.37702468 0.27841173 0.29995002 0.57454563 0.11337589 0.37614894 0.31408784 0.39181698 0.04554960 0.18692269 0.18735226 0.06119354 0.01628577 -0.02066514 0.11572968 0.05928220 0.01501768 0.12882195 0.14718550 0.19089908 0.06611261 -0.00131821 0.44314789 0.05441446 0.23473903 0.32079683 0.51133151 -0.09109957 0.08007424 0.18669038 0.23454014 0.25863160 0.21304921 0.35898552 0.38143344 0.51636619 0.53899847 0.34345873 0.10892241 0.01777182 0.38872174 0.32558304 0.37300152 -0.08503824 0.27438647 0.36283385 0.24632711
0.36449342 0.28491047 0.18405861 0.23357161 0.25941910 0.27845434 0.15482609 0.17227103 0.18761408 0.22756567 0.40137924 0.22587317 0.24439388 0.35012255 0.63830125 0.48956703 0.29581395 1.00000000 0.36868012 -0.00098091 0.48071446 0.24431670 0.36781089 0.51807671 0.39564096 0.43236908 0.26736299 0.30397989 0.41538214 0.35506802 0.21368540 0.31487743 0.35112865 0.46045616 0.26171150 0.41989382 0.48407535 0.17849784 0.15355022 0.26006259 0.26376972 0.39254390 0.12646818 0.24149888 0.02311314 0.25112267 0.22854767 0.19421525 0.24083717 0.29577543 0.17990033 0.15100469 0.28131041 0.40504617 0.18987951 0.30096667 0.41311508 0.29880000 0.23565391 0.20050970 0.12732349 0.36117922 0.35564705 0.23948859 0.35823625 0.13296028 0.12629380 0.25111953 0.29564134 0.11665577 0.25582879 0.31585542 0.17902275 0.26125040 0.18506966 0.35896201 0.20306456 0.33099668
0.01584504 0.16998795 0.06617069 -0.27722023 0.08076153 -0.16459146 -0.19678745 -0.15136368 0.09838932 -0.01937061 -0.01519241 -0.19827221 -0.04267014 -0.11881721 0.16416793 0.08094645 -0.27426488 0.36868012 1.00000000 0.36365499 0.30647235 -0.02244283 0.21676390 0.25852645 -0.03025278 -0.00225271 -0.02262939 -0.07683399 0.07856187 -0.03984957 -0.06781030 0.00472590 -0.00172211 0.16977282 -0.12542172 0.31598280 0.19449743 -0.07284832 -0.05278037 0.29165506 -0.00679735 0.24992863 0.05048353 0.26210218 -0.01287817 0.14703426 0.17310002 0.16486774 0.04722124 0.31417118 0.03514221 0.09346050 0.31339197 -0.01674407 0.07660912 0.17690381 0.04578959 -0.17903608 0.33673622 0.09021754 -0.05029945 0.03846127 0.11940584 0.08129578 0.04910001 -0.24824638 -0.31693948 -0.22081074 -0.06725341 0.02369444 0.28265820 -0.04550047 -0.18075256 -0.08426738 0.19354852 0.20528374 -0.16314158 0.10449442
-0.18053330 0.31393155 -0.17408621 -0.31799444 0.16728323 -0.42807466 -0.18539972 -0.18719128 0.38027996 0.11246700 0.03620910 -0.24158500 -0.12185011 -0.18714886 -0.03229290 -0.10938811 -0.26659170 -0.00098091 0.36365499 1.00000000 0.44088594 0.17290368 -0.45599674 0.26732431 0.01688881 -0.09411439 -0.44956529 -0.14842577 0.11088885 -0.30283702 -0.05029360 -0.23164344 -0.06334142 0.12340135 -0.29772087 0.32018211 0.09802517 0.06642296 -0.45626263 0.25187697 0.04095166 0.22793820 0.32140939 0.46183750 -0.02612082 0.37257652 0.47926159 0.29545167 0.17796564 0.14457327 0.20372129 0.40952900 -0.13125517 -0.53802725 0.08823515 -0.36010701 -0.20612317 -0.31766377 -0.08059251 0.09292332 0.20267866 -0.10168650 -0.22774581 -0.00325693 -0.36666187 -0.57213156 -0.32380465 -0.16373553 0.04634978 0.17728825 0.09057842 -0.04754595 -0.52677013 -0.06413225 0.04522392 -0.04686738 -0.11887179 -0.06770827
0.09935432 0.33682918 -0.11978696 0.13852582 0.20934319 0.09911606 -0.06433116 0.10660402 0.28076264 0.28964633 0.29549904 0.14194468 0.17650493 0.29227685 0.57570604 0.51071783 0.32140972 0.48071446 0.30647235 0.44088594 1.00000000 0.37342505 -0.02321910 0.45084504 0.51544368 0.40467254 0.09557679 0.32462653 0.44056843 0.32373632 0.22543334 0.19827261 0.29585683 0.47929276 0.18700951 0.53179066 0.53220174 0.29274610 -0.05641409 0.21910974 0.16859035 0.43189317 0.23056858 0.40391288 -0.07611606 0.38420048 0.46803106 0.26094330 0.24915598 0.27846518 0.24865391 0.30502962 -0.01556638 0.01374380 0.08073864 -0.00373848 0.20408815 0.18319759 -0.02516714 0.11785761 0.23250759 0.17175408 0.13075296 0.14104050 0.03035381 -0.23596170 0.06808666 0.26431111 0.27602099 0.16702247 0.22771709 0.24974745 -0.11508240 0.21695824 0.10042653 0.23881684 0.09763053 0.17712322
0.46483450 0.25265568 0.13015056 0.14129581 0.39773959 -0.00137606 0.32790689 0.06052194 0.20035625 0.30262659 0.49189685 0.12429651 0.17724430 0.20887211 0.40783900 0.13343173 0.28179501 0.24431670 -0.02244283 0.17290368 0.37342505 1.00000000 -0.22848089 0.61757086 0.07887802 0.19107822 0.00134485 0.25694759 0.36181488 0.28939800 0.61615607 0.40803583 0.50618244 0.49052550 0.03392055 0.19666997 0.27725253 0.38010620 0.11557670 0.21956924 0.24547593 0.28812519 0.31528203 0.04467059 -0.05409633 0.16782194 0.21789633 0.41527773 0.31606031 0.22183081 0.31515965 0.14996950 -0.11079480 0.09496434 0.21650286 -0.04908292 0.32608327 0.10181600 0.03595993 0.27469491 0.45382475 0.30214358 0.33781325 0.27612457 0.14409847 -0.02638512 0.11718757 0.19380591 0.41469489 0.35751883 -0.04941295 0.32044351 0.00749196 0.38697557 0.25725206 0.10902755 0.36590380 0.19721610
0.25232918 -0.14674965 0.34574733 0.25097649 0.01515063 0.48896621 0.18336243 0.31146584 -0.23303595 -0.01646712 0.07255192 0.30571808 0.27729509 0.29539673 0.27457014 0.42747158 0.24149946 0.36781089 0.21676390 -0.45599674 -0.02321910 -0.22848089 1.00000000 0.07837415 0.22490181 0.13495939 0.49453024 0.21770889 0.06093073 0.36807896 -0.04133904 0.30853054 0.10174438 0.04783617 0.25593265 -0.06927890 0.22618346 -0.05387934 0.42735264 0.05389283 0.10144898 0.14439816 -0.09683520 -0.15664845 0.16327248 -0.10426959 -0.22782210 -0.01623681 0.05271758 0.24289982 -0.07217409 -0.11790763 0.50819926 0.58588017 0.21688888 0.60195109 0.30163464 0.24861826 0.41720448 0.09075899 -0.18191371 0.22941688 0.38721644 0.24938600 0.57177237 0.43371271 0.25051018 0.12995499 0.08368612 -0.06825722 0.10890294 0.21242723 0.41964886 0.10881561 -0.00518485 0.24916619 0.13279674 0.33832353
0.44795358 0.23756332 0.23374212 0.06027918 0.37180302 0.06453712 0.28775330 0.07692384 0.16582428 0.18927925 0.58052793 0.10720260 0.17652158 0.17936024 0.61007686 0.23254062 0.16817495 0.51807671 0.25852645 0.26732431 0.45084504 0.61757086 0.07837415 1.00000000 0.13967327 0.11152717 0.01055435 0.18484126 0.40333044 0.25455132 0.45945101 0.32683687 0.46688128 0.50100837 -0.06524435 0.25849412 0.40203795 0.22646850 0.04483829 0.32178885 0.30513406 0.44149570 0.36944485 0.09205878 0.01364553 0.25533718 0.23276925 0.51622473 0.39772088 0.32629145 0.25015104 0.21403436 0.24492173 0.21470136 0.40089014 0.22449429 0.32367197 0.02146929 0.32690233 0.28898666 0.29450750 0.38623918 0.42442907 0.33463186 0.33574708 -0.08807836 0.01405313 0.08695581 0.45174467 0.26087498 0.03483723 0.45470244 -0.03152469 0.32529394 0.21003434 0.23982235 0.26995663 0.41327541
0.15902109 0.28206711 -0.00635053 0.56705083 0.00278625 0.42005886 0.08381015 0.18979903 0.18415592 0.36723453 0.31049667 0.42807038 0.29002228 0.31173288 0.53260760 0.76948189 0.58429755 0.39564096 -0.03025278 0.01688881 0.51544368 0.07887802 0.22490181 0.13967327 1.00000000 0.52926410 0.36107184 0.52704307 0.51218991 0.46921614 0.08944753 0.25615833 0.27454387 0.37989265 0.46829187 0.39111473 0.56801025 0.33224246 0.02642928 0.03430464 0.12115484 0.22344944 0.11969832 0.20192354 -0.15659265 0.27423170 0.32327233 -0.02710125 0.04910946 0.08631660 0.21684903 0.16689538 -0.06282104 0.25018360 -0.02628440 0.04792972 0.18239366 0.47892380 -0.17186472 -0.06877490 0.06429720 0.09270842 0.08725429 0.01458784 0.13069800 0.12085145 0.36167618 0.54409214 0.32280171 0.00543215 0.19543191 0.30804169 0.17726816 0.26572518 -0.08917333 0.36210587 0.19904013 0.20159544
0.17657157 0.30214569 -0.05153703 0.38988000 0.10674944 0.38396312 0.19679656 0.23574091 0.25484050 0.42784170 0.34024799 0.33948778 0.31705616 0.42195209 0.56821938 0.55793929 0.50224968 0.43236908 -0.00225271 -0.09411439 0.40467254 0.19107822 0.13495939 0.11152717 0.52926410 1.00000000 0.11790662 0.39874284 0.37753709 0.36857283 0.09452261 0.22854627 0.28295466 0.32403619 0.45895439 0.43467485 0.48000724 0.29089265 -0.00690683 0.00543594 0.23827494 0.17907653 0.17675973 0.24882579 0.00545443 0.16352103 0.25238614 -0.05821432 0.13292174 0.17128086 0.31906559 0.18976038 -0.04170163 0.26542717 -0.01703620 0.02335350 0.21788548 0.49222458 -0.17873750 0.05829739 0.06039911 0.27546757 0.06813499 0.07220585 0.18599884 0.13730143 0.25043821 0.46755775 0.25729740 0.12433644 0.11440330 0.24486001 0.14224990 0.21044186 -0.00290428 0.25854575 0.28882479 0.14779889
0.30607481 -0.14046253 0.20146621 0.45682081 0.04455709 0.51518203 0.06129135 0.34968001 -0.24799425 -0.08278162 0.03145616 0.40489610 0.24395939 0.37253722 0.15034550 0.41083587 0.53707730 0.26736299 -0.02262939 -0.44956529 0.09557679 0.00134485 0.49453024 0.01055435 0.36107184 0.11790662 1.00000000 0.43464018 0.20303696 0.67136668 0.17481269 0.50567472 0.17885396 0.23127726 0.59725882 -0.02537056 0.34681483 0.18256074 0.71876763 0.02657305 0.00497453 0.09616845 -0.22550894 -0.14841101 -0.02142920 0.00473927 -0.16878945 -0.03529933 -0.08036242 0.08670520 -0.09978174 -0.17288449 0.18871414 0.55022916 -0.00674568 0.43113873 0.33100129 0.38317308 0.17138769 0.04137731 0.04166399 0.15581164 0.39494239 0.20886997 0.41847673 0.50665195 0.45328126 0.32715503 0.09757067 -0.08232794 0.18634255 0.19666331 0.51281073 0.27617501 -0.02050070 0.30159372 0.18925009 0.22488674
0.27572156 0.27046231 0.17760918 0.52251543 0.12708485 0.41177127 0.25874513 0.22204990 0.12322464 0.36422365 0.34997409 0.35539043 0.34711400 0.40591503 0.45974348 0.54557195 0.50237720 0.30397989 -0.07683399 -0.14842577 0.32462653 0.25694759 0.21770889 0.18484126 0.52704307 0.39874284 0.43464018 1.00000000 0.61377591 0.71105003 0.49760597 0.55553676 0.57568716 0.58696616 0.52953165 0.30551512 0.52500521 0.53707079 0.40775581 0.12013180 0.18967443 0.27169189 0.02658376 0.12571996 -0.02480624 0.17541760 0.15004601 0.18366520 0.11216039 0.17871736 0.11073068 0.12277909 -0.00712711 0.46518601 0.07925778 0.15082975 0.39372883 0.51246581 -0.01700962 0.08759581 0.24916013 0.20288798 0.30657318 0.23681355 0.28767365 0.23099160 0.38259744 0.42278195 0.23483487 0.14056623 0.23950340 0.33925126 0.35803804 0.39149237 0.13004225 0.30978999 0.30793186 0.16576464
0.32896758 0.44869333 0.22294901 0.37440051 0.27489845 0.15491258 0.21389336 0.00374704 0.29232954 0.45019374 0.47203495 0.23137357 0.19271112 0.21245686 0.53197692 0.48240746 0.31618467 0.41538214 0.07856187 0.11088885 0.44056843 0.36181488 0.06093073 0.40333044 0.51218991 0.37753709 0.20303696 0.61377591 1.00000000 0.45781230 0.47425402 0.41369815 0.54827165 0.73342612 0.30240487 0.59377747 0.65657844 0.54697892 0.09033534 0.09591563 0.13122733 0.29194386 0.24593525 0.18629140 -0.14201255 0.27132943 0.31939895 0.14253681 0.16549295 0.21896365 0.25456453 0.28863499 -0.08419527 0.23834087 0.15687142 -0.03029169 0.30090862 0.35004526 -0.08924941 0.10642619 0.27655782 0.21162223 0.21603614 0.17388286 0.15728590 0.00581815 0.15003733 0.39021033 0.33297953 0.19887647 0.17733327 0.32154076 0.07609622 0.32420878 0.13332419 0.29901040 0.32365685 0.16483725
0.39703129 0.11305638 0.15827002 0.52093612 0.18138155 0.54600352 0.18400879 0.36306657 0.00892179 0.22332239 0.30429912 0.44156195 0.39028339 0.49468961 0.45666250 0.54314720 0.63788671 0.35506802 -0.03984957 -0.30283702 0.32373632 0.28939800 0.36807896 0.25455132 0.46921614 0.36857283 0.67136668 0.71105003 0.45781230 1.00000000 0.42058942 0.60112841 0.51334062 0.54004840 0.63371814 0.26708996 0.59697609 0.40814903 0.59879886 0.09480855 0.15335190 0.29121637 0.00250142 0.02303298 -0.03317356 0.10999049 0.02967164 0.12719164 0.10350441 0.25385662 0.10134743 0.01057720 0.12479716 0.59285206 0.07818458 0.39428878 0.48496369 0.50277978 0.12314303 0.11074146 0.21737148 0.32723583 0.49952110 0.29250898 0.46847238 0.35911567 0.43894211 0.46551704 0.32307749 0.12532516 0.15381048 0.40176068 0.42709897 0.43695852 0.09821453 0.37384167 0.34544565 0.30671794
0.52779848 0.14137469 0.29715441 0.28401059 0.48014011 0.10987440 0.39924917 0.08989708 0.01064514 0.29359425 0.49584423 0.25189559 0.26293145 0.15107463 0.30062788 0.23251014 0.23870851 0.21368540 -0.06781030 -0.05029360 0.22543334 0.61615607 -0.04133904 0.45945101 0.08944753 0.09452261 0.17481269 0.49760597 0.47425402 0.42058942 1.00000000 0.52615949 0.70557773 0.57660571 0.04012764 0.06986135 0.25780365 0.59054808 0.34438644 0.18613081 0.20158593 0.28050269 0.18886937 -0.03361765 0.03687185 0.04246328 0.10362197 0.38983553 0.36150699 0.22212148 0.22033677 0.18871559 -0.08916770 0.20440785 0.14524332 0.02124046 0.39841203 0.21526309 0.04812684 0.20001510 0.45543661 0.26906660 0.40923650 0.21947717 0.24461883 0.03814737 0.10515498 0.19060402 0.24071356 0.30299115 0.04467383 0.20553879 0.17718414 0.35999988 0.33822281 0.19465720 0.32594165 0.12377185
0.47129090 0.12804786 0.32065832 0.38058078 0.23029557 0.34143764 0.38904014 0.20540538 -0.05230603 0.23512536 0.34418172 0.40458722 0.32083167 0.26093913 0.41704963 0.37146484 0.37702468 0.31487743 0.00472590 -0.23164344 0.19827261 0.40803583 0.30853054 0.32683687 0.25615833 0.22854627 0.50567472 0.55553676 0.41369815 0.60112841 0.52615949 1.00000000 0.49778582 0.44212556 0.41638046 0.13097060 0.41058984 0.41889012 0.47947597 0.09895646 0.15912547 0.20558322 0.00454539 -0.07508651 0.01778563 0.04260526 -0.03959311 0.21694279 0.10185915 0.22139296 0.04586834 -0.05005366 0.16998046 0.49518970 0.23734682 0.30764692 0.43723432 0.33847176 0.25319673 0.18735905 0.21063671 0.29861204 0.48042939 0.36655921 0.43944014 0.30120617 0.25025654 0.23513683 0.21575506 0.08883980 0.12401725 0.23984609 0.38460080 0.36976517 0.13498421 0.22757788 0.29484644 0.21398167
0.46384195 0.35264863 0.31371076 0.37688174 0.35024336 0.23853535 0.38252290 0.11088128 0.25476779 0.42398660 0.56221905 0.31069927 0.34915832 0.32518675 0.51929165 0.36932270 0.27841173 0.35112865 -0.00172211 -0.06334142 0.29585683 0.50618244 0.10174438 0.46688128 0.27454387 0.28295466 0.17885396 0.57568716 0.54827165 0.51334062 0.70557773 0.49778582 1.00000000 0.68247385 0.21315366 0.25968277 0.43309758 0.46323738 0.34010474 0.18976405 0.21455692 0.36216218 0.18852132 0.02958015 -0.01772844 0.13537306 0.19912200 0.35333226 0.29691115 0.26846574 0.29938770 0.17348391 0.04705418 0.40631174 0.17330970 0.20017576 0.49444158 0.31570715 0.15543115 0.26866849 0.36316450 0.35487754 0.48741726 0.27853288 0.36819738 0.11185560 0.21615492 0.32119964 0.36357414 0.32172736 0.10769922 0.40302975 0.24547498 0.46740456 0.32435185 0.32671720 0.39871971 0.26270118
0.39963675 0.44871575 0.25292439 0.33072606 0.34964399 0.19197351 0.22485250 0.09646892 0.32308061 0.47186747 0.52950648 0.21650017 0.30138277 0.31283298 0.53638969 0.40086460 0.29995002 0.46045616 0.16977282 0.12340135 0.47929276 0.49052550 0.04783617 0.50100837 0.37989265 0.32403619 0.23127726 0.58696616 0.73342612 0.54004840 0.57660571 0.44212556 0.68247385 1.00000000 0.25905972 0.50823378 0.60432767 0.48327196 0.23156460 0.27652532 0.22788803 0.45768574 0.24073053 0.24737044 -0.06964828 0.29548553 0.36037180 0.30054320 0.27552362 0.30139069 0.30955815 0.26203715 0.05749202 0.33674812 0.18068937 0.13417474 0.43941358 0.31195723 0.08310307 0.26083001 0.35336287 0.36666763 0.37989180 0.29878074 0.28258422 0.06995713 0.19866366 0.36745756 0.40336642 0.32678908 0.20410219 0.43394689 0.13733497 0.46498936 0.26333751 0.32852111 0.36588119 0.26871322
0.14651529 0.17004710 0.06807845 0.52457033 0.00270720 0.49878023 0.12179411 0.32105621 0.16798649 0.18067770 0.08602668 0.38004290 0.34053721 0.45568492 0.30525904 0.40239938 0.57454563 0.26171150 -0.12542172 -0.29772087 0.18700951 0.03392055 0.25593265 -0.06524435 0.46829187 0.45895439 0.59725882 0.52953165 0.30240487 0.63371814 0.04012764 0.41638046 0.21315366 0.25905972 1.00000000 0.32143138 0.50150447 0.28352750 0.42219234 -0.04439835 0.12878361 0.05666378 -0.01662098 0.09530684 0.01058063 0.18476580 0.05085414 -0.12822674 -0.12856155 0.07350181 0.11504112 -0.00299119 -0.01541533 0.45804682 -0.06346921 0.20277891 0.33106568 0.59020087 -0.11545628 0.04435712 0.16848429 0.22981035 0.16967164 0.19447982 0.27592559 0.42143748 0.38087990 0.46971641 0.18478845 -0.06422821 0.11628834 0.24325825 0.33256250 0.28550084 -0.13519386 0.26984431 0.32867460 0.07971220
0.04139646 0.49100043 -0.07078625 0.08340698 0.09839844 -0.05572725 -0.06662324 -0.13120603 0.45138748 0.40663977 0.20463349 -0.04064985 0.07123445 0.12869785 0.47105373 0.32296546 0.11337589 0.41989382 0.31598280 0.32018211 0.53179066 0.19666997 -0.06927890 0.25849412 0.39111473 0.43467485 -0.02537056 0.30551512 0.59377747 0.26708996 0.06986135 0.13097060 0.25968277 0.50823378 0.32143138 1.00000000 0.61685652 0.32968126 -0.19000476 0.10208020 0.09683981 0.26288930 0.20415499 0.39145387 -0.16879039 0.31550585 0.41819944 0.00061105 0.04164828 0.23892062 0.24774428 0.21333953 -0.05994520 0.01775636 0.02490384 -0.09025174 0.18480952 0.19207823 -0.10114437 0.07343790 0.12306931 0.13212523 0.01081097 0.06853874 -0.03666483 -0.19099880 -0.12017303 0.22842286 0.26666747 0.03070015 0.20690332 0.16611688 -0.17945092 0.13280926 0.04969832 0.21437315 0.15461603 0.08090086
0.28320049 0.45818219 0.20622802 0.44340870 0.24803763 0.34501047 0.24114341 0.21419570 0.34101187 0.43123266 0.44906587 0.39083591 0.37849483 0.29652946 0.63156810 0.57862684 0.37614894 0.48407535 0.19449743 0.09802517 0.53220174 0.27725253 0.22618346 0.40203795 0.56801025 0.48000724 0.34681483 0.52500521 0.65657844 0.59697609 0.25780365 0.41058984 0.43309758 0.60432767 0.50150447 0.61685652 1.00000000 0.43577638 0.12399787 0.16695972 0.28323378 0.37414348 0.36728894 0.29071063 -0.03848344 0.38522421 0.36846901 0.14752750 0.15693473 0.32369794 0.32000001 0.29050773 0.08502538 0.31223835 0.15910558 0.15781904 0.30686827 0.44083409 0.01560720 0.16729421 0.20996836 0.29869309 0.23311938 0.23623696 0.28694143 0.09038000 0.15325840 0.42219077 0.37548703 0.10449030 0.17013440 0.33328490 0.13921015 0.32124895 0.06757930 0.43822960 0.33574994 0.28509650
0.36022820 0.32204378 0.25395076 0.47986705 0.38993326 0.14902795 0.43057308 0.12043460 0.21795080 0.48355134 0.40994627 0.35532368 0.43257438 0.11740268 0.29281620 0.35251379 0.31408784 0.17849784 -0.07284832 0.06642296 0.29274610 0.38010620 -0.05387934 0.22646850 0.33224246 0.29089265 0.18256074 0.53707079 0.54697892 0.40814903 0.59054808 0.41889012 0.46323738 0.48327196 0.28352750 0.32968126 0.43577638 1.00000000 0.11952940 0.07726537 0.31748946 0.10220019 0.33560762 0.14884347 0.14063509 0.25244560 0.18257645 0.12358314 0.16256763 0.11058837 0.23033307 0.31527916 -0.19447069 0.10210441 0.08423259 -0.18126309 0.20784710 0.41730664 -0.17800493 0.17493493 0.45848080 0.21993401 0.07786675 0.20312742 0.02242921 0.12021773 0.07775772 0.33212614 0.16643333 0.11537845 0.14889610 0.06035302 0.16313064 0.28836008 0.15873821 0.27115665 0.32401614 -0.01462788
0.33869876 -0.19614274 0.24428329 0.23568202 0.15217110 0.38045402 0.07860885 0.35586941 -0.26427764 -0.18248109 0.00016231 0.27604454 0.18652409 0.42462633 0.04618234 0.13976003 0.39181698 0.15355022 -0.05278037 -0.45626263 -0.05641409 0.11557670 0.42735264 0.04483829 0.02642928 -0.00690683 0.71876763 0.40775581 0.09033534 0.59879886 0.34438644 0.47947597 0.34010474 0.23156460 0.42219234 -0.19000476 0.12399787 0.11952940 1.00000000 0.07352989 0.00167193 0.12976891 -0.24407855 -0.18477512 0.07053179 -0.07883047 -0.25332998 0.13366738 0.07186935 0.11729841 -0.10543967 -0.16100958 0.27206191 0.56742396 0.10198082 0.50030331 0.44292998 0.22918227 0.35282323 0.17591324 0.12352984 0.19140368 0.53994762 0.30779701 0.51438908 0.45084131 0.35941793 0.16722132 -0.00225640 0.03040352 0.17470524 0.15642111 0.51737183 0.29484780 0.12911975 0.26184124 0.14957233 0.24608987
0.19447536 0.15419958 0.19360777 -0.02412609 0.18842137 -0.00584740 0.01744093 0.08954729 0.13791289 0.09663469 0.19563105 0.00493025 0.05892290 0.17516858 0.18182034 0.05946128 0.04554960 0.26006259 0.29165506 0.25187697 0.21910974 0.21956924 0.05389283 0.32178885 0.03430464 0.00543594 0.02657305 0.12013180 0.09591563 0.09480855 0.18613081 0.09895646 0.18976405 0.27652532 -0.04439835 0.10208020 0.16695972 0.07726537 0.07352989 1.00000000 0.23938538 0.51300995 0.22864894 0.46350138 0.18884011 0.33969573 0.43403836 0.31192385 0.33189846 0.37144169 0.23979928 0.29106965 0.26940724 0.12320831 0.18401800 0.16327501 0.27601438 -0.01506962 0.26025501 0.31535212 0.14536777 0.22523828 0.20395903 0.17015034 0.20286238 -0.06821677 0.01087670 0.08094893 0.21809368 0.18844903 0.21367700 0.18587323 0.05441981 0.11530587 0.18769127 0.28970835 0.03908983 0.32400995
0.21017634 0.27674457 0.21362316 0.28992698 0.26514150 0.15519835 0.43918183 0.23066362 0.29667500 0.33403734 0.31103928 0.23535435 0.41005806 0.20563394 0.29352632 0.18340012 0.18692269 0.26376972 -0.00679735 0.04095166 0.16859035 0.24547593 0.10144898 0.30513406 0.12115484 0.23827494 0.00497453 0.18967443 0.13122733 0.15335190 0.20158593 0.15912547 0.21455692 0.22788803 0.12878361 0.09683981 0.28323378 0.31748946 0.00167193 0.23938538 1.00000000 0.32754634 0.59634193 0.30752970 0.42977838 0.41670515 0.25093182 0.39445519 0.35075825 0.27680791 0.36131018 0.37513813 0.17413740 0.18128944 0.29759849 0.07145770 0.24318795 0.34753984 0.02925642 0.37901231 0.39433389 0.37393834 0.05743491 0.39887440 0.23546627 0.27985723 0.09333208 0.26535556 0.24893387 0.16933682 0.08092990 0.13480173 0.20158114 0.28071338 0.15071628 0.30763347 0.39875548 0.20316668
0.20232548 0.21643777 0.20307284 0.11732990 0.20846907 0.11402982 0.09253621 0.18851637 0.20573734 0.23435281 0.34058370 0.13290782 0.21397286 0.32335350 0.37507760 0.27013333 0.18735226 0.39254390 0.24992863 0.22793820 0.43189317 0.28812519 0.14439816 0.44149570 0.22344944 0.17907653 0.09616845 0.27169189 0.29194386 0.29121637 0.28050269 0.20558322 0.36216218 0.45768574 0.05666378 0.26288930 0.37414348 0.10220019 0.12976891 0.51300995 0.32754634 1.00000000 0.27180785 0.38088847 0.15602187 0.38886715 0.45967868 0.46489766 0.36645488 0.44912705 0.37195623 0.29781836 0.27582895 0.21989368 0.28036788 0.27714019 0.40227762 0.12890018 0.26262797 0.27402897 0.20131093 0.27278231 0.36443085 0.30902289 0.33587944 -0.01592927 0.16425428 0.21663189 0.32459127 0.33370246 0.18406164 0.35170649 0.09701476 0.31831968 0.25667992 0.32295290 0.23006322 0.38064333
0.16322315 0.35245200 0.25273943 0.19890928 0.33328934 -0.04843582 0.37309604 0.09729039 0.43495080 0.40379338 0.37405757 0.18335886 0.30541740 0.06304388 0.26188919 0.10023651 0.06119354 0.12646818 0.05048353 0.32140939 0.23056858 0.31528203 -0.09683520 0.36944485 0.11969832 0.17675973 -0.22550894 0.02658376 0.24593525 0.00250142 0.18886937 0.00454539 0.18852132 0.24073053 -0.01662098 0.20415499 0.36728894 0.33560762 -0.24407855 0.22864894 0.59634193 0.27180785 1.00000000 0.36124493 0.32590342 0.49069989 0.40793221 0.30684544 0.35643233 0.29973774 0.55503874 0.60540109 0.04852115 -0.07914742 0.36029685 -0.07558928 0.09327645 0.18834152 -0.04908984 0.31864013 0.38046825 0.30061732 -0.02829573 0.31699619 0.15504611 -0.08114993 -0.16184862 0.14750788 0.25676154 0.18771214 -0.08775744 0.11485358 -0.14455576 0.11757269 0.04889808 0.23599096 0.36884294 0.14227211
-0.10393914 0.36047576 -0.06748365 -0.02921506 0.11268995 -0.09895396 -0.19130676 0.01931415 0.41253843 0.24627202 0.04157480 -0.02606829 0.06788603 0.15138285 0.15737997 0.14009755 0.01628577 0.24149888 0.26210218 0.46183750 0.40391288 0.04467059 -0.15664845 0.09205878 0.20192354 0.24882579 -0.14841101 0.12571996 0.18629140 0.02303298 -0.03361765 -0.07508651 0.02958015 0.24737044 0.09530684 0.39145387 0.29071063 0.14884347 -0.18477512 0.46350138 0.30752970 0.38088847 0.36124493 1.00000000 0.11963205 0.60651447 0.73729710 0.07111468 0.18079370 0.21338510 0.28492655 0.52931627 -0.00669225 -0.14581787 0.04065776 -0.17462331 0.11558411 0.14168349 -0.12232385 0.23455650 0.16910171 0.11001068 -0.15910496 0.07692767 -0.10174587 -0.24137765 -0.11984181 0.20434327 0.13537287 0.12546617 0.30972806 -0.03415748 -0.13948192 0.04857106 0.04543443 0.25476096 -0.00010258 0.08902533
0.11615141 0.00298821 0.26438517 0.10067477 0.23921509 0.08498493 0.30242344 0.25286137 0.06174459 0.07941053 0.08231636 0.19357070 0.33628606 0.12223493 -0.06693898 -0.07419320 -0.02066514 0.02311314 -0.01287817 -0.02612082 -0.07611606 -0.05409633 0.16327248 0.01364553 -0.15659265 0.00545443 -0.02142920 -0.02480624 -0.14201255 -0.03317356 0.03687185 0.01778563 -0.01772844 -0.06964828 0.01058063 -0.16879039 -0.03848344 0.14063509 0.07053179 0.18884011 0.42977838 0.15602187 0.32590342 0.11963205 1.00000000 0.13313299 -0.09505050 0.21004505 0.26488835 0.11951923 0.05332888 0.37076407 0.21427959 0.11844947 0.27756503 0.14124769 0.08611687 0.12397897 0.16017810 0.37150185 0.17073311 0.15668359 0.02930773 0.28815297 0.20754714 0.24691892 -0.04259110 -0.02102342 -0.09520915 -0.01735803 -0.03227048 -0.02862527 0.17698086 0.04668405 0.04104397 0.07450379 0.19997973 0.08081186
-0.02224924 0.39986456 0.15897068 0.21097427 0.14730276 -0.02295193 0.05397124 0.07659669 0.43914780 0.21967395 0.22171255 0.13970208 0.20288735 0.18500230 0.25190657 0.12778098 0.11572968 0.25112267 0.14703426 0.37257652 0.38420048 0.16782194 -0.10426959 0.25533718 0.27423170 0.16352103 0.00473927 0.17541760 0.27132943 0.10999049 0.04246328 0.04260526 0.13537306 0.29548553 0.18476580 0.31550585 0.38522421 0.25244560 -0.07883047 0.33969573 0.41670515 0.38886715 0.49069989 0.60651447 0.13313299 1.00000000 0.62673582 0.17574771 0.07998303 0.01747679 0.27226160 0.39410149 0.06831046 0.01324935 0.21522967 -0.03349967 0.17681870 0.19744007 0.01540485 0.26467408 0.35481381 0.22193077 -0.03552671 0.26036132 0.02315050 -0.01764602 0.00076227 0.25097297 0.19283421 0.05545785 0.30003629 0.07568448 0.02910892 0.18620711 0.06652206 0.39672953 0.10969392 0.18191080
-0.00346034 0.42151998 -0.00336874 0.08290592 0.09867703 -0.10194474 -0.08431220 -0.04399769 0.44758631 0.34446265 0.22204396 0.01605776 0.04898368 0.09908827 0.27737278 0.18740364 0.05928220 0.22854767 0.17310002 0.47926159 0.46803106 0.21789633 -0.22782210 0.23276925 0.32327233 0.25238614 -0.16878945 0.15004601 0.31939895 0.02967164 0.10362197 -0.03959311 0.19912200 0.36037180 0.05085414 0.41819944 0.36846901 0.18257645 -0.25332998 0.43403836 0.25093182 0.45967868 0.40793221 0.73729710 -0.09505050 0.62673582 1.00000000 0.13890292 0.18221251 0.18617016 0.48835998 0.40663596 -0.09486762 -0.20397369 0.01827960 -0.21089188 0.12815095 0.10353277 -0.15905759 0.16746864 0.18698871 0.10152341 -0.10946784 -0.01696237 -0.11770693 -0.32806521 -0.04421179 0.28335286 0.31373845 0.21138169 0.26574484 0.10583501 -0.20317831 0.09900597 0.06095166 0.27977123 0.02331306 0.21042853
0.23392107 0.14278629 0.18396214 0.00622450 0.34538760 0.01267323 0.30217168 0.20760188 0.10533888 0.08891458 0.33172676 0.11255952 0.18511086 0.13992535 0.22009871 0.04801087 0.01501768 0.19421525 0.16486774 0.29545167 0.26094330 0.41527773 -0.01623681 0.51622473 -0.02710125 -0.05821432 -0.03529933 0.18366520 0.14253681 0.12719164 0.38983553 0.21694279 0.35333226 0.30054320 -0.12822674 0.00061105 0.14752750 0.12358314 0.13366738 0.31192385 0.39445519 0.46489766 0.30684544 0.07111468 0.21004505 0.17574771 0.13890292 1.00000000 0.37593045 0.26372699 0.13471415 0.22153834 0.22558321 0.05454494 0.41101915 0.13173940 0.20334307 -0.01158809 0.30903993 0.29389808 0.37379656 0.27392933 0.32699794 0.37062938 0.23635082 -0.04805106 0.07559309 0.00267709 0.21495627 0.31124644 0.02302086 0.31697390 -0.00083284 0.36266184 0.20908896 0.08154120 0.24966737 0.27918915
0.31390552 0.06690803 0.09519471 0.04602069 0.38339362 0.11187981 0.26148103 0.24747675 0.06369629 0.19456450 0.31143208 0.14975691 0.19530584 0.18689139 0.23198305 0.14402603 0.12882195 0.24083717 0.04722124 0.17796564 0.24915598 0.31606031 0.05271758 0.39772088 0.04910946 0.13292174 -0.08036242 0.11216039 0.16549295 0.10350441 0.36150699 0.10185915 0.29691115 0.27552362 -0.12856155 0.04164828 0.15693473 0.16256763 0.07186935 0.33189846 0.35075825 0.36645488 0.35643233 0.18079370 0.26488835 0.07998303 0.18221251 0.37593045 1.00000000 0.40954885 0.38019817 0.43662796 0.16110651 0.06574611 0.29684454 0.09835014 0.25697101 0.06533237 0.17353508 0.29682185 0.21195191 0.23839415 0.28786651 0.26421631 0.27487001 -0.01378111 0.02842967 0.11823615 0.19584496 0.30884594 0.03453187 0.24174902 0.07330786 0.19849049 0.24882362 0.19439501 0.26459547 0.24151637
0.24707733 0.14309725 0.11630699 -0.02742495 0.21470545 0.07319217 0.10608198 0.09973001 0.13225643 0.21391784 0.17291020 0.03955589 0.11612220 0.15806982 0.30767548 0.24325266 0.14718550 0.29577543 0.31417118 0.14457327 0.27846518 0.22183081 0.24289982 0.32629145 0.08631660 0.17128086 0.08670520 0.17871736 0.21896365 0.25385662 0.22212148 0.22139296 0.26846574 0.30139069 0.07350181 0.23892062 0.32369794 0.11058837 0.11729841 0.37144169 0.27680791 0.44912705 0.29973774 0.21338510 0.11951923 0.01747679 0.18617016 0.26372699 0.40954885 1.00000000 0.44411410 0.34382848 0.24000126 0.23716927 0.17552096 0.28251094 0.34658620 0.13744711 0.20861820 0.23283530 0.13353190 0.21504354 0.30539928 0.29234318 0.35979504 -0.03809103 -0.01047347 0.11629635 0.17925077 0.33943222 0.10641224 0.20598932 0.03336361 0.13677314 0.26520871 0.26355754 0.26323184 0.21325117
0.22134066 0.29541414 0.14472463 0.22458790 0.27322223 0.05171876 0.25462095 0.06400742 0.39693194 0.43157681 0.30478028 0.13720964 0.26047554 0.15189416 0.25653418 0.17972151 0.19089908 0.17990033 0.03514221 0.20372129 0.24865391 0.31515965 -0.07217409 0.25015104 0.21684903 0.31906559 -0.09978174 0.11073068 0.25456453 0.10134743 0.22033677 0.04586834 0.29938770 0.30955815 0.11504112 0.24774428 0.32000001 0.23033307 -0.10543967 0.23979928 0.36131018 0.37195623 0.55503874 0.28492655 0.05332888 0.27226160 0.48835998 0.13471415 0.38019817 0.44411410 1.00000000 0.43086149 -0.03456656 0.01933074 0.05908719 -0.01964753 0.27270864 0.25322851 -0.12215435 0.23112726 0.31552568 0.23565823 0.07757275 0.22044251 0.18785953 -0.02546519 0.03222370 0.28726320 0.31770467 0.40301988 0.01203656 0.18507949 -0.07989884 0.18526139 0.23049555 0.28165825 0.42012873 0.14255248
0.12780453 0.30274826 0.15706157 0.11841123 0.39175101 -0.01185516 0.14360548 0.14416858 0.32901505 0.31891718 0.23291532 0.16470670 0.25073637 0.15218509 0.14461546 0.14338973 0.06611261 0.15100469 0.09346050 0.40952900 0.30502962 0.14996950 -0.11790763 0.21403436 0.16689538 0.18976038 -0.17288449 0.12277909 0.28863499 0.01057720 0.18871559 -0.05005366 0.17348391 0.26203715 -0.00299119 0.21333953 0.29050773 0.31527916 -0.16100958 0.29106965 0.37513813 0.29781836 0.60540109 0.52931627 0.37076407 0.39410149 0.40663596 0.22153834 0.43662796 0.34382848 0.43086149 1.00000000 -0.02301277 -0.06281866 0.22993647 -0.15724764 0.10389914 0.18085641 -0.11424039 0.28224458 0.31712011 0.14824294 -0.06096230 0.21244973 0.06156452 -0.17192974 -0.09967266 0.15796984 0.04437062 0.27220625 0.07303495 0.02597759 -0.08220855 0.08088863 0.11546929 0.23653278 0.24623919 0.06114082
0.12089969 -0.13318397 0.32974758 -0.08431688 -0.04849394 0.10323416 0.08973689 0.14622900 -0.15283250 -0.17526981 0.04269226 0.02548492 0.06541039 0.19023729 0.16485102 0.04560971 -0.00131821 0.28131041 0.31339197 -0.13125517 -0.01556638 -0.11079480 0.50819926 0.24492173 -0.06282104 -0.04170163 0.18871414 -0.00712711 -0.08419527 0.12479716 -0.08916770 0.16998046 0.04705418 0.05749202 -0.01541533 -0.05994520 0.08502538 -0.19447069 0.27206191 0.26940724 0.17413740 0.27582895 0.04852115 -0.00669225 0.21427959 0.06831046 -0.09486762 0.22558321 0.16110651 0.24000126 -0.03456656 -0.02301277 1.00000000 0.42030833 0.39268863 0.77434315 0.21817000 -0.11679895 0.81127632 0.20844592 -0.24718278 0.14036609 0.36138633 0.34219336 0.60323457 0.18947674 -0.03471820 -0.16737817 -0.01850171 -0.11153929 0.21127319 0.10660125 0.22244798 -0.00539002 0.04361260 0.29908350 -0.08839973 0.47419481
0.36020557 0.04028796 0.36611648 0.38759186 0.05515136 0.50564548 0.25065777 0.29467989 -0.05047941 0.08887056 0.26618497 0.33403410 0.31296189 0.50400291 0.42878274 0.36149997 0.44314789 0.40504617 -0.01674407 -0.53802725 0.01374380 0.09496434 0.58588017 0.21470136 0.25018360 0.26542717 0.55022916 0.46518601 0.23834087 0.59285206 0.20440785 0.49518970 0.40631174 0.33674812 0.45804682 0.01775636 0.31223835 0.10210441 0.56742396 0.12320831 0.18128944 0.21989368 -0.07914742 -0.14581787 0.11844947 0.01324935 -0.20397369 0.05454494 0.06574611 0.23716927 0.01933074 -0.06281866 0.42030833 1.00000000 0.27655677 0.66141446 0.61353813 0.46054063 0.39212743 0.30377905 0.03457834 0.39025296 0.60105529 0.44138972 0.72787322 0.58710143 0.44861934 0.31706993 0.22305761 0.07250562 0.10586560 0.44036041 0.60601729 0.38693753 0.11542592 0.35360694 0.36745075 0.38047297
0.23263007 0.10193579 0.34994536 0.05676864 0.15930473 0.01886498 0.29000720 0.14536020 0.08660292 0.09988604 0.26027943 0.11963472 0.16708735 0.21389047 0.22095349 0.04943964 0.05441446 0.18987951 0.07660912 0.08823515 0.08073864 0.21650286 0.21688888 0.40089014 -0.02628440 -0.01703620 -0.00674568 0.07925778 0.15687142 0.07818458 0.14524332 0.23734682 0.17330970 0.18068937 -0.06346921 0.02490384 0.15910558 0.08423259 0.10198082 0.18401800 0.29759849 0.28036788 0.36029685 0.04065776 0.27756503 0.21522967 0.01827960 0.41101915 0.29684454 0.17552096 0.05908719 0.22993647 0.39268863 0.27655677 1.00000000 0.31049848 0.23988245 0.01884942 0.42425816 0.39095566 0.12149182 0.34675200 0.35701263 0.57815798 0.50761842 0.12686948 0.05732652 0.02963297 0.21391716 0.15125756 -0.08039503 0.30389734 0.10495186 0.22693517 -0.01799331 0.05352093 0.30927741 0.28702039
0.20514205 -0.20157065 0.32425861 0.09129707 -0.06998421 0.30343562 0.08485559 0.21287960 -0.21119280 -0.18015474 0.07990829 0.16998386 0.15248198 0.37489616 0.23983481 0.14182965 0.23473903 0.30096667 0.17690381 -0.36010701 -0.00373848 -0.04908292 0.60195109 0.22449429 0.04792972 0.02335350 0.43113873 0.15082975 -0.03029169 0.39428878 0.02124046 0.30764692 0.20017576 0.13417474 0.20277891 -0.09025174 0.15781904 -0.18126309 0.50030331 0.16327501 0.07145770 0.27714019 -0.07558928 -0.17462331 0.14124769 -0.03349967 -0.21089188 0.13173940 0.09835014 0.28251094 -0.01964753 -0.15724764 0.77434315 0.66141446 0.31049848 1.00000000 0.43220697 0.05796593 0.74305314 0.21035376 -0.16954615 0.21456769 0.60511349 0.40425208 0.77166743 0.38302899 0.19686953 0.01041829 0.11428595 -0.04991367 0.12916198 0.29036267 0.39322643 0.17124647 0.06582230 0.34859853 0.08874992 0.51304388
0.34985154 0.16141734 0.27870312 0.25896859 0.25368431 0.26554010 0.16837413 0.19796383 0.14978123 0.21902261 0.27210731 0.21597029 0.25920422 0.44653935 0.38658558 0.27243484 0.32079683 0.41311508 0.04578959 -0.20612317 0.20408815 0.32608327 0.30163464 0.32367197 0.18239366 0.21788548 0.33100129 0.39372883 0.30090862 0.48496369 0.39841203 0.43723432 0.49444158 0.43941358 0.33106568 0.18480952 0.30686827 0.20784710 0.44292998 0.27601438 0.24318795 0.40227762 0.09327645 0.11558411 0.08611687 0.17681870 0.12815095 0.20334307 0.25697101 0.34658620 0.27270864 0.10389914 0.21817000 0.61353813 0.23988245 0.43220697 1.00000000 0.47136644 0.25024503 0.40228979 0.31335849 0.41688546 0.62095198 0.44922847 0.60129356 0.35323785 0.28867106 0.42031714 0.41261539 0.29065015 0.11765434 0.41663652 0.39884791 0.48486443 0.26788157 0.36674885 0.47433737 0.38717346
0.21268312 0.22539172 0.14337638 0.60368523 0.17728572 0.53174078 0.33253942 0.34498185 0.19212826 0.38001543 0.26872137 0.46070910 0.45511994 0.36533707 0.40017044 0.51012199 0.51133151 0.29880000 -0.17903608 -0.31766377 0.18319759 0.10181600 0.24861826 0.02146929 0.47892380 0.49222458 0.38317308 0.51246581 0.35004526 0.50277978 0.21526309 0.33847176 0.31570715 0.31195723 0.59020087 0.19207823 0.44083409 0.41730664 0.22918227 -0.01506962 0.34753984 0.12890018 0.18834152 0.14168349 0.12397897 0.19744007 0.10353277 -0.01158809 0.06533237 0.13744711 0.25322851 0.18085641 -0.11679895 0.46054063 0.01884942 0.05796593 0.47136644 1.00000000 -0.27578721 0.16672561 0.33927551 0.43123346 0.14345684 0.24603700 0.29074788 0.49907377 0.43070512 0.65216536 0.24450094 0.18314993 0.08314584 0.26926866 0.43948310 0.45988830 0.06394365 0.28713458 0.53229057 0.04499414
0.21800911 -0.14129819 0.33761080 -0.16684469 0.02855674 0.01559951 0.08525871 0.07613765 -0.18077612 -0.23838075 0.09128382 -0.00122492 0.02610764 0.12111897 0.13326600 -0.08656496 -0.09109957 0.23565391 0.33673622 -0.08059251 -0.02516714 0.03595993 0.41720448 0.32690233 -0.17186472 -0.17873750 0.17138769 -0.01700962 -0.08924941 0.12314303 0.04812684 0.25319673 0.15543115 0.08310307 -0.11545628 -0.10114437 0.01560720 -0.17800493 0.35282323 0.26025501 0.02925642 0.26262797 -0.04908984 -0.12232385 0.16017810 0.01540485 -0.15905759 0.30903993 0.17353508 0.20861820 -0.12215435 -0.11424039 0.81127632 0.39212743 0.42425816 0.74305314 0.25024503 -0.27578721 1.00000000 0.24779656 -0.18907304 0.10546301 0.57122367 0.37284716 0.56715243 0.10575588 -0.08598222 -0.27726812 -0.04063546 -0.08285274 0.23083515 0.10885703 0.22428009 0.04553285 0.18715522 0.29044004 -0.12564214 0.47837302
0.23706836 0.19057096 0.25291871 0.08469889 0.29504194 -0.00126185 0.22098227 0.16761398 0.27224630 0.14471508 0.19837553 0.10634499 0.23593193 0.25750005 0.13830544 -0.02340559 0.08007424 0.20050970 0.09021754 0.09292332 0.11785761 0.27469491 0.09075899 0.28898666 -0.06877490 0.05829739 0.04137731 0.08759581 0.10642619 0.11074146 0.20001510 0.18735905 0.26866849 0.26083001 0.04435712 0.07343790 0.16729421 0.17493493 0.17591324 0.31535212 0.37901231 0.27402897 0.31864013 0.23455650 0.37150185 0.26467408 0.16746864 0.29389808 0.29682185 0.23283530 0.23112726 0.28224458 0.20844592 0.30377905 0.39095566 0.21035376 0.40228979 0.16672561 0.24779656 1.00000000 0.33029168 0.37619527 0.30987069 0.47057248 0.34720655 0.21779617 0.06204404 0.16670238 0.25743553 0.21016207 0.05599591 0.26582993 0.20473065 0.35726679 0.20573204 0.22453161 0.38763386 0.27962998
0.24081776 0.26611632 0.13223940 0.25420148 0.46794838 0.04516333 0.30427029 0.17046515 0.33373483 0.27236686 0.31978705 0.20305370 0.31493273 0.15574882 0.12830717 0.07331081 0.18669038 0.12732349 -0.05029945 0.20267866 0.23250759 0.45382475 -0.18191371 0.29450750 0.06429720 0.06039911 0.04166399 0.24916013 0.27655782 0.21737148 0.45543661 0.21063671 0.36316450 0.35336287 0.16848429 0.12306931 0.20996836 0.45848080 0.12352984 0.14536777 0.39433389 0.20131093 0.38046825 0.16910171 0.17073311 0.35481381 0.18698871 0.37379656 0.21195191 0.13353190 0.31552568 0.31712011 -0.24718278 0.03457834 0.12149182 -0.16954615 0.31335849 0.33927551 -0.18907304 0.33029168 1.00000000 0.36902160 0.13590691 0.36036702 0.03279882 0.14826465 0.10676430 0.27927041 0.23329259 0.33039254 0.06812603 0.14917353 0.08629962 0.44668691 0.29868223 0.20682492 0.45574175 -0.05223653
0.32350795 0.22130001 0.25457256 0.26592467 0.35583238 0.33277376 0.32129026 0.28295981 0.21177450 0.26735050 0.39390657 0.26190718 0.36362687 0.25567289 0.38934040 0.21643384 0.23454014 0.36117922 0.03846127 -0.10168650 0.17175408 0.30214358 0.22941688 0.38623918 0.09270842 0.27546757 0.15581164 0.20288798 0.21162223 0.32723583 0.26906660 0.29861204 0.35487754 0.36666763 0.22981035 0.13212523 0.29869309 0.21993401 0.19140368 0.22523828 0.37393834 0.27278231 0.30061732 0.11001068 0.15668359 0.22193077 0.10152341 0.27392933 0.23839415 0.21504354 0.23565823 0.14824294 0.14036609 0.39025296 0.34675200 0.21456769 0.41688546 0.43123346 0.10546301 0.37619527 0.36902160 1.00000000 0.33378096 0.38638933 0.40840278 0.25566761 0.23746057 0.33844924 0.39135613 0.31115352 -0.02412757 0.39571058 0.23533671 0.42432731 0.15563295 0.21927098 0.44091083 0.24772723
0.46768910 0.00848387 0.29133513 0.15769279 0.20681445 0.24859840 0.16249649 0.15718919 -0.06807703 0.03099381 0.30745211 0.21529533 0.21243956 0.36169270 0.33383820 0.22347247 0.25863160 0.35564705 0.11940584 -0.22774581 0.13075296 0.33781325 0.38721644 0.42442907 0.08725429 0.06813499 0.39494239 0.30657318 0.21603614 0.49952110 0.40923650 0.48042939 0.48741726 0.37989180 0.16967164 0.01081097 0.23311938 0.07786675 0.53994762 0.20395903 0.05743491 0.36443085 -0.02829573 -0.15910496 0.02930773 -0.03552671 -0.10946784 0.32699794 0.28786651 0.30539928 0.07757275 -0.06096230 0.36138633 0.60105529 0.35701263 0.60511349 0.62095198 0.14345684 0.57122367 0.30987069 0.13590691 0.33378096 1.00000000 0.46705515 0.66443613 0.30338967 0.30398922 0.18613822 0.32434802 0.26289366 0.05548375 0.46609647 0.38877455 0.46939895 0.28577356 0.27523807 0.35652975 0.42525908
0.26433770 0.12418035 0.32197386 0.16834166 0.22088231 0.14782677 0.29542233 0.22685614 0.14209877 0.13451650 0.22235920 0.20605256 0.31749036 0.36315701 0.20922431 0.08031293 0.21304921 0.23948859 0.08129578 -0.00325693 0.14104050 0.27612457 0.24938600 0.33463186 0.01458784 0.07220585 0.20886997 0.23681355 0.17388286 0.29250898 0.21947717 0.36655921 0.27853288 0.29878074 0.19447982 0.06853874 0.23623696 0.20312742 0.30779701 0.17015034 0.39887440 0.30902289 0.31699619 0.07692767 0.28815297 0.26036132 -0.01696237 0.37062938 0.26421631 0.29234318 0.22044251 0.21244973 0.34219336 0.44138972 0.57815798 0.40425208 0.44922847 0.24603700 0.37284716 0.47057248 0.36036702 0.38638933 0.46705515 1.00000000 0.54134964 0.36590702 0.20654157 0.15723854 0.25827066 0.22103152 -0.02440646 0.30970720 0.23796376 0.42992108 0.10751193 0.18845451 0.51691401 0.24961213
0.39284510 -0.03854408 0.41360501 0.26235602 0.16496843 0.38343371 0.29022111 0.32039649 -0.07165582 0.05921831 0.27724136 0.31874549 0.29914219 0.45748695 0.36415344 0.26862359 0.35898552 0.35823625 0.04910001 -0.36666187 0.03035381 0.14409847 0.57177237 0.33574708 0.13069800 0.18599884 0.41847673 0.28767365 0.15728590 0.46847238 0.24461883 0.43944014 0.36819738 0.28258422 0.27592559 -0.03666483 0.28694143 0.02242921 0.51438908 0.20286238 0.23546627 0.33587944 0.15504611 -0.10174587 0.20754714 0.02315050 -0.11770693 0.23635082 0.27487001 0.35979504 0.18785953 0.06156452 0.60323457 0.72787322 0.50761842 0.77166743 0.60129356 0.29074788 0.56715243 0.34720655 0.03279882 0.40840278 0.66443613 0.54134964 1.00000000 0.43500676 0.26661345 0.20441971 0.27606182 0.11974140 -0.01491716 0.42001951 0.42271685 0.32237871 0.06087381 0.32685478 0.40744936 0.50037461
0.22849268 -0.07556375 0.29323246 0.46817396 0.03245314 0.44597784 0.36866247 0.32590587 -0.08939954 0.06544741 0.07004449 0.38167875 0.38745234 0.37312348 0.06011554 0.16307350 0.38143344 0.13296028 -0.24824638 -0.57213156 -0.23596170 -0.02638512 0.43371271 -0.08807836 0.12085145 0.13730143 0.50665195 0.23099160 0.00581815 0.35911567 0.03814737 0.30120617 0.11185560 0.06995713 0.42143748 -0.19099880 0.09038000 0.12021773 0.45084131 -0.06821677 0.27985723 -0.01592927 -0.08114993 -0.24137765 0.24691892 -0.01764602 -0.32806521 -0.04805106 -0.01378111 -0.03809103 -0.02546519 -0.17192974 0.18947674 0.58710143 0.12686948 0.38302899 0.35323785 0.49907377 0.10575588 0.21779617 0.14826465 0.25566761 0.30338967 0.36590702 0.43500676 1.00000000 0.56656993 0.46154409 0.16132976 0.04869709 0.06496843 0.23446732 0.73799528 0.47121462 0.08569805 0.25277022 0.49730180 0.21046737
0.15045113 -0.01478352 0.04395737 0.42273734 -0.05080277 0.49435599 0.14683656 0.31311624 -0.02738404 0.09892266 0.14283517 0.32153508 0.26704389 0.45385057 0.21534233 0.37248629 0.51636619 0.12629380 -0.31693948 -0.32380465 0.06808666 0.11718757 0.25051018 0.01405313 0.36167618 0.25043821 0.45328126 0.38259744 0.15003733 0.43894211 0.10515498 0.25025654 0.21615492 0.19866366 0.38087990 -0.12017303 0.15325840 0.07775772 0.35941793 0.01087670 0.09333208 0.16425428 -0.16184862 -0.11984181 -0.04259110 0.00076227 -0.04421179 0.07559309 0.02842967 -0.01047347 0.03222370 -0.09967266 -0.03471820 0.44861934 0.05732652 0.19686953 0.28867106 0.43070512 -0.08598222 0.06204404 0.10676430 0.23746057 0.30398922 0.20654157 0.26661345 0.56656993 1.00000000 0.62920942 0.40658232 0.31450871 0.00584911 0.56218496 0.52291911 0.55378359 -0.04003764 0.05551114 0.42155030 0.31238010
0.18539943 0.27525061 0.06686729 0.51671740 0.10753140 0.40590891 0.16315329 0.22627832 0.25213658 0.35145534 0.26817387 0.37827053 0.31857491 0.42377440 0.37070281 0.50654336 0.53899847 0.25111953 -0.22081074 -0.16373553 0.26431111 0.19380591 0.12995499 0.08695581 0.54409214 0.46755775 0.32715503 0.42278195 0.39021033 0.46551704 0.19060402 0.23513683 0.32119964 0.36745756 0.46971641 0.22842286 0.42219077 0.33212614 0.16722132 0.08094893 0.26535556 0.21663189 0.14750788 0.20434327 -0.02102342 0.25097297 0.28335286 0.00267709 0.11823615 0.11629635 0.28726320 0.15796984 -0.16737817 0.31706993 0.02963297 0.01041829 0.42031714 0.65216536 -0.27726812 0.16670238 0.27927041 0.33844924 0.18613822 0.15723854 0.20441971 0.46154409 0.62920942 1.00000000 0.51831044 0.31320936 0.13018946 0.45145233 0.42479819 0.58928490 0.03401610 0.35969575 0.56703611 0.30801977
0.30352760 0.27286001 0.08479372 0.31418282 0.15122565 0.21862298 0.18882354 0.09712111 0.30403896 0.34744871 0.44668958 0.19769643 0.21881259 0.28363871 0.42808959 0.32120070 0.34345873 0.29564134 -0.06725341 0.04634978 0.27602099 0.41469489 0.08368612 0.45174467 0.32280171 0.25729740 0.09757067 0.23483487 0.33297953 0.32307749 0.24071356 0.21575506 0.36357414 0.40336642 0.18478845 0.26666747 0.37548703 0.16643333 -0.00225640 0.21809368 0.24893387 0.32459127 0.25676154 0.13537287 -0.09520915 0.19283421 0.31373845 0.21495627 0.19584496 0.17925077 0.31770467 0.04437062 -0.01850171 0.22305761 0.21391716 0.11428595 0.41261539 0.24450094 -0.04063546 0.25743553 0.23329259 0.39135613 0.32434802 0.25827066 0.27606182 0.16132976 0.40658232 0.51831044 1.00000000 0.27388410 -0.15632153 0.72133022 -0.00689846 0.48261374 -0.09687190 0.11000821 0.55151055 0.47810297
0.17544308 0.18442730 0.08904085 0.04057511 0.26830328 0.05175417 0.14277857 0.08615705 0.19525485 0.25312307 0.26982873 0.02269711 0.14163458 0.18845709 0.14306749 0.07899274 0.10892241 0.11665577 0.02369444 0.17728825 0.16702247 0.35751883 -0.06825722 0.26087498 0.00543215 0.12433644 -0.08232794 0.14056623 0.19887647 0.12532516 0.30299115 0.08883980 0.32172736 0.32678908 -0.06422821 0.03070015 0.10449030 0.11537845 0.03040352 0.18844903 0.16933682 0.33370246 0.18771214 0.12546617 -0.01735803 0.05545785 0.21138169 0.31124644 0.30884594 0.33943222 0.40301988 0.27220625 -0.11153929 0.07250562 0.15125756 -0.04991367 0.29065015 0.18314993 -0.08285274 0.21016207 0.33039254 0.31115352 0.26289366 0.22103152 0.11974140 0.04869709 0.31450871 0.31320936 0.27388410 1.00000000 0.01279304 0.35342978 0.11607056 0.47290683 0.43093687 0.09898354 0.43258165 0.14568826
0.00481776 0.09704950 0.08293851 0.03349536 0.01958199 -0.00199761 -0.07086306 -0.00420708 0.02736708 0.01882339 -0.00223021 0.01085507 0.05221737 0.08206593 0.13542600 0.15386442 0.01777182 0.25582879 0.28265820 0.09057842 0.22771709 -0.04941295 0.10890294 0.03483723 0.19543191 0.11440330 0.18634255 0.23950340 0.17733327 0.15381048 0.04467383 0.12401725 0.10769922 0.20410219 0.11628834 0.20690332 0.17013440 0.14889610 0.17470524 0.21367700 0.08092990 0.18406164 -0.08775744 0.30972806 -0.03227048 0.30003629 0.26574484 0.02302086 0.03453187 0.10641224 0.01203656 0.07303495 0.21127319 0.10586560 -0.08039503 0.12916198 0.11765434 0.08314584 0.23083515 0.05599591 0.06812603 -0.02412757 0.05548375 -0.02440646 -0.01491716 0.06496843 0.00584911 0.13018946 -0.15632153 0.01279304 1.00000000 -0.19834711 0.34044485 0.11473685 0.44806488 0.56629820 -0.24068239 0.22339426
0.29615602 0.18447096 0.11103513 0.31874485 0.11268376 0.37053458 0.21497934 0.22480807 0.19158269 0.22572452 0.44666213 0.23618248 0.24123997 0.38642965 0.46354150 0.32592499 0.38872174 0.31585542 -0.04550047 -0.04754595 0.24974745 0.32044351 0.21242723 0.45470244 0.30804169 0.24486001 0.19666331 0.33925126 0.32154076 0.40176068 0.20553879 0.23984609 0.40302975 0.43394689 0.24325825 0.16611688 0.33328490 0.06035302 0.15642111 0.18587323 0.13480173 0.35170649 0.11485358 -0.03415748 -0.02862527 0.07568448 0.10583501 0.31697390 0.24174902 0.20598932 0.18507949 0.02597759 0.10660125 0.44036041 0.30389734 0.29036267 0.41663652 0.26926866 0.10885703 0.26582993 0.14917353 0.39571058 0.46609647 0.30970720 0.42001951 0.23446732 0.56218496 0.45145233 0.72133022 0.35342978 -0.19834711 1.00000000 0.10290804 0.53863903 -0.08720906 0.02806535 0.53944518 0.48598304
0.23002996 -0.05319577 0.34147795 0.40098935 0.05981882 0.39145788 0.29266108 0.28189845 -0.13520540 0.04752387 0.10757861 0.34096128 0.31720676 0.33904924 0.15633478 0.23763885 0.32558304 0.17902275 -0.18075256 -0.52677013 -0.11508240 0.00749196 0.41964886 -0.03152469 0.17726816 0.14224990 0.51281073 0.35803804 0.07609622 0.42709897 0.17718414 0.38460080 0.24547498 0.13733497 0.33256250 -0.17945092 0.13921015 0.16313064 0.51737183 0.05441981 0.20158114 0.09701476 -0.14455576 -0.13948192 0.17698086 0.02910892 -0.20317831 -0.00083284 0.07330786 0.03336361 -0.07989884 -0.08220855 0.22244798 0.60601729 0.10495186 0.39322643 0.39884791 0.43948310 0.22428009 0.20473065 0.08629962 0.23533671 0.38877455 0.23796376 0.42271685 0.73799528 0.52291911 0.42479819 -0.00689846 0.11607056 0.34044485 0.10290804 1.00000000 0.41441528 0.31271441 0.43943658 0.27337318 0.29719341
0.28567082 0.23574452 0.16238195 0.34328646 0.22210661 0.26292262 0.26528063 0.17868245 0.22098432 0.25623532 0.33428217 0.27667104 0.33062488 0.42066802 0.31722022 0.27233428 0.37300152 0.26125040 -0.08426738 -0.06413225 0.21695824 0.38697557 0.10881561 0.32529394 0.26572518 0.21044186 0.27617501 0.39149237 0.32420878 0.43695852 0.35999988 0.36976517 0.46740456 0.46498936 0.28550084 0.13280926 0.32124895 0.28836008 0.29484780 0.11530587 0.28071338 0.31831968 0.11757269 0.04857106 0.04668405 0.18620711 0.09900597 0.36266184 0.19849049 0.13677314 0.18526139 0.08088863 -0.00539002 0.38693753 0.22693517 0.17124647 0.48486443 0.45988830 0.04553285 0.35726679 0.44668691 0.42432731 0.46939895 0.42992108 0.32237871 0.47121462 0.55378359 0.58928490 0.48261374 0.47290683 0.11473685 0.53863903 0.41441528 1.00000000 0.28728566 0.26955872 0.64365663 0.30960829
0.17100571 0.10547458 0.14348698 -0.02420566 0.26761863 -0.04828861 0.16322760 -0.02553995 0.06229956 0.15829256 0.18008795 -0.01616843 0.14164372 0.00511309 0.12146459 0.00759662 -0.08503824 0.18506966 0.19354852 0.04522392 0.10042653 0.25725206 -0.00518485 0.21003434 -0.08917333 -0.00290428 -0.02050070 0.13004225 0.13332419 0.09821453 0.33822281 0.13498421 0.32435185 0.26333751 -0.13519386 0.04969832 0.06757930 0.15873821 0.12911975 0.18769127 0.15071628 0.25667992 0.04889808 0.04543443 0.04104397 0.06652206 0.06095166 0.20908896 0.24882362 0.26520871 0.23049555 0.11546929 0.04361260 0.11542592 -0.01799331 0.06582230 0.26788157 0.06394365 0.18715522 0.20573204 0.29868223 0.15563295 0.28577356 0.10751193 0.06087381 0.08569805 -0.04003764 0.03401610 -0.09687190 0.43093687 0.44806488 -0.08720906 0.31271441 0.28728566 1.00000000 0.44166922 0.11011416 0.05535405
0.24537357 0.17594918 0.28446356 0.30286081 0.19436957 0.24292409 0.16588073 0.17801847 0.12425419 0.18305245 0.27482814 0.28315498 0.30402202 0.26051097 0.34684845 0.32007873 0.27438647 0.35896201 0.20528374 -0.04686738 0.23881684 0.10902755 0.24916619 0.23982235 0.36210587 0.25854575 0.30159372 0.30978999 0.29901040 0.37384167 0.19465720 0.22757788 0.32671720 0.32852111 0.26984431 0.21437315 0.43822960 0.27115665 0.26184124 0.28970835 0.30763347 0.32295290 0.23599096 0.25476096 0.07450379 0.39672953 0.27977123 0.08154120 0.19439501 0.26355754 0.28165825 0.23653278 0.29908350 0.35360694 0.05352093 0.34859853 0.36674885 0.28713458 0.29044004 0.22453161 0.20682492 0.21927098 0.27523807 0.18845451 0.32685478 0.25277022 0.05551114 0.35969575 0.11000821 0.09898354 0.56629820 0.02806535 0.43943658 0.26955872 0.44166922 1.00000000 0.12264695 0.45901482
0.33315542 0.29601878 0.26864675 0.44322125 0.30937812 0.27980964 0.42265579 0.21893207 0.33963335 0.41357247 0.38046523 0.32780197 0.40838502 0.36238298 0.27169343 0.25575013 0.36283385 0.20306456 -0.16314158 -0.11887179 0.09763053 0.36590380 0.13279674 0.26995663 0.19904013 0.28882479 0.18925009 0.30793186 0.32365685 0.34544565 0.32594165 0.29484644 0.39871971 0.36588119 0.32867460 0.15461603 0.33574994 0.32401614 0.14957233 0.03908983 0.39875548 0.23006322 0.36884294 -0.00010258 0.19997973 0.10969392 0.02331306 0.24966737 0.26459547 0.26323184 0.42012873 0.24623919 -0.08839973 0.36745075 0.30927741 0.08874992 0.47433737 0.53229057 -0.12564214 0.38763386 0.45574175 0.44091083 0.35652975 0.51691401 0.40744936 0.49730180 0.42155030 0.56703611 0.55151055 0.43258165 -0.24068239 0.53944518 0.27337318 0.64365663 0.11011416 0.12264695 1.00000000 0.17330363
0.31132702 0.01196106 0.23219231 0.14139747 0.10427359 0.24421293 0.13309272 0.21163442 0.00364130 0.04149003 0.30838992 0.18988751 0.19394666 0.33468627 0.36329170 0.19540811 0.24632711 0.33099668 0.10449442 -0.06770827 0.17712322 0.19721610 0.33832353 0.41327541 0.20159544 0.14779889 0.22488674 0.16576464 0.16483725 0.30671794 0.12377185 0.21398167 0.26270118 0.26871322 0.07971220 0.08090086 0.28509650 -0.01462788 0.24608987 0.32400995 0.20316668 0.38064333 0.14227211 0.08902533 0.08081186 0.18191080 0.21042853 0.27918915 0.24151637 0.21325117 0.14255248 0.06114082 0.47419481 0.38047297 0.28702039 0.51304388 0.38717346 0.04499414 0.47837302 0.27962998 -0.05223653 0.24772723 0.42525908 0.24961213 0.50037461 0.21046737 0.31238010 0.30801977 0.47810297 0.14568826 0.22339426 0.48598304 0.29719341 0.30960829 0.05535405 0.45901482 0.17330363 1.00000000
