1.00000000 0.08758502 0.36212472 0.42056763 0.49729062 0.55260163 0.50059291 0.47821316 -0.07568928 0.27335030 0.44572724 0.51465348 0.46001797 0.48557232 0.33803712 0.28202368 0.61375710 0.31186065 -0.08438247 -0.28566309 0.05802058 0.57927063 0.30811523 0.34780151 0.19356375 0.37354531 0.36481497 0.26626932 0.26089907 0.43684055 0.44040157 0.55802806 0.39058860 0.28184695 0.36030998 0.18316476 0.37460043 0.33524402 0.36519780 0.11615724 0.12216540 0.12074297 0.24693858 -0.04121678 0.20917038 -0.02076570 -0.03500418 0.03955726 0.26980141 0.45576538 0.37743400 0.32518128 0.10570994 0.44629257 -0.02291967 0.25637251 0.50033744 0.42391036 0.06531781 0.19994779 0.31057990 0.36680691 0.40420813 0.28691275 0.39790765 0.32993708 0.19351139 0.33912229 0.18301224 0.36763455 0.04104969 0.15703890 0.33406848 0.33620070 0.25731323 0.29378846 0.48731021 0.16446078
0.08758502 1.00000000 0.25369793 0.52417251 0.46064966 -0.08753372 0.15429529 -0.12448610 0.80557335 0.76674340 0.52672582 0.28078574 0.40388037 -0.03752654 0.58455887 0.59509124 0.09672988 0.48863709 0.47442295 0.29412454 0.59820744 -0.03078560 0.18559572 0.37343876 0.60386885 0.43243721 0.18658044 0.34316622 0.46713596 0.30044088 0.13249989 0.11014262 0.30359885 0.47796382 0.29104123 0.55842646 0.55300944 0.10835056 0.01691904 0.40103814 0.08244051 0.41349795 0.07936868 0.13421300 -0.02775461 0.21087716 0.21066255 0.29129956 0.13143617 0.26271945 0.01419172 -0.04145794 0.57780420 0.34344945 0.21435888 0.49679253 0.24799067 -0.01113340 0.59611214 0.04650073 -0.23340530 0.22738660 0.32401019 0.15444957 0.42082321 -0.15394111 0.02926393 -0.12713596 0.26296249 0.00861740 0.16644904 0.26361615 -0.02187477 0.01419714 0.12618160 0.25051569 -0.12933634 0.36013959
0.36212472 0.25369793 1.00000000 0.43596763 0.30689691 0.18519669 0.44311742 0.20334160 0.19672710 0.29256848 0.27540605 0.40385707 0.46102502 0.15871023 0.24143668 0.26842672 0.18178482 0.28785857 0.04621715 -0.06611542 0.05768419 0.14649021 0.37256490 0.22233213 0.24990070 0.16001562 0.22140877 0.19149695 0.29274703 0.18694080 0.10778447 0.26576974 0.26422754 0.31190363 0.26849408 0.21109449 0.36909634 0.29542942 0.09002301 0.15817333 0.25379277 0.23442870 0.30579944 0.19992690 0.23746570 0.29891429 0.10273434 0.10077820 0.13497413 0.28472033 0.24314189 0.41019803 0.12034937 0.32647752 0.10337954 0.13662186 0.31468773 0.37555938 0.06068499 0.27521048 0.23841113 0.36794922 0.18209143 0.26081990 0.24680611 0.27848679 0.12406596 0.30053361 0.14001348 0.23640843 0.18550735 0.13691584 0.35638425 0.32482408 0.32465741 0.42971690 0.43396708 0.10500403
0.42056763 0.52417251 0.43596763 1.00000000 0.64003052 0.38010686 0.51929142 0.39427752 0.45976885 0.61553471 0.51448183 0.57533640 0.71709832 0.35385313 0.52916188 0.58480624 0.53444488 0.47968825 0.15018515 -0.09029706 0.44721006 0.19688714 0.32197408 0.37171656 0.65494643 0.46764137 0.46028190 0.39788764 0.38357623 0.50570300 0.35563581 0.31682903 0.37877884 0.49679567 0.55673167 0.30546495 0.53271714 0.31323660 0.31717645 0.23955134 0.17151335 0.34820606 0.20592873 0.08101633 0.17064178 0.19561537 0.02641771 0.28620683 0.30957237 0.33997960 0.15334338 0.28721097 0.46183879 0.55044648 0.13362533 0.51444814 0.44706305 0.35651312 0.41692323 0.21219744 0.11021362 0.41600969 0.47358606 0.36703975 0.55541826 0.22964322 0.27530796 0.25367539 0.29824090 0.23062613 0.15335723 0.37070244 0.32529205 0.37076133 0.19635160 0.38040447 0.33732872 0.31180921
0.49729062 0.46064966 0.30689691 0.64003052 1.00000000 0.37504348 0.51238850 0.55472863 0.34225171 0.59206934 0.52383467 0.59829961 0.65049057 0.37620160 0.40342174 0.48688888 0.50618953 0.36471355 0.12020197 -0.00629400 0.45321010 0.31137377 0.12534022 0.34326952 0.48575193 0.48625258 0.44836753 0.33107964 0.39152653 0.46805686 0.48751643 0.31090601 0.31629980 0.44947098 0.43552259 0.29047455 0.51179263 0.32576347 0.40165717 0.27859661 0.04349644 0.37330723 0.07055392 0.12032763 0.15150258 0.11879875 0.08126113 0.22518159 0.28269674 0.35671891 0.13924663 0.23026008 0.37767661 0.41925041 0.08166607 0.45203660 0.39784298 0.17473445 0.41650207 0.13704827 0.04663834 0.33427243 0.49270870 0.25219563 0.48287541 0.04180536 0.12836405 0.13509073 0.21803764 0.20996148 0.15979906 0.21311287 0.19784335 0.14996389 0.16012768 0.34455570 0.17427124 0.24568169
0.55260163 -0.08753372 0.18519669 0.38010686 0.37504348 1.00000000 0.26317406 0.68502669 -0.27167652 0.00460227 0.38851971 0.45543974 0.41324617 0.66552858 0.18024430 0.14571341 0.67222466 0.27501671 -0.21980034 -0.56691502 -0.11319940 0.34419008 0.44828571 0.29044299 0.03982165 0.19012231 0.50663188 0.44862738 0.00965686 0.57598686 0.41626720 0.41666509 0.41462549 0.24909172 0.39940928 -0.13477058 0.20776659 0.05862256 0.61414115 -0.07701666 0.24671209 0.01874909 0.15501372 -0.13139131 0.38296886 -0.09842041 -0.33312781 0.14267208 0.36664890 0.20183384 0.07765971 0.28345378 0.08254527 0.51316189 0.21786831 0.23141441 0.51757357 0.36689348 -0.00057591 0.44327371 0.36114808 0.30890320 0.38196683 0.49320196 0.47801003 0.60697300 0.37808950 0.31872102 0.23501251 0.25552772 -0.13509162 0.31167306 0.56417860 0.49666936 0.04592979 0.14419678 0.52952487 0.29200730
0.50059291 0.15429529 0.44311742 0.51929142 0.51238850 0.26317406 1.00000000 0.44768248 0.05612776 0.41134512 0.43285867 0.59761887 0.55334374 0.30519692 0.41055067 0.31672619 0.37192150 0.24178902 -0.24271298 0.04683820 0.23611294 0.53415410 -0.00330425 0.29728606 0.39243450 0.46088735 0.09252129 0.05366720 0.41699680 0.07393949 0.34386246 0.36847159 0.18239400 0.30070345 0.28916061 0.21526582 0.36733628 0.46179007 -0.04081862 0.27916875 0.10729394 0.28279856 0.29566455 0.25418202 -0.00430125 0.27710066 0.30064804 0.10760924 0.15201393 0.37921676 0.42565986 0.43575358 0.04187752 0.33607252 -0.09304104 0.10680911 0.30726323 0.46308716 0.01319700 0.04245543 0.19141196 0.40343338 0.30606194 0.12291434 0.22668152 0.06562175 0.28859655 0.47161851 0.27484864 0.40124110 0.22396242 0.26796660 0.13417790 0.27211515 0.27965318 0.33335383 0.44545896 0.06232464
0.47821316 -0.12448610 0.20334160 0.39427752 0.55472863 0.68502669 0.44768248 1.00000000 -0.16251614 0.07716203 0.19699725 0.64276285 0.50963761 0.62390182 -0.01218249 0.05522467 0.61613339 0.02906196 -0.27107055 -0.31345377 -0.03950793 0.32663588 0.10544150 0.05423905 0.12663760 0.21643603 0.48072459 0.23980370 -0.04335424 0.37973806 0.37141673 0.24899337 0.13018808 0.12864486 0.39503548 -0.20765948 0.14546421 0.25455006 0.53417404 0.03291773 0.13322813 0.11606656 0.05579989 0.03284658 0.36745350 0.04320064 -0.14374906 0.16011967 0.24281310 0.20824358 0.08406930 0.32727543 0.02615958 0.33996049 0.00628186 0.18104619 0.34232881 0.30029292 -0.02429184 0.25759174 0.30225547 0.22186564 0.32820369 0.38055823 0.31036513 0.35928857 0.30935393 0.33529985 0.11102544 0.27617847 0.00212849 0.18435637 0.37662693 0.31123524 0.03397422 0.16190025 0.44478151 0.05275688
-0.07568928 0.80557335 0.19672710 0.45976885 0.34225171 -0.27167652 0.05612776 -0.16251614 1.00000000 0.68283897 0.29987019 0.19940128 0.33884959 -0.09904280 0.42107358 0.49641787 -0.05228844 0.33288229 0.43643862 0.39332767 0.53467121 -0.21616709 0.05500213 0.13388271 0.59968107 0.33157490 0.06090113 0.20842430 0.40426615 0.15065458 -0.03198935 -0.07535566 0.18359633 0.36252316 0.23553144 0.52493785 0.39539782 0.11690508 -0.10818637 0.35475305 -0.00144574 0.38121209 -0.00582334 0.17945944 -0.08052340 0.24694938 0.26648933 0.25371368 0.01944807 0.15027043 -0.06866273 -0.10187275 0.51494609 0.19943291 0.09186256 0.42319595 0.12053442 -0.02507413 0.55158486 -0.08604951 -0.27574266 0.15084806 0.19866015 0.03568219 0.26196171 -0.23516499 -0.01631054 -0.10882321 0.22087119 -0.06519466 0.19498564 0.21126319 -0.11544213 -0.00157898 0.06694876 0.18691674 -0.17959084 0.25500718
0.27335030 0.76674340 0.29256848 0.61553471 0.59206934 0.00460227 0.41134512 0.07716203 0.68283897 1.00000000 0.55511717 0.43674139 0.54959232 0.08756100 0.59543315 0.64465659 0.23445883 0.46902857 0.31017798 0.29154733 0.62409972 0.11989693 0.12584488 0.35895347 0.67036362 0.56178853 0.18213397 0.29162494 0.52314965 0.29615809 0.26640255 0.18431115 0.27342092 0.47594530 0.34896135 0.55924512 0.57712689 0.26994954 0.02436479 0.41547871 0.03643966 0.45965088 0.09680175 0.20309015 -0.06098225 0.23669563 0.29969592 0.24957341 0.18375206 0.36034041 0.15413554 0.06741148 0.50155366 0.35976504 0.07389253 0.46666130 0.33535772 0.12496128 0.51173059 -0.02434380 -0.18117486 0.29134462 0.38947277 0.11764489 0.42324371 -0.15498651 0.07999955 0.05322260 0.30551791 0.12738461 0.20799516 0.27020564 -0.02475654 0.06246804 0.18316271 0.31424698 0.00935359 0.27771917
0.44572724 0.52672582 0.27540605 0.51448183 0.52383467 0.38851971 0.43285867 0.19699725 0.29987019 0.55511717 1.00000000 0.40394155 0.46697886 0.28345757 0.66503928 0.48632388 0.36067799 0.49815960 0.11828533 -0.01079448 0.38488159 0.45968999 0.23494400 0.65769336 0.37658463 0.45012097 0.20474321 0.53155465 0.48076917 0.44635429 0.54202546 0.46132925 0.61016445 0.56911261 0.25170588 0.38438553 0.55079422 0.22781650 0.21935163 0.36239846 0.19635825 0.37094351 0.29609740 0.01435156 0.10472242 0.13356648 0.08865595 0.33332641 0.35542756 0.33055107 0.17258681 0.17837275 0.29832791 0.47525125 0.29882130 0.31883358 0.51859899 0.22142599 0.36057029 0.27089678 0.08842042 0.30013181 0.46343300 0.26261119 0.50131100 0.11980650 0.15578035 0.11457224 0.44782572 0.14788400 0.07543178 0.40440476 0.21953042 0.29655371 0.13558519 0.30842942 0.21728416 0.50714269
0.51465348 0.28078574 0.40385707 0.57533640 0.59829961 0.45543974 0.59761887 0.64276285 0.19940128 0.43674139 0.40394155 1.00000000 0.65559469 0.48446108 0.32017923 0.35512093 0.56025495 0.25887644 -0.07178046 -0.00460189 0.27337050 0.36343757 0.13356905 0.25091564 0.46930618 0.42446273 0.39665536 0.24134508 0.22052305 0.34402903 0.34995366 0.31928382 0.20085086 0.26121896 0.40195820 0.10830379 0.38612177 0.36623743 0.28606250 0.22849465 0.16339360 0.26762949 0.22109299 0.16984203 0.29954781 0.25495714 0.08470985 0.19368679 0.20855145 0.29009739 0.13620062 0.36004460 0.20646141 0.35394928 0.05654570 0.28104710 0.36759843 0.26352613 0.16980503 0.17047864 0.20131090 0.27049186 0.32858745 0.33939555 0.38135951 0.17818910 0.21049187 0.29232747 0.26696356 0.18275200 0.18791010 0.26071096 0.22235297 0.24748592 0.09292682 0.35927379 0.32858213 0.23655026
0.46001797 0.40388037 0.46102502 0.71709832 0.65049057 0.41324617 0.55334374 0.50963761 0.33884959 0.54959232 0.46697886 0.65559469 1.00000000 0.37278153 0.42074807 0.48257439 0.50680253 0.42325056 0.06240133 -0.01795137 0.38726134 0.28216967 0.25746158 0.35966689 0.52378197 0.43256814 0.45108029 0.34177690 0.33339196 0.43778214 0.35366708 0.34148469 0.27657240 0.42424390 0.51829958 0.25332969 0.51270195 0.39502866 0.33513214 0.23451949 0.23694232 0.37626478 0.20342346 0.16504578 0.24602976 0.24442165 0.04244957 0.30741981 0.29277175 0.38799540 0.16681181 0.31476484 0.33270486 0.47466044 0.16337646 0.40124411 0.45625995 0.32135767 0.26667630 0.24454747 0.20371152 0.43428634 0.43047826 0.42484369 0.49479181 0.21488123 0.31920804 0.31491190 0.33310764 0.28747678 0.13895589 0.37130413 0.28187883 0.34967979 0.16610188 0.35964083 0.39081611 0.29275340
0.48557232 -0.03752654 0.15871023 0.35385313 0.37620160 0.66552858 0.30519692 0.62390182 -0.09904280 0.08756100 0.28345757 0.48446108 0.37278153 1.00000000 0.16052616 0.16781781 0.70677921 0.28425111 -0.13191924 -0.32042356 0.05563251 0.36943951 0.33646837 0.22160375 0.13785196 0.30419754 0.41122440 0.36056624 0.03686663 0.45618088 0.37582752 0.35652285 0.36260329 0.19922138 0.36955246 -0.06834282 0.16783816 0.11145155 0.55077606 -0.03955644 0.22752582 0.11848174 0.15215192 -0.04233759 0.41529458 -0.01063834 -0.21340675 0.16056445 0.31588513 0.18312955 0.12865699 0.27735513 0.10041246 0.37338549 0.11802112 0.22716620 0.41086383 0.30598660 0.04795464 0.32949819 0.36240358 0.20140372 0.30237885 0.41232506 0.37235887 0.48852007 0.21246692 0.22378298 0.07429685 0.20613708 0.03018908 0.15628126 0.46304115 0.35796487 0.12443622 0.21224977 0.41032884 0.18515451
0.33803712 0.58455887 0.24143668 0.52916188 0.40342174 0.18024430 0.41055067 -0.01218249 0.42107358 0.59543315 0.66503928 0.32017923 0.42074807 0.16052616 1.00000000 0.74936394 0.33296057 0.70682716 0.26247213 0.08352073 0.65355437 0.33290883 0.34944448 0.69654756 0.62216973 0.61790045 0.09710854 0.32042179 0.55984897 0.30714890 0.29928732 0.38128016 0.41697319 0.48439810 0.33157020 0.57030889 0.59604536 0.21333597 -0.03169702 0.37326081 0.24158164 0.35769162 0.31876203 0.08375111 -0.02545964 0.17149337 0.18538153 0.27555576 0.27777094 0.35135128 0.22485891 0.09444034 0.44702668 0.46943213 0.19161817 0.40866884 0.38706688 0.23942463 0.40575819 0.07269180 -0.07089853 0.36290428 0.36660071 0.17745806 0.47712022 0.00149296 0.18543283 0.15385873 0.42506506 0.11761170 0.12243772 0.38026316 0.08600195 0.19396740 0.13828145 0.31391663 0.11757505 0.45783705
0.28202368 0.59509124 0.26842672 0.58480624 0.48688888 0.14571341 0.31672619 0.05522467 0.49641787 0.64465659 0.48632388 0.35512093 0.48257439 0.16781781 0.74936394 1.00000000 0.37919811 0.67041685 0.40607773 0.13182556 0.69976455 0.10623872 0.41201363 0.49410354 0.73832699 0.63569270 0.22927216 0.31988159 0.51362963 0.37570576 0.26315605 0.22897429 0.29330852 0.45969909 0.36758165 0.51243073 0.59081680 0.23336286 0.08440026 0.32601934 0.18569362 0.38363359 0.14632265 0.13437284 0.03632188 0.11364256 0.12593458 0.23495510 0.31797113 0.34153268 0.17552613 0.10254600 0.55379854 0.41407645 0.13629410 0.50359164 0.29281481 0.15463459 0.47757328 0.03212748 -0.12851778 0.31316205 0.35283910 0.15461371 0.46668075 -0.02978352 0.13072408 0.09520237 0.25599732 0.09840338 0.16085434 0.24984976 0.11096923 0.05840993 0.17330009 0.36108409 0.03406782 0.31010671
0.61375710 0.09672988 0.18178482 0.53444488 0.50618953 0.67222466 0.37192150 0.61613339 -0.05228844 0.23445883 0.36067799 0.56025495 0.50680253 0.70677921 0.33296057 0.37919811 1.00000000 0.43290452 0.00910843 -0.28815201 0.23730101 0.48101676 0.40435076 0.38508942 0.32239033 0.45155134 0.55393377 0.40693442 0.11663870 0.60820227 0.48938134 0.45446550 0.35177650 0.26615393 0.51472909 0.04749637 0.34159016 0.20613277 0.57950823 0.04226069 0.21298581 0.13390636 0.21628459 -0.07315577 0.35703720 0.02061708 -0.20094419 0.17269824 0.32435201 0.29212088 0.18393832 0.28917086 0.25755926 0.48984904 0.16191737 0.39519852 0.44198100 0.28984429 0.17352846 0.31857260 0.31385327 0.27729435 0.40299900 0.48238069 0.53341329 0.41650314 0.25038518 0.20385028 0.14277728 0.25905135 0.02798965 0.22322856 0.42417071 0.27963019 0.12352555 0.26454455 0.38478504 0.26847891
0.31186065 0.48863709 0.28785857 0.47968825 0.36471355 0.27501671 0.24178902 0.02906196 0.33288229 0.46902857 0.49815960 0.25887644 0.42325056 0.28425111 0.70682716 0.67041685 0.43290452 1.00000000 0.43490448 -0.01208469 0.56043419 0.17977181 0.58037979 0.63506041 0.50989305 0.50607023 0.29672008 0.41583038 0.43985295 0.43419941 0.26455131 0.38607325 0.40375105 0.47574355 0.41417225 0.50365376 0.57091132 0.14222024 0.19617128 0.24945477 0.33285463 0.34836395 0.30974275 0.11593755 0.14957469 0.21445544 0.05764577 0.28548773 0.28055779 0.26680765 0.15820856 0.10733873 0.50157201 0.48120743 0.32810060 0.43348723 0.36184954 0.19411722 0.41075079 0.27297910 0.04619935 0.39762779 0.29608829 0.36671459 0.51562841 0.22329886 0.17901063 0.05894808 0.25967304 0.09343211 0.15692442 0.28508961 0.29216812 0.21741305 0.21122443 0.35949733 0.16296250 0.48356813
-0.08438247 0.47442295 0.04621715 0.15018515 0.12020197 -0.21980034 -0.24271298 -0.27107055 0.43643862 0.31017798 0.11828533 -0.07178046 0.06240133 -0.13191924 0.26247213 0.40607773 0.00910843 0.43490448 1.00000000 0.28966904 0.47718656 -0.23414402 0.26051593 0.19862724 0.29770203 0.20610959 0.16965675 0.20914341 0.17402801 0.22864672 -0.03910004 -0.03141501 0.07694644 0.23350316 0.11402094 0.35753740 0.32021035 -0.01807752 0.06566428 0.21871842 0.04545377 0.22366183 0.05222514 0.02628464 0.04540217 0.11630682 0.04580872 0.19462565 0.03737114 0.08620399 -0.02472093 -0.15379285 0.51126669 0.07203872 0.19801569 0.38442392 -0.06076523 -0.27250439 0.48439165 0.03307277 -0.20992334 -0.06406204 0.01667123 0.11315040 0.23660799 -0.14423326 -0.24690054 -0.41349528 -0.09241477 -0.18392526 0.17113276 -0.07845730 -0.02012656 -0.24359955 0.09603546 0.21892889 -0.33670060 0.24858793
-0.28566309 0.29412454 -0.06611542 -0.09029706 -0.00629400 -0.56691502 0.04683820 -0.31345377 0.39332767 0.29154733 -0.01079448 -0.00460189 -0.01795137 -0.32042356 0.08352073 0.13182556 -0.28815201 -0.01208469 0.28966904 1.00000000 0.44736920 -0.06997578 -0.33833578 0.05738645 0.29187717 0.09843499 -0.29751234 -0.22075525 0.20199399 -0.32060947 -0.17628707 -0.19696273 -0.22475425 0.00138022 -0.17379928 0.24173590 0.03186775 0.12868019 -0.41618095 0.29853595 -0.13123511 0.24221153 0.02948753 0.27241366 -0.18103819 0.33594735 0.48171088 0.06191931 -0.17127366 -0.05423577 0.01593312 -0.11117335 0.07846149 -0.34153370 -0.01705023 -0.05973192 -0.28019141 -0.29144418 0.15423497 -0.28438282 -0.22635660 -0.12671146 -0.17966424 -0.24752506 -0.18770383 -0.56103392 -0.18562767 -0.17310366 0.07955639 -0.15789287 0.22159803 -0.00407159 -0.49525815 -0.38006560 -0.10039086 0.04242357 -0.37898198 0.02966972
0.05802058 0.59820744 0.05768419 0.44721006 0.45321010 -0.11319940 0.23611294 -0.03950793 0.53467121 0.62409972 0.38488159 0.27337050 0.38726134 0.05563251 0.65355437 0.69976455 0.23730101 0.56043419 0.47718656 0.44736920 1.00000000 0.11091810 0.11805491 0.48058436 0.66127086 0.54069994 0.12333452 0.19054173 0.46276755 0.23813653 0.22048703 0.14329038 0.11994451 0.35640585 0.29878952 0.50315001 0.49496795 0.20478197 -0.01117393 0.36322115 0.08556432 0.40559993 0.14128351 0.15517709 -0.03027967 0.22988116 0.24851955 0.28544820 0.19886274 0.20208801 0.11494468 -0.02581416 0.52390717 0.19815882 0.15110645 0.42966092 0.11738148 -0.09001140 0.50974950 -0.07544277 -0.19243639 0.17629798 0.23884786 0.09845208 0.35437948 -0.27897996 -0.02140425 -0.12260415 0.19951978 -0.03605269 0.20201135 0.17934391 -0.12848857 -0.16371895 0.05670563 0.27247046 -0.19900991 0.32611542
0.57927063 -0.03078560 0.14649021 0.19688714 0.31137377 0.34419008 0.53415410 0.32663588 -0.21616709 0.11989693 0.45968999 0.36343757 0.28216967 0.36943951 0.33290883 0.10623872 0.48101676 0.17977181 -0.23414402 -0.06997578 0.11091810 1.00000000 -0.00194623 0.45571484 0.01845282 0.29627747 0.12790142 0.15301531 0.20714751 0.19715863 0.50098417 0.50567555 0.31011694 0.17338723 0.15823873 0.09411960 0.25311486 0.30979715 0.15431870 0.12183008 0.05743211 0.13141881 0.25739967 -0.02950273 0.03462597 0.06957011 0.08807482 0.11510614 0.12253767 0.25007313 0.34963844 0.18810680 -0.11658732 0.22095224 -0.02026780 0.00462894 0.32221645 0.28434968 -0.08348785 0.09743590 0.31047071 0.23577128 0.26201569 0.14998942 0.17208711 0.10800121 0.21088175 0.29008978 0.26572090 0.36064825 0.02250255 0.21897900 0.10395199 0.19363734 0.16256832 0.15542772 0.37367130 0.15523244
0.30811523 0.18559572 0.37256490 0.32197408 0.12534022 0.44828571 -0.00330425 0.10544150 0.05500213 0.12584488 0.23494400 0.13356905 0.25746158 0.33646837 0.34944448 0.41201363 0.40435076 0.58037979 0.26051593 -0.33833578 0.11805491 -0.00194623 1.00000000 0.36826974 0.19784106 0.11686859 0.35491693 0.40962084 0.18621547 0.47647227 0.08776383 0.33477390 0.37666808 0.29247280 0.31532927 0.21137914 0.32300341 -0.00970071 0.35745533 -0.09184031 0.37079134 0.06390721 0.26908360 -0.04721769 0.29129174 0.03476176 -0.22834552 0.13682020 0.27044101 0.13215517 0.06706095 0.14765392 0.25962143 0.42311034 0.32807069 0.24346663 0.32655462 0.24993969 0.11197708 0.39151017 0.27737059 0.29230310 0.13761703 0.44489294 0.40542573 0.53387209 0.21802313 0.09494581 0.12526763 0.11546890 -0.05031240 0.18361621 0.48809484 0.36499146 0.17028753 0.21673208 0.33664594 0.33907174
0.34780151 0.37343876 0.22233213 0.37171656 0.34326952 0.29044299 0.29728606 0.05423905 0.13388271 0.35895347 0.65769336 0.25091564 0.35966689 0.22160375 0.69654756 0.49410354 0.38508942 0.63506041 0.19862724 0.05738645 0.48058436 0.45571484 0.36826974 1.00000000 0.31465705 0.33736198 0.19002015 0.40484452 0.40243836 0.38109752 0.43557865 0.48722806 0.44762296 0.45285124 0.22182045 0.33497170 0.49023242 0.17002010 0.18326097 0.25271045 0.28433517 0.26361765 0.40532520 -0.06688705 0.13082021 0.14092649 0.00712231 0.29490873 0.34403452 0.21290967 0.16163933 0.11018618 0.25799802 0.36847994 0.41515342 0.22229666 0.39668903 0.11530774 0.24824041 0.29740208 0.13697565 0.32002270 0.30409417 0.34012019 0.45666660 0.14240701 0.14535534 0.06021956 0.45066430 0.11211796 0.02446481 0.38845999 0.18361623 0.22428166 0.04480667 0.25897267 0.16908040 0.54989865
0.19356375 0.60386885 0.24990070 0.65494643 0.48575193 0.03982165 0.39243450 0.12663760 0.59968107 0.67036362 0.37658463 0.46930618 0.52378197 0.13785196 0.62216973 0.73832699 0.32239033 0.50989305 0.29770203 0.29187717 0.66127086 0.01845282 0.19784106 0.31465705 1.00000000 0.56767340 0.20461167 0.25619311 0.48264806 0.28198409 0.19353264 0.13940787 0.17906955 0.42904752 0.41066926 0.45919524 0.47922827 0.32681550 0.01237719 0.35977326 0.11619135 0.38784097 0.13741695 0.23204702 0.02193899 0.24994122 0.24252634 0.26175735 0.18792351 0.28194983 0.14296865 0.14552949 0.55791022 0.35294696 0.01884335 0.50206442 0.21963418 0.19389670 0.52236117 -0.05450857 -0.14269399 0.29993075 0.34220591 0.13978454 0.39911991 -0.13595997 0.11458519 0.12086996 0.23463265 0.03427838 0.26053748 0.23106826 0.00168758 0.04138872 0.10301761 0.35950138 -0.00690988 0.24498546
0.37354531 0.43243721 0.16001562 0.46764137 0.48625258 0.19012231 0.46088735 0.21643603 0.33157490 0.56178853 0.45012097 0.42446273 0.43256814 0.30419754 0.61790045 0.63569270 0.45155134 0.50607023 0.20610959 0.09843499 0.54069994 0.29627747 0.11686859 0.33736198 0.56767340 1.00000000 0.10599901 0.14323912 0.42175059 0.21771926 0.28421316 0.25311362 0.24595497 0.32607903 0.36207502 0.43397219 0.47006011 0.26393341 0.03371933 0.33052165 0.09261819 0.34983200 0.16166202 0.22143797 0.04197594 0.14398206 0.24822621 0.09164178 0.27086351 0.35013133 0.33742092 0.22765293 0.36424356 0.32638841 -0.08231670 0.37467415 0.26448625 0.20804085 0.32246356 -0.06833494 -0.15631281 0.24693130 0.34013547 0.01947602 0.33965653 -0.09993585 0.07177116 0.17653891 0.18669707 0.14059512 0.22807700 0.14359854 0.01944853 0.02588438 0.15087280 0.33078500 0.07152655 0.15683526
0.36481497 0.18658044 0.22140877 0.46028190 0.44836753 0.50663188 0.09252129 0.48072459 0.06090113 0.18213397 0.20474321 0.39665536 0.45108029 0.41122440 0.09710854 0.22927216 0.55393377 0.29672008 0.16965675 -0.29751234 0.12333452 0.12790142 0.35491693 0.19002015 0.20461167 0.10599901 1.00000000 0.53916341 0.05373604 0.75381720 0.40434471 0.36684163 0.28420641 0.36822064 0.68091226 0.09760061 0.49316075 0.18288746 0.76065836 0.05299913 0.17251512 0.19059007 -0.00536119 -0.11409780 0.32402132 0.05500506 -0.30341805 0.28101754 0.15018151 0.23809206 -0.04749101 0.07377675 0.40744355 0.56247369 0.26368999 0.52070002 0.40424090 0.16377774 0.33387068 0.40722733 0.22907207 0.30009471 0.43674821 0.61099223 0.59247378 0.41950562 0.17509542 0.00069944 0.04449612 0.14267070 0.00113379 0.14685187 0.48687174 0.22751656 0.13042145 0.25447825 0.30296103 0.22901862
0.26626932 0.34316622 0.19149695 0.39788764 0.33107964 0.44862738 0.05366720 0.23980370 0.20842430 0.29162494 0.53155465 0.24134508 0.34177690 0.36056624 0.32042179 0.31988159 0.40693442 0.41583038 0.20914341 -0.22075525 0.19054173 0.15301531 0.40962084 0.40484452 0.25619311 0.14323912 0.53916341 1.00000000 0.26373816 0.76090881 0.59551543 0.43593942 0.67220516 0.60086427 0.42295502 0.24461713 0.47750866 0.17048627 0.62682158 0.14984625 0.22838908 0.26807975 0.08921719 -0.19283694 0.29145119 0.00932093 -0.30756495 0.47848678 0.29364967 0.18303472 -0.11738825 0.02428409 0.43001802 0.56691186 0.44475431 0.46524523 0.48784222 0.10670156 0.44099515 0.51467882 0.19770561 0.19064650 0.41942050 0.54936220 0.59260585 0.36536662 0.15432298 -0.09411850 0.20448595 0.08019627 -0.00830224 0.29698293 0.47992710 0.31538195 0.15389785 0.22133889 0.19044907 0.45784063
0.26089907 0.46713596 0.29274703 0.38357623 0.39152653 0.00965686 0.41699680 -0.04335424 0.40426615 0.52314965 0.48076917 0.22052305 0.33339196 0.03686663 0.55984897 0.51362963 0.11663870 0.43985295 0.17402801 0.20199399 0.46276755 0.20714751 0.18621547 0.40243836 0.48264806 0.42175059 0.05373604 0.26373816 1.00000000 0.16730558 0.27352855 0.28304867 0.32061562 0.60003299 0.30584248 0.65748832 0.59782364 0.36745942 -0.08168975 0.30233430 0.04763956 0.36679746 0.16077590 0.26162338 -0.13660011 0.24109925 0.37013109 0.12418466 0.13499838 0.25834823 0.26758214 0.20118425 0.25318341 0.36669266 0.01103275 0.26612949 0.35243483 0.28979838 0.30342274 -0.06337194 -0.09227450 0.39328329 0.36657900 0.02693920 0.30856489 -0.07998244 0.15242224 0.19046476 0.35004896 0.18606402 0.14533530 0.30064280 -0.02453094 0.10125004 0.19615955 0.27881060 0.16878523 0.23725148
0.43684055 0.30044088 0.18694080 0.50570300 0.46805686 0.57598686 0.07393949 0.37973806 0.15065458 0.29615809 0.44635429 0.34402903 0.43778214 0.45618088 0.30714890 0.37570576 0.60820227 0.43419941 0.22864672 -0.32060947 0.23813653 0.19715863 0.47647227 0.38109752 0.28198409 0.21771926 0.75381720 0.76090881 0.16730558 1.00000000 0.56220757 0.46799228 0.56368152 0.50736075 0.62245286 0.25715917 0.58199642 0.14180483 0.76251704 0.08521886 0.15234695 0.24191403 0.06633320 -0.22942309 0.30446620 -0.06144851 -0.37609974 0.35559926 0.28826910 0.30020140 -0.05448415 0.03339351 0.51480000 0.65757281 0.34757393 0.64001847 0.54322539 0.15579297 0.47543179 0.46418569 0.22109545 0.29145644 0.53204404 0.61265068 0.72587163 0.41050276 0.14338501 -0.07405587 0.16842825 0.13341060 -0.05193006 0.24998210 0.52418368 0.28471950 0.13545385 0.23713881 0.25306821 0.41279059
0.44040157 0.13249989 0.10778447 0.35563581 0.48751643 0.41626720 0.34386246 0.37141673 -0.03198935 0.26640255 0.54202546 0.34995366 0.35366708 0.37582752 0.29928732 0.26315605 0.48938134 0.26455131 -0.03910004 -0.17628707 0.22048703 0.50098417 0.08776383 0.43557865 0.19353264 0.28421316 0.40434471 0.59551543 0.27352855 0.56220757 1.00000000 0.51792260 0.54699698 0.50179590 0.30498144 0.17525921 0.42420999 0.44122317 0.51144901 0.23478022 0.10492697 0.26360912 0.17341918 -0.08163699 0.21041605 0.03755990 -0.08984905 0.34490724 0.31032785 0.24219682 0.08662351 0.19022527 0.19262674 0.38769504 0.17699970 0.28599170 0.48862619 0.19553700 0.25971495 0.27427571 0.23337691 0.22551584 0.46792355 0.35311016 0.45636193 0.10409210 0.04406161 0.07807172 0.23094965 0.12296009 0.01767334 0.14837125 0.25501643 0.15897805 0.10986605 0.24246836 0.20677045 0.28287543
0.55802806 0.11014262 0.26576974 0.31682903 0.31090601 0.41666509 0.36847159 0.24899337 -0.07535566 0.18431115 0.46132925 0.31928382 0.34148469 0.35652285 0.38128016 0.22897429 0.45446550 0.38607325 -0.03141501 -0.19696273 0.14329038 0.50567555 0.33477390 0.48722806 0.13940787 0.25311362 0.36684163 0.43593942 0.28304867 0.46799228 0.51792260 1.00000000 0.49332673 0.34805143 0.42040410 0.24372884 0.40395379 0.28756905 0.35407078 0.09862533 0.25058689 0.13132823 0.33911782 -0.08720050 0.22573928 0.08939383 -0.10058015 0.23567792 0.16379847 0.29516557 0.20865079 0.18611324 0.12315222 0.42385369 0.24853382 0.17687676 0.44897311 0.33329203 0.10903571 0.31292457 0.37463102 0.34211498 0.29063286 0.40102107 0.40703662 0.31630077 0.13264583 0.15674477 0.24735117 0.21207168 0.06407888 0.18170773 0.32461178 0.34694314 0.18009122 0.23916142 0.34907724 0.32047063
0.39058860 0.30359885 0.26422754 0.37877884 0.31629980 0.41462549 0.18239400 0.13018808 0.18359633 0.27342092 0.61016445 0.20085086 0.27657240 0.36260329 0.41697319 0.29330852 0.35177650 0.40375105 0.07694644 -0.22475425 0.11994451 0.31011694 0.37666808 0.44762296 0.17906955 0.24595497 0.28420641 0.67220516 0.32061562 0.56368152 0.54699698 0.49332673 1.00000000 0.60650191 0.27328560 0.30239629 0.38758562 0.06607698 0.42370291 0.11786545 0.10092299 0.23399151 0.16922544 -0.22915718 0.16369211 -0.06162418 -0.19985336 0.35008056 0.33584214 0.17863960 0.06369624 0.08370051 0.29841512 0.53523782 0.31927267 0.36986973 0.54482385 0.24986605 0.37394085 0.43345936 0.18768613 0.25403156 0.46082449 0.36161467 0.51782431 0.32680303 0.16599645 0.03209947 0.29191261 0.17869970 -0.10917982 0.34173205 0.40699106 0.43094228 0.20308434 0.15410374 0.30971656 0.44099396
0.28184695 0.47796382 0.31190363 0.49679567 0.44947098 0.24909172 0.30070345 0.12864486 0.36252316 0.47594530 0.56911261 0.26121896 0.42424390 0.19922138 0.48439810 0.45969909 0.26615393 0.47574355 0.23350316 0.00138022 0.35640585 0.17338723 0.29247280 0.45285124 0.42904752 0.32607903 0.36822064 0.60086427 0.60003299 0.50736075 0.50179590 0.34805143 0.60650191 1.00000000 0.42111885 0.46083010 0.59975186 0.24498833 0.30794896 0.30735639 0.11435289 0.40426171 0.13307793 0.04150963 0.06239490 0.18277836 0.06184460 0.36653152 0.22133401 0.27141327 0.10511298 0.12252436 0.43212440 0.56574589 0.28145946 0.44983291 0.47288887 0.24780389 0.48261382 0.29366463 0.03689772 0.41534603 0.53903796 0.36481302 0.55627221 0.15057461 0.21657685 0.08551074 0.33789741 0.20788277 0.06023074 0.36707559 0.25165586 0.30276580 0.23266533 0.27081857 0.23478651 0.38260194
0.36030998 0.29104123 0.26849408 0.55673167 0.43552259 0.39940928 0.28916061 0.39503548 0.23553144 0.34896135 0.25170588 0.40195820 0.51829958 0.36955246 0.33157020 0.36758165 0.51472909 0.41417225 0.11402094 -0.17379928 0.29878952 0.15823873 0.31532927 0.22182045 0.41066926 0.36207502 0.68091226 0.42295502 0.30584248 0.62245286 0.30498144 0.42040410 0.27328560 0.42111885 1.00000000 0.41186631 0.59892265 0.28714904 0.49124081 0.17580828 0.15663583 0.31074460 0.04814203 0.11483889 0.15047691 0.20425770 -0.02772153 0.21833237 0.12614327 0.38276475 0.15302953 0.16614410 0.44107098 0.65126352 0.12095023 0.56099261 0.47631871 0.37511171 0.36022949 0.25017398 0.13853178 0.48105611 0.52168481 0.49258066 0.57380998 0.30530766 0.27429638 0.19319989 0.18184815 0.23529005 0.12289419 0.24473014 0.39055924 0.29330867 0.18486930 0.30141436 0.34401953 0.19193861
0.18316476 0.55842646 0.21109449 0.30546495 0.29047455 -0.13477058 0.21526582 -0.20765948 0.52493785 0.55924512 0.38438553 0.10830379 0.25332969 -0.06834282 0.57030889 0.51243073 0.04749637 0.50365376 0.35753740 0.24173590 0.50315001 0.09411960 0.21137914 0.33497170 0.45919524 0.43397219 0.09760061 0.24461713 0.65748832 0.25715917 0.17525921 0.24372884 0.30239629 0.46083010 0.41186631 1.00000000 0.66289958 0.33813892 -0.11065989 0.35049936 0.02959148 0.40862435 0.09893924 0.24961157 -0.15182440 0.24552727 0.32951747 0.14020662 0.00081624 0.31284358 0.15945610 -0.01736619 0.42404711 0.34396726 0.04764943 0.39965004 0.29231719 0.15946971 0.44701796 -0.05636196 -0.17846180 0.34277881 0.30625855 0.05630525 0.31712858 -0.19555798 -0.06589655 -0.05248154 0.25016071 -0.00433095 0.14452623 0.14678241 -0.09196291 -0.03580534 0.17254231 0.23394677 -0.01490189 0.22252804
0.37460043 0.55300944 0.36909634 0.53271714 0.51179263 0.20776659 0.36733628 0.14546421 0.39539782 0.57712689 0.55079422 0.38612177 0.51270195 0.16783816 0.59604536 0.59081680 0.34159016 0.57091132 0.32021035 0.03186775 0.49496795 0.25311486 0.32300341 0.49023242 0.47922827 0.47006011 0.49316075 0.47750866 0.59782364 0.58199642 0.42420999 0.40395379 0.38758562 0.59975186 0.59892265 0.66289958 1.00000000 0.36165840 0.27211486 0.36755867 0.13069559 0.45415141 0.22855053 0.14591244 0.04919574 0.25414827 0.14126412 0.25576656 0.16062913 0.45091534 0.19072596 0.14668663 0.50202544 0.57010537 0.17504140 0.54575518 0.45978465 0.22260782 0.47030143 0.18052066 -0.02466823 0.42802648 0.48422914 0.32731932 0.58361686 0.04400877 0.06270657 0.03520764 0.31482826 0.18938423 0.14325374 0.24765111 0.23077226 0.11902274 0.24300631 0.42823924 0.19045444 0.35801850
0.33524402 0.10835056 0.29542942 0.31323660 0.32576347 0.05862256 0.46179007 0.25455006 0.11690508 0.26994954 0.22781650 0.36623743 0.39502866 0.11145155 0.21333597 0.23336286 0.20613277 0.14222024 -0.01807752 0.12868019 0.20478197 0.30979715 -0.00970071 0.17002010 0.32681550 0.26393341 0.18288746 0.17048627 0.36745942 0.14180483 0.44122317 0.28756905 0.06607698 0.24498833 0.28714904 0.33813892 0.36165840 1.00000000 0.08290456 0.30081401 0.20936389 0.25564424 0.24862600 0.29531280 0.13549781 0.34266015 0.27643248 0.16174657 0.07939545 0.29855694 0.26522069 0.29441428 0.04177279 0.10993961 -0.09238788 0.05809781 0.23120415 0.30434467 0.02194178 0.00353528 0.26586750 0.27848135 0.15646588 0.15771628 0.09810609 -0.09305512 0.02813543 0.32892858 0.16887944 0.08337347 0.26229810 0.00286238 0.00975600 0.06616590 0.12471034 0.37741915 0.23125141 -0.00597120
0.36519780 0.01691904 0.09002301 0.31717645 0.40165717 0.61414115 -0.04081862 0.53417404 -0.10818637 0.02436479 0.21935163 0.28606250 0.33513214 0.55077606 -0.03169702 0.08440026 0.57950823 0.19617128 0.06566428 -0.41618095 -0.01117393 0.15431870 0.35745533 0.18326097 0.01237719 0.03371933 0.76065836 0.62682158 -0.08168975 0.76251704 0.51144901 0.35407078 0.42370291 0.30794896 0.49124081 -0.11065989 0.27211486 0.08290456 1.00000000 -0.11753480 0.14188438 0.10234855 -0.04028184 -0.24483005 0.41582754 -0.10592201 -0.45649847 0.28538059 0.28855874 0.13071702 -0.11473056 0.06691649 0.27464764 0.45325685 0.30266955 0.40863848 0.43176254 0.09256116 0.26236668 0.48708275 0.33377167 0.15093766 0.41820922 0.58276406 0.53004102 0.48687949 0.12094604 -0.03215902 -0.01367660 0.09049222 -0.06827096 0.08508992 0.55831178 0.28116811 0.06990472 0.17252969 0.25919384 0.24273688
0.11615724 0.40103814 0.15817333 0.23955134 0.27859661 -0.07701666 0.27916875 0.03291773 0.35475305 0.41547871 0.36239846 0.22849465 0.23451949 -0.03955644 0.37326081 0.32601934 0.04226069 0.24945477 0.21871842 0.29853595 0.36322115 0.12183008 -0.09184031 0.25271045 0.35977326 0.33052165 0.05299913 0.14984625 0.30233430 0.08521886 0.23478022 0.09862533 0.11786545 0.30735639 0.17580828 0.35049936 0.36755867 0.30081401 -0.11753480 1.00000000 0.18781461 0.57437266 0.20315838 0.43478425 0.06837801 0.43516337 0.49574693 0.28836947 0.11230897 0.39976455 0.21650433 0.18075946 0.35093762 0.20360387 0.06919710 0.28626263 0.18650295 0.08259245 0.34127042 -0.00002200 -0.18023945 0.24032147 0.25629441 0.08175079 0.23572993 -0.23664685 0.02691253 0.09002246 0.30997627 0.04834211 0.29834636 0.17929687 -0.09767789 -0.04665007 0.11145475 0.33067891 -0.07320755 0.23939319
0.12216540 0.08244051 0.25379277 0.17151335 0.04349644 0.24671209 0.10729394 0.13322813 -0.00144574 0.03643966 0.19635825 0.16339360 0.23694232 0.22752582 0.24158164 0.18569362 0.21298581 0.33285463 0.04545377 -0.13123511 0.08556432 0.05743211 0.37079134 0.28433517 0.11619135 0.09261819 0.17251512 0.22838908 0.04763956 0.15234695 0.10492697 0.25058689 0.10092299 0.11435289 0.15663583 0.02959148 0.13069559 0.20936389 0.14188438 0.18781461 1.00000000 0.16052807 0.50036492 0.29531196 0.46087894 0.34115097 0.06157539 0.29628524 0.29477937 0.17720832 0.19137033 0.33695120 0.05047506 0.14033622 0.27926972 -0.05432316 0.14206369 0.26590067 -0.11118704 0.32351355 0.36384065 0.19424026 -0.08527165 0.35490041 0.10096365 0.41451225 0.18671982 0.31760152 0.10147614 -0.01505804 0.28522282 0.02169780 0.36632965 0.27041717 0.11994104 0.44904342 0.20096941 0.25513957
0.12074297 0.41349795 0.23442870 0.34820606 0.37330723 0.01874909 0.28279856 0.11606656 0.38121209 0.45965088 0.37094351 0.26762949 0.37626478 0.11848174 0.35769162 0.38363359 0.13390636 0.34836395 0.22366183 0.24221153 0.40559993 0.13141881 0.06390721 0.26361765 0.38784097 0.34983200 0.19059007 0.26807975 0.36679746 0.24191403 0.26360912 0.13132823 0.23399151 0.40426171 0.31074460 0.40862435 0.45415141 0.25564424 0.10234855 0.57437266 0.16052807 1.00000000 0.01669825 0.35062707 0.05617099 0.38124968 0.36344865 0.46589062 0.11959115 0.38557881 0.20945821 0.06246610 0.42935952 0.32911107 0.10536505 0.40125676 0.26259090 0.12749369 0.43492544 0.07135704 -0.11203494 0.27946555 0.36484681 0.16461355 0.31794959 -0.09056017 0.19029893 0.08322414 0.22547547 0.16677699 0.24342442 0.26139628 0.07510695 0.10504205 0.24629222 0.28564253 0.06563125 0.20500315
0.24693858 0.07936868 0.30579944 0.20592873 0.07055392 0.15501372 0.29566455 0.05579989 -0.00582334 0.09680175 0.29609740 0.22109299 0.20342346 0.15215192 0.31876203 0.14632265 0.21628459 0.30974275 0.05222514 0.02948753 0.14128351 0.25739967 0.26908360 0.40532520 0.13741695 0.16166202 -0.00536119 0.08921719 0.16077590 0.06633320 0.17341918 0.33911782 0.16922544 0.13307793 0.04814203 0.09893924 0.22855053 0.24862600 -0.04028184 0.20315838 0.50036492 0.01669825 1.00000000 0.20123777 0.34186186 0.40421836 0.21760498 0.05813629 0.21072653 0.14426912 0.37866173 0.50488089 -0.05456323 0.02823531 0.19648694 -0.14237397 0.10947605 0.23807750 -0.17131468 0.21799513 0.34212288 0.17005513 -0.14899283 0.21926812 0.12531065 0.15228069 -0.05641718 0.20830501 0.26225252 -0.00374368 0.17186870 0.06531704 0.12510326 0.14109433 0.01887174 0.43330510 0.20793867 0.38147583
-0.04121678 0.13421300 0.19992690 0.08101633 0.12032763 -0.13139131 0.25418202 0.03284658 0.17945944 0.20309015 0.01435156 0.16984203 0.16504578 -0.04233759 0.08375111 0.13437284 -0.07315577 0.11593755 0.02628464 0.27241366 0.15517709 -0.02950273 -0.04721769 -0.06688705 0.23204702 0.22143797 -0.11409780 -0.19283694 0.26162338 -0.22942309 -0.08163699 -0.08720050 -0.22915718 0.04150963 0.11483889 0.24961157 0.14591244 0.29531280 -0.24483005 0.43478425 0.29531196 0.35062707 0.20123777 1.00000000 0.04573268 0.61880790 0.71839443 -0.07324172 -0.05893793 0.14743627 0.20572154 0.41386241 -0.00389624 -0.07151652 -0.17682899 -0.07540447 -0.00936834 0.24287739 -0.06987964 -0.16151640 -0.04370909 0.22163215 -0.03305032 -0.10382860 -0.14458810 -0.15731165 -0.00133248 0.33421401 0.08987592 -0.04877496 0.40260737 -0.12262379 -0.12844068 -0.08254237 0.06254140 0.37955883 0.01286078 -0.08468829
0.20917038 -0.02775461 0.23746570 0.17064178 0.15150258 0.38296886 -0.00430125 0.36745350 -0.08052340 -0.06098225 0.10472242 0.29954781 0.24602976 0.41529458 -0.02545964 0.03632188 0.35703720 0.14957469 0.04540217 -0.18103819 -0.03027967 0.03462597 0.29129174 0.13082021 0.02193899 0.04197594 0.32402132 0.29145119 -0.13660011 0.30446620 0.21041605 0.22573928 0.16369211 0.06239490 0.15047691 -0.15182440 0.04919574 0.13549781 0.41582754 0.06837801 0.46087894 0.05617099 0.34186186 0.04573268 1.00000000 0.13291762 -0.23035764 0.16547301 0.35002283 0.03019394 -0.02857044 0.45182705 0.02873505 0.12090585 0.33300397 0.04633760 0.18000969 0.06255256 -0.03959059 0.47050064 0.39160342 0.05711477 0.00693566 0.41559246 0.21030793 0.39514002 -0.05052868 0.07960464 -0.03645052 -0.12854723 0.10858184 -0.02036364 0.39541080 0.15335123 -0.01963214 0.32784497 0.15651901 0.21564715
-0.02076570 0.21087716 0.29891429 0.19561537 0.11879875 -0.09842041 0.27710066 0.04320064 0.24694938 0.23669563 0.13356648 0.25495714 0.24442165 -0.01063834 0.17149337 0.11364256 0.02061708 0.21445544 0.11630682 0.33594735 0.22988116 0.06957011 0.03476176 0.14092649 0.24994122 0.14398206 0.05500506 0.00932093 0.24109925 -0.06144851 0.03755990 0.08939383 -0.06162418 0.18277836 0.20425770 0.24552727 0.25414827 0.34266015 -0.10592201 0.43516337 0.34115097 0.38124968 0.40421836 0.61880790 0.13291762 1.00000000 0.59983077 0.11206032 -0.13548311 -0.00474747 0.16789644 0.29004730 0.08293722 0.04629220 0.06276370 -0.04910538 0.03705598 0.19818564 0.04608067 0.04154597 0.12597787 0.27041107 -0.04257902 0.18600597 -0.00070909 -0.01545844 0.01672656 0.20873569 0.18636666 -0.04787576 0.44282234 0.01071040 0.02279878 0.05755227 0.14733842 0.46017995 0.05251372 0.15769644
-0.03500418 0.21066255 0.10273434 0.02641771 0.08126113 -0.33312781 0.30064804 -0.14374906 0.26648933 0.29969592 0.08865595 0.08470985 0.04244957 -0.21340675 0.18538153 0.12593458 -0.20094419 0.05764577 0.04580872 0.48171088 0.24851955 0.08807482 -0.22834552 0.00712231 0.24252634 0.24822621 -0.30341805 -0.30756495 0.37013109 -0.37609974 -0.08984905 -0.10058015 -0.19985336 0.06184460 -0.02772153 0.32951747 0.14126412 0.27643248 -0.45649847 0.49574693 0.06157539 0.36344865 0.21760498 0.71839443 -0.23035764 0.59983077 1.00000000 -0.05631592 -0.15972176 0.15403856 0.40676906 0.22899463 -0.03127617 -0.17180592 -0.26016327 -0.11289521 -0.08415097 0.15631591 -0.00295351 -0.35776351 -0.19803633 0.15388280 -0.04034271 -0.28186568 -0.19973285 -0.40582716 0.00034957 0.25833099 0.20703189 0.05131429 0.36703857 -0.01888793 -0.35509375 -0.14700926 0.08858168 0.28045834 -0.07709795 -0.02088193
0.03955726 0.29129956 0.10077820 0.28620683 0.22518159 0.14267208 0.10760924 0.16011967 0.25371368 0.24957341 0.33332641 0.19368679 0.30741981 0.16056445 0.27555576 0.23495510 0.17269824 0.28548773 0.19462565 0.06191931 0.28544820 0.11510614 0.13682020 0.29490873 0.26175735 0.09164178 0.28101754 0.47848678 0.12418466 0.35559926 0.34490724 0.23567792 0.35008056 0.36653152 0.21833237 0.14020662 0.25576656 0.16174657 0.28538059 0.28836947 0.29628524 0.46589062 0.05813629 -0.07324172 0.16547301 0.11206032 -0.05631592 1.00000000 0.17463240 0.19739632 -0.03103111 -0.10869128 0.39556839 0.29716345 0.33602245 0.33496269 0.21254528 0.03154343 0.40089557 0.27691642 0.10261886 0.14538490 0.23813356 0.35730658 0.33424218 0.10135074 0.25814710 -0.00548622 0.21298932 0.12068505 0.08072254 0.31456640 0.21054428 0.27098881 0.17340594 0.12315533 0.11260083 0.33977814
0.26980141 0.13143617 0.13497413 0.30957237 0.28269674 0.36664890 0.15201393 0.24281310 0.01944807 0.18375206 0.35542756 0.20855145 0.29277175 0.31588513 0.27777094 0.31797113 0.32435201 0.28055779 0.03737114 -0.17127366 0.19886274 0.12253767 0.27044101 0.34403452 0.18792351 0.27086351 0.15018151 0.29364967 0.13499838 0.28826910 0.31032785 0.16379847 0.33584214 0.22133401 0.12614327 0.00081624 0.16062913 0.07939545 0.28855874 0.11230897 0.29477937 0.11959115 0.21072653 -0.05893793 0.35002283 -0.13548311 -0.15972176 0.17463240 1.00000000 0.22623327 0.18870001 0.35201079 0.13228463 0.21800878 0.25411691 0.17687357 0.33670066 0.11663623 0.11777436 0.31069436 0.14240088 0.10705556 0.27081271 0.21981636 0.33779916 0.25011868 0.11960783 0.17040111 0.21137320 0.05843780 -0.06993395 0.28163500 0.28047569 0.24684003 0.01084574 0.23685364 0.22883577 0.29844091
0.45576538 0.26271945 0.28472033 0.33997960 0.35671891 0.20183384 0.37921676 0.20824358 0.15027043 0.36034041 0.33055107 0.29009739 0.38799540 0.18312955 0.35135128 0.34153268 0.29212088 0.26680765 0.08620399 -0.05423577 0.20208801 0.25007313 0.13215517 0.21290967 0.28194983 0.35013133 0.23809206 0.18303472 0.25834823 0.30020140 0.24219682 0.29516557 0.17863960 0.27141327 0.38276475 0.31284358 0.45091534 0.29855694 0.13071702 0.39976455 0.17720832 0.38557881 0.14426912 0.14743627 0.03019394 -0.00474747 0.15403856 0.19739632 0.22623327 1.00000000 0.45124637 0.27883118 0.30804315 0.40650113 -0.02532366 0.40444851 0.39545058 0.32966477 0.23544281 0.08767237 0.04696706 0.32455373 0.37594421 0.17381668 0.37209856 0.03344606 0.17945691 0.23187704 0.17198109 0.40003599 0.20437012 0.17223089 0.15707025 0.17437458 0.32351120 0.31575440 0.24725207 0.10152988
0.37743400 0.01419172 0.24314189 0.15334338 0.13924663 0.07765971 0.42565986 0.08406930 -0.06866273 0.15413554 0.17258681 0.13620062 0.16681181 0.12865699 0.22485891 0.17552613 0.18393832 0.15820856 -0.02472093 0.01593312 0.11494468 0.34963844 0.06706095 0.16163933 0.14296865 0.33742092 -0.04749101 -0.11738825 0.26758214 -0.05448415 0.08662351 0.20865079 0.06369624 0.10511298 0.15302953 0.15945610 0.19072596 0.26522069 -0.11473056 0.21650433 0.19137033 0.20945821 0.37866173 0.20572154 -0.02857044 0.16789644 0.40676906 -0.03103111 0.18870001 0.45124637 1.00000000 0.39597216 -0.01381557 0.12252089 -0.22607491 0.00378187 0.14014291 0.39052983 -0.11228051 -0.03374247 0.14117609 0.23330863 0.07110519 -0.04875356 0.02805095 0.02713848 0.18788149 0.36350897 0.05553376 0.41541081 0.22821955 0.04187250 0.05337888 0.11226532 0.38950195 0.35825135 0.30809147 -0.03598176
0.32518128 -0.04145794 0.41019803 0.28721097 0.23026008 0.28345378 0.43575358 0.32727543 -0.10187275 0.06741148 0.17837275 0.36004460 0.31476484 0.27735513 0.09444034 0.10254600 0.28917086 0.10733873 -0.15379285 -0.11117335 -0.02581416 0.18810680 0.14765392 0.11018618 0.14552949 0.22765293 0.07377675 0.02428409 0.20118425 0.03339351 0.19022527 0.18611324 0.08370051 0.12252436 0.16614410 -0.01736619 0.14668663 0.29441428 0.06691649 0.18075946 0.33695120 0.06246610 0.50488089 0.41386241 0.45182705 0.29004730 0.22899463 -0.10869128 0.35201079 0.27883118 0.39597216 1.00000000 -0.14159459 0.15457049 -0.05125207 -0.08675000 0.24174903 0.43530654 -0.23578751 0.21262047 0.32425057 0.25857482 0.07824997 0.13151865 0.09457304 0.22288432 0.05965971 0.45822953 0.10475250 0.13524843 0.22798164 0.03689087 0.22033895 0.18157520 0.14001629 0.47701300 0.38341372 0.03245296
0.10570994 0.57780420 0.12034937 0.46183879 0.37767661 0.08254527 0.04187752 0.02615958 0.51494609 0.50155366 0.29832791 0.20646141 0.33270486 0.10041246 0.44702668 0.55379854 0.25755926 0.50157201 0.51126669 0.07846149 0.52390717 -0.11658732 0.25962143 0.25799802 0.55791022 0.36424356 0.40744355 0.43001802 0.25318341 0.51480000 0.19262674 0.12315222 0.29841512 0.43212440 0.44107098 0.42404711 0.50202544 0.04177279 0.27464764 0.35093762 0.05047506 0.42935952 -0.05456323 -0.00389624 0.02873505 0.08293722 -0.03127617 0.39556839 0.13228463 0.30804315 -0.01381557 -0.14159459 1.00000000 0.51107790 0.25726014 0.83236273 0.24764227 -0.04810624 0.84440211 0.16888845 -0.29600941 0.23949351 0.41601342 0.31894680 0.62896469 -0.00992526 0.04357054 -0.26858725 0.07145450 0.05413235 0.18216037 0.17316488 0.22616310 -0.00683790 0.21109156 0.24516975 -0.18152581 0.36019115
0.44629257 0.34344945 0.32647752 0.55044648 0.41925041 0.51316189 0.33607252 0.33996049 0.19943291 0.35976504 0.47525125 0.35394928 0.47466044 0.37338549 0.46943213 0.41407645 0.48984904 0.48120743 0.07203872 -0.34153370 0.19815882 0.22095224 0.42311034 0.36847994 0.35294696 0.32638841 0.56247369 0.56691186 0.36669266 0.65757281 0.38769504 0.42385369 0.53523782 0.56574589 0.65126352 0.34396726 0.57010537 0.10993961 0.45325685 0.20360387 0.14033622 0.32911107 0.02823531 -0.07151652 0.12090585 0.04629220 -0.17180592 0.29716345 0.21800878 0.40650113 0.12252089 0.15457049 0.51107790 1.00000000 0.25653419 0.64596821 0.67069050 0.44361378 0.46777994 0.45956983 0.09776075 0.55013427 0.70202862 0.54756037 0.73526169 0.43974674 0.41547370 0.17976361 0.27857372 0.35331051 0.00452491 0.45570206 0.52471624 0.45713964 0.31466095 0.22122234 0.44562140 0.32045594
-0.02291967 0.21435888 0.10337954 0.13362533 0.08166607 0.21786831 -0.09304104 0.00628186 0.09186256 0.07389253 0.29882130 0.05654570 0.16337646 0.11802112 0.19161817 0.13629410 0.16191737 0.32810060 0.19801569 -0.01705023 0.15110645 -0.02026780 0.32807069 0.41515342 0.01884335 -0.08231670 0.26368999 0.44475431 0.01103275 0.34757393 0.17699970 0.24853382 0.31927267 0.28145946 0.12095023 0.04764943 0.17504140 -0.09238788 0.30266955 0.06919710 0.27926972 0.10536505 0.19648694 -0.17682899 0.33300397 0.06276370 -0.26016327 0.33602245 0.25411691 -0.02532366 -0.22607491 -0.05125207 0.25726014 0.25653419 1.00000000 0.19334604 0.20821664 -0.18021870 0.27553489 0.57998396 0.22197595 0.13871731 0.11482108 0.53995430 0.45008265 0.28124450 0.07234208 -0.21529678 0.21286267 -0.10096094 -0.05952590 0.27338704 0.28399221 0.20961517 -0.07565203 0.06406573 -0.00667599 0.50631438
0.25637251 0.49679253 0.13662186 0.51444814 0.45203660 0.23141441 0.10680911 0.18104619 0.42319595 0.46666130 0.31883358 0.28104710 0.40124411 0.22716620 0.40866884 0.50359164 0.39519852 0.43348723 0.38442392 -0.05973192 0.42966092 0.00462894 0.24346663 0.22229666 0.50206442 0.37467415 0.52070002 0.46524523 0.26612949 0.64001847 0.28599170 0.17687676 0.36986973 0.44983291 0.56099261 0.39965004 0.54575518 0.05809781 0.40863848 0.28626263 -0.05432316 0.40125676 -0.14237397 -0.07540447 0.04633760 -0.04910538 -0.11289521 0.33496269 0.17687357 0.40444851 0.00378187 -0.08675000 0.83236273 0.64596821 0.19334604 1.00000000 0.42790092 0.06826242 0.79379460 0.18723938 -0.20507048 0.31328345 0.64219331 0.37146682 0.75328428 0.06475313 0.12447019 -0.14639446 0.13660246 0.17611485 0.02551310 0.25388644 0.26247787 0.08381320 0.19495008 0.18431808 0.01897176 0.29632452
0.50033744 0.24799067 0.31468773 0.44706305 0.39784298 0.51757357 0.30726323 0.34232881 0.12053442 0.33535772 0.51859899 0.36759843 0.45625995 0.41086383 0.38706688 0.29281481 0.44198100 0.36184954 -0.06076523 -0.28019141 0.11738148 0.32221645 0.32655462 0.39668903 0.21963418 0.26448625 0.40424090 0.48784222 0.35243483 0.54322539 0.48862619 0.44897311 0.54482385 0.47288887 0.47631871 0.29231719 0.45978465 0.23120415 0.43176254 0.18650295 0.14206369 0.26259090 0.10947605 -0.00936834 0.18000969 0.03705598 -0.08415097 0.21254528 0.33670066 0.39545058 0.14014291 0.24174903 0.24764227 0.67069050 0.20821664 0.42790092 1.00000000 0.53139130 0.25354373 0.37984901 0.23352532 0.48405090 0.64075013 0.43654509 0.62616605 0.35803405 0.29803866 0.29597353 0.44242890 0.26251069 -0.08232852 0.42551710 0.36865528 0.47657157 0.14704490 0.19707078 0.50475532 0.32693550
0.42391036 -0.01113340 0.37555938 0.35651312 0.17473445 0.36689348 0.46308716 0.30029292 -0.02507413 0.12496128 0.22142599 0.26352613 0.32135767 0.30598660 0.23942463 0.15463459 0.28984429 0.19411722 -0.27250439 -0.29144418 -0.09001140 0.28434968 0.24993969 0.11530774 0.19389670 0.20804085 0.16377774 0.10670156 0.28979838 0.15579297 0.19553700 0.33329203 0.24986605 0.24780389 0.37511171 0.15946971 0.22260782 0.30434467 0.09256116 0.08259245 0.26590067 0.12749369 0.23807750 0.24287739 0.06255256 0.19818564 0.15631591 0.03154343 0.11663623 0.32966477 0.39052983 0.43530654 -0.04810624 0.44361378 -0.18021870 0.06826242 0.53139130 1.00000000 -0.15427933 0.14375831 0.39182493 0.62466966 0.33778716 0.20305637 0.20375033 0.39393859 0.37286985 0.64879770 0.21032986 0.37356554 0.09615532 0.18632190 0.30784323 0.53998931 0.34051994 0.26457805 0.66863080 -0.09019991
0.06531781 0.59611214 0.06068499 0.41692323 0.41650207 -0.00057591 0.01319700 -0.02429184 0.55158486 0.51173059 0.36057029 0.16980503 0.26667630 0.04795464 0.40575819 0.47757328 0.17352846 0.41075079 0.48439165 0.15423497 0.50974950 -0.08348785 0.11197708 0.24824041 0.52236117 0.32246356 0.33387068 0.44099515 0.30342274 0.47543179 0.25971495 0.10903571 0.37394085 0.48261382 0.36022949 0.44701796 0.47030143 0.02194178 0.26236668 0.34127042 -0.11118704 0.43492544 -0.17131468 -0.06987964 -0.03959059 0.04608067 -0.00295351 0.40089557 0.11777436 0.23544281 -0.11228051 -0.23578751 0.84440211 0.46777994 0.27553489 0.79379460 0.25354373 -0.15427933 1.00000000 0.13368070 -0.36966651 0.15160517 0.54013252 0.23949785 0.57843020 -0.13604425 -0.03272098 -0.37228583 0.08147250 -0.01343710 0.15664889 0.18836735 0.13028621 -0.02515623 0.18609597 0.17032204 -0.27454603 0.37294632
0.19994779 0.04650073 0.27521048 0.21219744 0.13704827 0.44327371 0.04245543 0.25759174 -0.08604951 -0.02434380 0.27089678 0.17047864 0.24454747 0.32949819 0.07269180 0.03212748 0.31857260 0.27297910 0.03307277 -0.28438282 -0.07544277 0.09743590 0.39151017 0.29740208 -0.05450857 -0.06833494 0.40722733 0.51467882 -0.06337194 0.46418569 0.27427571 0.31292457 0.43345936 0.29366463 0.25017398 -0.05636196 0.18052066 0.00353528 0.48708275 -0.00002200 0.32351355 0.07135704 0.21799513 -0.16151640 0.47050064 0.04154597 -0.35776351 0.27691642 0.31069436 0.08767237 -0.03374247 0.21262047 0.16888845 0.45956983 0.57998396 0.18723938 0.37984901 0.14375831 0.13368070 1.00000000 0.45548679 0.23770505 0.23127985 0.63911710 0.41721687 0.57540225 0.16116478 -0.00345525 0.07141430 0.06936021 -0.02488276 0.19374036 0.57891144 0.41108665 0.17410662 0.21637523 0.32265929 0.34835607
0.31057990 -0.23340530 0.23841113 0.11021362 0.04663834 0.36114808 0.19141196 0.30225547 -0.27574266 -0.18117486 0.08842042 0.20131090 0.20371152 0.36240358 -0.07089853 -0.12851778 0.31385327 0.04619935 -0.20992334 -0.22635660 -0.19243639 0.31047071 0.27737059 0.13697565 -0.14269399 -0.15631281 0.22907207 0.19770561 -0.09227450 0.22109545 0.23337691 0.37463102 0.18768613 0.03689772 0.13853178 -0.17846180 -0.02466823 0.26586750 0.33377167 -0.18023945 0.36384065 -0.11203494 0.34212288 -0.04370909 0.39160342 0.12597787 -0.19803633 0.10261886 0.14240088 0.04696706 0.14117609 0.32425057 -0.29600941 0.09776075 0.22197595 -0.20507048 0.23352532 0.39182493 -0.36966651 0.45548679 1.00000000 0.23493611 -0.05700831 0.44236543 0.03744061 0.54087629 0.16103092 0.34540165 -0.01876927 0.11922323 0.06989758 -0.03512548 0.41550633 0.41686547 0.14774599 0.22958299 0.49476555 0.02816069
0.36680691 0.22738660 0.36794922 0.41600969 0.33427243 0.30890320 0.40343338 0.22186564 0.15084806 0.29134462 0.30013181 0.27049186 0.43428634 0.20140372 0.36290428 0.31316205 0.27729435 0.39762779 -0.06406204 -0.12671146 0.17629798 0.23577128 0.29230310 0.32002270 0.29993075 0.24693130 0.30009471 0.19064650 0.39328329 0.29145644 0.22551584 0.34211498 0.25403156 0.41534603 0.48105611 0.34277881 0.42802648 0.27848135 0.15093766 0.24032147 0.19424026 0.27946555 0.17005513 0.22163215 0.05711477 0.27041107 0.15388280 0.14538490 0.10705556 0.32455373 0.23330863 0.25857482 0.23949351 0.55013427 0.13871731 0.31328345 0.48405090 0.62466966 0.15160517 0.23770505 0.23493611 1.00000000 0.46715230 0.38625324 0.41174998 0.25665755 0.36667611 0.40323268 0.33841138 0.36395050 0.09038538 0.32970504 0.26630787 0.40924921 0.30236037 0.25653054 0.47301240 0.10947729
0.40420813 0.32401019 0.18209143 0.47358606 0.49270870 0.38196683 0.30606194 0.32820369 0.19866015 0.38947277 0.46343300 0.32858745 0.43047826 0.30237885 0.36660071 0.35283910 0.40299900 0.29608829 0.01667123 -0.17966424 0.23884786 0.26201569 0.13761703 0.30409417 0.34220591 0.34013547 0.43674821 0.41942050 0.36657900 0.53204404 0.46792355 0.29063286 0.46082449 0.53903796 0.52168481 0.30625855 0.48422914 0.15646588 0.41820922 0.25629441 -0.08527165 0.36484681 -0.14899283 -0.03305032 0.00693566 -0.04257902 -0.04034271 0.23813356 0.27081271 0.37594421 0.07110519 0.07824997 0.41601342 0.70202862 0.11482108 0.64219331 0.64075013 0.33778716 0.54013252 0.23127985 -0.05700831 0.46715230 1.00000000 0.35038679 0.65750455 0.12790588 0.29817667 0.14887564 0.31481650 0.32045189 -0.10015827 0.39467429 0.24306213 0.32607967 0.19454686 0.09529026 0.31717714 0.18884608
0.28691275 0.15444957 0.26081990 0.36703975 0.25219563 0.49320196 0.12291434 0.38055823 0.03568219 0.11764489 0.26261119 0.33939555 0.42484369 0.41232506 0.17745806 0.15461371 0.48238069 0.36671459 0.11315040 -0.24752506 0.09845208 0.14998942 0.44489294 0.34012019 0.13978454 0.01947602 0.61099223 0.54936220 0.02693920 0.61265068 0.35311016 0.40102107 0.36161467 0.36481302 0.49258066 0.05630525 0.32731932 0.15771628 0.58276406 0.08175079 0.35490041 0.16461355 0.21926812 -0.10382860 0.41559246 0.18600597 -0.28186568 0.35730658 0.21981636 0.17381668 -0.04875356 0.13151865 0.31894680 0.54756037 0.53995430 0.37146682 0.43654509 0.20305637 0.23949785 0.63911710 0.44236543 0.38625324 0.35038679 1.00000000 0.58563043 0.54066156 0.27803235 0.04305808 0.19099048 0.13686176 -0.01217171 0.28674456 0.51821103 0.40534803 0.12131562 0.19864348 0.36486350 0.38381380
0.39790765 0.42082321 0.24680611 0.55541826 0.48287541 0.47801003 0.22668152 0.31036513 0.26196171 0.42324371 0.50131100 0.38135951 0.49479181 0.37235887 0.47712022 0.46668075 0.53341329 0.51562841 0.23660799 -0.18770383 0.35437948 0.17208711 0.40542573 0.45666660 0.39911991 0.33965653 0.59247378 0.59260585 0.30856489 0.72587163 0.45636193 0.40703662 0.51782431 0.55627221 0.57380998 0.31712858 0.58361686 0.09810609 0.53004102 0.23572993 0.10096365 0.31794959 0.12531065 -0.14458810 0.21030793 -0.00070909 -0.19973285 0.33424218 0.33779916 0.37209856 0.02805095 0.09457304 0.62896469 0.73526169 0.45008265 0.75328428 0.62616605 0.20375033 0.57843020 0.41721687 0.03744061 0.41174998 0.65750455 0.58563043 1.00000000 0.28083506 0.21944158 -0.00459047 0.37858600 0.21014160 -0.09558826 0.45961388 0.37199384 0.29606577 0.07556182 0.20610149 0.27705249 0.51383588
0.32993708 -0.15394111 0.27848679 0.22964322 0.04180536 0.60697300 0.06562175 0.35928857 -0.23516499 -0.15498651 0.11980650 0.17818910 0.21488123 0.48852007 0.00149296 -0.02978352 0.41650314 0.22329886 -0.14423326 -0.56103392 -0.27897996 0.10800121 0.53387209 0.14240701 -0.13595997 -0.09993585 0.41950562 0.36536662 -0.07998244 0.41050276 0.10409210 0.31630077 0.32680303 0.15057461 0.30530766 -0.19555798 0.04400877 -0.09305512 0.48687949 -0.23664685 0.41451225 -0.09056017 0.15228069 -0.15731165 0.39514002 -0.01545844 -0.40582716 0.10135074 0.25011868 0.03344606 0.02713848 0.22288432 -0.00992526 0.43974674 0.28124450 0.06475313 0.35803405 0.39393859 -0.13604425 0.57540225 0.54087629 0.25665755 0.12790588 0.54066156 0.28083506 1.00000000 0.42937404 0.33149765 -0.01340348 0.26210284 -0.00805138 0.16625350 0.79817401 0.65818192 0.24756720 0.20091408 0.58917500 0.19631579
0.19351139 0.02926393 0.12406596 0.27530796 0.12836405 0.37808950 0.28859655 0.30935393 -0.01631054 0.07999955 0.15578035 0.21049187 0.31920804 0.21246692 0.18543283 0.13072408 0.25038518 0.17901063 -0.24690054 -0.18562767 -0.02140425 0.21088175 0.21802313 0.14535534 0.11458519 0.07177116 0.17509542 0.15432298 0.15242224 0.14338501 0.04406161 0.13264583 0.16599645 0.21657685 0.27429638 -0.06589655 0.06270657 0.02813543 0.12094604 0.02691253 0.18671982 0.19029893 -0.05641718 -0.00133248 -0.05052868 0.01672656 0.00034957 0.25814710 0.11960783 0.17945691 0.18788149 0.05965971 0.04357054 0.41547370 0.07234208 0.12447019 0.29803866 0.37286985 -0.03272098 0.16116478 0.16103092 0.36667611 0.29817667 0.27803235 0.21944158 0.42937404 1.00000000 0.54236773 0.36788269 0.58310659 -0.05784919 0.61352595 0.32069988 0.58752466 0.16603286 -0.08463125 0.54272037 0.18168032
0.33912229 -0.12713596 0.30053361 0.25367539 0.13509073 0.31872102 0.47161851 0.33529985 -0.10882321 0.05322260 0.11457224 0.29232747 0.31491190 0.22378298 0.15385873 0.09520237 0.20385028 0.05894808 -0.41349528 -0.17310366 -0.12260415 0.29008978 0.09494581 0.06021956 0.12086996 0.17653891 0.00069944 -0.09411850 0.19046476 -0.07405587 0.07807172 0.15674477 0.03209947 0.08551074 0.19319989 -0.05248154 0.03520764 0.32892858 -0.03215902 0.09002246 0.31760152 0.08322414 0.20830501 0.33421401 0.07960464 0.20873569 0.25833099 -0.00548622 0.17040111 0.23187704 0.36350897 0.45822953 -0.26858725 0.17976361 -0.21529678 -0.14639446 0.29597353 0.64879770 -0.37228583 -0.00345525 0.34540165 0.40323268 0.14887564 0.04305808 -0.00459047 0.33149765 0.54236773 1.00000000 0.32377279 0.37067483 0.14334157 0.26915260 0.21408376 0.50994636 0.12721644 0.27588128 0.64578964 -0.04195601
0.18301224 0.26296249 0.14001348 0.29824090 0.21803764 0.23501251 0.27484864 0.11102544 0.22087119 0.30551791 0.44782572 0.26696356 0.33310764 0.07429685 0.42506506 0.25599732 0.14277728 0.25967304 -0.09241477 0.07955639 0.19951978 0.26572090 0.12526763 0.45066430 0.23463265 0.18669707 0.04449612 0.20448595 0.35004896 0.16842825 0.23094965 0.24735117 0.29191261 0.33789741 0.18184815 0.25016071 0.31482826 0.16887944 -0.01367660 0.30997627 0.10147614 0.22547547 0.26225252 0.08987592 -0.03645052 0.18636666 0.20703189 0.21298932 0.21137320 0.17198109 0.05553376 0.10475250 0.07145450 0.27857372 0.21286267 0.13660246 0.44242890 0.21032986 0.08147250 0.07141430 -0.01876927 0.33841138 0.31481650 0.19099048 0.37858600 -0.01340348 0.36788269 0.32377279 1.00000000 0.16663803 -0.19476258 0.73494476 -0.11680211 0.36282717 -0.25273431 0.01400901 0.32810443 0.53175390
0.36763455 0.00861740 0.23640843 0.23062613 0.20996148 0.25552772 0.40124110 0.27617847 -0.06519466 0.12738461 0.14788400 0.18275200 0.28747678 0.20613708 0.11761170 0.09840338 0.25905135 0.09343211 -0.18392526 -0.15789287 -0.03605269 0.36064825 0.11546890 0.11211796 0.03427838 0.14059512 0.14267070 0.08019627 0.18606402 0.13341060 0.12296009 0.21207168 0.17869970 0.20788277 0.23529005 -0.00433095 0.18938423 0.08337347 0.09049222 0.04834211 -0.01505804 0.16677699 -0.00374368 -0.04877496 -0.12854723 -0.04787576 0.05131429 0.12068505 0.05843780 0.40003599 0.41541081 0.13524843 0.05413235 0.35331051 -0.10096094 0.17611485 0.26251069 0.37356554 -0.01343710 0.06936021 0.11922323 0.36395050 0.32045189 0.13686176 0.21014160 0.26210284 0.58310659 0.37067483 0.16663803 1.00000000 0.00896180 0.36539514 0.30298282 0.42458644 0.48280417 0.07124664 0.50153871 0.01194138
0.04104969 0.16644904 0.18550735 0.15335723 0.15979906 -0.13509162 0.22396242 0.00212849 0.19498564 0.20799516 0.07543178 0.18791010 0.13895589 0.03018908 0.12243772 0.16085434 0.02798965 0.15692442 0.17113276 0.22159803 0.20201135 0.02250255 -0.05031240 0.02446481 0.26053748 0.22807700 0.00113379 -0.00830224 0.14533530 -0.05193006 0.01767334 0.06407888 -0.10917982 0.06023074 0.12289419 0.14452623 0.14325374 0.26229810 -0.06827096 0.29834636 0.28522282 0.24342442 0.17186870 0.40260737 0.10858184 0.44282234 0.36703857 0.08072254 -0.06993395 0.20437012 0.22821955 0.22798164 0.18216037 0.00452491 -0.05952590 0.02551310 -0.08232852 0.09615532 0.15664889 -0.02488276 0.06989758 0.09038538 -0.10015827 -0.01217171 -0.09558826 -0.00805138 -0.05784919 0.14334157 -0.19476258 0.00896180 1.00000000 -0.28243266 0.20274189 -0.00693476 0.42151007 0.62536704 -0.18103569 0.07879698
0.15703890 0.26361615 0.13691584 0.37070244 0.21311287 0.31167306 0.26796660 0.18435637 0.21126319 0.27020564 0.40440476 0.26071096 0.37130413 0.15628126 0.38026316 0.24984976 0.22322856 0.28508961 -0.07845730 -0.00407159 0.17934391 0.21897900 0.18361621 0.38845999 0.23106826 0.14359854 0.14685187 0.29698293 0.30064280 0.24998210 0.14837125 0.18170773 0.34173205 0.36707559 0.24473014 0.14678241 0.24765111 0.00286238 0.08508992 0.17929687 0.02169780 0.26139628 0.06531704 -0.12262379 -0.02036364 0.01071040 -0.01888793 0.31456640 0.28163500 0.17223089 0.04187250 0.03689087 0.17316488 0.45570206 0.27338704 0.25388644 0.42551710 0.18632190 0.18836735 0.19374036 -0.03512548 0.32970504 0.39467429 0.28674456 0.45961388 0.16625350 0.61352595 0.26915260 0.73494476 0.36539514 -0.28243266 1.00000000 0.05161210 0.46880352 -0.10431785 -0.14711066 0.43527649 0.49446504
0.33406848 -0.02187477 0.35638425 0.32529205 0.19784335 0.56417860 0.13417790 0.37662693 -0.11544213 -0.02475654 0.21953042 0.22235297 0.28187883 0.46304115 0.08600195 0.11096923 0.42417071 0.29216812 -0.02012656 -0.49525815 -0.12848857 0.10395199 0.48809484 0.18361623 0.00168758 0.01944853 0.48687174 0.47992710 -0.02453094 0.52418368 0.25501643 0.32461178 0.40699106 0.25165586 0.39055924 -0.09196291 0.23077226 0.00975600 0.55831178 -0.09767789 0.36632965 0.07510695 0.12510326 -0.12844068 0.39541080 0.02279878 -0.35509375 0.21054428 0.28047569 0.15707025 0.05337888 0.22033895 0.22616310 0.52471624 0.28399221 0.26247787 0.36865528 0.30784323 0.13028621 0.57891144 0.41550633 0.26630787 0.24306213 0.51821103 0.37199384 0.79817401 0.32069988 0.21408376 -0.11680211 0.30298282 0.20274189 0.05161210 1.00000000 0.54410228 0.41681151 0.41988386 0.43085383 0.26547472
0.33620070 0.01419714 0.32482408 0.37076133 0.14996389 0.49666936 0.27211515 0.31123524 -0.00157898 0.06246804 0.29655371 0.24748592 0.34967979 0.35796487 0.19396740 0.05840993 0.27963019 0.21741305 -0.24359955 -0.38006560 -0.16371895 0.19363734 0.36499146 0.22428166 0.04138872 0.02588438 0.22751656 0.31538195 0.10125004 0.28471950 0.15897805 0.34694314 0.43094228 0.30276580 0.29330867 -0.03580534 0.11902274 0.06616590 0.28116811 -0.04665007 0.27041717 0.10504205 0.14109433 -0.08254237 0.15335123 0.05755227 -0.14700926 0.27098881 0.24684003 0.17437458 0.11226532 0.18157520 -0.00683790 0.45713964 0.20961517 0.08381320 0.47657157 0.53998931 -0.02515623 0.41108665 0.41686547 0.40924921 0.32607967 0.40534803 0.29606577 0.65818192 0.58752466 0.50994636 0.36282717 0.42458644 -0.00693476 0.46880352 0.54410228 1.00000000 0.27109306 0.11710795 0.68298129 0.24814742
0.25731323 0.12618160 0.32465741 0.19635160 0.16012768 0.04592979 0.27965318 0.03397422 0.06694876 0.18316271 0.13558519 0.09292682 0.16610188 0.12443622 0.13828145 0.17330009 0.12352555 0.21122443 0.09603546 -0.10039086 0.05670563 0.16256832 0.17028753 0.04480667 0.10301761 0.15087280 0.13042145 0.15389785 0.19615955 0.13545385 0.10986605 0.18009122 0.20308434 0.23266533 0.18486930 0.17254231 0.24300631 0.12471034 0.06990472 0.11145475 0.11994104 0.24629222 0.01887174 0.06254140 -0.01963214 0.14733842 0.08858168 0.17340594 0.01084574 0.32351120 0.38950195 0.14001629 0.21109156 0.31466095 -0.07565203 0.19495008 0.14704490 0.34051994 0.18609597 0.17410662 0.14774599 0.30236037 0.19454686 0.12131562 0.07556182 0.24756720 0.16603286 0.12721644 -0.25273431 0.48280417 0.42151007 -0.10431785 0.41681151 0.27109306 1.00000000 0.43100405 0.23339403 -0.09927652
0.29378846 0.25051569 0.42971690 0.38040447 0.34455570 0.14419678 0.33335383 0.16190025 0.18691674 0.31424698 0.30842942 0.35927379 0.35964083 0.21224977 0.31391663 0.36108409 0.26454455 0.35949733 0.21892889 0.04242357 0.27247046 0.15542772 0.21673208 0.25897267 0.35950138 0.33078500 0.25447825 0.22133889 0.27881060 0.23713881 0.24246836 0.23916142 0.15410374 0.27081857 0.30141436 0.23394677 0.42823924 0.37741915 0.17252969 0.33067891 0.44904342 0.28564253 0.43330510 0.37955883 0.32784497 0.46017995 0.28045834 0.12315533 0.23685364 0.31575440 0.35825135 0.47701300 0.24516975 0.22122234 0.06406573 0.18431808 0.19707078 0.26457805 0.17032204 0.21637523 0.22958299 0.25653054 0.09529026 0.19864348 0.20610149 0.20091408 -0.08463125 0.27588128 0.01400901 0.07124664 0.62536704 -0.14711066 0.41988386 0.11710795 0.43100405 1.00000000 0.10054596 0.27671259
0.48731021 -0.12933634 0.43396708 0.33732872 0.17427124 0.52952487 0.44545896 0.44478151 -0.17959084 0.00935359 0.21728416 0.32858213 0.39081611 0.41032884 0.11757505 0.03406782 0.38478504 0.16296250 -0.33670060 -0.37898198 -0.19900991 0.37367130 0.33664594 0.16908040 -0.00690988 0.07152655 0.30296103 0.19044907 0.16878523 0.25306821 0.20677045 0.34907724 0.30971656 0.23478651 0.34401953 -0.01490189 0.19045444 0.23125141 0.25919384 -0.07320755 0.20096941 0.06563125 0.20793867 0.01286078 0.15651901 0.05251372 -0.07709795 0.11260083 0.22883577 0.24725207 0.30809147 0.38341372 -0.18152581 0.44562140 -0.00667599 0.01897176 0.50475532 0.66863080 -0.27454603 0.32265929 0.49476555 0.47301240 0.31717714 0.36486350 0.27705249 0.58917500 0.54272037 0.64578964 0.32810443 0.50153871 -0.18103569 0.43527649 0.43085383 0.68298129 0.23339403 0.10054596 1.00000000 0.04063586
0.16446078 0.36013959 0.10500403 0.31180921 0.24568169 0.29200730 0.06232464 0.05275688 0.25500718 0.27771917 0.50714269 0.23655026 0.29275340 0.18515451 0.45783705 0.31010671 0.26847891 0.48356813 0.24858793 0.02966972 0.32611542 0.15523244 0.33907174 0.54989865 0.24498546 0.15683526 0.22901862 0.45784063 0.23725148 0.41279059 0.28287543 0.32047063 0.44099396 0.38260194 0.19193861 0.22252804 0.35801850 -0.00597120 0.24273688 0.23939319 0.25513957 0.20500315 0.38147583 -0.08468829 0.21564715 0.15769644 -0.02088193 0.33977814 0.29844091 0.10152988 -0.03598176 0.03245296 0.36019115 0.32045594 0.50631438 0.29632452 0.32693550 -0.09019991 0.37294632 0.34835607 0.02816069 0.10947729 0.18884608 0.38381380 0.51383588 0.19631579 0.18168032 -0.04195601 0.53175390 0.01194138 0.07879698 0.49446504 0.26547472 0.24814742 -0.09927652 0.27671259 0.04063586 1.00000000
