1.00000000 -0.07219600 0.27041021 0.03289612 0.12520918 0.18434962 0.04729708 0.10981198 -0.11619060 -0.03227923 0.13054820 0.12850387 0.00908294 0.06735322 -0.03859176 -0.20035863 0.26813320 -0.08839422 -0.00944984 -0.16908552 -0.09983757 0.40922248 -0.20008713 0.01771632 -0.15183691 0.08045651 0.14629973 -0.16082686 0.03227770 -0.09081383 0.05531687 0.18386376 -0.11824578 -0.04308389 0.04347565 -0.16046575 -0.20288214 -0.05335978 0.02892073 0.06349865 -0.12005277 -0.07272509 -0.10028730 0.02461190 0.01341370 0.00917419 -0.01299559 -0.15149457 -0.01634741 -0.05040092 0.15064983 0.19182398 -0.16674107 0.03141347 -0.08240424 -0.02291076 0.07956728 -0.10329824 -0.10908326 -0.04311884 0.18989538 0.08240576 0.12431980 -0.14880947 -0.10035808 0.07531791 0.11174600 0.08724035 -0.13250272 0.20650003 0.00657783 0.05822460 0.14230463 0.05911543 0.23943720 0.01918546 0.02517441 -0.08570210
-0.07219600 1.00000000 0.17705498 0.25375423 0.10660089 -0.13174771 0.13502219 -0.22159090 0.51393608 0.29201650 0.07329440 0.04879132 0.22054230 -0.13698416 0.11577898 0.09207938 -0.35879366 0.09588992 0.25733438 0.06122797 0.09461806 -0.16191398 0.18450721 -0.07859688 0.13323167 -0.09012586 -0.04295699 0.24132312 -0.02060172 0.20584567 0.15969987 -0.00454278 0.25998866 0.15295250 -0.01513498 0.24507087 0.04554586 0.06824664 0.11399392 0.05116456 -0.04445549 0.08645862 -0.10129545 -0.03645506 0.03254760 -0.19765610 -0.04613462 0.27643378 0.03410770 0.08577736 0.00423894 -0.15755703 0.13578655 0.02453483 0.11052459 0.09264970 -0.08829853 0.04998608 0.18204497 0.07372881 -0.09968394 -0.12060947 -0.06891155 0.02376277 -0.01885886 0.01585715 -0.09914231 0.10391508 0.00681223 0.04264270 -0.00832762 -0.01718745 -0.04266539 0.00883610 0.03252104 0.02186688 0.01152170 -0.01999548
0.27041021 0.17705498 1.00000000 -0.07714271 0.00513798 -0.12708780 0.00445682 -0.11643256 0.24834075 -0.03191376 0.02450610 0.01476180 -0.03501295 -0.11445326 -0.26478439 -0.13937038 -0.02252303 -0.15120993 0.07606909 -0.11515952 -0.19853173 0.15043256 -0.05429529 -0.11690367 -0.20383160 -0.20843234 0.17731358 0.09318508 -0.04447873 0.10078275 0.14806163 0.14363734 -0.01808351 0.07231638 0.13029701 -0.00976402 -0.04719548 0.06364075 0.25401196 0.12548462 -0.17976480 0.05591572 -0.02281742 0.12525985 0.09772056 0.03957969 0.15055437 0.00414308 -0.20296570 0.06098991 0.16325727 0.11065748 -0.13919883 -0.21323641 -0.10315196 -0.15044539 -0.09278812 -0.18582330 -0.04522104 -0.12694821 0.02128588 0.00172826 0.00961855 -0.19081905 -0.17359809 0.05748010 0.03604423 0.00687584 -0.17798981 0.07613990 0.02025870 -0.02639526 0.18650356 0.05176195 0.20946143 -0.02312451 0.02519193 -0.08447359
0.03289612 0.25375423 -0.07714271 1.00000000 0.34452748 0.14636457 0.40176160 0.14254278 0.12473792 0.29687438 0.15853354 0.21501487 0.29565541 -0.02425419 0.17889848 0.24888430 -0.12662801 0.08643795 0.06322682 0.10221125 0.20233664 -0.17444837 0.23446134 0.02897324 0.33870607 0.07636920 0.10163676 0.09179638 -0.03506756 0.08850208 0.10425105 -0.00804602 0.16059874 0.11039008 -0.03312240 0.07449439 0.01368050 0.08923141 0.03247726 -0.14814810 0.02134546 -0.09899018 -0.10096897 -0.10782116 -0.01554905 -0.13368444 -0.15006263 0.11773836 0.07690582 -0.02472838 -0.10520560 -0.10917566 0.19889049 0.17126665 0.07142588 0.11859752 0.02181811 0.16643209 0.16577499 0.05982725 0.00420184 -0.05971724 0.00444801 0.06430864 -0.03097314 -0.00181171 0.00557968 0.15271687 0.08015682 -0.03691726 0.10658259 -0.03953600 -0.01577407 -0.09221075 -0.05226229 0.02188736 0.01781085 0.16236021
0.12520918 0.10660089 0.00513798 0.34452748 1.00000000 0.24369808 0.15999016 0.36915407 0.04528799 0.22662731 0.19571913 0.26041109 0.28248170 0.06232098 0.13067508 0.10985898 0.00765351 0.11784833 -0.09595461 0.17925759 0.17942767 -0.06728025 0.05084266 0.18986135 0.18857535 0.02072790 0.01075659 -0.07393151 0.07012260 -0.09589707 -0.08942715 -0.12979060 -0.00579613 0.05541805 -0.15637285 -0.08686919 0.01266783 -0.06796297 -0.09696376 -0.13043577 -0.00324302 -0.11545751 -0.10586502 -0.18126580 -0.00763203 -0.10596713 -0.10952115 0.03280718 0.00523385 -0.12662122 -0.04842926 -0.12112471 0.02086335 0.09706189 0.01771620 0.04562287 0.04739372 0.01076394 -0.01732065 0.02958322 0.05317592 0.04845223 0.01389927 -0.07974385 -0.04076612 -0.06398112 0.02706662 0.08084013 0.05787685 -0.02020137 0.11185052 0.02412299 -0.05482650 -0.03503970 0.01518826 0.03595490 -0.06912180 0.08328629
0.18434962 -0.13174771 -0.12708780 0.14636457 0.24369808 1.00000000 0.38597601 0.58282661 -0.26247809 0.09354971 0.25123630 0.29145736 0.20085158 0.40447941 0.25199086 0.11438563 0.41775274 0.02745880 -0.38400541 -0.03032080 0.20206627 0.06707924 0.00238539 0.10656322 0.18409108 0.36424044 -0.18911436 -0.10185062 0.05147240 -0.20624913 -0.16297864 0.09605910 -0.13123236 -0.19619615 0.04900469 -0.17055344 -0.09570627 -0.02072274 -0.26907037 -0.03009822 0.07756858 -0.15450451 0.07355449 0.00773960 0.00373994 0.03215189 -0.03014101 -0.25989126 0.02756781 -0.07489616 0.02569695 0.02452111 -0.11059990 0.18709855 -0.06219670 0.02322887 0.12010101 0.15384838 -0.11363174 -0.05576635 0.06988627 0.00659184 0.13663003 0.00460941 0.03350065 0.09861189 0.23934776 0.18559670 0.01501886 -0.15042595 0.15916842 0.03274069 0.11847056 0.03628374 -0.10601120 -0.04434003 0.06182985 0.02242487
0.04729708 0.13502219 0.00445682 0.40176160 0.15999016 0.38597601 1.00000000 0.28362009 -0.00647144 0.32174800 0.16692873 0.23893946 0.20011091 0.13178414 0.31497144 0.25713326 0.11490019 0.04506450 -0.12973083 -0.09477238 0.18010054 -0.02717050 0.15084786 -0.01923152 0.32660217 0.26649370 -0.07012789 0.08920772 -0.01417274 0.00448097 0.07464353 0.15756605 0.03391607 0.03139600 0.11327449 0.09205121 0.04398203 0.06426546 -0.09602136 -0.02343999 0.08196187 -0.05605534 0.02683078 -0.00863331 0.00204652 -0.03848336 0.00011785 -0.02081377 0.02051596 -0.00235795 -0.00946698 -0.07153580 0.06411080 0.21427946 -0.00754393 0.08645196 0.05690396 0.15325769 0.03053807 -0.08978076 -0.06584167 -0.13592461 0.08519372 0.06713300 -0.02157179 0.02366352 0.12768616 0.16819322 0.04887447 -0.14369250 0.05250689 -0.06455173 0.01669024 -0.03240608 -0.17142272 -0.05794650 0.00686050 0.06764708
0.10981198 -0.22159090 -0.11643256 0.14254278 0.36915407 0.58282661 0.28362009 1.00000000 -0.25646307 0.02043561 0.15660022 0.37449607 0.17709272 0.33849050 0.13099319 0.07147397 0.40753226 0.00739975 -0.31996033 0.02932859 0.17379383 0.04012392 -0.03418669 0.11772947 0.12559297 0.30684097 -0.17093032 -0.22053866 0.02744112 -0.33023216 -0.27102995 -0.03200803 -0.25570019 -0.25712724 -0.02206821 -0.20803220 -0.08723374 -0.05479988 -0.28076610 -0.09212214 0.07587899 -0.20015064 0.07757787 0.04934399 0.05945151 0.09702636 -0.02807905 -0.28921503 0.02840410 -0.08780534 0.00389790 0.08555181 -0.07697052 0.17898583 -0.12892383 -0.02276017 0.12555986 0.09716919 -0.14207958 -0.07996024 0.12290944 -0.01707228 0.07017613 0.01756081 0.04691524 0.05436760 0.15979714 0.07920546 -0.04624634 -0.19935081 0.15909366 0.02093395 0.05083808 0.03594449 -0.12537878 -0.10100745 0.06375142 0.05222395
-0.11619060 0.51393608 0.24834075 0.12473792 0.04528799 -0.26247809 -0.00647144 -0.25646307 1.00000000 0.06693702 0.02625716 -0.04018175 0.08416336 -0.17490982 -0.04784202 0.00718920 -0.35976202 0.10615344 0.28497194 0.00599727 -0.06310164 -0.17087996 0.16664739 -0.09937902 -0.01901637 -0.19891946 -0.03099568 0.20877157 -0.05396673 0.25202092 0.11110253 -0.01033129 0.21682371 0.13036413 0.06291622 0.31601320 0.08668933 -0.03990837 0.18004164 0.11834359 -0.07943149 0.08341111 -0.10048934 0.01126136 0.02004319 -0.09656605 0.02686392 0.23248499 -0.07432219 0.09010014 0.02229964 -0.13020571 0.12626973 -0.07272265 0.02938566 0.02420187 -0.08134488 -0.01732821 0.15452645 0.02343575 -0.20478227 -0.02612334 -0.07797718 -0.00574551 -0.06082508 0.02037497 -0.05512501 0.10843054 0.02764450 0.05640389 -0.02250245 0.00413524 0.03406900 0.03410461 0.05562502 0.01736540 0.03904980 0.01159195
-0.03227923 0.29201650 -0.03191376 0.29687438 0.22662731 0.09354971 0.32174800 0.02043561 0.06693702 1.00000000 0.12473231 0.19920486 0.26153613 -0.02331122 0.21241913 0.17521395 -0.13452461 0.02921448 0.04194860 0.06596499 0.19043480 -0.10127979 0.10726915 0.04796777 0.27442792 0.07277158 -0.08048774 0.11341095 0.05773087 0.05252342 0.00563174 -0.00003982 0.12021595 0.13896466 -0.13085394 0.14458312 0.06155004 -0.02330973 -0.08142706 -0.02844030 0.04550898 0.02928640 -0.12929932 -0.16550485 -0.06895671 -0.17967298 -0.09724394 0.19406897 0.08272996 0.03304790 -0.06470947 -0.18171224 0.15907015 0.09222175 0.09505348 0.16856621 0.01027161 0.10503551 0.17023073 0.05387585 -0.06720723 -0.04208083 -0.04564027 0.05261251 0.04278702 -0.15041744 -0.00937054 0.05152514 0.10271571 0.03350493 0.06511850 0.01577767 -0.04300303 -0.04209944 -0.07064922 0.05680235 -0.02765607 0.09645185
0.13054820 0.07329440 0.02450610 0.15853354 0.19571913 0.25123630 0.16692873 0.15660022 0.02625716 0.12473231 1.00000000 0.10555863 0.16171468 0.01266598 0.08921518 -0.04621367 0.09403521 0.06552648 -0.12138271 -0.01132381 0.04722392 0.10303173 -0.11458758 0.11556131 0.02442491 0.07592021 -0.05610311 0.00223593 0.03612416 -0.03868130 0.09761479 -0.03217268 0.01473419 0.02692767 -0.02601389 -0.01573373 -0.02852047 -0.06724836 -0.09600654 -0.00840938 0.05566919 -0.04538722 -0.01498835 -0.12873292 -0.02758509 -0.07907789 -0.06114875 -0.00656540 0.08616792 0.01644966 -0.04839591 -0.00638007 -0.12086481 0.02491778 -0.08159176 0.05695420 0.12519166 0.03089006 -0.03984490 0.03860893 -0.04728515 0.01218496 0.01903824 -0.04047013 -0.01166082 0.02984025 0.05073731 0.10708935 0.15003757 -0.00128225 0.02747816 0.03939053 0.03575227 0.01403426 0.02690383 0.11258202 0.01427410 0.07173900
0.12850387 0.04879132 0.01476180 0.21501487 0.26041109 0.29145736 0.23893946 0.37449607 -0.04018175 0.19920486 0.10555863 1.00000000 0.30648656 0.06244351 0.06776657 0.06348174 0.07317256 -0.07245339 -0.07960740 0.21216312 0.20264360 -0.11059463 0.11182885 -0.03751186 0.20845818 0.11235431 -0.08509619 -0.06841809 0.00631834 -0.11281890 -0.13862202 0.02069545 -0.05933502 -0.10147371 -0.08899144 -0.07607689 -0.04756359 -0.01253559 -0.14390966 -0.19625917 -0.00693480 -0.17705432 -0.06292300 -0.07962498 -0.01018615 -0.08792641 -0.16380579 -0.00591768 -0.03890400 -0.19718262 -0.15279954 -0.06669803 -0.00217266 0.14979860 0.01775190 0.03049283 -0.00692508 0.00312844 -0.05028885 0.02512408 0.08180928 0.00243077 0.01484556 0.08514147 -0.06053740 0.00337924 0.08055150 0.04917470 -0.09837037 -0.07381851 0.10936014 -0.01089712 -0.02429324 -0.06311655 -0.04365005 -0.09298084 -0.02245212 0.03219249
0.00908294 0.22054230 -0.03501295 0.29565541 0.28248170 0.20085158 0.20011091 0.17709272 0.08416336 0.26153613 0.16171468 0.30648656 1.00000000 -0.05792485 0.10769768 0.11475977 -0.11637949 0.10466447 0.10250096 0.11373068 0.10494930 -0.18235237 0.15406847 0.00438042 0.18634275 0.04771166 -0.08348588 0.01995112 0.02197422 0.00486783 -0.09728096 -0.05758374 0.08069562 0.01224682 -0.09955792 0.05174014 0.06382505 0.00386184 -0.09144352 -0.05781079 0.05396684 -0.08208519 -0.10102100 -0.08650929 -0.05715023 -0.10871256 -0.15086154 0.09075130 0.00877641 -0.10006572 -0.07630495 -0.10574256 0.06518312 -0.00971030 0.06600357 0.06740171 -0.00457329 0.06461786 0.08218622 -0.00520266 -0.06333248 -0.08615199 -0.04403237 -0.02552671 -0.02985168 -0.00392757 -0.05710024 0.04144714 0.01942618 0.02652793 0.10202436 -0.05271016 -0.10219009 -0.04591745 -0.05349842 0.02762170 -0.05031767 0.02714344
0.06735322 -0.13698416 -0.11445326 -0.02425419 0.06232098 0.40447941 0.13178414 0.33849050 -0.17490982 -0.02331122 0.01266598 0.06244351 -0.05792485 1.00000000 0.30541079 0.10617833 0.50501236 0.14222249 -0.26833049 0.02584937 0.31539476 0.21666994 0.00598386 0.22302704 0.12734002 0.45224159 -0.14803257 -0.10287729 -0.07871211 -0.21659913 -0.05105995 0.03431415 -0.13789908 -0.18018048 0.12810364 -0.17326790 -0.06668190 -0.08126708 -0.15246913 0.07119307 0.04944729 -0.01895176 0.09869865 0.17497916 0.05369617 0.12407389 0.04985784 -0.23019520 0.03040093 0.04308077 0.14945424 0.12028864 -0.08154796 0.12801034 -0.11128831 -0.00050947 0.09258859 0.10805672 -0.13860780 -0.08857414 0.02202637 0.03120085 0.15436289 0.07751705 0.06902608 0.12376222 0.19706405 0.12759894 -0.02494048 -0.07648624 0.10906046 0.03285471 0.13906649 0.11705540 -0.01408079 -0.10081046 0.08035273 -0.00989344
-0.03859176 0.11577898 -0.26478439 0.17889848 0.13067508 0.25199086 0.31497144 0.13099319 -0.04784202 0.21241913 0.08921518 0.06776657 0.10769768 0.30541079 1.00000000 0.34544243 0.16405027 0.28899434 -0.03949287 0.11140998 0.47745547 0.06312822 0.20460957 0.30845315 0.46873687 0.40823260 -0.20453625 -0.00908842 -0.02871379 -0.10855032 0.00694751 0.04110108 0.05237422 -0.03016962 0.05499701 0.10256509 0.01324588 -0.02555391 -0.21072136 -0.00258846 0.13885746 -0.06125836 0.05410647 -0.09563589 -0.07245771 -0.08089232 -0.09048372 -0.06318820 0.13058729 -0.01894914 -0.03109734 -0.15673270 0.01972442 0.23655881 0.01913027 0.13861474 0.09073941 0.21207279 -0.00219533 -0.11472778 -0.06456598 -0.11565487 -0.00604154 0.04411321 0.07164187 -0.03596554 0.11438377 0.20477330 0.20314212 -0.06504759 0.07709535 0.05525644 -0.02327728 0.01323135 -0.14441783 0.06654973 0.02218301 0.08878349
-0.20035863 0.09207938 -0.13937038 0.24888430 0.10985898 0.11438563 0.25713326 0.07147397 0.00718920 0.17521395 -0.04621367 0.06348174 0.11475977 0.10617833 0.34544243 1.00000000 0.06127684 0.24532072 0.03694612 0.16858947 0.31423058 -0.13436713 0.38299301 0.18214653 0.46415516 0.30870321 -0.09514127 0.05395633 -0.00071317 -0.02218070 0.01309943 -0.01713035 0.08021175 0.04948469 0.00597954 0.09414182 0.11008866 0.08518385 -0.10909322 -0.06021167 0.07975496 -0.08846678 0.02571740 -0.09920704 -0.05936826 -0.06968241 -0.09494353 0.06200597 0.00792741 0.01880735 -0.09866577 -0.11532872 0.12606421 0.11397248 0.05505230 0.09774697 -0.01098300 0.15356250 0.03952005 -0.07984465 -0.07891000 -0.10372833 -0.04662962 0.06273429 0.04504583 0.00036803 0.05854352 0.11945079 0.13994467 -0.07149520 0.07600142 -0.00498996 -0.00037317 -0.02366671 -0.14191289 0.04065546 -0.03136613 0.14570121
0.26813320 -0.35879366 -0.02252303 -0.12662801 0.00765351 0.41775274 0.11490019 0.40753226 -0.35976202 -0.13452461 0.09403521 0.07317256 -0.11637949 0.50501236 0.16405027 0.06127684 1.00000000 -0.02608209 -0.42999627 -0.13380061 0.07988517 0.47874743 -0.17357884 0.25171650 0.03344305 0.49086627 -0.03413168 -0.27865945 0.02566559 -0.29604519 -0.09629160 0.19399310 -0.33742492 -0.23746613 0.14241539 -0.32128454 -0.15141859 -0.09018947 -0.20994901 0.08527699 0.09883926 -0.16812902 0.17948897 0.16468667 0.03178333 0.21364114 0.06089885 -0.42209110 0.03743815 0.03474378 0.21390833 0.27254333 -0.24163390 0.08744400 -0.25935625 -0.07655999 0.19571466 0.01295098 -0.27144118 -0.19535432 0.14451264 -0.00517342 0.18150307 -0.06912534 0.02935498 0.18039256 0.30492550 0.12360816 -0.04009100 -0.05244408 0.00249555 0.12044500 0.21144667 0.02856335 -0.02762282 -0.11231535 0.07778268 -0.03029170
-0.08839422 0.09588992 -0.15120993 0.08643795 0.11784833 0.02745880 0.04506450 0.00739975 0.10615344 0.02921448 0.06552648 -0.07245339 0.10466447 0.14222249 0.28899434 0.24532072 -0.02608209 1.00000000 0.18227338 0.09900850 0.19410415 -0.07741353 0.21086823 0.23943411 0.23051717 0.22462674 -0.13818477 0.00438680 -0.08439515 -0.06364124 -0.06061923 -0.12864175 0.09046403 0.00718536 0.00525920 0.11354557 0.05554326 -0.05111624 -0.11896615 0.02214625 0.05773576 -0.00159463 0.00149527 -0.05581789 -0.02966792 -0.01290692 -0.06995891 0.05653859 0.08291740 -0.04484884 -0.05184940 -0.09161383 0.06460468 0.05650432 0.02882402 0.08056664 0.05753870 0.13645187 -0.02187651 0.04913235 -0.07375013 0.04025822 -0.03085139 0.06939664 0.01411992 -0.05432038 -0.02550623 0.07686025 0.11260750 -0.03625957 0.04482529 -0.03581694 -0.08224409 -0.04823611 -0.06903180 0.11088128 -0.03307662 0.01634363
-0.00944984 0.25733438 0.07606909 0.06322682 -0.09595461 -0.38400541 -0.12973083 -0.31996033 0.28497194 0.04194860 -0.12138271 -0.07960740 0.10250096 -0.26833049 -0.03949287 0.03694612 -0.42999627 0.18227338 1.00000000 0.16598379 -0.01710850 -0.12785835 0.28332214 -0.03251992 -0.03646367 -0.16786364 0.04702037 0.17844812 -0.04470209 0.19177443 0.17189422 -0.10597284 0.23002073 0.17353180 -0.02528882 0.23740121 0.12358618 0.11313673 0.21003953 -0.03481158 -0.07121750 0.05242880 -0.17868938 -0.03846880 -0.06191450 -0.08096519 -0.10216999 0.31280003 0.04761437 -0.07807555 -0.09224106 -0.06614703 0.16633062 -0.06399897 0.14026955 0.05115248 -0.17998894 -0.04138946 0.13521349 0.10873968 -0.09467640 0.00275435 -0.15019576 -0.01156569 -0.07307338 -0.06654317 -0.22639989 -0.10947449 -0.11844347 0.09527156 -0.00184577 -0.19009426 -0.07800083 -0.03110815 0.08668780 0.13985124 -0.05314694 -0.08180462
-0.16908552 0.06122797 -0.11515952 0.10221125 0.17925759 -0.03032080 -0.09477238 0.02932859 0.00599727 0.06596499 -0.01132381 0.21216312 0.11373068 0.02584937 0.11140998 0.16858947 -0.13380061 0.09900850 0.16598379 1.00000000 0.34395231 -0.21530242 0.26892623 0.22606977 0.25442990 0.06152869 -0.15169467 -0.17197703 0.06834608 -0.15117279 -0.24121494 -0.27144818 -0.03954821 -0.13370914 -0.31386633 0.00305345 0.00989193 0.00732532 -0.17621858 -0.15793061 -0.05236456 -0.15935063 -0.11802576 -0.14837269 -0.11770227 -0.09198776 -0.17919051 0.13048319 -0.01444181 -0.29009162 -0.21606016 -0.19278664 0.07889337 0.01299657 0.12548929 0.08859273 -0.15301603 -0.06276316 0.03341684 0.17750601 0.08998662 0.02015976 -0.21997661 0.14218727 -0.00665729 -0.17439500 -0.17843181 -0.11078794 0.01876100 -0.03403040 0.11073662 -0.10812573 -0.29776050 -0.17974458 -0.05152537 0.05753083 -0.19479443 0.03502769
-0.09983757 0.09461806 -0.19853173 0.20233664 0.17942767 0.20206627 0.18010054 0.17379383 -0.06310164 0.19043480 0.04722392 0.20264360 0.10494930 0.31539476 0.47745547 0.31423058 0.07988517 0.19410415 -0.01710850 0.34395231 1.00000000 -0.06812741 0.26439124 0.32913984 0.43977742 0.33791234 -0.11843971 -0.10337793 -0.02238172 -0.12988811 -0.07838689 -0.13370957 0.02675029 -0.15027081 -0.08917434 0.03804992 0.02799896 -0.00551020 -0.23710232 -0.15679057 0.13320152 -0.12551086 0.01980159 -0.08047560 -0.06109188 -0.08549463 -0.17415878 0.06349458 0.03549812 -0.13607226 -0.15016779 -0.15395421 0.06402555 0.18548295 0.01672533 0.18082232 0.08112843 0.18686541 -0.00600911 0.05951073 0.03897612 -0.03087104 -0.03169143 0.09646861 0.07535293 -0.08174230 0.02050917 0.09363178 0.12007546 -0.07713102 0.10888180 0.00029426 -0.15635891 -0.04596638 -0.08811923 0.06672274 -0.00520240 0.10849154
0.40922248 -0.16191398 0.15043256 -0.17444837 -0.06728025 0.06707924 -0.02717050 0.04012392 -0.17087996 -0.10127979 0.10303173 -0.11059463 -0.18235237 0.21666994 0.06312822 -0.13436713 0.47874743 -0.07741353 -0.12785835 -0.21530242 -0.06812741 1.00000000 -0.40155687 0.13552027 -0.15284388 0.26852921 0.15791123 -0.14443268 0.02786823 -0.03848975 0.12631555 0.34327146 -0.19604923 -0.03869849 0.24519841 -0.15646500 -0.11264023 -0.09035455 0.03528393 0.18042101 0.02674106 0.00826710 0.06008693 0.11795765 0.01539388 0.12017771 0.13557430 -0.23042331 0.00683386 0.14999798 0.32760371 0.25307350 -0.23733903 -0.00847440 -0.24480147 -0.08960200 0.14777797 -0.12980055 -0.22238640 -0.18165944 0.12939821 0.07563236 0.11589452 -0.14358136 -0.05657153 0.12259548 0.20038020 0.09806052 -0.06124860 0.24725087 -0.10063114 0.21245484 0.18311288 0.05057842 0.22354574 -0.01992353 0.11062163 -0.09224508
-0.20008713 0.18450721 -0.05429529 0.23446134 0.05084266 0.00238539 0.15084786 -0.03418669 0.16664739 0.10726915 -0.11458758 0.11182885 0.15406847 0.00598386 0.20460957 0.38299301 -0.17357884 0.21086823 0.28332214 0.26892623 0.26439124 -0.40155687 1.00000000 0.02415051 0.37381682 0.05615214 -0.07461567 0.13408392 0.00274748 0.07198549 0.02989960 -0.10434861 0.18514521 0.03200238 -0.08642130 0.13961007 0.08141026 0.17939653 -0.00096957 -0.10835251 -0.00550826 -0.11730032 -0.12723871 -0.04940049 -0.04855541 -0.13996627 -0.18861576 0.13875292 -0.02919388 -0.13952994 -0.26133011 -0.19348399 0.22481813 0.13248724 0.12679401 0.05647562 -0.12726885 0.10854979 0.14443522 0.07544847 -0.13369744 -0.12218738 -0.05778866 0.10638591 0.01393252 -0.02090620 -0.11054325 0.05519326 0.03609921 -0.12994679 0.07019026 -0.17610677 -0.13735412 -0.03273115 -0.16879847 -0.03660405 -0.06963413 0.02519654
0.01771632 -0.07859688 -0.11690367 0.02897324 0.18986135 0.10656322 -0.01923152 0.11772947 -0.09937902 0.04796777 0.11556131 -0.03751186 0.00438042 0.22302704 0.30845315 0.18214653 0.25171650 0.23943411 -0.03251992 0.22606977 0.32913984 0.13552027 0.02415051 1.00000000 0.18613738 0.22738223 -0.07499327 -0.21708059 0.03937256 -0.22188852 -0.13818059 -0.14699229 -0.13266736 -0.10007711 -0.10551982 -0.11408552 -0.06914191 -0.16147187 -0.23446792 -0.00219205 0.03250718 -0.09389662 0.04328085 -0.03315167 -0.06463129 0.07072649 -0.01425959 -0.13850910 -0.06247703 -0.13988103 -0.01639012 -0.01700762 -0.13725884 0.06036263 -0.11600920 0.03724360 0.13949396 -0.02607761 -0.10821547 -0.03640205 0.15000125 0.02202166 -0.00826126 -0.09522002 0.00373946 -0.04085943 0.04087733 0.06256697 0.14353800 -0.01850971 0.07477162 0.09439695 -0.03453413 0.01148732 -0.06500803 0.08114455 -0.09083141 0.09943070
-0.15183691 0.13323167 -0.20383160 0.33870607 0.18857535 0.18409108 0.32660217 0.12559297 -0.01901637 0.27442792 0.02442491 0.20845818 0.18634275 0.12734002 0.46873687 0.46415516 0.03344305 0.23051717 -0.03646367 0.25442990 0.43977742 -0.15284388 0.37381682 0.18613738 1.00000000 0.31852613 -0.08031557 0.00787814 -0.03184265 -0.08126165 0.00338581 -0.01434442 0.08365562 -0.00491804 -0.05469237 0.07306395 0.08611340 0.07959665 -0.15689341 -0.16536098 0.12779321 -0.17875529 -0.00516069 -0.13481923 -0.05993122 -0.16123612 -0.18815697 0.03939986 0.05770633 -0.09500839 -0.15366871 -0.17807904 0.21097806 0.25892522 0.06392910 0.18225814 0.04412897 0.24627349 0.09671775 0.00504499 -0.00488047 -0.12912301 -0.05719196 0.11211262 0.07492824 -0.07576001 0.01099152 0.10745092 0.19188240 -0.16060191 0.07965214 -0.09014649 -0.13018760 -0.11209448 -0.23603160 0.05451396 0.06386663 0.14166699
0.08045651 -0.09012586 -0.20843234 0.07636920 0.02072790 0.36424044 0.26649370 0.30684097 -0.19891946 0.07277158 0.07592021 0.11235431 0.04771166 0.45224159 0.40823260 0.30870321 0.49086627 0.22462674 -0.16786364 0.06152869 0.33791234 0.26852921 0.05615214 0.22738223 0.31852613 1.00000000 -0.17847425 -0.15460424 -0.02098019 -0.22616981 -0.07335579 0.15617426 -0.15174367 -0.18698132 0.13720369 -0.09989903 -0.04223907 -0.02492188 -0.24541250 0.01754863 0.09935679 -0.10245154 0.04449169 0.07059901 -0.04936424 0.00525481 -0.04687333 -0.20981096 0.14138347 -0.00881742 0.10218475 0.08579186 0.00303441 0.28844985 -0.02121495 0.11505516 0.12122990 0.23852931 -0.11573855 -0.03645007 0.02455463 0.03217924 0.09280152 0.16128330 0.06275294 0.04654762 0.15800851 0.14766826 0.03332208 -0.05198566 0.00745368 -0.02462663 0.09084190 -0.06286131 -0.13805421 -0.03712513 0.03740608 0.02788352
0.14629973 -0.04295699 0.17731358 0.10163676 0.01075659 -0.18911436 -0.07012789 -0.17093032 -0.03099568 -0.08048774 -0.05610311 -0.08509619 -0.08348588 -0.14803257 -0.20453625 -0.09514127 -0.03413168 -0.13818477 0.04702037 -0.15169467 -0.11843971 0.15791123 -0.07461567 -0.07499327 -0.08031557 -0.17847425 1.00000000 0.11745943 0.04383539 0.30032402 0.34074804 0.22648231 0.14955962 0.25299108 0.21106618 0.00153525 0.11376594 0.23865961 0.34371024 0.03725344 -0.13325711 0.06039340 0.00366628 0.00753810 0.04358943 0.04279399 0.05908257 0.03893414 -0.10411333 0.08872830 0.09992690 0.09639224 0.00573400 -0.12809684 -0.07833770 -0.05516960 -0.03364024 -0.15466880 -0.02438273 -0.03412707 0.07385940 -0.03517424 0.04309946 -0.13726343 -0.03342928 0.01381168 -0.00936378 -0.06324264 -0.08871788 0.10005006 -0.03802166 0.03650026 0.09795634 0.03392237 0.11175824 -0.05622987 0.04049631 0.00298748
-0.16082686 0.24132312 0.09318508 0.09179638 -0.07393151 -0.10185062 0.08920772 -0.22053866 0.20877157 0.11341095 0.00223593 -0.06841809 0.01995112 -0.10287729 -0.00908842 0.05395633 -0.27865945 0.00438680 0.17844812 -0.17197703 -0.10337793 -0.14443268 0.13408392 -0.21708059 0.00787814 -0.15460424 0.11745943 1.00000000 0.07206416 0.45572878 0.39172747 0.21370684 0.43852250 0.32797616 0.25497012 0.37121874 0.21919717 0.25579503 0.44422400 0.06563326 -0.04168177 0.12790723 -0.03104470 0.07371580 0.04081442 -0.07644685 0.02559908 0.17185942 0.07105693 0.16687251 0.06560715 -0.01894590 0.17861335 0.01940708 0.05105170 0.01593813 -0.11082320 0.08807909 0.12875293 -0.01390313 -0.17625965 -0.05583642 -0.02524214 0.00560439 -0.00064099 0.04728222 -0.02992226 0.01509180 -0.08207331 0.08082050 0.01025647 -0.12012653 0.16837902 0.07957574 0.02513024 0.04874914 0.13267609 -0.03311722
0.03227770 -0.02060172 -0.04447873 -0.03506756 0.07012260 0.05147240 -0.01417274 0.02744112 -0.05396673 0.05773087 0.03612416 0.00631834 0.02197422 -0.07871211 -0.02871379 -0.00071317 0.02566559 -0.08439515 -0.04470209 0.06834608 -0.02238172 0.02786823 0.00274748 0.03937256 -0.03184265 -0.02098019 0.04383539 0.07206416 1.00000000 0.04078506 0.07270482 0.12802094 0.16173112 0.20026030 -0.09868746 0.06818350 0.11881423 0.13348859 0.06344988 -0.08575122 0.06234865 0.00516417 -0.09835597 -0.09525041 -0.00605620 0.01051180 -0.03915474 0.09242683 0.05031830 -0.10008458 -0.10500777 -0.03865537 -0.05130030 0.04998245 -0.00159260 -0.04566117 -0.02492099 -0.03080121 0.00355836 0.06182978 0.06078853 0.04154892 0.01715545 -0.02898038 0.02240389 -0.07838718 -0.02156607 0.04446623 0.06361423 -0.00494112 -0.05011637 0.03642328 -0.03583900 -0.04385506 0.02707801 -0.01149755 -0.00412399 -0.04052205
-0.09081383 0.20584567 0.10078275 0.08850208 -0.09589707 -0.20624913 0.00448097 -0.33023216 0.25202092 0.05252342 -0.03868130 -0.11281890 0.00486783 -0.21659913 -0.10855032 -0.02218070 -0.29604519 -0.06364124 0.19177443 -0.15117279 -0.12988811 -0.03848975 0.07198549 -0.22188852 -0.08126165 -0.22616981 0.30032402 0.45572878 0.04078506 1.00000000 0.39197370 0.31455288 0.41791050 0.33582211 0.32940344 0.35136892 0.29737637 0.32122449 0.47342371 0.04094494 -0.09005489 0.17383662 -0.12431408 0.03236962 0.00448393 -0.07323105 0.07513187 0.27088150 0.02495218 0.15105727 0.10511717 -0.02565036 0.19421192 -0.00323216 0.01184669 0.00845179 -0.06833558 0.02938450 0.14538036 0.01103023 -0.15816637 -0.00859500 -0.07259012 -0.02398596 -0.01475634 0.08920703 -0.02468933 0.05993952 -0.08669647 0.14886723 0.02572899 -0.09340654 0.16694444 0.11577273 0.10725283 0.07310837 0.10157044 0.00452137
0.05531687 0.15969987 0.14806163 0.10425105 -0.08942715 -0.16297864 0.07464353 -0.27102995 0.11110253 0.00563174 0.09761479 -0.13862202 -0.09728096 -0.05105995 0.00694751 0.01309943 -0.09629160 -0.06061923 0.17189422 -0.24121494 -0.07838689 0.12631555 0.02989960 -0.13818059 0.00338581 -0.07335579 0.34074804 0.39172747 0.07270482 0.39197370 1.00000000 0.32703575 0.40524099 0.36927135 0.32302001 0.18526876 0.10274623 0.31819916 0.49485728 0.05560000 -0.02280519 0.18381008 -0.08390271 0.08233337 0.08101752 -0.06677250 0.07555340 0.20976885 0.14457182 0.21935934 0.10561914 0.15236109 0.07646618 0.08054100 -0.06475389 0.03553286 0.01976188 0.02771260 0.09641406 -0.00392977 -0.11197285 -0.12849939 0.13016724 -0.05307053 -0.04381391 0.16153592 0.04718175 0.13495514 -0.02563321 0.10762930 -0.05026230 -0.04149194 0.19508564 0.08807567 0.04632273 0.06009267 0.16068728 -0.03043531
0.18386376 -0.00454278 0.14363734 -0.00804602 -0.12979060 0.09605910 0.15756605 -0.03200803 -0.01033129 -0.00003982 -0.03217268 0.02069545 -0.05758374 0.03431415 0.04110108 -0.01713035 0.19399310 -0.12864175 -0.10597284 -0.27144818 -0.13370957 0.34327146 -0.10434861 -0.14699229 -0.01434442 0.15617426 0.22648231 0.21370684 0.12802094 0.31455288 0.32703575 1.00000000 0.06296257 0.16970288 0.51120559 0.05125184 0.05685403 0.22383082 0.26305326 0.20410540 -0.02898007 0.06729515 0.03167575 0.15375454 0.11121149 0.06827358 0.15736968 -0.09846340 -0.02557296 0.15587217 0.28389796 0.21025415 -0.03892405 0.04573454 -0.19121982 -0.11832708 0.08409488 0.03374675 -0.03591413 -0.19788536 -0.07979360 -0.08162444 0.03658612 -0.08906009 -0.02034046 0.21802530 0.22628376 0.16049889 -0.08600013 0.19314891 -0.00602905 0.00865362 0.26983308 0.04817365 0.04516772 -0.01993963 0.22505668 -0.04650195
-0.11824578 0.25998866 -0.01808351 0.16059874 -0.00579613 -0.13123236 0.03391607 -0.25570019 0.21682371 0.12021595 0.01473419 -0.05933502 0.08069562 -0.13789908 0.05237422 0.08021175 -0.33742492 0.09046403 0.23002073 -0.03954821 0.02675029 -0.19604923 0.18514521 -0.13266736 0.08365562 -0.15174367 0.14955962 0.43852250 0.16173112 0.41791050 0.40524099 0.06296257 1.00000000 0.34428868 0.11377798 0.28165967 0.09618579 0.25557278 0.39716643 -0.01089569 -0.02995292 0.15718607 -0.16107427 -0.04500898 -0.00162479 -0.15298045 -0.03647591 0.29254215 0.19629087 0.14190426 -0.01759054 -0.11020601 0.23523652 0.12320313 0.08997479 0.13339277 -0.07417247 0.21627424 0.24863159 0.16502856 -0.11182578 -0.06048238 -0.00446109 0.05482263 0.07324973 -0.01066255 -0.11875999 0.03368754 -0.02076577 0.04634904 -0.02935877 -0.10174489 0.08483053 0.05187965 -0.01370437 0.05107337 0.11725267 -0.05271065
-0.04308389 0.15295250 0.07231638 0.11039008 0.05541805 -0.19619615 0.03139600 -0.25712724 0.13036413 0.13896466 0.02692767 -0.10147371 0.01224682 -0.18018048 -0.03016962 0.04948469 -0.23746613 0.00718536 0.17353180 -0.13370914 -0.15027081 -0.03869849 0.03200238 -0.10007711 -0.00491804 -0.18698132 0.25299108 0.32797616 0.20026030 0.33582211 0.36927135 0.16970288 0.34428868 1.00000000 0.04929188 0.16070008 0.26220818 0.13303737 0.36192412 0.01106997 -0.04939129 0.15812786 -0.05363166 -0.08671899 -0.01080050 -0.07454582 -0.01912467 0.19092043 0.03323482 0.07080241 0.05022442 -0.04058508 0.15193470 -0.00790454 0.01128926 -0.04468000 0.00594232 0.02882748 0.12738539 0.01933823 -0.05652049 -0.01287162 0.01689945 -0.06472528 0.00030894 0.06184837 0.01190293 0.08263994 0.05431097 0.13588455 -0.07934845 0.05085996 0.08664175 0.06678590 0.06655959 0.08436441 0.08324040 -0.00705401
0.04347565 -0.01513498 0.13029701 -0.03312240 -0.15637285 0.04900469 0.11327449 -0.02206821 0.06291622 -0.13085394 -0.02601389 -0.08899144 -0.09955792 0.12810364 0.05499701 0.00597954 0.14241539 0.00525920 -0.02528882 -0.31386633 -0.08917434 0.24519841 -0.08642130 -0.10551982 -0.05469237 0.13720369 0.21106618 0.25497012 -0.09868746 0.32940344 0.32302001 0.51120559 0.11377798 0.04929188 1.00000000 0.13416962 0.10970167 0.24656012 0.28446183 0.15448369 0.00040133 0.11042264 0.07578802 0.22011015 0.13629464 0.10411159 0.17278994 -0.06625988 0.00895119 0.20348109 0.23208747 0.23892353 -0.00056582 0.07531215 -0.13242711 -0.02038258 0.07694993 0.07602532 -0.08954130 -0.19324205 -0.08668995 -0.07202683 0.04108787 -0.06435327 0.00558505 0.24586880 0.18942171 0.11035127 -0.12364981 0.08413510 0.01199636 -0.05575070 0.30817940 0.09575651 0.03447051 -0.01283808 0.23832934 -0.07725990
-0.16046575 0.24507087 -0.00976402 0.07449439 -0.08686919 -0.17055344 0.09205121 -0.20803220 0.31601320 0.14458312 -0.01573373 -0.07607689 0.05174014 -0.17326790 0.10256509 0.09414182 -0.32128454 0.11354557 0.23740121 0.00305345 0.03804992 -0.15646500 0.13961007 -0.11408552 0.07306395 -0.09989903 0.00153525 0.37121874 0.06818350 0.35136892 0.18526876 0.05125184 0.28165967 0.16070008 0.13416962 1.00000000 0.32002572 0.18174741 0.21386586 0.00974272 0.04504567 0.09718489 -0.04321188 -0.02079202 0.00771267 -0.18136874 -0.01402974 0.25784142 0.03501838 0.14001306 -0.03959972 -0.14901843 0.13629123 0.00654042 0.09822805 0.08472853 -0.12403783 0.04521469 0.13373916 -0.02202061 -0.18773497 -0.03199688 -0.09863284 0.03444934 0.01663329 -0.01887731 -0.10078701 0.08499281 0.03070085 0.01710915 -0.08017163 0.01694504 -0.01288694 0.05239603 0.05255284 0.11689590 0.06321236 0.03582269
-0.20288214 0.04554586 -0.04719548 0.01368050 0.01266783 -0.09570627 0.04398203 -0.08723374 0.08668933 0.06155004 -0.02852047 -0.04756359 0.06382505 -0.06668190 0.01324588 0.11008866 -0.15141859 0.05554326 0.12358618 0.00989193 0.02799896 -0.11264023 0.08141026 -0.06914191 0.08611340 -0.04223907 0.11376594 0.21919717 0.11881423 0.29737637 0.10274623 0.05685403 0.09618579 0.26220818 0.10970167 0.32002572 1.00000000 0.10991405 0.13276978 -0.06642404 0.03856714 0.07419151 0.03678546 -0.05939526 -0.01357439 0.01425684 -0.00321160 0.16734653 -0.03631208 -0.01049175 -0.03345667 -0.05838959 0.09640598 -0.02866358 0.02868159 0.02888778 -0.08943495 0.05465736 0.03533781 -0.01872588 -0.15880073 0.00303112 -0.05753747 0.02195773 0.02250839 0.03778450 -0.02917625 0.02326940 0.02751381 -0.01551019 -0.02838543 -0.00691860 -0.02247815 0.01370314 0.06205624 0.05932636 0.05822443 0.03263134
-0.05335978 0.06824664 0.06364075 0.08923141 -0.06796297 -0.02072274 0.06426546 -0.05479988 -0.03990837 -0.02330973 -0.06724836 -0.01253559 0.00386184 -0.08126708 -0.02555391 0.08518385 -0.09018947 -0.05111624 0.11313673 0.00732532 -0.00551020 -0.09035455 0.17939653 -0.16147187 0.07959665 -0.02492188 0.23865961 0.25579503 0.13348859 0.32122449 0.31819916 0.22383082 0.25557278 0.13303737 0.24656012 0.18174741 0.10991405 1.00000000 0.33097572 -0.10135845 -0.05813859 -0.06752123 -0.12031776 -0.03142717 -0.06457597 -0.05549793 -0.03197781 0.09795075 0.09297466 -0.00946364 -0.10074460 0.03995102 0.12500110 0.02503960 0.03148494 0.01031139 -0.12663910 0.02234981 0.08270492 -0.01566338 -0.09639970 -0.14285027 -0.13283785 -0.02267330 -0.01108940 0.00903305 -0.02363146 -0.04231639 -0.09280153 -0.00460976 -0.00255591 -0.16591891 0.03636857 -0.06362394 -0.09045905 -0.00928890 0.06244416 -0.03273298
0.02892073 0.11399392 0.25401196 0.03247726 -0.09696376 -0.26907037 -0.09602136 -0.28076610 0.18004164 -0.08142706 -0.09600654 -0.14390966 -0.09144352 -0.15246913 -0.21072136 -0.10909322 -0.20994901 -0.11896615 0.21003953 -0.17621858 -0.23710232 0.03528393 -0.00096957 -0.23446792 -0.15689341 -0.24541250 0.34371024 0.44422400 0.06344988 0.47342371 0.49485728 0.26305326 0.39716643 0.36192412 0.28446183 0.21386586 0.13276978 0.33097572 1.00000000 0.10696422 -0.16579168 0.17504223 -0.09799397 0.16688664 0.08357631 -0.01778503 0.14901474 0.16762806 -0.01918908 0.13952450 0.13097883 0.17574652 0.15776908 -0.03263425 -0.03966452 -0.03071357 -0.06880128 -0.00901440 0.14807497 0.02114226 -0.07009962 -0.01145371 -0.00897912 -0.05546503 0.02322014 0.16344809 -0.04385175 -0.03289666 -0.17663357 0.18601082 -0.02796591 -0.08849633 0.21422408 0.10290533 0.09710957 0.01208376 0.17419146 -0.12604986
0.06349865 0.05116456 0.12548462 -0.14814810 -0.13043577 -0.03009822 -0.02343999 -0.09212214 0.11834359 -0.02844030 -0.00840938 -0.19625917 -0.05781079 0.07119307 -0.00258846 -0.06021167 0.08527699 0.02214625 -0.03481158 -0.15793061 -0.15679057 0.18042101 -0.10835251 -0.00219205 -0.16536098 0.01754863 0.03725344 0.06563326 -0.08575122 0.04094494 0.05560000 0.20410540 -0.01089569 0.01106997 0.15448369 0.00974272 -0.06642404 -0.10135845 0.10696422 1.00000000 0.04760797 0.33089690 0.19048181 0.32884309 0.28223242 0.25624706 0.29433694 -0.01293168 0.05847791 0.26068659 0.36471163 0.26141316 -0.13494602 -0.16216134 -0.10949081 -0.12113051 -0.02198314 -0.03911858 -0.02817293 -0.13865120 -0.05244152 0.04757761 0.11344808 -0.05835817 -0.07552427 0.01510827 -0.00581571 0.00243565 -0.09391081 0.06038827 -0.00549547 0.00979309 0.14106670 0.07035994 0.03954685 0.00247101 -0.01029864 -0.09329262
-0.12005277 -0.04445549 -0.17976480 0.02134546 -0.00324302 0.07756858 0.08196187 0.07587899 -0.07943149 0.04550898 0.05566919 -0.00693480 0.05396684 0.04944729 0.13885746 0.07975496 0.09883926 0.05773576 -0.07121750 -0.05236456 0.13320152 0.02674106 -0.00550826 0.03250718 0.12779321 0.09935679 -0.13325711 -0.04168177 0.06234865 -0.09005489 -0.02280519 -0.02898007 -0.02995292 -0.04939129 0.00040133 0.04504567 0.03856714 -0.05813859 -0.16579168 0.04760797 1.00000000 0.08818367 0.20220810 0.05792783 0.09510137 0.12657303 -0.01333846 0.13423281 0.18391716 0.20218097 0.02833058 0.00553103 0.04452846 0.07640195 -0.04109827 0.04227584 0.13973445 0.19061546 0.03358376 -0.00900998 -0.01156941 -0.12321222 -0.03264964 0.06070812 0.08997327 -0.04469193 0.00281733 0.03770997 0.14763905 -0.17992233 -0.11750855 0.06370913 -0.13427312 -0.12179375 -0.17587194 0.04592359 0.02526528 0.03342547
-0.07272509 0.08645862 0.05591572 -0.09899018 -0.11545751 -0.15450451 -0.05605534 -0.20015064 0.08341111 0.02928640 -0.04538722 -0.17705432 -0.08208519 -0.01895176 -0.06125836 -0.08846678 -0.16812902 -0.00159463 0.05242880 -0.15935063 -0.12551086 0.00826710 -0.11730032 -0.09389662 -0.17875529 -0.10245154 0.06039340 0.12790723 0.00516417 0.17383662 0.18381008 0.06729515 0.15718607 0.15812786 0.11042264 0.09718489 0.07419151 -0.06752123 0.17504223 0.33089690 0.08818367 1.00000000 0.06667794 0.21209294 0.20516720 0.17957837 0.28630819 0.20443294 0.07865220 0.25701688 0.31776128 0.12261008 -0.05816949 -0.08886317 -0.08210242 -0.00855440 -0.01434533 -0.02837230 0.08484271 -0.01714863 -0.07272688 0.00621842 0.09742134 -0.03310512 -0.03829603 -0.02853944 -0.08398830 0.01445643 -0.00575024 0.04297252 -0.03133635 0.03026512 0.09680505 0.10017707 0.02664046 0.00451836 -0.01370945 -0.02464047
-0.10028730 -0.10129545 -0.02281742 -0.10096897 -0.10586502 0.07355449 0.02683078 0.07757787 -0.10048934 -0.12929932 -0.01498835 -0.06292300 -0.10102100 0.09869865 0.05410647 0.02571740 0.17948897 0.00149527 -0.17868938 -0.11802576 0.01980159 0.06008693 -0.12723871 0.04328085 -0.00516069 0.04449169 0.00366628 -0.03104470 -0.09835597 -0.12431408 -0.08390271 0.03167575 -0.16107427 -0.05363166 0.07578802 -0.04321188 0.03678546 -0.12031776 -0.09799397 0.19048181 0.20220810 0.06667794 1.00000000 0.16820232 0.23027878 0.35204476 0.23042846 -0.10456587 -0.00579859 0.17732409 0.17176707 0.16872800 -0.08326416 -0.06412716 -0.09350522 -0.08123364 0.09814266 0.03351788 -0.10261497 -0.10516059 0.06493580 -0.00545826 0.06251570 -0.04502708 0.04702648 -0.02089449 0.09376114 -0.02581374 0.01006913 -0.12992447 -0.08968870 0.04607204 0.03120095 -0.00892428 -0.16432624 -0.05919549 -0.03450809 0.00399821
0.02461190 -0.03645506 0.12525985 -0.10782116 -0.18126580 0.00773960 -0.00863331 0.04934399 0.01126136 -0.16550485 -0.12873292 -0.07962498 -0.08650929 0.17497916 -0.09563589 -0.09920704 0.16468667 -0.05581789 -0.03846880 -0.14837269 -0.08047560 0.11795765 -0.04940049 -0.03315167 -0.13481923 0.07059901 0.00753810 0.07371580 -0.09525041 0.03236962 0.08233337 0.15375454 -0.04500898 -0.08671899 0.22011015 -0.02079202 -0.05939526 -0.03142717 0.16688664 0.32884309 0.05792783 0.21209294 0.16820232 1.00000000 0.26844395 0.27670835 0.44142969 -0.08134049 0.03396411 0.19712879 0.29808561 0.36621328 -0.10068144 -0.03321294 -0.12775861 -0.06429894 -0.02464451 -0.02780628 -0.03779516 -0.06798887 0.02605069 0.01843608 0.01107931 0.06302832 0.00717575 0.15106352 0.00629657 0.04156379 -0.16873398 -0.10273646 0.07435961 -0.12180267 0.15684363 0.14573557 -0.05376321 -0.03620469 0.08314848 -0.10241851
0.01341370 0.03254760 0.09772056 -0.01554905 -0.00763203 0.00373994 0.00204652 0.05945151 0.02004319 -0.06895671 -0.02758509 -0.01018615 -0.05715023 0.05369617 -0.07245771 -0.05936826 0.03178333 -0.02966792 -0.06191450 -0.11770227 -0.06109188 0.01539388 -0.04855541 -0.06463129 -0.05993122 -0.04936424 0.04358943 0.04081442 -0.00605620 0.00448393 0.08101752 0.11121149 -0.00162479 -0.01080050 0.13629464 0.00771267 -0.01357439 -0.06457597 0.08357631 0.28223242 0.09510137 0.20516720 0.23027878 0.26844395 1.00000000 0.31646685 0.25581500 0.08194335 0.10662780 0.16239819 0.19487932 0.36273263 -0.09670488 -0.03533813 -0.08617233 -0.05130242 0.03589134 -0.00712382 -0.05529708 -0.02071162 0.00945243 0.01493317 0.10097888 0.00018069 -0.12815118 0.10188144 -0.01836841 0.03164987 -0.08003042 -0.08615684 -0.00305493 0.00852287 0.08121154 0.01776812 0.00427410 -0.02822210 0.04321048 0.01570638
0.00917419 -0.19765610 0.03957969 -0.13368444 -0.10596713 0.03215189 -0.03848336 0.09702636 -0.09656605 -0.17967298 -0.07907789 -0.08792641 -0.10871256 0.12407389 -0.08089232 -0.06968241 0.21364114 -0.01290692 -0.08096519 -0.09198776 -0.08549463 0.12017771 -0.13996627 0.07072649 -0.16123612 0.00525481 0.04279399 -0.07644685 0.01051180 -0.07323105 -0.06677250 0.06827358 -0.15298045 -0.07454582 0.10411159 -0.18136874 0.01425684 -0.05549793 -0.01778503 0.25624706 0.12657303 0.17957837 0.35204476 0.27670835 0.31646685 1.00000000 0.36441968 -0.15614767 0.08148045 0.01694398 0.25397879 0.29033190 -0.16077627 -0.09913964 -0.11282833 -0.10584018 -0.01212165 -0.02983499 -0.12142262 -0.08804905 0.10707332 -0.00342513 0.03688144 -0.10258331 -0.04302092 0.03779779 0.00644578 -0.01275316 -0.10518504 -0.09391602 0.04155208 -0.03804408 0.06683140 0.00488578 -0.06344016 -0.05968404 -0.04649143 -0.03790132
-0.01299559 -0.04613462 0.15055437 -0.15006263 -0.10952115 -0.03014101 0.00011785 -0.02807905 0.02686392 -0.09724394 -0.06114875 -0.16380579 -0.15086154 0.04985784 -0.09048372 -0.09494353 0.06089885 -0.06995891 -0.10216999 -0.17919051 -0.17415878 0.13557430 -0.18861576 -0.01425959 -0.18815697 -0.04687333 0.05908257 0.02559908 -0.03915474 0.07513187 0.07555340 0.15736968 -0.03647591 -0.01912467 0.17278994 -0.01402974 -0.00321160 -0.03197781 0.14901474 0.29433694 -0.01333846 0.28630819 0.23042846 0.44142969 0.25581500 0.36441968 1.00000000 -0.03347964 -0.01640558 0.20381471 0.37646349 0.20457237 -0.14243972 -0.06606361 -0.05056630 -0.08519356 0.03219077 -0.08576427 -0.05915706 -0.10768909 0.00036298 0.02596072 0.01867871 -0.04760223 -0.01476991 0.00744310 0.04325328 0.00270641 -0.08567930 -0.07443880 0.01343735 0.00236054 0.13304863 0.13597877 -0.01668991 -0.05552541 -0.00074950 -0.07613271
-0.15149457 0.27643378 0.00414308 0.11773836 0.03280718 -0.25989126 -0.02081377 -0.28921503 0.23248499 0.19406897 -0.00656540 -0.00591768 0.09075130 -0.23019520 -0.06318820 0.06200597 -0.42209110 0.05653859 0.31280003 0.13048319 0.06349458 -0.23042331 0.13875292 -0.13850910 0.03939986 -0.20981096 0.03893414 0.17185942 0.09242683 0.27088150 0.20976885 -0.09846340 0.29254215 0.19092043 -0.06625988 0.25784142 0.16734653 0.09795075 0.16762806 -0.01293168 0.13423281 0.20443294 -0.10456587 -0.08134049 0.08194335 -0.15614767 -0.03347964 1.00000000 0.11664921 0.10503768 -0.10616136 -0.11337733 0.19177894 0.00824713 0.18128995 0.12966367 -0.09779668 0.02448613 0.21217101 0.10206261 -0.10129572 -0.06024982 -0.08219906 0.07301279 -0.00190470 -0.04989919 -0.13263247 -0.03111656 0.07640168 0.06536994 -0.03537301 0.00322260 -0.11975551 -0.03067976 -0.00226966 0.08098947 -0.02785681 0.03269081
-0.01634741 0.03410770 -0.20296570 0.07690582 0.00523385 0.02756781 0.02051596 0.02840410 -0.07432219 0.08272996 0.08616792 -0.03890400 0.00877641 0.03040093 0.13058729 0.00792741 0.03743815 0.08291740 0.04761437 -0.01444181 0.03549812 0.00683386 -0.02919388 -0.06247703 0.05770633 0.14138347 -0.10411333 0.07105693 0.05031830 0.02495218 0.14457182 -0.02557296 0.19629087 0.03323482 0.00895119 0.03501838 -0.03631208 0.09297466 -0.01918908 0.05847791 0.18391716 0.07865220 -0.00579859 0.03396411 0.10662780 0.08148045 -0.01640558 0.11664921 1.00000000 0.16255888 0.05549368 0.17758255 0.12205070 0.18701722 0.02853269 0.14113471 0.07818789 0.26509575 0.08284137 0.11656177 0.00097886 -0.05054115 0.05790453 0.13621168 0.07735908 -0.01477286 -0.03084181 0.01332455 0.10020182 -0.03597192 -0.10820024 0.01971236 -0.03126602 -0.11148463 -0.08315507 0.07504105 0.10996922 0.03402643
-0.05040092 0.08577736 0.06098991 -0.02472838 -0.12662122 -0.07489616 -0.00235795 -0.08780534 0.09010014 0.03304790 0.01644966 -0.19718262 -0.10006572 0.04308077 -0.01894914 0.01880735 0.03474378 -0.04484884 -0.07807555 -0.29009162 -0.13607226 0.14999798 -0.13952994 -0.13988103 -0.09500839 -0.00881742 0.08872830 0.16687251 -0.10008458 0.15105727 0.21935934 0.15587217 0.14190426 0.07080241 0.20348109 0.14001306 -0.01049175 -0.00946364 0.13952450 0.26068659 0.20218097 0.25701688 0.17732409 0.19712879 0.16239819 0.01694398 0.20381471 0.10503768 0.16255888 1.00000000 0.36480935 0.21748838 0.00547678 -0.02798240 -0.12682459 -0.03816511 0.02947845 0.05626187 0.05281425 -0.07021997 -0.05719199 -0.01957281 0.06068080 0.03310789 0.04790935 0.11598945 0.12040351 0.09742756 -0.02498042 0.13727426 -0.05659890 0.09839524 0.20773606 0.09197609 0.02631619 -0.00990601 0.09910247 -0.01197566
0.15064983 0.00423894 0.16325727 -0.10520560 -0.04842926 0.02569695 -0.00946698 0.00389790 0.02229964 -0.06470947 -0.04839591 -0.15279954 -0.07630495 0.14945424 -0.03109734 -0.09866577 0.21390833 -0.05184940 -0.09224106 -0.21606016 -0.15016779 0.32760371 -0.26133011 -0.01639012 -0.15366871 0.10218475 0.09992690 0.06560715 -0.10500777 0.10511717 0.10561914 0.28389796 -0.01759054 0.05022442 0.23208747 -0.03959972 -0.03345667 -0.10074460 0.13097883 0.36471163 0.02833058 0.31776128 0.17176707 0.29808561 0.19487932 0.25397879 0.37646349 -0.10616136 0.05549368 0.36480935 1.00000000 0.32721077 -0.12195229 -0.08691198 -0.18584207 -0.09692811 0.07603934 -0.02840212 -0.08427620 -0.12803612 0.04422729 0.05128507 0.08321169 -0.09647726 0.00268953 0.16761398 0.10740221 0.12584245 -0.12701037 0.12861502 0.02282122 0.06963652 0.28766696 0.08778618 0.14633043 0.06624902 0.13946191 -0.07687318
0.19182398 -0.15755703 0.11065748 -0.10917566 -0.12112471 0.02452111 -0.07153580 0.08555181 -0.13020571 -0.18171224 -0.00638007 -0.06669803 -0.10574256 0.12028864 -0.15673270 -0.11532872 0.27254333 -0.09161383 -0.06614703 -0.19278664 -0.15395421 0.25307350 -0.19348399 -0.01700762 -0.17807904 0.08579186 0.09639224 -0.01894590 -0.03865537 -0.02565036 0.15236109 0.21025415 -0.11020601 -0.04058508 0.23892353 -0.14901843 -0.05838959 0.03995102 0.17574652 0.26141316 0.00553103 0.12261008 0.16872800 0.36621328 0.36273263 0.29033190 0.20457237 -0.11337733 0.17758255 0.21748838 0.32721077 1.00000000 -0.12974598 -0.03692263 -0.15476092 -0.04611293 0.01652249 0.01052470 -0.09876301 -0.04395453 0.09681876 0.03742243 0.14062296 -0.04408717 -0.07859794 0.16753708 0.06668512 -0.01202283 -0.15701154 0.00955845 0.03085518 -0.04652373 0.18183903 0.05655181 0.04537667 -0.07933098 0.08189802 -0.10399218
-0.16674107 0.13578655 -0.13919883 0.19889049 0.02086335 -0.11059990 0.06411080 -0.07697052 0.12626973 0.15907015 -0.12086481 -0.00217266 0.06518312 -0.08154796 0.01972442 0.12606421 -0.24163390 0.06460468 0.16633062 0.07889337 0.06402555 -0.23733903 0.22481813 -0.13725884 0.21097806 0.00303441 0.00573400 0.17861335 -0.05130030 0.19421192 0.07646618 -0.03892405 0.23523652 0.15193470 -0.00056582 0.13629123 0.09640598 0.12500110 0.15776908 -0.13494602 0.04452846 -0.05816949 -0.08326416 -0.10068144 -0.09670488 -0.16077627 -0.14243972 0.19177894 0.12205070 0.00547678 -0.12195229 -0.12974598 1.00000000 0.21561127 0.15911360 0.22211814 0.04325901 0.34433698 0.29948604 0.30404337 -0.01001267 0.04805564 0.00093185 0.17241439 0.28467369 -0.03472602 -0.08772112 -0.05843823 0.00406603 0.02683239 -0.00125899 -0.17986254 -0.10659829 -0.05701471 -0.15597221 0.01154391 0.08030286 -0.00849361
0.03141347 0.02453483 -0.21323641 0.17126665 0.09706189 0.18709855 0.21427946 0.17898583 -0.07272265 0.09222175 0.02491778 0.14979860 -0.00971030 0.12801034 0.23655881 0.11397248 0.08744400 0.05650432 -0.06399897 0.01299657 0.18548295 -0.00847440 0.13248724 0.06036263 0.25892522 0.28844985 -0.12809684 0.01940708 0.04998245 -0.00323216 0.08054100 0.04573454 0.12320313 -0.00790454 0.07531215 0.00654042 -0.02866358 0.02503960 -0.03263425 -0.16216134 0.07640195 -0.08886317 -0.06412716 -0.03321294 -0.03533813 -0.09913964 -0.06606361 0.00824713 0.18701722 -0.02798240 -0.08691198 -0.03692263 0.21561127 1.00000000 0.17023811 0.30694060 0.29888153 0.39830927 0.16508965 0.25030212 0.14418922 0.01930155 0.23440396 0.27832353 0.19076518 0.03607402 0.11632968 0.08744358 0.02167522 -0.06936881 -0.05284837 -0.07112843 -0.04366044 -0.02943013 -0.20031914 -0.11107444 0.07247158 -0.03393867
-0.08240424 0.11052459 -0.10315196 0.07142588 0.01771620 -0.06219670 -0.00754393 -0.12892383 0.02938566 0.09505348 -0.08159176 0.01775190 0.06600357 -0.11128831 0.01913027 0.05505230 -0.25935625 0.02882402 0.14026955 0.12548929 0.01672533 -0.24480147 0.12679401 -0.11600920 0.06392910 -0.02121495 -0.07833770 0.05105170 -0.00159260 0.01184669 -0.06475389 -0.19121982 0.08997479 0.01128926 -0.13242711 0.09822805 0.02868159 0.03148494 -0.03966452 -0.10949081 -0.04109827 -0.08210242 -0.09350522 -0.12775861 -0.08617233 -0.11282833 -0.05056630 0.18128995 0.02853269 -0.12682459 -0.18584207 -0.15476092 0.15911360 0.17023811 1.00000000 0.20262462 -0.00168458 0.06956388 0.22029176 0.17379790 0.04371488 0.11652166 0.01802242 0.26109355 0.20427776 -0.09975131 -0.14175217 -0.04091776 0.02774703 -0.03243273 0.06019915 -0.09702798 -0.14323669 -0.03717412 -0.03732554 0.01915729 -0.09879240 -0.02633585
-0.02291076 0.09264970 -0.15044539 0.11859752 0.04562287 0.02322887 0.08645196 -0.02276017 0.02420187 0.16856621 0.05695420 0.03049283 0.06740171 -0.00050947 0.13861474 0.09774697 -0.07655999 0.08056664 0.05115248 0.08859273 0.18082232 -0.08960200 0.05647562 0.03724360 0.18225814 0.11505516 -0.05516960 0.01593813 -0.04566117 0.00845179 0.03553286 -0.11832708 0.13339277 -0.04468000 -0.02038258 0.08472853 0.02888778 0.01031139 -0.03071357 -0.12113051 0.04227584 -0.00855440 -0.08123364 -0.06429894 -0.05130242 -0.10584018 -0.08519356 0.12966367 0.14113471 -0.03816511 -0.09692811 -0.04611293 0.22211814 0.30694060 0.20262462 1.00000000 0.23228004 0.31659888 0.24691053 0.25432658 0.09681245 0.11166917 0.13245066 0.25136623 0.20943961 -0.00847645 -0.02623138 0.04672938 0.04540191 0.00838754 0.00826957 -0.09891571 -0.10876573 -0.07285391 -0.14495709 -0.01773177 0.03354105 0.03932154
0.07956728 -0.08829853 -0.09278812 0.02181811 0.04739372 0.12010101 0.05690396 0.12555986 -0.08134488 0.01027161 0.12519166 -0.00692508 -0.00457329 0.09258859 0.09073941 -0.01098300 0.19571466 0.05753870 -0.17998894 -0.15301603 0.08112843 0.14777797 -0.12726885 0.13949396 0.04412897 0.12122990 -0.03364024 -0.11082320 -0.02492099 -0.06833558 0.01976188 0.08409488 -0.07417247 0.00594232 0.07694993 -0.12403783 -0.08943495 -0.12663910 -0.06880128 -0.02198314 0.13973445 -0.01434533 0.09814266 -0.02464451 0.03589134 -0.01212165 0.03219077 -0.09779668 0.07818789 0.02947845 0.07603934 0.01652249 0.04325901 0.29888153 -0.00168458 0.23228004 1.00000000 0.28355569 0.05789704 0.03513315 0.11333984 0.08645729 0.26983341 0.11783525 0.25773126 0.06572130 0.14778391 0.11444601 0.20014090 0.01336666 -0.01683200 0.08002983 -0.01468400 -0.02604500 -0.14396822 0.04541731 0.06068458 0.08411004
-0.10329824 0.04998608 -0.18582330 0.16643209 0.01076394 0.15384838 0.15325769 0.09716919 -0.01732821 0.10503551 0.03089006 0.00312844 0.06461786 0.10805672 0.21207279 0.15356250 0.01295098 0.13645187 -0.04138946 -0.06276316 0.18686541 -0.12980055 0.10854979 -0.02607761 0.24627349 0.23852931 -0.15466880 0.08807909 -0.03080121 0.02938450 0.02771260 0.03374675 0.21627424 0.02882748 0.07602532 0.04521469 0.05465736 0.02234981 -0.00901440 -0.03911858 0.19061546 -0.02837230 0.03351788 -0.02780628 -0.00712382 -0.02983499 -0.08576427 0.02448613 0.26509575 0.05626187 -0.02840212 0.01052470 0.34433698 0.39830927 0.06956388 0.31659888 0.28355569 1.00000000 0.15001764 0.22123916 0.06603021 0.05958183 0.14372232 0.23673459 0.37678410 0.09464239 0.04415303 0.07970741 0.12186433 -0.08640778 -0.04821707 -0.03696043 -0.02441413 -0.05864669 -0.20113461 -0.01861504 0.11616572 0.05206885
-0.10908326 0.18204497 -0.04522104 0.16577499 -0.01732065 -0.11363174 0.03053807 -0.14207958 0.15452645 0.17023073 -0.03984490 -0.05028885 0.08218622 -0.13860780 -0.00219533 0.03952005 -0.27144118 -0.02187651 0.13521349 0.03341684 -0.00600911 -0.22238640 0.14443522 -0.10821547 0.09671775 -0.11573855 -0.02438273 0.12875293 0.00355836 0.14538036 0.09641406 -0.03591413 0.24863159 0.12738539 -0.08954130 0.13373916 0.03533781 0.08270492 0.14807497 -0.02817293 0.03358376 0.08484271 -0.10261497 -0.03779516 -0.05529708 -0.12142262 -0.05915706 0.21217101 0.08284137 0.05281425 -0.08427620 -0.09876301 0.29948604 0.16508965 0.22029176 0.24691053 0.05789704 0.15001764 1.00000000 0.26229257 -0.00056040 0.03269104 0.09383036 0.23058508 0.12694679 0.00129521 -0.13756791 0.04868332 0.07199590 0.00840657 0.05041649 -0.07663310 -0.09223669 -0.05370184 -0.04192365 0.03938135 0.04264056 0.03616746
-0.04311884 0.07372881 -0.12694821 0.05982725 0.02958322 -0.05576635 -0.08978076 -0.07996024 0.02343575 0.05387585 0.03860893 0.02512408 -0.00520266 -0.08857414 -0.11472778 -0.07984465 -0.19535432 0.04913235 0.10873968 0.17750601 0.05951073 -0.18165944 0.07544847 -0.03640205 0.00504499 -0.03645007 -0.03412707 -0.01390313 0.06182978 0.01103023 -0.00392977 -0.19788536 0.16502856 0.01933823 -0.19324205 -0.02202061 -0.01872588 -0.01566338 0.02114226 -0.13865120 -0.00900998 -0.01714863 -0.10516059 -0.06798887 -0.02071162 -0.08804905 -0.10768909 0.10206261 0.11656177 -0.07021997 -0.12803612 -0.04395453 0.30404337 0.25030212 0.17379790 0.25432658 0.03513315 0.22123916 0.26229257 1.00000000 0.18891010 0.19462510 0.02416122 0.26137001 0.15539218 -0.07935841 -0.18204755 -0.09060929 0.03482113 -0.02305320 -0.01421267 -0.15997850 -0.19179036 -0.04762145 -0.05073441 -0.00410476 -0.02981909 -0.04982878
0.18989538 -0.09968394 0.02128588 0.00420184 0.05317592 0.06988627 -0.06584167 0.12290944 -0.20478227 -0.06720723 -0.04728515 0.08180928 -0.06333248 0.02202637 -0.06456598 -0.07891000 0.14451264 -0.07375013 -0.09467640 0.08998662 0.03897612 0.12939821 -0.13369744 0.15000125 -0.00488047 0.02455463 0.07385940 -0.17625965 0.06078853 -0.15816637 -0.11197285 -0.07979360 -0.11182578 -0.05652049 -0.08668995 -0.18773497 -0.15880073 -0.09639970 -0.07009962 -0.05244152 -0.01156941 -0.07272688 0.06493580 0.02605069 0.00945243 0.10707332 0.00036298 -0.10129572 0.00097886 -0.05719199 0.04422729 0.09681876 -0.01001267 0.14418922 0.04371488 0.09681245 0.11333984 0.06603021 -0.00056040 0.18891010 1.00000000 0.08849347 0.10696990 0.13219405 0.13161942 0.04529936 0.04531993 -0.12423094 -0.04203266 0.04728263 -0.02278238 0.06862885 -0.06369856 0.02924382 0.05826901 -0.00927042 -0.02568983 -0.08333848
0.08240576 -0.12060947 0.00172826 -0.05971724 0.04845223 0.00659184 -0.13592461 -0.01707228 -0.02612334 -0.04208083 0.01218496 0.00243077 -0.08615199 0.03120085 -0.11565487 -0.10372833 -0.00517342 0.04025822 0.00275435 0.02015976 -0.03087104 0.07563236 -0.12218738 0.02202166 -0.12912301 0.03217924 -0.03517424 -0.05583642 0.04154892 -0.00859500 -0.12849939 -0.08162444 -0.06048238 -0.01287162 -0.07202683 -0.03199688 0.00303112 -0.14285027 -0.01145371 0.04757761 -0.12321222 0.00621842 -0.00545826 0.01843608 0.01493317 -0.00342513 0.02596072 -0.06024982 -0.05054115 -0.01957281 0.05128507 0.03742243 0.04805564 0.01930155 0.11652166 0.11166917 0.08645729 0.05958183 0.03269104 0.19462510 0.08849347 1.00000000 0.12050394 0.13409217 0.09042472 -0.03540979 0.00604335 -0.01296374 0.01077438 0.12388358 0.01496773 0.04522652 0.02530767 0.04849050 0.10161819 0.03896431 -0.04219472 -0.04759450
0.12431980 -0.06891155 0.00961855 0.00444801 0.01389927 0.13663003 0.08519372 0.07017613 -0.07797718 -0.04564027 0.01903824 0.01484556 -0.04403237 0.15436289 -0.00604154 -0.04662962 0.18150307 -0.03085139 -0.15019576 -0.21997661 -0.03169143 0.11589452 -0.05778866 -0.00826126 -0.05719196 0.09280152 0.04309946 -0.02524214 0.01715545 -0.07259012 0.13016724 0.03658612 -0.00446109 0.01689945 0.04108787 -0.09863284 -0.05753747 -0.13283785 -0.00897912 0.11344808 -0.03264964 0.09742134 0.06251570 0.01107931 0.10097888 0.03688144 0.01867871 -0.08219906 0.05790453 0.06068080 0.08321169 0.14062296 0.00093185 0.23440396 0.01802242 0.13245066 0.26983341 0.14372232 0.09383036 0.02416122 0.10696990 0.12050394 1.00000000 0.12824665 0.04669245 0.14159495 0.15711885 0.07227689 0.00517139 0.01132820 -0.08997309 0.08021055 0.07943452 0.12090639 0.03902993 -0.06913082 0.07802003 -0.00350209
-0.14880947 0.02376277 -0.19081905 0.06430864 -0.07974385 0.00460941 0.06713300 0.01756081 -0.00574551 0.05261251 -0.04047013 0.08514147 -0.02552671 0.07751705 0.04411321 0.06273429 -0.06912534 0.06939664 -0.01156569 0.14218727 0.09646861 -0.14358136 0.10638591 -0.09522002 0.11211262 0.16128330 -0.13726343 0.00560439 -0.02898038 -0.02398596 -0.05307053 -0.08906009 0.05482263 -0.06472528 -0.06435327 0.03444934 0.02195773 -0.02267330 -0.05546503 -0.05835817 0.06070812 -0.03310512 -0.04502708 0.06302832 0.00018069 -0.10258331 -0.04760223 0.07301279 0.13621168 0.03310789 -0.09647726 -0.04408717 0.17241439 0.27832353 0.26109355 0.25136623 0.11783525 0.23673459 0.23058508 0.26137001 0.13219405 0.13409217 0.12824665 1.00000000 0.19451031 0.00131465 -0.07445192 0.03121636 -0.01907090 -0.08684881 -0.09105708 -0.07133258 -0.10919072 -0.03335232 -0.15649050 -0.06412172 -0.01256025 0.01445532
-0.10035808 -0.01885886 -0.17359809 -0.03097314 -0.04076612 0.03350065 -0.02157179 0.04691524 -0.06082508 0.04278702 -0.01166082 -0.06053740 -0.02985168 0.06902608 0.07164187 0.04504583 0.02935498 0.01411992 -0.07307338 -0.00665729 0.07535293 -0.05657153 0.01393252 0.00373946 0.07492824 0.06275294 -0.03342928 -0.00064099 0.02240389 -0.01475634 -0.04381391 -0.02034046 0.07324973 0.00030894 0.00558505 0.01663329 0.02250839 -0.01108940 0.02322014 -0.07552427 0.08997327 -0.03829603 0.04702648 0.00717575 -0.12815118 -0.04302092 -0.01476991 -0.00190470 0.07735908 0.04790935 0.00268953 -0.07859794 0.28467369 0.19076518 0.20427776 0.20943961 0.25773126 0.37678410 0.12694679 0.15539218 0.13161942 0.09042472 0.04669245 0.19451031 1.00000000 0.01357344 0.00430784 0.02530807 0.08295972 -0.08346299 -0.00943207 0.02030444 -0.09142132 0.01065914 -0.15082998 0.01146939 0.06654725 0.01602432
0.07531791 0.01585715 0.05748010 -0.00181171 -0.06398112 0.09861189 0.02366352 0.05436760 0.02037497 -0.15041744 0.02984025 0.00337924 -0.00392757 0.12376222 -0.03596554 0.00036803 0.18039256 -0.05432038 -0.06654317 -0.17439500 -0.08174230 0.12259548 -0.02090620 -0.04085943 -0.07576001 0.04654762 0.01381168 0.04728222 -0.07838718 0.08920703 0.16153592 0.21802530 -0.01066255 0.06184837 0.24586880 -0.01887731 0.03778450 0.00903305 0.16344809 0.01510827 -0.04469193 -0.02853944 -0.02089449 0.15106352 0.10188144 0.03779779 0.00744310 -0.04989919 -0.01477286 0.11598945 0.16761398 0.16753708 -0.03472602 0.03607402 -0.09975131 -0.00847645 0.06572130 0.09464239 0.00129521 -0.07935841 0.04529936 -0.03540979 0.14159495 0.00131465 0.01357344 1.00000000 0.29453870 0.15992764 0.00221108 0.22317779 0.09058969 0.12991032 0.38508004 0.25334455 0.13840792 0.11674628 0.29283770 0.03289614
0.11174600 -0.09914231 0.03604423 0.00557968 0.02706662 0.23934776 0.12768616 0.15979714 -0.05512501 -0.00937054 0.05073731 0.08055150 -0.05710024 0.19706405 0.11438377 0.05854352 0.30492550 -0.02550623 -0.22639989 -0.17843181 0.02050917 0.20038020 -0.11054325 0.04087733 0.01099152 0.15800851 -0.00936378 -0.02992226 -0.02156607 -0.02468933 0.04718175 0.22628376 -0.11875999 0.01190293 0.18942171 -0.10078701 -0.02917625 -0.02363146 -0.04385175 -0.00581571 0.00281733 -0.08398830 0.09376114 0.00629657 -0.01836841 0.00644578 0.04325328 -0.13263247 -0.03084181 0.12040351 0.10740221 0.06668512 -0.08772112 0.11632968 -0.14175217 -0.02623138 0.14778391 0.04415303 -0.13756791 -0.18204755 0.04531993 0.00604335 0.15711885 -0.07445192 0.00430784 0.29453870 1.00000000 0.35198627 0.06435159 0.19996426 0.10684157 0.28154583 0.31260959 0.25754696 0.12695056 -0.05253197 0.21768535 0.17190944
0.08724035 0.10391508 0.00687584 0.15271687 0.08084013 0.18559670 0.16819322 0.07920546 0.10843054 0.05152514 0.10708935 0.04917470 0.04144714 0.12759894 0.20477330 0.11945079 0.12360816 0.07686025 -0.10947449 -0.11078794 0.09363178 0.09806052 0.05519326 0.06256697 0.10745092 0.14766826 -0.06324264 0.01509180 0.04446623 0.05993952 0.13495514 0.16049889 0.03368754 0.08263994 0.11035127 0.08499281 0.02326940 -0.04231639 -0.03289666 0.00243565 0.03770997 0.01445643 -0.02581374 0.04156379 0.03164987 -0.01275316 0.00270641 -0.03111656 0.01332455 0.09742756 0.12584245 -0.01202283 -0.05843823 0.08744358 -0.04091776 0.04672938 0.11444601 0.07970741 0.04868332 -0.09060929 -0.12423094 -0.01296374 0.07227689 0.03121636 0.02530807 0.15992764 0.35198627 1.00000000 0.09171691 0.08903878 0.14020059 0.22559925 0.28352043 0.12929198 0.13321968 0.02784581 0.23230957 0.12727725
-0.13250272 0.00681223 -0.17798981 0.08015682 0.05787685 0.01501886 0.04887447 -0.04624634 0.02764450 0.10271571 0.15003757 -0.09837037 0.01942618 -0.02494048 0.20314212 0.13994467 -0.04009100 0.11260750 -0.11844347 0.01876100 0.12007546 -0.06124860 0.03609921 0.14353800 0.19188240 0.03332208 -0.08871788 -0.08207331 0.06361423 -0.08669647 -0.02563321 -0.08600013 -0.02076577 0.05431097 -0.12364981 0.03070085 0.02751381 -0.09280153 -0.17663357 -0.09391081 0.14763905 -0.00575024 0.01006913 -0.16873398 -0.08003042 -0.10518504 -0.08567930 0.07640168 0.10020182 -0.02498042 -0.12701037 -0.15701154 0.00406603 0.02167522 0.02774703 0.04540191 0.20014090 0.12186433 0.07199590 0.03482113 -0.04203266 0.01077438 0.00517139 -0.01907090 0.08295972 0.00221108 0.06435159 0.09171691 1.00000000 0.01563638 0.01071835 0.34333226 -0.09617769 0.00562119 -0.06823183 0.17633074 0.07615343 0.27510965
0.20650003 0.04264270 0.07613990 -0.03691726 -0.02020137 -0.15042595 -0.14369250 -0.19935081 0.05640389 0.03350493 -0.00128225 -0.07381851 0.02652793 -0.07648624 -0.06504759 -0.07149520 -0.05244408 -0.03625957 0.09527156 -0.03403040 -0.07713102 0.24725087 -0.12994679 -0.01850971 -0.16060191 -0.05198566 0.10005006 0.08082050 -0.00494112 0.14886723 0.10762930 0.19314891 0.04634904 0.13588455 0.08413510 0.01710915 -0.01551019 -0.00460976 0.18601082 0.06038827 -0.17992233 0.04297252 -0.12992447 -0.10273646 -0.08615684 -0.09391602 -0.07443880 0.06536994 -0.03597192 0.13727426 0.12861502 0.00955845 0.02683239 -0.06936881 -0.03243273 0.00838754 0.01336666 -0.08640778 0.00840657 -0.02305320 0.04728263 0.12388358 0.01132820 -0.08684881 -0.08346299 0.22317779 0.19996426 0.08903878 0.01563638 1.00000000 0.10484652 0.15586094 0.26940097 0.17577033 0.35063908 0.18166852 0.14892957 -0.03411256
0.00657783 -0.00832762 0.02025870 0.10658259 0.11185052 0.15916842 0.05250689 0.15909366 -0.02250245 0.06511850 0.02747816 0.10936014 0.10202436 0.10906046 0.07709535 0.07600142 0.00249555 0.04482529 -0.00184577 0.11073662 0.10888180 -0.10063114 0.07019026 0.07477162 0.07965214 0.00745368 -0.03802166 0.01025647 -0.05011637 0.02572899 -0.05026230 -0.00602905 -0.02935877 -0.07934845 0.01199636 -0.08017163 -0.02838543 -0.00255591 -0.02796591 -0.00549547 -0.11750855 -0.03133635 -0.08968870 0.07435961 -0.00305493 0.04155208 0.01343735 -0.03537301 -0.10820024 -0.05659890 0.02282122 0.03085518 -0.00125899 -0.05284837 0.06019915 0.00826957 -0.01683200 -0.04821707 0.05041649 -0.01421267 -0.02278238 0.01496773 -0.08997309 -0.09105708 -0.00943207 0.09058969 0.10684157 0.14020059 0.01071835 0.10484652 1.00000000 -0.07394916 0.18684849 0.23244076 0.18094652 0.17087271 0.00818453 0.09364077
0.05822460 -0.01718745 -0.02639526 -0.03953600 0.02412299 0.03274069 -0.06455173 0.02093395 0.00413524 0.01577767 0.03939053 -0.01089712 -0.05271016 0.03285471 0.05525644 -0.00498996 0.12044500 -0.03581694 -0.19009426 -0.10812573 0.00029426 0.21245484 -0.17610677 0.09439695 -0.09014649 -0.02462663 0.03650026 -0.12012653 0.03642328 -0.09340654 -0.04149194 0.00865362 -0.10174489 0.05085996 -0.05575070 0.01694504 -0.00691860 -0.16591891 -0.08849633 0.00979309 0.06370913 0.03026512 0.04607204 -0.12180267 0.00852287 -0.03804408 0.00236054 0.00322260 0.01971236 0.09839524 0.06963652 -0.04652373 -0.17986254 -0.07112843 -0.09702798 -0.09891571 0.08002983 -0.03696043 -0.07663310 -0.15997850 0.06862885 0.04522652 0.08021055 -0.07133258 0.02030444 0.12991032 0.28154583 0.22559925 0.34333226 0.15586094 -0.07394916 1.00000000 0.07786354 0.17605525 0.16848432 0.03767344 0.14883261 0.34508863
0.14230463 -0.04266539 0.18650356 -0.01577407 -0.05482650 0.11847056 0.01669024 0.05083808 0.03406900 -0.04300303 0.03575227 -0.02429324 -0.10219009 0.13906649 -0.02327728 -0.00037317 0.21144667 -0.08224409 -0.07800083 -0.29776050 -0.15635891 0.18311288 -0.13735412 -0.03453413 -0.13018760 0.09084190 0.09795634 0.16837902 -0.03583900 0.16694444 0.19508564 0.26983308 0.08483053 0.08664175 0.30817940 -0.01288694 -0.02247815 0.03636857 0.21422408 0.14106670 -0.13427312 0.09680505 0.03120095 0.15684363 0.08121154 0.06683140 0.13304863 -0.11975551 -0.03126602 0.20773606 0.28766696 0.18183903 -0.10659829 -0.04366044 -0.14323669 -0.10876573 -0.01468400 -0.02441413 -0.09223669 -0.19179036 -0.06369856 0.02530767 0.07943452 -0.10919072 -0.09142132 0.38508004 0.31260959 0.28352043 -0.09617769 0.26940097 0.18684849 0.07786354 1.00000000 0.24757461 0.23772129 0.17443629 0.26067400 0.07147191
0.05911543 0.00883610 0.05176195 -0.09221075 -0.03503970 0.03628374 -0.03240608 0.03594449 0.03410461 -0.04209944 0.01403426 -0.06311655 -0.04591745 0.11705540 0.01323135 -0.02366671 0.02856335 -0.04823611 -0.03110815 -0.17974458 -0.04596638 0.05057842 -0.03273115 0.01148732 -0.11209448 -0.06286131 0.03392237 0.07957574 -0.04385506 0.11577273 0.08807567 0.04817365 0.05187965 0.06678590 0.09575651 0.05239603 0.01370314 -0.06362394 0.10290533 0.07035994 -0.12179375 0.10017707 -0.00892428 0.14573557 0.01776812 0.00488578 0.13597877 -0.03067976 -0.11148463 0.09197609 0.08778618 0.05655181 -0.05701471 -0.02943013 -0.03717412 -0.07285391 -0.02604500 -0.05864669 -0.05370184 -0.04762145 0.02924382 0.04849050 0.12090639 -0.03335232 0.01065914 0.25334455 0.25754696 0.12929198 0.00562119 0.17577033 0.23244076 0.17605525 0.24757461 1.00000000 0.23822264 0.02527804 0.17438145 0.04015661
0.23943720 0.03252104 0.20946143 -0.05226229 0.01518826 -0.10601120 -0.17142272 -0.12537878 0.05562502 -0.07064922 0.02690383 -0.04365005 -0.05349842 -0.01408079 -0.14441783 -0.14191289 -0.02762282 -0.06903180 0.08668780 -0.05152537 -0.08811923 0.22354574 -0.16879847 -0.06500803 -0.23603160 -0.13805421 0.11175824 0.02513024 0.02707801 0.10725283 0.04632273 0.04516772 -0.01370437 0.06655959 0.03447051 0.05255284 0.06205624 -0.09045905 0.09710957 0.03954685 -0.17587194 0.02664046 -0.16432624 -0.05376321 0.00427410 -0.06344016 -0.01668991 -0.00226966 -0.08315507 0.02631619 0.14633043 0.04537667 -0.15597221 -0.20031914 -0.03732554 -0.14495709 -0.14396822 -0.20113461 -0.04192365 -0.05073441 0.05826901 0.10161819 0.03902993 -0.15649050 -0.15082998 0.13840792 0.12695056 0.13321968 -0.06823183 0.35063908 0.18094652 0.16848432 0.23772129 0.23822264 1.00000000 0.25991397 0.18028469 -0.01654269
0.01918546 0.02186688 -0.02312451 0.02188736 0.03595490 -0.04434003 -0.05794650 -0.10100745 0.01736540 0.05680235 0.11258202 -0.09298084 0.02762170 -0.10081046 0.06654973 0.04065546 -0.11231535 0.11088128 0.13985124 0.05753083 0.06672274 -0.01992353 -0.03660405 0.08114455 0.05451396 -0.03712513 -0.05622987 0.04874914 -0.01149755 0.07310837 0.06009267 -0.01993963 0.05107337 0.08436441 -0.01283808 0.11689590 0.05932636 -0.00928890 0.01208376 0.00247101 0.04592359 0.00451836 -0.05919549 -0.03620469 -0.02822210 -0.05968404 -0.05552541 0.08098947 0.07504105 -0.00990601 0.06624902 -0.07933098 0.01154391 -0.11107444 0.01915729 -0.01773177 0.04541731 -0.01861504 0.03938135 -0.00410476 -0.00927042 0.03896431 -0.06913082 -0.06412172 0.01146939 0.11674628 -0.05253197 0.02784581 0.17633074 0.18166852 0.17087271 0.03767344 0.17443629 0.02527804 0.25991397 1.00000000 0.12644654 0.16091201
0.02517441 0.01152170 0.02519193 0.01781085 -0.06912180 0.06182985 0.00686050 0.06375142 0.03904980 -0.02765607 0.01427410 -0.02245212 -0.05031767 0.08035273 0.02218301 -0.03136613 0.07778268 -0.03307662 -0.05314694 -0.19479443 -0.00520240 0.11062163 -0.06963413 -0.09083141 0.06386663 0.03740608 0.04049631 0.13267609 -0.00412399 0.10157044 0.16068728 0.22505668 0.11725267 0.08324040 0.23832934 0.06321236 0.05822443 0.06244416 0.17419146 -0.01029864 0.02526528 -0.01370945 -0.03450809 0.08314848 0.04321048 -0.04649143 -0.00074950 -0.02785681 0.10996922 0.09910247 0.13946191 0.08189802 0.08030286 0.07247158 -0.09879240 0.03354105 0.06068458 0.11616572 0.04264056 -0.02981909 -0.02568983 -0.04219472 0.07802003 -0.01256025 0.06654725 0.29283770 0.21768535 0.23230957 0.07615343 0.14892957 0.00818453 0.14883261 0.26067400 0.17438145 0.18028469 0.12644654 1.00000000 0.02173606
-0.08570210 -0.01999548 -0.08447359 0.16236021 0.08328629 0.02242487 0.06764708 0.05222395 0.01159195 0.09645185 0.07173900 0.03219249 0.02714344 -0.00989344 0.08878349 0.14570121 -0.03029170 0.01634363 -0.08180462 0.03502769 0.10849154 -0.09224508 0.02519654 0.09943070 0.14166699 0.02788352 0.00298748 -0.03311722 -0.04052205 0.00452137 -0.03043531 -0.04650195 -0.05271065 -0.00705401 -0.07725990 0.03582269 0.03263134 -0.03273298 -0.12604986 -0.09329262 0.03342547 -0.02464047 0.00399821 -0.10241851 0.01570638 -0.03790132 -0.07613271 0.03269081 0.03402643 -0.01197566 -0.07687318 -0.10399218 -0.00849361 -0.03393867 -0.02633585 0.03932154 0.08411004 0.05206885 0.03616746 -0.04982878 -0.08333848 -0.04759450 -0.00350209 0.01445532 0.01602432 0.03289614 0.17190944 0.12727725 0.27510965 -0.03411256 0.09364077 0.34508863 0.07147191 0.04015661 -0.01654269 0.16091201 0.02173606 1.00000000
