1.00000000 -0.12422552 0.24890330 -0.15790893 0.04328148 0.38687322 0.06389265 0.43126206 -0.16036869 -0.04938266 0.23843675 0.25280359 0.05308897 0.09350901 -0.30186907 -0.38189635 0.46179806 -0.30985011 -0.35275429 -0.09526645 -0.19134139 0.47668799 -0.29098360 0.09499522 -0.35228742 -0.12954443 -0.08019107 -0.15456313 0.17064025 -0.21828795 0.00962764 0.17397763 0.09651514 0.01105383 0.00526070 -0.35486873 -0.14787887 -0.10793666 -0.05309546 -0.08042538 -0.19259034 -0.12947919 -0.19950457 -0.10267692 -0.05686847 -0.07390754 -0.13437128 -0.19989291 0.31123075 -0.02592392 0.17957996 0.05638256 -0.12523000 0.23857883 0.20460631 0.13581847 0.29627598 0.23328567 0.00857199 0.20792263 0.31962055 0.18956998 0.35759555 0.23681219 0.26364495 0.00653020 0.15473123 0.07346684 0.17864855 0.15579541 -0.06127120 0.18221558 -0.03798495 0.23954521 0.03523412 -0.03647975 0.09220891 -0.09619309
-0.12422552 1.00000000 0.15288375 0.44241914 0.25775550 -0.19666956 0.39757052 -0.18744296 0.44660760 0.53874958 0.11059090 0.07481710 0.32313965 -0.03962344 0.02058011 0.15857751 -0.29285435 0.12276139 0.26865384 -0.18280274 -0.08251564 -0.23289770 0.08548270 -0.19861484 0.06704934 -0.21747736 0.17029459 0.20409429 -0.02023174 0.22785380 0.14966989 0.08376952 0.00903590 0.24529689 0.19695997 0.36663254 0.19228751 -0.08421767 0.21231595 0.13087656 -0.09238174 0.11832952 -0.00025244 0.11277932 0.23284330 0.07558611 0.13223754 -0.02187805 -0.12193411 0.11947986 0.03725361 0.13471331 0.02499202 0.07029495 -0.19449293 0.17745506 -0.01998276 -0.15839061 0.07345145 -0.07985139 -0.08727089 -0.12412022 0.04462804 -0.05609977 -0.03124319 0.17929914 0.02026996 -0.09080156 -0.21123775 -0.03876416 0.07743807 -0.10730435 0.22830076 0.01178311 0.16275136 -0.11312634 0.04926728 -0.04321235
0.24890330 0.15288375 1.00000000 -0.10986691 -0.19961935 -0.08035505 0.01522998 0.08849308 0.35081939 0.04144023 0.06883917 0.02283254 0.08894335 -0.14087649 -0.25205426 -0.07370548 0.21286403 -0.11983322 0.05624196 -0.00970314 -0.09758884 0.03875354 0.07945311 0.00702274 -0.18095921 -0.06063586 -0.02952615 -0.24368719 0.10517311 -0.24233016 -0.18737777 0.07321661 -0.28882436 -0.13809784 0.16553928 -0.06045542 0.13416169 -0.12528162 -0.19424734 -0.13882909 0.00484529 -0.12382969 0.14353030 0.06299098 0.01534358 0.09860364 0.05108588 -0.33948342 0.04137744 -0.16111574 -0.13255105 0.14813809 -0.10675627 0.03494558 0.15474030 -0.06921519 0.12321488 0.12621078 -0.10931197 0.20408376 0.08198998 0.07081916 -0.02751457 0.19303864 0.17669958 -0.00222551 -0.11634338 0.04900161 0.06674489 -0.17097288 0.17543109 -0.09769881 0.07522527 -0.11909569 -0.15797281 0.09909840 -0.09484393 0.07073763
-0.15790893 0.44241914 -0.10986691 1.00000000 0.31710070 -0.09467139 0.39540662 -0.11426921 0.17482747 0.43335073 0.17402435 0.07848128 0.25084894 -0.03195998 0.06332250 0.17891377 -0.36176481 0.08191327 0.19649235 -0.16183002 -0.05033808 -0.20446627 -0.02124256 -0.24373343 0.06719394 -0.16308173 0.22405542 0.30594562 -0.05751629 0.33412564 0.25032357 0.04165805 0.16199898 0.21122443 0.09887380 0.28981076 0.14963891 0.04061628 0.26668711 0.13753655 -0.08039701 0.14326994 -0.09587061 0.03058492 0.13996352 -0.06768999 0.06844782 0.10959666 -0.15655624 0.08077585 0.01289150 -0.05531131 0.08081901 -0.05292701 -0.24883035 0.04243755 -0.03903212 -0.18681705 0.09781706 -0.17416132 -0.05387094 -0.17667360 0.02037504 -0.12539959 -0.11022302 0.08902322 0.00953319 -0.13351319 -0.22128886 -0.01674758 -0.00998217 -0.04896692 0.11061240 0.00655821 0.10254131 -0.09366218 0.03443596 -0.04615602
0.04328148 0.25775550 -0.19961935 0.31710070 1.00000000 0.07911159 0.23474585 0.20976811 0.06879564 0.25090751 0.17522700 0.23403521 0.38574786 0.13111045 0.02485094 0.02927014 -0.28134548 -0.06104001 0.07349260 -0.15795031 -0.02812686 -0.01620389 -0.12729905 -0.12045282 0.05876452 -0.19002472 0.24458125 0.46035803 -0.04653373 0.44209610 0.34452387 0.19826466 0.34634230 0.31065992 0.09062376 0.12363504 0.03116944 0.20869023 0.42753892 0.12073365 -0.16727503 0.13448229 -0.29595139 -0.12623420 0.01657581 -0.12702678 -0.01762124 0.18376292 -0.05259192 0.23425813 0.25650277 -0.02253437 0.00539670 -0.00116715 -0.28163622 0.16674673 0.04214803 -0.12728706 0.22061083 -0.13960953 0.03119306 -0.05254189 0.15199473 -0.19249275 -0.18255729 0.09968202 0.17785943 -0.06628043 -0.20464922 0.16029887 -0.05121342 0.09277219 0.04774805 0.16028321 0.22589139 -0.08763395 0.09242112 -0.31053087
0.38687322 -0.19666956 -0.08035505 -0.09467139 0.07911159 1.00000000 0.07576114 0.49809735 -0.39918637 -0.18008156 0.14652448 0.28213075 0.12235952 0.25128801 0.06394233 -0.14382643 0.24836393 -0.06827357 -0.44282351 0.01063426 0.07063009 0.16684393 -0.11954588 0.14770705 0.00273120 0.18466736 -0.16645409 0.02266598 0.04291468 -0.09651027 -0.08877756 0.00033033 0.15698650 -0.08118463 -0.14952704 -0.35331310 -0.23964008 0.08802849 -0.10639370 -0.08034152 -0.13253870 -0.11821294 -0.14077198 -0.13962175 -0.17115956 -0.18288412 -0.17318627 0.08646923 0.05790194 -0.04454028 0.06196256 -0.10324497 -0.00940106 -0.00154221 0.17768700 0.04797474 0.02380122 0.23118630 0.08024936 0.04172739 0.14292738 0.11290050 0.12471828 0.07056651 0.15161349 0.06460579 0.15852197 0.05136898 0.16712956 0.16243548 -0.11026003 0.31008326 -0.24105697 0.21229518 -0.03662571 -0.02041574 0.09548966 -0.03014334
0.06389265 0.39757052 0.01522998 0.39540662 0.23474585 0.07576114 1.00000000 0.06293161 0.07189067 0.35870161 0.22654097 0.24692503 0.25511002 0.00416990 -0.07212789 0.04175704 -0.19092302 -0.01349204 0.07424081 -0.20441072 -0.16277879 -0.08342838 -0.03984995 -0.20016667 -0.01670429 -0.13235557 0.17191378 0.36795142 0.06025482 0.30199913 0.25156576 0.17251178 0.18196917 0.33094549 0.09138788 0.14893293 0.07432256 0.03948895 0.18543590 0.06942707 -0.15058181 0.04001034 -0.16079260 0.02220213 0.17898663 -0.08446051 0.03531911 0.07622328 -0.07979347 0.08559364 0.08126278 0.07019352 0.04441061 0.10935389 -0.16492391 0.14761281 0.09487789 -0.06554085 0.16038437 -0.02133452 0.11011133 -0.13356299 0.14289115 -0.09682043 -0.08073562 0.09245704 0.02186172 -0.07425976 -0.16201308 0.09582340 0.07074821 0.02209816 0.09463804 0.18023332 0.17830695 -0.07375280 0.07748493 -0.13745483
0.43126206 -0.18744296 0.08849308 -0.11426921 0.20976811 0.49809735 0.06293161 1.00000000 -0.14314433 -0.19274830 0.09524658 0.35439220 0.05919891 0.23809008 -0.05991116 -0.28028706 0.35339780 -0.11827033 -0.33992120 0.07314632 0.03373147 0.29994501 -0.18064240 0.11069712 -0.14479032 0.17526303 -0.04717577 -0.02496145 0.04296012 -0.12312795 -0.01798826 0.16306981 0.10252447 -0.09680646 0.01977965 -0.28616826 -0.12267825 0.14542275 -0.04172269 -0.14113969 -0.13350938 -0.20018263 -0.11937310 -0.20374730 -0.10268180 -0.07216522 -0.11204451 -0.06092163 0.16327989 0.00340815 0.13076442 -0.01224271 -0.10529471 0.15895704 0.12566397 0.09681866 0.20249216 0.28879843 0.08791227 0.15696016 0.16163855 0.14156010 0.17594646 0.12982092 0.16678515 -0.00392350 0.08231414 0.04437267 0.12033544 0.11914616 -0.06808833 0.21117452 -0.15986709 0.17824338 -0.07087045 -0.04342457 0.06958097 -0.01746164
-0.16036869 0.44660760 0.35081939 0.17482747 0.06879564 -0.39918637 0.07189067 -0.14314433 1.00000000 0.24130703 -0.00354059 -0.13121615 0.16832751 -0.15502318 -0.17563441 0.03409157 -0.17907438 0.02463648 0.33780212 -0.12035336 -0.13253834 -0.18287387 0.14615958 -0.18200687 -0.07833847 -0.18762752 0.17571611 -0.00378281 -0.01890778 0.08118840 -0.04289135 0.09580344 -0.15112364 0.07081750 0.29176551 0.32770139 0.28257823 -0.13222750 0.10873174 0.15884145 0.00950647 0.07765964 0.14438519 0.14233120 0.18939535 0.10719716 0.16852651 -0.17418272 -0.10895829 0.00956543 0.00160792 0.18772313 0.02187025 0.06243748 -0.13690457 0.00527156 0.06797265 -0.05191763 -0.00435287 0.08300437 -0.09706267 -0.02620103 -0.01835622 0.05544253 -0.02658589 0.10737559 -0.10804759 -0.05582096 -0.11298811 -0.13432629 0.11332913 -0.14220666 0.16762203 -0.12101709 0.02198535 0.03076017 -0.02469990 0.00837837
-0.04938266 0.53874958 0.04144023 0.43335073 0.25090751 -0.18008156 0.35870161 -0.19274830 0.24130703 1.00000000 0.11204549 0.11697716 0.35604447 -0.02040795 0.05727095 0.13081038 -0.30551055 0.07629478 0.22068500 -0.18265916 -0.08703852 -0.22573352 0.04330736 -0.13329281 0.04074924 -0.20007911 0.20945139 0.21038259 -0.05320137 0.24801565 0.17608481 0.05715632 0.03698690 0.20957793 0.17784989 0.36287756 0.07877374 -0.10770079 0.27963416 0.15876832 -0.08049710 0.17009344 -0.05747656 0.13760421 0.28810501 0.00798269 0.14762558 0.05802995 -0.14049617 0.13217682 0.04858274 0.05256454 0.06196830 0.01587807 -0.23799813 0.09276086 -0.05235330 -0.26921852 0.04835422 -0.18170137 -0.09246810 -0.13049920 0.05403308 -0.12593124 -0.11707429 0.12945198 -0.01093556 -0.03331993 -0.26458779 0.01550855 0.08890518 -0.12127650 0.18816695 -0.05392394 0.20192616 -0.14714753 0.03255556 -0.10675910
0.23843675 0.11059090 0.06883917 0.17402435 0.17522700 0.14652448 0.22654097 0.09524658 -0.00354059 0.11204549 1.00000000 0.13289848 0.25436039 -0.16721849 -0.29776770 -0.22374173 0.02286927 -0.27069251 -0.12294873 -0.34946164 -0.39605684 0.30322054 -0.34754708 -0.15647819 -0.09523835 -0.18054230 0.04378184 0.17770491 0.17916663 0.11020439 0.24774802 0.21407501 0.19474113 0.29071857 0.10877695 -0.09885320 0.07527272 0.00640509 0.10993835 0.01747456 -0.09802822 -0.01545330 -0.16745124 -0.10380538 0.02781565 -0.26989035 -0.11804726 -0.03088386 0.12692234 0.27518834 0.06913655 0.10287715 -0.03785423 0.09596288 -0.06398344 0.11861003 0.22577033 0.11639391 0.17004435 0.00266251 0.25863382 -0.10451065 0.23405100 0.02925351 0.09149486 0.14095534 0.27695998 0.15889040 0.08970143 0.20685204 0.00323752 0.32262245 0.15879272 0.23785822 0.16885366 -0.06811849 0.19371647 -0.07453712
0.25280359 0.07481710 0.02283254 0.07848128 0.23403521 0.28213075 0.24692503 0.35439220 -0.13121615 0.11697716 0.13289848 1.00000000 0.21071763 0.13320826 0.04230198 -0.04848737 0.02360442 -0.00460305 -0.17088241 -0.06947565 0.00506426 0.04907650 -0.06045674 -0.00040347 0.04474686 0.09457516 -0.04992846 0.16833341 0.06884370 0.08034064 0.07603761 0.10025344 0.15248754 0.05930764 -0.07154291 -0.10816827 -0.10621946 0.11828656 0.05537171 0.03633841 -0.10893656 -0.05820100 -0.14007140 -0.07036438 -0.05251532 -0.09501678 -0.07725415 0.14315786 -0.01117370 0.04845852 0.07999020 -0.02188726 0.04110375 0.04719339 -0.02054017 0.02792563 0.06955006 0.05512277 0.15526497 -0.00790588 0.14330900 -0.04035681 0.09675588 -0.02893728 -0.04266049 0.02756786 0.00760531 -0.04963149 -0.00724240 0.10926197 -0.04938726 0.09103315 -0.13739829 0.09082864 -0.04817829 -0.00817540 0.02939169 -0.06852763
0.05308897 0.32313965 0.08894335 0.25084894 0.38574786 0.12235952 0.25511002 0.05919891 0.16832751 0.35604447 0.25436039 0.21071763 1.00000000 0.05495354 -0.05828933 0.00712981 -0.19341672 -0.03645824 0.10855932 -0.17762751 -0.12032841 -0.06107387 -0.06404558 -0.09557572 -0.01484476 -0.18853587 0.14676814 0.33075450 -0.04238779 0.23912502 0.21415481 0.10793572 0.16547212 0.23079090 0.15569566 0.19841388 0.07171512 0.03718930 0.26563828 0.08915408 -0.18885480 0.09213952 -0.17630365 -0.03388213 0.09419836 -0.10881961 0.02051782 0.06254377 -0.07300410 0.10999468 0.06904752 0.07898220 0.04344142 -0.03691121 -0.21345662 0.05497540 0.04689542 -0.16394548 0.08381019 -0.07404073 -0.02044904 -0.11572362 0.08747254 -0.15184613 -0.11920445 0.19623698 0.12896179 0.01021331 -0.08785094 0.06794907 0.01329325 0.07753821 0.06876562 0.06785547 0.10604992 -0.07520137 0.06925700 -0.17778442
0.09350901 -0.03962344 -0.14087649 -0.03195998 0.13111045 0.25128801 0.00416990 0.23809008 -0.15502318 -0.02040795 -0.16721849 0.13320826 0.05495354 1.00000000 0.28033619 0.04092090 0.28836004 0.29295650 -0.13799074 0.19205328 0.34672275 0.12751287 0.13125707 0.26382388 0.11749830 0.36070670 -0.00944627 0.00704020 -0.14832253 0.02503133 -0.00897017 0.01795145 0.10680759 -0.09513706 -0.00631096 -0.07022537 -0.12647416 0.03821848 0.02537384 -0.04894188 -0.09051198 0.05536621 -0.14399851 -0.00142601 -0.04883348 -0.01817918 -0.00185622 0.08118024 -0.04268425 -0.04361476 0.10160372 -0.07038176 -0.02900022 0.05100530 0.02502595 0.03152933 0.00887907 0.07502311 -0.02458889 -0.01030959 -0.05993001 0.09477561 0.03531407 0.02655259 0.05758330 0.05502129 -0.03037652 -0.03025987 0.07234689 -0.02024212 -0.18224424 0.10391424 -0.19379308 0.04962044 -0.07619868 -0.05209970 0.08109438 -0.00815674
-0.30186907 0.02058011 -0.25205426 0.06332250 0.02485094 0.06394233 -0.07212789 -0.05991116 -0.17563441 0.05727095 -0.29776770 0.04230198 -0.05828933 0.28033619 1.00000000 0.42453922 -0.11675014 0.54937145 0.07769953 0.38457331 0.61720948 -0.36454457 0.41668461 0.35710001 0.58799991 0.46011441 -0.06045135 -0.00995714 -0.12020479 -0.04097386 -0.13445326 -0.24771853 -0.02851485 -0.19905257 -0.23260595 0.02379780 -0.10999224 0.17433060 -0.13291909 -0.01965344 0.12809943 0.07304536 0.14342089 -0.08363527 -0.09997873 0.05781988 0.01108305 0.29642135 -0.28452414 -0.16763321 -0.13746472 -0.21564492 0.14126006 -0.31264470 -0.05471574 -0.14809078 -0.42241546 -0.20368691 -0.13484228 -0.22257814 -0.29839666 -0.01618332 -0.34717782 -0.26749700 -0.23057034 -0.07921380 -0.16683166 -0.05006742 -0.08169953 -0.10885710 -0.03823328 -0.07226675 -0.18065395 -0.15406129 -0.06987478 0.06427176 -0.18440775 0.14154411
-0.38189635 0.15857751 -0.07370548 0.17891377 0.02927014 -0.14382643 0.04175704 -0.28028706 0.03409157 0.13081038 -0.22374173 -0.04848737 0.00712981 0.04092090 0.42453922 1.00000000 -0.27468527 0.48687763 0.33901858 0.27774600 0.34848541 -0.38817186 0.45931411 0.12025599 0.43463645 0.27961898 0.10563746 0.09900404 -0.09850969 0.10385807 -0.03040040 -0.15632490 -0.01134909 -0.08844585 -0.05503280 0.26521130 0.14628778 0.09768617 0.01890238 0.03910235 0.20069148 0.15417527 0.13372097 0.04930590 -0.00091441 0.07928912 0.10988640 0.25316585 -0.24840093 -0.08917685 -0.17202253 -0.12789900 0.13425536 -0.27595493 -0.13752638 -0.10353144 -0.33039345 -0.31249332 -0.11106182 -0.17327575 -0.29127816 -0.08356252 -0.32291675 -0.23691586 -0.23393172 -0.00255539 -0.24482007 -0.11528164 -0.16545818 -0.15839840 0.04494939 -0.23177313 -0.03932012 -0.19575435 -0.08581835 0.03620591 -0.19956738 0.07248726
0.46179806 -0.29285435 0.21286403 -0.36176481 -0.28134548 0.24836393 -0.19092302 0.35339780 -0.17907438 -0.30551055 0.02286927 0.02360442 -0.19341672 0.28836004 -0.11675014 -0.27468527 1.00000000 -0.15042157 -0.41102572 0.17039582 0.06056529 0.57100877 -0.07454190 0.41144572 -0.17556034 0.22069410 -0.08778440 -0.47227338 0.01971266 -0.39916176 -0.19596637 0.21648613 -0.20398470 -0.29658101 0.11727881 -0.38881577 -0.08417547 -0.19163960 -0.26760099 -0.17255686 0.02135401 -0.22748450 0.04656150 0.02996329 -0.05675099 0.07868306 -0.01875582 -0.33401085 0.41775663 -0.02945620 0.10844996 0.09828905 -0.19613383 0.26227967 0.31739464 0.03461429 0.27901735 0.35478149 -0.15118216 0.21893688 0.14301214 0.21574161 0.17415624 0.33921026 0.40849251 -0.08859976 0.02363325 0.07821801 0.33315544 -0.00521357 -0.13519523 0.14637323 -0.14277990 -0.04402564 -0.12664044 -0.02029296 0.01161678 0.15976547
-0.30985011 0.12276139 -0.11983322 0.08191327 -0.06104001 -0.06827357 -0.01349204 -0.11827033 0.02463648 0.07629478 -0.27069251 -0.00460305 -0.03645824 0.29295650 0.54937145 0.48687763 -0.15042157 1.00000000 0.28425586 0.36672277 0.48070879 -0.36826104 0.41840293 0.27329850 0.45542568 0.42576210 -0.00772850 -0.03101095 -0.10381659 0.00833111 -0.12986963 -0.23040733 -0.04881203 -0.19534616 -0.11197970 0.17217825 0.05217266 0.11347234 -0.13903448 -0.01086203 0.11575373 0.07121009 0.16076363 -0.01446244 -0.06274214 0.11940840 0.02854066 0.17111481 -0.24454238 -0.22729695 -0.21171569 -0.16500274 0.13287254 -0.25275280 -0.01113418 -0.11325177 -0.33697370 -0.17888790 -0.13267682 -0.08344243 -0.29746981 0.00376894 -0.33168952 -0.21747491 -0.18137792 -0.10113918 -0.29202138 -0.04140087 -0.07829349 -0.23040174 -0.06428033 -0.14227285 -0.15560293 -0.16648852 -0.09485884 0.10094316 -0.18735998 0.13807481
-0.35275429 0.26865384 0.05624196 0.19649235 0.07349260 -0.44282351 0.07424081 -0.33992120 0.33780212 0.22068500 -0.12294873 -0.17088241 0.10855932 -0.13799074 0.07769953 0.33901858 -0.41102572 0.28425586 1.00000000 0.07673817 0.10604078 -0.28646886 0.33862622 -0.09499177 0.10322836 -0.10557268 0.22748953 0.15792838 -0.14939065 0.24888105 0.05521789 -0.07782432 -0.06633300 0.08308382 0.12385562 0.40805378 0.22508435 0.03966263 0.14266847 0.13800277 0.11137700 0.19126085 0.10294809 0.10796298 0.09135798 0.12703755 0.11516730 0.10584761 -0.19451151 -0.03375481 -0.13718694 0.02840514 0.11005328 -0.16646658 -0.26126964 -0.07759636 -0.16974931 -0.28306532 -0.03091349 -0.09135169 -0.23832025 -0.15195569 -0.27722044 -0.20488918 -0.25538622 -0.00293048 -0.19201380 -0.12158189 -0.19053966 -0.24515980 0.13069893 -0.30123785 0.08564439 -0.16109028 -0.03858820 -0.00060451 -0.15616282 -0.13512582
-0.09526645 -0.18280274 -0.00970314 -0.16183002 -0.15795031 0.01063426 -0.20441072 0.07314632 -0.12035336 -0.18265916 -0.34946164 -0.06947565 -0.17762751 0.19205328 0.38457331 0.27774600 0.17039582 0.36672277 0.07673817 1.00000000 0.55624083 -0.15985609 0.33220464 0.43298423 0.34720730 0.38326398 -0.13847505 -0.30067855 -0.10430152 -0.26421221 -0.33575098 -0.18099128 -0.27755976 -0.37253650 -0.19262752 -0.16156154 -0.08824471 0.06883221 -0.30628410 -0.16029150 0.25186439 -0.06062524 0.21892887 -0.08719770 -0.16435657 0.20342152 -0.01579234 0.00731089 0.00150465 -0.21163407 -0.13169726 -0.06542317 0.01588386 -0.24056163 0.11752419 -0.20530604 -0.26042470 -0.00027504 -0.18001707 0.02816545 -0.18785977 0.18743771 -0.29402632 -0.04758257 -0.09833825 -0.21889301 -0.26927318 0.00268451 -0.09372992 -0.12626672 0.06546237 -0.22872777 -0.17613597 -0.24873330 -0.10163340 0.11443944 -0.33943496 0.17398603
-0.19134139 -0.08251564 -0.09758884 -0.05033808 -0.02812686 0.07063009 -0.16277879 0.03373147 -0.13253834 -0.08703852 -0.39605684 0.00506426 -0.12032841 0.34672275 0.61720948 0.34848541 0.06056529 0.48070879 0.10604078 0.55624083 1.00000000 -0.19571960 0.34822876 0.40852530 0.41475919 0.46178372 -0.05522702 -0.18820005 -0.11560151 -0.12843586 -0.25738115 -0.17400542 -0.15941490 -0.34792676 -0.13165452 -0.01441969 -0.06548053 0.13925022 -0.24360637 -0.10700478 0.17720451 -0.06885290 0.09901000 -0.06452325 -0.14557076 0.13932479 0.04582699 0.17979831 -0.19219598 -0.24452775 -0.16289886 -0.21022501 0.12921860 -0.20535304 0.01788754 -0.15538235 -0.34233761 -0.04967348 -0.14881935 -0.05757418 -0.24205762 0.08748207 -0.38005907 -0.15171258 -0.11938051 -0.14742858 -0.31544538 -0.03130253 0.01376764 -0.24058035 -0.07934092 -0.12693629 -0.29694931 -0.24474303 -0.16078526 0.10722319 -0.26601631 0.12374302
0.47668799 -0.23289770 0.03875354 -0.20446627 -0.01620389 0.16684393 -0.08342838 0.29994501 -0.18287387 -0.22573352 0.30322054 0.04907650 -0.06107387 0.12751287 -0.36454457 -0.38817186 0.57100877 -0.36826104 -0.28646886 -0.15985609 -0.19571960 1.00000000 -0.43220235 0.15752298 -0.30809713 -0.08366229 0.11229904 -0.12924787 0.06799507 -0.07088109 0.20629390 0.34128709 0.17910131 0.06977437 0.24616955 -0.20790613 0.00929212 -0.02350021 0.12126269 -0.04057167 -0.12333968 -0.10903727 -0.26013634 -0.07589865 0.00299725 -0.12087398 -0.01486745 -0.22101757 0.46564771 0.20532019 0.30120731 0.10312838 -0.13055740 0.29165438 0.10593267 0.17202866 0.44815796 0.30035860 0.05713418 0.20586103 0.29345832 0.11335659 0.37770613 0.25691123 0.26841126 0.06790789 0.29913640 0.17385572 0.37090634 0.18024202 -0.18808819 0.38362686 -0.03595016 0.15323436 0.05622738 -0.13575377 0.26536534 -0.05919815
-0.29098360 0.08548270 0.07945311 -0.02124256 -0.12729905 -0.11954588 -0.03984995 -0.18064240 0.14615958 0.04330736 -0.34754708 -0.06045674 -0.06404558 0.13125707 0.41668461 0.45931411 -0.07454190 0.41840293 0.33862622 0.33220464 0.34822876 -0.43220235 1.00000000 0.15367259 0.39290156 0.27960894 -0.02333533 -0.05616253 -0.15010585 -0.05517797 -0.21770384 -0.16439442 -0.15429928 -0.21543231 -0.10112361 0.11939452 0.04760952 -0.03480078 -0.12915463 0.04619543 0.13693890 0.10223798 0.26055970 0.11789764 0.06719347 0.19899982 0.08461944 0.06463144 -0.26883264 -0.20540578 -0.21183655 -0.01226636 0.13314146 -0.12985562 -0.00495687 -0.10743379 -0.28196713 -0.17475596 -0.11072022 -0.05706917 -0.27187805 0.01402041 -0.32916226 -0.07520396 -0.13139888 -0.00319075 -0.22217995 -0.14831659 -0.10105289 -0.20951636 0.01365501 -0.23428056 -0.05953487 -0.19895329 -0.20688293 0.03593710 -0.21537276 0.07275017
0.09499522 -0.19861484 0.00702274 -0.24373343 -0.12045282 0.14770705 -0.20016667 0.11069712 -0.18200687 -0.13329281 -0.15647819 -0.00040347 -0.09557572 0.26382388 0.35710001 0.12025599 0.41144572 0.27329850 -0.09499177 0.43298423 0.40852530 0.15752298 0.15367259 1.00000000 0.23782986 0.26484903 -0.06570116 -0.26900407 -0.03352688 -0.26770714 -0.19282243 -0.05770293 -0.09914855 -0.28589574 -0.06858804 -0.15567500 -0.10331356 0.01433291 -0.22669249 -0.12159480 0.12533689 -0.09571747 0.13598042 -0.07002043 -0.15673815 0.07977949 0.05841748 0.01129819 0.05738177 -0.12445823 0.03828725 -0.05581492 -0.00787621 -0.11379540 0.10057659 -0.11390322 -0.10553499 0.04454245 -0.15778776 0.02963066 -0.09444828 0.17428587 -0.09617557 -0.02221327 0.01994854 -0.13174972 -0.21012006 0.07781010 0.12648027 -0.12710259 -0.01537024 0.00111589 -0.23739352 -0.19428510 -0.09869981 0.06719951 -0.15967998 0.10204941
-0.35228742 0.06704934 -0.18095921 0.06719394 0.05876452 0.00273120 -0.01670429 -0.14479032 -0.07833847 0.04074924 -0.09523835 0.04474686 -0.01484476 0.11749830 0.58799991 0.43463645 -0.17556034 0.45542568 0.10322836 0.34720730 0.41475919 -0.30809713 0.39290156 0.23782986 1.00000000 0.34062490 -0.01454703 0.04746992 -0.07734190 0.01508552 -0.07420553 -0.17074929 -0.00831311 -0.09383754 -0.15006708 0.09920548 0.02776479 0.17388138 -0.11057084 0.04744444 0.24009478 0.11984610 0.10244990 -0.03970356 -0.08914209 0.02318204 0.03816519 0.23394678 -0.20765429 0.02831609 -0.09016704 -0.11288234 0.21123072 -0.27845664 -0.05585556 -0.11899601 -0.31258681 -0.18685287 -0.08838480 -0.15986618 -0.29678278 -0.03089743 -0.33212640 -0.21435138 -0.22736289 -0.03115106 -0.04990838 -0.02384228 -0.08293126 0.03245690 0.04309496 -0.01905377 -0.07035139 -0.09418253 -0.00921666 0.02949589 -0.15831140 0.08276989
-0.12954443 -0.21747736 -0.06063586 -0.16308173 -0.19002472 0.18466736 -0.13235557 0.17526303 -0.18762752 -0.20007911 -0.18054230 0.09457516 -0.18853587 0.36070670 0.46011441 0.27961898 0.22069410 0.42576210 -0.10557268 0.38326398 0.46178372 -0.08366229 0.27960894 0.26484903 0.34062490 1.00000000 -0.24764848 -0.24647016 -0.04074488 -0.24328543 -0.30089293 -0.10564389 -0.17123820 -0.41419659 -0.16499906 -0.19972148 -0.08800089 0.13570744 -0.35640693 -0.11365053 0.16980340 -0.03395728 0.17790843 -0.07585716 -0.18305979 0.04090081 -0.06923642 0.09571238 -0.00717841 -0.15207645 -0.18289632 -0.12186747 0.09805007 -0.13806582 0.14244183 -0.11255114 -0.22356869 0.12160312 -0.13880002 0.04092541 -0.14060194 0.12914876 -0.29635653 -0.05694065 -0.00053050 -0.09962164 -0.19173394 0.01975773 0.15690230 -0.11711589 0.02639858 -0.01282437 -0.27175091 -0.16463096 -0.16961075 0.14857718 -0.19917181 0.21409716
-0.08019107 0.17029459 -0.02952615 0.22405542 0.24458125 -0.16645409 0.17191378 -0.04717577 0.17571611 0.20945139 0.04378184 -0.04992846 0.14676814 -0.00944627 -0.06045135 0.10563746 -0.08778440 -0.00772850 0.22748953 -0.13847505 -0.05522702 0.11229904 -0.02333533 -0.06570116 -0.01454703 -0.24764848 1.00000000 0.30531727 -0.14623308 0.48432615 0.49865535 0.36589989 0.20172534 0.32520411 0.50012911 0.46566556 0.43869985 0.23087140 0.51901314 0.16221850 -0.02137762 0.15565282 -0.15352485 0.06830646 0.17099374 -0.05692198 0.13998973 0.01951430 -0.03991406 0.23684920 0.25078675 0.04688077 -0.01315437 0.14409747 -0.27619482 0.15732773 0.22828595 -0.14602774 0.07268832 -0.04667667 -0.06508381 -0.14588770 0.12177854 -0.03995344 -0.11409751 0.16900886 0.09241870 -0.01725022 -0.00031461 0.03458974 -0.03956780 0.11458603 0.07588623 0.01194884 0.17546508 -0.16836695 0.20695991 -0.04601657
-0.15456313 0.20409429 -0.24368719 0.30594562 0.46035803 0.02266598 0.36795142 -0.02496145 -0.00378281 0.21038259 0.17770491 0.16833341 0.33075450 0.00704020 -0.00995714 0.09900404 -0.47227338 -0.03101095 0.15792838 -0.30067855 -0.18820005 -0.12924787 -0.05616253 -0.26900407 0.04746992 -0.24647016 0.30531727 1.00000000 -0.03930292 0.68317424 0.55035152 0.25992789 0.55146484 0.54858679 0.11848801 0.36470119 0.11134120 0.30849948 0.58443008 0.19626690 -0.13815644 0.20513832 -0.25904526 -0.05349939 0.08373506 -0.19071798 -0.04508806 0.32551044 -0.19244211 0.25297046 0.20017519 -0.02698631 0.06235147 -0.01563705 -0.32978369 0.19338823 0.06045617 -0.16647961 0.28655914 -0.17694806 0.01462669 -0.24823448 0.11044527 -0.24926082 -0.24826092 0.11301782 0.19216239 -0.13469912 -0.17933805 0.12196423 -0.02948434 0.13430613 0.04060527 0.23501555 0.20068773 -0.14133313 0.20953848 -0.32436807
0.17064025 -0.02023174 0.10517311 -0.05751629 -0.04653373 0.04291468 0.06025482 0.04296012 -0.01890778 -0.05320137 0.17916663 0.06884370 -0.04238779 -0.14832253 -0.12020479 -0.09850969 0.01971266 -0.10381659 -0.14939065 -0.10430152 -0.11560151 0.06799507 -0.15010585 -0.03352688 -0.07734190 -0.04074488 -0.14623308 -0.03930292 1.00000000 -0.13736483 -0.05402161 0.03448487 0.09908921 0.13811917 0.00748664 -0.03673617 0.14096424 0.07904248 -0.10369341 -0.09424233 -0.11101264 -0.06715682 -0.03678486 -0.07665704 -0.06337529 -0.02264216 -0.10118987 -0.08549597 0.00031895 -0.12792745 -0.12937522 -0.01604927 0.03133183 0.02317848 0.03780139 -0.02736908 0.01420779 -0.01252339 -0.00452526 0.14295097 0.16318641 -0.01112737 0.10371593 0.02649336 0.03474822 -0.06392132 0.00020920 0.02483428 0.11942808 -0.08963294 0.00028956 0.00355396 0.06546628 0.05367769 -0.02821806 -0.00429433 -0.03044980 0.07666213
-0.21828795 0.22785380 -0.24233016 0.33412564 0.44209610 -0.09651027 0.30199913 -0.12312795 0.08118840 0.24801565 0.11020439 0.08034064 0.23912502 0.02503133 -0.04097386 0.10385807 -0.39916176 0.00833111 0.24888105 -0.26421221 -0.12843586 -0.07088109 -0.05517797 -0.26770714 0.01508552 -0.24328543 0.48432615 0.68317424 -0.13736483 1.00000000 0.54129980 0.31822461 0.46150494 0.52416872 0.24125040 0.47723393 0.27908976 0.25927633 0.65504701 0.23053913 -0.09344378 0.26185098 -0.24207458 0.02230440 0.16763183 -0.14773805 -0.02619128 0.23339028 -0.12359258 0.28709114 0.21276610 0.03099803 0.03312683 0.03590496 -0.36124487 0.18502890 0.11190947 -0.21682650 0.25306997 -0.14653776 0.00110719 -0.23531882 0.10086547 -0.17883360 -0.25051854 0.16790532 0.17297921 -0.11828978 -0.18469163 0.14578138 -0.05394120 0.05763850 0.12945338 0.13278240 0.26723399 -0.13077624 0.19718667 -0.23760044
0.00962764 0.14966989 -0.18737777 0.25032357 0.34452387 -0.08877756 0.25156576 -0.01798826 -0.04289135 0.17608481 0.24774802 0.07603761 0.21415481 -0.00897017 -0.13445326 -0.03040040 -0.19596637 -0.12986963 0.05521789 -0.33575098 -0.25738115 0.20629390 -0.21770384 -0.19282243 -0.07420553 -0.30089293 0.49865535 0.55035152 -0.05402161 0.54129980 1.00000000 0.38587999 0.58111595 0.55150512 0.32150323 0.31930185 0.18895922 0.27571426 0.68850988 0.14769647 -0.20871939 0.18616749 -0.31516428 -0.04710393 0.14964547 -0.21688233 0.02369171 0.13359491 -0.01065083 0.28942397 0.30662614 0.00135696 -0.04789862 0.08097821 -0.32550006 0.21491465 0.18210886 -0.17308256 0.30791894 -0.11410910 0.10197835 -0.16427681 0.32055603 -0.10429114 -0.10188883 0.18137956 0.27266490 0.00920690 -0.06977532 0.19779606 -0.07997342 0.15991494 0.17388855 0.17462579 0.27361257 -0.17021096 0.28585100 -0.23319918
0.17397763 0.08376952 0.07321661 0.04165805 0.19826466 0.00033033 0.17251178 0.16306981 0.09580344 0.05715632 0.21407501 0.10025344 0.10793572 0.01795145 -0.24771853 -0.15632490 0.21648613 -0.23040733 -0.07782432 -0.18099128 -0.17400542 0.34128709 -0.16439442 -0.05770293 -0.17074929 -0.10564389 0.36589989 0.25992789 0.03448487 0.31822461 0.38587999 1.00000000 0.19725693 0.21825358 0.50243695 0.18948489 0.25488594 0.07934450 0.33654505 0.07741590 -0.07115860 -0.00395932 -0.15393851 0.01016028 0.14570916 -0.06990177 0.01936306 -0.10490215 0.21942381 0.32929743 0.31290625 0.07324512 -0.12648755 0.35035780 -0.03675662 0.27953677 0.38204387 0.07340230 0.19009490 0.10052365 0.21238071 -0.07382457 0.32063466 0.20830341 0.10679547 0.11270881 0.15760422 -0.11443987 0.03503142 0.11280296 -0.06995961 0.16341675 -0.02714357 0.09398288 0.12179172 -0.20748501 0.11772620 -0.11707478
0.09651514 0.00903590 -0.28882436 0.16199898 0.34634230 0.15698650 0.18196917 0.10252447 -0.15112364 0.03698690 0.19474113 0.15248754 0.16547212 0.10680759 -0.02851485 -0.01134909 -0.20398470 -0.04881203 -0.06633300 -0.27755976 -0.15941490 0.17910131 -0.15429928 -0.09914855 -0.00831311 -0.17123820 0.20172534 0.55146484 0.09908921 0.46150494 0.58111595 0.19725693 1.00000000 0.41778478 0.11991302 0.19274032 0.02617613 0.29735614 0.55766376 0.10451564 -0.20399086 0.23395454 -0.33370054 -0.15161910 -0.01552668 -0.26706937 -0.10779157 0.32341280 -0.08279980 0.18259055 0.31517962 -0.13227166 -0.00041964 -0.03318192 -0.25821558 0.06912577 0.04941966 -0.08398455 0.27924707 -0.13989600 0.06592324 -0.08292316 0.25493495 -0.13848617 -0.18255249 0.09186701 0.25463046 -0.00488586 -0.01461306 0.16838582 -0.18921442 0.30071871 -0.01090799 0.24624475 0.13289242 -0.18148111 0.26343839 -0.24350968
0.01105383 0.24529689 -0.13809784 0.21122443 0.31065992 -0.08118463 0.33094549 -0.09680646 0.07081750 0.20957793 0.29071857 0.05930764 0.23079090 -0.09513706 -0.19905257 -0.08844585 -0.29658101 -0.19534616 0.08308382 -0.37253650 -0.34792676 0.06977437 -0.21543231 -0.28589574 -0.09383754 -0.41419659 0.32520411 0.54858679 0.13811917 0.52416872 0.55150512 0.21825358 0.41778478 1.00000000 0.21770590 0.27640552 0.23536094 0.07907950 0.55391312 0.12404210 -0.18191200 0.11538284 -0.29277379 0.00538440 0.11118502 -0.20294062 0.00526030 0.10716979 -0.05973824 0.28215267 0.25311325 0.04036604 -0.00453662 0.10556341 -0.31244332 0.18318423 0.19047632 -0.20376750 0.22619345 -0.08085996 0.07738712 -0.20509309 0.21905284 -0.13988679 -0.12116137 0.21204360 0.26401116 -0.04689300 -0.15808548 0.26474889 0.03728306 0.08311553 0.28695767 0.24067634 0.28844722 -0.10176035 0.23634683 -0.21019923
0.00526070 0.19695997 0.16553928 0.09887380 0.09062376 -0.14952704 0.09138788 0.01977965 0.29176551 0.17784989 0.10877695 -0.07154291 0.15569566 -0.00631096 -0.23260595 -0.05503280 0.11727881 -0.11197970 0.12385562 -0.19262752 -0.13165452 0.24616955 -0.10112361 -0.06858804 -0.15006708 -0.16499906 0.50012911 0.11848801 0.00748664 0.24125040 0.32150323 0.50243695 0.11991302 0.21770590 1.00000000 0.47593019 0.49766208 0.09363851 0.39369411 0.07175038 -0.01499337 0.04969872 -0.13566245 0.12538642 0.18401998 0.00195530 0.13572895 -0.20063667 0.10701381 0.19198353 0.23447910 0.12692023 -0.04854771 0.30424236 -0.11872401 0.25893654 0.41570811 0.06701665 0.10910291 0.15556911 0.01578228 -0.09208172 0.20658983 0.13690493 0.13781622 0.14745082 0.02812254 -0.00814346 0.09218714 -0.11838210 -0.01366856 0.07215078 0.05247855 -0.08388782 0.03967374 -0.14803589 0.15618476 -0.01351283
-0.35486873 0.36663254 -0.06045542 0.28981076 0.12363504 -0.35331310 0.14893293 -0.28616826 0.32770139 0.36287756 -0.09885320 -0.10816827 0.19841388 -0.07022537 0.02379780 0.26521130 -0.38881577 0.17217825 0.40805378 -0.16156154 -0.01441969 -0.20790613 0.11939452 -0.15567500 0.09920548 -0.19972148 0.46566556 0.36470119 -0.03673617 0.47723393 0.31930185 0.18948489 0.19274032 0.27640552 0.47593019 1.00000000 0.53195278 0.16631844 0.46158063 0.23026786 0.04321981 0.24732741 -0.02893310 0.16594044 0.26208285 0.07572533 0.19042662 0.14039306 -0.20516197 0.10262451 0.07842052 0.02171640 0.16669632 0.03426668 -0.30809673 0.18212437 0.01015407 -0.25962465 0.10051068 -0.05680464 -0.19125433 -0.19074179 -0.03722133 -0.14420713 -0.20749353 0.17205291 -0.12478974 -0.10377965 -0.16346681 -0.14822208 -0.01082578 -0.15324165 0.09278198 -0.14680107 0.08070041 -0.11718997 0.09635348 -0.03391061
-0.14787887 0.19228751 0.13416169 0.14963891 0.03116944 -0.23964008 0.07432256 -0.12267825 0.28257823 0.07877374 0.07527272 -0.10621946 0.07171512 -0.12647416 -0.10999224 0.14628778 -0.08417547 0.05217266 0.22508435 -0.08824471 -0.06548053 0.00929212 0.04760952 -0.10331356 0.02776479 -0.08800089 0.43869985 0.11134120 0.14096424 0.27908976 0.18895922 0.25488594 0.02617613 0.23536094 0.49766208 0.53195278 1.00000000 0.17406141 0.23685830 0.09813975 0.07455974 0.06916393 0.00274757 0.07452135 0.16369083 0.04188267 0.05182640 -0.06331628 -0.04719285 0.09044690 -0.01713691 0.14637885 0.07236379 0.09480172 -0.14087151 0.15434898 0.08881558 -0.10655501 0.02731024 0.09811003 -0.04685984 -0.14343809 -0.05015234 0.00008740 -0.07187267 0.11478118 -0.07937887 -0.09147680 -0.01257915 -0.15030628 0.01218831 -0.12880724 0.11006567 -0.13483415 0.00683346 -0.06688879 -0.01472979 0.07685003
-0.10793666 -0.08421767 -0.12528162 0.04061628 0.20869023 0.08802849 0.03948895 0.14542275 -0.13222750 -0.10770079 0.00640509 0.11828656 0.03718930 0.03821848 0.17433060 0.09768617 -0.19163960 0.11347234 0.03966263 0.06883221 0.13925022 -0.02350021 -0.03480078 0.01433291 0.17388138 0.13570744 0.23087140 0.30849948 0.07904248 0.25927633 0.27571426 0.07934450 0.29735614 0.07907950 0.09363851 0.16631844 0.17406141 1.00000000 0.20927084 0.02596914 0.06061515 0.07641419 -0.10100948 -0.16424131 -0.15247645 -0.02626598 -0.10146959 0.25060717 -0.10353059 0.01211797 0.07296317 -0.16436475 0.04696097 -0.21591439 -0.26777757 -0.01005962 -0.14259422 0.02458043 0.08491411 -0.02018271 -0.05576643 -0.08668454 -0.14799048 -0.21963758 -0.23543991 -0.04815798 -0.00917806 0.02277229 0.02049890 -0.01802397 0.02127913 0.12251262 -0.13983471 0.00268139 0.06814203 0.00031727 -0.06129581 -0.05632918
-0.05309546 0.21231595 -0.19424734 0.26668711 0.42753892 -0.10639370 0.18543590 -0.04172269 0.10873174 0.27963416 0.10993835 0.05537171 0.26563828 0.02537384 -0.13291909 0.01890238 -0.26760099 -0.13903448 0.14266847 -0.30628410 -0.24360637 0.12126269 -0.12915463 -0.22669249 -0.11057084 -0.35640693 0.51901314 0.58443008 -0.10369341 0.65504701 0.68850988 0.33654505 0.55766376 0.55391312 0.39369411 0.46158063 0.23685830 0.20927084 1.00000000 0.18903285 -0.20147797 0.22940383 -0.30621630 -0.02332432 0.16614446 -0.18965719 0.04169418 0.16125971 -0.03261562 0.32548168 0.35885454 0.02906666 -0.04270227 0.11410348 -0.39004032 0.24449626 0.22893374 -0.21154533 0.26001166 -0.11572786 0.02739134 -0.17100834 0.30335223 -0.12151456 -0.17721581 0.18100713 0.26678012 -0.01480300 -0.13647425 0.18426276 -0.04676545 0.11275441 0.19235593 0.13521354 0.29384053 -0.20409931 0.27855142 -0.27100745
-0.08042538 0.13087656 -0.13882909 0.13753655 0.12073365 -0.08034152 0.06942707 -0.14113969 0.15884145 0.15876832 0.01747456 0.03633841 0.08915408 -0.04894188 -0.01965344 0.03910235 -0.17255686 -0.01086203 0.13800277 -0.16029150 -0.10700478 -0.04057167 0.04619543 -0.12159480 0.04744444 -0.11365053 0.16221850 0.19626690 -0.09424233 0.23053913 0.14769647 0.07741590 0.10451564 0.12404210 0.07175038 0.23026786 0.09813975 0.02596914 0.18903285 1.00000000 0.10988635 0.33780014 0.12434808 0.19224355 0.33362165 0.14787980 0.13945199 0.10721591 0.09469568 0.27721691 0.17184468 0.17156077 0.08605623 0.04068996 -0.16708288 0.15187179 0.02310536 -0.07799168 0.10158507 -0.08205664 -0.07461973 -0.09509297 0.06540622 -0.10670131 -0.07205430 0.11052841 0.02683283 -0.09762820 -0.11339947 0.04195134 -0.07255790 0.04277245 0.10855879 0.02930007 0.10241959 -0.07194776 0.09239182 -0.19179212
-0.19259034 -0.09238174 0.00484529 -0.08039701 -0.16727503 -0.13253870 -0.15058181 -0.13350938 0.00950647 -0.08049710 -0.09802822 -0.10893656 -0.18885480 -0.09051198 0.12809943 0.20069148 0.02135401 0.11575373 0.11137700 0.25186439 0.17720451 -0.12333968 0.13693890 0.12533689 0.24009478 0.16980340 -0.02137762 -0.13815644 -0.11101264 -0.09344378 -0.20871939 -0.07115860 -0.20399086 -0.18191200 -0.01499337 0.04321981 0.07455974 0.06061515 -0.20147797 0.10988635 1.00000000 0.12050379 0.38869303 0.27430106 0.11766184 0.23317020 0.13989622 0.09372110 0.18649373 0.07941526 -0.04107699 0.17532302 0.09808720 -0.06702749 0.08436817 -0.05457068 -0.10928122 0.01504726 -0.13067260 0.05709801 -0.10903639 -0.01766743 -0.25734717 0.02108830 0.00817982 -0.07675682 -0.22048042 -0.01303761 -0.00331510 -0.11879110 0.11297439 -0.12628381 -0.05452910 -0.13617253 -0.07015304 0.13046946 -0.14937254 0.09111519
-0.12947919 0.11832952 -0.12382969 0.14326994 0.13448229 -0.11821294 0.04001034 -0.20018263 0.07765964 0.17009344 -0.01545330 -0.05820100 0.09213952 0.05536621 0.07304536 0.15417527 -0.22748450 0.07121009 0.19126085 -0.06062524 -0.06885290 -0.10903727 0.10223798 -0.09571747 0.11984610 -0.03395728 0.15565282 0.20513832 -0.06715682 0.26185098 0.18616749 -0.00395932 0.23395454 0.11538284 0.04969872 0.24732741 0.06916393 0.07641419 0.22940383 0.33780014 0.12050379 1.00000000 0.03965542 0.13508206 0.22937890 0.15301855 0.11830135 0.31508524 -0.05012941 0.21634656 0.25364027 0.05231103 0.13552623 -0.08303445 -0.22234166 0.03618275 -0.08737521 -0.25346690 0.04803545 -0.14989051 -0.11802745 -0.07329424 -0.05329561 -0.16459784 -0.14972664 0.00797521 0.04532351 -0.07129253 -0.14417006 0.02127791 -0.05400007 0.03633301 0.04533271 0.00105065 0.15539514 -0.07743312 0.08238248 -0.11221030
-0.19950457 -0.00025244 0.14353030 -0.09587061 -0.29595139 -0.14077198 -0.16079260 -0.11937310 0.14438519 -0.05747656 -0.16745124 -0.14007140 -0.17630365 -0.14399851 0.14342089 0.13372097 0.04656150 0.16076363 0.10294809 0.21892887 0.09901000 -0.26013634 0.26055970 0.13598042 0.10244990 0.17790843 -0.15352485 -0.25904526 -0.03678486 -0.24207458 -0.31516428 -0.15393851 -0.33370054 -0.29277379 -0.13566245 -0.02893310 0.00274757 -0.10100948 -0.30621630 0.12434808 0.38869303 0.03965542 1.00000000 0.19366736 0.11825336 0.40639673 0.13510388 -0.05912206 0.04273632 -0.09731117 -0.20726715 0.20989244 0.02680407 -0.12608649 0.10660673 -0.14406004 -0.18090689 -0.01501194 -0.20435303 0.05212938 -0.11198944 -0.01298735 -0.26918575 -0.00516723 -0.01021259 -0.09226611 -0.31339740 -0.03476467 -0.05826448 -0.20102518 0.20016571 -0.24429800 -0.02278044 -0.20118211 -0.08028103 0.23582125 -0.24294756 0.13211316
-0.10267692 0.11277932 0.06299098 0.03058492 -0.12623420 -0.13962175 0.02220213 -0.20374730 0.14233120 0.13760421 -0.10380538 -0.07036438 -0.03388213 -0.00142601 -0.08363527 0.04930590 0.02996329 -0.01446244 0.10796298 -0.08719770 -0.06452325 -0.07589865 0.11789764 -0.07002043 -0.03970356 -0.07585716 0.06830646 -0.05349939 -0.07665704 0.02230440 -0.04710393 0.01016028 -0.15161910 0.00538440 0.12538642 0.16594044 0.07452135 -0.16424131 -0.02332432 0.19224355 0.27430106 0.13508206 0.19366736 1.00000000 0.33151516 0.29553562 0.53983385 -0.13027911 0.12838359 0.09107630 -0.05369384 0.31859206 0.00740728 0.16513382 -0.00935485 0.05450468 0.04371355 -0.00659956 -0.03777461 0.06182818 -0.06072545 -0.05973789 -0.04370914 0.12524059 0.10785189 0.12530939 -0.14012487 -0.05604618 -0.08230404 -0.12085518 0.02380921 -0.19761072 0.11327868 -0.11042381 -0.09017922 -0.05383312 0.08299213 -0.06746839
-0.05686847 0.23284330 0.01534358 0.13996352 0.01657581 -0.17115956 0.17898663 -0.10268180 0.18939535 0.28810501 0.02781565 -0.05251532 0.09419836 -0.04883348 -0.09997873 -0.00091441 -0.05675099 -0.06274214 0.09135798 -0.16435657 -0.14557076 0.00299725 0.06719347 -0.15673815 -0.08914209 -0.18305979 0.17099374 0.08373506 -0.06337529 0.16763183 0.14964547 0.14570916 -0.01552668 0.11118502 0.18401998 0.26208285 0.16369083 -0.15247645 0.16614446 0.33362165 0.11766184 0.22937890 0.11825336 0.33151516 1.00000000 0.18040389 0.28217367 -0.08661506 0.07720111 0.26216660 0.09512161 0.37089252 -0.00612304 0.19132658 0.00544172 0.17289120 0.13747627 -0.08150632 0.05059693 -0.01553388 0.05295593 -0.04930502 0.07935617 0.03955025 0.03872582 0.17216611 0.04121039 -0.08017757 -0.08493580 -0.05150071 -0.05726862 -0.01815276 0.17652907 -0.03134106 0.06962960 -0.06588540 0.14673408 -0.04718085
-0.07390754 0.07558611 0.09860364 -0.06768999 -0.12702678 -0.18288412 -0.08446051 -0.07216522 0.10719716 0.00798269 -0.26989035 -0.09501678 -0.10881961 -0.01817918 0.05781988 0.07928912 0.07868306 0.11940840 0.12703755 0.20342152 0.13932479 -0.12087398 0.19899982 0.07977949 0.02318204 0.04090081 -0.05692198 -0.19071798 -0.02264216 -0.14773805 -0.21688233 -0.06990177 -0.26706937 -0.20294062 0.00195530 0.07572533 0.04188267 -0.02626598 -0.18965719 0.14787980 0.23317020 0.15301855 0.40639673 0.29553562 0.18040389 1.00000000 0.28880877 -0.20273929 0.14807368 -0.19501719 -0.09180371 0.25848266 0.01809770 0.00417915 0.01496508 0.04649908 -0.09743192 -0.03775372 -0.11860229 0.04821530 -0.02803472 0.06788744 -0.12945172 0.06256506 0.02604192 -0.08409282 -0.27616258 -0.03390852 -0.00893231 -0.27066397 0.01609704 -0.26181082 0.01449020 -0.15618000 -0.10046923 0.05685389 -0.14582605 0.05236894
-0.13437128 0.13223754 0.05108588 0.06844782 -0.01762124 -0.17318627 0.03531911 -0.11204451 0.16852651 0.14762558 -0.11804726 -0.07725415 0.02051782 -0.00185622 0.01108305 0.10988640 -0.01875582 0.02854066 0.11516730 -0.01579234 0.04582699 -0.01486745 0.08461944 0.05841748 0.03816519 -0.06923642 0.13998973 -0.04508806 -0.10118987 -0.02619128 0.02369171 0.01936306 -0.10779157 0.00526030 0.13572895 0.19042662 0.05182640 -0.10146959 0.04169418 0.13945199 0.13989622 0.11830135 0.13510388 0.53983385 0.28217367 0.28880877 1.00000000 -0.08250259 0.09228017 0.06236425 0.11124871 0.18195298 -0.05518238 0.08314778 -0.01427342 0.04344111 0.02007529 -0.03974841 -0.06247025 0.00573044 -0.14573454 -0.02834034 -0.05523595 0.06488158 0.01345016 0.12837319 -0.11283950 0.03570548 -0.04916849 -0.12728890 0.03637978 -0.10887033 0.05100785 -0.12305371 -0.02500460 -0.12948853 0.05556659 -0.02377531
-0.19989291 -0.02187805 -0.33948342 0.10959666 0.18376292 0.08646923 0.07622328 -0.06092163 -0.17418272 0.05802995 -0.03088386 0.14315786 0.06254377 0.08118024 0.29642135 0.25316585 -0.33401085 0.17111481 0.10584761 0.00731089 0.17979831 -0.22101757 0.06463144 0.01129819 0.23394678 0.09571238 0.01951430 0.32551044 -0.08549597 0.23339028 0.13359491 -0.10490215 0.32341280 0.10716979 -0.20063667 0.14039306 -0.06331628 0.25060717 0.16125971 0.10721591 0.09372110 0.31508524 -0.05912206 -0.13027911 -0.08661506 -0.20273929 -0.08250259 1.00000000 -0.28397713 0.03174923 0.09248920 -0.27439836 0.12607411 -0.26948697 -0.18954946 -0.06138203 -0.28511549 -0.17723997 0.08152100 -0.23819598 -0.14649589 -0.08624403 -0.14843980 -0.25485810 -0.29265214 -0.02474964 -0.01503444 -0.05282281 -0.14181653 0.04235559 -0.04637782 0.10671703 -0.19600725 0.02795341 0.04367473 -0.00817938 -0.00325067 -0.11606668
0.31123075 -0.12193411 0.04137744 -0.15655624 -0.05259192 0.05790194 -0.07979347 0.16327989 -0.10895829 -0.14049617 0.12692234 -0.01117370 -0.07300410 -0.04268425 -0.28452414 -0.24840093 0.41775663 -0.24454238 -0.19451151 0.00150465 -0.19219598 0.46564771 -0.26883264 0.05738177 -0.20765429 -0.00717841 -0.03991406 -0.19244211 0.00031895 -0.12359258 -0.01065083 0.21942381 -0.08279980 -0.05973824 0.10701381 -0.20516197 -0.04719285 -0.10353059 -0.03261562 0.09469568 0.18649373 -0.05012941 0.04273632 0.12838359 0.07720111 0.14807368 0.09228017 -0.28397713 1.00000000 0.17444085 0.18508960 0.27674143 -0.11165938 0.21774817 0.18852078 0.11667494 0.26873421 0.22386049 -0.02281105 0.19042554 0.15495100 0.10338889 0.20297207 0.23224236 0.28447800 -0.01405767 0.12856972 0.10936226 0.14825799 0.10562024 -0.06469667 0.11860072 0.02665530 0.06346130 0.03023441 -0.07476665 0.04859054 -0.04897556
-0.02592392 0.11947986 -0.16111574 0.08077585 0.23425813 -0.04454028 0.08559364 0.00340815 0.00956543 0.13217682 0.27518834 0.04845852 0.10999468 -0.04361476 -0.16763321 -0.08917685 -0.02945620 -0.22729695 -0.03375481 -0.21163407 -0.24452775 0.20532019 -0.20540578 -0.12445823 0.02831609 -0.15207645 0.23684920 0.25297046 -0.12792745 0.28709114 0.28942397 0.32929743 0.18259055 0.28215267 0.19198353 0.10262451 0.09044690 0.01211797 0.32548168 0.27721691 0.07941526 0.21634656 -0.09731117 0.09107630 0.26216660 -0.19501719 0.06236425 0.03174923 0.17444085 1.00000000 0.44333863 0.21406410 -0.08101627 0.20473223 -0.15428842 0.16225954 0.22882058 -0.03942203 0.17299265 -0.06425741 0.05147629 -0.07963032 0.18120998 0.01098984 -0.00518886 0.16061169 0.37534060 -0.05263207 -0.20647920 0.47083527 0.02640262 0.18371247 0.21952252 0.08835712 0.40409135 -0.13220958 0.15612238 -0.13124760
0.17957996 0.03725361 -0.13255105 0.01289150 0.25650277 0.06196256 0.08126278 0.13076442 0.00160792 0.04858274 0.06913655 0.07999020 0.06904752 0.10160372 -0.13746472 -0.17202253 0.10844996 -0.21171569 -0.13718694 -0.13169726 -0.16289886 0.30120731 -0.21183655 0.03828725 -0.09016704 -0.18289632 0.25078675 0.20017519 -0.12937522 0.21276610 0.30662614 0.31290625 0.31517962 0.25311325 0.23447910 0.07842052 -0.01713691 0.07296317 0.35885454 0.17184468 -0.04107699 0.25364027 -0.20726715 -0.05369384 0.09512161 -0.09180371 0.11124871 0.09248920 0.18508960 0.44333863 1.00000000 0.12648016 -0.12835875 0.22013025 -0.08927945 0.15569187 0.28141142 0.10700957 0.17203303 -0.01746579 0.07900477 0.06616071 0.30608319 0.08196107 0.06377079 0.04421204 0.28777286 0.00699311 -0.07900361 0.29045485 -0.01269456 0.28324036 0.04487358 0.10403702 0.31323641 -0.07761408 0.18870177 -0.12981845
0.05638256 0.13471331 0.14813809 -0.05531131 -0.02253437 -0.10324497 0.07019352 -0.01224271 0.18772313 0.05256454 0.10287715 -0.02188726 0.07898220 -0.07038176 -0.21564492 -0.12789900 0.09828905 -0.16500274 0.02840514 -0.06542317 -0.21022501 0.10312838 -0.01226636 -0.05581492 -0.11288234 -0.12186747 0.04688077 -0.02698631 -0.01604927 0.03099803 0.00135696 0.07324512 -0.13227166 0.04036604 0.12692023 0.02171640 0.14637885 -0.16436475 0.02906666 0.17156077 0.17532302 0.05231103 0.20989244 0.31859206 0.37089252 0.25848266 0.18195298 -0.27439836 0.27674143 0.21406410 0.12648016 1.00000000 -0.15450120 0.17972921 0.08764090 0.13646520 0.15136385 0.07323077 0.02853371 0.14178024 0.15380569 -0.04678043 0.10356215 0.11808180 0.09605686 0.10929141 0.02669927 0.01153115 -0.08336469 0.02406260 0.14442367 -0.07200211 0.22698517 0.03691477 0.08480108 0.10738419 -0.00221140 0.00330365
-0.12523000 0.02499202 -0.10675627 0.08081901 0.00539670 -0.00940106 0.04441061 -0.10529471 0.02187025 0.06196830 -0.03785423 0.04110375 0.04344142 -0.02900022 0.14126006 0.13425536 -0.19613383 0.13287254 0.11005328 0.01588386 0.12921860 -0.13055740 0.13314146 -0.00787621 0.21123072 0.09805007 -0.01315437 0.06235147 0.03133183 0.03312683 -0.04789862 -0.12648755 -0.00041964 -0.00453662 -0.04854771 0.16669632 0.07236379 0.04696097 -0.04270227 0.08605623 0.09808720 0.13552623 0.02680407 0.00740728 -0.00612304 0.01809770 -0.05518238 0.12607411 -0.11165938 -0.08101627 -0.12835875 -0.15450120 1.00000000 -0.09469431 -0.05296984 0.06500572 -0.13879990 -0.02787329 0.16385234 0.10245216 0.02926030 0.01511638 -0.18972595 -0.11991416 -0.07290317 -0.07011342 -0.18429537 -0.07659284 0.02938373 -0.09568695 -0.01794943 -0.06084720 -0.12658821 -0.09715003 -0.04094968 -0.00233339 -0.05318517 -0.04354045
0.23857883 0.07029495 0.03494558 -0.05292701 -0.00116715 -0.00154221 0.10935389 0.15895704 0.06243748 0.01587807 0.09596288 0.04719339 -0.03691121 0.05100530 -0.31264470 -0.27595493 0.26227967 -0.25275280 -0.16646658 -0.24056163 -0.20535304 0.29165438 -0.12985562 -0.11379540 -0.27845664 -0.13806582 0.14409747 -0.01563705 0.02317848 0.03590496 0.08097821 0.35035780 -0.03318192 0.10556341 0.30424236 0.03426668 0.09480172 -0.21591439 0.11410348 0.04068996 -0.06702749 -0.08303445 -0.12608649 0.16513382 0.19132658 0.00417915 0.08314778 -0.26948697 0.21774817 0.20473223 0.22013025 0.17972921 -0.09469431 1.00000000 0.16791421 0.31242885 0.54637767 0.29891749 0.11263570 0.31109314 0.23714896 0.07269887 0.38221045 0.39991107 0.36719820 0.10094790 0.12761457 -0.07504805 0.04442150 0.11702081 -0.12711457 0.10595803 0.08102289 0.05623993 0.02567957 -0.18591268 0.19127146 -0.01136801
0.20460631 -0.19449293 0.15474030 -0.24883035 -0.28163622 0.17768700 -0.16492391 0.12566397 -0.13690457 -0.23799813 -0.06398344 -0.02054017 -0.21345662 0.02502595 -0.05471574 -0.13752638 0.31739464 -0.01113418 -0.26126964 0.11752419 0.01788754 0.10593267 -0.00495687 0.10057659 -0.05585556 0.14244183 -0.27619482 -0.32978369 0.03780139 -0.36124487 -0.32550006 -0.03675662 -0.25821558 -0.31244332 -0.11872401 -0.30809673 -0.14087151 -0.26777757 -0.39004032 -0.16708288 0.08436817 -0.22234166 0.10660673 -0.00935485 0.00544172 0.01496508 -0.01427342 -0.18954946 0.18852078 -0.15428842 -0.08927945 0.08764090 -0.05296984 0.16791421 1.00000000 0.04334585 0.17379579 0.26623446 -0.11361935 0.22162815 0.20285217 0.30038416 0.10662625 0.34550005 0.40123414 -0.06860565 -0.00223691 0.06101869 0.25557508 -0.02669117 -0.07765120 0.09993795 -0.12361561 0.05540055 -0.21859835 0.05280339 0.05526836 0.20896571
0.13581847 0.17745506 -0.06921519 0.04243755 0.16674673 0.04797474 0.14761281 0.09681866 0.00527156 0.09276086 0.11861003 0.02792563 0.05497540 0.03152933 -0.14809078 -0.10353144 0.03461429 -0.11325177 -0.07759636 -0.20530604 -0.15538235 0.17202866 -0.10743379 -0.11390322 -0.11899601 -0.11255114 0.15732773 0.19338823 -0.02736908 0.18502890 0.21491465 0.27953677 0.06912577 0.18318423 0.25893654 0.18212437 0.15434898 -0.01005962 0.24449626 0.15187179 -0.05457068 0.03618275 -0.14406004 0.05450468 0.17289120 0.04649908 0.04344111 -0.06138203 0.11667494 0.16225954 0.15569187 0.13646520 0.06500572 0.31242885 0.04334585 1.00000000 0.26042604 0.11697144 0.16936220 0.15488962 0.24852285 0.00502028 0.31831832 0.08103194 0.18023965 0.19508344 0.07692764 -0.06846997 0.04409096 0.06123708 -0.07760755 0.06295468 0.09150155 0.13454806 0.11378760 -0.11601209 0.17999986 -0.10491266
0.29627598 -0.01998276 0.12321488 -0.03903212 0.04214803 0.02380122 0.09487789 0.20249216 0.06797265 -0.05235330 0.22577033 0.06955006 0.04689542 0.00887907 -0.42241546 -0.33039345 0.27901735 -0.33697370 -0.16974931 -0.26042470 -0.34233761 0.44815796 -0.28196713 -0.10553499 -0.31258681 -0.22356869 0.22828595 0.06045617 0.01420779 0.11190947 0.18210886 0.38204387 0.04941966 0.19047632 0.41570811 0.01015407 0.08881558 -0.14259422 0.22893374 0.02310536 -0.10928122 -0.08737521 -0.18090689 0.04371355 0.13747627 -0.09743192 0.02007529 -0.28511549 0.26873421 0.22882058 0.28141142 0.15136385 -0.13879990 0.54637767 0.17379579 0.26042604 1.00000000 0.36513779 0.09727871 0.24575527 0.30728586 0.04633843 0.44306804 0.32428610 0.42376808 0.14597606 0.22480004 0.05162232 0.22191833 0.15005644 -0.08400416 0.25752452 0.10647124 0.16386874 0.06247478 -0.10606530 0.30456991 -0.02734207
0.23328567 -0.15839061 0.12621078 -0.18681705 -0.12728706 0.23118630 -0.06554085 0.28879843 -0.05191763 -0.26921852 0.11639391 0.05512277 -0.16394548 0.07502311 -0.20368691 -0.31249332 0.35478149 -0.17888790 -0.28306532 -0.00027504 -0.04967348 0.30035860 -0.17475596 0.04454245 -0.18685287 0.12160312 -0.14602774 -0.16647961 -0.01252339 -0.21682650 -0.17308256 0.07340230 -0.08398455 -0.20376750 0.06701665 -0.25962465 -0.10655501 0.02458043 -0.21154533 -0.07799168 0.01504726 -0.25346690 -0.01501194 -0.00659956 -0.08150632 -0.03775372 -0.03974841 -0.17723997 0.22386049 -0.03942203 0.10700957 0.07323077 -0.02787329 0.29891749 0.26623446 0.11697144 0.36513779 1.00000000 0.05864047 0.31943927 0.24694794 0.25554955 0.16146569 0.24432151 0.41448295 -0.04167912 0.02203093 0.12194834 0.28136246 -0.05152392 -0.02422206 0.22186723 -0.10351872 0.05744593 -0.09974393 0.04750537 0.09850652 0.11557569
0.00857199 0.07345145 -0.10931197 0.09781706 0.22061083 0.08024936 0.16038437 0.08791227 -0.00435287 0.04835422 0.17004435 0.15526497 0.08381019 -0.02458889 -0.13484228 -0.11106182 -0.15118216 -0.13267682 -0.03091349 -0.18001707 -0.14881935 0.05713418 -0.11072022 -0.15778776 -0.08838480 -0.13880002 0.07268832 0.28655914 -0.00452526 0.25306997 0.30791894 0.19009490 0.27924707 0.22619345 0.10910291 0.10051068 0.02731024 0.08491411 0.26001166 0.10158507 -0.13067260 0.04803545 -0.20435303 -0.03777461 0.05059693 -0.11860229 -0.06247025 0.08152100 -0.02281105 0.17299265 0.17203303 0.02853371 0.16385234 0.11263570 -0.11361935 0.16936220 0.09727871 0.05864047 1.00000000 0.13400725 0.15835396 -0.03534339 0.30356735 0.06951187 -0.02289659 0.08375485 0.12041003 -0.02692299 -0.11115127 0.09423838 -0.04379969 0.06136735 0.07392247 0.08547156 0.08293633 -0.06307049 0.11692932 -0.17426722
0.20792263 -0.07985139 0.20408376 -0.17416132 -0.13960953 0.04172739 -0.02133452 0.15696016 0.08300437 -0.18170137 0.00266251 -0.00790588 -0.07404073 -0.01030959 -0.22257814 -0.17327575 0.21893688 -0.08344243 -0.09135169 0.02816545 -0.05757418 0.20586103 -0.05706917 0.02963066 -0.15986618 0.04092541 -0.04667667 -0.17694806 0.14295097 -0.14653776 -0.11410910 0.10052365 -0.13989600 -0.08085996 0.15556911 -0.05680464 0.09811003 -0.02018271 -0.11572786 -0.08205664 0.05709801 -0.14989051 0.05212938 0.06182818 -0.01553388 0.04821530 0.00573044 -0.23819598 0.19042554 -0.06425741 -0.01746579 0.14178024 0.10245216 0.31109314 0.22162815 0.15488962 0.24575527 0.31943927 0.13400725 1.00000000 0.22140913 0.11919470 0.09070095 0.26862379 0.28464512 -0.04066700 -0.06706010 -0.01938101 0.21219111 -0.08278952 0.07790062 0.01892974 -0.01258230 0.03787143 -0.08656212 -0.00205096 -0.01680912 0.06763939
0.31962055 -0.08727089 0.08198998 -0.05387094 0.03119306 0.14292738 0.11011133 0.16163855 -0.09706267 -0.09246810 0.25863382 0.14330900 -0.02044904 -0.05993001 -0.29839666 -0.29127816 0.14301214 -0.29746981 -0.23832025 -0.18785977 -0.24205762 0.29345832 -0.27187805 -0.09444828 -0.29678278 -0.14060194 -0.06508381 0.01462669 0.16318641 0.00110719 0.10197835 0.21238071 0.06592324 0.07738712 0.01578228 -0.19125433 -0.04685984 -0.05576643 0.02739134 -0.07461973 -0.10903639 -0.11802745 -0.11198944 -0.06072545 0.05295593 -0.02803472 -0.14573454 -0.14649589 0.15495100 0.05147629 0.07900477 0.15380569 0.02926030 0.23714896 0.20285217 0.24852285 0.30728586 0.24694794 0.15835396 0.22140913 1.00000000 0.14852840 0.30110267 0.25172405 0.23317982 0.00588329 0.13594414 0.04087681 0.19357647 0.13214272 -0.04584813 0.20668039 -0.01502157 0.17074314 0.06104149 -0.01624590 0.15294358 -0.02917039
0.18956998 -0.12412022 0.07081916 -0.17667360 -0.05254189 0.11290050 -0.13356299 0.14156010 -0.02620103 -0.13049920 -0.10451065 -0.04035681 -0.11572362 0.09477561 -0.01618332 -0.08356252 0.21574161 0.00376894 -0.15195569 0.18743771 0.08748207 0.11335659 0.01402041 0.17428587 -0.03089743 0.12914876 -0.14588770 -0.24823448 -0.01112737 -0.23531882 -0.16427681 -0.07382457 -0.08292316 -0.20509309 -0.09208172 -0.19074179 -0.14343809 -0.08668454 -0.17100834 -0.09509297 -0.01766743 -0.07329424 -0.01298735 -0.05973789 -0.04930502 0.06788744 -0.02834034 -0.08624403 0.10338889 -0.07963032 0.06616071 -0.04678043 0.01511638 0.07269887 0.30038416 0.00502028 0.04633843 0.25554955 -0.03534339 0.11919470 0.14852840 1.00000000 0.14898706 0.23242893 0.15356118 -0.08369311 -0.02763985 0.09906712 0.13439909 0.05089036 -0.00469679 0.02321366 -0.10281086 0.00341127 0.04146665 0.13935286 -0.02293309 0.04825680
0.35759555 0.04462804 -0.02751457 0.02037504 0.15199473 0.12471828 0.14289115 0.17594646 -0.01835622 0.05403308 0.23405100 0.09675588 0.08747254 0.03531407 -0.34717782 -0.32291675 0.17415624 -0.33168952 -0.27722044 -0.29402632 -0.38005907 0.37770613 -0.32916226 -0.09617557 -0.33212640 -0.29635653 0.12177854 0.11044527 0.10371593 0.10086547 0.32055603 0.32063466 0.25493495 0.21905284 0.20658983 -0.03722133 -0.05015234 -0.14799048 0.30335223 0.06540622 -0.25734717 -0.05329561 -0.26918575 -0.04370914 0.07935617 -0.12945172 -0.05523595 -0.14843980 0.20297207 0.18120998 0.30608319 0.10356215 -0.18972595 0.38221045 0.10662625 0.31831832 0.44306804 0.16146569 0.30356735 0.09070095 0.30110267 0.14898706 1.00000000 0.30843103 0.25258907 0.12834251 0.30290725 0.07644357 0.08150920 0.23131859 -0.16264030 0.24747920 0.12771028 0.27294298 0.16857663 -0.15245257 0.31991754 -0.12445196
0.23681219 -0.05609977 0.19303864 -0.12539959 -0.19249275 0.07056651 -0.09682043 0.12982092 0.05544253 -0.12593124 0.02925351 -0.02893728 -0.15184613 0.02655259 -0.26749700 -0.23691586 0.33921026 -0.21747491 -0.20488918 -0.04758257 -0.15171258 0.25691123 -0.07520396 -0.02221327 -0.21435138 -0.05694065 -0.03995344 -0.24926082 0.02649336 -0.17883360 -0.10429114 0.20830341 -0.13848617 -0.13988679 0.13690493 -0.14420713 0.00008740 -0.21963758 -0.12151456 -0.10670131 0.02108830 -0.16459784 -0.00516723 0.12524059 0.03955025 0.06256506 0.06488158 -0.25485810 0.23224236 0.01098984 0.08196107 0.11808180 -0.11991416 0.39991107 0.34550005 0.08103194 0.32428610 0.24432151 0.06951187 0.26862379 0.25172405 0.23242893 0.30843103 1.00000000 0.40227569 0.05306792 0.12141737 -0.04792918 0.19846598 0.05316997 -0.08057363 0.13257852 -0.02797867 0.06127675 -0.06447369 -0.08846844 0.17528398 0.10126645
0.26364495 -0.03124319 0.17669958 -0.11022302 -0.18255729 0.15161349 -0.08073562 0.16678515 -0.02658589 -0.11707429 0.09149486 -0.04266049 -0.11920445 0.05758330 -0.23057034 -0.23393172 0.40849251 -0.18137792 -0.25538622 -0.09833825 -0.11938051 0.26841126 -0.13139888 0.01994854 -0.22736289 -0.00053050 -0.11409751 -0.24826092 0.03474822 -0.25051854 -0.10188883 0.10679547 -0.18255249 -0.12116137 0.13781622 -0.20749353 -0.07187267 -0.23543991 -0.17721581 -0.07205430 0.00817982 -0.14972664 -0.01021259 0.10785189 0.03872582 0.02604192 0.01345016 -0.29265214 0.28447800 -0.00518886 0.06377079 0.09605686 -0.07290317 0.36719820 0.40123414 0.18023965 0.42376808 0.41448295 -0.02289659 0.28464512 0.23317982 0.15356118 0.25258907 0.40227569 1.00000000 0.04356259 0.09226927 -0.00603838 0.25171198 0.02924361 -0.16668478 0.19275609 -0.01163593 0.10400849 -0.14721290 -0.06436571 0.17696440 0.14629692
0.00653020 0.17929914 -0.00222551 0.08902322 0.09968202 0.06460579 0.09245704 -0.00392350 0.10737559 0.12945198 0.14095534 0.02756786 0.19623698 0.05502129 -0.07921380 -0.00255539 -0.08859976 -0.10113918 -0.00293048 -0.21889301 -0.14742858 0.06790789 -0.00319075 -0.13174972 -0.03115106 -0.09962164 0.16900886 0.11301782 -0.06392132 0.16790532 0.18137956 0.11270881 0.09186701 0.21204360 0.14745082 0.17205291 0.11478118 -0.04815798 0.18100713 0.11052841 -0.07675682 0.00797521 -0.09226611 0.12530939 0.17216611 -0.08409282 0.12837319 -0.02474964 -0.01405767 0.16061169 0.04421204 0.10929141 -0.07011342 0.10094790 -0.06860565 0.19508344 0.14597606 -0.04167912 0.08375485 -0.04066700 0.00588329 -0.08369311 0.12834251 0.05306792 0.04356259 1.00000000 0.30783691 0.11416418 0.13442471 0.23818171 0.09863087 0.25790106 0.34483681 0.30069464 0.16829800 -0.00659816 0.36727130 0.12940269
0.15473123 0.02026996 -0.11634338 0.00953319 0.17785943 0.15852197 0.02186172 0.08231414 -0.10804759 -0.01093556 0.27695998 0.00760531 0.12896179 -0.03037652 -0.16683166 -0.24482007 0.02363325 -0.29202138 -0.19201380 -0.26927318 -0.31544538 0.29913640 -0.22217995 -0.21012006 -0.04990838 -0.19173394 0.09241870 0.19216239 0.00020920 0.17297921 0.27266490 0.15760422 0.25463046 0.26401116 0.02812254 -0.12478974 -0.07937887 -0.00917806 0.26678012 0.02683283 -0.22048042 0.04532351 -0.31339740 -0.14012487 0.04121039 -0.27616258 -0.11283950 -0.01503444 0.12856972 0.37534060 0.28777286 0.02669927 -0.18429537 0.12761457 -0.00223691 0.07692764 0.22480004 0.02203093 0.12041003 -0.06706010 0.13594414 -0.02763985 0.30290725 0.12141737 0.09226927 0.30783691 1.00000000 0.26535464 0.16793976 0.52112584 -0.03686781 0.49590728 0.27666666 0.42116790 0.34819790 -0.17615273 0.43972546 0.00926437
0.07346684 -0.09080156 0.04900161 -0.13351319 -0.06628043 0.05136898 -0.07425976 0.04437267 -0.05582096 -0.03331993 0.15889040 -0.04963149 0.01021331 -0.03025987 -0.05006742 -0.11528164 0.07821801 -0.04140087 -0.12158189 0.00268451 -0.03130253 0.17385572 -0.14831659 0.07781010 -0.02384228 0.01975773 -0.01725022 -0.13469912 0.02483428 -0.11828978 0.00920690 -0.11443987 -0.00488586 -0.04689300 -0.00814346 -0.10377965 -0.09147680 0.02277229 -0.01480300 -0.09762820 -0.01303761 -0.07129253 -0.03476467 -0.05604618 -0.08017757 -0.03390852 0.03570548 -0.05282281 0.10936226 -0.05263207 0.00699311 0.01153115 -0.07659284 -0.07504805 0.06101869 -0.06846997 0.05162232 0.12194834 -0.02692299 -0.01938101 0.04087681 0.09906712 0.07644357 -0.04792918 -0.00603838 0.11416418 0.26535464 1.00000000 0.24729903 0.11593559 0.11544600 0.29113897 0.16786129 0.11395622 0.11774141 0.11273388 0.16459572 0.17333124
0.17864855 -0.21123775 0.06674489 -0.22128886 -0.20464922 0.16712956 -0.16201308 0.12033544 -0.11298811 -0.26458779 0.08970143 -0.00724240 -0.08785094 0.07234689 -0.08169953 -0.16545818 0.33315544 -0.07829349 -0.19053966 -0.09372992 0.01376764 0.37090634 -0.10105289 0.12648027 -0.08293126 0.15690230 -0.00031461 -0.17933805 0.11942808 -0.18469163 -0.06977532 0.03503142 -0.01461306 -0.15808548 0.09218714 -0.16346681 -0.01257915 0.02049890 -0.13647425 -0.11339947 -0.00331510 -0.14417006 -0.05826448 -0.08230404 -0.08493580 -0.00893231 -0.04916849 -0.14181653 0.14825799 -0.20647920 -0.07900361 -0.08336469 0.02938373 0.04442150 0.25557508 0.04409096 0.22191833 0.28136246 -0.11115127 0.21219111 0.19357647 0.13439909 0.08150920 0.19846598 0.25171198 0.13442471 0.16793976 0.24729903 1.00000000 -0.08633862 -0.09260284 0.42864227 -0.19904177 0.15802854 -0.21333705 0.03075528 0.27473040 0.24761675
0.15579541 -0.03876416 -0.17097288 -0.01674758 0.16029887 0.16243548 0.09582340 0.11914616 -0.13432629 0.01550855 0.20685204 0.10926197 0.06794907 -0.02024212 -0.10885710 -0.15839840 -0.00521357 -0.23040174 -0.24515980 -0.12626672 -0.24058035 0.18024202 -0.20951636 -0.12710259 0.03245690 -0.11711589 0.03458974 0.12196423 -0.08963294 0.14578138 0.19779606 0.11280296 0.16838582 0.26474889 -0.11838210 -0.14822208 -0.15030628 -0.01802397 0.18426276 0.04195134 -0.11879110 0.02127791 -0.20102518 -0.12085518 -0.05150071 -0.27066397 -0.12728890 0.04235559 0.10562024 0.47083527 0.29045485 0.02406260 -0.09568695 0.11702081 -0.02669117 0.06123708 0.15005644 -0.05152392 0.09423838 -0.08278952 0.13214272 0.05089036 0.23131859 0.05316997 0.02924361 0.23818171 0.52112584 0.11593559 -0.08633862 1.00000000 0.12032976 0.31345915 0.27288124 0.38552539 0.51595571 0.02495790 0.25681324 -0.06073559
-0.06127120 0.07743807 0.17543109 -0.00998217 -0.05121342 -0.11026003 0.07074821 -0.06808833 0.11332913 0.08890518 0.00323752 -0.04938726 0.01329325 -0.18224424 -0.03823328 0.04494939 -0.13519523 -0.06428033 0.13069893 0.06546237 -0.07934092 -0.18808819 0.01365501 -0.01537024 0.04309496 0.02639858 -0.03956780 -0.02948434 0.00028956 -0.05394120 -0.07997342 -0.06995961 -0.18921442 0.03728306 -0.01366856 -0.01082578 0.01218831 0.02127913 -0.04676545 -0.07255790 0.11297439 -0.05400007 0.20016571 0.02380921 -0.05726862 0.01609704 0.03637978 -0.04637782 -0.06469667 0.02640262 -0.01269456 0.14442367 -0.01794943 -0.12711457 -0.07765120 -0.07760755 -0.08400416 -0.02422206 -0.04379969 0.07790062 -0.04584813 -0.00469679 -0.16264030 -0.08057363 -0.16668478 0.09863087 -0.03686781 0.11544600 -0.09260284 0.12032976 1.00000000 -0.15215963 0.24865334 0.05392060 0.31371712 0.31351130 -0.18954597 0.07226916
0.18221558 -0.10730435 -0.09769881 -0.04896692 0.09277219 0.31008326 0.02209816 0.21117452 -0.14220666 -0.12127650 0.32262245 0.09103315 0.07753821 0.10391424 -0.07226675 -0.23177313 0.14637323 -0.14227285 -0.30123785 -0.22872777 -0.12693629 0.38362686 -0.23428056 0.00111589 -0.01905377 -0.01282437 0.11458603 0.13430613 0.00355396 0.05763850 0.15991494 0.16341675 0.30071871 0.08311553 0.07215078 -0.15324165 -0.12880724 0.12251262 0.11275441 0.04277245 -0.12628381 0.03633301 -0.24429800 -0.19761072 -0.01815276 -0.26181082 -0.10887033 0.10671703 0.11860072 0.18371247 0.28324036 -0.07200211 -0.06084720 0.10595803 0.09993795 0.06295468 0.25752452 0.22186723 0.06136735 0.01892974 0.20668039 0.02321366 0.24747920 0.13257852 0.19275609 0.25790106 0.49590728 0.29113897 0.42864227 0.31345915 -0.15215963 1.00000000 -0.12027206 0.41324896 0.11287135 -0.14139634 0.44114673 0.14537070
-0.03798495 0.22830076 0.07522527 0.11061240 0.04774805 -0.24105697 0.09463804 -0.15986709 0.16762203 0.18816695 0.15879272 -0.13739829 0.06876562 -0.19379308 -0.18065395 -0.03932012 -0.14277990 -0.15560293 0.08564439 -0.17613597 -0.29694931 -0.03595016 -0.05953487 -0.23739352 -0.07035139 -0.27175091 0.07588623 0.04060527 0.06546628 0.12945338 0.17388855 -0.02714357 -0.01090799 0.28695767 0.05247855 0.09278198 0.11006567 -0.13983471 0.19235593 0.10855879 -0.05452910 0.04533271 -0.02278044 0.11327868 0.17652907 0.01449020 0.05100785 -0.19600725 0.02665530 0.21952252 0.04487358 0.22698517 -0.12658821 0.08102289 -0.12361561 0.09150155 0.10647124 -0.10351872 0.07392247 -0.01258230 -0.01502157 -0.10281086 0.12771028 -0.02797867 -0.01163593 0.34483681 0.27666666 0.16786129 -0.19904177 0.27288124 0.24865334 -0.12027206 1.00000000 0.18518781 0.36504073 0.13400401 0.21014296 0.12533833
0.23954521 0.01178311 -0.11909569 0.00655821 0.16028321 0.21229518 0.18023332 0.17824338 -0.12101709 -0.05392394 0.23785822 0.09082864 0.06785547 0.04962044 -0.15406129 -0.19575435 -0.04402564 -0.16648852 -0.16109028 -0.24873330 -0.24474303 0.15323436 -0.19895329 -0.19428510 -0.09418253 -0.16463096 0.01194884 0.23501555 0.05367769 0.13278240 0.17462579 0.09398288 0.24624475 0.24067634 -0.08388782 -0.14680107 -0.13483415 0.00268139 0.13521354 0.02930007 -0.13617253 0.00105065 -0.20118211 -0.11042381 -0.03134106 -0.15618000 -0.12305371 0.02795341 0.06346130 0.08835712 0.10403702 0.03691477 -0.09715003 0.05623993 0.05540055 0.13454806 0.16386874 0.05744593 0.08547156 0.03787143 0.17074314 0.00341127 0.27294298 0.06127675 0.10400849 0.30069464 0.42116790 0.11395622 0.15802854 0.38552539 0.05392060 0.41324896 0.18518781 1.00000000 0.27411170 -0.01794882 0.45371170 -0.08069623
0.03523412 0.16275136 -0.15797281 0.10254131 0.22589139 -0.03662571 0.17830695 -0.07087045 0.02198535 0.20192616 0.16885366 -0.04817829 0.10604992 -0.07619868 -0.06987478 -0.08581835 -0.12664044 -0.09485884 -0.03858820 -0.10163340 -0.16078526 0.05622738 -0.20688293 -0.09869981 -0.00921666 -0.16961075 0.17546508 0.20068773 -0.02821806 0.26723399 0.27361257 0.12179172 0.13289242 0.28844722 0.03967374 0.08070041 0.00683346 0.06814203 0.29384053 0.10241959 -0.07015304 0.15539514 -0.08028103 -0.09017922 0.06962960 -0.10046923 -0.02500460 0.04367473 0.03023441 0.40409135 0.31323641 0.08480108 -0.04094968 0.02567957 -0.21859835 0.11378760 0.06247478 -0.09974393 0.08293633 -0.08656212 0.06104149 0.04146665 0.16857663 -0.06447369 -0.14721290 0.16829800 0.34819790 0.11774141 -0.21333705 0.51595571 0.31371712 0.11287135 0.36504073 0.27411170 1.00000000 0.15850535 0.20726648 -0.08077131
-0.03647975 -0.11312634 0.09909840 -0.09366218 -0.08763395 -0.02041574 -0.07375280 -0.04342457 0.03076017 -0.14714753 -0.06811849 -0.00817540 -0.07520137 -0.05209970 0.06427176 0.03620591 -0.02029296 0.10094316 -0.00060451 0.11443944 0.10722319 -0.13575377 0.03593710 0.06719951 0.02949589 0.14857718 -0.16836695 -0.14133313 -0.00429433 -0.13077624 -0.17021096 -0.20748501 -0.18148111 -0.10176035 -0.14803589 -0.11718997 -0.06688879 0.00031727 -0.20409931 -0.07194776 0.13046946 -0.07743312 0.23582125 -0.05383312 -0.06588540 0.05685389 -0.12948853 -0.00817938 -0.07476665 -0.13220958 -0.07761408 0.10738419 -0.00233339 -0.18591268 0.05280339 -0.11601209 -0.10606530 0.04750537 -0.06307049 -0.00205096 -0.01624590 0.13935286 -0.15245257 -0.08846844 -0.06436571 -0.00659816 -0.17615273 0.11273388 0.03075528 0.02495790 0.31351130 -0.14139634 0.13400401 -0.01794882 0.15850535 1.00000000 -0.19096764 0.15769115
0.09220891 0.04926728 -0.09484393 0.03443596 0.09242112 0.09548966 0.07748493 0.06958097 -0.02469990 0.03255556 0.19371647 0.02939169 0.06925700 0.08109438 -0.18440775 -0.19956738 0.01161678 -0.18735998 -0.15616282 -0.33943496 -0.26601631 0.26536534 -0.21537276 -0.15967998 -0.15831140 -0.19917181 0.20695991 0.20953848 -0.03044980 0.19718667 0.28585100 0.11772620 0.26343839 0.23634683 0.15618476 0.09635348 -0.01472979 -0.06129581 0.27855142 0.09239182 -0.14937254 0.08238248 -0.24294756 0.08299213 0.14673408 -0.14582605 0.05556659 -0.00325067 0.04859054 0.15612238 0.18870177 -0.00221140 -0.05318517 0.19127146 0.05526836 0.17999986 0.30456991 0.09850652 0.11692932 -0.01680912 0.15294358 -0.02293309 0.31991754 0.17528398 0.17696440 0.36727130 0.43972546 0.16459572 0.27473040 0.25681324 -0.18954597 0.44114673 0.21014296 0.45371170 0.20726648 -0.19096764 1.00000000 0.04174044
-0.09619309 -0.04321235 0.07073763 -0.04615602 -0.31053087 -0.03014334 -0.13745483 -0.01746164 0.00837837 -0.10675910 -0.07453712 -0.06852763 -0.17778442 -0.00815674 0.14154411 0.07248726 0.15976547 0.13807481 -0.13512582 0.17398603 0.12374302 -0.05919815 0.07275017 0.10204941 0.08276989 0.21409716 -0.04601657 -0.32436807 0.07666213 -0.23760044 -0.23319918 -0.11707478 -0.24350968 -0.21019923 -0.01351283 -0.03391061 0.07685003 -0.05632918 -0.27100745 -0.19179212 0.09111519 -0.11221030 0.13211316 -0.06746839 -0.04718085 0.05236894 -0.02377531 -0.11606668 -0.04897556 -0.13124760 -0.12981845 0.00330365 -0.04354045 -0.01136801 0.20896571 -0.10491266 -0.02734207 0.11557569 -0.17426722 0.06763939 -0.02917039 0.04825680 -0.12445196 0.10126645 0.14629692 0.12940269 0.00926437 0.17333124 0.24761675 -0.06073559 0.07226916 0.14537070 0.12533833 -0.08069623 -0.08077131 0.15769115 0.04174044 1.00000000
