1.00000000 -0.00154459 0.11155042 0.13951707 0.15377528 0.23905229 0.15214683 0.13984455 -0.00999020 0.11109389 0.18427148 0.05951101 0.10569235 0.01695052 0.02880002 -0.02760132 0.06768968 0.00883266 -0.15479002 -0.17978736 -0.16826182 0.25881228 -0.14907181 0.09125267 -0.11753099 0.07387654 0.00868767 0.12878303 -0.02332075 0.05759487 0.22773568 0.15760562 0.10238225 0.16082086 0.06364886 -0.10820175 -0.03005367 -0.00726858 0.12275403 0.00733083 -0.03466651 -0.07968568 -0.09860063 -0.08473591 0.02739696 -0.16530155 -0.05388174 0.02871762 0.07420490 0.00803998 -0.00097939 0.06250784 -0.02912282 0.08205850 -0.12778197 -0.09836456 -0.00282841 -0.00656697 -0.00523296 0.02345748 -0.03258468 0.08976599 0.08604049 -0.04125741 -0.07162267 0.11364830 0.18082635 0.09307336 0.00840984 0.20640454 0.02658224 0.08487528 0.11066265 0.11719528 0.16480182 -0.08893600 0.10853346 -0.06079004
-0.00154459 1.00000000 0.19712998 0.19136249 0.10271376 -0.03135389 0.19851741 -0.08814976 0.32671297 0.17415307 0.07965602 0.06783105 0.06325808 -0.05103689 0.01935940 0.06578381 -0.09886037 0.07059823 0.08202178 0.02522146 0.06748886 -0.19022660 0.02853102 -0.00464275 0.01623919 0.01203380 -0.08282922 0.05359282 0.04986397 0.00064398 -0.12273143 -0.04858870 -0.00913981 -0.01974249 -0.11071473 0.10340732 -0.00847858 -0.01339698 -0.01729354 -0.10237961 0.05571917 -0.01755698 0.03772089 0.01449305 -0.08773513 -0.00824419 -0.02070987 0.03131327 -0.07004911 -0.06247180 0.05285637 0.04742637 0.09085788 0.00833095 0.02662698 0.03658097 -0.04645889 0.08840959 0.06487821 -0.03624007 -0.01745393 -0.03457565 -0.08685357 0.03644596 0.04753175 0.02481488 -0.06716303 -0.03439563 -0.06795746 -0.08357222 0.06024793 -0.06862428 -0.07366591 -0.06666108 -0.05403581 0.08386922 -0.13590943 0.00941356
0.11155042 0.19712998 1.00000000 0.13379916 0.10574333 -0.00835051 0.16021304 0.03613515 0.27381583 0.15525176 0.00218177 0.14829163 0.14442531 -0.15681120 -0.03662404 0.02027996 -0.09327437 0.03600386 0.06884697 -0.02959123 0.01184842 -0.11113273 -0.02353672 -0.06957720 -0.02150667 -0.09340800 0.05035536 0.04677195 -0.00136596 0.03558672 0.00518869 -0.04828334 0.06427667 -0.01872966 -0.05922574 0.08112395 -0.01301308 0.02375290 0.03027628 -0.01010251 0.02153613 -0.06124558 0.09043230 -0.00359151 -0.02089797 -0.04023371 0.00241514 -0.00808874 -0.08226749 -0.02796070 -0.01563732 -0.04352792 0.04952215 -0.03655638 -0.00711565 -0.05622270 -0.00391725 0.01852648 0.06565327 0.00257634 0.04077749 -0.05006295 -0.02988452 -0.05241161 0.03149411 -0.04705044 -0.14375261 -0.06112292 -0.04747945 -0.11351433 0.05183302 -0.05250369 0.00067022 -0.10815547 0.03914468 0.02887921 0.03150269 -0.02600358
0.13951707 0.19136249 0.13379916 1.00000000 0.21045820 0.01016350 0.23854459 0.05705363 0.10609681 0.15571865 0.09793103 0.02934928 0.06202037 0.09135350 0.05324734 -0.02096993 -0.01149975 0.06172619 -0.04268382 0.00095223 0.00556791 -0.02425226 -0.05853266 0.04772456 -0.03054830 0.09350096 -0.02023840 0.00094556 0.07620567 -0.05833001 0.00636540 -0.05378986 0.03460498 0.00652697 -0.04397005 0.00007591 -0.02824348 -0.00791013 -0.02536567 0.01459111 0.03250884 -0.03665446 0.07785343 0.02005771 -0.00870981 -0.03777304 0.01818182 -0.06540260 0.03627249 -0.03431911 0.01785382 0.05829675 0.03690401 0.08340124 0.01665939 0.06639371 0.02030307 0.08832877 0.05608988 -0.02540730 0.06342072 0.04492393 -0.00970549 0.03817931 0.03121535 0.05580282 0.01152508 0.05486640 -0.08186998 -0.10533875 0.00135065 -0.14351156 -0.04667444 -0.01604402 -0.04009894 0.00996982 -0.04034842 -0.05300491
0.15377528 0.10271376 0.10574333 0.21045820 1.00000000 0.06247104 0.13696751 0.31189297 0.01943114 0.11957626 0.09432462 0.17747432 0.09719779 0.03895508 0.07687958 -0.00802392 0.07083322 -0.00721151 -0.09927674 -0.00176264 -0.02081959 0.13579434 -0.03191087 0.05822285 -0.00139653 0.05411649 -0.02944324 0.08402332 0.04721407 -0.06310825 0.03331081 0.04040060 0.08985331 0.05582526 0.01425346 -0.08104687 0.00264810 0.08829485 0.07590735 -0.01800804 -0.01911441 -0.05372760 -0.01092118 0.01019057 -0.01297171 0.01685574 0.01914109 -0.04693914 0.05932122 -0.04679343 -0.03537320 -0.01909569 0.02363148 0.02934145 -0.05748122 0.00139842 0.07463618 -0.00019031 0.01295440 0.03325210 0.00392167 0.11746097 0.00833197 0.00132852 -0.10344244 -0.01018658 0.08796132 0.03361894 0.01554190 0.10147824 -0.05896053 0.01375923 0.01433115 0.01436971 0.00683811 -0.03263460 0.00031334 -0.05608445
0.23905229 -0.03135389 -0.00835051 0.01016350 0.06247104 1.00000000 0.16850224 0.41013671 -0.11005888 0.00884589 0.25655934 0.08629759 0.24705518 0.09018880 -0.06202153 -0.11488088 0.14022896 -0.11667691 -0.22473221 -0.16161072 -0.16446963 0.09014515 -0.07530491 0.01005795 -0.03765609 -0.00127922 -0.00473505 0.05127732 0.02719764 0.00959940 0.10441735 0.13095120 -0.05141901 -0.00375444 0.07141943 -0.08538463 0.00136118 0.02579936 0.13852017 0.01710380 -0.01308722 0.00323272 -0.16254282 -0.01629977 -0.00147967 -0.13779957 -0.08930071 -0.02985068 0.04837402 0.05791221 0.00600796 -0.02908565 -0.12045594 0.02561969 -0.09360563 -0.08467584 0.06662606 0.00432598 -0.02895100 0.01746343 -0.00778198 -0.02123006 0.12400217 0.02437885 -0.02687239 0.14325352 0.16154574 0.01237968 0.11626855 0.14593511 -0.05407463 0.22582087 0.09909545 0.13180239 0.07406064 -0.14535231 0.16470686 -0.03762218
0.15214683 0.19851741 0.16021304 0.23854459 0.13696751 0.16850224 1.00000000 0.17035197 0.05006746 0.14961638 0.11839081 0.09676273 0.10243545 0.00690636 0.09765546 0.01929359 0.03934062 0.00956981 -0.12885529 -0.05809973 0.00702488 -0.01008310 0.00131258 0.03664898 -0.03674648 0.05101585 -0.10565916 0.01971508 0.08606397 -0.02826683 -0.00495005 0.04688410 0.00027966 0.02934182 -0.10091746 -0.06677821 -0.06541534 -0.03979657 -0.01180321 0.01972914 0.01170662 0.01715400 0.00936177 0.00306727 -0.02457596 -0.09932453 0.01559486 -0.03171306 -0.01928158 0.02602147 0.01946417 0.00204102 0.00239609 0.10419300 -0.03128778 0.01545181 0.06547982 0.06782068 -0.01326938 0.02913188 0.04480518 0.03089957 0.07238191 0.03549978 0.00933274 0.08016188 0.09245419 0.01728948 0.03724516 0.05079865 0.01816807 0.04310332 0.02276620 0.06688170 0.07148235 -0.06278806 0.06471761 0.00532112
0.13984455 -0.08814976 0.03613515 0.05705363 0.31189297 0.41013671 0.17035197 1.00000000 -0.03541094 0.07567357 0.24099323 0.33260394 0.12765090 0.06245332 -0.06383415 -0.09246066 0.15578339 -0.14258970 -0.17462773 -0.07409777 -0.12200678 0.12314402 -0.09214971 -0.00516410 -0.06564735 -0.03113474 0.05134703 0.08251422 -0.05222383 0.03529045 0.15588332 0.14585540 0.05236105 0.02455806 0.09925947 -0.09403462 -0.01770281 0.02435068 0.17391678 0.10309823 -0.02315456 0.08161345 -0.10179459 0.00396089 0.01515304 -0.07912783 -0.04602863 -0.06531211 0.03096450 0.02508479 0.00047114 0.00070515 -0.07290102 0.04736410 -0.05215810 -0.09263616 0.10829703 0.09054476 -0.01876195 0.03855527 0.06402975 0.02239534 0.11347879 0.02823597 -0.02268739 0.11171639 0.13014046 0.03146499 0.01172990 0.16373294 -0.10147751 0.17057515 0.07963109 0.06558050 0.07139214 -0.06398950 0.13342046 -0.05129775
-0.00999020 0.32671297 0.27381583 0.10609681 0.01943114 -0.11005888 0.05006746 -0.03541094 1.00000000 0.03969020 -0.04583294 -0.05613406 0.02760204 -0.10961393 0.06186503 0.08466825 -0.18178391 0.10815375 0.17552809 0.06617873 0.07011817 -0.19640540 0.04146700 -0.02308286 0.08195761 -0.06297986 -0.02277956 0.00136144 0.01876342 0.02533240 -0.08360834 -0.12609999 0.05009102 -0.01635147 -0.04497360 0.14112327 0.02514881 0.00514000 -0.04476360 -0.03309041 -0.00740951 -0.01784617 0.09398179 0.00891663 0.01615570 0.02149111 0.06826196 -0.02091753 -0.05438206 -0.00416566 0.03408227 0.06578077 0.13700503 -0.05458443 0.04514251 0.09327498 -0.01009916 0.05968740 0.07625937 0.04714110 0.06029417 0.00740900 -0.07757712 -0.00212892 0.14434073 -0.01644687 -0.15943139 -0.08373795 -0.03593733 -0.15506006 0.04339127 -0.09627468 0.00066584 -0.09949074 -0.01469682 0.13072475 -0.08635785 0.06870565
0.11109389 0.17415307 0.15525176 0.15571865 0.11957626 0.00884589 0.14961638 0.07567357 0.03969020 1.00000000 0.10066041 0.18467956 0.24879673 -0.03086448 0.00313034 0.03337247 0.00282761 -0.00567567 -0.03117792 0.01241587 0.07291823 -0.04094675 -0.08127914 0.09920928 0.02642369 0.08223469 -0.07220822 -0.00197653 0.01440299 0.00410108 -0.09538234 -0.03588823 0.11444572 -0.00149896 -0.07152777 -0.03136809 -0.01901697 -0.02030983 -0.02064926 -0.01420997 0.11216360 -0.06003657 0.01962913 0.07952237 -0.00438719 -0.02163442 0.04628537 0.02460782 -0.06170533 -0.00071255 0.00728328 0.09519953 -0.02703917 0.06914350 -0.02356541 0.01074856 -0.01740492 0.05499111 0.01395119 -0.00807984 0.02862721 -0.04094769 0.05991958 -0.01293476 -0.01895774 0.01525237 -0.00461308 0.04487556 -0.09332358 0.00814117 0.00927946 -0.03743545 -0.08271025 -0.01066071 -0.01800030 -0.04498592 -0.09148154 -0.13400277
0.18427148 0.07965602 0.00218177 0.09793103 0.09432462 0.25655934 0.11839081 0.24099323 -0.04583294 0.10066041 1.00000000 0.13133105 0.11821236 0.08470245 -0.02316421 -0.13793684 0.04116419 -0.04805550 -0.15010531 -0.11011107 -0.11958134 0.08061741 -0.15904114 -0.00473499 -0.02354275 0.07753290 -0.06265904 0.13072678 0.02210408 0.01709574 0.03955835 0.05332629 0.02226565 0.06047672 -0.05472235 -0.07959070 0.00703460 0.00396576 0.10574226 0.03728729 -0.01089584 0.01076625 -0.06315535 -0.01541927 -0.10357762 -0.10253623 -0.06446444 -0.00569168 0.03057955 0.05565764 0.02782667 -0.02606947 0.03934226 0.11668547 -0.11398606 0.01988694 0.03105574 0.00933555 -0.05085245 -0.00401280 0.00476402 -0.02544972 0.02220597 -0.02711989 0.00698145 0.04272330 0.18020059 0.11023787 -0.02198229 0.13846757 -0.03677919 0.13790440 0.11721952 0.02597583 0.08067941 -0.01420322 0.10781919 0.01417893
0.05951101 0.06783105 0.14829163 0.02934928 0.17747432 0.08629759 0.09676273 0.33260394 -0.05613406 0.18467956 0.13133105 1.00000000 0.16524401 -0.01298553 -0.08791935 -0.02199204 0.09863593 -0.06890100 -0.07981562 0.04691636 0.01187998 0.01108770 -0.04008061 -0.04065870 -0.03719755 -0.02502086 0.03301495 0.01408532 -0.05901108 0.03667128 0.07243614 0.06563361 -0.01401713 -0.03597024 0.04799827 -0.00790732 -0.03806174 0.01857572 0.05512238 -0.00173725 0.07247599 -0.00725126 0.03912446 0.00418333 -0.00372572 -0.00927980 -0.05623259 -0.02758961 -0.05581678 -0.01929906 -0.08850484 -0.03761277 -0.02160018 0.08653157 0.02950410 -0.00893338 0.10914833 0.03168899 0.01882970 0.05857081 0.09477978 -0.02599595 0.03276227 0.04531599 0.09602827 0.07175179 0.01459144 0.00112800 -0.07942402 0.06076228 -0.11707590 0.06658853 -0.03534825 -0.08979552 -0.06333552 -0.07922990 -0.01630445 -0.08580224
0.10569235 0.06325808 0.14442531 0.06202037 0.09719779 0.24705518 0.10243545 0.12765090 0.02760204 0.24879673 0.11821236 0.16524401 1.00000000 -0.02580418 -0.06430581 0.02605504 0.06150384 0.00633900 -0.02142457 0.00060717 0.03298304 -0.01372922 -0.01978637 0.04809297 -0.04557902 0.00219797 -0.04945030 -0.02441189 -0.03235043 0.01421232 0.03771339 -0.00304609 0.02116861 -0.01805592 0.09196011 -0.04568708 0.00862305 0.05785641 0.03340107 -0.01870302 0.01786254 -0.04619224 0.08469454 0.01702508 0.05572527 -0.04188321 -0.00740804 -0.06163748 -0.01955886 0.00045686 0.00495039 0.06954430 0.01361694 -0.03069303 0.04014429 -0.06294457 0.05635845 -0.06791206 0.01222078 -0.01495036 -0.07854176 0.02965107 0.09395563 0.00632566 0.02179311 -0.00259520 -0.00033363 0.04205027 0.02382033 -0.03197450 -0.02581730 0.04475097 -0.06092684 -0.00654822 -0.02348816 -0.04714903 0.03761851 -0.04319946
0.01695052 -0.05103689 -0.15681120 0.09135350 0.03895508 0.09018880 0.00690636 0.06245332 -0.10961393 -0.03086448 0.08470245 -0.01298553 -0.02580418 1.00000000 0.18954723 0.02100799 0.28122519 0.14915769 -0.03667685 0.04449579 0.13739014 0.26188004 0.12726658 0.16962450 0.06539085 0.27239997 -0.04255192 0.03620449 0.00615333 0.03658956 0.02656566 0.03673789 0.04640414 0.02406504 0.04267712 -0.04775499 0.00724953 -0.02265451 0.03756844 0.05622293 0.05361541 0.10141141 -0.04497481 0.02092120 -0.02905511 -0.12615813 -0.05234487 -0.02896147 0.03221691 0.02956749 0.03566701 0.02827417 -0.03795949 0.06473499 -0.02017621 0.02353320 0.10340299 0.05423839 0.02612382 0.01733069 0.07279710 0.01420213 0.08689746 0.00366091 0.01948511 0.02961473 0.07219903 -0.00935422 -0.04960002 0.04933624 -0.02805481 0.06660022 0.00442207 0.03586954 0.01859328 -0.10240110 -0.00661454 -0.02197688
0.02880002 0.01935940 -0.03662404 0.05324734 0.07687958 -0.06202153 0.09765546 -0.06383415 0.06186503 0.00313034 -0.02316421 -0.08791935 -0.06430581 0.18954723 1.00000000 0.16817065 0.10023727 0.29619601 0.15488816 0.10732867 0.31586425 0.12524111 0.15505656 0.29798957 0.33034606 0.22767159 -0.06804857 0.07145553 0.04718251 -0.08549917 -0.10019563 -0.01060112 0.06263225 0.01579401 -0.08225981 -0.01744739 -0.05775037 -0.00611591 -0.07917858 0.04037987 0.05596592 0.01571746 0.00207051 0.06302982 -0.02333574 -0.01404983 0.08959388 -0.00678670 0.01644439 -0.01751212 -0.02277277 0.02095199 0.01952077 0.02993599 0.00238878 0.00026122 0.06241382 0.11944727 -0.02297079 0.05053303 0.06417547 0.03078409 -0.00743639 0.00518538 0.07764510 -0.00605505 0.01446557 0.00697030 0.06198657 -0.06293495 0.03649002 -0.06152680 0.00789928 0.05262021 -0.05659797 -0.01368035 -0.07710566 0.03756679
-0.02760132 0.06578381 0.02027996 -0.02096993 -0.00802392 -0.11488088 0.01929359 -0.09246066 0.08466825 0.03337247 -0.13793684 -0.02199204 0.02605504 0.02100799 0.16817065 1.00000000 0.13291041 0.17901700 0.13899998 0.30763747 0.23233924 -0.01653957 0.27981938 0.10306696 0.29755169 0.21791349 0.10374172 -0.00934993 -0.06473921 -0.02135537 -0.00496330 -0.00527212 0.02462954 0.04295789 -0.01103335 -0.02827666 -0.02640539 0.00914492 -0.01059267 -0.01297076 0.11783080 0.03117273 0.04768742 0.05395200 0.06485522 0.13871717 0.11058023 -0.02792973 -0.01874884 -0.04493770 -0.05348217 0.01414338 0.03509872 -0.01616695 -0.00495359 0.00921958 0.00870229 -0.01610314 -0.01440132 -0.00440833 -0.00829426 -0.07593803 -0.08049091 -0.01909696 -0.03212038 -0.00257247 -0.13779808 -0.04795679 -0.04878471 -0.08570932 0.01454509 -0.11167849 -0.02398822 -0.10644861 -0.04716626 0.03856158 -0.05296043 -0.04585913
0.06768968 -0.09886037 -0.09327437 -0.01149975 0.07083322 0.14022896 0.03934062 0.15578339 -0.18178391 0.00282761 0.04116419 0.09863593 0.06150384 0.28122519 0.10023727 0.13291041 1.00000000 0.05334172 -0.11269027 0.10648308 0.04687006 0.31384935 0.11763918 0.20874334 0.08438015 0.26293165 0.03578851 -0.14741199 -0.06576446 -0.07297348 0.04129073 0.18384426 -0.02285101 -0.04055150 0.11347356 -0.13707900 -0.07858224 0.06562691 0.03099605 0.07158539 -0.01876201 0.02462972 -0.07001731 0.21148673 0.01257185 -0.02186050 0.03795290 -0.05782993 0.08495173 0.08938988 0.03082178 0.08723443 -0.07450045 0.06245259 -0.07586002 -0.07939687 0.13868344 -0.00671891 -0.01470652 -0.03919958 0.09428485 0.01094712 0.07870772 0.02376191 -0.07359601 0.04078532 0.17252852 0.01098363 -0.00187043 0.10902242 -0.01343804 0.04131970 0.11144964 0.09604590 0.05617539 -0.06632661 0.04276248 -0.06746311
0.00883266 0.07059823 0.03600386 0.06172619 -0.00721151 -0.11667691 0.00956981 -0.14258970 0.10815375 -0.00567567 -0.04805550 -0.06890100 0.00633900 0.14915769 0.29619601 0.17901700 0.05334172 1.00000000 0.26597509 0.15924661 0.20884839 -0.06783278 0.26843718 0.31028802 0.19576211 0.25015884 -0.00942247 -0.04338410 0.06050008 -0.06195897 -0.11138924 -0.12626527 0.00052083 0.02032376 -0.07746967 0.05276173 -0.01615797 -0.01940258 -0.13541725 0.00541622 0.10808298 0.00542247 0.12360652 0.13681246 -0.00645689 0.03030333 0.14674256 -0.06270772 -0.03078033 -0.03002207 -0.00982215 0.06826818 0.06377852 -0.05234301 0.01779353 0.03620236 0.02255336 0.00045000 -0.03869092 -0.03786053 -0.00695669 -0.08116884 -0.12970130 -0.05997444 0.06451554 -0.03733264 -0.06709350 -0.04592728 -0.00278508 -0.12910496 0.07320266 -0.15245637 -0.01647050 -0.10511605 -0.04581428 0.00591475 -0.06506783 0.02091911
-0.15479002 0.08202178 0.06884697 -0.04268382 -0.09927674 -0.22473221 -0.12885529 -0.17462773 0.17552809 -0.03117792 -0.15010531 -0.07981562 -0.02142457 -0.03667685 0.15488816 0.13899998 -0.11269027 0.26597509 1.00000000 0.26012256 0.20344001 -0.09163257 0.23472441 0.03019951 0.20059514 0.09569749 0.04366581 -0.01871725 -0.01804731 -0.07258839 -0.09525924 -0.17568591 -0.08250410 0.05837374 -0.10766878 0.13351580 -0.00274888 0.00908600 -0.05159258 0.03361224 0.06346010 0.04595966 0.10973114 0.02904593 0.03182146 0.09391756 0.15999321 0.04405167 -0.05458659 -0.06050582 0.04973817 -0.03516007 0.16116224 -0.12714029 0.09801933 -0.02255035 -0.11620245 -0.09158877 0.02412519 -0.02098352 -0.03922158 -0.04850760 -0.16239951 -0.12987872 -0.03930285 -0.11363122 -0.27816890 -0.16191280 -0.05576654 -0.25654293 0.02791936 -0.23956768 -0.14363451 -0.22790257 -0.09453293 0.12250673 -0.16862384 -0.08904010
-0.17978736 0.02522146 -0.02959123 0.00095223 -0.00176264 -0.16161072 -0.05809973 -0.07409777 0.06617873 0.01241587 -0.11011107 0.04691636 0.00060717 0.04449579 0.10732867 0.30763747 0.10648308 0.15924661 0.26012256 1.00000000 0.30266425 -0.09058514 0.15031288 0.20718468 0.29005023 0.11628430 0.04924298 -0.08586195 0.00026328 -0.12567490 -0.12387029 -0.08851704 -0.04334339 -0.03300807 0.12013370 0.04496492 -0.00090925 0.07082159 -0.01495965 -0.01879379 0.05249616 0.00557698 0.12482858 0.10685367 0.05747310 0.24819992 0.11583084 -0.10650957 0.00874138 -0.10390088 -0.01767994 -0.02768179 0.05646909 -0.05429879 0.08446981 0.03052010 0.04801339 -0.02002209 0.03408538 -0.00076772 0.06817829 -0.09662269 -0.13292859 -0.00467253 0.02805855 -0.02657165 -0.23619905 -0.08834926 -0.02320866 -0.18503931 0.06048517 -0.10153026 -0.14135098 -0.14130534 -0.14767850 0.04541797 -0.11001189 0.03686183
-0.16826182 0.06748886 0.01184842 0.00556791 -0.02081959 -0.16446963 0.00702488 -0.12200678 0.07011817 0.07291823 -0.11958134 0.01187998 0.03298304 0.13739014 0.31586425 0.23233924 0.04687006 0.20884839 0.20344001 0.30266425 1.00000000 -0.02004259 0.23302272 0.21598490 0.25716360 0.21442082 0.06660344 -0.00813553 0.06236681 -0.01293499 -0.04624032 -0.10315895 0.00167865 0.02548988 -0.01256067 0.01684785 -0.00179791 0.05820897 -0.06365243 0.02348936 0.08214952 -0.00508526 0.07832980 0.06066992 0.01708269 0.08053278 0.10957731 -0.08531945 -0.05981997 -0.00032731 0.00404418 0.03175398 0.10887575 0.01305220 0.15383118 0.10674051 0.04391582 0.09316011 0.08032913 -0.00269402 0.03883027 -0.05317466 -0.04204652 0.03029422 0.13723805 -0.00184424 -0.07993403 -0.02408086 -0.00984361 -0.16758093 0.03408176 -0.08514888 -0.12653800 -0.07033322 -0.09286715 0.02002591 -0.13140629 0.05822082
0.25881228 -0.19022660 -0.11113273 -0.02425226 0.13579434 0.09014515 -0.01008310 0.12314402 -0.19640540 -0.04094675 0.08061741 0.01108770 -0.01372922 0.26188004 0.12524111 -0.01653957 0.31384935 -0.06783278 -0.09163257 -0.09058514 -0.02004259 1.00000000 -0.07359611 0.14310791 -0.06216174 0.22793542 0.02475788 0.05054997 -0.14861867 0.02199586 0.25064181 0.22677958 0.02378291 0.08566596 0.16682606 -0.14995006 -0.04882589 -0.04301250 0.13161358 0.08376050 -0.10211965 0.01568436 -0.18680516 -0.08364402 0.05601184 -0.13583474 -0.07683864 0.10620736 0.20205766 0.08020044 0.02911917 0.05127603 -0.10406063 0.09641488 -0.06160798 -0.13464861 0.13670201 0.02420414 -0.03269549 0.04249935 0.03495433 0.19547375 0.14617762 -0.03557659 -0.14105567 0.03168460 0.21552556 0.09655677 0.00647681 0.25718670 -0.01306623 0.15826651 0.05717946 0.19951792 0.13557322 -0.10582737 0.06808938 -0.08943245
-0.14907181 0.02853102 -0.02353672 -0.05853266 -0.03191087 -0.07530491 0.00131258 -0.09214971 0.04146700 -0.08127914 -0.15904114 -0.04008061 -0.01978637 0.12726658 0.15505656 0.27981938 0.11763918 0.26843718 0.23472441 0.15031288 0.23302272 -0.07359611 1.00000000 0.10403645 0.30351841 0.10646119 0.05471353 -0.04252536 -0.01224718 -0.02076557 -0.09152010 -0.04730441 -0.01383365 -0.04917317 -0.03881327 0.04213206 -0.01644790 0.04343848 -0.03356639 0.04225045 0.07722704 0.05340584 0.07141360 0.06198475 -0.00290004 0.04399756 0.05184118 -0.07204830 -0.06010548 -0.11944253 -0.04677966 -0.04278063 -0.01465655 -0.00530614 -0.02537431 -0.04839237 -0.03517517 -0.03537367 -0.01839782 0.03147899 -0.02136399 -0.14251007 -0.08051548 -0.02676667 0.01996295 -0.00713012 -0.11105364 -0.03099215 -0.03708621 -0.08414355 -0.01213584 -0.06435283 -0.02139067 -0.07638198 -0.06851295 0.08116898 -0.06031806 -0.01727419
0.09125267 -0.00464275 -0.06957720 0.04772456 0.05822285 0.01005795 0.03664898 -0.00516410 -0.02308286 0.09920928 -0.00473499 -0.04065870 0.04809297 0.16962450 0.29798957 0.10306696 0.20874334 0.31028802 0.03019951 0.20718468 0.21598490 0.14310791 0.10403645 1.00000000 0.20696723 0.19397910 -0.01474116 -0.03613566 0.03687438 -0.09471812 -0.04317107 -0.00675425 0.00904295 0.03007936 0.00055252 -0.02650382 -0.02378474 -0.01101529 -0.05603448 -0.00724111 0.02213028 0.03102536 0.02638622 0.09719106 -0.03460481 0.04435176 0.12222410 -0.10773372 0.01099157 -0.02972714 0.01119815 0.03420272 -0.02967027 0.00257095 -0.04589636 -0.01674391 0.02680259 -0.00240291 0.00664928 -0.04888578 0.04305758 -0.01471802 -0.07798731 -0.00712622 -0.03842759 0.04762407 0.08042038 0.07068964 0.05881333 -0.05047894 0.01060082 -0.04627723 -0.07149628 0.09413086 0.02887801 -0.09592661 -0.00335564 0.02750525
-0.11753099 0.01623919 -0.02150667 -0.03054830 -0.00139653 -0.03765609 -0.03674648 -0.06564735 0.08195761 0.02642369 -0.02354275 -0.03719755 -0.04557902 0.06539085 0.33034606 0.29755169 0.08438015 0.19576211 0.20059514 0.29005023 0.25716360 -0.06216174 0.30351841 0.20696723 1.00000000 0.16864718 0.05325131 -0.01561027 0.01727723 -0.05415377 -0.06989815 -0.01014208 0.00644162 0.04196220 -0.06848272 0.02597896 -0.01489589 0.04857347 -0.06262481 0.00588969 0.10417857 0.03719140 0.05236602 0.07284300 -0.06224824 0.06763899 0.11085434 -0.05502488 -0.02926308 -0.03697910 0.01853940 0.08067088 0.04363108 0.04069049 0.00301464 -0.02228939 0.00987495 0.05467985 -0.04861260 0.04032945 0.07351751 -0.12130031 -0.07051946 0.01385428 0.03785886 -0.06881694 -0.02423947 0.03746207 0.03561579 -0.14365211 0.01558337 -0.10618019 -0.03570657 -0.03039554 -0.02856295 0.03974208 -0.06597817 0.00686469
0.07387654 0.01203380 -0.09340800 0.09350096 0.05411649 -0.00127922 0.05101585 -0.03113474 -0.06297986 0.08223469 0.07753290 -0.02502086 0.00219797 0.27239997 0.22767159 0.21791349 0.26293165 0.25015884 0.09569749 0.11628430 0.21442082 0.22793542 0.10646119 0.19397910 0.16864718 1.00000000 -0.10980451 -0.07965887 -0.06413458 -0.17534731 -0.00354195 -0.04204649 -0.02871413 0.01408644 -0.07335457 -0.09735878 -0.13174355 0.05233528 -0.05348024 0.07741654 0.01100078 0.00832053 0.00950093 0.12361008 -0.08169385 -0.02580000 0.05858123 -0.06597974 0.07634361 0.00357440 -0.07605823 0.11903486 0.04871597 0.03576634 -0.05062304 -0.02074400 0.03811120 0.02542787 -0.12353374 -0.02316238 0.04611819 -0.04273083 -0.02810983 -0.03081328 -0.00460171 -0.00836623 0.06486299 0.00526829 -0.01885880 -0.03020834 0.00975080 -0.07094427 -0.00597165 -0.02163601 -0.01255898 -0.00818157 -0.02829068 -0.06792516
0.00868767 -0.08282922 0.05035536 -0.02023840 -0.02944324 -0.00473505 -0.10565916 0.05134703 -0.02277956 -0.07220822 -0.06265904 0.03301495 -0.04945030 -0.04255192 -0.06804857 0.10374172 0.03578851 -0.00942247 0.04366581 0.04924298 0.06660344 0.02475788 0.05471353 -0.01474116 0.05325131 -0.10980451 1.00000000 0.16894057 0.02208644 0.25273159 0.28645084 0.14363826 0.16409833 0.24601782 0.21114131 0.03096884 0.21094161 0.21531195 0.24114954 0.03288575 0.01319714 -0.04880332 -0.04100935 0.01885796 0.06287869 0.05469476 0.02162574 0.07116778 0.06323520 0.06076795 0.00236303 -0.00546288 0.02254108 0.01390702 0.02050771 0.00964587 -0.00676518 0.09300858 -0.03680142 -0.04339548 0.08005495 -0.03608699 0.00416669 -0.04087253 0.06359906 0.03800508 -0.00902938 0.05905941 -0.09328645 0.05386714 -0.01703007 -0.01597854 0.07567443 0.02694178 0.05377412 0.03519197 0.08707761 -0.05138046
0.12878303 0.05359282 0.04677195 0.00094556 0.08402332 0.05127732 0.01971508 0.08251422 0.00136144 -0.00197653 0.13072678 0.01408532 -0.02441189 0.03620449 0.07145553 -0.00934993 -0.14741199 -0.04338410 -0.01871725 -0.08586195 -0.00813553 0.05054997 -0.04252536 -0.03613566 -0.01561027 -0.07965887 0.16894057 1.00000000 0.18426247 0.28801220 0.29544876 0.18007739 0.26546443 0.18275941 0.13031639 0.09015884 0.08537628 0.17771618 0.37851806 -0.05766057 -0.02836959 -0.04837674 -0.11123166 -0.19138313 -0.04561312 -0.10435314 -0.14245793 0.14373789 0.05677652 -0.02465441 0.00655629 -0.10304332 0.04543899 0.04539635 -0.00378730 -0.00138016 -0.02323270 0.09733846 0.00120267 0.04941402 0.01166380 0.04259193 0.07847429 0.01475665 0.01833882 0.06501349 0.06503671 0.05874503 -0.04413459 0.15168505 -0.00297693 0.07270460 0.06706276 0.09092691 0.06702167 -0.00671105 0.07807712 -0.02614034
-0.02332075 0.04986397 -0.00136596 0.07620567 0.04721407 0.02719764 0.08606397 -0.05222383 0.01876342 0.01440299 0.02210408 -0.05901108 -0.03235043 0.00615333 0.04718251 -0.06473921 -0.06576446 0.06050008 -0.01804731 0.00026328 0.06236681 -0.14861867 -0.01224718 0.03687438 0.01727723 -0.06413458 0.02208644 0.18426247 1.00000000 0.05393910 0.02655925 0.16920497 0.18271424 0.15273497 -0.01983148 0.12891408 0.19470802 0.21052250 0.05391626 0.01234700 0.03186659 -0.02300571 0.07186740 -0.03007421 -0.03660321 0.05119066 0.02966283 0.03384520 0.00280017 -0.00099523 -0.04181765 -0.02723317 -0.00231580 -0.06952602 0.00675471 0.03987104 -0.07834975 -0.04185816 0.06974410 -0.01067465 -0.03486561 -0.09787543 -0.03795570 -0.01585587 0.02451248 0.06285729 0.02226728 0.02960054 0.06126064 -0.07019430 -0.06252552 -0.00937965 0.04081362 0.02512705 -0.01728852 0.05237089 -0.00609734 0.07895116
0.05759487 0.00064398 0.03558672 -0.05833001 -0.06310825 0.00959940 -0.02826683 0.03529045 0.02533240 0.00410108 0.01709574 0.03667128 0.01421232 0.03658956 -0.08549917 -0.02135537 -0.07297348 -0.06195897 -0.07258839 -0.12567490 -0.01293499 0.02199586 -0.02076557 -0.09471812 -0.05415377 -0.17534731 0.25273159 0.28801220 0.05393910 1.00000000 0.26210893 0.24444232 0.19825600 0.15234290 0.15418188 0.14164118 0.25362002 0.15505520 0.21007583 0.01140072 -0.00694853 0.02467544 -0.13698212 -0.07688069 0.01775274 -0.12913225 -0.07001282 0.16531176 0.01011156 0.08537372 0.01953611 -0.09535802 0.03689184 0.00718048 -0.01764464 0.03003725 0.02106196 0.02259896 0.03040482 0.02426537 -0.00217681 -0.01520697 0.12468469 -0.07630595 0.01455154 0.03320035 0.03938561 0.04827453 -0.08640081 0.16762680 0.08181755 0.17978878 0.07966205 0.12589362 0.16933100 -0.06069391 0.00101726 0.00370872
0.22773568 -0.12273143 0.00518869 0.00636540 0.03331081 0.10441735 -0.00495005 0.15588332 -0.08360834 -0.09538234 0.03955835 0.07243614 0.03771339 0.02656566 -0.10019563 -0.00496330 0.04129073 -0.11138924 -0.09525924 -0.12387029 -0.04624032 0.25064181 -0.09152010 -0.04317107 -0.06989815 -0.00354195 0.28645084 0.29544876 0.02655925 0.26210893 1.00000000 0.26645700 0.29207476 0.31123007 0.21933199 -0.00739227 0.07824607 0.20794843 0.30444241 0.05884646 -0.07719645 0.02863763 -0.12541791 -0.15751366 0.08224166 -0.10341196 -0.08442005 0.16343346 0.14537718 0.09004548 -0.03378933 -0.01723140 -0.04416813 0.15915388 0.00137600 -0.05731001 0.11154825 0.09040756 0.01125779 0.08104501 0.01951582 0.08501892 0.11721420 0.02093665 0.00794799 0.12520062 0.10400217 0.04524944 -0.04643289 0.16146062 -0.02779609 0.12833382 0.03394317 0.15991416 0.12417592 -0.05988759 0.16029964 -0.09523128
0.15760562 -0.04858870 -0.04828334 -0.05378986 0.04040060 0.13095120 0.04688410 0.14585540 -0.12609999 -0.03588823 0.05332629 0.06563361 -0.00304609 0.03673789 -0.01060112 -0.00527212 0.18384426 -0.12626527 -0.17568591 -0.08851704 -0.10315895 0.22677958 -0.04730441 -0.00675425 -0.01014208 -0.04204649 0.14363826 0.18007739 0.16920497 0.24444232 0.26645700 1.00000000 0.13853209 0.17891715 0.37962020 0.02579994 0.05063740 0.13665775 0.24134913 0.08128935 0.03515909 0.00768863 -0.13766762 -0.06231449 0.08094704 -0.04464909 -0.06837451 0.12246191 0.10952388 0.12825116 0.05551350 0.02792633 -0.09157406 0.11427535 -0.04221743 -0.06838072 0.11260073 0.08933599 0.02595192 0.15116700 -0.00021235 0.08714556 0.21331974 0.06389485 -0.02903762 0.12995644 0.17023331 0.10013517 -0.00757678 0.22403369 -0.00853832 0.12383307 0.09441713 0.14033008 0.10804820 -0.06689669 0.12534969 -0.07926555
0.10238225 -0.00913981 0.06427667 0.03460498 0.08985331 -0.05141901 0.00027966 0.05236105 0.05009102 0.11444572 0.02226565 -0.01401713 0.02116861 0.04640414 0.06263225 0.02462954 -0.02285101 0.00052083 -0.08250410 -0.04334339 0.00167865 0.02378291 -0.01383365 0.00904295 0.00644162 -0.02871413 0.16409833 0.26546443 0.18271424 0.19825600 0.29207476 0.13853209 1.00000000 0.19320750 0.09528320 0.10088963 0.15397330 0.16912126 0.39626063 -0.03148608 -0.04620436 -0.02979520 -0.05031690 -0.10075878 -0.03952966 -0.06873586 -0.13580719 0.05970722 0.03647163 -0.01939017 -0.04058598 -0.01713300 -0.00426465 0.15934386 0.03816861 -0.02605352 0.11446176 0.11686681 -0.01372051 0.08939363 0.02150339 0.05594931 0.13104987 0.01076262 0.10004506 0.00381160 0.02615408 0.05763895 0.02041197 0.10279216 0.01749016 0.08098338 -0.02297094 0.11983565 0.03539694 -0.04147795 0.05061991 -0.00619545
0.16082086 -0.01974249 -0.01872966 0.00652697 0.05582526 -0.00375444 0.02934182 0.02455806 -0.01635147 -0.00149896 0.06047672 -0.03597024 -0.01805592 0.02406504 0.01579401 0.04295789 -0.04055150 0.02032376 0.05837374 -0.03300807 0.02548988 0.08566596 -0.04917317 0.03007936 0.04196220 0.01408644 0.24601782 0.18275941 0.15273497 0.15234290 0.31123007 0.17891715 0.19320750 1.00000000 -0.06022215 -0.13635315 0.20004292 0.19849318 0.21846891 0.06881638 0.00920601 -0.05495144 -0.00146499 -0.02889620 -0.04354241 -0.01956622 -0.00680330 0.09631092 0.08398322 0.07823586 0.04665364 0.02791315 -0.05993509 0.02338883 -0.05200749 0.03531341 0.02382921 -0.05299711 0.00650932 0.04098135 0.02224589 0.01830277 0.05086481 -0.00983981 -0.14380219 0.10111325 0.15709431 0.06924202 0.05232634 0.05717993 0.11468556 -0.00324634 0.11719619 0.13157933 0.13656873 0.05483610 0.13324294 0.06259332
0.06364886 -0.11071473 -0.05922574 -0.04397005 0.01425346 0.07141943 -0.10091746 0.09925947 -0.04497360 -0.07152777 -0.05472235 0.04799827 0.09196011 0.04267712 -0.08225981 -0.01103335 0.11347356 -0.07746967 -0.10766878 0.12013370 -0.01256067 0.16682606 -0.03881327 0.00055252 -0.06848272 -0.07335457 0.21114131 0.13031639 -0.01983148 0.15418188 0.21933199 0.37962020 0.09528320 -0.06022215 1.00000000 0.18191758 0.11845552 0.21052511 0.25598505 -0.01772336 -0.02064100 0.04398949 -0.11266446 0.01292782 0.13681902 0.04729857 -0.05393826 0.00598597 0.15302042 0.05301367 0.03009036 -0.01273920 0.05738485 0.04313266 0.03299182 -0.02781445 0.05997761 0.05946512 0.11277834 0.06629167 -0.02520829 0.11076390 0.13627494 0.04131311 0.04773043 0.04876763 -0.03138586 0.05185435 -0.05934099 0.08607475 -0.04845180 0.07547793 0.00102864 0.00789543 -0.00601642 -0.12169211 -0.03398665 -0.07362945
-0.10820175 0.10340732 0.08112395 0.00007591 -0.08104687 -0.08538463 -0.06677821 -0.09403462 0.14112327 -0.03136809 -0.07959070 -0.00790732 -0.04568708 -0.04775499 -0.01744739 -0.02827666 -0.13707900 0.05276173 0.13351580 0.04496492 0.01684785 -0.14995006 0.04213206 -0.02650382 0.02597896 -0.09735878 0.03096884 0.09015884 0.12891408 0.14164118 -0.00739227 0.02579994 0.10088963 -0.13635315 0.18191758 1.00000000 0.22201056 0.14336875 0.07164195 -0.00432440 0.03339412 0.02983349 0.07037599 0.05012703 -0.00165892 0.07166006 0.08110667 -0.05350833 -0.08394870 0.03194010 0.05617919 -0.08236848 0.13289996 -0.03450900 0.03097550 0.02146551 -0.11617451 0.02438008 0.08103545 -0.00976870 -0.03111545 0.01387113 -0.06165567 -0.04948121 0.06036615 -0.04756502 -0.13934806 -0.04613977 -0.11273895 -0.12243964 0.08829898 -0.09848374 -0.05124910 -0.11333665 -0.11986942 0.00084859 -0.15446688 -0.02948901
-0.03005367 -0.00847858 -0.01301308 -0.02824348 0.00264810 0.00136118 -0.06541534 -0.01770281 0.02514881 -0.01901697 0.00703460 -0.03806174 0.00862305 0.00724953 -0.05775037 -0.02640539 -0.07858224 -0.01615797 -0.00274888 -0.00090925 -0.00179791 -0.04882589 -0.01644790 -0.02378474 -0.01489589 -0.13174355 0.21094161 0.08537628 0.19470802 0.25362002 0.07824607 0.05063740 0.15397330 0.20004292 0.11845552 0.22201056 1.00000000 0.21725518 0.17578798 0.06371301 0.03109565 0.03380055 0.04346977 0.08205172 0.04482734 0.04839977 0.08046740 -0.01859338 0.07889476 0.05221230 0.09062976 0.03055977 0.04121317 -0.01852563 -0.04886176 0.01922352 -0.01297461 -0.00599668 0.01595624 0.00164934 -0.02261954 -0.00381728 0.00553014 -0.07605044 -0.05225319 0.04867323 -0.04295785 0.02274752 0.02643116 -0.00164160 0.02060521 0.04733818 0.05739078 -0.01280145 0.03510814 0.02622640 -0.01643209 0.03790781
-0.00726858 -0.01339698 0.02375290 -0.00791013 0.08829485 0.02579936 -0.03979657 0.02435068 0.00514000 -0.02030983 0.00396576 0.01857572 0.05785641 -0.02265451 -0.00611591 0.00914492 0.06562691 -0.01940258 0.00908600 0.07082159 0.05820897 -0.04301250 0.04343848 -0.01101529 0.04857347 0.05233528 0.21531195 0.17771618 0.21052250 0.15505520 0.20794843 0.13665775 0.16912126 0.19849318 0.21052511 0.14336875 0.21725518 1.00000000 0.26973278 -0.01996072 -0.08444266 -0.03322276 0.00217982 -0.00227236 0.02415347 0.03635232 0.04530153 -0.03968528 0.07130305 -0.00548406 -0.00608515 -0.02510152 -0.03492785 -0.01375012 0.01862871 -0.03309989 -0.03541936 -0.02900736 -0.03150828 0.02805664 -0.04018977 -0.02925573 0.05440011 0.03373568 -0.01593506 0.04419785 0.01624149 0.05686344 -0.03680112 0.01159435 -0.05072006 0.02532908 0.04921593 -0.02094948 -0.00759625 -0.00771226 0.10404010 -0.01264692
0.12275403 -0.01729354 0.03027628 -0.02536567 0.07590735 0.13852017 -0.01180321 0.17391678 -0.04476360 -0.02064926 0.10574226 0.05512238 0.03340107 0.03756844 -0.07917858 -0.01059267 0.03099605 -0.13541725 -0.05159258 -0.01495965 -0.06365243 0.13161358 -0.03356639 -0.05603448 -0.06262481 -0.05348024 0.24114954 0.37851806 0.05391626 0.21007583 0.30444241 0.24134913 0.39626063 0.21846891 0.25598505 0.07164195 0.17578798 0.26973278 1.00000000 -0.00407974 -0.04820567 -0.00943897 -0.17499114 -0.08156091 0.01771319 -0.07095686 -0.16001512 0.11769435 0.12243483 0.01687185 -0.03748744 -0.05211478 -0.00238953 0.06424893 0.00533056 -0.05302252 0.03734514 0.00919702 0.02092593 0.02776658 0.03358507 0.05906107 0.12075096 0.08248305 -0.00890575 0.09265263 0.05254969 0.07777235 -0.04227846 0.16528302 -0.01066081 0.11893958 0.06259544 0.10925428 0.04599072 -0.03398775 0.14148356 -0.01725165
0.00733083 -0.10237961 -0.01010251 0.01459111 -0.01800804 0.01710380 0.01972914 0.10309823 -0.03309041 -0.01420997 0.03728729 -0.00173725 -0.01870302 0.05622293 0.04037987 -0.01297076 0.07158539 0.00541622 0.03361224 -0.01879379 0.02348936 0.08376050 0.04225045 -0.00724111 0.00588969 0.07741654 0.03288575 -0.05766057 0.01234700 0.01140072 0.05884646 0.08128935 -0.03148608 0.06881638 -0.01772336 -0.00432440 0.06371301 -0.01996072 -0.00407974 1.00000000 0.15701764 0.27675403 0.19668810 0.20900683 0.19012171 0.17055120 0.17023808 0.03238716 0.19347161 0.20189678 0.24043308 0.21584062 0.02872139 0.04146014 -0.03067204 -0.01794366 -0.02779074 -0.11492727 -0.02705774 -0.01316465 -0.00129032 -0.07801362 0.05221677 -0.05683496 -0.09567806 -0.00678894 0.09702447 0.02939006 -0.05695290 0.01913332 -0.05305693 -0.02744807 0.06834021 -0.00405490 0.04428711 -0.07758048 0.04071737 0.00796330
-0.03466651 0.05571917 0.02153613 0.03250884 -0.01911441 -0.01308722 0.01170662 -0.02315456 -0.00740951 0.11216360 -0.01089584 0.07247599 0.01786254 0.05361541 0.05596592 0.11783080 -0.01876201 0.10808298 0.06346010 0.05249616 0.08214952 -0.10211965 0.07722704 0.02213028 0.10417857 0.01100078 0.01319714 -0.02836959 0.03186659 -0.00694853 -0.07719645 0.03515909 -0.04620436 0.00920601 -0.02064100 0.03339412 0.03109565 -0.08444266 -0.04820567 0.15701764 1.00000000 0.18040643 0.21854840 0.19007673 0.11997346 0.17672724 0.13023919 0.17377809 0.03422224 0.21890861 0.23982581 0.12779072 0.02737403 0.00437974 0.05828865 0.08902505 -0.10349751 0.00310791 0.00440817 -0.03832445 0.04494854 -0.08694445 -0.05186564 0.04576688 -0.02501058 0.00090760 -0.08157818 -0.05151245 -0.05818746 -0.03516448 0.01463621 -0.11826587 -0.02825715 -0.09845353 -0.09514206 0.05556155 -0.16927890 0.02406564
-0.07968568 -0.01755698 -0.06124558 -0.03665446 -0.05372760 0.00323272 0.01715400 0.08161345 -0.01784617 -0.06003657 0.01076625 -0.00725126 -0.04619224 0.10141141 0.01571746 0.03117273 0.02462972 0.00542247 0.04595966 0.00557698 -0.00508526 0.01568436 0.05340584 0.03102536 0.03719140 0.00832053 -0.04880332 -0.04837674 -0.02300571 0.02467544 0.02863763 0.00768863 -0.02979520 -0.05495144 0.04398949 0.02983349 0.03380055 -0.03322276 -0.00943897 0.27675403 0.18040643 1.00000000 0.09022770 0.12597240 0.18749296 0.17734058 0.17750509 0.18962334 0.14392922 0.14960590 0.23792422 0.09913647 -0.02862176 -0.00370398 -0.05153536 -0.03905969 -0.03813937 -0.04655481 0.03707656 0.03427276 -0.01891278 -0.01644627 -0.04352297 -0.04902699 -0.01205321 -0.00111480 0.03267947 0.00894876 -0.06337451 0.02979625 -0.07505998 0.00667562 0.03036010 -0.08174211 0.01705908 -0.04079159 -0.01414809 -0.03605717
-0.09860063 0.03772089 0.09043230 0.07785343 -0.01092118 -0.16254282 0.00936177 -0.10179459 0.09398179 0.01962913 -0.06315535 0.03912446 0.08469454 -0.04497481 0.00207051 0.04768742 -0.07001731 0.12360652 0.10973114 0.12482858 0.07832980 -0.18680516 0.07141360 0.02638622 0.05236602 0.00950093 -0.04100935 -0.11123166 0.07186740 -0.13698212 -0.12541791 -0.13766762 -0.05031690 -0.00146499 -0.11266446 0.07037599 0.04346977 0.00217982 -0.17499114 0.19668810 0.21854840 0.09022770 1.00000000 0.29485604 0.09364688 0.25009515 0.28075141 0.04710620 -0.03088314 0.14266666 0.07424416 0.12481466 0.02296646 -0.07629621 0.08632905 0.05757515 -0.09268194 -0.07429457 0.03319546 -0.04598829 0.02705641 -0.05878208 -0.12892622 0.03228723 -0.03196231 -0.10032682 -0.07186417 -0.10255974 -0.02873398 -0.19222778 0.05005347 -0.22120262 -0.10095692 -0.16656893 -0.14415111 0.05296464 -0.09503162 0.03234492
-0.08473591 0.01449305 -0.00359151 0.02005771 0.01019057 -0.01629977 0.00306727 0.00396089 0.00891663 0.07952237 -0.01541927 0.00418333 0.01702508 0.02092120 0.06302982 0.05395200 0.21148673 0.13681246 0.02904593 0.10685367 0.06066992 -0.08364402 0.06198475 0.09719106 0.07284300 0.12361008 0.01885796 -0.19138313 -0.03007421 -0.07688069 -0.15751366 -0.06231449 -0.10075878 -0.02889620 0.01292782 0.05012703 0.08205172 -0.00227236 -0.08156091 0.20900683 0.19007673 0.12597240 0.29485604 1.00000000 0.13139246 0.15050424 0.34559899 0.02960989 0.05620549 0.16014278 0.04660662 0.26072100 0.01141134 -0.05357748 -0.02884659 -0.02109942 -0.05909936 -0.07740273 -0.02265540 -0.05963020 0.08433415 -0.08698034 -0.08928562 -0.08415158 -0.05603441 -0.04088081 0.00235411 -0.03503712 -0.02526025 -0.07601649 0.04008318 -0.10475815 0.01324105 -0.07154656 -0.03267930 0.01810427 -0.02097252 0.06848058
0.02739696 -0.08773513 -0.02089797 -0.00870981 -0.01297171 -0.00147967 -0.02457596 0.01515304 0.01615570 -0.00438719 -0.10357762 -0.00372572 0.05572527 -0.02905511 -0.02333574 0.06485522 0.01257185 -0.00645689 0.03182146 0.05747310 0.01708269 0.05601184 -0.00290004 -0.03460481 -0.06224824 -0.08169385 0.06287869 -0.04561312 -0.03660321 0.01775274 0.08224166 0.08094704 -0.03952966 -0.04354241 0.13681902 -0.00165892 0.04482734 0.02415347 0.01771319 0.19012171 0.11997346 0.18749296 0.09364688 0.13139246 1.00000000 0.20639302 0.19155018 0.08246773 0.17634585 0.16924119 0.11007358 0.25186721 0.00882067 0.03960341 0.02505358 -0.01820848 0.02173678 0.00436832 0.03354362 0.02317039 0.02074107 -0.00809662 0.09705041 0.00552118 -0.03050424 0.01801033 -0.05250693 0.02953064 -0.02571528 0.07195896 -0.03579408 0.01362487 0.07158504 -0.01979776 -0.02675900 0.03933060 0.09016545 -0.06620342
-0.16530155 -0.00824419 -0.04023371 -0.03777304 0.01685574 -0.13779957 -0.09932453 -0.07912783 0.02149111 -0.02163442 -0.10253623 -0.00927980 -0.04188321 -0.12615813 -0.01404983 0.13871717 -0.02186050 0.03030333 0.09391756 0.24819992 0.08053278 -0.13583474 0.04399756 0.04435176 0.06763899 -0.02580000 0.05469476 -0.10435314 0.05119066 -0.12913225 -0.10341196 -0.04464909 -0.06873586 -0.01956622 0.04729857 0.07166006 0.04839977 0.03635232 -0.07095686 0.17055120 0.17672724 0.17734058 0.25009515 0.15050424 0.20639302 1.00000000 0.30129526 -0.03318024 0.04725825 -0.02600054 0.17993257 0.10600789 0.06658251 -0.05983548 0.08353276 0.04617961 -0.05184752 -0.16272074 -0.00368438 -0.05058992 -0.05338052 -0.07389559 -0.13443783 -0.03231000 -0.01924449 -0.10811512 -0.19334381 -0.03144765 0.03756260 -0.15188660 0.04701077 -0.10775998 -0.07844396 -0.14957516 -0.11061890 0.12568686 -0.11446833 -0.01787966
-0.05388174 -0.02070987 0.00241514 0.01818182 0.01914109 -0.08930071 0.01559486 -0.04602863 0.06826196 0.04628537 -0.06446444 -0.05623259 -0.00740804 -0.05234487 0.08959388 0.11058023 0.03795290 0.14674256 0.15999321 0.11583084 0.10957731 -0.07683864 0.05184118 0.12222410 0.11085434 0.05858123 0.02162574 -0.14245793 0.02966283 -0.07001282 -0.08442005 -0.06837451 -0.13580719 -0.00680330 -0.05393826 0.08110667 0.08046740 0.04530153 -0.16001512 0.17023808 0.13023919 0.17750509 0.28075141 0.34559899 0.19155018 0.30129526 1.00000000 0.08601311 0.05178128 0.07283526 0.25316980 0.13755593 0.04599529 -0.07517606 -0.01337444 0.00022996 -0.13097378 -0.15604931 0.04145308 -0.08553072 -0.02122404 -0.05020544 -0.10510312 -0.08436361 -0.06355985 -0.07235814 -0.05330246 0.02626483 -0.07011021 -0.13796095 0.07286364 -0.14387305 0.02005938 -0.02504838 0.01794556 0.01890887 -0.02341221 0.02738191
0.02871762 0.03131327 -0.00808874 -0.06540260 -0.04693914 -0.02985068 -0.03171306 -0.06531211 -0.02091753 0.02460782 -0.00569168 -0.02758961 -0.06163748 -0.02896147 -0.00678670 -0.02792973 -0.05782993 -0.06270772 0.04405167 -0.10650957 -0.08531945 0.10620736 -0.07204830 -0.10773372 -0.05502488 -0.06597974 0.07116778 0.14373789 0.03384520 0.16531176 0.16343346 0.12246191 0.05970722 0.09631092 0.00598597 -0.05350833 -0.01859338 -0.03968528 0.11769435 0.03238716 0.17377809 0.18962334 0.04710620 0.02960989 0.08246773 -0.03318024 0.08601311 1.00000000 0.05815839 0.18613163 0.12469635 0.02576196 -0.03275493 0.04545818 0.02446865 0.00025086 -0.00745721 0.05044649 0.01709678 0.07944533 0.03693572 0.07638388 0.06055848 0.03032266 -0.05811458 0.01707060 0.03104071 -0.00822490 -0.02151621 0.14848296 0.00922212 0.07461022 0.02203580 0.08138122 0.01096466 -0.02746714 -0.01512248 -0.04916537
0.07420490 -0.07004911 -0.08226749 0.03627249 0.05932122 0.04837402 -0.01928158 0.03096450 -0.05438206 -0.06170533 0.03057955 -0.05581678 -0.01955886 0.03221691 0.01644439 -0.01874884 0.08495173 -0.03078033 -0.05458659 0.00874138 -0.05981997 0.20205766 -0.06010548 0.01099157 -0.02926308 0.07634361 0.06323520 0.05677652 0.00280017 0.01011156 0.14537718 0.10952388 0.03647163 0.08398322 0.15302042 -0.08394870 0.07889476 0.07130305 0.12243483 0.19347161 0.03422224 0.14392922 -0.03088314 0.05620549 0.17634585 0.04725825 0.05178128 0.05815839 1.00000000 0.09208035 0.20306806 0.29675809 -0.07101538 0.06127440 0.00703722 -0.03577248 0.07898778 0.03557896 -0.12030626 -0.02835317 0.03288999 0.09478852 0.11318537 -0.01464360 -0.02156614 0.02448437 0.08455130 0.03027590 0.02451885 0.14653013 -0.09182816 0.08221167 0.06487542 0.04912568 0.01354170 -0.05349517 0.08811854 -0.02708328
0.00803998 -0.06247180 -0.02796070 -0.03431911 -0.04679343 0.05791221 0.02602147 0.02508479 -0.00416566 -0.00071255 0.05565764 -0.01929906 0.00045686 0.02956749 -0.01751212 -0.04493770 0.08938988 -0.03002207 -0.06050582 -0.10390088 -0.00032731 0.08020044 -0.11944253 -0.02972714 -0.03697910 0.00357440 0.06076795 -0.02465441 -0.00099523 0.08537372 0.09004548 0.12825116 -0.01939017 0.07823586 0.05301367 0.03194010 0.05221230 -0.00548406 0.01687185 0.20189678 0.21890861 0.14960590 0.14266666 0.16014278 0.16924119 -0.02600054 0.07283526 0.18613163 0.09208035 1.00000000 0.14869079 0.19747327 -0.06700396 0.11613879 0.03609134 0.03002218 -0.02612743 -0.00656812 -0.04178647 0.03812195 0.04449517 0.04360830 0.15416014 0.02855869 -0.08879458 0.03822106 0.10722544 0.00725455 -0.03277180 0.10906466 0.01432877 0.03853398 0.13100081 0.06615032 0.06249275 -0.03510333 0.04372104 -0.01339842
-0.00097939 0.05285637 -0.01563732 0.01785382 -0.03537320 0.00600796 0.01946417 0.00047114 0.03408227 0.00728328 0.02782667 -0.08850484 0.00495039 0.03566701 -0.02277277 -0.05348217 0.03082178 -0.00982215 0.04973817 -0.01767994 0.00404418 0.02911917 -0.04677966 0.01119815 0.01853940 -0.07605823 0.00236303 0.00655629 -0.04181765 0.01953611 -0.03378933 0.05551350 -0.04058598 0.04665364 0.03009036 0.05617919 0.09062976 -0.00608515 -0.03748744 0.24043308 0.23982581 0.23792422 0.07424416 0.04660662 0.11007358 0.17993257 0.25316980 0.12469635 0.20306806 0.14869079 1.00000000 0.10670122 0.07339899 0.04117970 -0.04141750 -0.00025110 -0.07209137 -0.03172690 0.04960781 -0.02115699 0.00058125 0.01950683 0.03972445 -0.05183643 -0.02587385 -0.02061521 -0.03069883 -0.01724393 -0.10037420 0.01443712 0.01616678 -0.08731423 0.05181114 -0.05776322 0.10331002 0.00540946 -0.02261544 0.00289910
0.06250784 0.04742637 -0.04352792 0.05829675 -0.01909569 -0.02908565 0.00204102 0.00070515 0.06578077 0.09519953 -0.02606947 -0.03761277 0.06954430 0.02827417 0.02095199 0.01414338 0.08723443 0.06826818 -0.03516007 -0.02768179 0.03175398 0.05127603 -0.04278063 0.03420272 0.08067088 0.11903486 -0.00546288 -0.10304332 -0.02723317 -0.09535802 -0.01723140 0.02792633 -0.01713300 0.02791315 -0.01273920 -0.08236848 0.03055977 -0.02510152 -0.05211478 0.21584062 0.12779072 0.09913647 0.12481466 0.26072100 0.25186721 0.10600789 0.13755593 0.02576196 0.29675809 0.19747327 0.10670122 1.00000000 0.02162981 0.10720995 -0.00113963 -0.01312848 0.01173228 0.03652716 -0.06339764 -0.05998945 0.03842530 0.01634992 0.04425946 -0.01354656 -0.05741383 0.02819619 0.13717724 0.05724181 0.02719040 0.04391670 0.01505588 -0.01443443 0.06244712 0.02648567 0.06021025 0.07196619 0.05911211 0.00340775
-0.02912282 0.09085788 0.04952215 0.03690401 0.02363148 -0.12045594 0.00239609 -0.07290102 0.13700503 -0.02703917 0.03934226 -0.02160018 0.01361694 -0.03795949 0.01952077 0.03509872 -0.07450045 0.06377852 0.16116224 0.05646909 0.10887575 -0.10406063 -0.01465655 -0.02967027 0.04363108 0.04871597 0.02254108 0.04543899 -0.00231580 0.03689184 -0.04416813 -0.09157406 -0.00426465 -0.05993509 0.05738485 0.13289996 0.04121317 -0.03492785 -0.00238953 0.02872139 0.02737403 -0.02862176 0.02296646 0.01141134 0.00882067 0.06658251 0.04599529 -0.03275493 -0.07101538 -0.06700396 0.07339899 0.02162981 1.00000000 0.06089377 0.10313849 0.18445543 0.09671496 0.16792236 0.19607058 0.14242462 0.12091966 0.07709494 -0.05494721 -0.00855432 0.19069225 -0.07688240 -0.14205159 -0.08567471 -0.15118205 -0.10857789 0.05084926 -0.16406446 -0.00604318 -0.10521560 -0.04044532 -0.00958229 -0.17572049 0.02363947
0.08205850 0.00833095 -0.03655638 0.08340124 0.02934145 0.02561969 0.10419300 0.04736410 -0.05458443 0.06914350 0.11668547 0.08653157 -0.03069303 0.06473499 0.02993599 -0.01616695 0.06245259 -0.05234301 -0.12714029 -0.05429879 0.01305220 0.09641488 -0.00530614 0.00257095 0.04069049 0.03576634 0.01390702 0.04539635 -0.06952602 0.00718048 0.15915388 0.11427535 0.15934386 0.02338883 0.04313266 -0.03450900 -0.01852563 -0.01375012 0.06424893 0.04146014 0.00437974 -0.00370398 -0.07629621 -0.05357748 0.03960341 -0.05983548 -0.07517606 0.04545818 0.06127440 0.11613879 0.04117970 0.10720995 0.06089377 1.00000000 0.12852579 0.06774640 0.34393249 0.32521259 0.06499139 0.28652942 0.16369646 0.20190105 0.33120850 0.22628783 0.14552201 0.10067473 0.15561129 0.02559105 0.01025093 0.17350449 -0.04206552 0.12561283 0.05699967 0.12202368 0.06843277 -0.01212630 0.01937942 -0.05544801
-0.12778197 0.02662698 -0.00711565 0.01665939 -0.05748122 -0.09360563 -0.03128778 -0.05215810 0.04514251 -0.02356541 -0.11398606 0.02950410 0.04014429 -0.02017621 0.00238878 -0.00495359 -0.07586002 0.01779353 0.09801933 0.08446981 0.15383118 -0.06160798 -0.02537431 -0.04589636 0.00301464 -0.05062304 0.02050771 -0.00378730 0.00675471 -0.01764464 0.00137600 -0.04221743 0.03816861 -0.05200749 0.03299182 0.03097550 -0.04886176 0.01862871 0.00533056 -0.03067204 0.05828865 -0.05153536 0.08632905 -0.02884659 0.02505358 0.08353276 -0.01337444 0.02446865 0.00703722 0.03609134 -0.04141750 -0.00113963 0.10313849 0.12852579 1.00000000 0.17718184 0.14541745 0.05859338 0.15359129 0.15601533 0.11318402 0.19345646 0.04667530 0.24693730 0.30258700 -0.02368437 -0.11549663 -0.08694883 0.09242715 -0.09296045 -0.04914444 0.03092241 -0.12019744 -0.07972732 -0.18339456 -0.02079126 -0.05591674 0.06262397
-0.09836456 0.03658097 -0.05622270 0.06639371 0.00139842 -0.08467584 0.01545181 -0.09263616 0.09327498 0.01074856 0.01988694 -0.00893338 -0.06294457 0.02353320 0.00026122 0.00921958 -0.07939687 0.03620236 -0.02255035 0.03052010 0.10674051 -0.13464861 -0.04839237 -0.01674391 -0.02228939 -0.02074400 0.00964587 -0.00138016 0.03987104 0.03003725 -0.05731001 -0.06838072 -0.02605352 0.03531341 -0.02781445 0.02146551 0.01922352 -0.03309989 -0.05302252 -0.01794366 0.08902505 -0.03905969 0.05757515 -0.02109942 -0.01820848 0.04617961 0.00022996 0.00025086 -0.03577248 0.03002218 -0.00025110 -0.01312848 0.18445543 0.06774640 0.17718184 1.00000000 0.09470420 0.14037519 0.09216323 0.07632709 0.15511059 0.09262189 0.11941949 0.09856806 0.15705082 0.04689856 0.02178368 -0.00136830 -0.04912895 -0.01826517 0.02800150 -0.06817280 0.05005750 -0.00966777 -0.03066965 0.02217060 -0.07097622 0.09010882
-0.00282841 -0.04645889 -0.00391725 0.02030307 0.07463618 0.06662606 0.06547982 0.10829703 -0.01009916 -0.01740492 0.03105574 0.10914833 0.05635845 0.10340299 0.06241382 0.00870229 0.13868344 0.02255336 -0.11620245 0.04801339 0.04391582 0.13670201 -0.03517517 0.02680259 0.00987495 0.03811120 -0.00676518 -0.02323270 -0.07834975 0.02106196 0.11154825 0.11260073 0.11446176 0.02382921 0.05997761 -0.11617451 -0.01297461 -0.03541936 0.03734514 -0.02779074 -0.10349751 -0.03813937 -0.09268194 -0.05909936 0.02173678 -0.05184752 -0.13097378 -0.00745721 0.07898778 -0.02612743 -0.07209137 0.01173228 0.09671496 0.34393249 0.14541745 0.09470420 1.00000000 0.26746869 0.07894406 0.17557832 0.19323394 0.13148187 0.32120422 0.15075947 0.22981936 -0.00589533 0.10885260 0.01376852 0.11704913 0.14264747 -0.11245824 0.25768357 -0.01030158 0.07233275 0.00486795 -0.10656627 0.09625759 0.03242977
-0.00656697 0.08840959 0.01852648 0.08832877 -0.00019031 0.00432598 0.06782068 0.09054476 0.05968740 0.05499111 0.00933555 0.03168899 -0.06791206 0.05423839 0.11944727 -0.01610314 -0.00671891 0.00045000 -0.09158877 -0.02002209 0.09316011 0.02420414 -0.03537367 -0.00240291 0.05467985 0.02542787 0.09300858 0.09733846 -0.04185816 0.02259896 0.09040756 0.08933599 0.11686681 -0.05299711 0.05946512 0.02438008 -0.00599668 -0.02900736 0.00919702 -0.11492727 0.00310791 -0.04655481 -0.07429457 -0.07740273 0.00436832 -0.16272074 -0.15604931 0.05044649 0.03557896 -0.00656812 -0.03172690 0.03652716 0.16792236 0.32521259 0.05859338 0.14037519 0.26746869 1.00000000 0.09740958 0.21078102 0.22605920 0.17549693 0.22611110 0.11851496 0.27727999 0.06256609 0.05287042 0.04196122 -0.02210898 0.06693276 -0.04951859 0.08544626 -0.03039758 0.03624137 -0.06303700 -0.07538532 0.03308975 -0.00912167
-0.00523296 0.06487821 0.06565327 0.05608988 0.01295440 -0.02895100 -0.01326938 -0.01876195 0.07625937 0.01395119 -0.05085245 0.01882970 0.01222078 0.02612382 -0.02297079 -0.01440132 -0.01470652 -0.03869092 0.02412519 0.03408538 0.08032913 -0.03269549 -0.01839782 0.00664928 -0.04861260 -0.12353374 -0.03680142 0.00120267 0.06974410 0.03040482 0.01125779 0.02595192 -0.01372051 0.00650932 0.11277834 0.08103545 0.01595624 -0.03150828 0.02092593 -0.02705774 0.00440817 0.03707656 0.03319546 -0.02265540 0.03354362 -0.00368438 0.04145308 0.01709678 -0.12030626 -0.04178647 0.04960781 -0.06339764 0.19607058 0.06499139 0.15359129 0.09216323 0.07894406 0.09740958 1.00000000 0.31646343 0.12440564 0.10828805 0.05440186 0.23474249 0.09952868 -0.01246906 -0.05315017 -0.02236731 -0.04002343 -0.05357573 0.04889277 -0.01517051 -0.02635781 -0.00673661 0.05245841 0.02365192 -0.02449714 0.05197863
0.02345748 -0.03624007 0.00257634 -0.02540730 0.03325210 0.01746343 0.02913188 0.03855527 0.04714110 -0.00807984 -0.00401280 0.05857081 -0.01495036 0.01733069 0.05053303 -0.00440833 -0.03919958 -0.03786053 -0.02098352 -0.00076772 -0.00269402 0.04249935 0.03147899 -0.04888578 0.04032945 -0.02316238 -0.04339548 0.04941402 -0.01067465 0.02426537 0.08104501 0.15116700 0.08939363 0.04098135 0.06629167 -0.00976870 0.00164934 0.02805664 0.02776658 -0.01316465 -0.03832445 0.03427276 -0.04598829 -0.05963020 0.02317039 -0.05058992 -0.08553072 0.07944533 -0.02835317 0.03812195 -0.02115699 -0.05998945 0.14242462 0.28652942 0.15601533 0.07632709 0.17557832 0.21078102 0.31646343 1.00000000 0.18854131 0.21576409 0.28133295 0.22972073 0.14807056 0.00136143 0.02110257 0.01266219 0.03630964 0.09006825 -0.02022675 0.13496258 0.01122186 0.05055607 -0.03156230 -0.09387260 0.06475900 0.03341848
-0.03258468 -0.01745393 0.04077749 0.06342072 0.00392167 -0.00778198 0.04480518 0.06402975 0.06029417 0.02862721 0.00476402 0.09477978 -0.07854176 0.07279710 0.06417547 -0.00829426 0.09428485 -0.00695669 -0.03922158 0.06817829 0.03883027 0.03495433 -0.02136399 0.04305758 0.07351751 0.04611819 0.08005495 0.01166380 -0.03486561 -0.00217681 0.01951582 -0.00021235 0.02150339 0.02224589 -0.02520829 -0.03111545 -0.02261954 -0.04018977 0.03358507 -0.00129032 0.04494854 -0.01891278 0.02705641 0.08433415 0.02074107 -0.05338052 -0.02122404 0.03693572 0.03288999 0.04449517 0.00058125 0.03842530 0.12091966 0.16369646 0.11318402 0.15511059 0.19323394 0.22605920 0.12440564 0.18854131 1.00000000 0.10479231 0.10676803 0.20911689 0.16729935 0.06963822 0.07105392 0.05108308 -0.03184627 0.01832190 -0.03890653 0.04972250 -0.02771605 -0.03877593 0.01732159 -0.00174831 0.01827841 0.01088229
0.08976599 -0.03457565 -0.05006295 0.04492393 0.11746097 -0.02123006 0.03089957 0.02239534 0.00740900 -0.04094769 -0.02544972 -0.02599595 0.02965107 0.01420213 0.03078409 -0.07593803 0.01094712 -0.08116884 -0.04850760 -0.09662269 -0.05317466 0.19547375 -0.14251007 -0.01471802 -0.12130031 -0.04273083 -0.03608699 0.04259193 -0.09787543 -0.01520697 0.08501892 0.08714556 0.05594931 0.01830277 0.11076390 0.01387113 -0.00381728 -0.02925573 0.05906107 -0.07801362 -0.08694445 -0.01644627 -0.05878208 -0.08698034 -0.00809662 -0.07389559 -0.05020544 0.07638388 0.09478852 0.04360830 0.01950683 0.01634992 0.07709494 0.20190105 0.19345646 0.09262189 0.13148187 0.17549693 0.10828805 0.21576409 0.10479231 1.00000000 0.22969351 0.16639220 0.05931900 -0.00085161 -0.00981261 -0.05578481 0.05111528 0.14461592 0.05066171 0.03390882 -0.03166445 0.05991790 0.04526982 -0.03443521 -0.00644045 -0.08547269
0.08604049 -0.08685357 -0.02988452 -0.00970549 0.00833197 0.12400217 0.07238191 0.11347879 -0.07757712 0.05991958 0.02220597 0.03276227 0.09395563 0.08689746 -0.00743639 -0.08049091 0.07870772 -0.12970130 -0.16239951 -0.13292859 -0.04204652 0.14617762 -0.08051548 -0.07798731 -0.07051946 -0.02810983 0.00416669 0.07847429 -0.03795570 0.12468469 0.11721420 0.21331974 0.13104987 0.05086481 0.13627494 -0.06165567 0.00553014 0.05440011 0.12075096 0.05221677 -0.05186564 -0.04352297 -0.12892622 -0.08928562 0.09705041 -0.13443783 -0.10510312 0.06055848 0.11318537 0.15416014 0.03972445 0.04425946 -0.05494721 0.33120850 0.04667530 0.11941949 0.32120422 0.22611110 0.05440186 0.28133295 0.10676803 0.22969351 1.00000000 0.15341503 0.02808299 0.10042933 0.16425746 0.09886960 0.04092710 0.25403033 -0.00750266 0.22049830 0.12298786 0.22515432 0.11303435 -0.12313002 0.13730302 -0.05649368
-0.04125741 0.03644596 -0.05241161 0.03817931 0.00132852 0.02437885 0.03549978 0.02823597 -0.00212892 -0.01293476 -0.02711989 0.04531599 0.00632566 0.00366091 0.00518538 -0.01909696 0.02376191 -0.05997444 -0.12987872 -0.00467253 0.03029422 -0.03557659 -0.02676667 -0.00712622 0.01385428 -0.03081328 -0.04087253 0.01475665 -0.01585587 -0.07630595 0.02093665 0.06389485 0.01076262 -0.00983981 0.04131311 -0.04948121 -0.07605044 0.03373568 0.08248305 -0.05683496 0.04576688 -0.04902699 0.03228723 -0.08415158 0.00552118 -0.03231000 -0.08436361 0.03032266 -0.01464360 0.02855869 -0.05183643 -0.01354656 -0.00855432 0.22628783 0.24693730 0.09856806 0.15075947 0.11851496 0.23474249 0.22972073 0.20911689 0.16639220 0.15341503 1.00000000 0.15229562 0.06928311 -0.00574386 -0.00954954 0.04306839 0.01116970 0.00652189 0.05230424 -0.06792057 0.00872128 -0.04519019 0.02130323 0.00457262 0.06023080
-0.07162267 0.04753175 0.03149411 0.03121535 -0.10344244 -0.02687239 0.00933274 -0.02268739 0.14434073 -0.01895774 0.00698145 0.09602827 0.02179311 0.01948511 0.07764510 -0.03212038 -0.07359601 0.06451554 -0.03930285 0.02805855 0.13723805 -0.14105567 0.01996295 -0.03842759 0.03785886 -0.00460171 0.06359906 0.01833882 0.02451248 0.01455154 0.00794799 -0.02903762 0.10004506 -0.14380219 0.04773043 0.06036615 -0.05225319 -0.01593506 -0.00890575 -0.09567806 -0.02501058 -0.01205321 -0.03196231 -0.05603441 -0.03050424 -0.01924449 -0.06355985 -0.05811458 -0.02156614 -0.08879458 -0.02587385 -0.05741383 0.19069225 0.14552201 0.30258700 0.15705082 0.22981936 0.27727999 0.09952868 0.14807056 0.16729935 0.05931900 0.02808299 0.15229562 1.00000000 -0.00546765 -0.06396475 0.01138805 0.01842010 -0.10542880 -0.05413471 -0.01043336 -0.05200353 -0.01691225 -0.10950851 -0.00864862 0.00040315 0.06735204
0.11364830 0.02481488 -0.04705044 0.05580282 -0.01018658 0.14325352 0.08016188 0.11171639 -0.01644687 0.01525237 0.04272330 0.07175179 -0.00259520 0.02961473 -0.00605505 -0.00257247 0.04078532 -0.03733264 -0.11363122 -0.02657165 -0.00184424 0.03168460 -0.00713012 0.04762407 -0.06881694 -0.00836623 0.03800508 0.06501349 0.06285729 0.03320035 0.12520062 0.12995644 0.00381160 0.10111325 0.04876763 -0.04756502 0.04867323 0.04419785 0.09265263 -0.00678894 0.00090760 -0.00111480 -0.10032682 -0.04088081 0.01801033 -0.10811512 -0.07235814 0.01707060 0.02448437 0.03822106 -0.02061521 0.02819619 -0.07688240 0.10067473 -0.02368437 0.04689856 -0.00589533 0.06256609 -0.01246906 0.00136143 0.06963822 -0.00085161 0.10042933 0.06928311 -0.00546765 1.00000000 0.17234553 0.10310657 0.17380052 0.18655780 0.12285342 0.16358702 0.30349198 0.26630701 0.13760743 0.12572993 0.19842390 0.06149825
0.18082635 -0.06716303 -0.14375261 0.01152508 0.08796132 0.16154574 0.09245419 0.13014046 -0.15943139 -0.00461308 0.18020059 0.01459144 -0.00033363 0.07219903 0.01446557 -0.13779808 0.17252852 -0.06709350 -0.27816890 -0.23619905 -0.07993403 0.21552556 -0.11105364 0.08042038 -0.02423947 0.06486299 -0.00902938 0.06503671 0.02226728 0.03938561 0.10400217 0.17023331 0.02615408 0.15709431 -0.03138586 -0.13934806 -0.04295785 0.01624149 0.05254969 0.09702447 -0.08157818 0.03267947 -0.07186417 0.00235411 -0.05250693 -0.19334381 -0.05330246 0.03104071 0.08455130 0.10722544 -0.03069883 0.13717724 -0.14205159 0.15561129 -0.11549663 0.02178368 0.10885260 0.05287042 -0.05315017 0.02110257 0.07105392 -0.00981261 0.16425746 -0.00574386 -0.06396475 0.17234553 1.00000000 0.33951564 0.19365719 0.34932035 -0.00126680 0.38377427 0.22277754 0.33030114 0.26909903 -0.07659789 0.33137704 0.16453841
0.09307336 -0.03439563 -0.06112292 0.05486640 0.03361894 0.01237968 0.01728948 0.03146499 -0.08373795 0.04487556 0.11023787 0.00112800 0.04205027 -0.00935422 0.00697030 -0.04795679 0.01098363 -0.04592728 -0.16191280 -0.08834926 -0.02408086 0.09655677 -0.03099215 0.07068964 0.03746207 0.00526829 0.05905941 0.05874503 0.02960054 0.04827453 0.04524944 0.10013517 0.05763895 0.06924202 0.05185435 -0.04613977 0.02274752 0.05686344 0.07777235 0.02939006 -0.05151245 0.00894876 -0.10255974 -0.03503712 0.02953064 -0.03144765 0.02626483 -0.00822490 0.03027590 0.00725455 -0.01724393 0.05724181 -0.08567471 0.02559105 -0.08694883 -0.00136830 0.01376852 0.04196122 -0.02236731 0.01266219 0.05108308 -0.05578481 0.09886960 -0.00954954 0.01138805 0.10310657 0.33951564 1.00000000 0.10761690 0.23435101 0.15531618 0.24585158 0.25434056 0.24911508 0.21809807 0.14215911 0.27257441 0.13305172
0.00840984 -0.06795746 -0.04747945 -0.08186998 0.01554190 0.11626855 0.03724516 0.01172990 -0.03593733 -0.09332358 -0.02198229 -0.07942402 0.02382033 -0.04960002 0.06198657 -0.04878471 -0.00187043 -0.00278508 -0.05576654 -0.02320866 -0.00984361 0.00647681 -0.03708621 0.05881333 0.03561579 -0.01885880 -0.09328645 -0.04413459 0.06126064 -0.08640081 -0.04643289 -0.00757678 0.02041197 0.05232634 -0.05934099 -0.11273895 0.02643116 -0.03680112 -0.04227846 -0.05695290 -0.05818746 -0.06337451 -0.02873398 -0.02526025 -0.02571528 0.03756260 -0.07011021 -0.02151621 0.02451885 -0.03277180 -0.10037420 0.02719040 -0.15118205 0.01025093 0.09242715 -0.04912895 0.11704913 -0.02210898 -0.04002343 0.03630964 -0.03184627 0.05111528 0.04092710 0.04306839 0.01842010 0.17380052 0.19365719 0.10761690 1.00000000 0.06651290 0.10989013 0.29483278 0.04450832 0.15050826 0.05938934 0.15908148 0.23442776 0.21478294
0.20640454 -0.08357222 -0.11351433 -0.10533875 0.10147824 0.14593511 0.05079865 0.16373294 -0.15506006 0.00814117 0.13846757 0.06076228 -0.03197450 0.04933624 -0.06293495 -0.08570932 0.10902242 -0.12910496 -0.25654293 -0.18503931 -0.16758093 0.25718670 -0.08414355 -0.05047894 -0.14365211 -0.03020834 0.05386714 0.15168505 -0.07019430 0.16762680 0.16146062 0.22403369 0.10279216 0.05717993 0.08607475 -0.12243964 -0.00164160 0.01159435 0.16528302 0.01913332 -0.03516448 0.02979625 -0.19222778 -0.07601649 0.07195896 -0.15188660 -0.13796095 0.14848296 0.14653013 0.10906466 0.01443712 0.04391670 -0.10857789 0.17350449 -0.09296045 -0.01826517 0.14264747 0.06693276 -0.05357573 0.09006825 0.01832190 0.14461592 0.25403033 0.01116970 -0.10542880 0.18655780 0.34932035 0.23435101 0.06651290 1.00000000 0.07582812 0.38144535 0.28764478 0.34929616 0.32939370 0.01060816 0.26860361 0.01007158
0.02658224 0.06024793 0.05183302 0.00135065 -0.05896053 -0.05407463 0.01816807 -0.10147751 0.04339127 0.00927946 -0.03677919 -0.11707590 -0.02581730 -0.02805481 0.03649002 0.01454509 -0.01343804 0.07320266 0.02791936 0.06048517 0.03408176 -0.01306623 -0.01213584 0.01060082 0.01558337 0.00975080 -0.01703007 -0.00297693 -0.06252552 0.08181755 -0.02779609 -0.00853832 0.01749016 0.11468556 -0.04845180 0.08829898 0.02060521 -0.05072006 -0.01066081 -0.05305693 0.01463621 -0.07505998 0.05005347 0.04008318 -0.03579408 0.04701077 0.07286364 0.00922212 -0.09182816 0.01432877 0.01616678 0.01505588 0.05084926 -0.04206552 -0.04914444 0.02800150 -0.11245824 -0.04951859 0.04889277 -0.02022675 -0.03890653 0.05066171 -0.00750266 0.00652189 -0.05413471 0.12285342 -0.00126680 0.15531618 0.10989013 0.07582812 1.00000000 -0.03211763 0.19238439 0.20599271 0.19256195 0.18721733 0.04132721 0.11768707
0.08487528 -0.06862428 -0.05250369 -0.14351156 0.01375923 0.22582087 0.04310332 0.17057515 -0.09627468 -0.03743545 0.13790440 0.06658853 0.04475097 0.06660022 -0.06152680 -0.11167849 0.04131970 -0.15245637 -0.23956768 -0.10153026 -0.08514888 0.15826651 -0.06435283 -0.04627723 -0.10618019 -0.07094427 -0.01597854 0.07270460 -0.00937965 0.17978878 0.12833382 0.12383307 0.08098338 -0.00324634 0.07547793 -0.09848374 0.04733818 0.02532908 0.11893958 -0.02744807 -0.11826587 0.00667562 -0.22120262 -0.10475815 0.01362487 -0.10775998 -0.14387305 0.07461022 0.08221167 0.03853398 -0.08731423 -0.01443443 -0.16406446 0.12561283 0.03092241 -0.06817280 0.25768357 0.08544626 -0.01517051 0.13496258 0.04972250 0.03390882 0.22049830 0.05230424 -0.01043336 0.16358702 0.38377427 0.24585158 0.29483278 0.38144535 -0.03211763 1.00000000 0.06979360 0.28308877 0.16587733 -0.07118346 0.27855310 0.20770849
0.11066265 -0.07366591 0.00067022 -0.04667444 0.01433115 0.09909545 0.02276620 0.07963109 0.00066584 -0.08271025 0.11721952 -0.03534825 -0.06092684 0.00442207 0.00789928 -0.02398822 0.11144964 -0.01647050 -0.14363451 -0.14135098 -0.12653800 0.05717946 -0.02139067 -0.07149628 -0.03570657 -0.00597165 0.07567443 0.06706276 0.04081362 0.07966205 0.03394317 0.09441713 -0.02297094 0.11719619 0.00102864 -0.05124910 0.05739078 0.04921593 0.06259544 0.06834021 -0.02825715 0.03036010 -0.10095692 0.01324105 0.07158504 -0.07844396 0.02005938 0.02203580 0.06487542 0.13100081 0.05181114 0.06244712 -0.00604318 0.05699967 -0.12019744 0.05005750 -0.01030158 -0.03039758 -0.02635781 0.01122186 -0.02771605 -0.03166445 0.12298786 -0.06792057 -0.05200353 0.30349198 0.22277754 0.25434056 0.04450832 0.28764478 0.19238439 0.06979360 1.00000000 0.15786397 0.21997780 0.20073072 0.29032400 0.12218413
0.11719528 -0.06666108 -0.10815547 -0.01604402 0.01436971 0.13180239 0.06688170 0.06558050 -0.09949074 -0.01066071 0.02597583 -0.08979552 -0.00654822 0.03586954 0.05262021 -0.10644861 0.09604590 -0.10511605 -0.22790257 -0.14130534 -0.07033322 0.19951792 -0.07638198 0.09413086 -0.03039554 -0.02163601 0.02694178 0.09092691 0.02512705 0.12589362 0.15991416 0.14033008 0.11983565 0.13157933 0.00789543 -0.11333665 -0.01280145 -0.02094948 0.10925428 -0.00405490 -0.09845353 -0.08174211 -0.16656893 -0.07154656 -0.01979776 -0.14957516 -0.02504838 0.08138122 0.04912568 0.06615032 -0.05776322 0.02648567 -0.10521560 0.12202368 -0.07972732 -0.00966777 0.07233275 0.03624137 -0.00673661 0.05055607 -0.03877593 0.05991790 0.22515432 0.00872128 -0.01691225 0.26630701 0.33030114 0.24911508 0.15050826 0.34929616 0.20599271 0.28308877 0.15786397 1.00000000 0.34667846 0.01485309 0.23636411 0.10667121
0.16480182 -0.05403581 0.03914468 -0.04009894 0.00683811 0.07406064 0.07148235 0.07139214 -0.01469682 -0.01800030 0.08067941 -0.06333552 -0.02348816 0.01859328 -0.05659797 -0.04716626 0.05617539 -0.04581428 -0.09453293 -0.14767850 -0.09286715 0.13557322 -0.06851295 0.02887801 -0.02856295 -0.01255898 0.05377412 0.06702167 -0.01728852 0.16933100 0.12417592 0.10804820 0.03539694 0.13656873 -0.00601642 -0.11986942 0.03510814 -0.00759625 0.04599072 0.04428711 -0.09514206 0.01705908 -0.14415111 -0.03267930 -0.02675900 -0.11061890 0.01794556 0.01096466 0.01354170 0.06249275 0.10331002 0.06021025 -0.04044532 0.06843277 -0.18339456 -0.03066965 0.00486795 -0.06303700 0.05245841 -0.03156230 0.01732159 0.04526982 0.11303435 -0.04519019 -0.10950851 0.13760743 0.26909903 0.21809807 0.05938934 0.32939370 0.19256195 0.16587733 0.21997780 0.34667846 1.00000000 0.18801465 0.29905608 0.05172772
-0.08893600 0.08386922 0.02887921 0.00996982 -0.03263460 -0.14535231 -0.06278806 -0.06398950 0.13072475 -0.04498592 -0.01420322 -0.07922990 -0.04714903 -0.10240110 -0.01368035 0.03856158 -0.06632661 0.00591475 0.12250673 0.04541797 0.02002591 -0.10582737 0.08116898 -0.09592661 0.03974208 -0.00818157 0.03519197 -0.00671105 0.05237089 -0.06069391 -0.05988759 -0.06689669 -0.04147795 0.05483610 -0.12169211 0.00084859 0.02622640 -0.00771226 -0.03398775 -0.07758048 0.05556155 -0.04079159 0.05296464 0.01810427 0.03933060 0.12568686 0.01890887 -0.02746714 -0.05349517 -0.03510333 0.00540946 0.07196619 -0.00958229 -0.01212630 -0.02079126 0.02217060 -0.10656627 -0.07538532 0.02365192 -0.09387260 -0.00174831 -0.03443521 -0.12313002 0.02130323 -0.00864862 0.12572993 -0.07659789 0.14215911 0.15908148 0.01060816 0.18721733 -0.07118346 0.20073072 0.01485309 0.18801465 1.00000000 0.06614632 0.14162597
0.10853346 -0.13590943 0.03150269 -0.04034842 0.00031334 0.16470686 0.06471761 0.13342046 -0.08635785 -0.09148154 0.10781919 -0.01630445 0.03761851 -0.00661454 -0.07710566 -0.05296043 0.04276248 -0.06506783 -0.16862384 -0.11001189 -0.13140629 0.06808938 -0.06031806 -0.00335564 -0.06597817 -0.02829068 0.08707761 0.07807712 -0.00609734 0.00101726 0.16029964 0.12534969 0.05061991 0.13324294 -0.03398665 -0.15446688 -0.01643209 0.10404010 0.14148356 0.04071737 -0.16927890 -0.01414809 -0.09503162 -0.02097252 0.09016545 -0.11446833 -0.02341221 -0.01512248 0.08811854 0.04372104 -0.02261544 0.05911211 -0.17572049 0.01937942 -0.05591674 -0.07097622 0.09625759 0.03308975 -0.02449714 0.06475900 0.01827841 -0.00644045 0.13730302 0.00457262 0.00040315 0.19842390 0.33137704 0.27257441 0.23442776 0.26860361 0.04132721 0.27855310 0.29032400 0.23636411 0.29905608 0.06614632 1.00000000 0.18657017
-0.06079004 0.00941356 -0.02600358 -0.05300491 -0.05608445 -0.03762218 0.00532112 -0.05129775 0.06870565 -0.13400277 0.01417893 -0.08580224 -0.04319946 -0.02197688 0.03756679 -0.04585913 -0.06746311 0.02091911 -0.08904010 0.03686183 0.05822082 -0.08943245 -0.01727419 0.02750525 0.00686469 -0.06792516 -0.05138046 -0.02614034 0.07895116 0.00370872 -0.09523128 -0.07926555 -0.00619545 0.06259332 -0.07362945 -0.02948901 0.03790781 -0.01264692 -0.01725165 0.00796330 0.02406564 -0.03605717 0.03234492 0.06848058 -0.06620342 -0.01787966 0.02738191 -0.04916537 -0.02708328 -0.01339842 0.00289910 0.00340775 0.02363947 -0.05544801 0.06262397 0.09010882 0.03242977 -0.00912167 0.05197863 0.03341848 0.01088229 -0.08547269 -0.05649368 0.06023080 0.06735204 0.06149825 0.16453841 0.13305172 0.21478294 0.01007158 0.11768707 0.20770849 0.12218413 0.10667121 0.05172772 0.14162597 0.18657017 1.00000000
