#Insight Transform File V1.0
#Transform 0
Transform: MatrixOffsetTransformBase_double_3_3
Parameters: 0.9999998221699282 0.0002068510407472016 -0.00036716780563652695 -0.00020743227574093488 0.9999996352242254 0.0005671852802500016 0.0003674680819142537 -0.0005670369443906559 0.9999995437157434 -0.0239545009237645 0.04788758511321589 -0.021829741625332133
FixedParameters: 0 0 0
#Transform 1
Transform: MatrixOffsetTransformBase_double_3_3
Parameters: 0.9999999363699319 0.0001823736238238396 -0.00017426958286931868 -0.0001823418155853964 0.9999999584185505 0.00009128398288489603 0.00017430286367081183 -0.00009122041801293279 0.9999999612975277 -0.0351487393296992 0.08434959861178015 -0.04055625101711513
FixedParameters: 0 0 0
#Transform 2
Transform: MatrixOffsetTransformBase_double_3_3
Parameters: 0.9999998157607373 0.0002712802533927029 -0.00033219538881117637 -0.00027173763120831145 0.9999992652669656 0.000812961059303105 0.0003327021249723665 -0.000812784371478914 0.999999228968957 -0.028542276638745534 0.02003711274024056 -0.04225668560376761
FixedParameters: 0 0 0
#Transform 3
Transform: MatrixOffsetTransformBase_double_3_3
Parameters: 0.9999996812144608 0.0005107308638634734 -0.0002407060471343544 -0.0005105699728505399 0.9999996277002315 0.0003340919381592533 0.00024104712926436818 -0.00033384593061948353 0.9999998304436775 -0.03921690595272764 0.06627887944846123 -0.060437060033407874
FixedParameters: 0 0 0
#Transform 4
Transform: MatrixOffsetTransformBase_double_3_3
Parameters: 0.9999995325159015 0.0006465320986540029 -0.00022244128863882755 -0.0006463474947736732 0.9999994103461965 0.0004145934608082019 0.00022297712131551023 -0.00041430552448491753 0.9999997786327187 -0.040877148918042394 0.05253556514608704 -0.06485261946046705
FixedParameters: 0 0 0
#Transform 5
Transform: MatrixOffsetTransformBase_double_3_3
Parameters: 0.999999328248036 0.0007668828778116866 -0.0002962408094547334 -0.0007665749832988053 0.9999990152492237 0.0006301947211622971 0.00029620900490954106 -0.000629740977177537 0.9999995115375552 -0.05362296645229492 0.06430450776224461 -0.05303664392735641
FixedParameters: 0 0 0
#Transform 6
Transform: MatrixOffsetTransformBase_double_3_3
Parameters: 0.999999289585691 0.000741863048733123 -0.0004000662114236036 -0.0007415956095251035 0.9999993382565492 0.00033433280934216936 0.0004005617391480325 -0.0003337389597085766 0.9999997281691105 -0.061513291421405825 0.09288407156699918 -0.06073094328220918
FixedParameters: 0 0 0
#Transform 7
Transform: MatrixOffsetTransformBase_double_3_3
Parameters: 0.9999999426784403 0.0008830767858207806 -0.000530022797456758 -0.000883209281145311 0.9999994498494541 0.0008779281359707625 0.0005306401424101767 -0.0008769957614814805 0.9999999452091665 -0.05741355428364159 0.0547403417331509 -0.07446614248851802
FixedParameters: 0 0 0
#Transform 8
Transform: MatrixOffsetTransformBase_double_3_3
Parameters: 1.0000000659622306 0.000797292601695221 -0.0005502134003259043 -0.0007959604174596443 0.9999986992084612 0.0012652355158558753 0.000551231244786139 -0.0012653500360142317 0.9999991570775905 -0.05071773337716934 0.05615814411152087 -0.07569107518325069
FixedParameters: 0 0 0
#Transform 9
Transform: MatrixOffsetTransformBase_double_3_3
Parameters: 0.9999997643683535 0.0010212946658663526 -0.00044366257830094147 -0.0010205046113553246 0.999999030469526 0.0009634049669129535 0.00044463089782244584 -0.0009624986125076618 0.9999998716044811 -0.05905566214761393 0.0996508616693319 -0.07706041733106161
FixedParameters: 0 0 0
#Transform 10
Transform: MatrixOffsetTransformBase_double_3_3
Parameters: 0.9999996827096204 0.0010908431139266075 -0.0003626547569771095 -0.0010899970937985077 0.9999981877552783 0.0012481052778594293 0.00036437880704790057 -0.0012483044658173348 0.9999993711782774 -0.06426953076159236 0.04941331833836671 -0.07662017412501854
FixedParameters: 0 0 0
#Transform 11
Transform: MatrixOffsetTransformBase_double_3_3
Parameters: 0.999999569660686 0.0011074167704236803 -0.00045629332964140876 -0.0011066542222600575 0.9999989500472501 0.0009060547545923642 0.0004573083161735197 -0.000905174252903429 0.9999989716245391 -0.06471285577376307 0.09025084974979336 -0.058287182029232554
FixedParameters: 0 0 0
#Transform 12
Transform: MatrixOffsetTransformBase_double_3_3
Parameters: 0.9999993001284914 0.0012096130396380142 -0.0004908879963078133 -0.0012087387976060342 0.9999986211763616 0.0009557401131561061 0.0004922079258598872 -0.000954682264418194 0.9999988463808546 -0.06510797959353454 0.07020087762694516 -0.08125743521372186
FixedParameters: 0 0 0
#Transform 13
Transform: MatrixOffsetTransformBase_double_3_3
Parameters: 0.999999260326307 0.0011914065856694735 -0.0005686459831170379 -0.0011911629312150035 0.9999982643555497 0.0011479389004317303 0.0005704469158105876 -0.001146586257811874 0.9999993558035923 -0.06692891158557757 0.059702352672616144 -0.06914549479964904
FixedParameters: 0 0 0
#Transform 14
Transform: MatrixOffsetTransformBase_double_3_3
Parameters: 0.9999991523971571 0.0012076420014575603 -0.0006273767387823298 -0.0012068428621794705 0.9999990646830004 0.0006888752143806298 0.0006280482373127293 -0.0006874904992478503 0.9999991328104595 -0.06653579785955799 0.062420922967987735 -0.047554580927943846
FixedParameters: 0 0 0
#Transform 15
Transform: MatrixOffsetTransformBase_double_3_3
Parameters: 0.9999989628553814 0.0011970777773158952 -0.0007801950004625376 -0.0011962917711824087 0.9999992039606654 0.0005430567924726293 0.0007805034820533483 -0.0005423114716808508 0.9999991621705668 -0.060670111566224705 0.09411322189222915 -0.06801764270308297
FixedParameters: 0 0 0
#Transform 16
Transform: MatrixOffsetTransformBase_double_3_3
Parameters: 0.9999989055013832 0.0012853512634147465 -0.0006674445707941282 -0.001285450471784228 0.9999987619552385 0.0007186665304695916 0.0006683663310397816 -0.0007180756592083254 0.9999991037195002 -0.06336102456673132 0.06668830864252584 -0.08205066819115814
FixedParameters: 0 0 0
#Transform 17
Transform: MatrixOffsetTransformBase_double_3_3
Parameters: 0.9999986195924426 0.0013514100598694108 -0.0007495118177341191 -0.0013510527976862284 0.9999991280854071 0.0009885495936179517 0.0007502515297102344 -0.0009876497547087332 0.9999995233427824 -0.058929310742982466 0.05251159450226339 -0.0818667340624657
FixedParameters: 0 0 0
#Transform 18
Transform: MatrixOffsetTransformBase_double_3_3
Parameters: 0.999998599593576 0.0013195338051456053 -0.0008167436478610187 -0.00131921540153826 0.999998413719896 0.000883783999847107 0.000817143613449174 -0.0008826245919652392 0.9999996102905119 -0.05801092455355672 0.09423547104158558 -0.07015932688202753
FixedParameters: 0 0 0
#Transform 19
Transform: MatrixOffsetTransformBase_double_3_3
Parameters: 0.9999982475412132 0.0014296017785833726 -0.0008437104264431825 -0.0014289555835342604 0.999998807637209 0.0010074218059621387 0.0008456567676154952 -0.0010071248690935314 0.9999994029623509 -0.055494115635923436 0.0657526385368783 -0.06445592885800977
FixedParameters: 0 0 0
#Transform 20
Transform: MatrixOffsetTransformBase_double_3_3
Parameters: 0.9999988394843917 0.001433260092115796 -0.0010556755162685143 -0.0014312550174305303 0.999997690646522 0.001481726846633405 0.0010579864519236273 -0.0014796958374220237 0.999998748336332 -0.039048075064101795 0.06685845010881053 -0.038965881486547005
FixedParameters: 0 0 0
#Transform 21
Transform: MatrixOffsetTransformBase_double_3_3
Parameters: 0.9999970819907961 0.0013747299302245524 -0.001741313176347023 -0.001372915069648594 0.9999982440963711 0.000823727322993309 0.0017426405661532438 -0.0008217893049692615 0.999998476288224 -0.026884259014678946 0.10042312278697807 -0.03860955788660192
FixedParameters: 0 0 0
#Transform 22
Transform: MatrixOffsetTransformBase_double_3_3
Parameters: 0.9999976710128158 0.00140520968511812 -0.0015343897782601952 -0.0014037917034264021 0.9999986861338906 0.000460353343065531 0.0015356868610659417 -0.0004580243208747309 0.9999985631993431 -0.025805565757991644 0.07263665700283184 -0.05256496182310855
FixedParameters: 0 0 0
#Transform 23
Transform: MatrixOffsetTransformBase_double_3_3
Parameters: 0.9999968952468524 0.001617164086218343 -0.0015801262484180989 -0.0016157726644441888 0.999997961325104 0.0011099291494892916 0.0015818453800375653 -0.0011078009665718702 0.9999984592723912 -0.025311548558576646 0.04843947939048121 -0.04237630276867321
FixedParameters: 0 0 0
#Transform 24
Transform: MatrixOffsetTransformBase_double_3_3
Parameters: 0.9999978804723889 0.001576719437708 -0.0016250718186302951 -0.0015761208975360096 0.999998681633781 0.0008370081287202014 0.0016258559786363372 -0.0008340052734471803 0.9999977872720776 -0.026470528327948273 0.08138038901503819 -0.05200820761302083
FixedParameters: 0 0 0
#Transform 25
Transform: MatrixOffsetTransformBase_double_3_3
Parameters: 0.999997228398962 0.001622698772008091 -0.001774196426764765 -0.0016205291065197365 0.9999983174043828 0.0009271826766245328 0.0017752756217073876 -0.0009244060086754796 0.9999981813485296 -0.02285688017481391 0.06491266353775416 -0.061196553586562175
FixedParameters: 0 0 0
#Transform 26
Transform: MatrixOffsetTransformBase_double_3_3
Parameters: 0.9999967610037447 0.0016831642828584003 -0.0018475786501185106 -0.0016804917699223918 0.9999972994803314 0.0012961619874596597 0.0018500750246194268 -0.0012929262043271522 0.9999970943711292 -0.023515086448583133 0.0483115666798426 -0.06000726857369898
FixedParameters: 0 0 0
#Transform 27
Transform: MatrixOffsetTransformBase_double_3_3
Parameters: 0.999996540471463 0.0016782810429524227 -0.001910659408926018 -0.0016760078840036157 0.9999976741973308 0.0011492605998783545 0.0019126505803878147 -0.0011458313912932477 0.9999972170907151 -0.01690524175489827 0.06905889108922736 -0.04494456103137168
FixedParameters: 0 0 0
#Transform 28
Transform: MatrixOffsetTransformBase_double_3_3
Parameters: 0.9999965032131753 0.001675777264264785 -0.0019210990126917915 -0.0016746527072944964 0.9999983160160756 0.0008272778235237643 0.0019230047572533111 -0.0008238206560261113 0.9999978164205477 -0.01672986406801158 0.07778685252232265 -0.0517035707441309
FixedParameters: 0 0 0
#Transform 29
Transform: MatrixOffsetTransformBase_double_3_3
Parameters: 0.9999967333886304 0.0016825661778746507 -0.0018555837169712706 -0.0016799287100109665 0.9999973400439542 0.001281174522166098 0.0018580281512366533 -0.0012779140561336721 0.9999971034144476 -0.024359571002037228 0.05516178109228065 -0.05604552059012491
FixedParameters: 0 0 0
#Transform 30
Transform: MatrixOffsetTransformBase_double_3_3
Parameters: 0.9999964640918887 0.0015974307192003516 -0.00199906192587808 -0.0015946371748660458 0.9999980277057628 0.0014945400130559477 0.002001028919142194 -0.0014911431137181186 0.9999969560034745 -0.022044365895482088 0.07416100815827065 -0.05244987462648254
FixedParameters: 0 0 0
#Transform 31
Transform: MatrixOffsetTransformBase_double_3_3
Parameters: 0.9999968402862218 0.001666704760537751 -0.002095210911583904 -0.001663796489171746 0.9999975369719568 0.0011986146048275775 0.0020973393910292838 -0.0011954770674808685 0.999997422016524 -0.016808672037939232 0.07327913207187464 -0.05346385067694115
FixedParameters: 0 0 0
#Transform 32
Transform: MatrixOffsetTransformBase_double_3_3
Parameters: 0.999996612743196 0.0015624449869983922 -0.0019899550280103946 -0.0015590232906122405 0.9999973926459715 0.0014086584185910023 0.001991483277781073 -0.0014052976086381813 0.9999972376889907 -0.017178532860441464 0.053216193908582454 -0.046991232801048
FixedParameters: 0 0 0
#Transform 33
Transform: MatrixOffsetTransformBase_double_3_3
Parameters: 0.9999970149576662 0.001668628700675273 -0.002051512362480845 -0.001666449037387712 0.9999978658756863 0.001046482058586054 0.0020531471152784283 -0.0010436118737074396 0.9999969494071848 -0.017401350859429954 0.0783680140232974 -0.04404283782712781
FixedParameters: 0 0 0
#Transform 34
Transform: MatrixOffsetTransformBase_double_3_3
Parameters: 0.9999961975261051 0.0016705985697601463 -0.0020048667428761535 -0.001669235454352862 0.9999982000209124 0.0008674110317967582 0.002005900916848553 -0.0008646878764193011 0.9999974819671406 -0.023210762827844178 0.06341372033740811 -0.051135619698555956
FixedParameters: 0 0 0
#Transform 35
Transform: MatrixOffsetTransformBase_double_3_3
Parameters: 0.9999963370050606 0.0016734685630470916 -0.0019658594931427 -0.0016718685620141951 0.9999981457255802 0.0009293467173610848 0.001968102255294092 -0.0009257490330793483 0.9999974628740391 -0.028166887228408655 0.05212272384825667 -0.0409285569445359
FixedParameters: 0 0 0
#Transform 36
Transform: MatrixOffsetTransformBase_double_3_3
Parameters: 0.9999965918004934 0.0016614622097607834 -0.0021563976347473467 -0.001659295467414612 0.9999980334413179 0.0009777082950216814 0.002158778401718983 -0.0009743870730703208 0.9999976453055567 -0.024536316043025863 0.07911139714737203 -0.049004400805628734
FixedParameters: 0 0 0
#Transform 37
Transform: MatrixOffsetTransformBase_double_3_3
Parameters: 0.9999959341473014 0.0016685686472677893 -0.0020711822831976216 -0.0016654920226096429 0.9999974602780478 0.0012545734813479564 0.002073492593264608 -0.0012505168278870715 0.9999973206388936 -0.029473456173946033 0.0612438652089935 -0.04551346235171394
FixedParameters: 0 0 0
#Transform 38
Transform: MatrixOffsetTransformBase_double_3_3
Parameters: 0.9999968961150508 0.0016673888332374746 -0.0020812910404117745 -0.0016646639531477032 0.9999976192786437 0.001162593490243613 0.0020833014239880604 -0.001159499280166884 0.999997565319864 -0.025828418240067208 0.06387603718111734 -0.02501145259972759
FixedParameters: 0 0 0
#Transform 39
Transform: MatrixOffsetTransformBase_double_3_3
Parameters: 0.9999967508102118 0.001663512377034895 -0.0021175820553154803 -0.0016617474092252638 0.9999981660760305 0.0009005833860014079 0.002119718896463496 -0.0008975123110131072 0.9999969604745955 -0.022247665100394443 0.08363196969958153 -0.033403760584462816
FixedParameters: 0 0 0
#Transform 40
Transform: MatrixOffsetTransformBase_double_3_3
Parameters: 0.9999969989771608 0.0016678087266901835 -0.0020546567743952113 -0.0016659923162061314 0.9999980783338536 0.0009404873000510156 0.0020569346455976073 -0.000937607676251756 0.999997149336859 -0.022462762597641017 0.053921551029745274 -0.021955660060669402
FixedParameters: 0 0 0
#Transform 41
Transform: MatrixOffsetTransformBase_double_3_3
Parameters: 0.9999963986446644 0.00165860933997197 -0.0022042425856739385 -0.001656243392457579 0.9999979655676811 0.001016780487631458 0.0022057490342931494 -0.0010133153595567324 0.9999973569755625 -0.01816815506232672 0.08637281288255849 -0.01271897209857542
FixedParameters: 0 0 0
#Transform 42
Transform: MatrixOffsetTransformBase_double_3_3
Parameters: 0.9999963809327576 0.0016587708298757306 -0.002208136831666537 -0.001656091903995416 0.9999978207142319 0.0010857862026881215 0.002209872014418159 -0.0010823077632566708 0.9999971944443284 -0.025896286014116754 0.0808887060570811 -0.02353333378878375
FixedParameters: 0 0 0
#Transform 43
Transform: MatrixOffsetTransformBase_double_3_3
Parameters: 0.9999958443535584 0.0016533372501906852 -0.0023313098985939893 -0.0016495466634688213 0.9999977862409268 0.0014949707254832134 0.0023334427377957614 -0.0014911156051514995 0.999996576523598 -0.01840131214717644 0.062320430784339464 -0.012797819208806516
FixedParameters: 0 0 0
#Transform 44
Transform: MatrixOffsetTransformBase_double_3_3
Parameters: 0.9999955306741145 0.0016473400087548488 -0.0024005186238313736 -0.0016444967341938278 0.9999974984177591 0.0012410721038751127 0.002402804404520385 -0.0012370141600088064 0.9999959463379599 -0.016214215001014054 0.0742223925020511 0.005439686567171975
FixedParameters: 0 0 0
#Transform 45
Transform: MatrixOffsetTransformBase_double_3_3
Parameters: 0.9999959734744355 0.0016527528345741736 -0.002302919809465272 -0.0016498038671600727 0.9999978105228762 0.0010999286077274933 0.002304687887676587 -0.0010961642673438798 0.9999967360797957 -0.01605798685289983 0.08067371359508968 -0.02126118917208686
FixedParameters: 0 0 0
#Transform 46
Transform: MatrixOffsetTransformBase_double_3_3
Parameters: 0.9999964988527206 0.0016581898508508028 -0.002180745316840889 -0.0016562259670449314 0.9999985164463058 0.0006916812899738223 0.00218211437378728 -0.000688421274166448 0.9999970223810317 -0.023834948148575563 0.06142769748612409 -0.017421078288236913
FixedParameters: 0 0 0
#Transform 47
Transform: MatrixOffsetTransformBase_double_3_3
Parameters: 0.9999957041695338 0.0017540093447941094 -0.0024943247117493704 -0.0017518972588832676 0.9999979125340024 0.0008340598146537315 0.002496389009656787 -0.0008301463780815421 0.9999963991588162 -0.021439228760968376 0.08522348185779549 0.004730603523832144
FixedParameters: 0 0 0
#Transform 48
Transform: MatrixOffsetTransformBase_double_3_3
Parameters: 0.9999951825393877 0.0016401307238846962 -0.0024758921273072107 -0.0016379153351493872 0.9999983168861111 0.0008621860841418472 0.002477850954917933 -0.000857910376700674 0.9999963785718415 -0.018411265681862687 0.0832546098898348 -0.018785579359807514
FixedParameters: 0 0 0
#Transform 49
Transform: MatrixOffsetTransformBase_double_3_3
Parameters: 0.9999954870769768 0.0016456704404964524 -0.0024107276194117932 -0.0016435935382865773 0.9999978821592146 0.001077087784377831 0.0024124707768902456 -0.001073003334246439 0.9999962780140093 -0.020278017845512863 0.06899860435157734 -0.021513528494232048
FixedParameters: 0 0 0
#Transform 50
Transform: MatrixOffsetTransformBase_double_3_3
Parameters: 0.9999958403753031 0.0017413346037972238 -0.0024770915694008323 -0.001738331670840651 0.9999976516070289 0.0010340485398787486 0.002478830844309575 -0.0010292701576810337 0.9999960446958298 -0.02617476075123193 0.06915218334725637 -0.023116924094601643
FixedParameters: 0 0 0
#Transform 51
Transform: MatrixOffsetTransformBase_double_3_3
Parameters: 0.999995834276645 0.001636444365679456 -0.002548523310383455 -0.00163435692758179 0.9999980339752911 0.0010213572577549151 0.0025500634564948896 -0.001016736581033642 0.9999967079326751 -0.02653166073443458 0.08598228702221888 -0.04491969535952478
FixedParameters: 0 0 0
#Transform 52
Transform: MatrixOffsetTransformBase_double_3_3
Parameters: 0.9999957190452637 0.0016457101009196128 -0.0023615453457592702 -0.0016440879980393432 0.9999987182448292 0.0005670184143597157 0.002362478469589524 -0.000563087634657386 0.9999973545185432 -0.03380454384928555 0.09016288141476991 -0.04780413527731753
FixedParameters: 0 0 0
#Transform 53
Transform: MatrixOffsetTransformBase_double_3_3
Parameters: 0.9999948940532298 0.001754233227110074 -0.0026528388671717713 -0.0017523808353253358 0.9999980513311859 0.00074836227672892 0.002653596481814746 -0.000743763635070574 0.9999967140483419 -0.02512133802818539 0.08697071320891325 -0.0410868142044265
FixedParameters: 0 0 0
#Transform 54
Transform: MatrixOffsetTransformBase_double_3_3
Parameters: 0.9999949966548495 0.001624558182979761 -0.002715416805573178 -0.0016220773690415287 0.9999983336036733 0.0008466055217777047 0.0027163002105790707 -0.0008424932899109699 0.999996221068235 -0.015324214218992438 0.07570708062570475 -0.03124731492422228
FixedParameters: 0 0 0
#Transform 55
Transform: MatrixOffsetTransformBase_double_3_3
Parameters: 0.9999952691364744 0.0016964795932673847 -0.0026182840752396247 -0.001695323723179246 0.9999984292391284 0.0006123155656581197 0.0026195010828283217 -0.0006082678472744268 0.9999960873033792 -0.02102353567748594 0.10762604391135255 -0.04455884148509881
FixedParameters: 0 0 0
#Transform 56
Transform: MatrixOffsetTransformBase_double_3_3
Parameters: 0.9999950699293095 0.0016290509067882488 -0.002699704599433777 -0.0016257576801558835 0.999998183941199 0.0013845110802818833 0.0027014774313790873 -0.001379573448380425 0.9999950427043219 -0.023331464871148455 0.049586779348672394 -0.05193064135928438
FixedParameters: 0 0 0
#Transform 57
Transform: MatrixOffsetTransformBase_double_3_3
Parameters: 0.999993559157805 0.0014260504863292931 -0.003378837844688822 -0.0014227940440539161 0.9999987755667944 0.0009437402153060631 0.003379725832270391 -0.0009385613923712371 0.9999939966041234 -0.015310223077975138 0.08254270258345286 -0.06834484746994463
FixedParameters: 0 0 0
#Transform 58
Transform: MatrixOffsetTransformBase_double_3_3
Parameters: 0.9999945133701107 0.0015241511694266726 -0.0028577563757880963 -0.0015231061726630076 0.9999990691144401 0.0005418992498541358 0.00285854087159773 -0.0005378944007438657 0.9999958535677519 -0.03474198738361167 0.07835605468159201 -0.07440639461420062
FixedParameters: 0 0 0
#Transform 59
Transform: MatrixOffsetTransformBase_double_3_3
Parameters: 0.9999957473788853 0.0016454832033585907 -0.002355696229426968 -0.0016443343793928846 0.9999988202921101 0.00046800970428012567 0.0023563036746021304 -0.00046409865793414773 0.9999974849626421 -0.03743022007800789 0.07386686965173794 -0.06336753419994778
FixedParameters: 0 0 0
#Transform 60
Transform: MatrixOffsetTransformBase_double_3_3
Parameters: 0.9999959061908006 0.0015713211828343365 -0.0025738493906831885 -0.0015704126138823809 0.9999992458454164 0.0001754076108363839 0.002574408234658959 -0.0001711558031516347 0.999996600353279 -0.03980728353927532 0.11103002778384052 -0.05131447456781757
FixedParameters: 0 0 0
#Transform 61
Transform: MatrixOffsetTransformBase_double_3_3
Parameters: 0.9999959155057555 0.0013848469781993409 -0.0026767649776558164 -0.0013843774593026354 0.999998756930854 0.00027282885278542834 0.0026775951429191497 -0.0002691240105820447 0.9999960117794514 -0.04702418962624222 0.07387658677976106 -0.06039298426530593
FixedParameters: 0 0 0
#Transform 62
Transform: MatrixOffsetTransformBase_double_3_3
Parameters: 0.9999947516491966 0.0014721311029416602 -0.0028433159440773353 -0.0014709707334990786 0.9999992641300353 0.0005659298543328611 0.0028441142260240775 -0.0005612737186341116 0.9999958445145756 -0.03921377838750573 0.08256938684792203 -0.05315576921309173
FixedParameters: 0 0 0
#Transform 63
Transform: MatrixOffsetTransformBase_double_3_3
Parameters: 0.9999940627062585 0.0014474401256652702 -0.003136960544757216 -0.0014472629054148043 0.9999985621257684 0.00018643854597261145 0.0031375653021686353 -0.00018179664643153126 0.9999954328138893 -0.03274631712422149 0.0951986167268899 -0.06000864093719116
FixedParameters: 0 0 0
#Transform 64
Transform: MatrixOffsetTransformBase_double_3_3
Parameters: 0.9999949365603267 0.0013604978517731399 -0.00303493931726513 -0.001359827299696681 0.9999987628423661 0.000273323798254399 0.0030357573498055114 -0.0002696366004926315 0.9999950263761658 -0.03527695775582629 0.09322197790639564 -0.06865896614701938
FixedParameters: 0 0 0
#Transform 65
Transform: MatrixOffsetTransformBase_double_3_3
Parameters: 0.9999940875437467 0.0013504586044495335 -0.0030149989602958013 -0.0013507461709514304 0.9999988160993132 -0.000214690771060691 0.0030143553254249494 0.00021827177455086 0.9999951777477423 -0.032701874053543634 0.0896792102874997 -0.07261909878929629
FixedParameters: 0 0 0
#Transform 66
Transform: MatrixOffsetTransformBase_double_3_3
Parameters: 0.9999947364962287 0.0012182557004402927 -0.003128067558835147 -0.001218398966332428 0.9999992508272465 0.00014659177233894427 0.003127493877162862 -0.00014241905249971765 0.9999954361955617 -0.03555492451482678 0.11577165531178935 -0.053158758622856794
FixedParameters: 0 0 0
#Transform 67
Transform: MatrixOffsetTransformBase_double_3_3
Parameters: 0.9999948559987651 0.0011254584311369174 -0.0031421371931554883 -0.0011276238372920043 0.9999990318970664 -0.0006733298059616727 0.0031414898993450814 0.0006769724902596086 0.9999949202145376 -0.028263183698939542 0.11727320862654267 -0.08478155407944854
FixedParameters: 0 0 0
#Transform 68
Transform: MatrixOffsetTransformBase_double_3_3
Parameters: 0.999994406759114 0.0011630046517314607 -0.0032000970170198164 -0.001164295527852571 0.9999992950825696 -0.00020329888425191234 0.0031996268318906364 0.00020631020449135562 0.9999950278181607 -0.02792145693622672 0.08910527346844788 -0.08183527192058904
FixedParameters: 0 0 0
#Transform 69
Transform: MatrixOffsetTransformBase_double_3_3
Parameters: 0.9999935896671456 0.0011594635884004992 -0.003472957267190696 -0.001161340712466819 0.9999990246174195 -0.0005679839580809976 0.0034725083464326035 0.0005717463465008815 0.9999939233292539 -0.023531135188662233 0.09882994873726147 -0.06969115127159853
FixedParameters: 0 0 0
#Transform 70
Transform: MatrixOffsetTransformBase_double_3_3
Parameters: 0.9999923058385172 0.0011812525548235782 -0.0036463129264337714 -0.0011851082656201795 0.9999983960976353 -0.0009487663636620347 0.003644863080985936 0.0009532302333634529 0.9999931086804682 -0.027757779062483223 0.10860109458533884 -0.0992508046783982
FixedParameters: 0 0 0
#Transform 71
Transform: MatrixOffsetTransformBase_double_3_3
Parameters: 0.9999915940028826 0.0011293139054383144 -0.0038893556365911636 -0.0011333432360733067 0.9999985235320765 -0.000912471837065193 0.0038880870635921994 0.0009162466990890322 0.9999924061007185 -0.02899550318110755 0.09464749491968405 -0.09948696898377563
FixedParameters: 0 0 0
#Transform 72
Transform: MatrixOffsetTransformBase_double_3_3
Parameters: 0.9999917226709949 0.0011307784713768814 -0.0038717211031111033 -0.0011344414563036233 0.9999991256689204 -0.0011345575876083591 0.0038708135864622467 0.0011391721316553888 0.9999920275590676 -0.029380534158718774 0.1155069229748591 -0.09812050656002214
FixedParameters: 0 0 0
#Transform 73
Transform: MatrixOffsetTransformBase_double_3_3
Parameters: 0.9999911763691719 0.001198856034600678 -0.003922114740537107 -0.0012033941953339085 0.9999993146004426 -0.0009685090402472285 0.003920582383174227 0.0009737662030939453 0.9999919832864418 -0.0284919907609833 0.10994332478868785 -0.09608725310911126
FixedParameters: 0 0 0
#Transform 74
Transform: MatrixOffsetTransformBase_double_3_3
Parameters: 0.9999916378056113 0.001201250304440589 -0.003989634473142198 -0.0012060858847207263 0.9999989374775736 -0.0011154397825148127 0.003987686575409682 0.001119891306692558 0.9999912097360569 -0.026260212249482606 0.11496424638735903 -0.06615765893118919
FixedParameters: 0 0 0
#Transform 75
Transform: MatrixOffsetTransformBase_double_3_3
Parameters: 0.9999904263355339 0.0012567418840190834 -0.004121808150073095 -0.0012595362608329589 0.9999987059687215 -0.0005892341020868053 0.004121192117148819 0.0005945771469430677 0.9999910274323297 -0.030241566728122393 0.10415372986962268 -0.08324084915256691
FixedParameters: 0 0 0
#Transform 76
Transform: MatrixOffsetTransformBase_double_3_3
Parameters: 0.9999904394603479 0.0012053956981938666 -0.00413551451868166 -0.0012085520293169945 0.9999987808596992 -0.000631234151037191 0.004134858138641021 0.0006361884754086666 0.999990863189549 -0.022440026405220692 0.1068851051101376 -0.0796108981457948
FixedParameters: 0 0 0
#Transform 77
Transform: MatrixOffsetTransformBase_double_3_3
Parameters: 0.9999905935280727 0.0012417719594494414 -0.004225451350744813 -0.001244850745517426 0.9999983013390762 -0.0008530658050861645 0.004225064630617628 0.0008576917303566439 0.9999908443549277 -0.023597856954339136 0.10410889792346723 -0.08016440714369111
FixedParameters: 0 0 0
#Transform 78
Transform: MatrixOffsetTransformBase_double_3_3
Parameters: 0.9999907726869344 0.0011483725268491589 -0.004230784720650332 -0.0011534620862302582 0.9999988524467978 -0.0012071639875139983 0.004229675795207936 0.001211885488658082 0.9999900098417152 -0.033150958679186715 0.0903110883274536 -0.06751452427793936
FixedParameters: 0 0 0
#Transform 79
Transform: MatrixOffsetTransformBase_double_3_3
Parameters: 0.9999910038395907 0.0010872825671980548 -0.004099381557501255 -0.0010917412929210488 0.9999990811360495 -0.0011692976345870076 0.004098496843101849 0.0011732135188810139 0.9999911945017553 -0.03412887743468218 0.14012129945739105 -0.08031791942568134
FixedParameters: 0 0 0
#Transform 80
Transform: MatrixOffsetTransformBase_double_3_3
Parameters: 0.999992386885931 0.0012093116935533183 -0.003761112386091455 -0.0012127825825481054 0.9999986886845369 -0.0007356620450775925 0.0037601981768276907 0.0007406039641081053 0.9999926162883543 -0.0325047823102409 0.09900096035752881 -0.05771968803509964
FixedParameters: 0 0 0
#Transform 81
Transform: MatrixOffsetTransformBase_double_3_3
Parameters: 0.9999909923185882 0.0010986320967192116 -0.004098388287759906 -0.001100723472042583 0.9999990974958578 -0.0006282994206340264 0.004097809247210297 0.0006332800854730591 0.9999911068033811 -0.029219324685712422 0.1278232761100213 -0.05571048140203061
FixedParameters: 0 0 0
#Transform 82
Transform: MatrixOffsetTransformBase_double_3_3
Parameters: 0.9999904638036681 0.0010193086764463388 -0.004183114621168808 -0.0010220604036786812 0.9999993980399536 -0.0004491837310844904 0.0041821271026158706 0.0004528202275480564 0.9999916589575946 -0.027746176422240865 0.12320452823985306 -0.06880468216856883
FixedParameters: 0 0 0
#Transform 83
Transform: MatrixOffsetTransformBase_double_3_3
Parameters: 0.9999894400171025 0.0010419502062898264 -0.004412635135186275 -0.0010454070070394488 0.9999988954778201 -0.0008509334278423708 0.004411588482058333 0.0008563751905550226 0.9999900948262944 -0.02025034477846077 0.1140231941133294 -0.07687205497353489
FixedParameters: 0 0 0
#Transform 84
Transform: MatrixOffsetTransformBase_double_3_3
Parameters: 0.9999901536545698 0.001103424975478955 -0.0043150272017064 -0.0011089764377426735 0.9999988845479174 -0.0012370438219146546 0.004313952684114039 0.0012417038011406645 0.9999902124831384 -0.018797287951002772 0.12993379974601282 -0.056998640699951864
FixedParameters: 0 0 0
#Transform 85
Transform: MatrixOffsetTransformBase_double_3_3
Parameters: 0.9999903733764861 0.001018559126705114 -0.004310683782823902 -0.0010241954236517524 0.9999984051019732 -0.0014800848457755533 0.004309193133308383 0.001484011258885365 0.9999895908092862 -0.02438674337338398 0.12288303902174391 -0.07946385168302328
FixedParameters: 0 0 0
#Transform 86
Transform: MatrixOffsetTransformBase_double_3_3
Parameters: 0.9999891309718487 0.0010445472056930946 -0.0044469048025901296 -0.0010482144112553588 0.9999987944217932 -0.0008689002266317469 0.004445816621001186 0.0008734460470840033 0.9999898264016162 -0.024814530504400523 0.10723648659025287 -0.06759644999041114
FixedParameters: 0 0 0
#Transform 87
Transform: MatrixOffsetTransformBase_double_3_3
Parameters: 0.9999886556747404 0.0009848537229232958 -0.004729166386134258 -0.0009912534323282254 0.9999989184752358 -0.0013236612649000085 0.004728148163734158 0.0013283848103922552 0.999988235991879 -0.02043104045581856 0.1353653654509941 -0.08109978006369545
FixedParameters: 0 0 0
#Transform 88
Transform: MatrixOffsetTransformBase_double_3_3
Parameters: 0.9999893636476859 0.0010306677141545505 -0.004535816940535212 -0.0010368100485372053 0.9999987653468657 -0.001344838148205102 0.004533636043550566 0.0013494619164344107 0.9999889763980835 -0.028590691117514666 0.11635646015137979 -0.09563183916686313
FixedParameters: 0 0 0
#Transform 89
Transform: MatrixOffsetTransformBase_double_3_3
Parameters: 0.999988258615767 0.0009663159366277427 -0.004668718643905851 -0.0009730298180045365 0.9999990955422919 -0.0012677849250083695 0.004667923274740804 0.001272083403863214 0.9999879530712944 -0.02895525231457441 0.10182959865369412 -0.07981101896335474
FixedParameters: 0 0 0
#Transform 90
Transform: MatrixOffsetTransformBase_double_3_3
Parameters: 0.999987001696411 0.0009552971780787251 -0.004906978233035292 -0.0009631449258087211 0.9999980842153205 -0.001626493573919377 0.00490531691403288 0.0016314230264903307 0.9999866258912969 -0.026486432494465362 0.15308311234140604 -0.06693766039568771
FixedParameters: 0 0 0
#Transform 91
Transform: MatrixOffsetTransformBase_double_3_3
Parameters: 0.9999870351719647 0.0010644570490278833 -0.004881867045161022 -0.0010707700415623178 0.9999986328406638 -0.0013684665293384884 0.004879477830186753 0.0013742704525792626 0.9999866487481521 -0.0291817498596032 0.12680012120615913 -0.07997245325761781
FixedParameters: 0 0 0
#Transform 92
Transform: MatrixOffsetTransformBase_double_3_3
Parameters: 0.9999885442279615 0.001075892294031185 -0.0047211686981661945 -0.0010819348407418996 0.9999987574656716 -0.0012885851432901801 0.004719985108375771 0.0012931590866555875 0.9999884695296045 -0.019466007206148106 0.12799046216723298 -0.07857891516913895
FixedParameters: 0 0 0
#Transform 93
Transform: MatrixOffsetTransformBase_double_3_3
Parameters: 0.9999866770668776 0.0010474639994793855 -0.005120435541456816 -0.0010545683726387403 0.9999982755442918 -0.0014861583057074607 0.0051187771119482715 0.001491576110405013 0.9999859835302796 -0.023223661832801668 0.14404603141161942 -0.07905116005677826
FixedParameters: 0 0 0
#Transform 94
Transform: MatrixOffsetTransformBase_double_3_3
Parameters: 0.9999864217254817 0.0009518006048364636 -0.005065783644975324 -0.000959710578018321 0.9999988201375616 -0.0013843849158745175 0.005064734548922669 0.0013895768373211048 0.9999857696094007 -0.015433610947141574 0.13343002738692178 -0.09758574949027121
FixedParameters: 0 0 0
#Transform 95
Transform: MatrixOffsetTransformBase_double_3_3
Parameters: 0.999986948147721 0.0010535130806076137 -0.005093115134947649 -0.0010587672468507375 0.9999984507352057 -0.001012173730819188 0.005091648546450682 0.0010175744779919033 0.9999864452323702 -0.02085905168031843 0.10951628992410178 -0.07314147361734769
FixedParameters: 0 0 0
#Transform 96
Transform: MatrixOffsetTransformBase_double_3_3
Parameters: 0.9999870128190039 0.0011882339998594551 -0.004955909684978251 -0.001197661918780925 0.9999979990781074 -0.0017762639001309144 0.0049541333255544995 0.0017824820395147822 0.9999857045822198 -0.02379948919677588 0.1612821481651565 -0.08040387702398277
FixedParameters: 0 0 0
#Transform 97
Transform: MatrixOffsetTransformBase_double_3_3
Parameters: 0.9999867460663319 0.0010440548234220757 -0.0051137876488219144 -0.001053495859527343 0.9999978035161147 -0.0019182298525562136 0.0051120969296459045 0.0019234885310386168 0.9999845863246043 -0.02713616979623623 0.1335727800291835 -0.06627666214844652
FixedParameters: 0 0 0
#Transform 98
Transform: MatrixOffsetTransformBase_double_3_3
Parameters: 0.9999872616397526 0.0010542730749672513 -0.004961146839373192 -0.0010642054379343456 0.9999977504029375 -0.0019263413730737644 0.004959456577435585 0.0019313798408663596 0.9999860933751685 -0.02528175909651509 0.1555877700910031 -0.05137187535611787
FixedParameters: 0 0 0
#Transform 99
Transform: MatrixOffsetTransformBase_double_3_3
Parameters: 0.9999862831022497 0.0010350051489612419 -0.005160203793432371 -0.001048375477984162 0.9999958522656914 -0.002578134297526638 0.0051579516564145556 0.0025835590573268924 0.9999831400881627 -0.023710603599440105 0.15468068233823828 -0.07861661280612253
FixedParameters: 0 0 0
#Transform 100
Transform: MatrixOffsetTransformBase_double_3_3
Parameters: 0.9999879054828282 0.0011303475504457132 -0.0048795035823821255 -0.0011381832703649785 0.9999979492106775 -0.0015323313345632361 0.0048775576478699055 0.001537920430877665 0.9999872585014146 -0.01675123236580589 0.13115957139680745 -0.050207300200867166
FixedParameters: 0 0 0
#Transform 101
Transform: MatrixOffsetTransformBase_double_3_3
Parameters: 0.9999868566932834 0.0010487565128072945 -0.005102468868890164 -0.0010567033370411172 0.9999983013617305 -0.0014761701956714918 0.00510089172151984 0.0014815639651800938 0.9999861966889626 -0.018343185117998928 0.14191264657620195 -0.05793780027725148
FixedParameters: 0 0 0
#Transform 102
Transform: MatrixOffsetTransformBase_double_3_3
Parameters: 0.9999868022736813 0.0011166989064268884 -0.005093273016983427 -0.0011285378999057504 0.9999966955383437 -0.0023581504445439744 0.005090172544710437 0.0023631328139357005 0.9999839845849244 -0.027032827155480277 0.1657796237171425 -0.06883981048139987
FixedParameters: 0 0 0
#Transform 103
Transform: MatrixOffsetTransformBase_double_3_3
Parameters: 0.9999873377167053 0.0010564165011105586 -0.004953013469002064 -0.0010645150812128815 0.9999984125147654 -0.0017444120536348195 0.004951712209970268 0.001749315463960427 0.9999858453282667 -0.025821773692115357 0.1193936898403507 -0.06350779223136982
FixedParameters: 0 0 0
#Transform 104
Transform: MatrixOffsetTransformBase_double_3_3
Parameters: 0.9999874078015114 0.0009590997222308203 -0.004966252475529006 -0.0009672745783028333 0.9999983521214295 -0.0015394469303979808 0.004964818833507866 0.0015445258633719067 0.9999863156852428 -0.028918805727130348 0.12511099809564996 -0.05633354474145591
FixedParameters: 0 0 0
#Transform 105
Transform: MatrixOffsetTransformBase_double_3_3
Parameters: 0.9999875369051153 0.0009169015592768697 -0.00485951511118991 -0.0009262641946896006 0.9999975656238383 -0.001798563447031401 0.0048576596791456575 0.0018030359154510844 0.9999865009258998 -0.033857355356033736 0.1438482147294593 -0.03207721426206689
FixedParameters: 0 0 0
#Transform 106
Transform: MatrixOffsetTransformBase_double_3_3
Parameters: 0.9999870870157743 0.0008561489947787538 -0.0049172598977713575 -0.000864233500885227 0.999998541172411 -0.0015395909230453142 0.004915139042767942 0.001543561604092844 0.9999868006071743 -0.027796156981821696 0.14915369918946908 -0.028757346610433387
FixedParameters: 0 0 0
#Transform 107
Transform: MatrixOffsetTransformBase_double_3_3
Parameters: 0.999989452878649 0.0008186069503976265 -0.004567484578279983 -0.0008276874647159028 0.9999980337752458 -0.001998965053482557 0.00456658709293208 0.002002736027092389 0.9999874354491917 -0.033167300988168336 0.13438532641734469 -0.042163406746588805
FixedParameters: 0 0 0
#Transform 108
Transform: MatrixOffsetTransformBase_double_3_3
Parameters: 0.9999885622569891 0.0010831007668952678 -0.004610427510892403 -0.0010890594079436748 0.9999987469035129 -0.0013097402866852764 0.004609178968555424 0.0013150023558504698 0.9999883861836372 -0.04594406412827823 0.12564668711725346 -0.025177653019540003
FixedParameters: 0 0 0
#Transform 109
Transform: MatrixOffsetTransformBase_double_3_3
Parameters: 0.9999908062552759 0.0013263889721600514 -0.004173567162027509 -0.0013369131330273076 0.9999955941295996 -0.0024891533510531805 0.004170259445237074 0.002494277388160007 0.9999878256855682 -0.039512148321392715 0.21356453476069248 -0.005348643757088212
FixedParameters: 0 0 0
#Transform 110
Transform: MatrixOffsetTransformBase_double_3_3
Parameters: 0.9999896366467768 0.0018668411521061954 -0.0041054485063736984 -0.0018773719478852855 0.9999947888321326 -0.0026692210372242647 0.004100699293638396 0.0026763579917673946 0.9999876065352417 -0.018283779234053554 0.24988844757078255 0.05916126308783731
FixedParameters: 0 0 0
#Transform 111
Transform: MatrixOffsetTransformBase_double_3_3
Parameters: 0.9999917680707526 0.0017457139809396568 -0.0036310206718787085 -0.0017464931605235222 0.999998499479154 -0.00010803245358899372 0.0036306461422909316 0.00011429348470100298 0.9999932439389188 0.002926398536331476 0.09608780832807895 0.0029374811554632174
FixedParameters: 0 0 0
#Transform 112
Transform: MatrixOffsetTransformBase_double_3_3
Parameters: 0.9999917845977923 0.0018117871132545642 -0.00359740005726681 -0.0018090861982926229 0.9999976332402205 0.000808901222315972 0.003598531062402347 -0.0008023045510174853 0.9999928379384705 0.02024343417315322 0.12895649630185346 -0.05003918526363549
FixedParameters: 0 0 0
#Transform 113
Transform: MatrixOffsetTransformBase_double_3_3
Parameters: 0.9999912798940509 0.0017305989188783643 -0.0038385256814046915 -0.0017269622676348308 0.9999977423109804 0.0008793479153534622 0.0038397695069514555 -0.0008733660071432447 0.9999919861500777 0.006137964388400974 0.1367120437168694 -0.1153235111170261
FixedParameters: 0 0 0
#Transform 114
Transform: MatrixOffsetTransformBase_double_3_3
Parameters: 0.9999890055296661 0.0018404976656134079 -0.004195429134257997 -0.001844189558392043 0.999997999800742 -0.0010500239959396335 0.00419321947192311 0.0010583497335577424 0.9999907986167089 0.008525050334753814 0.2307092696191546 -0.16530083197648793
FixedParameters: 0 0 0
#Transform 115
Transform: MatrixOffsetTransformBase_double_3_3
Parameters: 0.9999901630560102 0.0017570475458144547 -0.004092874709021306 -0.0017574159906890612 0.9999983872632786 -0.00016720555624885614 0.004092222443054041 0.0001744432485060593 0.999991717492957 0.022033011096226573 0.1693139450210026 -0.18704260513569437
FixedParameters: 0 0 0
#Transform 116
Transform: MatrixOffsetTransformBase_double_3_3
Parameters: 0.9999897159663264 0.0021334546211631772 -0.004091833422480127 -0.0021311563264306958 0.9999975351209069 0.0005398230506156732 0.004092273765910452 -0.0005316432630168011 0.9999915914312243 0.022992712962391693 0.17641820383369122 -0.15807279575709998
FixedParameters: 0 0 0
#Transform 117
Transform: MatrixOffsetTransformBase_double_3_3
Parameters: 0.9999888041080531 0.0023781565062010426 -0.004188084330873363 -0.002377422632051578 0.9999977043873511 0.00008801800686664141 0.004188506255060944 -0.00007749313503670197 0.9999910861459597 0.027860655259559053 0.25472753812735505 -0.12076766094230607
FixedParameters: 0 0 0
#Transform 118
Transform: MatrixOffsetTransformBase_double_3_3
Parameters: 0.9999888505205805 0.0023150573384792712 -0.004219087208268888 -0.0023098618577078365 0.9999965199448846 0.00123012732554878 0.00422210661417061 -0.001219890615099778 0.9999903061285985 0.03776805949144091 0.2439760157830051 -0.0372154582899995
FixedParameters: 0 0 0
#Transform 119
Transform: MatrixOffsetTransformBase_double_3_3
Parameters: 0.9999905164588614 0.0021166091081661785 -0.0037414248720700075 -0.002116023177240308 0.9999979428209548 -0.00006496902173075414 0.003742087813238369 0.00007227897651405912 0.9999925720539431 0.028272811917972263 0.2416633566444375 -0.08392721293802907
FixedParameters: 0 0 0
#Transform 120
Transform: MatrixOffsetTransformBase_double_3_3
Parameters: 0.9999906633087584 0.0018978242914905864 -0.00383887879740463 -0.0018992840567682709 0.9999977903535672 -0.00032065641910604403 0.0038375954581294108 0.0003279548168747537 0.9999926626674449 0.030311284921964443 0.2965837331980339 -0.09860098246866045
FixedParameters: 0 0 0
#Transform 121
Transform: MatrixOffsetTransformBase_double_3_3
Parameters: 0.9999898776561077 0.001808876229473299 -0.004104896881766527 -0.0018086721073160726 0.9999982319486102 0.000024825176122914017 0.004104986184830968 -0.00001712460161693019 0.9999916448899614 0.030246342656781167 0.17532059372362596 -0.09470386454302115
FixedParameters: 0 0 0
#Transform 122
Transform: MatrixOffsetTransformBase_double_3_3
Parameters: 0.9999902897474272 0.0017293344030474864 -0.003964321408873714 -0.001730727815519703 0.99999831824312 -0.0004364021563100645 0.003963672919346229 0.00044297674648598184 0.9999925926241747 0.027334515961925376 0.18841738830123234 -0.06690531531745592
FixedParameters: 0 0 0
#Transform 123
Transform: MatrixOffsetTransformBase_double_3_3
Parameters: 0.9999905495343357 0.0018897927337388535 -0.0038569050502459835 -0.0018920595716045506 0.9999976051567159 -0.0005616268017570314 0.0038556478155627283 0.0005689392116070419 0.9999923130883774 0.027347491283805425 0.2124194900928842 -0.08409899640803786
FixedParameters: 0 0 0
#Transform 124
Transform: MatrixOffsetTransformBase_double_3_3
Parameters: 0.9999917907528894 0.00192976057418289 -0.0035319897678772988 -0.0019321115990006102 0.9999974258694885 -0.000634242258795284 0.003531405116021357 0.0006414713273995981 0.9999935667037386 0.02577197996254199 0.18657261066090314 -0.0849832559562671
FixedParameters: 0 0 0
#Transform 125
Transform: MatrixOffsetTransformBase_double_3_3
Parameters: 0.9999923239549767 0.0019138432538811706 -0.003465578826708245 -0.0019154670926815078 0.9999976082704347 -0.000532347271839817 0.0034644080115810777 0.0005392053962285509 0.9999941493739806 0.02435033191342484 0.14719764157318593 -0.07434670592118664
FixedParameters: 0 0 0
#Transform 126
Transform: MatrixOffsetTransformBase_double_3_3
Parameters: 0.9999916906883635 0.001865191364927187 -0.0037177514232414628 -0.0018689500516102177 0.9999982112801962 -0.000925922229777637 0.00371609327852527 0.0009333956818313727 0.999992766414844 0.027758874922881205 0.21257602926070263 -0.06736626912356769
FixedParameters: 0 0 0
#Transform 127
Transform: MatrixOffsetTransformBase_double_3_3
Parameters: 0.9999915851020184 0.001854158456381638 -0.0037381304804774687 -0.0018556769577401176 0.9999978261901387 -0.0004798171619295605 0.0037372187927109998 0.0004864118391208483 0.9999932999153781 0.027831625463790033 0.18448093463911164 -0.06724569558186033
FixedParameters: 0 0 0
#Transform 128
Transform: MatrixOffsetTransformBase_double_3_3
Parameters: 0.9999899923638682 0.0018632053832237923 -0.004066445025956707 -0.0018633135597633597 0.999998032018385 -0.000013223562518344112 0.004066394257789346 0.000021227903725884456 0.9999919598144984 0.03817616717775252 0.2230598847009162 -0.06189544726428409
FixedParameters: 0 0 0
#Transform 129
Transform: MatrixOffsetTransformBase_double_3_3
Parameters: 0.9999886578024981 0.001822533466462098 -0.004361240403765036 -0.001821918855711676 0.9999981182153377 0.00007030010891986849 0.0043614954162141 -0.00006241561805274409 0.9999905308427779 0.043809022335679515 0.24298050435990604 -0.0771054537402378
FixedParameters: 0 0 0
#Transform 130
Transform: MatrixOffsetTransformBase_double_3_3
Parameters: 0.9999894757629368 0.0016090452522738198 -0.004351443737437196 -0.0016091553304856706 0.999998918856415 -0.00001282361220904249 0.004351404653357719 0.000019808495392972802 0.9999905564366103 0.034235717915109376 0.22850992733333442 -0.075239026610177
FixedParameters: 0 0 0
#Transform 131
Transform: MatrixOffsetTransformBase_double_3_3
Parameters: 0.9999886564298556 0.0017435763688749017 -0.004393324090265964 -0.0017449655164570876 0.9999981409610317 -0.0005066908824612748 0.004392358700784577 0.0005140172018277822 0.9999900023496273 0.036420811288607524 0.2628799571346576 -0.06444162736561765
FixedParameters: 0 0 0
#Transform 132
Transform: MatrixOffsetTransformBase_double_3_3
Parameters: 0.9999891998702497 0.0017613438689685517 -0.00432477478454592 -0.0017601253164199833 0.9999983402084871 0.0002642103255676431 0.0043247716715049764 -0.00025600396769211164 0.9999907166703838 0.03549469864941557 0.20177961102005781 -0.05958232637046734
FixedParameters: 0 0 0
#Transform 133
Transform: MatrixOffsetTransformBase_double_3_3
Parameters: 0.9999903095362686 0.0015267182062307404 -0.004044909887230323 -0.0015280824601943375 0.9999991492768694 -0.0002923239756832535 0.00404394803975327 0.0002985249224919523 0.9999919857394731 0.025492214096416888 0.2637428210913981 -0.0394089444838599
FixedParameters: 0 0 0
#Transform 134
Transform: MatrixOffsetTransformBase_double_3_3
Parameters: 0.9999900100817743 0.0014732557948461972 -0.004221288575283224 -0.0014733650037903122 0.9999984026113081 -0.000013053072936239363 0.0042212543446900185 0.000019464142298850073 0.9999906070047644 0.02444309210673623 0.18738092978939846 -0.06661362981741803
FixedParameters: 0 0 0
#Transform 135
Transform: MatrixOffsetTransformBase_double_3_3
Parameters: 0.9999887373136103 0.0018184346164281957 -0.004352934867171246 -0.0018219074304858275 0.9999983583826777 -0.0008727794758924129 0.004351491096206702 0.0008804986857570279 0.9999898574783034 0.03266904170463647 0.2100227632110716 -0.07997639004641144
FixedParameters: 0 0 0
#Transform 136
Transform: MatrixOffsetTransformBase_double_3_3
Parameters: 0.9999880743511335 0.002031740019417495 -0.004334552609517936 -0.002034435473415315 0.9999977840892591 -0.0006717037005432996 0.004333616631478994 0.0006802072377513069 0.9999903919724832 0.0369690655940218 0.1791908037218377 -0.08050889572491826
FixedParameters: 0 0 0
#Transform 137
Transform: MatrixOffsetTransformBase_double_3_3
Parameters: 0.9999887189025571 0.0021089208500596284 -0.004337962090026081 -0.0021158516127796406 0.9999962260980374 -0.0016346602442408875 0.004334583438162073 0.001643876768598257 0.9999891493972645 0.04018201443518876 0.24945685893217728 -0.07284447815769113
FixedParameters: 0 0 0
#Transform 138
Transform: MatrixOffsetTransformBase_double_3_3
Parameters: 0.9999888206569685 0.0021447457830667746 -0.004307681735198689 -0.0021528913692414496 0.9999965159503937 -0.0017947666163356385 0.004304493270370376 0.0018040394912647584 0.999988867734235 0.03435314149764679 0.22879472973056636 -0.06962320060006988
FixedParameters: 0 0 0
#Transform 139
Transform: MatrixOffsetTransformBase_double_3_3
Parameters: 0.9999861179706997 0.0019451867475754852 -0.004805206619557677 -0.0019489788018527425 0.9999979069428843 -0.0008228156134788139 0.004803730486995236 0.00083267004596492 0.999987856249489 0.04506212969717183 0.2720639070114572 -0.05286984979407805
FixedParameters: 0 0 0
#Transform 140
Transform: MatrixOffsetTransformBase_double_3_3
Parameters: 0.9999870699429021 0.0018250558855746838 -0.004752731211162896 -0.0018279016813209504 0.9999976514762876 -0.0006279465389577993 0.004752234158519154 0.0006365787116264232 0.9999886344971697 0.027647446319690516 0.21090385543864443 -0.06265128114847585
FixedParameters: 0 0 0
#Transform 141
Transform: MatrixOffsetTransformBase_double_3_3
Parameters: 0.9999868579013413 0.0016854240547456703 -0.004928006271038843 -0.0016918452826233956 0.9999981396933623 -0.0011778165520063139 0.004926694825345529 0.0011857372665617233 0.9999869482815539 0.02640317357410993 0.2662766987227059 -0.06495702223080002
FixedParameters: 0 0 0
#Transform 142
Transform: MatrixOffsetTransformBase_double_3_3
Parameters: 0.9999887459874842 0.0017326857580683484 -0.004498792708599736 -0.0017397023917642622 0.9999972696942756 -0.001467473496042579 0.00449629051785683 0.0014752353241185429 0.9999891697551173 0.015422985570069159 0.22140699532847918 -0.07060821528409633
FixedParameters: 0 0 0
#Transform 143
Transform: MatrixOffsetTransformBase_double_3_3
Parameters: 0.9999866185005161 0.0017937048232640157 -0.004810874813206446 -0.0018020046814813092 0.9999975267753912 -0.001615946889829703 0.00480858830560657 0.0016243988229560358 0.9999868727667867 0.023515645189675638 0.21028155871452725 -0.07005985669902515
FixedParameters: 0 0 0
#Transform 144
Transform: MatrixOffsetTransformBase_double_3_3
Parameters: 0.9999863083306607 0.0017644132852825357 -0.0048545964020345125 -0.0017709958599291765 0.9999973078288688 -0.0014168478311192695 0.004852112166331345 0.0014262853172342382 0.9999869820296697 0.023361833029156287 0.2689512654657733 -0.05788934042121241
FixedParameters: 0 0 0
#Transform 145
Transform: MatrixOffsetTransformBase_double_3_3
Parameters: 0.9999867085398695 0.0016137442310954627 -0.004967634018182183 -0.0016177734661227236 0.9999981012996602 -0.0008207752462742052 0.004966716860794787 0.0008282325259846846 0.9999872631647699 0.02019720733126462 0.19060290888411657 -0.05492276158966547
FixedParameters: 0 0 0
#Transform 146
Transform: MatrixOffsetTransformBase_double_3_3
Parameters: 0.9999878786317287 0.001388498939308755 -0.004602722116066585 -0.0013952073562197638 0.9999979205364066 -0.0012855116475260636 0.004600802133778667 0.0012915837106406147 0.9999886528455483 0.011285380394497224 0.25549401897477253 -0.05166227610138918
FixedParameters: 0 0 0
#Transform 147
Transform: MatrixOffsetTransformBase_double_3_3
Parameters: 0.9999876181691459 0.0015770617869033578 -0.00478452055270796 -0.0015804140054493478 0.9999985060029609 -0.0006701288495746249 0.0047832080012039525 0.000677496268551403 0.9999882119175332 0.014649110906404417 0.18870706923064517 -0.05405842667934735
FixedParameters: 0 0 0
#Transform 148
Transform: MatrixOffsetTransformBase_double_3_3
Parameters: 0.9999870648814508 0.0017800802536314057 -0.004770707080216367 -0.0017850896751781527 0.9999981355681228 -0.0010610273356009003 0.004768590187882539 0.0010701722534066926 0.9999876738390225 0.016564750643993875 0.23444280437378495 -0.030383365042858657
FixedParameters: 0 0 0
#Transform 149
Transform: MatrixOffsetTransformBase_double_3_3
Parameters: 0.9999851277864771 0.0023150324876256324 -0.004949725353155622 -0.0023207476251839916 0.9999966567747741 -0.0011001592312424174 0.004947284130483248 0.0011122659236734028 0.9999870468976269 -0.0034961312463082095 0.2638819445496523 -0.009017504694810441
FixedParameters: 0 0 0
#Transform 150
Transform: MatrixOffsetTransformBase_double_3_3
Parameters: 0.9999795039910435 0.004338923174311904 -0.004655407022230082 -0.0043379479363294185 0.9999908252704419 0.0002202834703644435 0.004656369443149076 -0.0001998483459923206 0.9999895830244763 -0.030705001653117847 0.25171968050987914 -0.00022552517430085572
FixedParameters: 0 0 0
#Transform 151
Transform: MatrixOffsetTransformBase_double_3_3
Parameters: 0.9999799288040523 0.0042392551310999746 -0.004806644628894209 -0.004239141390807644 0.9999907152970136 -0.00009012954175881271 0.004805806349198887 0.00011105378914781638 0.9999881936016022 -0.024671998225088032 0.3069836140172697 0.018317887066345406
FixedParameters: 0 0 0
#Transform 152
Transform: MatrixOffsetTransformBase_double_3_3
Parameters: 0.9999791953079483 0.004064929211032048 -0.0049275221162940076 -0.004065881608321325 0.9999911659641978 -0.0000947017912169279 0.004926733246468883 0.00011519544714828911 0.9999880075871229 -0.031832632638582936 0.26396313483203926 0.016044596154827673
FixedParameters: 0 0 0
#Transform 153
Transform: MatrixOffsetTransformBase_double_3_3
Parameters: 0.9999770802341792 0.004208469056065104 -0.005217371741230983 -0.004205632579582149 0.9999906717497942 0.0003816093442852442 0.005218633927247977 -0.0003602515656296046 0.9999861181195795 -0.037084129591221426 0.2588294184491815 0.007122472023958437
FixedParameters: 0 0 0
#Transform 154
Transform: MatrixOffsetTransformBase_double_3_3
Parameters: 0.9999773946450042 0.004339172824211891 -0.005174240964876013 -0.004342022564394411 0.9999903205544811 -0.0005754557900516238 0.005171027530600366 0.0005977003883712861 0.9999864017497514 -0.0326474592559407 0.29928313752188274 -0.017257350246495662
FixedParameters: 0 0 0
#Transform 155
Transform: MatrixOffsetTransformBase_double_3_3
Parameters: 0.9999745301344132 0.004446998947655043 -0.005628114788375182 -0.004451075499215135 0.9999899585063232 -0.0007373315061121322 0.005625260705874966 0.0007618991355604343 0.9999834790995631 -0.029435010588315436 0.27922944854628895 -0.011270443922207107
FixedParameters: 0 0 0
#Transform 156
Transform: MatrixOffsetTransformBase_double_3_3
Parameters: 0.999974805996552 0.004461450247534035 -0.0055035179028453275 -0.004462086944976101 0.9999904665982366 -0.00005483398529698702 0.005502997541038843 0.00007941750460911667 0.9999853307190733 -0.028460149141750435 0.2778071081113609 0.004252624772291824
FixedParameters: 0 0 0
#Transform 157
Transform: MatrixOffsetTransformBase_double_3_3
Parameters: 0.999971771282351 0.004735172984697954 -0.005814280485905245 -0.004734032044377879 0.999988758583258 0.00010201944906833293 0.005815209402495729 -0.00007445762126306876 0.9999829975187049 -0.02276075956758916 0.2842380713130268 0.0022872731685907866
FixedParameters: 0 0 0
#Transform 158
Transform: MatrixOffsetTransformBase_double_3_3
Parameters: 0.9999726144031374 0.004889062723402315 -0.005521028759881039 -0.004888673367046525 0.9999883378129002 0.00003882640087055078 0.005521368941174257 -0.000011610131748190922 0.9999852757107888 -0.03356411365517431 0.2655048253033101 0.003957621899758124
FixedParameters: 0 0 0
#Transform 159
Transform: MatrixOffsetTransformBase_double_3_3
Parameters: 0.9999694236304323 0.0050873103401567156 -0.005889400648455915 -0.005088230457819277 0.999987149573972 -0.00007905017843164164 0.005889548795963786 0.00010923656469204179 0.9999822645247293 -0.02899036606994798 0.30376898387660844 0.01755890501758728
FixedParameters: 0 0 0
#Transform 160
Transform: MatrixOffsetTransformBase_double_3_3
Parameters: 0.9999684605704449 0.005205757565406012 -0.006036413239060108 -0.005204486470174864 0.9999868112334804 0.00010992461101562434 0.006037511134176846 -0.0000788039523349493 0.9999816320092935 -0.02868652634911939 0.3093353325075725 0.011789164321584167
FixedParameters: 0 0 0
#Transform 161
Transform: MatrixOffsetTransformBase_double_3_3
Parameters: 0.9999678035727524 0.0052652526231345516 -0.006039554006515155 -0.005265580688362258 0.9999861208726851 0.0000650767636884847 0.006039259472201601 -0.00003419813458419019 0.9999816705134257 -0.03449686860062684 0.30697310197963645 -0.004889940734756237
FixedParameters: 0 0 0
#Transform 162
Transform: MatrixOffsetTransformBase_double_3_3
Parameters: 0.999963647758041 0.005415385548536582 -0.006560254783182047 -0.0054128183874682274 0.9999851650620704 0.00044523371601595807 0.006562207896372144 -0.0004096306857034743 0.9999780945810222 -0.032126034154643435 0.3140995617115294 -0.018276839486723873
FixedParameters: 0 0 0
#Transform 163
Transform: MatrixOffsetTransformBase_double_3_3
Parameters: 0.9999634109006976 0.005280153396110894 -0.006761410771942639 -0.005277524854860616 0.9999856261552472 0.00035807799648829297 0.006763253919691417 -0.0003227227762871848 0.9999775379948647 -0.049373101333543445 0.3394197241590575 -0.0279700465470043
FixedParameters: 0 0 0
#Transform 164
Transform: MatrixOffsetTransformBase_double_3_3
Parameters: 0.9999633967070677 0.005431843298879395 -0.006640337753530694 -0.005433867900327977 0.9999849256769726 -0.0003812391364895751 0.006637922062135902 0.00041709915492328664 0.9999781683501049 -0.05435932497384499 0.32944860757307026 -0.04603625048033422
FixedParameters: 0 0 0
#Transform 165
Transform: MatrixOffsetTransformBase_double_3_3
Parameters: 0.999964223088308 0.0054642204796688425 -0.006471866704705261 -0.005473404240028197 0.9999838542573087 -0.0013610951848087027 0.006464360458891852 0.0013964454004975618 0.9999786291633593 -0.056594956528371654 0.31783076233232066 -0.041301791540931276
FixedParameters: 0 0 0
#Transform 166
Transform: MatrixOffsetTransformBase_double_3_3
Parameters: 0.999961455370937 0.005823663247091743 -0.006601662222816559 -0.005836410672093558 0.9999807519868862 -0.001925557855390822 0.006590300011107971 0.001964845901069087 0.999976229053157 -0.054065162931223654 0.38390501348666817 -0.006003385546478057
FixedParameters: 0 0 0
#Transform 167
Transform: MatrixOffsetTransformBase_double_3_3
Parameters: 0.9999622709337312 0.005625251986057069 -0.006567359469221582 -0.005614900329328748 0.9999827262736831 0.0015277751859542055 0.006575054388432881 -0.001490505373950457 0.9999769126560348 -0.05692080654715426 0.30706044309596336 0.003438724810038707
FixedParameters: 0 0 0
#Transform 168
Transform: MatrixOffsetTransformBase_double_3_3
Parameters: 0.9999635236079041 0.005514040114255389 -0.006487093391529018 -0.0055106314203776175 0.9999850230536431 0.0005150494620357743 0.006489898236548495 -0.00047908964253277897 0.9999789836753262 -0.061197271507211326 0.36240742546615934 -0.006723617053374653
FixedParameters: 0 0 0
#Transform 169
Transform: MatrixOffsetTransformBase_double_3_3
Parameters: 0.9999646362888068 0.005225057791785146 -0.0066384411147941726 -0.005221924802361261 0.9999860919858773 0.0005572393037705098 0.006641466455634678 -0.0005230583254108162 0.9999779380290411 -0.06377910416580335 0.30065078961801817 -0.013350353808498028
FixedParameters: 0 0 0
#Transform 170
Transform: MatrixOffsetTransformBase_double_3_3
Parameters: 0.9999605367061044 0.005298642917101928 -0.00710064230706833 -0.005289098108473619 0.9999847561953867 0.0013489727891565773 0.007107433381590722 -0.0013105566926573942 0.9999741824098904 -0.04887817012414075 0.2861492951637814 0.012819017671780841
FixedParameters: 0 0 0
#Transform 171
Transform: MatrixOffsetTransformBase_double_3_3
Parameters: 0.9999616505197629 0.005395261602628313 -0.006947082945618772 -0.005390465638733437 0.9999849458719586 0.0007353705818938655 0.00695026939007507 -0.000697467675715116 0.9999756399216198 -0.0601557700315567 0.361777748641515 -0.01060033679596728
FixedParameters: 0 0 0
#Transform 172
Transform: MatrixOffsetTransformBase_double_3_3
Parameters: 0.9999605682994837 0.00554220601022756 -0.006981027473106773 -0.0055356460808369465 0.9999838194749885 0.0010059419624757204 0.006986553796124196 -0.0009667500797376077 0.9999747571204264 -0.05667384638692852 0.2982191713330451 -0.007091872017760181
FixedParameters: 0 0 0
#Transform 173
Transform: MatrixOffsetTransformBase_double_3_3
Parameters: 0.9999585170504026 0.005678343766307226 -0.007089837194411075 -0.005672725142507888 0.9999836562852542 0.0007089637546743438 0.007093056681262458 -0.0006686125600033621 0.9999748737197861 -0.04912784552679739 0.35502697044547915 -0.043022786725344986
FixedParameters: 0 0 0
