0.53555282 0.04125511 0.42319207
0.26782567 0.39662737 0.33554696
0.40885994 0.09276199 0.49837807
0.62854869 0.10105292 0.27039840
0.51288660 0.14121253 0.34590087
0.10744260 0.80121410 0.09134330
0.44626860 0.30947290 0.24425850
0.14300050 0.10477703 0.75222247
0.06464926 0.80309065 0.13226009
0.23511976 0.05198094 0.71289929
0.28713468 0.22570483 0.48716049
0.07100771 0.82600836 0.10298393
0.11628049 0.83172601 0.05199350
0.48826001 0.41232686 0.09941313
0.15588190 0.72983094 0.11428717
0.20625576 0.16156096 0.63218327
0.11038721 0.39303044 0.49658235
0.23129084 0.24497438 0.52373477
0.18568339 0.16267757 0.65163904
0.25025561 0.45058388 0.29916051
0.47386810 0.30119936 0.22493254
0.26409434 0.28504071 0.45086495
0.24473899 0.43861835 0.31664266
0.09796852 0.78811430 0.11391718
0.07809712 0.71661775 0.20528513
0.47450881 0.36433502 0.16115617
0.48449112 0.40322560 0.11228327
0.34077974 0.44603754 0.21318273
0.52583264 0.07263237 0.40153499
0.46089862 0.20878014 0.33032124
0.16568112 0.09926351 0.73505537
0.53688917 0.16441009 0.29870074
0.32559040 0.49619685 0.17821275
0.15291437 0.18433126 0.66275437
0.25172118 0.12806856 0.62021027
0.35090915 0.48523971 0.16385114
0.03715510 0.48889552 0.47394938
0.40746987 0.12287438 0.46965574
0.87976826 0.00856663 0.11166511
0.19541505 0.28659393 0.51799102
0.47163148 0.06351489 0.46485362
0.53688701 0.30684100 0.15627199
0.09633075 0.28316732 0.62050193
0.34065948 0.12016104 0.53917947
0.62416897 0.23924829 0.13658274
0.51326916 0.24553774 0.24119311
0.49322904 0.05211760 0.45465336
0.14974575 0.21691911 0.63333514
0.33651231 0.37162988 0.29185781
0.29308828 0.31414759 0.39276413
0.48179161 0.11520326 0.40300513
0.10741942 0.75010169 0.14247889
0.13005104 0.75539122 0.11455774
0.18810969 0.62781156 0.18407875
0.02518057 0.94327750 0.03154193
0.10717315 0.46341073 0.42941612
0.15881681 0.25317961 0.58800358
0.42417339 0.10546433 0.47036228
0.11087362 0.64425633 0.24487005
0.48027841 0.08914690 0.43057469
0.26122698 0.41481001 0.32396301
0.07852288 0.57472507 0.34675205
0.02254335 0.95838647 0.01907018
0.25147862 0.24724138 0.50128000
0.64843996 0.02199466 0.32956538
0.49775747 0.11127838 0.39096414
0.57777225 0.21954307 0.20268469
0.45426657 0.14063137 0.40510206
0.45109378 0.04704250 0.50186372
0.71869120 0.01324414 0.26806466
0.35645285 0.11277093 0.53077622
0.41551595 0.18011646 0.40436760
0.39505795 0.02433230 0.58060975
0.29914318 0.08155004 0.61930678
0.30883083 0.03409319 0.65707598
0.25080821 0.64193018 0.10726161
0.24264763 0.52552403 0.23182834
0.11698580 0.84653642 0.03647778
0.64915748 0.00918296 0.34165957
0.08484411 0.64556808 0.26958781
0.09515926 0.32832129 0.57651945
0.68227174 0.09388394 0.22384432
0.21999669 0.14565782 0.63434549
0.27536417 0.16562347 0.55901236
0.06472272 0.65967903 0.27559825
0.03341856 0.86299284 0.10358860
0.00220034 0.99394046 0.00385919
0.06281320 0.87706973 0.06011706
0.01021266 0.98159333 0.00819401
0.40203881 0.06784921 0.53011198
0.14687939 0.53372756 0.31939304
0.12967859 0.73119676 0.13912465
0.15024799 0.44540139 0.40435062
0.27955544 0.32917138 0.39127318
0.42250584 0.24145613 0.33603802
0.22305781 0.22717870 0.54976349
0.13479126 0.61987819 0.24533055
0.50820221 0.38951211 0.10228567
0.22664103 0.55496158 0.21839739
0.31575981 0.15727768 0.52696251
0.40198802 0.00377590 0.59423608
0.47407055 0.27740283 0.24852662
0.28291653 0.41522472 0.30185875
0.55505235 0.03837897 0.40656867
0.57641762 0.13685328 0.28672909
0.63458985 0.22168147 0.14372868
0.21532835 0.11527104 0.66940061
0.62152255 0.09643475 0.28204270
0.20190751 0.28402955 0.51406294
0.66744687 0.02653129 0.30602183
0.36217768 0.12908086 0.50874145
0.30218856 0.56688509 0.13092635
0.52783583 0.03006178 0.44210239
0.26465413 0.34546458 0.38988129
0.11239875 0.44783877 0.43976248
0.26176628 0.11652521 0.62170851
0.45784317 0.14826293 0.39389389
0.19407374 0.55475158 0.25117468
0.17904485 0.75295636 0.06799879
0.24090418 0.53820793 0.22088789
0.52093989 0.08117439 0.39788571
0.19176173 0.57646026 0.23177801
0.21789674 0.55005318 0.23205007
0.08064180 0.89773431 0.02162388
0.17408250 0.39160746 0.43431005
0.15123376 0.42768563 0.42108060
0.11226627 0.68220374 0.20552999
0.57453782 0.31885886 0.10660333
0.82848942 0.02253956 0.14897102
0.21413811 0.24520517 0.54065671
0.19056194 0.15567068 0.65376738
0.45109681 0.43132732 0.11757587
0.14893887 0.36278982 0.48827131
0.12015207 0.41345706 0.46639087
0.31472798 0.30291040 0.38236162
0.11950074 0.83324114 0.04725813
0.22407598 0.18089835 0.59502567
0.05061085 0.74263357 0.20675559
0.17636835 0.22089592 0.60273573
0.61120579 0.04280262 0.34599158
0.29754206 0.24909896 0.45335898
0.18244396 0.12910935 0.68844668
0.28943436 0.28879586 0.42176978
0.30187561 0.48003544 0.21808896
0.55956958 0.32231332 0.11811710
0.50369549 0.15345268 0.34285183
0.44724399 0.05232451 0.50043149
0.22983275 0.14966818 0.62049907
0.06290891 0.68592008 0.25117102
0.04141305 0.76607944 0.19250751
0.23925183 0.21647988 0.54426829
0.30875625 0.22946464 0.46177911
0.40061899 0.10141899 0.49796202
0.26273690 0.45428899 0.28297411
0.37920010 0.12635050 0.49444940
0.57362719 0.14382465 0.28254816
0.23625833 0.30344387 0.46029780
0.07403501 0.59197551 0.33398949
0.26874411 0.54246075 0.18879514
0.78559416 0.01267125 0.20173459
0.67837700 0.06754497 0.25407803
0.12357404 0.32830968 0.54811628
0.20434486 0.65748979 0.13816535
0.56526150 0.15623775 0.27850075
0.25663041 0.37860560 0.36476399
0.16775575 0.47180291 0.36044134
0.18183328 0.74707331 0.07109341
0.38614378 0.09856434 0.51529188
0.11179996 0.04682292 0.84137712
0.29438962 0.18926779 0.51634259
0.36436502 0.07393674 0.56169824
0.47258695 0.17358036 0.35383269
0.22704403 0.49696329 0.27599267
0.33917504 0.58822697 0.07259799
0.13050106 0.39668622 0.47281272
0.32589750 0.13345552 0.54064697
0.15712994 0.35608924 0.48678081
0.04545877 0.92678178 0.02775945
0.15242032 0.44798264 0.39959704
0.27635884 0.08998032 0.63366084
0.22154834 0.48600077 0.29245089
0.60607743 0.16842518 0.22549738
0.16417895 0.48020625 0.35561481
0.03348750 0.93435743 0.03215507
0.13202282 0.27768718 0.59029000
0.35082037 0.48001126 0.16916837
0.32821361 0.45859405 0.21319235
0.23550954 0.55884348 0.20564698
0.23505174 0.27731129 0.48763697
0.12009943 0.25092565 0.62897492
0.10061312 0.16081209 0.73857479
0.28205933 0.08519103 0.63274965
0.65564206 0.03088046 0.31347748
0.30886666 0.35179960 0.33933374
0.30533417 0.43076972 0.26389611
0.70665724 0.08141217 0.21193058
0.42487292 0.10562434 0.46950274
0.14324595 0.11601585 0.74073820
0.03683166 0.58153382 0.38163452
0.42460013 0.29032177 0.28507810
0.61888908 0.26018975 0.12092117
0.40061560 0.23141291 0.36797149
0.86547588 0.03859560 0.09592852
0.35823196 0.22999413 0.41177391
0.14557172 0.62605751 0.22837077
0.05541156 0.90685065 0.03773778
0.15908106 0.79111311 0.04980583
0.23016388 0.57660317 0.19323295
0.30585942 0.56150210 0.13263848
0.20105992 0.66457169 0.13436839
0.44301969 0.06984141 0.48713890
0.71808432 0.00531527 0.27660041
0.35441062 0.25950227 0.38608710
0.34670856 0.43309371 0.22019772
0.80431945 0.05055304 0.14512750
0.32602893 0.02363274 0.65033833
0.13682708 0.05212866 0.81104425
0.28796950 0.28614471 0.42588580
0.22118074 0.48952979 0.28928947
0.08311509 0.83430602 0.08257888
0.03019872 0.91079268 0.05900860
0.34347265 0.37725841 0.27926895
0.72326286 0.04689896 0.22983818
0.26586187 0.35751431 0.37662382
0.20755437 0.24007035 0.55237528
0.12392090 0.64921135 0.22686775
0.41530741 0.07004518 0.51464741
0.32221157 0.09682251 0.58096592
0.33266268 0.52867154 0.13866578
0.57186147 0.38052982 0.04760871
0.63488696 0.05728876 0.30782428
0.46846331 0.00554575 0.52599094
0.21345712 0.28804438 0.49849849
0.33276074 0.52914344 0.13809582
0.48697441 0.42020816 0.09281743
0.40451597 0.07509775 0.52038629
0.30326515 0.05224499 0.64448985
0.21671137 0.33838176 0.44490687
0.45766617 0.26553827 0.27679556
0.14283030 0.27821627 0.57895343
0.16683036 0.65944041 0.17372922
0.02025890 0.96895265 0.01078845
0.06312251 0.91397780 0.02289969
0.08253397 0.84025026 0.07721576
0.11868784 0.46307610 0.41823607
0.32924050 0.10290807 0.56785144
0.30557437 0.27309517 0.42133046
0.25886657 0.40411268 0.33702075
0.05843590 0.90517755 0.03638655
0.03144226 0.79628224 0.17227550
0.11705892 0.37493195 0.50800913
0.21726096 0.53626962 0.24646942
0.35776761 0.45443505 0.18779734
0.38520324 0.54050303 0.07429372
0.37003499 0.54293867 0.08702634
0.20889240 0.66534516 0.12576244
0.25183628 0.44456274 0.30360097
0.29428052 0.23789035 0.46782913
0.29931552 0.04830926 0.65237522
0.30648715 0.05748703 0.63602582
0.15307694 0.09281655 0.75410651
0.41874177 0.12042144 0.46083679
0.34910474 0.30218217 0.34871309
0.45945561 0.08423248 0.45631191
0.36292359 0.03625295 0.60082346
0.44700798 0.05548774 0.49750428
0.46034671 0.23739175 0.30226155
0.72468821 0.00804985 0.26726194
0.40569618 0.03642060 0.55788322
0.37478628 0.10287095 0.52234277
0.20194158 0.53886526 0.25919316
0.59404388 0.07163124 0.33432488
0.35078021 0.21215946 0.43706034
0.05760141 0.74298590 0.19941269
0.22264265 0.42620596 0.35115139
0.81226479 0.05830102 0.12943419
0.30241119 0.22647769 0.47111111
0.08243808 0.61181467 0.30574725
0.36575330 0.24454065 0.38970605
0.34641458 0.12329126 0.53029416
0.62503979 0.09848121 0.27647899
0.03150918 0.47108346 0.49740736
0.01898223 0.88496516 0.09605262
0.49964182 0.11280668 0.38755150
0.39453240 0.01428826 0.59117934
0.37504464 0.25207276 0.37288260
0.69164211 0.05451686 0.25384102
0.66524623 0.06757227 0.26718149
0.04455316 0.81286319 0.14258364
0.15531607 0.70424003 0.14044389
0.38329870 0.17475616 0.44194514
0.10489958 0.83025352 0.06484691
0.29450864 0.62034983 0.08514153
0.10799328 0.72534243 0.16666429
0.23792648 0.71279951 0.04927400
0.50805439 0.44485209 0.04709352
0.14741443 0.07894527 0.77364031
0.51238359 0.00677923 0.48083717
0.70146403 0.01368069 0.28485527
0.32754230 0.01132860 0.66112910
0.42650484 0.11409006 0.45940510
0.58647204 0.06909060 0.34443736
0.44306998 0.05705878 0.49987124
0.51803238 0.05065583 0.43131180
0.15438439 0.33011985 0.51549576
0.31085332 0.08428190 0.60486479
0.45575677 0.40707151 0.13717171
0.06913140 0.42589003 0.50497857
0.06329250 0.88430669 0.05240081
0.15315762 0.59357120 0.25327118
0.08795700 0.33441814 0.57762486
0.63570997 0.01396931 0.35032072
0.66140305 0.03655445 0.30204249
0.16914084 0.44329736 0.38756180
0.38818252 0.50158485 0.11023263
0.70378217 0.11424006 0.18197777
0.53875543 0.21578224 0.24546233
0.34021095 0.38080135 0.27898770
0.01890066 0.90725100 0.07384834
0.06948083 0.80688460 0.12363457
0.08440384 0.81851462 0.09708154
0.23039291 0.22864795 0.54095913
0.34871928 0.20413265 0.44714807
0.34438713 0.11919155 0.53642131
0.27974340 0.07632963 0.64392697
0.37264886 0.03648815 0.59086299
0.41326242 0.17535840 0.41137919
0.85321128 0.08543980 0.06134892
0.26708748 0.54769318 0.18521934
0.30567497 0.12111918 0.57320585
0.44373166 0.07808079 0.47818755
0.50521537 0.04390536 0.45087927
0.41552988 0.19295389 0.39151623
0.52475163 0.06145127 0.41379710
0.73679819 0.01415676 0.24904505
0.68728832 0.02945833 0.28325335
0.20748501 0.24820715 0.54430784
0.27193573 0.04584936 0.68221491
0.33569881 0.03261494 0.63168625
0.36984030 0.06307216 0.56708754
0.23037910 0.29721879 0.47240211
0.04135587 0.70060053 0.25804359
0.04044326 0.54364793 0.41590881
0.20060997 0.58897796 0.21041207
0.07421879 0.85244985 0.07333136
0.09158110 0.70790884 0.20051006
0.15847129 0.56429491 0.27723380
0.42225168 0.39363231 0.18411601
0.09609274 0.51120535 0.39270191
0.83389797 0.07011341 0.09598862
0.80203700 0.00371852 0.19424448
0.63392069 0.03791759 0.32816172
0.26357934 0.18304981 0.55337085
0.04353033 0.22247072 0.73399895
0.15876371 0.05775739 0.78347890
0.28317511 0.01574325 0.70108165
0.51558743 0.09674799 0.38766458
0.05176885 0.87025445 0.07797670
0.06467493 0.64844515 0.28687992
0.24464351 0.22180716 0.53354933
0.38785981 0.23478057 0.37735962
0.06552590 0.76432275 0.17015135
0.05095930 0.87939438 0.06964631
0.00606150 0.99032085 0.00361765
0.49251348 0.37305050 0.13443602
0.31778219 0.33295908 0.34925873
0.22550550 0.56251325 0.21198125
0.05339640 0.83895193 0.10765167
0.16891181 0.33922463 0.49186356
0.18359868 0.23594066 0.58046066
0.26194522 0.45339665 0.28465813
0.16274142 0.75550300 0.08175559
0.18396088 0.62217712 0.19386200
0.30882846 0.53876521 0.15240634
0.33274263 0.54045129 0.12680608
0.37110554 0.27677329 0.35212116
0.28204481 0.60854332 0.10941186
0.08736696 0.75624657 0.15638647
0.08905914 0.78143943 0.12950143
0.01586721 0.88168256 0.10245023
0.16487318 0.71151335 0.12361347
0.37477898 0.06953652 0.55568450
0.65362005 0.09821804 0.24816191
0.80488364 0.05678933 0.13832703
0.38654961 0.05442485 0.55902554
0.28498767 0.03285225 0.68216009
0.26544978 0.09579182 0.63875840
0.62852841 0.05677266 0.31469893
0.03659682 0.86267677 0.10072642
0.53805721 0.04275163 0.41919116
0.36746070 0.32029292 0.31224637
0.56876279 0.11127575 0.31996146
0.07160091 0.23002521 0.69837388
0.16963153 0.28938235 0.54098612
0.46372980 0.09085633 0.44541387
0.52249019 0.07659286 0.40091695
0.31382797 0.47363943 0.21253260
0.36010879 0.13779831 0.50209290
0.17336955 0.74146885 0.08516160
0.01481701 0.97134465 0.01383833
0.02564314 0.97025440 0.00410246
0.13253010 0.58480420 0.28266570
0.19059357 0.31312009 0.49628634
0.39492262 0.31173069 0.29334670
0.10717558 0.65671868 0.23610574
0.27472353 0.05621771 0.66905876
0.29607881 0.36739903 0.33652216
0.73087509 0.02877793 0.24034698
0.48753986 0.01296564 0.49949450
0.07073191 0.08777383 0.84149427
0.25292154 0.16396990 0.58310856
0.49105469 0.34596535 0.16297996
0.52506978 0.27160510 0.20332512
0.22240017 0.20448958 0.57311025
0.50554583 0.23306177 0.26139240
0.04534986 0.87115727 0.08349287
0.03900386 0.91580415 0.04519199
0.70253559 0.00847630 0.28898811
0.62147292 0.05910326 0.31942382
0.22737828 0.18338991 0.58923181
0.10668015 0.81317060 0.08014925
0.42632864 0.40138360 0.17228776
0.23118679 0.68246402 0.08634919
0.30417340 0.12303692 0.57278968
0.69121663 0.10411318 0.20467019
0.40597085 0.36666601 0.22736313
0.03076603 0.94568344 0.02355053
0.17397085 0.68692273 0.13910642
0.30623728 0.22379750 0.46996522
0.20108772 0.31679264 0.48211964
0.00623285 0.97001966 0.02374749
0.03574165 0.73972755 0.22453081
0.17663633 0.72421914 0.09914454
0.01782692 0.91730491 0.06486817
0.14086039 0.75936496 0.09977465
0.11005279 0.62272413 0.26722309
0.70091884 0.11498168 0.18409948
0.19883506 0.51502658 0.28613836
0.29983826 0.12146393 0.57869781
0.10992016 0.58947538 0.30060446
0.37434507 0.08136174 0.54429319
0.49836648 0.03887602 0.46275750
0.48347638 0.18776453 0.32875908
0.09359010 0.55344478 0.35296512
0.22818434 0.39393429 0.37788137
0.47901395 0.00780621 0.51317984
0.62043082 0.00570228 0.37386689
0.28949279 0.05891360 0.65159361
0.47192255 0.18304304 0.34503441
0.39443460 0.35245982 0.25310558
0.38053951 0.47872757 0.14073291
0.38496342 0.57315864 0.04187794
0.09251327 0.85661851 0.05086822
0.01833856 0.95718456 0.02447689
0.15111645 0.50327071 0.34561284
0.58044871 0.01250493 0.40704637
0.39903217 0.00537065 0.59559718
0.61559547 0.00650255 0.37790197
0.12725501 0.10486651 0.76787847
0.43572798 0.02542470 0.53884732
0.65097685 0.03134212 0.31768103
0.38662496 0.07101828 0.54235676
0.16752980 0.11597802 0.71649218
0.48744434 0.01542838 0.49712728
0.15250751 0.21185282 0.63563967
0.68118045 0.20441550 0.11440405
0.67042843 0.07147465 0.25809692
0.04019460 0.82120939 0.13859601
0.07416002 0.79502993 0.13081005
0.26912135 0.27030561 0.46057304
0.15724138 0.75812912 0.08462950
0.39748047 0.22619285 0.37632669
0.29108950 0.05605520 0.65285530
0.09544072 0.21908221 0.68547707
0.36194276 0.07871864 0.55933861
0.43348263 0.34794185 0.21857553
0.61414301 0.03599455 0.34986244
0.55887441 0.03354575 0.40757984
0.32125444 0.14184172 0.53690384
0.01417281 0.90236485 0.08346235
0.16078562 0.58555798 0.25365640
0.61834540 0.05792710 0.32372751
0.69583057 0.09213278 0.21203665
0.73122672 0.03819463 0.23057865
0.54512402 0.05908443 0.39579156
0.25111641 0.26398891 0.48489468
0.28946538 0.08799066 0.62254396
0.33714817 0.00164397 0.66120786
0.39451740 0.06811591 0.53736669
0.51755622 0.33862063 0.14382315
0.52931281 0.38057052 0.09011667
0.63781465 0.20065263 0.16153272
0.09670170 0.70384589 0.19945241
0.05524503 0.70772253 0.23703244
0.29121787 0.53259182 0.17619031
0.06324526 0.84693130 0.08982344
0.53395718 0.18422478 0.28181804
0.58323985 0.11875939 0.29800076
0.24574812 0.09867111 0.65558077
0.46913359 0.26309920 0.26776721
0.27318586 0.48623716 0.24057698
0.24646809 0.47580960 0.27772231
0.18839184 0.74649329 0.06511487
0.28877905 0.55491282 0.15630813
0.08472468 0.74421934 0.17105598
0.21224319 0.54378661 0.24397020
0.09228875 0.53221708 0.37549418
