0.79412673 0.02960689 0.17626639
0.38989284 0.34656567 0.26354149
0.28013516 0.08307867 0.63678617
0.64237252 0.12155737 0.23607011
0.64809624 0.10180932 0.25009444
0.06648835 0.82097479 0.11253686
0.50096481 0.22016588 0.27886932
0.01651085 0.09363677 0.88985238
0.10003490 0.78163989 0.11832520
0.13757254 0.03496751 0.82745995
0.15789594 0.23110022 0.61100384
0.09014305 0.79723343 0.11262352
0.06830823 0.90570088 0.02599089
0.62875321 0.31766674 0.05358005
0.33789470 0.42465905 0.23744625
0.11367667 0.18408530 0.70223803
0.11398316 0.46882681 0.41719004
0.53666361 0.38091467 0.08242172
0.14013812 0.17437379 0.68548809
0.26142436 0.16376307 0.57481257
0.56732683 0.23078311 0.20189006
0.31844129 0.42793986 0.25361886
0.33045544 0.53411920 0.13542536
0.10385058 0.83206882 0.06408060
0.11397870 0.41743874 0.46858255
0.59301457 0.25707136 0.14991407
0.62613920 0.31125291 0.06260789
0.28302198 0.46047741 0.25650061
0.59915461 0.14186426 0.25898113
0.34905020 0.22084643 0.43010337
0.17945316 0.20787049 0.61267636
0.22132193 0.37455536 0.40412271
0.43059874 0.35085050 0.21855077
0.11566723 0.30013424 0.58419853
0.29559954 0.19449705 0.50990341
0.33977751 0.60700431 0.05321818
0.03539224 0.52679341 0.43781435
0.20860874 0.15374393 0.63764733
0.91818326 0.02504903 0.05676772
0.27955946 0.59177940 0.12866113
0.56799905 0.13330007 0.29870088
0.35229122 0.50049672 0.14721206
0.27944942 0.23808409 0.48246648
0.20900741 0.07290438 0.71808822
0.49775368 0.24124094 0.26100538
0.48026244 0.24846404 0.27127352
0.30591370 0.05452834 0.63955796
0.18870786 0.27127713 0.54001501
0.40251478 0.26612729 0.33135794
0.19847121 0.11979313 0.68173566
0.57011425 0.17335831 0.25652744
0.07556077 0.81535691 0.10908232
0.21497937 0.57689830 0.20812233
0.07402328 0.74865624 0.17732047
0.02508952 0.95525549 0.01965500
0.08997929 0.72963958 0.18038113
0.13664930 0.28053901 0.58281169
0.30702262 0.23867489 0.45430249
0.13497553 0.63947736 0.22554711
0.54239538 0.10393334 0.35367128
0.43058066 0.27597169 0.29344765
0.07900592 0.66189000 0.25910408
0.05452928 0.92962310 0.01584762
0.52742453 0.18309697 0.28947850
0.71450731 0.01828814 0.26720455
0.69152943 0.10407493 0.20439563
0.75311316 0.12454313 0.12234371
0.50300759 0.12370902 0.37328339
0.27682891 0.03133812 0.69183297
0.56337490 0.06173177 0.37489333
0.62963716 0.08302949 0.28733336
0.23879120 0.06902821 0.69218059
0.17431554 0.01535804 0.81032642
0.31663601 0.08515984 0.59820415
0.29899245 0.05168705 0.64932050
0.28151762 0.60189424 0.11658814
0.16929681 0.72975011 0.10095307
0.24360019 0.54406799 0.21233182
0.62459786 0.00871971 0.36668243
0.13032092 0.70849608 0.16118300
0.13896840 0.53169236 0.32933925
0.71092972 0.05219868 0.23687160
0.24848524 0.05788023 0.69363454
0.20492209 0.47874711 0.31633080
0.12316086 0.76302592 0.11381322
0.03732631 0.88905111 0.07362259
0.01018197 0.97694577 0.01287227
0.03935827 0.91395405 0.04668769
0.01477957 0.96370482 0.02151561
0.43738429 0.09414825 0.46846746
0.20592417 0.45571993 0.33835590
0.10197228 0.81986384 0.07816389
0.22433620 0.36116014 0.41450367
0.34065538 0.30523249 0.35411213
0.16056400 0.20718926 0.63224674
0.15338797 0.19321744 0.65339459
0.25632337 0.47667566 0.26700097
0.80235828 0.16663480 0.03100692
0.18874315 0.65517485 0.15608200
0.20629900 0.13579184 0.65790916
0.21884178 0.00207678 0.77908144
0.46419512 0.25620049 0.27960439
0.40189324 0.19580916 0.40229760
0.28268810 0.05133877 0.66597313
0.34586994 0.31801449 0.33611557
0.62116240 0.32967077 0.04916684
0.22576156 0.12476624 0.64947221
0.33350946 0.07401531 0.59247523
0.39494956 0.37087967 0.23417078
0.70485587 0.04254841 0.25259571
0.28334679 0.16859535 0.54805786
0.28528815 0.56847372 0.14623814
0.28493422 0.01719227 0.69787351
0.40171118 0.19173458 0.40655424
0.16614573 0.47817241 0.35568186
0.42970717 0.08045756 0.48983526
0.30384606 0.10926575 0.58688819
0.43589682 0.38527558 0.17882759
0.16871951 0.78001883 0.05126166
0.23943327 0.44438846 0.31617827
0.28800036 0.14372767 0.56827197
0.31652257 0.61467306 0.06880437
0.28963005 0.61006037 0.10030957
0.14474920 0.83767694 0.01757386
0.11988642 0.58213554 0.29797804
0.26535760 0.31461083 0.42003157
0.29205609 0.55164295 0.15630096
0.73145514 0.20868094 0.05986392
0.74438870 0.02994219 0.22566910
0.13941460 0.33170015 0.52888525
0.16047265 0.16898567 0.67054168
0.22261001 0.54468629 0.23270370
0.08271434 0.46537429 0.45191137
0.16651707 0.49287963 0.34060330
0.30382520 0.60872242 0.08745238
0.16450181 0.78113541 0.05436278
0.31017270 0.26459828 0.42522902
0.04224623 0.81441209 0.14334168
0.15550286 0.09920910 0.74528804
0.90428990 0.02560667 0.07010343
0.35282017 0.29831136 0.34886847
0.22738258 0.07180273 0.70081470
0.25264529 0.38900579 0.35834892
0.31056381 0.43177089 0.25766530
0.44510906 0.25830049 0.29659045
0.43569283 0.18605982 0.37824734
0.52339657 0.12537459 0.35122883
0.24472125 0.10902119 0.64625756
0.14831490 0.71578222 0.13590288
0.03418447 0.89366378 0.07215175
0.16324397 0.24618355 0.59057248
0.22209989 0.10349629 0.67440381
0.29774447 0.10781947 0.59443606
0.24906421 0.51734458 0.23359121
0.36448305 0.18625776 0.44925920
0.42086635 0.13083983 0.44829381
0.12362288 0.13277789 0.74359923
0.09642999 0.62015175 0.28341826
0.33313576 0.46505082 0.20181342
0.78738784 0.01172674 0.20088542
0.49452587 0.15501085 0.35046328
0.14617220 0.53699584 0.31683196
0.41777109 0.43375413 0.14847478
0.78121300 0.15413694 0.06465006
0.30921602 0.31655067 0.37423330
0.20352786 0.35536777 0.44110437
0.17838885 0.77060703 0.05100412
0.22599650 0.23006628 0.54393722
0.03874574 0.04656090 0.91469336
0.25905024 0.24380201 0.49714775
0.32221065 0.09579557 0.58199377
0.37109153 0.14982348 0.47908499
0.21730238 0.52066402 0.26203360
0.27381342 0.52388542 0.20230115
0.10175444 0.47145524 0.42679032
0.30288449 0.10361698 0.59349854
0.16529891 0.35975133 0.47494976
0.02218002 0.95807482 0.01974516
0.36687459 0.42500957 0.20811584
0.37565001 0.12496534 0.49938465
0.19746467 0.50671150 0.29582383
0.71327425 0.20087077 0.08585498
0.22370919 0.60652938 0.16976143
0.09792349 0.88100934 0.02106717
0.20249439 0.26403228 0.53347333
0.25765550 0.47664944 0.26569506
0.30957441 0.59192238 0.09850322
0.25880329 0.51119999 0.22999672
0.17681517 0.08413797 0.73904686
0.11140417 0.35866309 0.52993275
0.01777089 0.06133395 0.92089516
0.04430418 0.05938631 0.89630950
0.57570773 0.13326602 0.29102625
0.44629515 0.26980410 0.28390076
0.28903752 0.51611673 0.19484575
0.79646647 0.07261994 0.13091359
0.61428226 0.04497015 0.34074759
0.08578873 0.08501671 0.82919456
0.02805696 0.90527136 0.06667168
0.43276500 0.42028131 0.14695369
0.63330995 0.31628900 0.05040106
0.36804137 0.06236115 0.56959748
0.80996288 0.05711860 0.13291851
0.40089216 0.21084516 0.38826268
0.16202805 0.74828372 0.08968823
0.08185319 0.90999095 0.00815586
0.37632389 0.58299633 0.04067978
0.47588085 0.30658767 0.21753148
0.41380829 0.35705545 0.22913626
0.12329886 0.45826964 0.41843150
0.17204298 0.08853680 0.73942023
0.63935807 0.00658228 0.35405965
0.19151717 0.12055821 0.68792463
0.31091855 0.40464885 0.28443261
0.62987743 0.04011700 0.33000556
0.17407001 0.03986779 0.78606219
0.08789923 0.08976852 0.82233224
0.45598726 0.24919176 0.29482098
0.31025391 0.37201019 0.31773590
0.03471688 0.84377396 0.12150916
0.04266717 0.85915626 0.09817657
0.24880865 0.44997880 0.30121256
0.71006834 0.02964655 0.26028511
0.42935023 0.23797563 0.33267413
0.38551217 0.41775326 0.19673457
0.18209623 0.72199982 0.09590395
0.51085021 0.07458407 0.41456572
0.35447030 0.10059424 0.54493546
0.52167827 0.27791803 0.20040369
0.41428514 0.56547357 0.02024129
0.78214940 0.05003589 0.16781470
0.62402363 0.01254615 0.36343023
0.16121798 0.19111324 0.64766878
0.25775343 0.63237227 0.10987430
0.74669605 0.16825039 0.08505356
0.23739331 0.02707474 0.73553195
0.24099841 0.14435594 0.61464565
0.07800018 0.34884361 0.57315621
0.28752900 0.40282600 0.30964499
0.12279530 0.40793027 0.46927443
0.23498713 0.65734084 0.10767203
0.05160181 0.92760188 0.02079632
0.10439451 0.86588539 0.02972010
0.18256317 0.73464018 0.08279665
0.06795875 0.32417180 0.60786945
0.66828379 0.08051614 0.25120007
0.46457158 0.30222310 0.23320532
0.37408198 0.36711146 0.25880656
0.13056400 0.80807934 0.06135666
0.03822570 0.48835730 0.47341700
0.08360486 0.41652660 0.49986854
0.22231836 0.49172924 0.28595240
0.24170129 0.63121876 0.12707995
0.27931471 0.63774673 0.08293855
0.33447983 0.63645187 0.02906830
0.22877870 0.58622216 0.18499913
0.17615065 0.47149648 0.35235287
0.21649040 0.14016828 0.64334132
0.24260895 0.04327654 0.71411451
0.42646536 0.09803607 0.47549857
0.17525938 0.10137483 0.72336579
0.31829302 0.16372099 0.51798600
0.33093941 0.32818909 0.34087149
0.22795675 0.04141489 0.73062836
0.19316755 0.03090681 0.77592564
0.27645734 0.08786761 0.63567505
0.16979167 0.11169911 0.71850923
0.56674130 0.01515982 0.41809888
0.24103509 0.02651412 0.73245079
0.14071914 0.11590284 0.74337802
0.22613669 0.45525223 0.31861108
0.54927149 0.10498876 0.34573976
0.23888595 0.18131020 0.57980385
0.06678486 0.55991976 0.37329538
0.09001501 0.46780580 0.44217919
0.81811210 0.13695999 0.04492791
0.48261267 0.15237986 0.36500748
0.10925699 0.61653533 0.27420768
0.27534941 0.23950427 0.48514632
0.63213866 0.09795919 0.26990215
0.58717669 0.21076089 0.20206242
0.01914466 0.57138563 0.40946971
0.01009531 0.85031696 0.13958773
0.69898952 0.14197320 0.15903728
0.70272544 0.02909326 0.26818130
0.48965541 0.28625464 0.22408995
0.75436892 0.04667322 0.19895786
0.74937982 0.05917134 0.19144884
0.05922896 0.84397587 0.09679516
0.28749170 0.56151960 0.15098870
0.66189345 0.04682837 0.29127819
0.26551744 0.69280473 0.04167783
0.40556636 0.40268567 0.19174798
0.18039589 0.53621215 0.28339196
0.22289985 0.73247158 0.04462857
0.57527159 0.40761265 0.01711576
0.14915253 0.09655324 0.75429423
0.74704015 0.01318550 0.23977435
0.53353726 0.05045847 0.41600427
0.11547436 0.00342972 0.88109591
0.18181974 0.16271757 0.65546269
0.41604562 0.04463976 0.53931462
0.37731825 0.05251075 0.57017100
0.62965198 0.07877313 0.29157489
0.07726965 0.61675873 0.30597162
0.06650794 0.03761358 0.89587848
0.71844714 0.21092146 0.07063141
0.09134886 0.52237782 0.38627332
0.07224713 0.88821516 0.03953771
0.13686613 0.63646869 0.22666518
0.09525709 0.21734035 0.68740257
0.67124976 0.02026021 0.30849003
0.75070715 0.05954594 0.18974691
0.09715316 0.66768915 0.23515769
0.13394400 0.72532137 0.14073463
0.75126471 0.07192054 0.17681475
0.43597118 0.07622437 0.48780445
0.17451119 0.56439453 0.26109428
0.04497923 0.85419043 0.10083035
0.02269482 0.94846796 0.02883722
0.04613044 0.89786677 0.05600279
0.15523401 0.35790417 0.48686183
0.42900543 0.24647927 0.32451530
0.50175608 0.04349386 0.45475006
0.13372529 0.09880108 0.76747362
0.21846414 0.02031756 0.76121830
0.24292675 0.25244486 0.50462839
0.86441544 0.06669598 0.06888857
0.43215176 0.25815512 0.30969312
0.44742382 0.12804804 0.42452814
0.42497973 0.03665311 0.53836716
0.46546192 0.04859015 0.48594794
0.55991535 0.09492446 0.34516019
0.66343702 0.04599202 0.29057096
0.78431159 0.02117959 0.19450882
0.64274570 0.04347101 0.31378329
0.18336861 0.47270044 0.34393095
0.59380198 0.26077297 0.14542505
0.32568525 0.04428378 0.63003097
0.55203229 0.10509357 0.34287414
0.10789671 0.35110578 0.54099751
0.02338646 0.73398503 0.24262851
0.05934054 0.52894472 0.41171475
0.17386833 0.48025001 0.34588166
0.15489791 0.82915022 0.01595187
0.20051518 0.66370221 0.13578261
0.25676119 0.45884265 0.28439616
0.25848715 0.40039736 0.34111549
0.02480278 0.24066424 0.73453298
0.83661105 0.05742811 0.10596084
0.62880715 0.00502043 0.36617242
0.46029544 0.09625884 0.44344572
0.17772208 0.16121785 0.66106007
0.03242772 0.54692354 0.42064874
0.28520512 0.07763780 0.63715707
0.12002351 0.01867145 0.86130504
0.45867676 0.21080760 0.33051565
0.06775295 0.92434303 0.00790402
0.10244569 0.82754806 0.07000625
0.22270063 0.16858904 0.60871034
0.46643323 0.26794503 0.26562173
0.06507307 0.83228073 0.10264621
0.02781861 0.94275094 0.02943045
0.00698425 0.99207725 0.00093850
0.72304035 0.24410362 0.03285602
0.46680907 0.20910919 0.32408174
0.10492043 0.54782887 0.34725070
0.10254241 0.67586754 0.22159005
0.31474950 0.49689776 0.18835273
0.30361209 0.38031146 0.31607645
0.19571024 0.68894131 0.11534845
0.42881452 0.47004005 0.10114543
0.10552487 0.57768470 0.31679042
0.24399909 0.60428674 0.15171417
0.34310419 0.50152793 0.15536788
0.35224281 0.28528984 0.36246735
0.30072776 0.60189584 0.09737640
0.03656295 0.72676411 0.23667294
0.09591753 0.71231753 0.19176494
0.02942485 0.89245767 0.07811748
0.25366911 0.47059650 0.27573440
0.33259568 0.05213780 0.61526652
0.56921985 0.09629435 0.33448581
0.61544048 0.07404411 0.31051541
0.18755265 0.03849585 0.77395149
0.35419293 0.02493336 0.62087372
0.10331856 0.15883095 0.73785049
0.52793707 0.08645734 0.38560559
0.04985892 0.75646573 0.19367535
0.46857116 0.05948683 0.47194201
0.23415780 0.37460299 0.39123921
0.38602617 0.12962798 0.48434586
0.03262308 0.31006301 0.65731391
0.12497988 0.64099535 0.23402477
0.48805840 0.13483352 0.37710808
0.69258558 0.14842148 0.15899293
0.39518535 0.42485373 0.17996092
0.29425146 0.23112039 0.47462815
0.10756273 0.84389734 0.04853993
0.01245514 0.97613977 0.01140508
0.01726834 0.97817262 0.00455904
0.08553398 0.56566335 0.34880267
0.24223360 0.31795351 0.43981289
0.30715395 0.56973919 0.12310686
0.22213417 0.56030842 0.21755741
0.42223883 0.06116068 0.51660049
0.33385492 0.46918439 0.19696069
0.89700932 0.02558369 0.07740700
0.60744125 0.01092934 0.38162941
0.06761776 0.04777349 0.88460875
0.37599743 0.21390214 0.41010043
0.41864685 0.50196807 0.07938508
0.34081154 0.29064124 0.36854722
0.06765418 0.07211670 0.86022912
0.34929961 0.36450593 0.28619445
0.07164959 0.87845769 0.04989272
0.06152416 0.91851300 0.01996284
0.83008885 0.01491735 0.15499379
0.79227056 0.04684738 0.16088206
0.39930080 0.16869282 0.43200637
0.11812257 0.78309662 0.09878081
0.50824706 0.26212097 0.22963197
0.20015041 0.75160883 0.04824077
0.14431822 0.29560840 0.56007338
0.55365135 0.26346066 0.18288798
0.29888182 0.36422414 0.33689404
0.03533211 0.94842351 0.01624438
0.12745633 0.81238539 0.06015828
0.26140942 0.05128716 0.68730342
0.06030957 0.36189930 0.57779113
0.00908652 0.93799344 0.05292004
0.11837094 0.37929979 0.50232927
0.34773671 0.61804957 0.03421372
0.04256039 0.90941840 0.04802121
0.11020911 0.79440106 0.09538983
0.16417782 0.63350601 0.20231617
0.61261497 0.32785137 0.05953365
0.20445663 0.58757194 0.20797143
0.36642894 0.16704706 0.46652400
0.09885649 0.52951315 0.37163036
0.20024866 0.03054455 0.76920679
0.75029013 0.02276999 0.22693988
0.73435372 0.18673449 0.07891178
0.04406557 0.60392651 0.35200792
0.17432715 0.18742020 0.63825265
0.18588776 0.00488888 0.80922336
0.22437005 0.00577083 0.76985912
0.14534501 0.01246796 0.84218703
0.21918348 0.12179749 0.65901902
0.33901178 0.54992831 0.11105991
0.52922893 0.39233206 0.07843901
0.56559697 0.41530404 0.01909899
0.34654443 0.63874628 0.01470929
0.02823658 0.95947067 0.01229275
0.07910370 0.49530773 0.42558857
0.46649876 0.00655978 0.52694146
0.37289801 0.00284919 0.62425280
0.13543808 0.00317629 0.86138563
0.05574930 0.05689817 0.88735253
0.72944157 0.03011119 0.24044724
0.81137916 0.02245559 0.16616525
0.43482998 0.07155344 0.49361658
0.06987738 0.12777115 0.80235147
0.23937833 0.01688600 0.74373566
0.19949295 0.25348942 0.54701763
0.76475078 0.13716819 0.09808102
0.88528972 0.05570091 0.05900937
0.06103721 0.81333232 0.12563046
0.11390102 0.83317841 0.05292057
0.54102516 0.16075569 0.29821914
0.13794368 0.73047905 0.13157727
0.26066357 0.32501526 0.41432117
0.26918443 0.08752996 0.64328560
0.09129737 0.39325691 0.51544572
0.17591183 0.18360909 0.64047908
0.22259934 0.31368729 0.46371337
0.52507171 0.01747769 0.45745060
0.65388475 0.03710938 0.30900588
0.11317649 0.14992565 0.73689786
0.00397561 0.90167301 0.09435138
0.10626760 0.38835711 0.50537529
0.67891491 0.05273943 0.26834566
0.77627318 0.09508356 0.12864326
0.78082187 0.08858381 0.13059433
0.52193176 0.03638016 0.44168808
0.15577094 0.36393171 0.48029735
0.26692903 0.08942588 0.64364509
0.40181468 0.00184046 0.59634486
0.35639129 0.04687532 0.59673339
0.36519892 0.55147229 0.08332879
0.51952729 0.41943924 0.06103347
0.74427656 0.17662263 0.07910081
0.27973848 0.48657293 0.23368859
0.02580119 0.87782793 0.09637088
0.31152950 0.54111623 0.14735426
0.03665825 0.85450228 0.10883947
0.45148980 0.16093939 0.38757081
0.47787005 0.04890345 0.47322649
0.22879712 0.25585138 0.51535150
0.87682595 0.10154394 0.02163011
0.65636895 0.19696290 0.14666815
0.30316233 0.39711298 0.29972469
0.21929914 0.74819879 0.03250207
0.36301808 0.42396786 0.21301406
0.25997563 0.58045326 0.15957111
0.13211933 0.65883356 0.20904711
0.05096604 0.44881959 0.50021438
