0.38638557 0.22076865 0.39284578
0.41582728 0.23691147 0.34726125
0.32899450 0.50573753 0.16526797
0.54773660 0.11451356 0.33774984
0.63990676 0.14955388 0.21053936
0.17372560 0.43470509 0.39156932
0.38539407 0.17595387 0.43865207
0.61723730 0.08924323 0.29351947
0.58909780 0.08071746 0.33018475
0.29932481 0.47433738 0.22633781
0.48504944 0.26527923 0.24967132
0.23559567 0.28078562 0.48361870
0.13844545 0.51076672 0.35078783
0.57347128 0.22762791 0.19890080
0.22558947 0.28306624 0.49134430
0.21123262 0.55021219 0.23855519
0.23085590 0.58975331 0.17939079
0.30409521 0.33651820 0.35938659
0.40810749 0.30316543 0.28872708
0.27953418 0.16633760 0.55412823
0.35376771 0.24906570 0.39716659
0.32091480 0.30880887 0.37027633
0.34664446 0.27644815 0.37690739
0.29716010 0.24344111 0.45939878
0.24028098 0.27598009 0.48373894
0.50321497 0.18670132 0.31008372
0.18842301 0.44521597 0.36636103
0.10186428 0.74918868 0.14894704
0.17207352 0.58770345 0.24022303
0.44953384 0.32169299 0.22877317
0.53208684 0.27522776 0.19268540
0.48220907 0.23181460 0.28597634
0.44423083 0.15454545 0.40122372
0.28060835 0.17438182 0.54500984
0.42308920 0.13918172 0.43772908
0.46814827 0.11783939 0.41401234
0.35981027 0.47032908 0.16986065
0.17801864 0.27969410 0.54228725
0.31343308 0.24692883 0.43963809
0.21535055 0.59827354 0.18637591
0.20742820 0.12030114 0.67227066
0.50410949 0.11915272 0.37673779
0.57499380 0.02090392 0.40410228
0.30896752 0.25296646 0.43806602
0.51251683 0.18552095 0.30196222
0.16393502 0.25699372 0.57907126
0.16250712 0.60870856 0.22878432
0.41520924 0.24160909 0.34318167
0.26038855 0.22138579 0.51822566
0.56818466 0.05063129 0.38118405
0.24840927 0.06078584 0.69080489
0.34728130 0.18548440 0.46723430
0.12975931 0.41505681 0.45518389
0.09313667 0.14126387 0.76559947
0.30607229 0.11168176 0.58224595
0.07589722 0.77883808 0.14526470
0.20833094 0.41810215 0.37356692
0.17633379 0.68431025 0.13935596
0.09718995 0.57157798 0.33123207
0.14648994 0.22547015 0.62803991
0.10588398 0.52430822 0.36980780
0.31798188 0.33536582 0.34665229
0.15391279 0.56988186 0.27620535
0.67656340 0.06693258 0.25650402
0.68323313 0.03752148 0.27924539
0.10240369 0.44548232 0.45211399
0.01026612 0.97950178 0.01023210
0.24092352 0.48338518 0.27569131
0.32784220 0.15565666 0.51650114
0.46651459 0.34997372 0.18351170
0.48223299 0.17414090 0.34362611
0.38252668 0.19063802 0.42683530
0.34739265 0.04346269 0.60914466
0.74676927 0.02909888 0.22413185
0.78101312 0.01862908 0.20035780
0.36316739 0.27504018 0.36179243
0.27649957 0.33681774 0.38668269
0.33117631 0.26557358 0.40325011
0.55431947 0.05480000 0.39088053
0.28353548 0.12899454 0.58746998
0.06621005 0.74113254 0.19265741
0.15065131 0.47829291 0.37105578
0.32909732 0.22659766 0.44430502
0.22432160 0.61682648 0.15885192
0.11894912 0.65313945 0.22791143
0.29539417 0.10203087 0.60257496
0.43573913 0.02977783 0.53448305
0.43573348 0.07415366 0.49011287
0.12065694 0.63244524 0.24689783
0.04390142 0.85904750 0.09705108
0.02238014 0.96175275 0.01586711
0.13847909 0.82961913 0.03190177
0.02161488 0.83918625 0.13919887
0.17517012 0.62752946 0.19730042
0.56928304 0.08679965 0.34391731
0.17123819 0.33122917 0.49753264
0.23026005 0.44378049 0.32595946
0.25072201 0.38168385 0.36759414
0.22468331 0.33483427 0.44048241
0.20461369 0.22086532 0.57452099
0.30454515 0.33674442 0.35871043
0.27442503 0.60455702 0.12101795
0.10895605 0.80643562 0.08460833
0.27724426 0.46041695 0.26233879
0.72651692 0.02704055 0.24644253
0.40012205 0.18513870 0.41473925
0.24264089 0.35343086 0.40392826
0.27868876 0.09458339 0.62672785
0.71685259 0.03138938 0.25175802
0.52737097 0.18950064 0.28312839
0.59897305 0.09593594 0.30509101
0.63312849 0.03519833 0.33167318
0.39610813 0.13757104 0.46632083
0.52751647 0.11187529 0.36060824
0.58427755 0.25748545 0.15823700
0.26437872 0.36556156 0.37005972
0.23192711 0.03647664 0.73159625
0.27669279 0.36684515 0.35646207
0.23272325 0.52741272 0.23986402
0.25858669 0.13132846 0.61008485
0.21606157 0.25464914 0.52928930
0.36306837 0.26998654 0.36694509
0.49534792 0.22031633 0.28433575
0.40293257 0.12849401 0.46857341
0.36746292 0.09400932 0.53852776
0.15896558 0.67622206 0.16481235
0.03238361 0.92278774 0.04482865
0.04675710 0.89466704 0.05857586
0.28556391 0.45693849 0.25749760
0.53597125 0.17334032 0.29068843
0.49154918 0.32948561 0.17896521
0.26763215 0.52390203 0.20846582
0.68329912 0.04013099 0.27656989
0.57321696 0.07777954 0.34900350
0.23853761 0.12058855 0.64087383
0.35470063 0.02512031 0.62017907
0.20206391 0.04062742 0.75730867
0.18042740 0.30947563 0.51009697
0.14784536 0.74127247 0.11088218
0.17363148 0.54504079 0.28132773
0.54715936 0.32631971 0.12652093
0.08890614 0.86455716 0.04653669
0.09463407 0.31135596 0.59400997
0.40893715 0.25480540 0.33625744
0.37608910 0.20605555 0.41785535
0.25073107 0.42787744 0.32139148
0.31870427 0.36613882 0.31515692
0.22686018 0.46870078 0.30443904
0.15026912 0.39902370 0.45070718
0.72400153 0.04618619 0.22981229
0.16548109 0.11354932 0.72096959
0.30274648 0.16591390 0.53133962
0.31637250 0.43144406 0.25218344
0.14962064 0.57172355 0.27865581
0.59512372 0.21568149 0.18919479
0.45465794 0.09107550 0.45426657
0.24888562 0.41549361 0.33562077
0.34805748 0.50399089 0.14795163
0.15525187 0.62171982 0.22302831
0.30512663 0.28360087 0.41127250
0.26362675 0.26672589 0.46964736
0.09278814 0.49325536 0.41395650
0.08589970 0.58710222 0.32699807
0.65039820 0.02570847 0.32389332
0.57304322 0.05186389 0.37509290
0.05954745 0.52950403 0.41094852
0.23227012 0.43961139 0.32811849
0.27122287 0.37752985 0.35124728
0.34332593 0.55193770 0.10473637
0.55727367 0.33007441 0.11265192
0.39810076 0.23845747 0.36344176
0.36222296 0.06834242 0.56943462
0.53800384 0.04504403 0.41695213
0.22548926 0.09445455 0.68005618
0.13825255 0.37167870 0.49006875
0.26932274 0.08494282 0.64573443
0.15596431 0.34161360 0.50242208
0.25874432 0.12452811 0.61672757
0.10549025 0.33805832 0.55645143
0.37669516 0.14025498 0.48304986
0.40612982 0.15152517 0.44234501
0.13062694 0.73313743 0.13623563
0.17661836 0.71538240 0.10799924
0.32389897 0.24863120 0.42746983
0.12998389 0.10649589 0.76352021
0.50570009 0.15659013 0.33770978
0.11714410 0.78938700 0.09346890
0.20695529 0.67947582 0.11356889
0.21019379 0.55584455 0.23396166
0.40195558 0.19476106 0.40328336
0.30487570 0.50418510 0.19093920
0.36797077 0.30522337 0.32680586
0.52827368 0.22564002 0.24608629
0.29774935 0.33799358 0.36425707
0.24072801 0.18825681 0.57101518
0.25393010 0.06616793 0.67990197
0.59615327 0.04705823 0.35678851
0.64361268 0.13244842 0.22393890
0.47351425 0.07003278 0.45645297
0.20066032 0.12551346 0.67382622
0.48991836 0.09517914 0.41490250
0.09962594 0.16901788 0.73135618
0.12218632 0.79210178 0.08571190
0.68331837 0.20327288 0.11340875
0.63810644 0.13434615 0.22754741
0.44314897 0.10475008 0.45210094
0.54667659 0.11481718 0.33850624
0.44946447 0.27523734 0.27529819
0.18841082 0.69996235 0.11162683
0.23308690 0.66635881 0.10055429
0.27376784 0.42158448 0.30464768
0.26018799 0.48218403 0.25762797
0.19043531 0.70088801 0.10867667
0.08484116 0.66595908 0.24919975
0.06045432 0.46396004 0.47558564
0.45471557 0.08405610 0.46122833
0.31287523 0.10167203 0.58545274
0.72763444 0.05775237 0.21461319
0.45781976 0.07294468 0.46923555
0.43301091 0.04530586 0.52168323
0.33758832 0.11356173 0.54884995
0.28453976 0.28984304 0.42561720
0.21588638 0.66619122 0.11792240
0.29345126 0.58256944 0.12397930
0.05691793 0.85519584 0.08788623
0.20951040 0.64018526 0.15030434
0.64673988 0.07122822 0.28203190
0.24447041 0.26052329 0.49500630
0.24221338 0.64065945 0.11712717
0.22557661 0.41495109 0.35947230
0.23083187 0.24019586 0.52897227
0.38614453 0.14127696 0.47257851
0.52538680 0.21257355 0.26203965
0.29150831 0.30424179 0.40424990
0.48426581 0.04276918 0.47296502
0.16619720 0.09041105 0.74339174
0.53543249 0.20397561 0.26059190
0.25339062 0.64915708 0.09745230
0.62681098 0.14755378 0.22563524
0.52251972 0.04027831 0.43720197
0.30652050 0.16091379 0.53256571
0.14499854 0.28563139 0.56937007
0.14779815 0.14690191 0.70529994
0.41457472 0.07666313 0.50876214
0.23174444 0.59745623 0.17079933
0.22653225 0.69668478 0.07678297
0.11593614 0.85375583 0.03030803
0.15115628 0.73532510 0.11351862
0.17008984 0.26495237 0.56495780
0.30371723 0.32932934 0.36695342
0.34659373 0.45651909 0.19688717
0.25855661 0.57464793 0.16679546
0.18772875 0.74037251 0.07189873
0.16299024 0.25152746 0.58548230
0.15889567 0.26278615 0.57831818
0.38885039 0.09593897 0.51521064
0.26653767 0.49412477 0.23933755
0.06509454 0.80361694 0.13128852
0.17629345 0.67269544 0.15101111
0.17286671 0.78709144 0.04004185
0.07114765 0.81369312 0.11515923
0.07078531 0.20229317 0.72692151
0.19197618 0.25855385 0.54946998
0.79364642 0.03315593 0.17319765
0.25804430 0.10661558 0.63534012
0.31795150 0.32814323 0.35390527
0.38244260 0.40280605 0.21475135
0.17833963 0.06409811 0.75756225
0.40345495 0.09945901 0.49708605
0.55558451 0.02001693 0.42439856
0.70705312 0.06255899 0.23038789
0.41864240 0.02384956 0.55750804
0.27361143 0.05647640 0.66991217
0.28157885 0.34738709 0.37103406
0.18965327 0.69592613 0.11442060
0.26781155 0.58751955 0.14466890
0.13671034 0.78934499 0.07394467
0.16369210 0.61281877 0.22348913
0.19164739 0.20344823 0.60490438
0.32112310 0.29539427 0.38348263
0.32807177 0.19675144 0.47517679
0.12512271 0.60619815 0.26867914
0.41662234 0.15529331 0.42808434
0.56278342 0.24371754 0.19349904
0.71431132 0.17159727 0.11409141
0.20965775 0.47808846 0.31225379
0.01793630 0.86855821 0.11350549
0.27034419 0.51001454 0.21964127
0.48326536 0.13526544 0.38146920
0.37231661 0.18867223 0.43901116
0.47232499 0.06617685 0.46149816
0.29603606 0.12871010 0.57525384
0.37858046 0.18798783 0.43343171
0.43775368 0.23252928 0.32971704
0.27058671 0.18746078 0.54195250
0.15973939 0.57004227 0.27021834
0.48460105 0.39366396 0.12173499
0.43055103 0.44851105 0.12093792
0.53191164 0.40741608 0.06067227
0.06060243 0.89620756 0.04319002
0.28358664 0.49523058 0.22118277
0.24423036 0.05200900 0.70376064
0.56131058 0.02651195 0.41217748
0.51588511 0.09209303 0.39202187
0.23432984 0.07825167 0.68741849
0.57259721 0.03017708 0.39722571
0.29247895 0.05095311 0.65656794
0.46915163 0.24017219 0.29067618
0.04592214 0.37691953 0.57715832
0.26395860 0.03098431 0.70505709
0.20722947 0.19386854 0.59890199
0.27078322 0.51476893 0.21444785
0.16370272 0.73535876 0.10093852
0.08363016 0.72817237 0.18819747
0.09762136 0.28589695 0.61648169
0.35940878 0.02679590 0.61379532
0.63917082 0.02678666 0.33404252
0.21149691 0.23451478 0.55398831
0.25954564 0.37948778 0.36096659
0.27147626 0.20372342 0.52480032
0.65900467 0.01349327 0.32750206
0.24768373 0.66529409 0.08702219
0.02050111 0.86319767 0.11630122
0.25642628 0.24958510 0.49398861
0.19026640 0.68315739 0.12657621
0.10657439 0.69171992 0.20170569
0.22213448 0.13486020 0.64300532
0.10537537 0.06050204 0.83412259
0.61597097 0.10502535 0.27900367
0.55596111 0.10845482 0.33558407
0.75197268 0.04530229 0.20272503
0.67423014 0.06195273 0.26381713
0.50411691 0.11197767 0.38390541
0.10897503 0.37921027 0.51181469
0.27337725 0.18049312 0.54612963
0.37876326 0.23308142 0.38815532
0.21715779 0.58796414 0.19487807
0.70284628 0.03543726 0.26171646
0.44641919 0.04711725 0.50646355
0.66437967 0.14752722 0.18809310
0.24092606 0.55151814 0.20755581
0.55764169 0.15545416 0.28690415
0.38797580 0.02067627 0.59134793
0.48087718 0.15299842 0.36612440
0.15481183 0.49180118 0.35338699
0.16265669 0.71072419 0.12661912
0.07724733 0.76826313 0.15448954
0.09114847 0.57680521 0.33204631
0.26094841 0.28128680 0.45776479
0.44333520 0.45053922 0.10612559
0.59319778 0.32271918 0.08408304
0.02444050 0.84925583 0.12630367
0.07368162 0.51461542 0.41170297
0.30228362 0.07963035 0.61808603
0.52317742 0.00860972 0.46821285
0.25731536 0.11667921 0.62600543
0.23988383 0.25693118 0.50318499
0.10047672 0.27281919 0.62670408
0.16268045 0.07090709 0.76641245
0.45316336 0.02241911 0.52441754
0.36990430 0.17134630 0.45874940
0.26985639 0.64851222 0.08163139
0.22928414 0.21065543 0.56006043
0.27423049 0.28893764 0.43683187
0.40889357 0.27130320 0.31980323
0.36319704 0.55822187 0.07858109
0.26653741 0.68595337 0.04750922
0.29238676 0.64568475 0.06192849
0.72035549 0.06632590 0.21331861
0.63543647 0.05153364 0.31302989
0.28915912 0.09171082 0.61913007
0.42148172 0.18153292 0.39698537
0.56693666 0.11508662 0.31797672
0.29244971 0.35341483 0.35413546
0.30487009 0.55579231 0.13933760
0.05113161 0.85683926 0.09202913
0.22396673 0.52145921 0.25457406
0.28647698 0.47778038 0.23574265
0.60380752 0.07360132 0.32259116
0.30655947 0.17634220 0.51709832
0.36332040 0.46882070 0.16785891
0.64329019 0.28265240 0.07405741
0.28496288 0.38857260 0.32646452
0.17285233 0.36206219 0.46508548
0.26306978 0.18213077 0.55479945
0.44235512 0.17216118 0.38548370
0.72825898 0.08499049 0.18675053
0.20958155 0.15329155 0.63712690
0.50513472 0.02983913 0.46502615
0.15660840 0.42919774 0.41419386
0.05285906 0.85642610 0.09071483
0.12319602 0.65112889 0.22567509
0.47074067 0.08066308 0.44859625
0.25162453 0.18159916 0.56677631
0.17991678 0.30103926 0.51904397
0.35589086 0.20050341 0.44360573
0.12059333 0.73179471 0.14761196
0.04009765 0.81737643 0.14252592
0.18817284 0.34358459 0.46824257
0.59550965 0.08511924 0.31937111
0.50236342 0.15117703 0.34645954
0.32565254 0.16915231 0.50519514
0.33459703 0.50489407 0.16050890
0.44373953 0.46789287 0.08836759
0.28509562 0.63675145 0.07815293
0.46011823 0.06437295 0.47550882
0.51385783 0.09234336 0.39379880
0.25602602 0.31801601 0.42595797
0.29548838 0.18692906 0.51758256
0.44187096 0.16464482 0.39348422
0.55031047 0.06516914 0.38452038
0.42508606 0.06602763 0.50888631
0.63516612 0.02138720 0.34344668
0.46309342 0.18998977 0.34691681
0.28750572 0.52258601 0.18990827
0.40344498 0.46002307 0.13653195
0.14748880 0.69461598 0.15789522
0.24043116 0.10366195 0.65590689
0.23754634 0.56362025 0.19883341
0.09133819 0.83463942 0.07402239
0.07692432 0.80046201 0.12261366
0.46507244 0.06902713 0.46590044
0.28144531 0.06737675 0.65117793
0.28830994 0.47921890 0.23247116
0.10685703 0.52754825 0.36559472
0.37734073 0.28530175 0.33735752
0.53309500 0.31648419 0.15042081
0.26002108 0.36989105 0.37008787
0.38494113 0.14528480 0.46977407
0.36632351 0.46392580 0.16975069
0.15057532 0.73085528 0.11856939
0.12781780 0.34435232 0.52782988
0.49901245 0.09069691 0.41029064
0.47065116 0.27188678 0.25746206
0.08136405 0.87166396 0.04697199
0.18584159 0.38935946 0.42479895
0.21702914 0.24394355 0.53902731
0.11967219 0.73605595 0.14427186
0.04724533 0.71150904 0.24124563
0.18281710 0.48982873 0.32735417
0.39639285 0.43150464 0.17210251
0.54752422 0.27118009 0.18129568
0.37800617 0.44143213 0.18056169
0.23146689 0.55069529 0.21783782
0.23706918 0.07816603 0.68476479
0.60370563 0.10576886 0.29052552
0.49370412 0.38506614 0.12122973
0.04272391 0.91310483 0.04417126
0.22244858 0.09201524 0.68553618
0.48856549 0.02381946 0.48761504
0.35545723 0.02869984 0.61584293
0.26972103 0.02657351 0.70370547
0.28630195 0.06518593 0.64851211
0.31210091 0.30255658 0.38534251
0.41558191 0.44575004 0.13866805
0.31161539 0.60906538 0.07931922
0.52939955 0.29954817 0.17105227
0.05823650 0.91801769 0.02374581
0.10363466 0.32890920 0.56745614
0.09762965 0.01903027 0.88334008
0.46491867 0.02350693 0.51157440
0.41115227 0.02052613 0.56832160
0.37730419 0.09272437 0.52997144
0.60487327 0.14422874 0.25089799
0.53396889 0.04649729 0.41953382
0.31960100 0.17244413 0.50795487
0.04243703 0.54276022 0.41480275
0.18554191 0.11968987 0.69476822
0.29586251 0.13410881 0.57002868
0.61070695 0.07446201 0.31483104
0.57055650 0.11828034 0.31116317
0.29364615 0.40642205 0.29993180
0.08113636 0.41900461 0.49985903
0.19689328 0.28492957 0.51817714
0.30158359 0.50354994 0.19486647
0.34098780 0.41354978 0.24546242
0.17142237 0.26901672 0.55956092
0.21805626 0.24416700 0.53777674
0.44894396 0.12421641 0.42683963
0.12342872 0.17960371 0.69696757
0.47209610 0.30556449 0.22233941
0.76939921 0.04108185 0.18951895
0.48085930 0.04079877 0.47834193
0.03351602 0.86741914 0.09906484
0.08974255 0.60206710 0.30819036
0.55551454 0.17761206 0.26687340
0.56904513 0.21706296 0.21389190
0.65105376 0.05137309 0.29757315
0.46130153 0.07411162 0.46458685
0.33800065 0.10115686 0.56084249
0.42566108 0.08293630 0.49140262
0.59128812 0.02127024 0.38744164
0.35448299 0.06928401 0.57623300
0.32724828 0.33564965 0.33710207
0.24265050 0.57678607 0.18056342
0.20608253 0.17300197 0.62091550
0.31660484 0.24675366 0.43664150
0.23906428 0.59279628 0.16813945
0.46948552 0.30401532 0.22649915
0.20399766 0.70849584 0.08750650
0.35987877 0.09200593 0.54811530
0.40927159 0.02767402 0.56305439
0.51255734 0.18299523 0.30444743
0.17440345 0.63016183 0.19543472
0.41324693 0.16582564 0.42092743
0.43238222 0.12761233 0.44000545
0.17534797 0.68267951 0.14197252
