0.17808469 0.27638596 0.54552935
0.49919960 0.18591599 0.31488441
0.38686744 0.11549742 0.49763514
0.23491283 0.14899450 0.61609267
0.21728443 0.48254596 0.30016961
0.55570155 0.15958151 0.28471694
0.28737832 0.46095401 0.25166767
0.26075399 0.47089851 0.26834749
0.48407098 0.17641826 0.33951076
0.42006356 0.35484813 0.22508832
0.65146115 0.04705822 0.30148063
0.78522784 0.03678600 0.17798617
0.19117217 0.44438608 0.36444175
0.07040836 0.72046846 0.20912318
0.22886433 0.08862367 0.68251200
0.11433776 0.22587357 0.65978867
0.14027272 0.67313718 0.18659010
0.16142808 0.79395298 0.04461894
0.53148246 0.33780689 0.13071065
0.41964827 0.34833802 0.23201371
0.16256078 0.12809376 0.70934546
0.17759586 0.43348553 0.38891860
0.35983985 0.51395939 0.12620076
0.17904285 0.26918941 0.55176774
0.21044013 0.16161947 0.62794040
0.46095596 0.23308795 0.30595609
0.34156247 0.40918271 0.24925482
0.17483102 0.66189541 0.16327357
0.05991168 0.87330403 0.06678430
0.15058156 0.44179081 0.40762763
0.68997502 0.18615978 0.12386520
0.60882266 0.29289082 0.09828652
0.29867787 0.44143170 0.25989044
0.51830391 0.14660247 0.33509363
0.27545552 0.20292076 0.52162373
0.22055693 0.19664229 0.58280078
0.29222974 0.20975320 0.49801706
0.43909753 0.31776880 0.24313367
0.09830413 0.27174177 0.62995410
0.32651163 0.21789970 0.45558867
0.26623730 0.66619336 0.06756934
0.08306194 0.29514679 0.62179127
0.39408787 0.15024684 0.45566530
0.81373728 0.01416577 0.17209695
0.27136288 0.58996286 0.13867426
0.52191207 0.19397468 0.28411325
0.20470359 0.52978070 0.26551571
0.19006949 0.42071749 0.38921302
0.25059533 0.09798958 0.65141509
0.39271239 0.20320746 0.40408015
0.63790709 0.06332084 0.29877207
0.17587453 0.03340448 0.79072099
0.27216886 0.27249521 0.45533593
0.21550789 0.30082596 0.48366615
0.10858595 0.07802216 0.81339189
0.47094502 0.18044232 0.34861267
0.02951631 0.88558084 0.08490284
0.17706920 0.66741603 0.15551477
0.03098198 0.91776521 0.05125281
0.08733139 0.60112842 0.31154019
0.08308698 0.46823347 0.44867955
0.34303130 0.26466336 0.39230534
0.09734532 0.67616482 0.22648985
0.68210318 0.03537439 0.28252243
0.58902975 0.11452546 0.29644478
0.05965422 0.62582709 0.31451868
0.01066621 0.98413259 0.00520120
0.40233332 0.23174544 0.36592123
0.54910186 0.02380798 0.42709016
0.73682424 0.11081438 0.15236137
0.68267854 0.14387492 0.17344654
0.06534618 0.65653226 0.27812156
0.45043594 0.02344019 0.52612386
0.11346323 0.79490367 0.09163310
0.16358858 0.56738000 0.26903141
0.49674035 0.03066042 0.47259924
0.32260088 0.01859588 0.65880324
0.26661780 0.31191214 0.42147006
0.08192230 0.79951173 0.11856598
0.02150311 0.93687998 0.04161690
0.00297817 0.99285538 0.00416645
0.06022983 0.91767051 0.02209966
0.00429102 0.97008237 0.02562661
0.34466412 0.26163102 0.39370485
0.31860191 0.02649781 0.65490028
0.36629773 0.26583994 0.36786233
0.48255121 0.11148075 0.40596804
0.25640310 0.13324553 0.61035137
0.20755160 0.52431782 0.26813058
0.35974613 0.16188703 0.47836684
0.42394889 0.28206103 0.29399007
0.50400304 0.15305515 0.34294182
0.75718307 0.04140804 0.20140888
0.46538723 0.28552035 0.24909243
0.14018710 0.35253246 0.50728044
0.19173087 0.01103194 0.79723719
0.31385419 0.31413090 0.37201490
0.19962811 0.20667936 0.59369253
0.17533226 0.68067430 0.14399344
0.03513596 0.93387014 0.03099390
0.15024248 0.17200407 0.67775345
0.37365896 0.01304238 0.61329866
0.22059960 0.31619353 0.46320687
0.05212982 0.17908649 0.76878369
0.30590384 0.15337788 0.54071828
0.36530319 0.31437553 0.32032128
0.12626748 0.71548777 0.15824476
0.69014083 0.11307413 0.19678503
0.30382587 0.08205868 0.61411545
0.29938008 0.20964862 0.49097130
0.24538770 0.55727739 0.19733492
0.33082104 0.23375263 0.43542632
0.30831160 0.15472799 0.53696041
0.15693843 0.14665663 0.69640494
0.05516369 0.60010335 0.34473296
0.12353534 0.68197649 0.19448817
0.73250577 0.01071499 0.25677925
0.50254938 0.09275885 0.40469178
0.04585507 0.68439024 0.26975469
0.36538078 0.43129433 0.20332489
0.63595654 0.19311389 0.17092957
0.05906318 0.08588726 0.85504956
0.02874064 0.93229989 0.03895947
0.66712938 0.23554709 0.09732353
0.80536603 0.11705485 0.07757912
0.44253199 0.04361375 0.51385426
0.79232906 0.04986328 0.15780766
0.33747698 0.32529644 0.33722658
0.12110168 0.81202196 0.06687635
0.08116338 0.90710381 0.01173281
0.32454689 0.56305819 0.11239491
0.37366117 0.30000038 0.32633845
0.39675528 0.44123899 0.16200573
0.11488478 0.51673419 0.36838103
0.28513586 0.28472725 0.43013689
0.20765548 0.45755939 0.33478513
0.46225355 0.03061334 0.50713311
0.90692672 0.00474441 0.08832888
0.64739892 0.17017778 0.18242330
0.48911367 0.03071072 0.48017561
0.19952356 0.06503964 0.73543680
0.38628782 0.13403678 0.47967541
0.31858587 0.42943948 0.25197465
0.16557833 0.76111510 0.07330657
0.27018016 0.55771503 0.17210481
0.04187160 0.90640617 0.05172223
0.25554536 0.48688681 0.25756784
0.70012092 0.01844787 0.28143121
0.34016901 0.19628642 0.46354457
0.31602602 0.53959016 0.14438382
0.17720784 0.61279141 0.21000075
0.39607913 0.15196235 0.45195852
0.41726843 0.08029879 0.50243278
0.56814092 0.19135065 0.24050843
0.54337878 0.37385874 0.08276249
0.62705338 0.03103402 0.34191261
0.21145589 0.02137534 0.76716877
0.32396181 0.14876913 0.52726906
0.39411907 0.52195519 0.08392574
0.81360891 0.05179254 0.13459855
0.33471045 0.01309946 0.65219009
0.20579235 0.14148421 0.65272343
0.04359034 0.36779451 0.58861515
0.19532517 0.35406015 0.45061468
0.21425413 0.17830216 0.60744371
0.26560211 0.65921571 0.07518218
0.08841119 0.89210560 0.01948321
0.07393814 0.91684961 0.00921225
0.05449795 0.30261777 0.64288428
0.43700252 0.18120304 0.38179444
0.33518307 0.52053666 0.14428027
0.44859404 0.35400853 0.19739743
0.12301498 0.83127292 0.04571210
0.05555993 0.30019233 0.64424774
0.08326578 0.19242938 0.72430484
0.26385509 0.25146979 0.48467512
0.15450496 0.75393421 0.09156083
0.05639636 0.89864951 0.04495413
0.25578173 0.69552434 0.04869393
0.21243681 0.72954267 0.05802052
0.09596127 0.72855884 0.17547989
0.13086143 0.02038193 0.84875664
0.12054860 0.04720335 0.83224805
0.14064321 0.53884668 0.32051011
0.41805527 0.04889345 0.53305128
0.30278158 0.07158159 0.62563683
0.31466562 0.36550740 0.31982697
0.13531928 0.21295027 0.65173045
0.25451866 0.53816037 0.20732098
0.21112691 0.71499953 0.07387356
0.20350951 0.69324199 0.10324851
0.27421018 0.50209849 0.22369133
0.06769694 0.63983772 0.29246534
0.09721998 0.35865571 0.54412431
0.31610253 0.13322457 0.55067290
0.13634272 0.67285468 0.19080261
0.52959416 0.34179301 0.12861283
0.34395907 0.49758776 0.15845317
0.37360776 0.59741332 0.02897893
0.28760368 0.67477814 0.03761818
0.20923202 0.16564067 0.62512732
0.33741359 0.02483129 0.63775512
0.57040563 0.01812658 0.41146779
0.27633601 0.00935389 0.71431010
0.13668494 0.08423062 0.77908444
0.39686092 0.02806810 0.57507097
0.25562134 0.04382209 0.70055657
0.59858278 0.11207283 0.28934440
0.02603594 0.53682420 0.43713986
0.05996008 0.01039799 0.92964193
0.50352042 0.29386942 0.20261017
0.12004054 0.67420938 0.20575008
0.11835155 0.83918585 0.04246260
0.07186904 0.74741084 0.18072012
0.05241069 0.21040064 0.73718867
0.48431080 0.01476564 0.50092356
0.80665258 0.02488341 0.16846401
0.10779327 0.55714108 0.33506566
0.13764965 0.61530953 0.24704082
0.41897703 0.09346770 0.48755527
0.55380054 0.02514564 0.42105382
0.25873138 0.06051631 0.68075231
0.39271913 0.07388867 0.53339220
0.34651190 0.02304481 0.63044330
0.49847205 0.07978866 0.42173929
0.83268684 0.03128215 0.13603101
0.49613025 0.11193158 0.39193817
0.15303421 0.25428235 0.59268345
0.33074585 0.06048907 0.60876508
0.37642836 0.08084252 0.54272912
0.28436848 0.21748477 0.49814675
0.70782450 0.01686567 0.27530982
0.60155057 0.01823192 0.38021751
0.73891248 0.05606325 0.20502427
0.16304052 0.61755921 0.21940027
0.54915581 0.27187634 0.17896784
0.30949251 0.02849972 0.66200777
0.51947100 0.09959282 0.38093618
0.11808051 0.45920093 0.42271856
0.04005905 0.83074070 0.12920024
0.04569521 0.71062094 0.24368384
0.09111306 0.55354508 0.35534185
0.21196646 0.73753405 0.05049949
0.34593367 0.60803231 0.04603403
0.48848495 0.40045382 0.11106123
0.07529731 0.70732783 0.21737486
0.02125766 0.25522955 0.72351279
0.56787311 0.08117727 0.35094962
0.47293314 0.00255675 0.52451011
0.26384539 0.04683889 0.68931572
0.15054370 0.12764432 0.72181197
0.02550541 0.46034280 0.51415179
0.12544531 0.05170934 0.82284535
0.22133799 0.01293149 0.76573052
0.43561366 0.13777967 0.42660667
0.11498634 0.87348203 0.01153162
0.14841420 0.59973464 0.25185116
0.15603660 0.23116037 0.61280304
0.56880635 0.21152857 0.21966508
0.19895850 0.72766433 0.07337717
0.03423924 0.73966168 0.22609908
0.15018047 0.58572734 0.26409219
0.05963496 0.78939009 0.15097495
0.20975620 0.47412121 0.31612259
0.68931809 0.05133279 0.25934912
0.44142480 0.19557818 0.36299702
0.81919445 0.14362045 0.03718510
0.14171032 0.64369098 0.21459870
0.29400357 0.07182252 0.63417392
0.61619040 0.12024946 0.26356014
0.39930312 0.07210739 0.52858949
0.72431730 0.05504921 0.22063349
0.34933331 0.07074758 0.57991911
0.06286471 0.65712366 0.28001163
0.17020251 0.77517819 0.05461930
0.10156349 0.88241817 0.01601834
0.07127981 0.89103079 0.03768940
0.31188061 0.14218343 0.54593596
0.50357994 0.03282080 0.46359926
0.30204947 0.17641158 0.52153895
0.02079261 0.91373972 0.06546767
0.03998862 0.63008765 0.32992373
0.41583433 0.21850464 0.36566102
0.36026807 0.06409935 0.57563258
0.22860231 0.32669787 0.44469982
0.37468037 0.12250546 0.50281418
0.02434532 0.59081807 0.38483660
0.02408617 0.86411066 0.11180318
0.16245077 0.23661957 0.60092967
0.65910914 0.12911490 0.21177596
0.54845868 0.22998436 0.22155696
0.29964555 0.19883465 0.50151980
0.11778881 0.84529445 0.03691673
0.07001277 0.91104355 0.01894368
0.06876010 0.92120444 0.01003546
0.26311522 0.19501614 0.54186864
0.40916990 0.26542183 0.32540827
0.20151487 0.61650977 0.18197536
0.23551560 0.33076057 0.43372383
0.52927033 0.07431980 0.39640987
0.48560092 0.22229435 0.29210473
0.73719659 0.03391002 0.22889339
0.61721185 0.00555328 0.37723487
0.36850903 0.56185216 0.06963881
0.18236326 0.36368163 0.45395511
0.53562487 0.20327728 0.26109785
0.34715141 0.43773788 0.21511071
0.06722399 0.91080752 0.02196848
0.13131619 0.67182469 0.19685912
0.35193606 0.03533378 0.61273016
0.11532181 0.34419570 0.54048249
0.00839508 0.97640223 0.01520269
0.14338829 0.39794870 0.45866300
0.37592175 0.52296869 0.10110956
0.07503420 0.86754445 0.05742135
0.03392575 0.87472369 0.09135056
0.73174896 0.01431958 0.25393146
0.33228805 0.09505110 0.57266085
0.02985059 0.23834523 0.73180418
0.09045373 0.02328360 0.88626268
0.13920211 0.10602505 0.75477284
0.68329991 0.09414765 0.22255244
0.84175791 0.04975051 0.10849158
0.12014283 0.68467164 0.19518553
0.07258144 0.81097369 0.11644487
0.38532133 0.22164330 0.39303537
0.11555980 0.78514939 0.09929081
0.29155221 0.40813210 0.30031569
0.18651993 0.13275169 0.68072838
0.11572403 0.36339752 0.52087844
0.26947652 0.14517450 0.58534898
0.17139105 0.21966078 0.60894817
0.58645873 0.04572603 0.36781525
0.82295101 0.01649957 0.16054941
0.24501869 0.07905428 0.67592703
0.00284932 0.95153908 0.04561160
0.07215308 0.54944022 0.37840669
0.62540063 0.06239830 0.31220108
0.71945073 0.09246758 0.18808169
0.78983261 0.03624056 0.17392683
0.38313437 0.02652994 0.59033568
0.24039434 0.20234369 0.55726197
0.38956694 0.05021278 0.56022028
0.40731169 0.00195163 0.59073669
0.42820244 0.04699571 0.52480185
0.40343853 0.48304672 0.11351475
0.46596532 0.41120416 0.12283052
