0.19337310 0.36110322 0.44552368
0.45453625 0.29861565 0.24684810
0.25947150 0.09269903 0.64782947
0.54241043 0.35271153 0.10487804
0.37502208 0.18689162 0.43808631
0.18167027 0.59579553 0.22253420
0.24913652 0.59415837 0.15670511
0.28846020 0.43815059 0.27338921
0.19578043 0.51385397 0.29036559
0.42559821 0.27753738 0.29686440
0.34023830 0.06796457 0.59179714
0.25581232 0.08625774 0.65792994
0.57467508 0.09865473 0.32667019
0.26147831 0.18125676 0.55726493
0.38106669 0.28382442 0.33510889
0.27205987 0.51188984 0.21605029
0.18947198 0.25410804 0.55641998
0.55407919 0.03377783 0.41214299
0.45739166 0.24327942 0.29932893
0.38146784 0.22749442 0.39103774
0.32980576 0.22396241 0.44623183
0.39474910 0.36396477 0.24128613
0.34503977 0.50449221 0.15046802
0.35613090 0.35182214 0.29204696
0.20298331 0.43588171 0.36113499
0.26679553 0.35619558 0.37700889
0.17011476 0.69374027 0.13614498
0.13211091 0.84469577 0.02319332
0.42817883 0.19740769 0.37441348
0.37329574 0.19769870 0.42900555
0.11298693 0.70568089 0.18133218
0.18568335 0.33248944 0.48182722
0.34690899 0.28730173 0.36578929
0.69520406 0.10444266 0.20035327
0.38090814 0.09708903 0.52200283
0.20999860 0.52617346 0.26382794
0.51385835 0.08272743 0.40341422
0.42108326 0.23018526 0.34873147
0.29660391 0.48831412 0.21508198
0.46316893 0.22248238 0.31434868
0.30033828 0.48325904 0.21640268
0.40506030 0.35048015 0.24445955
0.26788215 0.25899629 0.47312156
0.35910435 0.11606337 0.52483228
0.42963552 0.25130496 0.31905951
0.46586843 0.22743015 0.30670142
0.38261613 0.07956088 0.53782299
0.24815462 0.53547710 0.21636828
0.34773228 0.26273482 0.38953290
0.39273886 0.36336262 0.24389852
0.11609196 0.43354115 0.45036690
0.46639122 0.37606852 0.15754026
0.22350367 0.29846191 0.47803443
0.40223181 0.18558969 0.41217850
0.50483507 0.32743546 0.16772947
0.22382905 0.41033911 0.36583184
0.37920426 0.25614141 0.36465432
0.29311911 0.37219483 0.33468606
0.13027600 0.67876297 0.19096103
0.27394118 0.33595725 0.39010157
0.44158125 0.34490147 0.21351727
0.29196866 0.32814553 0.37988581
0.39010146 0.16505303 0.44484551
0.32907931 0.43872166 0.23219903
0.53409709 0.19817449 0.26772842
0.40307651 0.15865809 0.43826539
0.28656992 0.50422538 0.20920470
0.15534106 0.77838808 0.06627086
0.19328481 0.32165000 0.48506519
0.04962328 0.93524518 0.01513154
0.40689960 0.17383732 0.41926309
0.18424233 0.09578704 0.71997063
0.50557547 0.25373692 0.24068761
0.41735905 0.25540406 0.32723689
0.27538938 0.40547929 0.31913133
0.35438824 0.04605345 0.59955831
0.16700103 0.73623219 0.09676679
0.32996937 0.57447542 0.09555521
0.61629687 0.02240079 0.36130234
0.35004852 0.16026866 0.48968283
0.35675860 0.18617882 0.45706258
0.39415848 0.27376654 0.33207498
0.39899579 0.23512543 0.36587879
0.46749332 0.04323339 0.48927329
0.60214758 0.11875135 0.27910107
0.47417563 0.10651908 0.41930529
0.41713747 0.35487118 0.22799135
0.28477796 0.11814450 0.59707754
0.34851360 0.13653592 0.51495048
0.65306488 0.05205988 0.29487524
0.23922184 0.49685635 0.26392181
0.21178242 0.66388034 0.12433724
0.43028158 0.23384111 0.33587731
0.29845047 0.20260993 0.49893960
0.50578577 0.09850929 0.39570494
0.45038296 0.05398280 0.49563424
0.27980207 0.27120441 0.44899352
0.16580475 0.70472720 0.12946805
0.26713914 0.34848046 0.38438040
0.33168758 0.38392436 0.28438806
0.18602392 0.75637982 0.05759626
0.34838919 0.46030657 0.19130424
0.40725373 0.12367645 0.46906982
0.38625174 0.18119606 0.43255220
0.27513163 0.10439528 0.62047309
0.40566531 0.27294192 0.32139276
0.36160085 0.40042779 0.23797136
0.35890028 0.54008011 0.10101961
0.25140014 0.64314618 0.10545368
0.16866093 0.60424178 0.22709729
0.20672923 0.60996691 0.18330386
0.28184572 0.28378255 0.43437173
0.47098298 0.21325658 0.31576044
0.33938104 0.12579730 0.53482166
0.30743039 0.21035675 0.48221286
0.46010620 0.30028034 0.23961346
0.47490752 0.18131889 0.34377359
0.21162124 0.49711152 0.29126724
0.39588901 0.24623611 0.35787488
0.24612968 0.27711853 0.47675179
0.40479961 0.47445058 0.12074982
0.45021655 0.10171715 0.44806631
0.52501703 0.04626005 0.42872292
0.38542529 0.46773365 0.14684107
0.25038319 0.28149539 0.46812142
0.39681001 0.17243318 0.43075682
0.21929247 0.64131066 0.13939687
0.32476157 0.63607258 0.03916585
0.39804068 0.54874946 0.05320986
0.62254752 0.06184912 0.31560336
0.53094205 0.15561306 0.31344490
0.16061811 0.58208917 0.25729272
0.34896054 0.52261542 0.12842404
0.43610349 0.42735579 0.13654072
0.32462191 0.11777921 0.55759888
0.15264191 0.50341514 0.34394295
0.20223381 0.66160951 0.13615667
0.27992427 0.40671689 0.31335884
0.29754496 0.07077796 0.63167708
0.45547996 0.03799241 0.50652763
0.23297508 0.05461237 0.71241255
0.14473985 0.58013624 0.27512391
0.25129031 0.55653560 0.19217409
0.26387675 0.29901780 0.43710545
0.28946299 0.19416565 0.51637136
0.24820187 0.56330286 0.18849526
0.24559309 0.36608401 0.38832290
0.19768083 0.76069456 0.04162462
0.27561643 0.60132996 0.12305361
0.61983194 0.10442498 0.27574309
0.39117571 0.10982392 0.49900037
0.19099154 0.54414091 0.26486755
0.40335076 0.03656218 0.56008706
0.31237873 0.47098149 0.21663979
0.25826445 0.53613047 0.20560508
0.32383232 0.46239408 0.21377360
0.46468464 0.22820059 0.30711477
0.34480379 0.04922252 0.60597369
0.22860472 0.58149259 0.18990269
0.26594145 0.61728224 0.11677630
0.35346998 0.44793973 0.19859029
0.27299968 0.30292518 0.42407514
0.35609666 0.34103562 0.30286771
0.14805065 0.75163595 0.10031339
0.32846163 0.31313003 0.35840835
0.26896710 0.08116890 0.64986400
0.34803533 0.05802843 0.59393624
0.21343857 0.71218103 0.07438040
0.56901228 0.26442725 0.16656047
0.31504046 0.39367892 0.29128062
0.22192981 0.24301053 0.53505966
0.17614788 0.09979957 0.72405255
0.23575944 0.13199124 0.63224932
0.52087124 0.07100412 0.40812464
0.48203598 0.32092636 0.19703766
0.26902871 0.55697953 0.17399176
0.58375898 0.03590157 0.38033945
0.32567637 0.34703664 0.32728699
0.21901051 0.60132333 0.17966616
0.27895283 0.32492352 0.39612365
0.26208003 0.48012879 0.25779118
0.18429257 0.71316585 0.10254158
0.60925405 0.16194259 0.22880336
0.50909052 0.08208612 0.40882336
0.40691107 0.09887009 0.49421884
0.53956284 0.08697906 0.37345811
0.29765253 0.41958726 0.28276021
0.56406449 0.12353902 0.31239649
0.59914278 0.01783915 0.38301808
0.26654118 0.19635288 0.53710594
0.35437217 0.27685997 0.36876787
0.33539657 0.47647929 0.18812414
0.54301152 0.32146835 0.13552013
0.23185814 0.38013166 0.38801020
0.51977482 0.08118675 0.39903843
0.36083917 0.16911153 0.47004930
0.11926915 0.79425914 0.08647171
0.20337999 0.61752203 0.17909798
0.11409904 0.76987918 0.11602178
0.33982799 0.18582819 0.47434382
0.36701274 0.55231466 0.08067260
0.24838987 0.51997749 0.23163264
0.50578099 0.28816304 0.20605597
0.33211112 0.07507250 0.59281637
0.42194033 0.08175999 0.49629968
0.20366490 0.42261548 0.37371962
0.36745851 0.50276336 0.12977813
0.53482468 0.03052946 0.43464586
0.27571599 0.05952498 0.66475903
0.48866066 0.04438513 0.46695420
0.30562290 0.32825353 0.36612357
0.62524459 0.06895003 0.30580538
0.57663117 0.06149205 0.36187678
0.65613884 0.12414875 0.21971241
0.20937340 0.49317180 0.29745480
0.23494490 0.33073185 0.43432324
0.40359787 0.06430244 0.53209969
0.28839024 0.60845626 0.10315350
0.41081798 0.49320147 0.09598055
0.42053010 0.42193896 0.15753094
0.19603626 0.13760887 0.66635487
0.13649799 0.81428755 0.04921446
0.29109748 0.34416362 0.36473890
0.45350445 0.05755659 0.48893897
0.48042038 0.40175854 0.11782108
0.27662753 0.44009334 0.28327914
0.38640789 0.35196724 0.26162488
0.27787858 0.17062672 0.55149470
0.19130515 0.65044923 0.15824562
0.23728313 0.67403799 0.08867888
0.50054022 0.20701254 0.29244724
0.29504226 0.17388211 0.53107563
0.35558415 0.15543574 0.48898010
0.28894319 0.31087412 0.40018270
0.50770692 0.41126305 0.08103004
0.33236707 0.12047262 0.54716031
0.34139639 0.10480690 0.55379671
0.54651127 0.26709281 0.18639593
0.34094148 0.14673370 0.51232482
0.29542225 0.11877979 0.58579796
0.42006882 0.14987663 0.43005455
0.26845777 0.57563726 0.15590497
0.44249951 0.47536444 0.08213605
0.19355443 0.56881792 0.23762765
0.31865112 0.46576901 0.21557987
0.44922415 0.26134273 0.28943313
0.42671506 0.42246700 0.15081794
0.12570493 0.81693408 0.05736099
0.20507611 0.65375044 0.14117345
0.26025531 0.42425006 0.31549464
0.25229568 0.62756581 0.12013851
0.17807330 0.12377504 0.69815166
0.09058308 0.72273086 0.18668606
0.15556579 0.76388347 0.08055074
0.17348170 0.76853491 0.05798339
0.13226227 0.67777174 0.18996599
0.60617494 0.20078995 0.19303511
0.43217050 0.06389725 0.50393226
0.16978389 0.18882081 0.64139531
0.11224786 0.77157088 0.11618126
0.04729917 0.90469828 0.04800255
0.28074536 0.45008453 0.26917011
0.48552817 0.10432967 0.41014216
0.40666356 0.06585334 0.52748310
0.41806776 0.19975285 0.38217939
0.24728756 0.01348989 0.73922255
0.57040239 0.03472967 0.39486794
0.42906829 0.20270316 0.36822855
0.45179210 0.03539271 0.51281519
0.38819990 0.03715397 0.57464613
0.48705472 0.05951346 0.45343182
0.44795795 0.05799989 0.49404216
0.39779351 0.12141150 0.48079499
0.19778696 0.16995896 0.63225408
0.52476331 0.32944759 0.14578910
0.30739913 0.50952129 0.18307958
0.15430735 0.36969460 0.47599805
0.34665502 0.24364235 0.40970262
0.36266612 0.30448379 0.33285010
0.36478263 0.15425261 0.48096476
0.43208056 0.10438892 0.46353053
0.14925798 0.68938421 0.16135781
0.49829238 0.20309508 0.29861254
0.24468587 0.55294532 0.20236881
0.08633554 0.88639683 0.02726764
0.56167867 0.31053453 0.12778681
0.32812513 0.25643791 0.41543695
0.37423063 0.38216633 0.24360304
0.37369973 0.13285685 0.49344342
0.48083213 0.22844006 0.29072781
0.38538048 0.45262875 0.16199078
0.28009290 0.06754300 0.65236410
0.07889775 0.76034572 0.16075653
0.04861037 0.91801060 0.03337904
0.11999007 0.80082517 0.07918477
0.48217534 0.32175243 0.19607223
0.28431889 0.20591299 0.50976812
0.35789880 0.14458332 0.49751788
0.57954910 0.06546813 0.35498276
0.55875477 0.13314652 0.30809871
0.61120185 0.12409034 0.26470781
0.61028442 0.02968785 0.36002773
0.39449286 0.22419848 0.38130866
0.40344838 0.35615082 0.24040080
0.29343436 0.19027978 0.51628586
0.43464037 0.15703742 0.40832221
0.22237285 0.62705765 0.15056950
0.14748314 0.72403808 0.12847878
0.10070802 0.28840920 0.61088277
0.19460795 0.72034132 0.08505072
0.34880382 0.21065200 0.44054417
0.47708480 0.09362092 0.42929428
0.51226793 0.05545877 0.43227330
0.24899885 0.11580234 0.63519881
0.34180539 0.29004911 0.36814550
0.21654712 0.09614951 0.68730337
0.41870435 0.11778614 0.46350951
0.30587158 0.38898882 0.30513961
0.38679563 0.57224144 0.04096293
0.33034217 0.43036579 0.23929204
0.28533197 0.33137966 0.38328837
0.18888809 0.59609046 0.21502145
0.48384009 0.43385868 0.08230124
0.25132081 0.67730186 0.07137733
0.25443257 0.51402748 0.23153995
0.37517052 0.10834022 0.51648925
0.09815399 0.67341195 0.22843405
0.06868507 0.67606077 0.25525417
0.29752234 0.50835757 0.19412010
0.34484309 0.10533220 0.54982471
0.24829832 0.18583885 0.56586283
0.15945506 0.49616555 0.34437938
0.28131127 0.57197305 0.14671568
0.36660857 0.18057905 0.45281239
0.63840420 0.07981793 0.28177786
0.30500638 0.17614677 0.51884685
0.27973023 0.05542624 0.66484354
0.56437576 0.19796515 0.23765909
0.51488167 0.13242302 0.35269531
0.53561619 0.34126466 0.12311914
0.34565289 0.14629330 0.50805382
0.40505447 0.37074553 0.22420001
0.38242186 0.41449206 0.20308608
0.20446086 0.38272650 0.41281265
0.50178172 0.05569243 0.44252585
0.55194316 0.07852887 0.36952797
0.43140911 0.30421581 0.26437508
0.05391158 0.92073617 0.02535224
0.15404278 0.70342684 0.14253038
0.29861545 0.07953923 0.62184532
0.23256021 0.05769870 0.70974109
0.58889211 0.17090679 0.24020110
0.20408917 0.59777544 0.19813539
0.12724097 0.57322985 0.29952918
0.28741641 0.44551257 0.26707102
0.25201138 0.16118463 0.58680398
0.57129381 0.03595837 0.39274782
0.34732883 0.05670849 0.59596268
0.17346063 0.72772097 0.09881840
0.50731947 0.23370749 0.25897303
0.30907499 0.07284043 0.61808458
0.60852167 0.06918105 0.32229728
0.37297419 0.27520647 0.35181934
0.41417374 0.49804640 0.08777987
0.24869583 0.65952722 0.09177695
0.39015589 0.04801164 0.56183248
0.24827978 0.25303426 0.49868596
0.21778711 0.64355249 0.13866040
0.44283229 0.31403296 0.24313475
0.30437629 0.35501037 0.34061334
0.31426874 0.29602131 0.38970994
0.26408164 0.67690385 0.05901451
0.39456605 0.38732897 0.21810498
0.39642065 0.09669896 0.50688039
0.20062250 0.66995227 0.12942523
0.29676113 0.61475171 0.08848716
0.30062679 0.36854308 0.33083014
0.22138772 0.37380913 0.40480315
0.36801554 0.06328649 0.56869797
0.14725451 0.45639615 0.39634934
0.34280631 0.22204121 0.43515248
0.31204747 0.18285242 0.50510011
0.27506261 0.45961131 0.26532608
0.22720802 0.72698631 0.04580567
0.10234557 0.87113678 0.02651765
0.60242716 0.13550165 0.26207119
0.43903673 0.25873741 0.30222587
0.28977178 0.30521041 0.40501782
0.33616333 0.47241457 0.19142210
0.38424407 0.40196621 0.21378972
0.47003951 0.31050565 0.21945484
0.53610388 0.13275534 0.33114079
0.15084972 0.69576105 0.15338923
0.42195726 0.40454034 0.17350240
0.40121694 0.14452213 0.45426093
0.24882674 0.44804993 0.30312333
0.28344241 0.38615165 0.33040594
0.19734740 0.15253351 0.65011909
0.49791065 0.27204324 0.23004611
0.33207220 0.35787290 0.31005490
0.43301394 0.07762006 0.48936600
0.22821756 0.18845036 0.58333208
0.21950960 0.57540433 0.20508607
0.14712777 0.60463300 0.24823923
0.32505035 0.10418666 0.57076300
0.31709033 0.10037509 0.58253458
0.20614955 0.32113636 0.47271409
0.36193718 0.33626341 0.30179941
0.31355493 0.40281332 0.28363175
0.40498338 0.13582971 0.45918692
0.38583253 0.38654796 0.22761951
0.46705528 0.04376596 0.48917876
0.14888710 0.78158947 0.06952342
0.37731364 0.04150460 0.58118176
0.32664288 0.19927671 0.47408040
0.08001917 0.88201283 0.03796799
0.15759709 0.70004594 0.14235697
0.41326317 0.18985384 0.39688299
0.36448119 0.18221551 0.45330330
0.25157098 0.59353506 0.15489396
0.38192158 0.45881457 0.15926385
0.46923866 0.17176036 0.35900098
0.15249363 0.61153654 0.23596983
0.15795025 0.70759738 0.13445237
0.47269794 0.31716252 0.21013955
0.49862045 0.18650154 0.31487801
0.48543601 0.19594878 0.31861521
0.08849034 0.87305592 0.03845374
0.13987529 0.83204354 0.02808118
0.04716983 0.94406068 0.00876949
0.21285181 0.69021852 0.09692967
0.35829634 0.02248051 0.61922316
0.39478569 0.05121001 0.55400429
0.35558314 0.01991284 0.62450402
0.36871150 0.01209419 0.61919432
0.42010546 0.28052790 0.29936664
0.37398421 0.13499392 0.49102188
0.35131542 0.20237298 0.44631160
0.54955715 0.12227488 0.32816797
0.25409714 0.09835102 0.64755184
0.45793995 0.19355934 0.34850071
0.22256609 0.28929874 0.48813518
0.44871316 0.25915497 0.29213187
0.28723966 0.47839299 0.23436735
0.23861562 0.66183827 0.09954611
0.29369228 0.45804652 0.24826120
0.43443783 0.20626571 0.35929646
0.18658980 0.75650587 0.05690433
0.32140297 0.31323187 0.36536516
0.15408777 0.63387857 0.21203366
0.38705286 0.43268611 0.18026104
0.53864235 0.03383630 0.42752135
0.32793798 0.08061773 0.59144429
0.19181775 0.39593064 0.41225161
0.57225198 0.17115297 0.25659505
0.28006611 0.54354722 0.17638666
0.13793742 0.78639086 0.07567171
0.42345508 0.08653258 0.49001234
0.21373342 0.19854290 0.58772368
0.24721359 0.61777896 0.13500745
0.36993048 0.12780490 0.50226462
0.53313375 0.21969228 0.24717397
0.38127527 0.32567606 0.29304867
0.61692526 0.15493515 0.22813959
0.23658650 0.03341384 0.72999966
0.35141830 0.06406819 0.58451350
0.32968023 0.11807009 0.55224968
0.33200218 0.25330555 0.41469227
0.21983844 0.55204910 0.22811245
0.22808004 0.53156898 0.24035098
0.09691830 0.81815845 0.08492325
0.29769522 0.55019274 0.15211204
0.15763525 0.37254491 0.46981984
0.42126937 0.05254379 0.52618684
0.38452532 0.09231799 0.52315669
0.39565010 0.45302947 0.15132043
