0.56003283 0.17121648 0.26875069
0.39201827 0.27646776 0.33151398
0.50439111 0.04370380 0.45190510
0.45015559 0.16952237 0.38032204
0.27454009 0.47667077 0.24878915
0.30535767 0.13802247 0.55661986
0.64200009 0.10440974 0.25359016
0.19834882 0.41316851 0.38848267
0.44258437 0.26026918 0.29714645
0.41372641 0.16454349 0.42173011
0.10497782 0.29158273 0.60343945
0.37282230 0.34457576 0.28260194
0.40485406 0.08309336 0.51205258
0.28856363 0.31326526 0.39817110
0.37432727 0.46880174 0.15687099
0.25175930 0.65914533 0.08909537
0.57027573 0.26842866 0.16129561
0.39514235 0.18322050 0.42163715
0.18692110 0.22119254 0.59188636
0.31060239 0.46009616 0.22930144
0.60387644 0.33942655 0.05669701
0.20313567 0.31047632 0.48638801
0.40779992 0.06398049 0.52821958
0.59428176 0.19384211 0.21187614
0.26093227 0.53556962 0.20349810
0.33397139 0.55115904 0.11486957
0.24151335 0.67666072 0.08182593
0.42050419 0.26080169 0.31869412
0.52604173 0.26260974 0.21134853
0.66486156 0.21932432 0.11581411
0.22497859 0.30657213 0.46844928
0.54321867 0.22666809 0.23011324
0.18184747 0.35578792 0.46236461
0.34934641 0.34459133 0.30606226
0.11706205 0.47402911 0.40890884
0.55190033 0.32354470 0.12455497
0.25863590 0.40223428 0.33912982
0.26473260 0.39067625 0.34459115
0.27828915 0.64491144 0.07679942
0.22951082 0.43398453 0.33650465
0.16359128 0.34602723 0.49038149
0.21131401 0.57487598 0.21381001
0.19494095 0.78076549 0.02429356
0.44675823 0.34576949 0.20747227
0.29637056 0.50308675 0.20054268
0.50330012 0.14395597 0.35274391
0.40665408 0.09133935 0.50200657
0.32033604 0.10234899 0.57731498
0.36745574 0.22046871 0.41207554
0.19107117 0.11537631 0.69355252
0.36713881 0.33594294 0.29691825
0.53093540 0.15814639 0.31091821
0.42491089 0.11156483 0.46352428
0.37675974 0.31981478 0.30342549
0.16739443 0.62630828 0.20629730
0.52086506 0.18675416 0.29238078
0.17240514 0.62655442 0.20104045
0.07660357 0.87523981 0.04815662
0.20598904 0.66563390 0.12837705
0.27289502 0.36095255 0.36615243
0.18626534 0.54881386 0.26492080
0.20692485 0.64791884 0.14515631
0.43442529 0.22570547 0.33986924
0.42697624 0.13092248 0.44210128
0.15923815 0.74357391 0.09718795
0.39317977 0.53425788 0.07256235
0.76478879 0.09788484 0.13732636
0.51502748 0.09608241 0.38889011
0.49506230 0.20331270 0.30162500
0.60154196 0.11484387 0.28361417
0.47150100 0.08893781 0.43956120
0.20343138 0.06609175 0.73047687
0.12484777 0.37485981 0.50029242
0.66665933 0.12911569 0.20422498
0.31914010 0.06659101 0.61426889
0.32754312 0.04380996 0.62864692
0.46783156 0.09383568 0.43833276
0.23284304 0.18466992 0.58248704
0.35878167 0.17043700 0.47078133
0.06123999 0.89992640 0.03883361
0.28636977 0.47338026 0.24024996
0.30454641 0.07826217 0.61719141
0.34497441 0.55205032 0.10297527
0.41404547 0.42015791 0.16579662
0.46737100 0.13012363 0.40250537
0.51133138 0.03597174 0.45269688
0.06767226 0.84152526 0.09080248
0.34064764 0.59420780 0.06514455
0.27380843 0.64980583 0.07638574
0.30965604 0.56998587 0.12035809
0.23958203 0.68167697 0.07874100
0.25713700 0.50817430 0.23468870
0.44455731 0.16296592 0.39247677
0.33356066 0.27765587 0.38878347
0.15573712 0.74534866 0.09891422
0.44713018 0.35765759 0.19521223
0.49369740 0.19828316 0.30801944
0.10228557 0.26937424 0.62834019
0.17391085 0.40854885 0.41754030
0.50611044 0.23941471 0.25447485
0.72742985 0.14699172 0.12557843
0.20109209 0.70631546 0.09259245
0.34447108 0.27073072 0.38479820
0.21513838 0.02357143 0.76129019
0.31848280 0.30253559 0.37898161
0.49520375 0.04827648 0.45651977
0.18633309 0.11848876 0.69517815
0.14432702 0.47520716 0.38046581
0.35869893 0.48481753 0.15648353
0.36462918 0.16818871 0.46718212
0.18478807 0.06386097 0.75135096
0.41599815 0.38447883 0.19952302
0.35868987 0.08326307 0.55804706
0.49904604 0.26576584 0.23518812
0.42691942 0.26778675 0.30529383
0.23912500 0.04235957 0.71851543
0.43113268 0.18517022 0.38369710
0.41253791 0.32466114 0.26280095
0.74259176 0.04887772 0.20853052
0.33458347 0.20450979 0.46090674
0.60683636 0.16877302 0.22439063
0.23656257 0.66649010 0.09694733
0.36703514 0.15512769 0.47783716
0.10614385 0.24350275 0.65035340
0.48963802 0.44848394 0.06187804
0.38185230 0.56500315 0.05314455
0.29110463 0.59223163 0.11666375
0.23583521 0.44782341 0.31634138
0.39815420 0.40706792 0.19477787
0.73323452 0.16358036 0.10318512
0.55625903 0.27881085 0.16493013
0.31850425 0.15346928 0.52802647
0.19004777 0.29201540 0.51793684
0.23500625 0.33070705 0.43428670
0.18377870 0.33593041 0.48029089
0.19154546 0.56573896 0.24271558
0.46608117 0.40512507 0.12879377
0.17530640 0.77395142 0.05074218
0.17393606 0.61862289 0.20744104
0.38744263 0.42265849 0.18989888
0.22737267 0.62843069 0.14419664
0.42515836 0.14839837 0.42644327
0.64865970 0.19175074 0.15958956
0.29317367 0.35207092 0.35475541
0.67135636 0.06149533 0.26714831
0.33385414 0.41633486 0.24981100
0.28482172 0.47286559 0.24231269
0.34562632 0.20349348 0.45088021
0.33664930 0.24833274 0.41501796
0.37189401 0.38747978 0.24062621
0.44220231 0.14264777 0.41514992
0.42191517 0.16049981 0.41758503
0.58042064 0.29521697 0.12436239
0.53175240 0.16152704 0.30672056
0.39319199 0.06696130 0.53984671
0.24933609 0.28916216 0.46150175
0.25398419 0.55324719 0.19276863
0.16053512 0.66018400 0.17928089
0.30120029 0.28049380 0.41830591
0.33581736 0.09179580 0.57238684
0.37329360 0.41056668 0.21613972
0.40930738 0.34219679 0.24849583
0.34548301 0.02561038 0.62890661
0.14686020 0.13754262 0.71559718
0.23373612 0.60724892 0.15901496
0.61630662 0.19032129 0.19337208
0.66453757 0.24018994 0.09527248
0.27333983 0.44136281 0.28529736
0.32575035 0.34674998 0.32749967
0.29114826 0.57210858 0.13674316
0.16920359 0.35991139 0.47088502
0.17775081 0.17706528 0.64518391
0.35661972 0.28616134 0.35721895
0.28784847 0.36071398 0.35143756
0.32666483 0.19136640 0.48196876
0.29482986 0.32207502 0.38309512
0.54141966 0.15181527 0.30676506
0.29463528 0.42742084 0.27794388
0.49423286 0.09560263 0.41016451
0.38832853 0.28892242 0.32274905
0.11167580 0.80595989 0.08236431
0.60493979 0.31612841 0.07893179
0.47631759 0.20441331 0.31926910
0.25292187 0.46082636 0.28625177
0.47826981 0.42084829 0.10088190
0.24315611 0.67821212 0.07863177
0.25612495 0.68290112 0.06097393
0.30369228 0.18152759 0.51478012
0.28497212 0.24255010 0.47247778
0.36257564 0.52820376 0.10922060
0.43386438 0.30919579 0.25693982
0.37447170 0.03704594 0.58848236
0.22001353 0.51122858 0.26875788
0.15744419 0.12739190 0.71516391
0.17442615 0.13092540 0.69464845
0.16652579 0.52529272 0.30818149
0.33094533 0.26748803 0.40156664
0.30077274 0.55819199 0.14103528
0.60298090 0.19472560 0.20229350
0.61081042 0.06407281 0.32511677
0.23616397 0.16106742 0.60276860
0.28940522 0.67835281 0.03224197
0.25767432 0.67154437 0.07078131
0.42738979 0.46890049 0.10370972
0.55717329 0.04248769 0.40033902
0.36674533 0.17018433 0.46307034
0.42407543 0.30232991 0.27359466
0.21640136 0.73645791 0.04714072
0.26439234 0.71267409 0.02293357
0.52692704 0.32147303 0.15159993
0.48105735 0.25346556 0.26547709
0.35149933 0.33204563 0.31645504
0.15069937 0.22354727 0.62575335
0.15439614 0.09652687 0.74907698
0.18663357 0.05315976 0.76020668
0.17044850 0.13125372 0.69829778
0.24674901 0.41636556 0.33688543
0.31823451 0.02740015 0.65436534
0.17700678 0.09088409 0.73210913
0.24838759 0.32581095 0.42580146
0.35983634 0.40525259 0.23491107
0.53547133 0.25403258 0.21049609
0.20508994 0.26115699 0.53375307
0.25116758 0.51742185 0.23141057
0.19691742 0.53166424 0.27141833
0.40032424 0.03923123 0.56044453
0.50836770 0.08783076 0.40380154
0.36478234 0.56715221 0.06806545
0.24988371 0.71200599 0.03811030
0.64399363 0.09048493 0.26552145
0.42503900 0.19922097 0.37574003
0.53178143 0.21324636 0.25497221
0.38072244 0.47613977 0.14313779
0.46108106 0.10259760 0.43632134
0.31920337 0.10299385 0.57780278
0.28177400 0.13745813 0.58076787
0.35911601 0.48158429 0.15929970
0.77215806 0.08923654 0.13860540
0.33592211 0.03458009 0.62949779
0.21123513 0.62304267 0.16572220
0.14802770 0.42299027 0.42898203
0.19266765 0.35778334 0.44954901
0.19892974 0.55505523 0.24601503
0.36518178 0.50755360 0.12726462
0.47565387 0.41102450 0.11332163
0.29629664 0.59013242 0.11357094
0.45923470 0.39107305 0.14969224
0.24806904 0.23764885 0.51428211
0.62382639 0.17279635 0.20337726
0.43119174 0.39025820 0.17855007
0.43147227 0.41159660 0.15693113
0.56882710 0.28033288 0.15084001
0.35802675 0.25139755 0.39057570
0.31892490 0.24337390 0.43770121
0.26521891 0.25288216 0.48189893
0.17336369 0.66529659 0.16133972
0.21319895 0.49078838 0.29601268
0.31684269 0.63677869 0.04637863
0.35947560 0.42574021 0.21478420
0.28826445 0.39682444 0.31491110
0.26986288 0.11690003 0.61323708
0.37872820 0.07412860 0.54714320
0.36107619 0.25356022 0.38536359
0.21751020 0.24963604 0.53285376
0.14571670 0.50712708 0.34715622
0.27552579 0.38862228 0.33585192
0.17805563 0.04274533 0.77919904
0.16040248 0.05990852 0.77968900
0.17686703 0.34335166 0.47978132
0.25161572 0.11767054 0.63071374
0.21078539 0.08146834 0.70774627
0.16242940 0.07760108 0.75996953
0.12410754 0.21545379 0.66043867
0.43251611 0.51494067 0.05254321
0.22523782 0.71794794 0.05681423
0.57145655 0.19127866 0.23726479
0.34780257 0.19143842 0.46075901
0.15149092 0.35228761 0.49622147
0.24296136 0.63633291 0.12070573
0.44549128 0.26155542 0.29295329
0.51902572 0.24811202 0.23286227
0.24188295 0.20901978 0.54909726
0.54550232 0.14289732 0.31160036
0.26725812 0.49449651 0.23824537
0.06954550 0.85273511 0.07771939
0.17529072 0.53324113 0.29146815
0.55144572 0.25843844 0.19011584
0.41649742 0.35821980 0.22528278
0.47106257 0.32701470 0.20192273
0.52316484 0.11161701 0.36521815
0.58354729 0.07815398 0.33829873
0.27624646 0.46771812 0.25603543
0.52375785 0.29938338 0.17685877
0.20438189 0.19539472 0.60022339
0.32906842 0.43253489 0.23839669
0.51779474 0.13971556 0.34248969
0.40927791 0.19220711 0.39851498
0.35878003 0.50949866 0.13172131
0.52681471 0.41661303 0.05657227
0.50678726 0.20399550 0.28921725
0.28776407 0.17696160 0.53527434
0.14080230 0.31359976 0.54559794
0.36125641 0.01844280 0.62030079
0.26817987 0.20974211 0.52207803
0.26669058 0.05413552 0.67917390
0.40262396 0.11350277 0.48387327
0.34941737 0.31808700 0.33249563
0.14613302 0.71291125 0.14095572
0.18060892 0.10334045 0.71605063
0.68091624 0.15545447 0.16362929
0.35074884 0.56480986 0.08444131
0.18701569 0.76338652 0.04959779
0.26265804 0.44335157 0.29399039
0.46226205 0.11564358 0.42209438
0.37166953 0.19020647 0.43812401
0.40786817 0.23528752 0.35684431
0.13211400 0.71429232 0.15359368
0.15140031 0.45535632 0.39324336
0.49235803 0.07404873 0.43359324
0.23289107 0.04536480 0.72174413
0.18110095 0.54297140 0.27592765
0.48623168 0.16039407 0.35337425
0.37861315 0.09769640 0.52369045
0.33976902 0.15916521 0.50106577
0.22884610 0.53651609 0.23463782
0.53939408 0.20070770 0.25989823
0.57117430 0.04655819 0.38226751
0.21925959 0.31967499 0.46106542
0.24019742 0.09435428 0.66544830
0.14148648 0.39833924 0.46017429
0.54761097 0.07308282 0.37930621
0.56713950 0.06014207 0.37271843
0.52041486 0.15903017 0.32055497
0.27898379 0.06419019 0.65682602
0.23296501 0.15792465 0.60911034
0.42449478 0.12813061 0.44737462
0.55108348 0.06537088 0.38354563
0.34024353 0.08371835 0.57603811
0.21971782 0.11917056 0.66111162
0.13489786 0.81064722 0.05445492
0.19317175 0.74948890 0.05733935
0.40104148 0.14747860 0.45147992
0.42037478 0.31722618 0.26239904
0.19641494 0.50892760 0.29465747
0.16190088 0.63038099 0.20771813
0.40540958 0.38746803 0.20712238
0.33681820 0.36665785 0.29652394
0.32311978 0.63990710 0.03697312
0.40150976 0.47616838 0.12232186
0.34696647 0.33627893 0.31675460
0.15696623 0.43763377 0.40540000
0.15088955 0.12051880 0.72859165
0.30618400 0.09735003 0.59646597
0.16623735 0.04364542 0.79011724
0.19634499 0.24423896 0.55941606
0.39687815 0.09789964 0.50522221
0.19423389 0.60056531 0.20520079
0.39683719 0.11528142 0.48788139
0.21087062 0.10724543 0.68188395
0.20431036 0.57745998 0.21822966
0.17427458 0.81385875 0.01186666
0.29535732 0.64333649 0.06130619
0.39305753 0.11499913 0.49194334
0.31015595 0.42843897 0.26140508
0.11995595 0.76924446 0.11079959
0.05300259 0.92743109 0.01956632
0.16915370 0.80391452 0.02693178
0.66980846 0.26392894 0.06626261
0.46416105 0.14725448 0.38858447
0.20119659 0.45842117 0.34038224
0.27920620 0.48931548 0.23147833
0.43495370 0.49541709 0.06962921
0.39817445 0.48376639 0.11805917
0.19807768 0.71001801 0.09190431
0.65299623 0.16615025 0.18085351
0.31752734 0.45230198 0.23017067
0.18630724 0.65949178 0.15420098
0.24647245 0.42473062 0.32879693
0.29827277 0.26657878 0.43514845
0.29633547 0.52932809 0.17433644
0.12371606 0.56605369 0.31023025
0.22254312 0.65479735 0.12265953
0.69081552 0.04728958 0.26189490
0.68912868 0.04614250 0.26472882
0.33018673 0.12726592 0.54254735
0.32294223 0.18298052 0.49407724
0.27415920 0.17204157 0.55379923
0.31545566 0.03226341 0.65228093
0.54468676 0.06645593 0.38885731
0.19130955 0.58783463 0.22085582
0.33296539 0.43143612 0.23559849
0.24104412 0.18496002 0.57399585
0.34744063 0.12306985 0.52948953
0.25538690 0.31142171 0.43319140
0.29276193 0.14391573 0.56332234
0.24778032 0.38986389 0.36235579
0.11746186 0.83623984 0.04629830
0.22224871 0.33271887 0.44503242
0.45696619 0.32940226 0.21363155
0.47933742 0.34231038 0.17835220
0.25550976 0.40410379 0.34038645
0.16826927 0.64995950 0.18177123
0.07407878 0.87537306 0.05054816
0.20830937 0.71238911 0.07930152
0.20997877 0.46697267 0.32304856
0.40524061 0.31529359 0.27946580
0.20688933 0.68248960 0.11062106
0.33515733 0.42235218 0.24249049
0.49985240 0.11383556 0.38631204
0.27339446 0.53864396 0.18796158
0.44313170 0.30991391 0.24695439
0.41584883 0.03205642 0.55209474
0.21781793 0.09187265 0.69030942
0.44163803 0.30118412 0.25717785
0.21026345 0.73588406 0.05385249
0.20863190 0.21398044 0.57738767
0.25237904 0.11977665 0.62784431
0.20310778 0.55708722 0.23980500
0.32039450 0.63152234 0.04808315
0.41970324 0.52326462 0.05703214
0.56920392 0.11825874 0.31253733
0.60940004 0.11050143 0.28009853
0.46577274 0.16908092 0.36514634
0.39953721 0.44613449 0.15432831
0.58931153 0.10661237 0.30407610
0.33684559 0.50158895 0.16156546
0.07909799 0.81490401 0.10599800
0.24659943 0.44953198 0.30386859
0.36547745 0.21203264 0.42248991
0.20112886 0.76718388 0.03168726
0.19888589 0.72427871 0.07683540
0.64052667 0.01135788 0.34811544
0.08922020 0.29780309 0.61297672
0.10926349 0.72813904 0.16259747
0.52133769 0.18940898 0.28925333
0.41357641 0.53020667 0.05621692
0.17564694 0.77335737 0.05099569
0.16002142 0.69646618 0.14351239
0.26904243 0.61335327 0.11760430
0.04348088 0.93029990 0.02621922
0.29755123 0.60571616 0.09673261
0.39665244 0.22548151 0.37786605
0.32224175 0.37673068 0.30102757
0.21288998 0.04634138 0.74076864
0.44363377 0.12514223 0.43122400
0.52359193 0.34763558 0.12877249
0.12171975 0.67946304 0.19881721
0.22833885 0.11957467 0.65208648
0.16024209 0.02060886 0.81914905
0.13462643 0.01709544 0.84827812
0.24398615 0.02744624 0.72856762
0.17354970 0.05946670 0.76698361
0.28884455 0.56218383 0.14897162
0.41166799 0.49300425 0.09532776
0.41253370 0.46778428 0.11968202
0.62593033 0.33903175 0.03503792
0.08863759 0.89172004 0.01964236
0.17797076 0.37619549 0.44583375
0.35695145 0.01123357 0.63181497
0.39481060 0.02349919 0.58169021
0.06786678 0.01227808 0.91985515
0.26345393 0.14441198 0.59213409
0.60239036 0.17191342 0.22569622
0.64139995 0.11246233 0.24613772
0.49496546 0.11414555 0.39088899
0.21785560 0.19466245 0.58748194
0.37862982 0.07347193 0.54789825
0.51186487 0.15028209 0.33785304
0.44803473 0.11847108 0.43349419
0.67370959 0.14439179 0.18189862
0.22865591 0.68404276 0.08730133
0.52243115 0.42936429 0.04820455
0.77445428 0.08919510 0.13635061
0.33326456 0.48664860 0.18008684
0.21925610 0.43047988 0.35026402
0.25001387 0.30974495 0.44024118
0.21110867 0.47531395 0.31357739
0.13047818 0.52601901 0.34350281
0.27321992 0.08572912 0.64105096
0.50997964 0.06660685 0.42341352
0.47041423 0.11750254 0.41208323
0.09827393 0.29789660 0.60382947
0.04868652 0.79728580 0.15402767
0.45947791 0.11113457 0.42938752
0.59041186 0.08280620 0.32678194
0.39391902 0.23526581 0.37081517
0.26849830 0.42983678 0.30166492
0.38236352 0.16658363 0.45105286
0.11758798 0.52379568 0.35861634
0.48707511 0.18033788 0.33258702
0.46935857 0.02774080 0.50290063
0.31819938 0.10095661 0.58084401
0.28772088 0.55048280 0.16179632
0.45474183 0.40108522 0.14417294
0.51705876 0.27507697 0.20786426
0.64560579 0.14832174 0.20607247
0.09105165 0.84898110 0.05996725
0.30051061 0.40012012 0.29936926
0.13838541 0.63131137 0.23030322
0.36800865 0.11200015 0.51999121
0.36219087 0.04722842 0.59058071
0.22870686 0.56268921 0.20860394
0.67854087 0.28038749 0.04107164
0.70419184 0.16298097 0.13282719
0.35700328 0.44976281 0.19323391
0.27486628 0.64281140 0.08232232
0.34198038 0.31884845 0.33917117
