0.49578292 0.19343151 0.31078556
0.66114398 0.09227701 0.24657901
0.53505343 0.04254334 0.42240323
0.26291355 0.40673817 0.33034828
0.40708953 0.09530539 0.49760508
0.62934594 0.10154546 0.26910860
0.18263108 0.02513535 0.79223356
0.30281401 0.17311907 0.52406692
0.44088059 0.31665074 0.24246867
0.14113999 0.10763946 0.75122055
0.06201380 0.81051471 0.12747149
0.23389708 0.05344389 0.71265902
0.28239427 0.23179988 0.48580585
0.06829981 0.83216619 0.09953400
0.11045137 0.83990723 0.04964140
0.48370877 0.41873300 0.09755823
0.15286130 0.73659496 0.11054374
0.20365737 0.16594905 0.63039359
0.10900230 0.40144385 0.48955385
0.22990985 0.25205646 0.51803369
0.18486018 0.16791849 0.64722133
0.24486468 0.46261040 0.29252492
0.46885578 0.30867062 0.22247360
0.26073669 0.29392418 0.44533913
0.23970796 0.45207730 0.30821474
0.09514407 0.79485731 0.10999862
0.07517181 0.72662638 0.19820181
0.46737364 0.37315231 0.15947405
0.47694378 0.41340979 0.10964643
0.33865872 0.45339668 0.20794461
0.52355657 0.07545106 0.40099237
0.45552607 0.21513081 0.32934312
0.16476168 0.10181428 0.73342404
0.53352540 0.16861967 0.29785493
0.32079493 0.50483116 0.17437391
0.14968549 0.19021089 0.66010361
0.25000988 0.13132224 0.61866788
0.34566039 0.49365919 0.16068041
0.03604342 0.49948996 0.46446662
0.40542490 0.12636106 0.46821404
0.88090827 0.00862297 0.11046875
0.19244549 0.29474487 0.51280964
0.47020883 0.06492388 0.46486729
0.53064908 0.31526548 0.15408544
0.09341932 0.29187599 0.61470469
0.33799869 0.12464254 0.53735877
0.62211471 0.24324976 0.13463553
0.50894500 0.25223578 0.23881923
0.49146803 0.05338530 0.45514667
0.14698581 0.22208627 0.63092792
0.33217272 0.37892485 0.28890242
0.28972726 0.32116012 0.38911262
0.48062486 0.11890386 0.40047128
0.10287180 0.75994871 0.13717950
0.12606966 0.76317155 0.11075879
0.18279218 0.63731139 0.17989642
0.02390324 0.94627881 0.02981795
0.10549973 0.47462054 0.41987973
0.15506374 0.25962753 0.58530873
0.41953649 0.10942798 0.47103553
0.10719012 0.65520575 0.23760413
0.47664384 0.09225939 0.43109678
0.25805330 0.42347594 0.31847076
0.07609473 0.58597580 0.33792948
0.02128924 0.96057059 0.01814017
0.24820317 0.25405056 0.49774627
0.64862717 0.02262700 0.32874583
0.49671987 0.11338571 0.38989441
0.57790091 0.22323909 0.19886000
0.45456080 0.14423123 0.40120796
0.45422933 0.04811654 0.49765413
0.71851963 0.01355993 0.26792044
0.35364048 0.11557459 0.53078493
0.41236284 0.18615518 0.40148198
0.39133163 0.02541503 0.58325333
0.29849890 0.08359000 0.61791110
0.30882419 0.03486711 0.65630870
0.24452991 0.65105350 0.10441659
0.17595719 0.66566475 0.15837806
0.10892722 0.41970990 0.47136288
0.64898593 0.00936550 0.34164857
0.08235490 0.65532843 0.26231666
0.09238304 0.34037499 0.56724197
0.68168923 0.09545176 0.22285901
0.21926804 0.14979403 0.63093794
0.27443784 0.16990458 0.55565758
0.06294237 0.66904105 0.26801658
0.03203484 0.86841370 0.09955147
0.00206123 0.99430440 0.00363438
0.06010703 0.88219392 0.05769904
0.00956134 0.98275943 0.00767923
0.39913962 0.06978548 0.53107490
0.14397073 0.54230746 0.31372181
0.12477731 0.74157898 0.13364371
0.14581719 0.45838888 0.39579393
0.27464949 0.33969436 0.38565615
0.41919102 0.24742269 0.33338628
0.22066554 0.23341872 0.54591574
0.13079527 0.63056962 0.23863511
0.49831533 0.40125057 0.10043410
0.22014515 0.56873061 0.21112424
0.31364051 0.16173560 0.52462389
0.40167017 0.00382318 0.59450665
0.46610604 0.28650847 0.24738549
0.27826244 0.42772648 0.29401107
0.55439574 0.03923787 0.40636640
0.57296166 0.14031124 0.28672710
0.63088356 0.22785434 0.14126210
0.21601422 0.11962115 0.66436462
0.62225565 0.09810273 0.27964163
0.19904948 0.29118222 0.50976829
0.66519874 0.02744475 0.30735651
0.12136687 0.63450248 0.24413065
0.05945459 0.51648052 0.42406489
0.52787008 0.03054612 0.44158380
0.25941187 0.35365239 0.38693574
0.11089534 0.45784152 0.43126314
0.26062203 0.12015855 0.61921942
0.45305069 0.15278573 0.39416357
0.18813279 0.56683133 0.24503588
0.17323126 0.76134013 0.06542861
0.23739154 0.54662223 0.21598622
0.51747314 0.08423589 0.39829097
0.18556699 0.58837509 0.22605792
0.21249076 0.56166065 0.22584859
0.07710283 0.90223022 0.02066695
0.17125088 0.40442406 0.42432506
0.14841104 0.43801564 0.41357332
0.11010981 0.69050345 0.19938674
0.56787098 0.32715620 0.10497282
0.82791526 0.02313548 0.14894927
0.21402933 0.25191560 0.53405507
0.18805525 0.15990924 0.65203551
0.44507503 0.43855501 0.11636995
0.14592779 0.37508850 0.47898371
0.11615082 0.42491593 0.45893326
0.30776551 0.31294428 0.37929021
0.11658881 0.83781820 0.04559299
0.22058120 0.18599546 0.59342334
0.04923990 0.75092489 0.19983521
0.17425692 0.22700150 0.59874158
0.61034064 0.04388954 0.34576983
0.29639434 0.25509550 0.44851016
0.18067696 0.13361025 0.68571279
0.28496798 0.29704591 0.41798611
0.29519420 0.49243157 0.21237423
0.55403192 0.33003595 0.11593214
0.50241324 0.15776058 0.33982618
0.44728150 0.05385900 0.49885950
0.22700385 0.15397393 0.61902222
0.06068427 0.69534671 0.24396902
0.06444320 0.87938222 0.05617457
0.69965711 0.17004889 0.13029399
0.30824279 0.23525966 0.45649755
0.39667794 0.10520580 0.49811626
0.25821353 0.46569275 0.27609372
0.37665568 0.13060613 0.49273819
0.57190535 0.14741418 0.28068047
0.23375508 0.31235438 0.45389054
0.07199781 0.60151643 0.32648575
0.26671883 0.54905176 0.18422941
0.78616850 0.01292831 0.20090319
0.67631924 0.07005442 0.25362634
0.12098404 0.33844551 0.54057045
0.19819491 0.66799953 0.13380556
0.56043731 0.16142111 0.27814158
0.25327487 0.38431625 0.36240888
0.16582002 0.48017498 0.35400500
0.17650094 0.75467938 0.06881968
0.38371805 0.10211996 0.51416199
0.11214512 0.04797393 0.83988095
0.29204280 0.19324761 0.51470959
0.35873313 0.07531353 0.56595334
0.46708380 0.17889135 0.35402484
0.22369655 0.50694335 0.26936010
0.33381191 0.59515459 0.07103351
0.12800698 0.40724943 0.46474359
0.32406357 0.13642887 0.53950755
0.15391959 0.36638612 0.47969429
0.04458017 0.92852410 0.02689573
0.14837179 0.45982938 0.39179883
0.27541596 0.09338000 0.63120404
0.21804916 0.49598718 0.28596366
0.60425609 0.17142166 0.22432225
0.16119139 0.48949105 0.34931756
0.03163639 0.93797019 0.03039343
0.12923166 0.28630244 0.58446590
0.34259653 0.49057528 0.16682819
0.32476317 0.46729216 0.20794467
0.23042361 0.56872237 0.20085402
0.23238587 0.28343594 0.48417819
0.11811916 0.25943769 0.62244315
0.09981027 0.16584921 0.73434053
0.28032241 0.08723115 0.63244644
0.65531680 0.03162629 0.31305691
0.30575797 0.35783966 0.33640237
0.30060756 0.44144273 0.25794972
0.70743172 0.08285499 0.20971330
0.42256816 0.10896784 0.46846400
0.14093399 0.11966326 0.73940275
0.03561345 0.59244844 0.37193812
0.42339541 0.29564763 0.28095697
0.61234755 0.26820170 0.11945075
0.39949796 0.23638427 0.36411777
0.86580668 0.03917360 0.09501972
0.35453490 0.23695199 0.40851311
0.14221155 0.63526620 0.22252226
0.05367355 0.91011279 0.03621367
0.15519409 0.79655612 0.04824979
0.22698790 0.58371496 0.18929714
0.30054411 0.57017596 0.12927993
0.19499405 0.67549502 0.12951093
0.44454993 0.07163290 0.48381716
0.71843296 0.00542727 0.27613977
0.35134973 0.26515927 0.38349100
0.34395213 0.43970825 0.21633963
0.80390093 0.05195359 0.14414548
0.32687587 0.02406757 0.64905656
0.13458338 0.05287141 0.81254521
0.28128376 0.29392996 0.42478628
0.17691660 0.64401391 0.17906949
0.25396209 0.56277257 0.18326534
0.02875095 0.91478058 0.05646847
0.34198558 0.38477030 0.27324412
0.72281084 0.04823400 0.22895516
0.26225349 0.36685446 0.37089205
0.20495426 0.24667954 0.54836619
0.12099862 0.65900405 0.21999734
0.41002554 0.07211077 0.51786368
0.32000509 0.10030945 0.57968546
0.32917708 0.53506464 0.13575828
0.56480038 0.38799796 0.04720166
0.63307595 0.05977745 0.30714660
0.46891166 0.00563020 0.52545813
0.20894594 0.29686298 0.49419108
0.32757718 0.53709688 0.13532595
0.48022740 0.42888313 0.09088947
0.40399213 0.07669413 0.51931374
0.30118193 0.05405474 0.64476332
0.21384969 0.34830768 0.43784263
0.45703820 0.26883546 0.27412633
0.14151631 0.28554195 0.57294174
0.16236899 0.66789584 0.16973517
0.01938607 0.97031728 0.01029665
0.05997918 0.91827475 0.02174607
0.07931207 0.84744089 0.07324704
0.11603051 0.47481933 0.40915017
0.32515087 0.10595208 0.56889705
0.30428797 0.27955966 0.41615237
0.25566776 0.41259936 0.33173288
0.05596883 0.90897584 0.03505533
0.03003386 0.80488747 0.16507867
0.11443029 0.38763101 0.49793871
0.21306788 0.54608014 0.24085198
0.35046859 0.46504026 0.18449116
0.37712772 0.55003268 0.07283960
0.36591127 0.54910648 0.08498225
0.20342393 0.67516064 0.12141544
0.24593964 0.45633588 0.29772448
0.29313082 0.24477727 0.46209191
0.29738455 0.04955751 0.65305795
0.30414736 0.05863174 0.63722090
0.15178216 0.09638789 0.75182995
0.41751053 0.12383171 0.45865776
0.34736630 0.30878480 0.34384890
0.45941037 0.08597595 0.45461368
0.36122070 0.03695280 0.60182650
0.44646098 0.05649016 0.49704886
0.45701147 0.24363348 0.29935505
0.72156863 0.00834075 0.27009062
0.40293915 0.03727131 0.55978954
0.37222517 0.10601458 0.52176026
0.19715963 0.55053911 0.25230126
0.16245180 0.49779412 0.33975407
0.30716163 0.39987303 0.29296534
0.05532277 0.75224001 0.19243722
0.22315965 0.43410578 0.34273457
0.81172056 0.05958704 0.12869240
0.29863824 0.23356163 0.46780013
0.08010420 0.62137080 0.29852499
0.36110556 0.25101575 0.38787869
0.34529171 0.12691476 0.52779353
0.62329912 0.10133596 0.27536492
0.03080022 0.48147762 0.48772216
0.01795847 0.89117007 0.09087146
0.49357889 0.11701793 0.38940317
0.39187502 0.01449682 0.59362815
0.37101818 0.25991711 0.36906471
0.69073019 0.05616280 0.25310701
0.66334558 0.06944668 0.26720774
0.04284826 0.82040936 0.13674238
0.15038321 0.71397145 0.13564534
0.53167064 0.15692741 0.31140195
0.28175665 0.46161456 0.25662879
0.28754825 0.62976218 0.08268957
0.10430177 0.73336254 0.16233569
0.22917055 0.72324272 0.04758673
0.49672397 0.45695058 0.04632545
0.14631463 0.08193365 0.77175172
0.51476298 0.00685680 0.47838022
0.70126225 0.01389251 0.28484524
0.32688958 0.01153672 0.66157370
0.42152738 0.11962988 0.45884274
0.58575709 0.07081787 0.34342504
0.44133779 0.05817038 0.50049183
0.51549426 0.05248959 0.43201616
0.15011682 0.34138009 0.50850310
0.30982602 0.08703099 0.60314300
0.44722995 0.41764300 0.13512705
0.06773697 0.43755285 0.49471018
0.06047950 0.88952043 0.05000007
0.14820836 0.60540171 0.24638992
0.08587626 0.34493332 0.56919041
0.63689662 0.01425407 0.34884931
0.66191596 0.03700177 0.30108227
0.16548296 0.45375755 0.38075949
0.38398508 0.50858436 0.10743056
0.70368618 0.11640143 0.17991239
0.53854843 0.21819562 0.24325594
0.33565512 0.39053887 0.27380602
0.01795683 0.91151402 0.07052915
0.50661654 0.09310254 0.40028093
0.15873771 0.37142156 0.46984073
0.22733576 0.23459671 0.53806753
0.34398329 0.20869613 0.44732058
0.34030042 0.12195313 0.53774644
0.27742914 0.07867212 0.64389873
0.37017452 0.03726024 0.59256525
0.41407953 0.17882610 0.40709437
0.85312521 0.08663826 0.06023653
0.26296985 0.55711841 0.17991174
0.30513783 0.12395512 0.57090705
0.44156738 0.08063808 0.47779454
0.50317202 0.04519216 0.45163582
0.41084423 0.19942776 0.38972801
0.52281336 0.06346681 0.41371983
0.73873562 0.01429194 0.24697244
0.68521168 0.03009367 0.28469465
0.20584283 0.25462952 0.53952765
0.27210437 0.04713421 0.68076143
0.33858503 0.03294981 0.62846516
0.36775140 0.06439498 0.56785362
0.22533361 0.30467847 0.46998792
0.03964241 0.71165880 0.24869879
0.03890844 0.55711141 0.40398014
0.19632525 0.59857478 0.20509998
0.07092135 0.85812134 0.07095731
0.08810340 0.71759606 0.19430053
0.15343820 0.57572302 0.27083877
0.41434179 0.40542698 0.18023123
0.09484605 0.52003608 0.38511788
0.83345948 0.07120286 0.09533767
0.80405145 0.00377818 0.19217037
0.63548190 0.03874819 0.32576991
0.26290904 0.18835927 0.54873169
0.04277821 0.22984696 0.72737484
0.15896862 0.05933048 0.78170091
0.28326028 0.01603490 0.70070482
0.51364173 0.09927673 0.38708154
0.04910270 0.87670168 0.07419561
0.06174304 0.66215955 0.27609741
0.24094118 0.22863873 0.53042009
0.38325375 0.24230243 0.37444382
0.06288650 0.77326348 0.16385002
0.04902209 0.88414090 0.06683701
0.00571971 0.99084580 0.00343448
0.48544330 0.38200425 0.13255246
0.31358713 0.34124534 0.34516753
0.22230354 0.57071960 0.20697686
0.05147335 0.84467851 0.10384814
0.16592124 0.34981458 0.48426418
0.18223212 0.24208152 0.57568637
0.25675976 0.46438125 0.27885899
0.15698793 0.76402828 0.07898378
0.17866302 0.63442675 0.18691023
0.30150968 0.55129617 0.14719415
0.32494716 0.55147491 0.12357793
0.36570487 0.28489882 0.34939631
0.27449626 0.61928265 0.10622109
0.08477300 0.76467077 0.15055623
0.08656886 0.78725241 0.12617873
0.45880880 0.08502857 0.45616263
0.56970832 0.11434033 0.31595135
0.37448265 0.07220145 0.55331590
0.65020932 0.10195565 0.24783503
0.80688494 0.05753324 0.13558182
0.38799539 0.05617401 0.55583060
0.28294257 0.03313115 0.68392627
0.26262587 0.09771450 0.63965964
0.04486670 0.44101594 0.51411736
0.38777258 0.29883994 0.31338749
0.53528070 0.04427054 0.42044877
0.36249061 0.33006857 0.30744082
0.56549460 0.11522711 0.31927829
0.07071883 0.23846201 0.69081917
0.16562025 0.29857488 0.53580487
0.46178234 0.09376677 0.44445088
0.52105258 0.07859587 0.40035155
0.31118331 0.48032560 0.20849110
0.35849393 0.14198430 0.49952178
0.16880094 0.74809981 0.08309925
0.01420283 0.97266689 0.01313028
0.02432231 0.97175612 0.00392156
0.12911173 0.59760363 0.27328464
0.18814102 0.32074342 0.49111556
0.39154626 0.31888421 0.28956953
0.10500242 0.66490527 0.23009231
0.27313463 0.05809504 0.66877033
0.29405133 0.37337628 0.33257240
0.73208116 0.02951484 0.23840399
0.48910639 0.01309853 0.49779507
0.06966094 0.08942705 0.84091201
0.25194151 0.16859418 0.57946431
0.48643948 0.35253448 0.16102604
0.52081973 0.27958511 0.19959515
0.21875482 0.21037404 0.57087114
0.49740101 0.24226479 0.26033420
0.04292326 0.87789455 0.07918219
0.03694464 0.92009364 0.04296172
0.70091029 0.00867721 0.29041250
0.61763409 0.06100224 0.32136366
0.22554211 0.18949979 0.58495811
0.10162225 0.82159108 0.07678668
0.42271288 0.40907195 0.16821517
0.22713564 0.68918563 0.08367873
0.30196894 0.12708134 0.57094972
0.68919501 0.10674205 0.20406294
0.40165899 0.37423071 0.22411029
0.02911736 0.94854179 0.02234085
0.16810461 0.69774794 0.13414745
0.30569193 0.22858993 0.46571814
0.19822528 0.32591725 0.47585747
0.00602199 0.97130198 0.02267603
0.03442858 0.74921431 0.21635711
0.17084554 0.73271709 0.09643738
0.01670654 0.92174091 0.06155255
0.13535665 0.76796631 0.09667704
0.10696471 0.63280941 0.26022589
0.69983758 0.11768576 0.18247667
0.19684523 0.52385551 0.27929927
0.29751170 0.12679060 0.57569770
0.10714174 0.60202712 0.29083114
0.37355035 0.08410593 0.54234372
0.49808791 0.03978366 0.46212843
0.47987083 0.19245790 0.32767127
0.09175593 0.56629297 0.34195110
0.22443465 0.40488832 0.37067703
0.47834047 0.00791823 0.51374130
0.62139254 0.00581575 0.37279171
0.28873152 0.06043424 0.65083423
0.46751459 0.18875287 0.34373254
0.38697782 0.36315189 0.24987029
0.37449631 0.48801453 0.13748917
0.37586887 0.58327489 0.04085624
0.08911593 0.86190450 0.04897957
0.01747680 0.95929597 0.02322723
0.15066820 0.51313521 0.33619659
0.58133590 0.01259679 0.40606731
0.39936256 0.00546179 0.59517565
0.61654713 0.00668702 0.37676585
0.12530622 0.10787935 0.76681443
0.43172133 0.02633581 0.54194287
0.64845716 0.03237970 0.31916314
0.38421856 0.07247302 0.54330842
0.16520049 0.12024136 0.71455815
0.48579955 0.01580351 0.49839694
0.15061556 0.21861836 0.63076608
0.67921838 0.20861828 0.11216334
0.67046078 0.07308788 0.25645134
0.03847324 0.82789786 0.13362890
0.07082110 0.80292094 0.12625796
0.26598246 0.27676251 0.45725502
0.15323995 0.76526061 0.08149943
0.39332517 0.23271415 0.37396068
0.28829219 0.05741688 0.65429093
0.09450126 0.22467073 0.68082801
0.36074472 0.08071078 0.55854450
0.42906828 0.35596533 0.21496639
0.61327554 0.03729315 0.34943131
0.55951497 0.03395486 0.40653017
0.31848194 0.14557748 0.53594058
0.01353289 0.90628708 0.08018002
0.15562976 0.59672949 0.24764075
0.61809023 0.05925521 0.32265456
0.69544918 0.09403976 0.21051106
0.73066568 0.03921131 0.23012300
0.54488260 0.06096706 0.39415034
0.24823213 0.27312900 0.47863888
0.28923469 0.09124916 0.61951615
0.33603784 0.00166086 0.66230129
0.38992614 0.07032589 0.53974797
0.51241350 0.34602031 0.14156619
0.51962791 0.39160412 0.08876797
0.63435861 0.20620731 0.15943408
0.09383275 0.71357324 0.19259401
0.05285470 0.71837963 0.22876567
0.28427336 0.54334544 0.17238120
0.06075137 0.85245845 0.08679018
0.53140344 0.18912885 0.27946772
0.57918926 0.12175710 0.29905364
0.24307746 0.10193052 0.65499202
0.46480632 0.27026007 0.26493361
0.26923008 0.49663114 0.23413878
0.24263103 0.48627917 0.27108980
0.18188248 0.75527045 0.06284708
0.28208478 0.56541809 0.15249713
0.08136312 0.75306982 0.16556705
