0.33088379 0.50415301 0.16496320
0.54916764 0.11579042 0.33504194
0.64118975 0.15034391 0.20846635
0.17451698 0.43551896 0.38996406
0.29044298 0.22367458 0.48588244
0.47841843 0.04234952 0.47923204
0.59293727 0.08066296 0.32639978
0.30134596 0.47487532 0.22377872
0.48694416 0.26551243 0.24754341
0.23877168 0.28176643 0.47946189
0.13925182 0.51257184 0.34817635
0.57519992 0.22782030 0.19697979
0.22681893 0.28288109 0.49029999
0.21268434 0.54920630 0.23810936
0.23040695 0.59137519 0.17821786
0.30555608 0.33708260 0.35736132
0.40931614 0.30424006 0.28644380
0.28178231 0.16805628 0.55016140
0.35438340 0.25099083 0.39462577
0.32167131 0.30879995 0.36952875
0.34832978 0.27594042 0.37572980
0.29877125 0.24461844 0.45661032
0.24251857 0.27588849 0.48159294
0.50444657 0.18746590 0.30808753
0.18934787 0.44620114 0.36445099
0.10206500 0.75023219 0.14770281
0.17326411 0.58717404 0.23956184
0.45162676 0.32137885 0.22699439
0.53121390 0.27677240 0.19201370
0.48358362 0.23224308 0.28417330
0.44670314 0.15587978 0.39741708
0.28244673 0.17551104 0.54204223
0.42675652 0.13918315 0.43406032
0.46713896 0.11922482 0.41363622
0.36009455 0.47128696 0.16861849
0.18040356 0.28058660 0.53900984
0.31532482 0.24748918 0.43718600
0.21656081 0.59735274 0.18608645
0.21044147 0.12189755 0.66766099
0.50771990 0.11959237 0.37268773
0.57553821 0.02111520 0.40334659
0.31065545 0.25324339 0.43610117
0.51460905 0.18573767 0.29965328
0.16477868 0.25744443 0.57777689
0.16220929 0.61058333 0.22720738
0.41768933 0.24103998 0.34127069
0.26209616 0.22301819 0.51488565
0.57023393 0.05095062 0.37881546
0.25127090 0.06120768 0.68752142
0.34745540 0.18738599 0.46515861
0.13042294 0.41743034 0.45214673
0.09422748 0.14263032 0.76314220
0.30852415 0.11271896 0.57875689
0.07617688 0.77809103 0.14573209
0.20955974 0.41944381 0.37099644
0.17780218 0.68275852 0.13943930
0.09792491 0.57166297 0.33041211
0.14837989 0.22807973 0.62354038
0.10655081 0.52568216 0.36776704
0.31940725 0.33722415 0.34336859
0.15533402 0.56945647 0.27520950
0.67939717 0.06750152 0.25310131
0.68687006 0.03773780 0.27539214
0.10288122 0.44646583 0.45065295
0.01036237 0.97934848 0.01028915
0.24214845 0.48530108 0.27255047
0.33012004 0.15717312 0.51270684
0.46734493 0.34994178 0.18271330
0.48410113 0.17544290 0.34045597
0.38456917 0.19118154 0.42424929
0.34996570 0.04382178 0.60621252
0.74849751 0.02927639 0.22222611
0.78276022 0.01876619 0.19847359
0.36459965 0.27568945 0.35971090
0.27713259 0.33893867 0.38392875
0.33315999 0.26678076 0.40005925
0.76196270 0.07053960 0.16749770
0.12785143 0.77041277 0.10173580
0.06698390 0.73939216 0.19362394
0.15216706 0.47868456 0.36914838
0.33203525 0.22672795 0.44123679
0.22473745 0.61751226 0.15775029
0.11912381 0.65357789 0.22729830
0.29744733 0.10320976 0.59934291
0.44003774 0.03002711 0.52993515
0.43849873 0.07436071 0.48714056
0.12115692 0.63311319 0.24572989
0.04435126 0.85902549 0.09662326
0.02256875 0.96141180 0.01601945
0.13895766 0.82901504 0.03202729
0.02172954 0.83963742 0.13863304
0.17578504 0.62761848 0.19659647
0.57067694 0.08689030 0.34243276
0.17157170 0.33366731 0.49476099
0.23163859 0.44390176 0.32445965
0.25011798 0.38390739 0.36597463
0.22722521 0.33621499 0.43655981
0.20692658 0.22199407 0.57107935
0.30749876 0.33740775 0.35509348
0.27570366 0.60317235 0.12112398
0.10904419 0.80661196 0.08434385
0.27879945 0.45980167 0.26139888
0.72921731 0.02740784 0.24337486
0.39992494 0.18594887 0.41412619
0.24508535 0.35396973 0.40094492
0.28234789 0.09502491 0.62262720
0.71957822 0.03146555 0.24895623
0.52980807 0.18940642 0.28078550
0.60261077 0.09579293 0.30159629
0.63553332 0.03552233 0.32894435
0.30505181 0.15848170 0.53646649
0.16997302 0.35842573 0.47160125
0.58474563 0.25743535 0.15781903
0.26687403 0.36455812 0.36856785
0.23593380 0.03694236 0.72712384
0.27665208 0.37081159 0.35253633
0.23376107 0.52724413 0.23899480
0.26012996 0.13309886 0.60677118
0.21807681 0.25433733 0.52758586
0.36308461 0.27183000 0.36508539
0.49588189 0.22078824 0.28332987
0.40659437 0.12898238 0.46442325
0.36991759 0.09432016 0.53576225
0.16055956 0.67565253 0.16378791
0.03263261 0.92222482 0.04514257
0.04684726 0.89469508 0.05845766
0.28674790 0.45629332 0.25695878
0.53681100 0.17393693 0.28925206
0.49167692 0.32947621 0.17884687
0.26831298 0.52405547 0.20763155
0.68541867 0.04002709 0.27455424
0.57540080 0.07838702 0.34621219
0.24093213 0.12128288 0.63778499
0.35860345 0.02531911 0.61607743
0.20412792 0.04120243 0.75466965
0.18133613 0.31124058 0.50742329
0.14836111 0.74083247 0.11080642
0.17362943 0.54680060 0.27956996
0.54818731 0.32573417 0.12607852
0.08879264 0.86474003 0.04646733
0.09545718 0.31413054 0.59041228
0.40949854 0.25632253 0.33417894
0.37690099 0.20816633 0.41493268
0.25333211 0.42765331 0.31901459
0.32008523 0.36673991 0.31317486
0.22861993 0.46786394 0.30351613
0.15074477 0.40138032 0.44787491
0.72637027 0.04617861 0.22745113
0.16766130 0.11524023 0.71709848
0.15653255 0.53247631 0.31099114
0.22478623 0.54831474 0.22689903
0.15015975 0.57329886 0.27654139
0.59496212 0.21696698 0.18807091
0.45667131 0.09218995 0.45113874
0.24875964 0.41757323 0.33366713
0.34847076 0.50501571 0.14651354
0.15637787 0.62169156 0.22193058
0.30490858 0.28544192 0.40964950
0.26501890 0.26790747 0.46707363
0.09341957 0.49282772 0.41375272
0.08631844 0.58972579 0.32395578
0.65281315 0.02589394 0.32129291
0.57537355 0.05224295 0.37238351
0.06010121 0.53032669 0.40957210
0.23389992 0.44048600 0.32561408
0.27282680 0.37788884 0.34928437
0.34359127 0.55211524 0.10429349
0.55928497 0.32843244 0.11228259
0.39934006 0.24017995 0.36047999
0.36440542 0.06902889 0.56656568
0.54080146 0.04530291 0.41389562
0.22710929 0.09530809 0.67758262
0.13883459 0.37230753 0.48885789
0.27178472 0.08507514 0.64314014
0.15688551 0.34516315 0.49795134
0.26188843 0.12542780 0.61268377
0.10679349 0.34017971 0.55302680
0.37991917 0.14102452 0.47905631
0.40719772 0.15203085 0.44077143
0.13053272 0.73325775 0.13620953
0.17779978 0.71424805 0.10795217
0.32616053 0.24925508 0.42458439
0.13192050 0.10707795 0.76100155
0.50843549 0.15682419 0.33474032
0.11814917 0.78883621 0.09301463
0.20690253 0.67929669 0.11380078
0.21159035 0.55562188 0.23278778
0.40282305 0.19561003 0.40156692
0.30589129 0.50464663 0.18946209
0.36952825 0.30533888 0.32513287
0.53040656 0.22478253 0.24481091
0.29818028 0.34014701 0.36167271
0.24276825 0.19004566 0.56718609
0.25674513 0.06703311 0.67622176
0.60015184 0.04740226 0.35244590
0.64559384 0.13237103 0.22203514
0.47577534 0.07061934 0.45360532
0.20249944 0.12703434 0.67046622
0.49343830 0.09640830 0.41015339
0.10108152 0.17170887 0.72720961
0.12318304 0.79146975 0.08534721
0.68402119 0.20308627 0.11289254
0.63918624 0.13462704 0.22618672
0.44571160 0.10602059 0.44826781
0.54897346 0.11531680 0.33570974
0.45190207 0.27532064 0.27277729
0.18777245 0.70107853 0.11114902
0.23467315 0.66478690 0.10053995
0.27414288 0.42201651 0.30384061
0.26066245 0.48235051 0.25698703
0.19105432 0.70044680 0.10849888
0.08559106 0.66548905 0.24891989
0.06118760 0.46545923 0.47335317
0.45772312 0.08477612 0.45750076
0.31663372 0.10273834 0.58062794
0.72918387 0.05753071 0.21328542
0.45920359 0.07393634 0.46686007
0.43786661 0.04574212 0.51639127
0.31287632 0.05186093 0.63526275
0.61217440 0.08215341 0.30567220
0.21709384 0.66530043 0.11760573
0.29600615 0.57985826 0.12413560
0.05757957 0.85379527 0.08862516
0.20900443 0.64109630 0.14989927
0.64946254 0.07172051 0.27881695
0.24662972 0.26188598 0.49148429
0.24286349 0.64022808 0.11690843
0.22587201 0.41688839 0.35723960
0.23259193 0.24177647 0.52563160
0.38896506 0.14204955 0.46898539
0.52817530 0.21144560 0.26037910
0.29310438 0.30534609 0.40154953
0.48812773 0.04311577 0.46875650
0.16865494 0.09129477 0.74005029
0.53746479 0.20499097 0.25754424
0.25452066 0.64826379 0.09721555
0.62808804 0.14745658 0.22445537
0.52661816 0.04047136 0.43291048
0.30802370 0.16227074 0.52970556
0.14586348 0.28651360 0.56762291
0.14955950 0.14893500 0.70150549
0.41791529 0.07739601 0.50468870
0.23244640 0.59784665 0.16970695
0.22570682 0.69759739 0.07669579
0.11555618 0.85427770 0.03016612
0.15265973 0.73385326 0.11348701
0.17193789 0.26667070 0.56139141
0.30463547 0.33091281 0.36445172
0.34656792 0.45714088 0.19629120
0.25943463 0.57405740 0.16650796
0.18794173 0.74006467 0.07199360
0.16304924 0.25271724 0.58423352
0.15986225 0.26378146 0.57635630
0.39201783 0.09627029 0.51171188
0.26508297 0.49741278 0.23750425
0.06574911 0.80358550 0.13066538
0.17807846 0.67078130 0.15114025
0.17317732 0.78683819 0.03998449
0.07172827 0.81300727 0.11526446
0.07138060 0.20452599 0.72409341
0.19392308 0.26045275 0.54562417
0.79532765 0.03329200 0.17138034
0.26082661 0.10679354 0.63237985
0.31955763 0.32901707 0.35142530
0.38358205 0.40281562 0.21360233
0.17985679 0.06479253 0.75535068
0.40607245 0.10010546 0.49382209
0.55836879 0.02008702 0.42154419
0.70885725 0.06284164 0.22830111
0.42167900 0.02406369 0.55425731
0.27626832 0.05727894 0.66645274
0.25809477 0.03818332 0.70372191
0.14502811 0.37312937 0.48184253
0.26925377 0.58702768 0.14371855
0.13750525 0.78876222 0.07373254
0.16431318 0.61381885 0.22186797
0.19330709 0.20456253 0.60213037
0.32397298 0.29519709 0.38082993
0.33008005 0.19750531 0.47241464
0.12563930 0.60761680 0.26674389
0.41798499 0.15668083 0.42533417
0.56546648 0.24302702 0.19150650
0.71498800 0.17116632 0.11384568
0.20937709 0.47957730 0.31104560
0.01802169 0.86960275 0.11237556
0.27253080 0.50943475 0.21803446
0.48477951 0.13662766 0.37859283
0.37420511 0.18950846 0.43628643
0.47566089 0.06650563 0.45783348
0.29748686 0.13049353 0.57201961
0.57912532 0.23979702 0.18107766
0.40765630 0.34019566 0.25214804
0.27264309 0.18789468 0.53946223
0.16014143 0.57234937 0.26750921
0.48409754 0.39432669 0.12157577
0.43131349 0.44815537 0.12053115
0.53165411 0.40774933 0.06059656
0.06100892 0.89548475 0.04350633
0.28460536 0.49509957 0.22029507
0.24740314 0.05271391 0.69988296
0.56402912 0.02682694 0.40914394
0.51908446 0.09228294 0.38863260
0.23595234 0.07889689 0.68515077
0.57630141 0.03041685 0.39328174
0.29532817 0.05140382 0.65326802
0.47155579 0.23936950 0.28907471
0.04642575 0.37901163 0.57456262
0.26723985 0.03133592 0.70142422
0.20915982 0.19580948 0.59503070
0.27233087 0.51514359 0.21252554
0.16434156 0.73433019 0.10132825
0.08405177 0.72816450 0.18778374
0.09812170 0.28881534 0.61306296
0.36335328 0.02690314 0.60974358
0.64221879 0.02696739 0.33081382
0.21367682 0.23633606 0.54998712
0.26097591 0.38099320 0.35803089
0.27314365 0.20463503 0.52222132
0.66233854 0.01356246 0.32409899
0.43344076 0.26376842 0.30279082
0.08907327 0.82800819 0.08291854
0.25796345 0.25024450 0.49179205
0.19208210 0.68261133 0.12530657
0.10691387 0.69339377 0.19969236
0.22380438 0.13515070 0.64104493
0.10691860 0.06156584 0.83151556
0.61803649 0.10500161 0.27696190
0.55766785 0.10878501 0.33354714
0.75351699 0.04541952 0.20106349
0.67633437 0.06204236 0.26162326
0.50634834 0.11335476 0.38029690
0.10992418 0.38330725 0.50676857
0.27532368 0.18074304 0.54393328
0.37983858 0.23433467 0.38582675
0.21912353 0.58683923 0.19403724
0.70521665 0.03561600 0.25916735
0.45039778 0.04755336 0.50204886
0.66581406 0.14746368 0.18672227
0.24074068 0.55163346 0.20762586
0.55945888 0.15460443 0.28593669
0.39190455 0.02088332 0.58721213
0.48355681 0.15358311 0.36286008
0.15638066 0.49172479 0.35189454
0.16376357 0.70926747 0.12696896
0.07812496 0.76812247 0.15375257
0.09262387 0.57703212 0.33034401
0.26128486 0.28248581 0.45622933
0.44378661 0.45096189 0.10525150
0.59301033 0.32306619 0.08392348
0.02460331 0.84977633 0.12562036
0.07459528 0.51726689 0.40813783
0.30520269 0.08059571 0.61420160
0.52668042 0.00872231 0.46459726
0.25983889 0.11778922 0.62237189
0.24206744 0.25823134 0.49970122
0.10115160 0.27491407 0.62393433
0.16535804 0.07161786 0.76302410
0.45806411 0.02255222 0.51938367
0.37029660 0.17255035 0.45715304
0.27127337 0.64723606 0.08149056
0.23048157 0.21103123 0.55848720
0.27623561 0.29119451 0.43256988
0.41140625 0.27073922 0.31785453
0.36527317 0.55628700 0.07843983
0.26750219 0.68504757 0.04745024
0.29272302 0.64536300 0.06191398
0.72339138 0.06602393 0.21058469
0.63761108 0.05163694 0.31075197
0.29195455 0.09201428 0.61603117
0.42506070 0.18094697 0.39399234
0.56934305 0.11471506 0.31594189
0.29272319 0.35459345 0.35268336
0.30539038 0.55549740 0.13911222
0.05142636 0.85666737 0.09190627
0.22423009 0.52382517 0.25194474
0.28747010 0.47822379 0.23430610
0.60610683 0.07414475 0.31974841
0.30723722 0.17733871 0.51542406
0.36323939 0.46971816 0.16704245
0.10523119 0.56968273 0.32508609
0.27859190 0.47235166 0.24905645
0.17331246 0.36679586 0.45989168
0.26514658 0.18377030 0.55108312
0.44353079 0.17327917 0.38319004
0.72890918 0.08564008 0.18545074
0.21184030 0.15479585 0.63336385
0.50880396 0.03015496 0.46104107
0.26572220 0.04321325 0.69106454
0.21871024 0.07400456 0.70728520
0.12355521 0.65080102 0.22564378
0.47454958 0.08098369 0.44446673
0.25306876 0.18262583 0.56430541
0.18070720 0.30195392 0.51733889
0.35895374 0.20058001 0.44046625
0.12131399 0.73158457 0.14710144
0.04024542 0.81753961 0.14221497
0.18930103 0.34559764 0.46510132
0.59802539 0.08578630 0.31618831
0.50516673 0.15117599 0.34365729
0.32876329 0.16969214 0.50154457
0.33591683 0.50364435 0.16043882
0.44158727 0.47022700 0.08818573
0.28521757 0.63671624 0.07806619
0.46218825 0.06490667 0.47290508
0.51725929 0.09285084 0.38988987
0.25808120 0.31786200 0.42405681
0.29723933 0.18833880 0.51442187
0.44269595 0.16551460 0.39178944
0.55216733 0.06555858 0.38227409
0.42874493 0.06722111 0.50403396
0.63878294 0.02142905 0.33978800
0.46514456 0.19056349 0.34429195
0.28841175 0.52308482 0.18850343
0.40375090 0.45988054 0.13636856
0.14837528 0.69487562 0.15674909
0.24401013 0.10485231 0.65113755
0.23786979 0.56504170 0.19708851
0.09107551 0.83507743 0.07384706
0.07759928 0.79917077 0.12322995
0.46817879 0.06971734 0.46210387
0.28311833 0.06821536 0.64866630
0.28958561 0.47983239 0.23058201
0.10670990 0.53057663 0.36271347
0.37958987 0.28622885 0.33418128
0.53540556 0.31586566 0.14872878
0.26228293 0.37264963 0.36506744
0.38772527 0.14712705 0.46514769
0.36846446 0.46236371 0.16917183
0.15118503 0.73027298 0.11854199
0.12841217 0.34638006 0.52520778
0.50107094 0.09061425 0.40831481
0.47318235 0.27020049 0.25661717
0.08209563 0.87077508 0.04712929
0.18724839 0.39063345 0.42211816
0.21899599 0.24553691 0.53546710
0.11969447 0.73629549 0.14401004
0.04788475 0.71071544 0.24139982
0.18400777 0.49087408 0.32511815
0.39858749 0.43004543 0.17136709
0.54782113 0.27101395 0.18116492
0.37952323 0.43959865 0.18087812
0.23311443 0.54891142 0.21797415
0.23947468 0.07864500 0.68188031
0.60625013 0.10569975 0.28805012
0.49356902 0.38555854 0.12087244
0.04320366 0.91265691 0.04413942
0.22423874 0.09337916 0.68238209
0.49285046 0.02411253 0.48303701
0.35954553 0.02896476 0.61148971
0.27264643 0.02695745 0.70039612
0.28978976 0.06583816 0.64437208
0.31363506 0.30454176 0.38182318
0.41611090 0.44630728 0.13758182
0.31022342 0.61077554 0.07900105
0.53066822 0.29886246 0.17046932
0.05857121 0.91757053 0.02385826
0.10456508 0.33026931 0.56516561
0.09979824 0.01935442 0.88084734
0.46941401 0.02380952 0.50677647
0.41572126 0.02085866 0.56342008
0.38010219 0.09369999 0.52619782
0.60665324 0.14491549 0.24843127
0.53719488 0.04682597 0.41597915
0.31985173 0.17482068 0.50532760
0.04286449 0.54417369 0.41296181
0.18694694 0.12176784 0.69128522
0.29657490 0.13515158 0.56827352
0.61279614 0.07488411 0.31231975
0.57206768 0.11837706 0.30955526
0.29593068 0.40482879 0.29924052
0.08188022 0.42102566 0.49709412
0.19867922 0.28538126 0.51593952
0.30230352 0.50409293 0.19360356
0.34174482 0.41456512 0.24369006
0.17342264 0.27086449 0.55571287
0.21937171 0.24475954 0.53586875
0.45108620 0.12576997 0.42314383
0.12454642 0.18185648 0.69359709
0.47309210 0.30622871 0.22067919
0.77144848 0.04115740 0.18739412
0.48472734 0.04115653 0.47411613
0.03384278 0.86747577 0.09868145
0.09058898 0.60308944 0.30632158
0.55666324 0.17748785 0.26584891
0.57040222 0.21674053 0.21285725
0.65363757 0.05159915 0.29476328
0.46552748 0.07419998 0.46027253
0.33963989 0.10206221 0.55829791
0.42793268 0.08393636 0.48813096
0.59411844 0.02135521 0.38452635
0.35840155 0.06944204 0.57215641
0.32817518 0.33717265 0.33465217
0.24300903 0.57704904 0.17994193
0.20833873 0.17510929 0.61655198
0.31918859 0.24679396 0.43401745
0.24018953 0.59086187 0.16894860
0.47019672 0.30369302 0.22611026
0.20523544 0.70745259 0.08731197
0.36167246 0.09238867 0.54593887
0.41416884 0.02804055 0.55779061
0.51309990 0.18487429 0.30202582
0.17482026 0.63142626 0.19375347
0.41565544 0.16718767 0.41715689
0.43293587 0.12851381 0.43855032
0.17590337 0.68228613 0.14181050
0.15566828 0.64239074 0.20194098
0.09500855 0.77819455 0.12679690
