0.50638813 0.04316997 0.45044190
0.45057791 0.16722659 0.38219550
0.27750245 0.47023699 0.25226056
0.30893813 0.13555759 0.55550428
0.32089330 0.09048436 0.58862234
0.47371981 0.25849365 0.26778654
0.44552867 0.25567159 0.29879974
0.41570432 0.16109585 0.42319983
0.10587143 0.28644709 0.60768148
0.37446927 0.33867881 0.28685192
0.40618776 0.08172125 0.51209099
0.29178960 0.30865160 0.39955880
0.37572501 0.46631179 0.15796320
0.25451513 0.65484805 0.09063682
0.57183868 0.26522038 0.16294094
0.39824812 0.18069232 0.42105956
0.18793434 0.21663100 0.59543466
0.31371216 0.45458720 0.23170064
0.60715058 0.33520687 0.05764255
0.20502191 0.30650711 0.48847098
0.41001121 0.06262906 0.52735973
0.59646405 0.19037949 0.21315646
0.26371343 0.52887190 0.20741467
0.33923464 0.54348916 0.11727620
0.24765514 0.66843980 0.08390506
0.42483307 0.25666874 0.31849819
0.52847320 0.25960468 0.21192212
0.66701681 0.21575073 0.11723246
0.22707164 0.30223776 0.47069059
0.54526424 0.22284940 0.23188636
0.18447622 0.34865586 0.46686793
0.35192338 0.33941037 0.30866625
0.11870185 0.46754439 0.41375375
0.55821287 0.31710458 0.12468255
0.26274770 0.39451803 0.34273427
0.26670983 0.38557562 0.34771455
0.28372221 0.63741680 0.07886099
0.23261983 0.42852197 0.33885821
0.16486825 0.34190043 0.49323132
0.21452346 0.56840448 0.21707205
0.19691334 0.77844617 0.02464049
0.44996802 0.34100647 0.20902550
0.29779680 0.50085399 0.20134921
0.50572101 0.14143131 0.35284768
0.40931554 0.08943268 0.50125179
0.32221163 0.09991715 0.57787122
0.37131510 0.21556503 0.41311987
0.19188245 0.11254215 0.69557540
0.37068027 0.32940898 0.29991075
0.53361791 0.15524907 0.31113302
0.42755668 0.10971578 0.46272754
0.38404197 0.31023194 0.30572609
0.16952141 0.62105532 0.20942327
0.52305786 0.18481633 0.29212581
0.17468238 0.62034693 0.20497069
0.07788042 0.87260496 0.04951462
0.20930920 0.65930076 0.13139004
0.27444512 0.35738328 0.36817160
0.18928610 0.54211977 0.26859413
0.21100023 0.64038872 0.14861106
0.43884699 0.22098631 0.34016670
0.42729951 0.12972852 0.44297198
0.16252453 0.73917820 0.09829727
0.39737637 0.52924791 0.07337572
0.76683985 0.09525992 0.13790023
0.51544852 0.09427310 0.39027838
0.49443509 0.20087452 0.30469039
0.60351350 0.11219359 0.28429291
0.47405141 0.08707508 0.43887351
0.20490324 0.06524773 0.72984903
0.12641116 0.37003004 0.50355879
0.66857504 0.12740330 0.20402166
0.32044282 0.06524829 0.61430889
0.32859724 0.04294995 0.62845281
0.47129802 0.09250211 0.43619987
0.23434613 0.18240624 0.58324764
0.22891656 0.63786885 0.13321459
0.15706374 0.78967221 0.05326405
0.29079349 0.46509008 0.24411643
0.30547630 0.07663413 0.61788957
0.34976038 0.54564617 0.10459345
0.41750003 0.41483281 0.16766716
0.46955052 0.12802318 0.40242630
0.51340576 0.03555887 0.45103537
0.06893348 0.83795494 0.09311157
0.34362127 0.59003406 0.06634467
0.27716490 0.64525398 0.07758112
0.31411912 0.56365512 0.12222576
0.24352270 0.67624186 0.08023543
0.25850310 0.50259051 0.23890639
0.44773393 0.15904069 0.39322538
0.33456498 0.27349334 0.39194169
0.16074937 0.73653491 0.10271572
0.45226097 0.35149069 0.19624834
0.49733957 0.19412306 0.30853738
0.10363032 0.26510196 0.63126772
0.17601012 0.40276330 0.42122657
0.50894458 0.23615157 0.25490385
0.72797288 0.14561652 0.12641061
0.20339921 0.70245573 0.09414506
0.34598563 0.26714894 0.38686543
0.21522596 0.02210611 0.76266794
0.32021332 0.29744866 0.38233802
0.49476315 0.04728624 0.45795061
0.18759935 0.11572948 0.69667117
0.14606404 0.47128887 0.38264708
0.36317718 0.47825013 0.15857269
0.36557441 0.16615618 0.46826941
0.18689494 0.06303029 0.75007477
0.42054929 0.37781605 0.20163466
0.38213108 0.28615494 0.33171398
0.24409778 0.40444108 0.35146113
0.42915063 0.26322661 0.30762277
0.24107248 0.04161452 0.71731300
0.43367206 0.18223407 0.38409387
0.41605310 0.31853290 0.26541400
0.74449893 0.04761010 0.20789097
0.33790088 0.20085652 0.46124261
0.60717754 0.16644139 0.22638107
0.23983635 0.66097577 0.09918788
0.36955064 0.15223119 0.47821818
0.10766794 0.23779611 0.65453595
0.49554885 0.44174115 0.06271000
0.38570137 0.56050190 0.05379673
0.29260142 0.58878117 0.11861741
0.23750941 0.44110261 0.32138797
0.40266705 0.39984637 0.19748657
0.73527645 0.16105474 0.10366881
0.55877113 0.27420947 0.16701940
0.32100515 0.15148814 0.52750671
0.19172146 0.28742341 0.52085514
0.23765294 0.32599077 0.43635629
0.18544413 0.33135238 0.48320349
0.19460913 0.55761941 0.24777146
0.47097641 0.39882590 0.13019768
0.17860320 0.76929918 0.05209763
0.17590735 0.61370475 0.21038790
0.38937247 0.41778581 0.19284172
0.23188917 0.62073634 0.14737450
0.42748740 0.14489081 0.42762180
0.65111672 0.18867041 0.16021287
0.29358679 0.34725905 0.35915416
0.67366582 0.06044665 0.26588753
0.33617897 0.41059003 0.25323100
0.28835379 0.46634866 0.24529755
0.34832924 0.19981753 0.45185324
0.33832121 0.24529399 0.41638480
0.37817597 0.37902058 0.24280345
0.44405549 0.14009838 0.41584613
0.38535388 0.51645481 0.09819131
0.14482201 0.78632771 0.06885028
0.53352938 0.15906517 0.30740545
0.39454620 0.06599105 0.53946274
0.25052303 0.28598581 0.46349116
0.25704595 0.54740895 0.19554510
0.16258857 0.65363183 0.18377960
0.30452461 0.27499346 0.42048193
0.33681006 0.09042798 0.57276196
0.37479192 0.40836244 0.21684564
0.41156894 0.33792650 0.25050456
0.34743849 0.02532052 0.62724098
0.14722073 0.13468301 0.71809626
0.23794889 0.59915780 0.16289331
0.62050425 0.18659815 0.19289760
0.66748832 0.23661441 0.09589728
0.27568121 0.43497564 0.28934314
0.32550366 0.34430572 0.33019062
0.29340706 0.56741343 0.13917951
0.16983506 0.35207658 0.47808836
0.17798613 0.17559841 0.64641546
0.35952525 0.28078829 0.35968646
0.29163814 0.35412172 0.35424015
0.32790605 0.19035866 0.48173529
0.29722271 0.31576961 0.38700768
0.54517314 0.14790640 0.30692047
0.29799410 0.42248562 0.27952028
0.49723557 0.09308472 0.40967971
0.38961300 0.28464465 0.32574235
0.11400180 0.80135420 0.08464400
0.60960249 0.31010820 0.08028931
0.47784972 0.20071465 0.32143563
0.25642996 0.45480347 0.28876657
0.48184225 0.41692175 0.10123600
0.24845037 0.67096704 0.08058258
0.26006838 0.67711499 0.06281663
0.30491835 0.17835734 0.51672431
0.28839034 0.23839685 0.47321281
0.36737080 0.52200076 0.11062845
0.43626249 0.30500407 0.25873344
0.37527300 0.03637944 0.58834756
0.22205080 0.50459724 0.27335196
0.15889357 0.12495603 0.71615040
0.17664905 0.12894960 0.69440135
0.17108050 0.51525919 0.31366031
0.33414199 0.26227832 0.40357969
0.30512581 0.55123733 0.14363686
0.60803450 0.18814731 0.20381819
0.61396626 0.06249742 0.32353632
0.23892602 0.15829724 0.60277674
0.29524693 0.67193268 0.03282040
0.26021884 0.66781578 0.07196537
0.43203484 0.46257838 0.10538677
0.55792740 0.04183939 0.40023321
0.36928007 0.16734953 0.46337040
0.42704828 0.29901213 0.27393959
0.21927661 0.73289008 0.04783331
0.26980127 0.70667575 0.02352297
0.53067778 0.31686491 0.15245731
0.48190046 0.25022016 0.26787938
0.35321600 0.32689353 0.31989047
0.15135776 0.22011115 0.62853109
0.15520887 0.09489164 0.74989949
0.18785968 0.05231771 0.75982261
0.17188059 0.12963010 0.69848931
0.24885479 0.41083427 0.34031094
0.31807593 0.02681676 0.65510731
0.17925661 0.08979329 0.73095010
0.25191459 0.31906609 0.42901933
0.46385847 0.19397551 0.34216602
0.46508706 0.24190643 0.29300652
0.20609414 0.25583372 0.53807215
0.25297642 0.51360775 0.23341583
0.19762866 0.52810848 0.27426286
0.40028552 0.03843490 0.56127958
0.50933686 0.08618930 0.40447384
0.36911833 0.56173492 0.06914675
0.25440293 0.70663513 0.03896193
0.64619044 0.08843573 0.26537383
0.42553688 0.19596248 0.37850063
0.53292581 0.20940608 0.25766811
0.38490226 0.46995609 0.14514165
0.46349861 0.10100507 0.43549632
0.32169673 0.10072042 0.57758285
0.28362750 0.13433576 0.58203674
0.36241279 0.47503910 0.16254811
0.77276375 0.08765537 0.13958088
0.33782345 0.03403625 0.62814029
0.21380369 0.61893415 0.16726216
0.14910102 0.41985300 0.43104597
0.19431730 0.35343758 0.45224512
0.20173933 0.54884531 0.24941537
0.36883975 0.50237138 0.12878887
0.47841879 0.40760644 0.11397477
0.29736586 0.58718774 0.11544639
0.46462470 0.38326963 0.15210567
0.25204320 0.23361459 0.51434221
0.62578796 0.16965757 0.20455447
0.43671108 0.38245957 0.18082935
0.43429541 0.40741717 0.15828742
0.57085166 0.27696987 0.15217847
0.36021522 0.24645585 0.39332893
0.32022143 0.23999793 0.43978064
0.26678837 0.24920066 0.48401096
0.17696564 0.65840614 0.16462822
0.21669965 0.48228049 0.30101987
0.32279730 0.62978527 0.04741743
0.36129942 0.42299710 0.21570349
0.28882134 0.39070632 0.32047235
0.27153217 0.11575408 0.61271376
0.37955745 0.07285899 0.54758356
0.36326530 0.24953478 0.38719992
0.21947608 0.24629416 0.53422976
0.14819742 0.50046992 0.35133266
0.27633747 0.38426574 0.33939679
0.17881723 0.04185744 0.77932533
0.16284315 0.05923090 0.77792596
0.17863043 0.33986055 0.48150902
0.25582273 0.11569525 0.62848203
0.21187953 0.08077413 0.70734633
0.16423899 0.07667839 0.75908262
0.12557651 0.21310043 0.66132307
0.35021347 0.39532373 0.25446280
0.32868432 0.29682563 0.37449004
0.57369580 0.18872286 0.23758133
0.35019784 0.18810727 0.46169488
0.15264706 0.34727689 0.50007605
0.24635868 0.63045211 0.12318921
0.44760237 0.25654129 0.29585633
0.52083199 0.24419803 0.23496998
0.24358629 0.20523965 0.55117407
0.54769914 0.14029551 0.31200534
0.26850925 0.49090712 0.24058363
0.07084739 0.84984265 0.07930996
0.17902798 0.52467653 0.29629549
0.55839241 0.25113422 0.19047336
0.42036662 0.35242451 0.22720887
0.47546291 0.32034969 0.20418740
0.52796534 0.10829786 0.36373680
0.58435554 0.07641720 0.33922725
0.27834289 0.46186409 0.25979302
0.42715748 0.37984787 0.19299465
0.67826711 0.07917958 0.24255331
0.33294990 0.42489951 0.24215058
0.52160145 0.13707568 0.34132286
0.41135844 0.18839702 0.40024454
0.36205400 0.50471491 0.13323110
0.53291503 0.40955286 0.05753211
0.50993744 0.19928488 0.29077768
0.29027516 0.17401462 0.53571022
0.14330239 0.30877715 0.54792045
0.36125372 0.01813035 0.62061593
0.26951872 0.20696435 0.52351693
0.26827230 0.05320092 0.67852678
0.40413026 0.11194035 0.48392939
0.35044653 0.31448848 0.33506499
0.14809307 0.70728036 0.14462657
0.18173000 0.10292420 0.71534579
0.68388648 0.15277992 0.16333360
0.35537198 0.55874017 0.08588785
0.18958222 0.75988318 0.05053461
0.26714126 0.43486869 0.29799005
0.46405975 0.11399222 0.42194803
0.37370814 0.18658934 0.43970253
0.41135254 0.23084512 0.35780235
0.13450679 0.70864428 0.15684894
0.15411655 0.44913392 0.39674953
0.49480920 0.07306537 0.43212543
0.23414342 0.04502705 0.72082952
0.18368058 0.53593965 0.28037978
0.28398917 0.65536854 0.06064229
0.11418221 0.86011918 0.02569861
0.33817541 0.15710904 0.50471555
0.23225133 0.52962733 0.23812135
0.54153303 0.19725132 0.26121565
0.57305859 0.04547783 0.38146358
0.22146629 0.31572505 0.46280866
0.24003283 0.09306881 0.66689836
0.14205095 0.39553729 0.46241176
0.55037907 0.07135612 0.37826481
0.56677678 0.05920235 0.37402087
0.52235968 0.15722139 0.32041893
0.27823384 0.06279859 0.65896756
0.23435459 0.15523078 0.61041463
0.42536348 0.12585114 0.44878538
0.55180090 0.06400228 0.38419682
0.34105799 0.08270426 0.57623775
0.22053205 0.11796273 0.66150522
0.13685614 0.80742871 0.05571515
0.19714504 0.74449804 0.05835692
0.40275039 0.14498025 0.45226937
0.42468368 0.31064198 0.26467434
0.20042925 0.49976671 0.29980403
0.16488450 0.62448323 0.21063227
0.40799894 0.38234068 0.20966038
0.33912478 0.36129360 0.29958162
0.32813270 0.63402010 0.03784720
0.40551067 0.47091528 0.12357405
0.35144855 0.32962898 0.31892247
0.15877368 0.43133933 0.40988699
0.15209052 0.11871173 0.72919775
0.30708385 0.09508847 0.59782768
0.16715416 0.04315809 0.78968776
0.19895301 0.23982350 0.56122348
0.39898863 0.09653757 0.50447380
0.19613686 0.59670591 0.20715723
0.39899581 0.11291948 0.48808471
0.21219968 0.10514721 0.68265312
0.20766817 0.56966453 0.22266730
0.17761713 0.81026457 0.01211830
0.29961058 0.63787243 0.06251699
0.39592341 0.11285844 0.49121814
0.31368791 0.42317893 0.26313316
0.12146370 0.76593385 0.11260246
0.05418472 0.92555291 0.02026237
0.17248918 0.79999206 0.02751877
0.67246869 0.26042047 0.06711084
0.46499348 0.14500019 0.39000632
0.20344349 0.45099159 0.34556492
0.28101529 0.48359960 0.23538511
0.44002358 0.48919076 0.07078566
0.40036434 0.48044861 0.11918705
0.19964438 0.70665913 0.09369649
0.65477344 0.16345830 0.18176826
0.32206033 0.44535040 0.23258927
0.19017246 0.65194135 0.15788619
0.24994235 0.41569786 0.33435979
0.30062156 0.26291928 0.43645916
0.29989660 0.52470482 0.17539859
0.12544760 0.55986028 0.31469212
0.23356549 0.53061359 0.23582092
0.30943391 0.52249804 0.16806805
0.69008740 0.04520109 0.26471150
0.33269970 0.12537753 0.54192277
0.32341062 0.17919442 0.49739496
0.27625507 0.16789827 0.55584666
0.31572779 0.03185625 0.65241596
0.54613901 0.06486798 0.38899301
0.23844141 0.35295522 0.40860337
0.23859453 0.28698675 0.47441871
0.24330894 0.18069905 0.57599202
0.35069242 0.12108893 0.52821865
0.25926418 0.30470356 0.43603226
0.29510768 0.14144284 0.56344948
0.25136685 0.38379134 0.36484181
0.12075835 0.83169386 0.04754779
0.22362990 0.32750908 0.44886102
0.46076705 0.32399377 0.21523918
0.48361907 0.33739946 0.17898147
0.25719770 0.39959531 0.34320699
0.17058654 0.64499425 0.18441921
0.07573711 0.87257283 0.05169005
0.21011224 0.70952954 0.08035822
0.21154877 0.46097904 0.32747219
0.41034501 0.31047314 0.27918186
0.21082699 0.67649870 0.11267431
0.33999063 0.41504000 0.24496936
0.50140262 0.11229595 0.38630143
0.27590299 0.53321866 0.19087835
0.44487277 0.30636742 0.24875981
0.41710674 0.03157179 0.55132147
0.21899437 0.09112251 0.68988313
0.44498529 0.29714731 0.25786741
0.21276380 0.73244602 0.05479018
0.20936878 0.20899706 0.58163416
0.25468305 0.11827961 0.62703734
0.20470964 0.55266042 0.24262994
0.32456288 0.62669874 0.04873838
0.42386860 0.51825205 0.05787935
0.57143376 0.11614610 0.31242014
0.61210940 0.10788165 0.28000895
0.46811173 0.16618737 0.36570090
0.40341342 0.43960296 0.15698362
0.59160214 0.10390640 0.30449147
0.34272002 0.49305814 0.16422185
0.08112200 0.81022103 0.10865697
0.25117595 0.44129294 0.30753112
0.36714746 0.20838488 0.42446766
0.20420942 0.76336805 0.03242253
0.20261332 0.71840441 0.07898227
0.64355010 0.01119327 0.34525663
0.09017023 0.29179752 0.61803225
0.11158948 0.72217494 0.16623559
0.52332450 0.18586078 0.29081472
0.41888059 0.52375279 0.05736662
0.17864355 0.76913846 0.05221799
0.16323387 0.69048426 0.14628187
0.27198242 0.60871284 0.11930474
0.04486321 0.92796225 0.02717454
0.30267069 0.59842852 0.09890079
0.39930193 0.22240920 0.37828887
0.32511778 0.37061759 0.30426463
0.21441275 0.04549607 0.74009117
0.44490304 0.12293500 0.43216195
0.52630325 0.34324983 0.13044692
0.12205231 0.67540981 0.20253788
0.22970758 0.11744600 0.65284642
0.16045677 0.02029805 0.81924518
0.13521827 0.01672823 0.84805350
0.24467405 0.02711198 0.72821397
0.17417044 0.05809381 0.76773576
0.29041265 0.55900871 0.15057864
0.41568995 0.48773902 0.09657103
0.41649622 0.46249417 0.12100961
0.63177948 0.33283794 0.03538259
0.09020099 0.88968476 0.02011425
0.17863311 0.36997092 0.45139596
0.35849597 0.01105195 0.63045207
0.39737676 0.02338344 0.57923981
0.06868012 0.01217367 0.91914621
0.26563467 0.14082626 0.59353907
0.60386983 0.16950730 0.22662287
0.64360167 0.11077683 0.24562151
0.49714015 0.11222861 0.39063125
0.21963415 0.19082309 0.58954276
0.38165224 0.07174304 0.54660472
0.51356642 0.14668200 0.33975158
0.44962692 0.11651532 0.43385776
0.67353921 0.14227998 0.18418081
0.23191083 0.67924446 0.08884471
0.52931168 0.42176041 0.04892791
0.77470406 0.08814182 0.13715412
0.33745265 0.48112283 0.18142453
0.22143149 0.42739684 0.35117167
0.25277057 0.30470925 0.44252018
0.21354970 0.46766412 0.31878618
0.13140384 0.52032809 0.34826807
0.27534333 0.08452036 0.64013631
0.51290628 0.06547267 0.42162105
0.47252795 0.11558191 0.41189014
0.09903932 0.29296726 0.60799342
0.04987478 0.79181060 0.15831462
0.46163042 0.10850049 0.42986908
0.59328234 0.08152932 0.32518835
0.39545781 0.23045151 0.37409067
0.27423442 0.42033801 0.30542756
0.38409004 0.16317059 0.45273937
0.11842918 0.51806832 0.36350249
0.48891283 0.17733072 0.33375645
0.47139671 0.02744745 0.50115584
0.32019122 0.09952462 0.58028416
0.29089963 0.54444842 0.16465195
0.46065633 0.39354302 0.14580065
0.52230801 0.26771395 0.20997804
0.64945984 0.14469035 0.20584981
0.09361624 0.84451872 0.06186504
0.30264843 0.39479821 0.30255336
0.13969778 0.62686644 0.23343578
0.36956548 0.10852272 0.52191180
0.36406047 0.04638357 0.58955596
0.23232754 0.55459536 0.21307710
0.68312943 0.27539040 0.04148018
0.70577548 0.16035002 0.13387450
0.36103939 0.44404676 0.19491385
0.27663757 0.63959843 0.08376400
0.34536186 0.31373410 0.34090404
0.53070898 0.30498991 0.16430111
0.21011000 0.53341900 0.25647100
