0.34503538 0.44265388 0.21231074
0.25436157 0.50515277 0.24048566
0.31784781 0.37504060 0.30711159
0.49330736 0.19506025 0.31163239
0.66075784 0.09135979 0.24788237
0.53352099 0.04186695 0.42461206
0.35401526 0.03488903 0.61109570
0.69289860 0.07605116 0.23105024
0.52201377 0.11678160 0.36120463
0.18165455 0.02416550 0.79417995
0.30205670 0.17202994 0.52591336
0.43834666 0.31637488 0.24527846
0.13857322 0.10572522 0.75570156
0.06227260 0.81009487 0.12763253
0.23380951 0.05266136 0.71352913
0.28116622 0.22846615 0.49036763
0.06688612 0.83422955 0.09888433
0.10866284 0.84180971 0.04952745
0.48505844 0.41662962 0.09831194
0.15183050 0.73594116 0.11222834
0.20269671 0.16336198 0.63394131
0.10916186 0.39561615 0.49522198
0.22980437 0.24718875 0.52300688
0.18226944 0.16462692 0.65310364
0.24368843 0.46084307 0.29546850
0.46803939 0.30611019 0.22585042
0.25996725 0.29164177 0.44839098
0.23982880 0.44772291 0.31244829
0.09380525 0.79645491 0.10973984
0.07382542 0.72745336 0.19872122
0.46597106 0.37313200 0.16089695
0.47741777 0.41110867 0.11147356
0.33979735 0.44847506 0.21172759
0.52233117 0.07371231 0.40395652
0.45658720 0.21240687 0.33100593
0.16285648 0.09926867 0.73787485
0.53117050 0.16990089 0.29892861
0.31864532 0.50692221 0.17443248
0.14947841 0.18668544 0.66383616
0.25058685 0.12819823 0.62121493
0.34556955 0.49084587 0.16358458
0.03585312 0.49652100 0.46762589
0.40604402 0.12332627 0.47062971
0.88044516 0.00844023 0.11111462
0.19368887 0.28986066 0.51645047
0.47272294 0.06375291 0.46352415
0.53141086 0.31403447 0.15455466
0.09286572 0.29041058 0.61672369
0.33531543 0.12351257 0.54117199
0.61841385 0.24506253 0.13652363
0.50836013 0.25085734 0.24078253
0.49004736 0.05260542 0.45734722
0.14789235 0.22013635 0.63197130
0.33194571 0.37646522 0.29158906
0.28891014 0.31713864 0.39395122
0.48132218 0.11622905 0.40244877
0.10205948 0.75876429 0.13917623
0.12534894 0.76261538 0.11203569
0.17858973 0.64019718 0.18121309
0.02350819 0.94682448 0.02966733
0.10484112 0.47135223 0.42380665
0.15601835 0.25529446 0.58868719
0.41623307 0.10765814 0.47610878
0.10600309 0.65535394 0.23864298
0.47388203 0.09145983 0.43465814
0.26029401 0.41961235 0.32009363
0.07558890 0.58137355 0.34303755
0.02071601 0.96127497 0.01800902
0.24580500 0.25119959 0.50299541
0.64792010 0.02245947 0.32962043
0.49409922 0.11415833 0.39174246
0.57708718 0.22239748 0.20051535
0.45340018 0.14305459 0.40354523
0.45294529 0.04748616 0.49956855
0.71756199 0.01301191 0.26942610
0.35320464 0.11449598 0.53229939
0.40951619 0.18636490 0.40411890
0.38907131 0.02507669 0.58585200
0.26896118 0.03493667 0.69610215
0.60785534 0.01580377 0.37634089
0.34043493 0.27308399 0.38648108
0.17419542 0.66507767 0.16072691
0.10822387 0.41613201 0.47564413
0.64718482 0.00925392 0.34356126
0.08160531 0.65445504 0.26393965
0.09126385 0.33897736 0.56975879
0.68012951 0.09521189 0.22465859
0.21793117 0.14552086 0.63654797
0.27416632 0.16678535 0.55904833
0.06267836 0.66544896 0.27187268
0.03160173 0.86903764 0.09936063
0.00198890 0.99438944 0.00362166
0.05910968 0.88331972 0.05757060
0.00939907 0.98290054 0.00770039
0.39550769 0.06883522 0.53565708
0.14200747 0.54197963 0.31601290
0.12529415 0.74046218 0.13424367
0.14479449 0.45755714 0.39764837
0.27520607 0.33527472 0.38951921
0.41897229 0.24308132 0.33794639
0.21740841 0.23338600 0.54920559
0.12962525 0.63177980 0.23859495
0.49816487 0.40088916 0.10094597
0.21749342 0.57171464 0.21079194
0.31297451 0.15937748 0.52764802
0.39949634 0.00370820 0.59679546
0.46676975 0.28359270 0.24963754
0.27806696 0.42400768 0.29792535
0.55218473 0.03804965 0.40976563
0.57406001 0.13810835 0.28783164
0.62997048 0.22697782 0.14305170
0.21267809 0.11908285 0.66823906
0.50082956 0.25805327 0.24111717
0.73510351 0.07747953 0.18741696
0.65610429 0.06388916 0.28000655
0.12051356 0.63505362 0.24443282
0.05870902 0.51517601 0.42611496
0.52813455 0.02956432 0.44230113
0.25865847 0.35032724 0.39101430
0.10976656 0.45729812 0.43293532
0.25800725 0.11895675 0.62303600
0.45019097 0.15150832 0.39830072
0.18691162 0.56615786 0.24693052
0.17141930 0.76341097 0.06516973
0.23398075 0.54800814 0.21801111
0.51452604 0.08316739 0.40230657
0.18446416 0.58876735 0.22676849
0.21253589 0.55875996 0.22870415
0.07603816 0.90330113 0.02066071
0.16994921 0.40157602 0.42847477
0.14775859 0.43221572 0.42002570
0.11057144 0.68802085 0.20140772
0.56712048 0.32788535 0.10499417
0.82697019 0.02285446 0.15017535
0.21375719 0.24817822 0.53806459
0.18607835 0.15591716 0.65800449
0.44525583 0.43671968 0.11802448
0.14464503 0.37354477 0.48181020
0.11548109 0.42165988 0.46285903
0.30812617 0.30959162 0.38228220
0.11576078 0.83867541 0.04556382
0.22060634 0.18454689 0.59484677
0.04954348 0.74831132 0.20214520
0.17216008 0.22610058 0.60173934
0.60618165 0.04301028 0.35080807
0.29642856 0.25143909 0.45213235
0.17865433 0.13223468 0.68911099
0.28301012 0.29528241 0.42170747
0.29233366 0.49292786 0.21473847
0.55027210 0.33199785 0.11773005
0.50451059 0.15392112 0.34156829
0.15679964 0.22507497 0.61812539
0.36190485 0.16542326 0.47267188
0.28046035 0.39913224 0.32040742
0.06314923 0.88084977 0.05600100
0.69964365 0.16871842 0.13163793
0.30658427 0.23288690 0.46052883
0.39284828 0.10526681 0.50188491
0.25622494 0.46675328 0.27702177
0.37429231 0.12963308 0.49607461
0.57133163 0.14696542 0.28170295
0.23456100 0.31221616 0.45322284
0.07162536 0.59977466 0.32859998
0.26645720 0.54719678 0.18634602
0.78587906 0.01257619 0.20154475
0.67792411 0.06876711 0.25330878
0.11902843 0.33663486 0.54433671
0.19528763 0.67077827 0.13393410
0.56294879 0.15876939 0.27828182
0.24873536 0.38405434 0.36721031
0.16363527 0.47971009 0.35665465
0.17577021 0.75464093 0.06958886
0.38339306 0.10033406 0.51627289
0.11071130 0.04646540 0.84282331
0.29179487 0.19135653 0.51684859
0.35811108 0.07400259 0.56788633
0.46699904 0.17716863 0.35583233
0.22282935 0.50665520 0.27051545
0.33318893 0.59536487 0.07144619
0.12660588 0.40468964 0.46870448
0.32081265 0.13648797 0.54269937
0.15208558 0.36146935 0.48644507
0.04411894 0.92900287 0.02687819
0.14894954 0.45698982 0.39406064
0.27358468 0.09063386 0.63578147
0.21644729 0.49311003 0.29044268
0.60442089 0.16963155 0.22594757
0.15906233 0.48541275 0.35552491
0.03136130 0.93806650 0.03057220
0.12955193 0.28431890 0.58612917
0.34309322 0.48854752 0.16835926
0.32245924 0.46726171 0.21027904
0.22812070 0.57033856 0.20154074
0.23207858 0.27901484 0.48890658
0.11736962 0.25754186 0.62508852
0.09913597 0.16121300 0.73965103
0.28145235 0.08487073 0.63367692
0.65365619 0.03099328 0.31535053
0.30369406 0.35871688 0.33758905
0.29990650 0.43969349 0.26040001
0.70399156 0.08307735 0.21293109
0.42334445 0.10626223 0.47039332
0.13984392 0.11675327 0.74340282
0.03533963 0.59066599 0.37399437
0.42240094 0.29573576 0.28186330
0.61383544 0.26602952 0.12013503
0.39798817 0.23664103 0.36537080
0.86656345 0.03884171 0.09459483
0.35325379 0.23491375 0.41183245
0.14108767 0.63413067 0.22478166
0.05269895 0.91121639 0.03608466
0.15233264 0.79925365 0.04841372
0.22763619 0.58213482 0.19022899
0.30070277 0.56977094 0.12952630
0.19438285 0.67577120 0.12984595
0.44255049 0.07071469 0.48673481
0.71782250 0.00533151 0.27684599
0.34905689 0.26408547 0.38685764
0.34475603 0.43635389 0.21889008
0.80376998 0.05117653 0.14505349
0.13456742 0.11299427 0.75243830
0.52723819 0.05518663 0.41757518
0.39995929 0.38274581 0.21729489
0.17892014 0.63896149 0.18211837
0.25452705 0.56077290 0.18470005
0.02805247 0.91545994 0.05648759
0.33914093 0.38678358 0.27407548
0.72097819 0.04731484 0.23170697
0.25985218 0.36789695 0.37225087
0.20443293 0.24399560 0.55157147
0.11905198 0.65981657 0.22113145
0.40863985 0.07141330 0.51994685
0.31748200 0.09862060 0.58389740
0.32532750 0.53843194 0.13624055
0.56050076 0.39218453 0.04731471
0.63311327 0.05881103 0.30807569
0.46879526 0.00461359 0.52659114
0.20936683 0.29262914 0.49800403
0.32411461 0.54134718 0.13453822
0.47820724 0.43046068 0.09133208
0.40456410 0.07549344 0.51994246
0.29911464 0.05313344 0.64775192
0.21270807 0.34325242 0.44403951
0.45793551 0.26551112 0.27655337
0.14037509 0.28283428 0.57679063
0.16209040 0.66722700 0.17068260
0.01889234 0.97086602 0.01024164
0.05894251 0.91952526 0.02153223
0.07851321 0.84841101 0.07307578
0.11424098 0.47272378 0.41303523
0.32400588 0.10400842 0.57198570
0.30385511 0.27737626 0.41876863
0.25309076 0.41514249 0.33176675
0.05487739 0.91034426 0.03477835
0.02924159 0.80471693 0.16604147
0.11167430 0.38508149 0.50324421
0.21225073 0.54511346 0.24263581
0.35065330 0.46436698 0.18497973
0.38053178 0.54573527 0.07373294
0.36556731 0.54872824 0.08570445
0.20414855 0.67409480 0.12175665
0.24310770 0.45636821 0.30052409
0.28963070 0.24269981 0.46766949
0.29752705 0.04857742 0.65389554
0.30164184 0.05721920 0.64113896
0.15018309 0.09526297 0.75455394
0.41640322 0.12302994 0.46056684
0.34572549 0.30702599 0.34724852
0.45961230 0.08412184 0.45626586
0.35995645 0.03650192 0.60354163
0.44524886 0.05530977 0.49944137
0.45818818 0.23910833 0.30270349
0.72034873 0.00822358 0.27142769
0.13984211 0.20571447 0.65444341
0.16343093 0.40792446 0.42864461
0.17331588 0.64060954 0.18607458
0.16361590 0.49531273 0.34107137
0.30464860 0.40042006 0.29493134
0.05461121 0.75033788 0.19505091
0.22221921 0.42998630 0.34779449
0.81353288 0.05846309 0.12800402
0.29629271 0.23077386 0.47293343
0.07914503 0.62097560 0.29987936
0.36233326 0.24757143 0.39009531
0.34560799 0.12387957 0.53051244
0.62548925 0.09952976 0.27498099
0.03035358 0.47726805 0.49237837
0.01785664 0.88973749 0.09240587
0.49509028 0.11416440 0.39074532
0.38760987 0.01412430 0.59826583
0.36979296 0.26006189 0.37014515
0.69004644 0.05502385 0.25492971
0.04339522 0.68822192 0.26838286
0.42846722 0.02877909 0.54275369
0.47889340 0.23571977 0.28538683
0.53048748 0.15537796 0.31413455
0.27811785 0.46278440 0.25909775
0.29085656 0.62607696 0.08306648
0.10419397 0.73258069 0.16322534
0.22832604 0.72411403 0.04755993
0.49447058 0.45930344 0.04622598
0.14568380 0.08082152 0.77349468
0.51531353 0.00658423 0.47810224
0.70123111 0.01357291 0.28519598
0.32645919 0.01140667 0.66213414
0.42087502 0.11808404 0.46104094
0.58588249 0.06916699 0.34495053
0.44061154 0.05759580 0.50179266
0.51168838 0.05173917 0.43657245
0.14924434 0.33841743 0.51233823
0.31038630 0.08589418 0.60371951
0.44388603 0.41929115 0.13682282
0.06721640 0.43466828 0.49811532
0.05942361 0.89058417 0.04999222
0.14635073 0.60588431 0.24776496
0.08420801 0.34482375 0.57096824
0.63449007 0.01387335 0.35163657
0.66159616 0.03580348 0.30260036
0.16542992 0.45025751 0.38431257
0.38084647 0.51154889 0.10760464
0.70223350 0.11562837 0.18213813
0.05158070 0.90447106 0.04394824
0.00311602 0.98442015 0.01246383
0.01439076 0.94235646 0.04325278
0.50598681 0.09166314 0.40235005
0.15723269 0.36848055 0.47428676
0.22443540 0.23204015 0.54352445
0.34449048 0.20864881 0.44686071
0.33828238 0.12133968 0.54037794
0.27583842 0.07784712 0.64631447
0.36684144 0.03687182 0.59628674
0.41163005 0.17733444 0.41103552
0.85189734 0.08730000 0.06080266
0.26336433 0.55433884 0.18229683
0.30273452 0.12348566 0.57377981
0.43954958 0.07877471 0.48167572
0.50244876 0.04477741 0.45277383
0.40724037 0.20035620 0.39240343
0.51949120 0.06272130 0.41778750
0.73684915 0.01394850 0.24920235
0.68358576 0.02941068 0.28700357
0.20430263 0.25347186 0.54222551
0.27129755 0.04538197 0.68332048
0.33683148 0.03240819 0.63076033
0.36828058 0.06234943 0.56936999
0.22396968 0.30359472 0.47243560
0.03861700 0.71550433 0.24587867
0.03864006 0.55586539 0.40549455
0.19563700 0.59675849 0.20760451
0.06966966 0.85897151 0.07135882
0.08853953 0.71627253 0.19518794
0.15268511 0.57431098 0.27300390
0.40910217 0.40950925 0.18138858
0.09419808 0.51806237 0.38773955
0.83453221 0.06983986 0.09562793
0.80372342 0.00358128 0.19269530
0.63438957 0.03787594 0.32773449
0.25955556 0.18647582 0.55396863
0.04215433 0.22821473 0.72963093
0.15912930 0.05800845 0.78286225
0.28373971 0.01550678 0.70075351
0.51197218 0.09808430 0.38994352
0.04835855 0.87744318 0.07419827
0.06079373 0.66263361 0.27657267
0.24045684 0.22401703 0.53552613
0.38279357 0.23892766 0.37827876
0.06266062 0.77021508 0.16712430
0.04851516 0.88375234 0.06773250
0.00566653 0.99088133 0.00345214
0.48553727 0.38073391 0.13372882
0.31203129 0.33754562 0.35042309
0.22226797 0.56707441 0.21065761
0.05300533 0.83989954 0.10709514
0.16592814 0.34598977 0.48808209
0.18268093 0.23779291 0.57952617
0.25775417 0.46079633 0.28144950
0.15541663 0.76554885 0.07903451
0.17664318 0.63667314 0.18668368
0.30104161 0.55102741 0.14793098
0.32234544 0.55258490 0.12506966
0.36398802 0.28282029 0.35319169
0.53968663 0.26860541 0.19170797
0.51889562 0.12009235 0.36101203
0.08793981 0.47957166 0.43248853
0.45733580 0.08445715 0.45820705
0.57093024 0.11223366 0.31683610
0.37299726 0.07108746 0.55591527
0.64904527 0.10215234 0.24880239
0.80535921 0.05774186 0.13689893
0.66587667 0.18468649 0.14943684
0.52262920 0.21809956 0.25927124
0.04409014 0.79842988 0.15747997
0.04441126 0.43752089 0.51806785
0.39113285 0.29331856 0.31554860
0.53466631 0.04349726 0.42183642
0.35979196 0.33055465 0.30965340
0.56464135 0.11343668 0.32192197
0.07007958 0.23607946 0.69384096
0.16363386 0.29767446 0.53869167
0.46127904 0.09167041 0.44705055
0.52238002 0.07681477 0.40080521
0.31165064 0.47740122 0.21094814
0.35610440 0.14011828 0.50377732
0.16801026 0.74761086 0.08437887
0.01407254 0.97275298 0.01317448
0.02410363 0.97200793 0.00388844
0.13066825 0.59213024 0.27720151
0.18810531 0.31625702 0.49563767
0.39069034 0.31747754 0.29183212
0.10300227 0.66444070 0.23255702
0.26902040 0.05770693 0.67327267
0.29458075 0.36878941 0.33662984
0.73194606 0.02921984 0.23883410
0.48900745 0.01280818 0.49818437
0.06926696 0.08695512 0.84377792
0.25055067 0.16627769 0.58317164
0.48569821 0.35268830 0.16161349
0.51723043 0.28067632 0.20209325
0.21830521 0.20766285 0.57403194
0.49476142 0.24267897 0.26255960
0.04208476 0.87934875 0.07856649
0.03573339 0.92169936 0.04256726
0.69944366 0.00851559 0.29204075
0.61593997 0.05995684 0.32410318
0.22465566 0.18709482 0.58824952
0.10155239 0.82107196 0.07737565
0.42156047 0.40931808 0.16912145
0.22534287 0.69045728 0.08419985
0.29998639 0.12472812 0.57528549
0.69151507 0.10401735 0.20446759
0.39867405 0.37428884 0.22703711
0.02859655 0.94913274 0.02227072
0.16775892 0.69804588 0.13419520
0.30366342 0.22737587 0.46896072
0.19599543 0.32392722 0.48007735
0.00595498 0.97111972 0.02292530
0.03448093 0.74602437 0.21949470
0.17252409 0.73000947 0.09746644
0.01648951 0.92120568 0.06230481
0.13494798 0.76754922 0.09750279
0.10656988 0.62994978 0.26348034
0.69664565 0.11862063 0.18473372
0.19700326 0.51994418 0.28305257
0.29505859 0.12388310 0.58105831
0.10666674 0.59752462 0.29580863
0.37209342 0.08207069 0.54583588
0.49543837 0.03932937 0.46523227
0.47617092 0.19317442 0.33065466
0.09149822 0.56224463 0.34625715
0.22345175 0.40318297 0.37336528
0.47690763 0.00777198 0.51532039
0.62028395 0.00559113 0.37412492
0.28759753 0.05898653 0.65341593
0.46691356 0.18839880 0.34468765
0.38361495 0.36493746 0.25144759
0.36962815 0.49183767 0.13853417
0.37303481 0.58620457 0.04076063
0.08695752 0.86438456 0.04865792
0.01716290 0.95971320 0.02312390
0.14867530 0.51379612 0.33752858
0.57965469 0.01221007 0.40813524
0.39610035 0.00532389 0.59857575
0.61486889 0.00649065 0.37864046
0.12448214 0.10529101 0.77022684
0.43143496 0.02603130 0.54253374
0.64877035 0.03184386 0.31938579
0.38018094 0.07216247 0.54765659
0.16326288 0.11927113 0.71746599
0.48212506 0.01557230 0.50230264
0.14915448 0.21491286 0.63593266
0.67749971 0.20933274 0.11316755
0.66943391 0.07232234 0.25824375
0.03764238 0.82827060 0.13408701
0.07090423 0.80234003 0.12675574
0.26396146 0.27381610 0.46222245
0.15225421 0.76495377 0.08279202
0.39308081 0.22752460 0.37939459
0.28710198 0.05623287 0.65666515
0.09404782 0.22410164 0.68185054
0.36192077 0.07856200 0.55951723
0.42786510 0.35461871 0.21751619
0.61289189 0.03685105 0.35025706
0.55893048 0.03339088 0.40767864
0.31645222 0.14460841 0.53893937
0.01324754 0.90634898 0.08040348
0.15518696 0.59373209 0.25108095
0.61801665 0.05877638 0.32320698
0.69392977 0.09351681 0.21255342
0.72749121 0.03934138 0.23316740
0.54358783 0.06005539 0.39635678
0.24707307 0.26994588 0.48298105
0.28692377 0.08870272 0.62437352
0.33355710 0.00158970 0.66485320
0.38843131 0.06840862 0.54316007
0.51463199 0.34290524 0.14246277
0.51507852 0.39592466 0.08899682
0.63175461 0.20612953 0.16211586
0.09269144 0.71202878 0.19527978
0.05290254 0.71721096 0.22988650
0.28361082 0.54278093 0.17360825
0.06054467 0.85141982 0.08803551
0.53039153 0.18878468 0.28082379
0.57774065 0.12081884 0.30144052
0.24404661 0.09929320 0.65666018
0.46164289 0.27020400 0.26815311
0.26603798 0.49804252 0.23591950
0.24015596 0.48893394 0.27091010
