#Insight Transform File V1.0
#Transform 0
Transform: MatrixOffsetTransformBase_double_3_3
Parameters: 0.9999999864271563 0.0001164012596808258 -0.000005472826535936337 -0.00011640058538112173 0.9999999826719541 0.00006142371589171539 0.000005487123091646451 -0.00006142244005618094 0.99999999619689 -0.01744753732286597 0.01803671515446581 -0.05459136467339931
FixedParameters: 0 0 0
#Transform 1
Transform: MatrixOffsetTransformBase_double_3_3
Parameters: 0.9999999877361146 0.00006654525410814077 -0.00008854004180087333 -0.00006653011245191852 0.9999999882591029 0.0000855067120556531 0.00008855141505770964 -0.00008549492435821343 0.9999999848487834 -0.012153634857384077 0.011222423328632658 -0.045675273181636555
FixedParameters: 0 0 0
#Transform 2
Transform: MatrixOffsetTransformBase_double_3_3
Parameters: 0.9999999932445063 0.00008151495328397084 0.00001073527914482314 -0.00008150901159907577 0.9999999171170283 -0.00027610421424902054 -0.000010780275109659176 0.00027610246145875345 0.999999923652479 -0.01334971131601037 0.04513349241607045 -0.06260018645082255
FixedParameters: 0 0 0
#Transform 3
Transform: MatrixOffsetTransformBase_double_3_3
Parameters: 0.9999999858676086 0.00011634785333258595 -0.000024534596419149846 -0.00011632428081310444 0.9999997567405752 0.0004792951672530979 0.000024646088649549203 -0.0004792894468873786 0.9999997696719352 -0.012138387441055443 -0.020662835070325514 -0.05129534614705733
FixedParameters: 0 0 0
#Transform 4
Transform: MatrixOffsetTransformBase_double_3_3
Parameters: 0.9999999916809809 0.00009112120221708118 -0.0000045744733472505295 -0.00009112070297907315 0.9999999887312434 0.00005441549389452113 0.000004584387476073981 -0.00005441465928041067 0.9999999970177755 -0.009065779589491285 0.058427465922989086 -0.06700996071658238
FixedParameters: 0 0 0
#Transform 5
Transform: MatrixOffsetTransformBase_double_3_3
Parameters: 0.99999998520785 0.00011990954302198932 -0.000020504146525816835 -0.0001198935463007924 0.9999998341565886 0.00038918394950894844 0.00002059745265945573 -0.00038917902221694 0.9999998481136166 -0.01203630802692146 -0.012149430582866216 -0.05742965348183304
FixedParameters: 0 0 0
#Transform 6
Transform: MatrixOffsetTransformBase_double_3_3
Parameters: 0.9999999920616116 -0.00008802294696182102 -0.000013621924717197031 0.00008803222448022438 0.9999998757461153 0.0003413364280363748 0.000013561811350384922 -0.00034133882214447755 0.9999998833023035 -0.01469467862752083 0.018620897987133844 -0.056692293239358094
FixedParameters: 0 0 0
#Transform 7
Transform: MatrixOffsetTransformBase_double_3_3
Parameters: 0.9999999937923612 -6.151774284806873e-7 0.00007878544461795145 6.243825600650739e-7 0.9999999965869081 -0.00005841634975095253 -0.00007878536863731994 0.000058416443422675685 0.999999990380731 -0.014676098275131721 0.033483218433886464 -0.050740977104830165
FixedParameters: 0 0 0
#Transform 8
Transform: MatrixOffsetTransformBase_double_3_3
Parameters: 0.9999999996965747 0.000011048436316324155 -0.000013489788952561477 -0.000011040624793091426 0.9999999160827828 0.00028947543899523337 0.00001349616736882192 -0.00028947514176123554 0.9999999160206563 -0.013699157371192427 -0.013702419906550745 -0.04849961657406965
FixedParameters: 0 0 0
#Transform 9
Transform: MatrixOffsetTransformBase_double_3_3
Parameters: 0.9999999926147656 -2.456102500688565e-7 -0.00008593747015586684 2.5249917194624695e-7 0.9999999983934431 0.000040083530742189566 0.00008593744758219474 -0.000040083569072420916 0.9999999910077914 -0.016111340043494238 0.05252911345840516 -0.04837939397265245
FixedParameters: 0 0 0
#Transform 10
Transform: MatrixOffsetTransformBase_double_3_3
Parameters: 0.9999999769436646 0.00014572009303633505 0.00004277736338011845 -0.00014575000622670594 0.9999998562051997 0.0003500647804622059 -0.00004267534637705794 -0.0003500772379906869 0.9999998756231782 -0.02204971183684279 0.01698704955489916 -0.062279850449513674
FixedParameters: 0 0 0
#Transform 11
Transform: MatrixOffsetTransformBase_double_3_3
Parameters: 0.9999999993842298 0.00001573685515209402 -0.000019209387309315762 -0.000015721011917425062 0.999999829801297 0.00041225300714368973 0.00001922233337010859 -0.000412252403811781 0.9999998296765311 -0.017298962911041826 0.00006807089219762474 -0.06200677334988569
FixedParameters: 0 0 0
#Transform 12
Transform: MatrixOffsetTransformBase_double_3_3
Parameters: 0.9999999815963982 -0.00013347591473027805 -0.000024093946253231358 0.00013350434809615303 0.9999996316818368 0.0005920342897543542 0.0000239358508164339 -0.0005920407032794471 0.9999996489120367 -0.025320462723840365 0.04301647797018404 -0.07909900474307108
FixedParameters: 0 0 0
#Transform 13
Transform: MatrixOffsetTransformBase_double_3_3
Parameters: 0.9999999231606277 0.00001817454310590772 -0.00027660500520398923 -0.000017837324044091187 0.9999996281304196 0.0006095515337228193 0.0002766269215767614 -0.0006095415604260648 0.9999995519333552 -0.006620459815664503 0.01637899490538075 -0.0669924131011328
FixedParameters: 0 0 0
#Transform 14
Transform: MatrixOffsetTransformBase_double_3_3
Parameters: 0.9999998589754319 0.000010788811609723403 -0.0003753786413438556 -0.000010432959163713946 0.9999997752246546 0.0004739915993014314 0.00037538867254564845 -0.0004739836150410015 0.9999996344201808 -0.004605062148399952 0.05590430653185763 -0.08984197003392325
FixedParameters: 0 0 0
#Transform 15
Transform: MatrixOffsetTransformBase_double_3_3
Parameters: 0.9999998921671379 -0.00014152288476597592 -0.00029630508035994457 0.0001416413740183627 0.9999999399755961 0.00019992690088241685 0.0002962484433185683 -0.00020001078093047006 0.9999998722313096 -0.008316216563827084 0.029225740503164843 -0.0823801962825641
FixedParameters: 0 0 0
#Transform 16
Transform: MatrixOffsetTransformBase_double_3_3
Parameters: 0.999999786875682 0.00008375158927933645 -0.0004539988801565281 -0.00008296489889793269 0.9999992426350537 0.0008663028394141174 0.0004541432518214983 -0.0008662271180007071 0.999999043399121 -0.007237052596821059 -0.019434126730345724 -0.07984133611084587
FixedParameters: 0 0 0
#Transform 17
Transform: MatrixOffsetTransformBase_double_3_3
Parameters: 0.9999997347284003 0.00008692276741559604 -0.0005076625153788775 -0.00008667754786915029 0.9999999341350548 0.00024155394884990342 0.0005077044263213301 -0.00024146578830310655 0.9999996839287538 -0.0011615107582656492 0.06877080912563827 -0.07605341366222262
FixedParameters: 0 0 0
#Transform 18
Transform: MatrixOffsetTransformBase_double_3_3
Parameters: 0.9999996878086368 0.0001299807769385259 -0.0005451089270198592 -0.00012892243105522576 0.9999999215151363 0.0010186165230652994 0.0005453414074402391 -0.0010194761051271588 0.9999996857103864 -0.0031146312988994396 -0.048777011525032776 -0.07247933659105854
FixedParameters: 0 0 0
#Transform 19
Transform: MatrixOffsetTransformBase_double_3_3
Parameters: 0.9999997607934084 0.00009396783782236501 -0.0004799814618163603 -0.00009345799159583899 0.9999997091936593 0.0005311018493140765 0.0004800809647344806 -0.0005310118555757748 0.999999487545476 -0.008247324902683317 0.053555910911228466 -0.07144066362378254
FixedParameters: 0 0 0
#Transform 20
Transform: MatrixOffsetTransformBase_double_3_3
Parameters: 0.9999997460763748 0.00013562120549466831 -0.00048693458562539677 -0.00013474250025352977 0.999999165265666 0.0009039140817122572 0.0004871007721468437 -0.0009037401636595964 0.999999943930078 -0.006898980215595429 -0.007935659779477078 -0.07302264282595416
FixedParameters: 0 0 0
#Transform 21
Transform: MatrixOffsetTransformBase_double_3_3
Parameters: 0.9999996672227828 0.000006018385498562755 -0.0005768377649694942 -0.000005489112162405897 0.9999997894970876 0.00045877502812092033 0.0005768430164574956 -0.0004587683610989268 0.99999945678072 -0.008988918423838754 0.0736576637180093 -0.07211483052693524
FixedParameters: 0 0 0
#Transform 22
Transform: MatrixOffsetTransformBase_double_3_3
Parameters: 0.9999997623257998 0.00007983197586343557 -0.0005261250763431563 -0.00008016626160384623 0.9999995532421253 0.000627629996590183 0.0005262500679539747 -0.0006275827507617494 0.9999993301060204 -0.0114608960219158 0.00029470270786191577 -0.10865869235003345
FixedParameters: 0 0 0
#Transform 23
Transform: MatrixOffsetTransformBase_double_3_3
Parameters: 0.999999651961583 0.00007836779091058375 -0.0005847235800609044 -0.00007767086574050485 0.9999996388162049 0.0005959441017453944 0.0005848165282959922 -0.0005958528261511276 0.9999993029452008 -0.006854428684491154 0.03844858453972222 -0.09352960093136886
FixedParameters: 0 0 0
#Transform 24
Transform: MatrixOffsetTransformBase_double_3_3
Parameters: 0.9999996293511166 0.00014129604198761408 -0.0005906655695080698 -0.00014043376540775966 0.999999474762042 0.0006954904940788889 0.0005909063220300784 -0.0006963212450297636 0.9999991895740876 -0.007208233535223485 0.03174149684903682 -0.11208535205857828
FixedParameters: 0 0 0
#Transform 25
Transform: MatrixOffsetTransformBase_double_3_3
Parameters: 0.9999996832046919 0.000028812486046953683 -0.000604298470610734 -0.000028633899131328333 0.9999998529018675 0.0010476828847999498 0.0006043071770862052 -0.0010476886550967283 0.9999995365900777 -0.004711532771494831 -0.009366579062714209 -0.09270711573059032
FixedParameters: 0 0 0
#Transform 26
Transform: MatrixOffsetTransformBase_double_3_3
Parameters: 0.9999995769853623 0.000014196760235593076 -0.0006502417660770102 -0.000013283169534072763 0.9999995063175567 0.0007025014081450433 0.0006502610290804733 -0.0007024835075348651 0.9999990836727604 -0.00309251165316482 0.06982369879037265 -0.09561220443407592
FixedParameters: 0 0 0
#Transform 27
Transform: MatrixOffsetTransformBase_double_3_3
Parameters: 0.9999991797008336 0.00008206476452858602 -0.000928836867787261 -0.00008112621229466855 0.9999997552008864 0.0010907022493994584 0.0009289633686307072 -0.001090591128869025 0.9999989470497349 0.00040266210658046475 -0.02078972420120806 -0.09959070372222101
FixedParameters: 0 0 0
#Transform 28
Transform: MatrixOffsetTransformBase_double_3_3
Parameters: 0.9999992413261016 0.000017829436689505 -0.0008986624566196394 -0.000017261434601395097 1.00000010247878 0.0009211826615424731 0.0008986433080275247 -0.0009211915955993702 0.9999993432543928 0.0008712330437958826 0.045083427993844793 -0.09833780890289745
FixedParameters: 0 0 0
#Transform 29
Transform: MatrixOffsetTransformBase_double_3_3
Parameters: 0.9999993322105601 0.00011344246849105113 -0.0008378438150620088 -0.00011322055629948698 0.9999994125837123 0.0007271116170068058 0.0008379550465851121 -0.0007269163986208284 0.9999997682682727 -0.003911783650877965 0.03220856667664407 -0.09524661770596765
FixedParameters: 0 0 0
#Transform 30
Transform: MatrixOffsetTransformBase_double_3_3
Parameters: 0.9999992382402174 0.00003101643642388068 -0.0009000124506992266 -0.000029851813709635055 0.999999384871943 0.0012512359002338005 0.0009000371190440379 -0.0012512215874949627 0.9999986237957386 0.0014973735657832776 -0.008877060696178773 -0.0865624711394517
FixedParameters: 0 0 0
#Transform 31
Transform: MatrixOffsetTransformBase_double_3_3
Parameters: 0.9999994083637472 0.00010605945783512217 -0.0007921200317392504 -0.000105677974257485 0.9999991864210905 0.0008697696315219904 0.0007922506129965715 -0.0008695966019591182 0.99999961498585 -0.0013118691217215428 0.07377572140373445 -0.1037144160112149
FixedParameters: 0 0 0
#Transform 32
Transform: MatrixOffsetTransformBase_double_3_3
Parameters: 0.9999991494974739 0.000033422945903714154 -0.0009479504449636661 -0.00003197940120827614 0.9999991679085009 0.0013350737211681 0.000947986264692266 -0.00133505218980828 0.9999983183750109 0.004949318080548437 -0.011407022471615846 -0.10755399521008968
FixedParameters: 0 0 0
#Transform 33
Transform: MatrixOffsetTransformBase_double_3_3
Parameters: 0.9999994268056717 -0.00007309854365640945 -0.0007867664470397537 0.00007377190331098247 0.9999996565962147 0.0011451888467885855 0.0007865020930967886 -0.0011443476333608017 0.9999990472368256 -0.003309607736326825 0.03963298722881348 -0.10202908706179414
FixedParameters: 0 0 0
#Transform 34
Transform: MatrixOffsetTransformBase_double_3_3
Parameters: 0.9999992702520909 -0.00021777929530054278 -0.0008327842828717846 0.00021938189415249504 0.9999983306941047 0.0016043187197242008 0.000832948946482788 -0.0016046337823076191 0.9999987674720884 0.005001944383351997 0.00896326714500617 -0.12089539609400646
FixedParameters: 0 0 0
#Transform 35
Transform: MatrixOffsetTransformBase_double_3_3
Parameters: 0.9999993923979132 -0.00028219749501725265 -0.0007599391994779284 0.0002829078569858666 0.9999994707356177 0.0011833263735585471 0.0007592188732952268 -0.0011837960941363662 0.9999990216378277 0.0038533693802662583 0.08542808855794704 -0.13390166562999894
FixedParameters: 0 0 0
#Transform 36
Transform: MatrixOffsetTransformBase_double_3_3
Parameters: 0.9999997036833046 -0.00029946912868241413 -0.0011208097000947048 0.00030214420311046905 0.9999990406187227 0.0016790137509351578 0.0011197478483533294 -0.001679728188104395 0.9999979240979403 0.011737262563045192 -0.01392009722079024 -0.1402555215664094
FixedParameters: 0 0 0
#Transform 37
Transform: MatrixOffsetTransformBase_double_3_3
Parameters: 0.9999996983374125 -0.00032547034710468973 -0.0011185159715787832 0.00032727368373745814 0.9999988116098342 0.0017281395500425602 0.0011183564971860988 -0.0017288997465850393 0.9999977996500313 0.017005423051628554 0.04874697835124664 -0.14866245054122373
FixedParameters: 0 0 0
#Transform 38
Transform: MatrixOffsetTransformBase_double_3_3
Parameters: 0.9999997073730776 -0.00019890426830849594 -0.0011618633658082092 0.00020137094029867213 0.9999980271209872 0.0019588793784173428 0.0011609741271239246 -0.0019593794713577035 0.999997811223109 0.01297332511661864 0.023489931757680438 -0.1624936224571769
FixedParameters: 0 0 0
#Transform 39
Transform: MatrixOffsetTransformBase_double_3_3
Parameters: 0.9999995695912142 -0.0002652855497978731 -0.001206403415103946 0.0002676610620044908 0.999998417385178 0.0018480246170536653 0.0012053914071791724 -0.0018487447232681808 0.9999971295634704 0.017608171461930056 0.036090221782600906 -0.1314461558561817
FixedParameters: 0 0 0
#Transform 40
Transform: MatrixOffsetTransformBase_double_3_3
Parameters: 0.9999998123752292 -0.00014082777591675289 -0.001106524408532518 0.00014331727920421705 0.999997652265008 0.0020574915539157274 0.001106830405338724 -0.0020577939321225515 0.9999975777209041 0.010967259375263438 0.01759951486410216 -0.14330886687739053
FixedParameters: 0 0 0
#Transform 41
Transform: MatrixOffsetTransformBase_double_3_3
Parameters: 0.9999995136705732 -0.0002858238001955286 -0.0012088997188845346 0.00028837939064334055 0.9999981714292553 0.001910809529912405 0.0012086930014681557 -0.0019114915406325886 0.9999979226675442 0.01262542079432194 0.030562527301896125 -0.14094197043156242
FixedParameters: 0 0 0
#Transform 42
Transform: MatrixOffsetTransformBase_double_3_3
Parameters: 0.9999997577915809 -0.00030855628111332834 -0.001116212405544638 0.0003108362138234301 0.999997934029889 0.0019740994948592994 0.001114839962466821 -0.0019738284291494317 0.9999978344812468 0.012194826730421937 0.05824320151164386 -0.143698948572613
FixedParameters: 0 0 0
#Transform 43
Transform: MatrixOffsetTransformBase_double_3_3
Parameters: 0.999999583968815 -0.00023078443200114432 -0.0012089464230046407 0.00023321982797805743 0.9999983136726922 0.0018867251305190874 0.0012079212889336 -0.001886323828520605 0.9999979561281548 0.009277480376042035 0.026184395983719355 -0.14447676019968725
FixedParameters: 0 0 0
#Transform 44
Transform: MatrixOffsetTransformBase_double_3_3
Parameters: 0.9999996594033165 -0.000263081967708105 -0.0011729669481078606 0.0002647011393046376 0.9999977647374295 0.002011796388804478 0.001172775792678285 -0.002011443074369068 0.9999975920922963 0.012085651225177685 0.030012001963513057 -0.13405073664695522
FixedParameters: 0 0 0
#Transform 45
Transform: MatrixOffsetTransformBase_double_3_3
Parameters: 0.9999996806546589 -0.0002000106655656726 -0.001173118486589346 0.00020258607015658696 0.9999979178658935 0.0019864462756591234 0.0011722135982185286 -0.001986953592604375 0.9999976761812269 0.01239767773304834 0.0419647200654083 -0.1483316830900634
FixedParameters: 0 0 0
#Transform 46
Transform: MatrixOffsetTransformBase_double_3_3
Parameters: 0.9999994372597799 -0.0002946653537917708 -0.0012578900235352825 0.00029763780732340334 0.9999968399453948 0.002434785978716412 0.001257286884086925 -0.0024355592819168097 0.9999965241694994 0.017827246750115933 0.00448971666696707 -0.13586551298587324
FixedParameters: 0 0 0
#Transform 47
Transform: MatrixOffsetTransformBase_double_3_3
Parameters: 0.999999554054049 -0.0003072244942312931 -0.0011875509131885897 0.0003100251621667642 0.999997564895977 0.0020658853795045423 0.0011871217588153224 -0.002065608957874384 0.9999973363770676 0.010471460524428267 0.07542961148242 -0.16121396872896554
FixedParameters: 0 0 0
#Transform 48
Transform: MatrixOffsetTransformBase_double_3_3
Parameters: 0.9999993444780689 -0.0003273774768362695 -0.0013055330564732265 0.0003304137436692168 0.9999959287924087 0.0027873881660920967 0.0013044870115012722 -0.0027883155327095357 0.9999955600093879 0.014199897676718365 -0.013614966705375764 -0.14505511403624638
FixedParameters: 0 0 0
#Transform 49
Transform: MatrixOffsetTransformBase_double_3_3
Parameters: 0.9999992667659228 -0.000356777119804328 -0.0012916749804067415 0.0003605869660026511 0.9999973850052105 0.002326332265088233 0.00129077606159856 -0.0023262527796839086 0.9999969331020866 0.004996666439424757 0.07284384886017392 -0.1579680843666793
FixedParameters: 0 0 0
#Transform 50
Transform: MatrixOffsetTransformBase_double_3_3
Parameters: 0.9999994038760031 -0.0003169866668623002 -0.0012468317504300344 0.00032043819756517606 0.999997743225836 0.0022487936010833695 0.0012462907934354533 -0.0022496218750110153 0.9999964240168501 0.006827351656681913 0.03026789935491081 -0.15645194515745686
FixedParameters: 0 0 0
#Transform 51
Transform: MatrixOffsetTransformBase_double_3_3
Parameters: 0.9999998397107701 -0.0003984058563113104 -0.001030883133383835 0.0004009783590882542 0.9999974106499775 0.0023140372969777633 0.0010298813902284085 -0.002313897442470403 0.9999965978451987 -0.009129131077571628 0.03919202477260342 -0.15084590971316914
FixedParameters: 0 0 0
#Transform 52
Transform: MatrixOffsetTransformBase_double_3_3
Parameters: 0.9999995746735115 -0.00033162870312801755 -0.0012092757709279561 0.00033389548016489663 0.9999976316985156 0.002266083874943977 0.001207644565379938 -0.002266008854312527 0.9999963814621801 0.003470763423877088 0.05919183164482433 -0.15427302594514458
FixedParameters: 0 0 0
#Transform 53
Transform: MatrixOffsetTransformBase_double_3_3
Parameters: 0.9999993339538863 -0.0003939097586277984 -0.0012529897454656089 0.00039715659410373373 0.999998096001555 0.0021561744279856437 0.0012521764115327738 -0.0021571989889287158 0.9999968166091402 0.005144236299273075 0.04412003109155194 -0.15659011623001362
FixedParameters: 0 0 0
#Transform 54
Transform: MatrixOffsetTransformBase_double_3_3
Parameters: 0.9999992909029354 -0.0004027266465443034 -0.0012874679731417343 0.000406198125691483 0.9999968231482065 0.0026247220338423485 0.0012861412889990792 -0.00262483993776463 0.9999954680493311 0.005441716167837285 0.003597401441837178 -0.14324758384780978
FixedParameters: 0 0 0
#Transform 55
Transform: MatrixOffsetTransformBase_double_3_3
Parameters: 0.999999131036385 -0.00035235429179461737 -0.0013600148576092888 0.0003553064939552453 0.9999976953153167 0.0022437568205527225 0.001359344028391371 -0.0022447896601360436 0.9999961522491305 0.004923395096412264 0.06743794261278424 -0.15248801021552794
FixedParameters: 0 0 0
#Transform 56
Transform: MatrixOffsetTransformBase_double_3_3
Parameters: 0.999999483226274 -0.00018910537864544764 -0.0012757626097600894 0.00019158929247595278 0.9999978573090228 0.0022326501461654227 0.001274789634145887 -0.0022322563520513067 0.9999963666280713 0.008921335744915382 0.03888488407021384 -0.15335721464017382
FixedParameters: 0 0 0
#Transform 57
Transform: MatrixOffsetTransformBase_double_3_3
Parameters: 0.9999986733352026 -0.0003189304817802631 -0.0015429831761631027 0.0003228202205506687 0.9999967617412171 0.0026346905240269974 0.0015420798094297541 -0.0026357493743457625 0.9999957113937248 0.012403196331234767 0.021826058364922574 -0.15752117142746158
FixedParameters: 0 0 0
#Transform 58
Transform: MatrixOffsetTransformBase_double_3_3
Parameters: 0.9999994115934306 -0.00027342938994198707 -0.0012727684287643162 0.00027644269731392384 0.9999969129065166 0.002422283192849834 0.0012722755048260662 -0.0024230113456794287 0.9999965472324236 0.005876523812403889 0.06602871552432532 -0.15163754437215715
FixedParameters: 0 0 0
#Transform 59
Transform: MatrixOffsetTransformBase_double_3_3
Parameters: 0.9999993703378074 -0.0002607028018992548 -0.0012729888438823 0.0002643812569404915 0.9999975818955451 0.002291571830050597 0.0012726781338760415 -0.0022922738577198162 0.9999961638492368 0.00242716630290829 0.0457545822332861 -0.15380756240822535
FixedParameters: 0 0 0
#Transform 60
Transform: MatrixOffsetTransformBase_double_3_3
Parameters: 0.9999986462843156 -0.00019492286641667423 -0.0015707557445404433 0.00019838668642105514 0.9999969026510958 0.002422449744632984 0.0015706666712386533 -0.002423132901084389 0.9999956995789192 0.017685034251329057 0.014673855088332743 -0.1397282183833113
FixedParameters: 0 0 0
#Transform 61
Transform: MatrixOffsetTransformBase_double_3_3
Parameters: 0.9999993524655659 -0.0002872156808290992 -0.0012921813273268634 0.0002899149437963519 0.9999976484268759 0.0022635648660993685 0.0012917920748398842 -0.0022643811618626893 0.9999962429374253 0.006827740540941818 0.06954621275886552 -0.1531724104819503
FixedParameters: 0 0 0
#Transform 62
Transform: MatrixOffsetTransformBase_double_3_3
Parameters: 0.9999987833903763 -0.0003395748890727678 -0.001486434440901678 0.0003429192111427963 0.9999979253116473 0.0021993109593012976 0.0014857279074506832 -0.002199356393640311 0.9999969673726682 0.01259727049799153 0.0431173162142926 -0.15167848614009216
FixedParameters: 0 0 0
#Transform 63
Transform: MatrixOffsetTransformBase_double_3_3
Parameters: 0.9999986405430671 -0.00030019807850344626 -0.0015412632169660087 0.00030476061178670046 0.9999964994467989 0.00250287116641406 0.0015405880061558769 -0.0025038317787230598 0.9999953945289889 0.015227664324541479 0.030233203079816917 -0.14134171759076253
FixedParameters: 0 0 0
#Transform 64
Transform: MatrixOffsetTransformBase_double_3_3
Parameters: 0.9999982457069795 -0.0002717244556056168 -0.0016975207466860195 0.0002750693178372063 0.9999963989730621 0.002512496091314334 0.001696912511048941 -0.0025124870156444552 0.9999958194792655 0.01802694170947916 0.06990213248091948 -0.1530213927244759
FixedParameters: 0 0 0
#Transform 65
Transform: MatrixOffsetTransformBase_double_3_3
Parameters: 0.9999982135204062 -0.00024519262159516627 -0.0016975116020479103 0.0002494916932481412 0.9999965192446144 0.002500541969772209 0.0016970156249592264 -0.0025004075072742084 0.999995878683943 0.019808070072201645 0.0351882402256507 -0.16515850662722187
FixedParameters: 0 0 0
#Transform 66
Transform: MatrixOffsetTransformBase_double_3_3
Parameters: 0.9999989025097946 -0.00032474140162209693 -0.0014485652816150496 0.00032839358092368845 0.9999972318328879 0.002348819051384815 0.0014478700914190845 -0.002349793352764692 0.9999964191887816 0.008002769734076765 0.08807558274020266 -0.16707785100931716
FixedParameters: 0 0 0
#Transform 67
Transform: MatrixOffsetTransformBase_double_3_3
Parameters: 0.9999982806241776 -0.0004175084024006595 -0.0016305485699041125 0.0004215419396298689 0.9999963312681398 0.002514973084716113 0.001630253022427669 -0.002515361943970406 0.9999950675025204 0.00834605513533404 -0.022771316469189173 -0.1709158494848424
FixedParameters: 0 0 0
#Transform 68
Transform: MatrixOffsetTransformBase_double_3_3
Parameters: 0.9999990723022381 -0.0003903653755727551 -0.0013550567529921898 0.00039417954801967904 0.999997849556094 0.0022183764045845197 0.0013541643076592919 -0.002218475614199366 0.9999962575906678 0.007434550956062935 0.06229006392233316 -0.16849582235433758
FixedParameters: 0 0 0
#Transform 69
Transform: MatrixOffsetTransformBase_double_3_3
Parameters: 0.9999983559222405 -0.00045164854124079277 -0.0016107565226727502 0.00045520646321022733 0.9999968417436578 0.002404942683333293 0.0016093944425741233 -0.002405470947611992 0.9999956363746072 0.012598890151437558 0.03782799292302741 -0.18134414852510616
FixedParameters: 0 0 0
#Transform 70
Transform: MatrixOffsetTransformBase_double_3_3
Parameters: 0.9999979924754552 -0.000475663648110121 -0.001714502993350464 0.0004809692596630924 0.9999957779186067 0.0027966927976148977 0.001712570280230384 -0.002797403726509509 0.999994252579317 0.02682182428776514 0.019405515625749103 -0.17102224310867342
FixedParameters: 0 0 0
#Transform 71
Transform: MatrixOffsetTransformBase_double_3_3
Parameters: 0.9999978891775433 -0.00036701137543166805 -0.0017702757648656864 0.0003719015374263919 0.9999969808275387 0.0025907302202348194 0.001769104353802467 -0.002591109562316552 0.9999951676132498 0.02081647787855445 0.0840117837399248 -0.19540286973946763
FixedParameters: 0 0 0
#Transform 72
Transform: MatrixOffsetTransformBase_double_3_3
Parameters: 0.9999979778408963 -0.00038160415866093467 -0.0017555516333545296 0.0003863779392291613 0.9999954361718942 0.002863451993743122 0.0017540419164518636 -0.0028638660895105236 0.9999947313158197 0.026196465522133394 0.0038595646457224575 -0.1821238045091178
FixedParameters: 0 0 0
#Transform 73
Transform: MatrixOffsetTransformBase_double_3_3
Parameters: 0.9999982527366088 -0.00040237257822190256 -0.0016563047083562946 0.00040687936911936384 0.9999966244476808 0.002653475145762623 0.0016549002608130317 -0.0026538866473335386 0.9999952292409221 0.02651912185670824 0.07667914667881348 -0.1747594557760621
FixedParameters: 0 0 0
#Transform 74
Transform: MatrixOffsetTransformBase_double_3_3
Parameters: 0.9999987516837818 -0.0004098809035026984 -0.0018003436256765967 0.000414896142383243 0.9999956221006917 0.0028273197115750576 0.001799772786566775 -0.0028278199651792443 0.999994815311646 0.029948404884137858 0.028127199063348485 -0.17603585165200286
FixedParameters: 0 0 0
#Transform 75
Transform: MatrixOffsetTransformBase_double_3_3
Parameters: 0.999997907327186 -0.000506137792339347 -0.0017310498560107954 0.0005116908610665968 0.999995491638645 0.0028421395901608686 0.0017288215489896439 -0.002842929847541021 0.9999949376145796 0.03025041684122698 0.054622067443460764 -0.18011398879970386
FixedParameters: 0 0 0
#Transform 76
Transform: MatrixOffsetTransformBase_double_3_3
Parameters: 0.9999986189626368 -0.00042649046093613243 -0.0018330558458307666 0.00043169085254919084 0.9999956073888416 0.0028273918280832255 0.0018323904529278928 -0.0028279802426096 0.9999946959877533 0.02201734841709424 0.03175383544419219 -0.19847785912030247
FixedParameters: 0 0 0
#Transform 77
Transform: MatrixOffsetTransformBase_double_3_3
Parameters: 0.9999984322856624 -0.00045861894319008847 -0.0018861708418463005 0.00046326004276315647 0.99999678716285 0.0026046242359461756 0.0018846129975419665 -0.002605467453861511 0.999994673637595 0.03593684781249351 0.036276661958552836 -0.17619703562996136
FixedParameters: 0 0 0
#Transform 78
Transform: MatrixOffsetTransformBase_double_3_3
Parameters: 0.999998116697601 -0.00036071084832557947 -0.001988604301904985 0.0003663410307267852 0.9999962570332238 0.0027195154998511696 0.0019873924510522 -0.0027200237626146435 0.9999946633392243 0.044363408857918785 0.06716694088400743 -0.19843306357498136
FixedParameters: 0 0 0
#Transform 79
Transform: MatrixOffsetTransformBase_double_3_3
Parameters: 0.9999979625654034 -0.00048092018860901396 -0.002013486408315966 0.00048562645373105486 0.9999961938420727 0.002703636681450093 0.0020116628838636186 -0.0027046817830957345 0.9999946505663507 0.04025342443851798 0.047037317970364256 -0.1958720553496036
FixedParameters: 0 0 0
#Transform 80
Transform: MatrixOffsetTransformBase_double_3_3
Parameters: 0.9999972677022649 -0.0004410044677363894 -0.002190392313979009 0.00044786518406947124 0.9999949792994863 0.0032418886069006704 0.002189168640228542 -0.003242931654670902 0.9999927411306022 0.052845677133419144 0.03157076603844189 -0.19744580321710714
FixedParameters: 0 0 0
#Transform 81
Transform: MatrixOffsetTransformBase_double_3_3
Parameters: 0.9999978710201862 -0.0003744380134949176 -0.0020582245059671614 0.000380459027086179 0.9999957109670936 0.0029761810730084028 0.0020568141390386735 -0.0029778771337080276 0.9999929408051884 0.03864715568757049 0.08172868195052274 -0.2190716466547471
FixedParameters: 0 0 0
#Transform 82
Transform: MatrixOffsetTransformBase_double_3_3
Parameters: 0.9999971118729724 -0.00045042996286597783 -0.002223793731002538 0.00045784902652403804 0.9999944656034838 0.0033188078063357412 0.002222437219644935 -0.003319923634181817 0.9999920890456069 0.052925082511563915 0.009462866171247697 -0.20370095956872802
FixedParameters: 0 0 0
#Transform 83
Transform: MatrixOffsetTransformBase_double_3_3
Parameters: 0.9999974910736794 -0.0003297237918885032 -0.002156608458220008 0.0003361305530245938 0.999995982147601 0.002939918813743697 0.0021553648511528634 -0.002940457777199451 0.9999937190505507 0.04695102167265475 0.0802517662736193 -0.2077444313620589
FixedParameters: 0 0 0
#Transform 84
Transform: MatrixOffsetTransformBase_double_3_3
Parameters: 0.999997019879056 -0.00036103410777629287 -0.0022603278460047796 0.0003684753869904559 0.9999948630499593 0.0032697863022885104 0.002259600641230007 -0.0032705315805239867 0.9999922481039617 0.05132229866957516 0.03314086076314027 -0.19607279520774767
FixedParameters: 0 0 0
#Transform 85
Transform: MatrixOffsetTransformBase_double_3_3
Parameters: 0.9999973364162635 -0.00021133392949985097 -0.0022168995309523112 0.00021757174951446434 0.9999953668326943 0.0030459996854240202 0.0022163318047438083 -0.003046090758101125 0.999992821120653 0.049320966400841826 0.09732384786410364 -0.19993113556740383
FixedParameters: 0 0 0
#Transform 86
Transform: MatrixOffsetTransformBase_double_3_3
Parameters: 0.9999971296347173 -0.00026782267298520806 -0.0024783276989542163 0.0002768344375932324 0.9999934195488575 0.0034856513111837933 0.0024771142767034404 -0.0034861359108196606 0.9999907211913046 0.05983846310529373 0.019828283887321163 -0.21110109911268893
FixedParameters: 0 0 0
#Transform 87
Transform: MatrixOffsetTransformBase_double_3_3
Parameters: 0.9999972222061313 -0.0002860571362136614 -0.0024572086006518154 0.000293671693977046 0.9999951208174075 0.0032307834073321343 0.0024560987841335397 -0.0032313849139163284 0.9999915387016114 0.05352048701797685 0.07964947065417505 -0.20775564886628928
FixedParameters: 0 0 0
#Transform 88
Transform: MatrixOffsetTransformBase_double_3_3
Parameters: 0.9999972188326999 -0.0003829252943494398 -0.0024553465207487954 0.00039135199486872447 0.9999933306291031 0.003621069879991126 0.0024531761513492956 -0.003622145769257387 0.9999908717418342 0.057322258890280864 0.01791079966157838 -0.21240029568907914
FixedParameters: 0 0 0
#Transform 89
Transform: MatrixOffsetTransformBase_double_3_3
Parameters: 0.9999967428324369 -0.0002646304079366406 -0.0023420230000354703 0.0002725977632203544 0.9999949408341599 0.003263492576035365 0.0023409768075033505 -0.003264891616486555 0.9999918967458439 0.04825927817358888 0.09860769106754219 -0.2154465778699972
FixedParameters: 0 0 0
#Transform 90
Transform: MatrixOffsetTransformBase_double_3_3
Parameters: 0.9999968531296566 -0.0003823720874276342 -0.0025209467694656887 0.0003909811311611596 0.9999937462300159 0.003566876663881932 0.0025197730365129345 -0.0035669568825434234 0.9999909512339514 0.0563800350680026 0.017161492952268986 -0.2122542046978424
FixedParameters: 0 0 0
#Transform 91
Transform: MatrixOffsetTransformBase_double_3_3
Parameters: 0.9999970615123577 -0.0003073872227779348 -0.002487179359258386 0.00031534156442606677 0.9999949165115752 0.003260201499413244 0.0024859122443354753 -0.0032609272567920046 0.9999911995550173 0.05439761412793587 0.09391586029201449 -0.21903152858798336
FixedParameters: 0 0 0
#Transform 92
Transform: MatrixOffsetTransformBase_double_3_3
Parameters: 0.9999969134581712 -0.00032955706179882286 -0.00252461789513736 0.00033907171375003686 0.9999933775695724 0.0037551529893696638 0.0025227426352008864 -0.0037560617699379517 0.9999895381351507 0.05993837367829258 0.01051601681746206 -0.20613057362081122
FixedParameters: 0 0 0
#Transform 93
Transform: MatrixOffsetTransformBase_double_3_3
Parameters: 0.9999967520983529 -0.000165605664655119 -0.002560724907591655 0.00017391580359911072 0.9999942924606279 0.0032096334775701084 0.002560440979190691 -0.0032106316110436274 0.999991174564104 0.05969995159902908 0.11915145938270655 -0.22505391199010205
FixedParameters: 0 0 0
#Transform 94
Transform: MatrixOffsetTransformBase_double_3_3
Parameters: 0.9999963658780373 -0.00009378111156318038 -0.002649269485469015 0.00010462034528292339 0.9999929677142024 0.003820079788969144 0.0026491139733438307 -0.0038207817511829306 0.9999894186781101 0.06109263261096487 0.017067012312821817 -0.20964350757234484
FixedParameters: 0 0 0
#Transform 95
Transform: MatrixOffsetTransformBase_double_3_3
Parameters: 0.9999973632837947 -0.0002196087146872723 -0.0024249325891571444 0.0002266757595184468 0.9999960205734777 0.0029363875842702454 0.0024244368530208227 -0.0029366064808634615 0.999992512235178 0.04995703785108674 0.11460029818459816 -0.2216310127825949
FixedParameters: 0 0 0
#Transform 96
Transform: MatrixOffsetTransformBase_double_3_3
Parameters: 0.9999958728876891 -0.000035872221684700814 -0.002748203354638795 0.00004519984841378183 0.9999941654398711 0.0033775781530824903 0.00274768834788211 -0.003378017484612847 0.9999900367302242 0.06311234044804337 0.02749282745412529 -0.21226159488444551
FixedParameters: 0 0 0
#Transform 97
Transform: MatrixOffsetTransformBase_double_3_3
Parameters: 0.999996623312928 -0.00011941857137632661 -0.0025870645733958794 0.00012614386743970123 0.9999965368111231 0.002672775402517546 0.0025862252507189917 -0.00267254889064868 0.9999931419257873 0.06079572054370885 0.10386546928697271 -0.2130560826130008
FixedParameters: 0 0 0
#Transform 98
Transform: MatrixOffsetTransformBase_double_3_3
Parameters: 0.9999965695536871 -0.00027570236572513633 -0.002782033572969682 0.0002846604887410027 0.999994910108018 0.003257284506899362 0.0027809939592538593 -0.0032580116616016674 0.9999906649945848 0.0439575680537132 0.024339194739781078 -0.29841994135160377
FixedParameters: 0 0 0
#Transform 99
Transform: MatrixOffsetTransformBase_double_3_3
Parameters: 0.9999964324372788 -0.0005029139194351172 -0.0027590290563558953 0.0005114133692038012 0.9999953638384091 0.003007974943259731 0.002757765799671928 -0.003008856339285087 0.9999913705046356 0.042871659523498806 0.1346608578931665 -0.3292513277795521
FixedParameters: 0 0 0
#Transform 100
Transform: MatrixOffsetTransformBase_double_3_3
Parameters: 0.9999960784738927 -0.0006375676050290058 -0.002797457581521001 0.000648638953531905 0.9999929953033198 0.0036341149522222567 0.0027954387562640556 -0.0036357920223863277 0.9999890327740094 0.04476352062465594 0.004270261386864149 -0.32300607051607244
FixedParameters: 0 0 0
#Transform 101
Transform: MatrixOffsetTransformBase_double_3_3
Parameters: 0.9999964625919765 -0.0004405064453540246 -0.002772786841434012 0.00044918297163597416 0.9999950724399664 0.003213479237444118 0.002771708702081474 -0.003215066891650291 0.999991035230241 0.044745637602730426 0.08301730474840952 -0.3256370622616487
FixedParameters: 0 0 0
#Transform 102
Transform: MatrixOffsetTransformBase_double_3_3
Parameters: 0.9999962784039899 -0.0004869096494030645 -0.0028074333993448747 0.0004961956320037258 0.9999941913654211 0.0034839827441460365 0.0028056932165432813 -0.0034849063966497958 0.9999900105012808 0.05091341118244941 0.05065318980888378 -0.33647832936448907
FixedParameters: 0 0 0
#Transform 103
Transform: MatrixOffsetTransformBase_double_3_3
Parameters: 0.9999957667172809 -0.000549821692976113 -0.0028948864665865395 0.000561067210628237 0.9999919561237884 0.0039059060423878023 0.002892102482479786 -0.003907283195885049 0.9999883922550679 0.04923820329545947 0.033576392842689984 -0.321291148750511
FixedParameters: 0 0 0
#Transform 104
Transform: MatrixOffsetTransformBase_double_3_3
Parameters: 0.9999959450456903 -0.0005455244559870712 -0.002668234087423303 0.0005561467641660277 0.999991718890692 0.0039394700334112985 0.0026664666935949655 -0.003941530124206678 0.9999884443335852 0.044925263697763285 0.08006031616912423 -0.33487826630492634
FixedParameters: 0 0 0
#Transform 105
Transform: MatrixOffsetTransformBase_double_3_3
Parameters: 0.9999965925188036 -0.0005169376263731852 -0.002530759537625958 0.0005263951310261535 0.9999940383012584 0.0035111310147779573 0.0025297740707321964 -0.0035128572125939055 0.9999903520120134 0.04331312802091247 0.06442086291751536 -0.3245185743612211
FixedParameters: 0 0 0
#Transform 106
Transform: MatrixOffsetTransformBase_double_3_3
Parameters: 0.999995797848141 -0.00042128691922029894 -0.002724561670408264 0.00043100140535079533 0.9999928369780806 0.003677906840341652 0.002723080480593769 -0.0036793936024844473 0.9999890983892084 0.045324179963103006 0.05497799264291814 -0.30527906789600934
FixedParameters: 0 0 0
#Transform 107
Transform: MatrixOffsetTransformBase_double_3_3
Parameters: 0.9999966014713043 -0.00041502119084667625 -0.0027591045993017663 0.000423137182733588 0.9999946940968969 0.0031230626792461726 0.002757225820818117 -0.0031234999680846837 0.9999916283215892 0.048744851419456836 0.12006295626107999 -0.3193879952619838
FixedParameters: 0 0 0
#Transform 108
Transform: MatrixOffsetTransformBase_double_3_3
Parameters: 0.9999964547766659 -0.00033476787061682194 -0.0027979659913422647 0.0003450727539325818 0.9999929624234257 0.003670414582462412 0.002797122344681914 -0.0036714359686498277 0.9999897476052155 0.052977040627126826 0.03330459391536067 -0.30854512838629233
FixedParameters: 0 0 0
#Transform 109
Transform: MatrixOffsetTransformBase_double_3_3
Parameters: 0.9999959008769147 -0.00046464209728338493 -0.0028691713573235703 0.0004753006603932313 0.9999943503111542 0.003467304205078115 0.0028676169468452514 -0.0034691250918849163 0.9999897944564315 0.05465361507387456 0.08958164396275947 -0.3064671546726103
FixedParameters: 0 0 0
#Transform 110
Transform: MatrixOffsetTransformBase_double_3_3
Parameters: 0.9999950272282773 -0.0005271033963217185 -0.003023236383236712 0.0005378489997794661 0.999992978737693 0.0036415674688580896 0.0030209894132139092 -0.0036429451241904755 0.9999886283065909 0.062436042111045253 0.06279416297556395 -0.3227461718836864
FixedParameters: 0 0 0
#Transform 111
Transform: MatrixOffsetTransformBase_double_3_3
Parameters: 0.999995707803538 -0.0004792920193482196 -0.002917731177588312 0.0004914460519324002 0.9999919088419746 0.004046586349597127 0.0029153603961595623 -0.0040476261194987324 0.9999871412358428 0.053007075921811975 0.03941931565657342 -0.3187828562812669
FixedParameters: 0 0 0
#Transform 112
Transform: MatrixOffsetTransformBase_double_3_3
Parameters: 0.9999961458782317 -0.0005227302842774928 -0.0028175338181178414 0.0005338571551234257 0.9999927991585955 0.0038033947472710765 0.002816163879830795 -0.003805488985982996 0.9999886796832804 0.04922402160067918 0.11113521168955742 -0.3454866142977764
FixedParameters: 0 0 0
#Transform 113
Transform: MatrixOffsetTransformBase_double_3_3
Parameters: 0.9999959890571355 -0.0005946785329457184 -0.002831152742874987 0.0006054628221376784 0.9999924003699048 0.0037161575506832883 0.002829294906285279 -0.003717629220271735 0.9999892392228992 0.04936122112276564 0.05714498854632666 -0.34278219982054736
FixedParameters: 0 0 0
#Transform 114
Transform: MatrixOffsetTransformBase_double_3_3
Parameters: 0.9999960347361404 -0.0004322210422063354 -0.0028608870983349993 0.0004430790393230332 0.9999922765181082 0.0038802906844566352 0.002860041955940529 -0.0038809099516479116 0.9999888227958507 0.05495406356845933 0.08129656063931634 -0.34572804631550724
FixedParameters: 0 0 0
#Transform 115
Transform: MatrixOffsetTransformBase_double_3_3
Parameters: 0.9999952320817173 -0.000504808775309393 -0.002985636828582404 0.0005167039737661856 0.9999934033376411 0.003728726852421871 0.002983436603716222 -0.0037299436444747647 0.999988211745302 0.06157886740177787 0.08733846033408099 -0.34319523301815735
FixedParameters: 0 0 0
#Transform 116
Transform: MatrixOffsetTransformBase_double_3_3
Parameters: 0.9999952683035089 -0.0004703420339289222 -0.003001446469749397 0.0004822299691285908 0.9999918004373091 0.004055353866609199 0.0029990873335539805 -0.004056415144099927 0.9999875736558459 0.060214388371193195 0.042262671749483616 -0.3374360123406035
FixedParameters: 0 0 0
#Transform 117
Transform: MatrixOffsetTransformBase_double_3_3
Parameters: 0.9999955264559305 -0.0005596918483265004 -0.002934604106649856 0.0005704276611582283 0.9999917297104021 0.003924392452545583 0.0029327885522522495 -0.003926857584776917 0.9999880707494496 0.05687520240063293 0.09875222056083999 -0.3466735043748912
FixedParameters: 0 0 0
#Transform 118
Transform: MatrixOffsetTransformBase_double_3_3
Parameters: 0.9999946563557389 -0.0006148339242259756 -0.003071051754389105 0.0006282582089231596 0.9999898183335879 0.0043837774872183925 0.0030690454592735145 -0.004385743093175971 0.9999854495767044 0.0653619147032316 0.05190599128705742 -0.3390284592989019
FixedParameters: 0 0 0
#Transform 119
Transform: MatrixOffsetTransformBase_double_3_3
Parameters: 0.9999948235330621 -0.0005127600065476749 -0.003067926574673592 0.0005258768994311725 0.9999908302067662 0.004167945038905774 0.003065101239891857 -0.00416933334683333 0.9999862443420386 0.06338795168433364 0.10777245499554056 -0.3505207449256389
FixedParameters: 0 0 0
#Transform 120
Transform: MatrixOffsetTransformBase_double_3_3
Parameters: 0.9999949889558623 -0.0005817625654653875 -0.003189923190505095 0.000594989578600738 0.9999907115079381 0.004170640340584734 0.003187492723016244 -0.0041715426509987795 0.9999864750595792 0.06916247706239176 0.0632485658956341 -0.35637793814632346
FixedParameters: 0 0 0
#Transform 121
Transform: MatrixOffsetTransformBase_double_3_3
Parameters: 0.9999957402182047 -0.00042093359144859633 -0.002920699872429322 0.00043255355248326206 0.9999918556810067 0.003935193007797249 0.002918896774994073 -0.003935847811557206 0.9999880124928936 0.05099598944705974 0.10880449768116307 -0.34327260859680564
FixedParameters: 0 0 0
#Transform 122
Transform: MatrixOffsetTransformBase_double_3_3
Parameters: 0.9999952073018967 -0.0004940582618371389 -0.0030078388646231774 0.0005066270960067799 0.9999909157285543 0.0041600896569225325 0.0030051796899205133 -0.004161301539354314 0.9999866749343985 0.06524632458489066 0.035111894264133525 -0.3524383286982129
FixedParameters: 0 0 0
#Transform 123
Transform: MatrixOffsetTransformBase_double_3_3
Parameters: 0.9999955818571984 -0.0005681758369853017 -0.0029238277296553053 0.0005809718514614103 0.9999909760606017 0.004148664038936274 0.0029205391802375746 -0.004150188412174266 0.9999872676631602 0.06254644711954427 0.04946494340126151 -0.33632499886903844
FixedParameters: 0 0 0
#Transform 124
Transform: MatrixOffsetTransformBase_double_3_3
Parameters: 0.9999957410067345 -0.0008104837557465292 -0.0030127363903426907 0.0008256279397512738 0.9999879394290211 0.004778188905881563 0.003008240582568579 -0.00478026999707766 0.999984172434786 0.06453456192512874 0.03039403451573719 -0.3413278956431327
FixedParameters: 0 0 0
#Transform 125
Transform: MatrixOffsetTransformBase_double_3_3
Parameters: 0.9999953394534359 -0.0007463652582413115 -0.002920170508523126 0.00076021209088483 0.9999893854388986 0.0045288149722206225 0.0029167673943949896 -0.004531369943455162 0.9999850613373116 0.06741530925627615 0.10134529380061963 -0.36161066398201314
FixedParameters: 0 0 0
#Transform 126
Transform: MatrixOffsetTransformBase_double_3_3
Parameters: 0.999994977073936 -0.0008071692745863521 -0.002984352840098785 0.0008219541558031993 0.9999863029120322 0.0051330329976195695 0.0029801731086855077 -0.005136081580881337 0.9999828772402468 0.06747514780978747 0.022344539832559462 -0.36347806966935536
FixedParameters: 0 0 0
#Transform 127
Transform: MatrixOffsetTransformBase_double_3_3
Parameters: 0.999994871478099 -0.0007968238332835592 -0.003165711422932177 0.000811849393068194 0.9999881404206141 0.004853571144353027 0.003162194244415044 -0.004855846687562941 0.9999835360616219 0.08027786466016096 0.09938241981190288 -0.38002911901159564
FixedParameters: 0 0 0
#Transform 128
Transform: MatrixOffsetTransformBase_double_3_3
Parameters: 0.9999952919112055 -0.0007244740325266643 -0.0031219680601886624 0.0007385242353139939 0.9999882544452654 0.0047468787697319825 0.0031184388576763755 -0.004749670367091743 0.9999838193784627 0.0757412069039134 0.07531305628725704 -0.38885026999767547
FixedParameters: 0 0 0
#Transform 129
Transform: MatrixOffsetTransformBase_double_3_3
Parameters: 0.9999951585838663 -0.0008021179472191163 -0.003110663252481251 0.0008167805447353294 0.9999885913727102 0.004706100758525723 0.003107386683383631 -0.004708279218066706 0.9999842917769006 0.07910880735532544 0.04406113323636873 -0.3537660655026258
FixedParameters: 0 0 0
#Transform 130
Transform: MatrixOffsetTransformBase_double_3_3
Parameters: 0.9999953723476938 -0.0005903224479256371 -0.002964935845940715 0.0006037919488670258 0.9999891942277469 0.00456825695149542 0.002961852388504556 -0.004569995675840776 0.999985402784496 0.0753311131666834 0.08580943530172647 -0.36045011438784513
FixedParameters: 0 0 0
#Transform 131
Transform: MatrixOffsetTransformBase_double_3_3
Parameters: 0.9999949287335509 -0.0008344961890690745 -0.002974233086928929 0.0008475303224067599 0.9999896608275504 0.004477246204179025 0.0029701459791932477 -0.0044804405507032075 0.999985207475151 0.07245813731174167 0.04702811683695529 -0.34674762323567165
FixedParameters: 0 0 0
