1	0	1
1	0	2
1	0	3
1	0	4
1	0	5
1	0	6
1	0	7
1	1	8
1	1	9
1	1	10
1	1	11
1	1	12
1	1	13
1	1	14
1	1	15
1	1	16
1	1	17
1	1	18
1	1	19
1	0	20
1	0	21
1	0	22
1	0	23
1	0	24
1	0	25
1	3	26
1	3	27
1	3	28
1	3	29
1	3	30
1	3	31
1	3	32
1	3	33
1	3	34
1	3	35
1	3	36
1	3	37
1	0	38
1	0	39
1	0	40
1	0	41
1	0	42
1	0	43
1	2	44
1	2	45
1	2	46
1	2	47
1	2	48
1	2	49
1	2	50
1	2	51
1	2	52
1	2	53
1	2	54
1	2	55
1	0	56
1	0	57
1	0	58
1	0	59
1	0	60
1	0	61
1	2	62
1	2	63
1	2	64
1	2	65
1	2	66
1	2	67
1	2	68
1	2	69
1	2	70
1	2	71
1	2	72
1	2	73
1	0	74
1	0	75
1	0	76
1	0	77
1	0	78
1	0	79
1	1	80
1	1	81
1	1	82
1	1	83
1	1	84
1	1	85
1	1	86
1	1	87
1	1	88
1	1	89
1	1	90
1	1	91
1	0	92
1	0	93
1	0	94
1	0	95
1	0	96
1	0	97
1	3	98
1	3	99
1	3	100
1	3	101
1	3	102
1	3	103
1	3	104
1	3	105
1	3	106
1	3	107
1	3	108
1	3	109
1	0	110
1	0	111
1	0	112
1	0	113
1	0	114
1	0	115
1	1	116
1	1	117
1	1	118
1	1	119
1	1	120
1	1	121
1	1	122
1	1	123
1	1	124
1	1	125
1	1	126
1	1	127
1	0	128
1	0	129
1	0	130
1	0	131
1	0	132
1	0	133
1	3	134
1	3	135
1	3	136
1	3	137
1	3	138
1	3	139
1	3	140
1	3	141
1	3	142
1	3	143
1	3	144
1	3	145
1	0	146
1	0	147
1	0	148
1	0	149
1	0	150
1	0	151
1	2	152
1	2	153
1	2	154
1	2	155
1	2	156
1	2	157
1	2	158
1	2	159
1	2	160
1	2	161
1	2	162
1	2	163
1	0	164
1	0	165
1	0	166
1	0	167
1	0	168
1	0	169
1	0	170
1	0	171
1	0	172
1	0	173
1	0	174
2	0	1
2	0	2
2	0	3
2	0	4
2	0	5
2	0	6
2	0	7
2	1	8
2	1	9
2	1	10
2	1	11
2	1	12
2	1	13
2	1	14
2	1	15
2	1	16
2	1	17
2	1	18
2	1	19
2	0	20
2	0	21
2	0	22
2	0	23
2	0	24
2	0	25
2	2	26
2	2	27
2	2	28
2	2	29
2	2	30
2	2	31
2	2	32
2	2	33
2	2	34
2	2	35
2	2	36
2	2	37
2	0	38
2	0	39
2	0	40
2	0	41
2	0	42
2	0	43
2	3	44
2	3	45
2	3	46
2	3	47
2	3	48
2	3	49
2	3	50
2	3	51
2	3	52
2	3	53
2	3	54
2	3	55
2	0	56
2	0	57
2	0	58
2	0	59
2	0	60
2	0	61
2	3	62
2	3	63
2	3	64
2	3	65
2	3	66
2	3	67
2	3	68
2	3	69
2	3	70
2	3	71
2	3	72
2	3	73
2	0	74
2	0	75
2	0	76
2	0	77
2	0	78
2	0	79
2	2	80
2	2	81
2	2	82
2	2	83
2	2	84
2	2	85
2	2	86
2	2	87
2	2	88
2	2	89
2	2	90
2	2	91
2	0	92
2	0	93
2	0	94
2	0	95
2	0	96
2	0	97
2	1	98
2	1	99
2	1	100
2	1	101
2	1	102
2	1	103
2	1	104
2	1	105
2	1	106
2	1	107
2	1	108
2	1	109
2	0	110
2	0	111
2	0	112
2	0	113
2	0	114
2	0	115
2	2	116
2	2	117
2	2	118
2	2	119
2	2	120
2	2	121
2	2	122
2	2	123
2	2	124
2	2	125
2	2	126
2	2	127
2	0	128
2	0	129
2	0	130
2	0	131
2	0	132
2	0	133
2	1	134
2	1	135
2	1	136
2	1	137
2	1	138
2	1	139
2	1	140
2	1	141
2	1	142
2	1	143
2	1	144
2	1	145
2	0	146
2	0	147
2	0	148
2	0	149
2	0	150
2	0	151
2	3	152
2	3	153
2	3	154
2	3	155
2	3	156
2	3	157
2	3	158
2	3	159
2	3	160
2	3	161
2	3	162
2	3	163
2	0	164
2	0	165
2	0	166
2	0	167
2	0	168
2	0	169
2	0	170
2	0	171
2	0	172
2	0	173
2	0	174
3	0	1
3	0	2
3	0	3
3	0	4
3	0	5
3	0	6
3	0	7
3	1	8
3	1	9
3	1	10
3	1	11
3	1	12
3	1	13
3	1	14
3	1	15
3	1	16
3	1	17
3	1	18
3	1	19
3	0	20
3	0	21
3	0	22
3	0	23
3	0	24
3	0	25
3	3	26
3	3	27
3	3	28
3	3	29
3	3	30
3	3	31
3	3	32
3	3	33
3	3	34
3	3	35
3	3	36
3	3	37
3	0	38
3	0	39
3	0	40
3	0	41
3	0	42
3	0	43
3	2	44
3	2	45
3	2	46
3	2	47
3	2	48
3	2	49
3	2	50
3	2	51
3	2	52
3	2	53
3	2	54
3	2	55
3	0	56
3	0	57
3	0	58
3	0	59
3	0	60
3	0	61
3	3	62
3	3	63
3	3	64
3	3	65
3	3	66
3	3	67
3	3	68
3	3	69
3	3	70
3	3	71
3	3	72
3	3	73
3	0	74
3	0	75
3	0	76
3	0	77
3	0	78
3	0	79
3	1	80
3	1	81
3	1	82
3	1	83
3	1	84
3	1	85
3	1	86
3	1	87
3	1	88
3	1	89
3	1	90
3	1	91
3	0	92
3	0	93
3	0	94
3	0	95
3	0	96
3	0	97
3	2	98
3	2	99
3	2	100
3	2	101
3	2	102
3	2	103
3	2	104
3	2	105
3	2	106
3	2	107
3	2	108
3	2	109
3	0	110
3	0	111
3	0	112
3	0	113
3	0	114
3	0	115
3	1	116
3	1	117
3	1	118
3	1	119
3	1	120
3	1	121
3	1	122
3	1	123
3	1	124
3	1	125
3	1	126
3	1	127
3	0	128
3	0	129
3	0	130
3	0	131
3	0	132
3	0	133
3	3	134
3	3	135
3	3	136
3	3	137
3	3	138
3	3	139
3	3	140
3	3	141
3	3	142
3	3	143
3	3	144
3	3	145
3	0	146
3	0	147
3	0	148
3	0	149
3	0	150
3	0	151
3	2	152
3	2	153
3	2	154
3	2	155
3	2	156
3	2	157
3	2	158
3	2	159
3	2	160
3	2	161
3	2	162
3	2	163
3	0	164
3	0	165
3	0	166
3	0	167
3	0	168
3	0	169
3	0	170
3	0	171
3	0	172
3	0	173
3	0	174
