0.0110269	0.0432089	-0.000277943	0.000129777	-0.00023232	0.000218452
0.0113012	0.0609327	-0.010084	-8.79278e-05	-0.000274086	0.000157275
0.00284252	0.0308628	-0.0134191	-0.000172442	-0.000357164	0.000121704
9.51376e-05	0.0447179	-0.0224169	-0.000113904	-0.000461706	0.000109374
0.00220874	0.066922	-0.0291524	-0.000240699	-0.000499093	0.000177311
0.00351141	0.0449097	-0.0324287	-0.000403698	-0.000580804	0.000249917
0.00486967	0.0280969	-0.046104	8.36599e-05	-0.000480728	0.000270558
0.0138803	0.0795015	-0.039573	-0.000498016	-0.000374632	0.000249549
0.0141492	0.0240654	-0.0320306	-0.000456593	-0.000336878	0.000329772
0.0175226	0.0256825	-0.043811	-0.000335525	-0.000241232	0.00016779
0.0182759	0.0584151	-0.0315926	-0.000656029	-0.000266685	6.15329e-05
0.0287848	0.0346032	-0.0703794	-0.000343359	-0.00111477	-5.80052e-05
0.0304706	0.0396514	-0.0286667	-0.0007448529999999	-0.000618605	0.00010261
0.0254181	0.0274008	-0.0142537	-0.00084321	-0.000668589	0.000259336
0.0293545	0.0274166	-0.021296	-0.000930591	-0.000606991	0.000285649
0.0284523	0.0361753	-0.0147007	-0.000986704	-0.000588068	0.000323408
0.030308	0.027312	0.00474794	-0.0007672589999999	-0.000531645	0.000268205
0.0391994	0.0208408	-0.00568029	-0.000649472	-0.000533438	0.000279716
0.0465866	0.0303042	0.0147846	-0.0010448	-0.00062703	0.000272882
0.0428868	0.0262889	0.00816447	-0.00108835	-0.000693733	0.000303526
0.0468653	0.00931708	0.0271049	-0.0018944	-0.000426543	0.000397545
0.0435782	0.00870334	0.0155933	-0.00148921	-0.000516896	0.000276005
0.046484	0.0155779	0.0281227	-0.00205143	-0.00035093	0.000179902
0.0464905	0.000825595	0.0301556	-0.00183557	-0.000516073	0.000209033
0.0514185	-0.0114918	0.0221898	-0.00177933	-0.000416018	0.000275515
0.0540291	0.0224596	0.0233008	-0.00233901	-0.000260629	0.000174722
0.0752699	-0.0280178	-0.00685007	-0.0015643	-7.05338e-05	0.000225981
0.064464	0.0571602	0.082322	-0.00220063	-0.000262956	4.61873e-05
0.0562704	-0.00594343	0.0257079	-0.00136709	-0.000212966	-2.26339e-05
0.0602295	0.0207119	0.0431657	-0.00176266	-0.000390581	6.1469e-06
0.0653368	0.0337679	0.0584903	-0.00226126	-0.000143717	-4.31282e-05
0.0653413	0.00557279	0.0700352	-0.00220745	-0.000258153	-0.000142937
0.0704323	0.0156782	0.0500755	-0.00191068	-0.000300968	-0.000215769
0.0678875	0.0294385	0.0300529	-0.00167268	-0.000231178	-0.000205968
0.0696523	0.0488916	0.0208242	-0.00193412	-0.000225913	-0.000136203
0.0744161	0.0122664	0.00764266	-0.00175147	-0.000361118	-0.000320235
0.0805658999999999	0.0353717	-0.0195668	-0.00135648	-0.000201776	-0.000219128
0.0880258	0.0752984	-0.0143426	-0.00237481	-8.18758e-05	-0.000428005
0.0909972	-0.0160512	0.0036973	-0.00151792	8.17736e-06	-0.000166609
0.0993755	0.0490689	0.00916792	-0.00178036	4.38952e-05	-0.000324246
0.097555	0.0222478	-0.00273722	-0.00155309	0.000154194	-0.00034297
0.10499	0.0555598	0.00731807	-0.00193637	2.33327e-05	-0.000486938
0.103863	0.0255042	0.019454	-0.00219762	0.000199916	-0.000424873
0.101162	0.0201676	-0.00245692	-0.00169253	0.00021355	-0.000400308
0.102722	0.0604913	0.00492029	-0.00194679	0.000221749	-0.000384326
0.101912	0.032444	-0.00306286	-0.00136582	0.000102632	-0.00028143
0.0985598	0.0325617	0.00658936	-0.0017814	0.000169111	-0.000352473
0.0989646	0.0326637	0.0194731	-0.00238021	0.000152175	-0.000406415
0.100257	0.0170819	0.0268636	-0.0022481	9.45476e-05	-0.0002854
0.101185	0.0162307	0.0152871	-0.0017747	0.0001887	-0.000292347
0.106018	0.0324778	0.00156492	-0.00151757	8.12794e-05	-0.000345102
0.098941	0.0325632	-0.00614396	-0.00165942	-0.000160192	-0.000408469
0.106846	0.0519907	-0.0147188	-0.00172176	-0.000180513	-0.000414684
0.108632	0.0265209	-0.0117752	-0.00178087	-0.000249611	-0.000569669
0.114029	0.0550304	0.00841624	-0.00221336	-0.000249611	-0.000399075
0.11818	0.029638	-0.0254113	-0.00172462	-0.000377697	-0.000436172
0.122207	0.061432	0.00543164	-0.00226488	-0.000152999	-0.000537156
0.119105	0.0378979	0.0481533	-0.00268208	-1.95137e-05	-0.000526057
0.113522	0.0348732	0.0299406	-0.00228207	-0.000110164	-0.000698582
0.116973	0.0491106	0.0392895	-0.00229951	-0.000109229	-0.000802851
0.113039	0.00318842	0.0391559	-0.00214004	0.000107144	-0.000678165
0.112355	0.0707209	0.0230905	-0.00240072	0.000206146	-0.000497761
0.113206	0.0200495	-0.00653324	-0.0020031	6.84592e-05	-0.000544795
0.11145	0.0394342	-0.0130949	-0.00212306	8.36027e-05	-0.000411848
0.110185	0.0656406	-0.0191461	-0.00233068	-6.21642e-05	-0.000399083
0.111223	0.0373136	-0.0124085	-0.00194522	-0.000102459	-0.000559151
0.10848	0.0488571	-0.0349836	-0.00175203	-0.00011613	-0.000504819
0.115106	0.0732340999999999	-0.0291314	-0.00204925	-0.00022897	-0.000526942
0.114777	0.0485476	-0.0040228	-0.00182937	-0.00022897	-0.000638247
0.113546	0.0372342	0.00411052	-0.0025613	-0.00010561	-0.000765715
0.110191	0.0529239	-0.00590556	-0.00301244	-0.000236015	-0.000931432
0.110858	0.0191368	-0.0283988	-0.0023018	-6.61784e-05	-0.000693417
0.1102	0.0668725	-0.0554147	-0.00268014	-0.000113662	-0.000730852
0.109381	0.0535704	-0.0266567	-0.00242006	-4.71289e-05	-0.000617093
0.109294	0.0448941	-0.00134558	-0.0026429	0.000132544	-0.000726622
0.110642	0.0485366	-0.000601837	-0.00256673	1.98455e-05	-0.000491823
0.111132	0.0146235	-0.0193122	-0.00185242	-0.000134825	-0.00054396
0.115004	0.0639839	-0.0251139	-0.00251173	0.000234685	-0.000687043
0.125117	0.0120903	-0.0112743	-0.00243742	0.000395578	-0.000547434
0.120938	0.0710041	-0.0209965	-0.00270825	0.00043158	-0.000512607
0.122003	0.0266131	-0.0184154	-0.00219699	0.000214851	-0.000661316
0.1204	0.0891243	-0.00450303	-0.00261314	0.000364497	-0.000645832
0.109239	0.042655	-0.0203061	-0.00113238	7.45519e-05	-0.000905796
0.114168	0.0913866	-0.0186487	-0.000798077	1.4524e-05	-0.0008611839999999
0.118607	0.0716551	-0.0191544	-0.00165744	0.000267958	-0.000904715
0.124309	0.0543673	-0.00203251	-0.00123202	5.46379e-05	-0.000906996
0.124372	0.0366172	-0.00394215	-0.00156921	0.000228139	-0.0008914469999999
0.119622	0.0679395	-0.0154387	-0.00174734	0.000203215	-0.000919902
0.124316	0.0471193	0.0125268	-0.00194063	0.000143626	-0.000922483
0.124241	0.0361502	-0.0134903	-0.00197549	7.164e-05	-0.000952166
0.124295	0.0544496	-0.0214361	-0.00192413	-6.22916e-05	-0.000910568
0.123918	0.0757599	-0.0127478	-0.00212718	-0.000127506	-0.00110975
0.120939	0.0380641	-0.0152776	-0.00202912	0.000130384	-0.00123009
0.113407	0.0445245	-0.000781594	-0.00225654	0.000209846	-0.00133329
0.119452	0.0765801	-0.00942669	-0.00280327	-1.99369e-05	-0.00123284
0.118562	0.0281723	-0.0179452	-0.00204444	6.18218e-05	-0.00143197
0.110812	0.0446551	-0.00982219	-0.00276173	-8.77512e-05	-0.00130977
0.102402	0.0447382	-0.0226472	-0.00254784	9.50877e-05	-0.00160022
0.104982	0.0353067	-0.0211071	-0.00224419	0.000109125	-0.00161936
0.10567	0.0446483	-0.0234386	-0.00235323	-4.42737e-05	-0.00155336
0.106451	0.0689909	-0.0417408	-0.00237189	-0.000218895	-0.00159757
0.105834	0.0505723	-0.00668138	-0.00204444	-0.000124673	-0.00176668
0.1031	0.0506205	0.00571325	-0.00275989	1.25277e-05	-0.00187884
0.113786	0.0784374	-0.0255442	-0.00344509	-6.21895e-05	-0.00177043
0.119891	0.0265718	-0.010811	-0.00296121	-9.3712e-05	-0.00158186
0.113435	0.0596643	-0.0183344	-0.00291029	-0.000122816	-0.00175037
0.113806	0.0597899	-0.014645	-0.00310187	-0.000462861	-0.00192667
0.116812	0.039994	0.00749566	-0.00322481	-0.000671707	-0.00224103
0.116818	0.0401326	0.00108307	-0.00393308	-0.000583083	-0.00221795
0.121587	0.114306	0.0236639	-0.00409199	3.37721e-06	-0.00111924
0.115617	0.093272	0.0561064	-0.00207322	0.000222413	-0.000729045
0.109036	-0.0616467	0.0832707	-0.00188344	-2.13437e-05	-0.00176863
0.107095	-0.000931339	0.0357577	-0.00171923	0.000217027	-0.00223229
0.108068	0.0524407	0.0430167	-0.00233459	-1.69569e-05	-0.00213328
0.115017	0.0418727	0.0836379	-0.00250804	0.000300165	-0.00206667
0.113869	0.0939252	0.0962339	-0.0028655	0.000119758	-0.00239514
0.12868	0.0554542	0.120243	-0.00318987	-0.00026841	-0.00229635
0.128657	0.0669268	0.128119	-0.00369726	-0.000438627	-0.00227696
0.134764	0.0699427	0.127251	-0.00376928	-0.000365857	-0.00233858
0.144608	0.0572054	0.130281	-0.00434577	-0.000482521	-0.00249578
0.144839	0.0124536	0.130204	-0.00437173	-0.000347425	-0.00240186
0.149465	0.0319906	0.146425	-0.00496041	-3.54045e-05	-0.00244121
0.167907	0.0233823	0.292216	-0.00556711	-0.000243246	-0.00222289
0.166473	0.0394743	0.335607	-0.00553503	-0.000170224	-0.00257012
0.151245	-0.0266558	0.31196	-0.00281015	0.000103261	-0.00225743
0.129067	0.0445874	0.281398	-0.00271366	0.000650774	-0.00229197
0.128222	0.0446544	0.252511	-0.00310001	0.0004224	-0.00233747
0.133842	0.0520826	0.255391	-0.00396948	-3.91831e-06	-0.00239936
0.139377	0.0332903	0.257825	-0.00337263	0.000308206	-0.00228852
0.142547	0.0401456	0.265617	-0.00321969	0.000217192	-0.00236898
0.142616	0.0214869	0.254994	-0.00368705	0.000330051	-0.00237407
0.146171	0.0685212	0.229836	-0.00328682	0.000119795	-0.00256897
0.141346	0.0159913	0.227823	-0.00351659	0.000231731	-0.00252728
0.138564	0.0514825	0.206562	-0.00311677	0.000163934	-0.00275217
0.141174	-0.0012892	0.273252	-0.00501497	0.000161453	-0.00267398
0.144926	0.0283517	0.228723	-0.00408048	0.000121506	-0.00243954
0.148372	0.0397029	0.251946	-0.00455778	5.26881e-05	-0.00256416
0.153916	0.0089374399999999	0.256423	-0.00440774	-6.68214e-06	-0.00249266
0.15742	0.0323043	0.248252	-0.00494208	-0.000152422	-0.00277232
0.160003	0.0558546	0.235595	-0.00507987	-0.000457547	-0.00270148
0.162975	0.0368624	0.227285	-0.00461875	-0.000704699	-0.00272696
0.169877	0.023188	0.226735	-0.00568609	-0.000644497	-0.0025573
0.17528	0.0714941	0.196642	-0.00596974	-0.000543395	-0.00254751
0.176259	0.00819372	0.161556	-0.00504115	-0.000704699	-0.00234515
0.170275	0.0484279	0.145877	-0.00540042	-0.000704699	-0.00230833
0.173944	0.0462615	0.13677	-0.00519208	-0.000732688	-0.00237674
0.175648	0.0431144	0.137696	-0.00473436	-0.000846162	-0.00231857
0.181309	0.072424	0.138887	-0.00520655	-0.00109722	-0.00238532
0.176835	0.0261265	0.136637	-0.0047769	-0.00105075	-0.00237676
0.180927	0.065613	0.1407	-0.00501203	-0.00125448	-0.00231582
0.179954	0.0574208	0.145746	-0.00410524	-0.00120262	-0.00244024
0.187941	0.0478147	0.146746	-0.00479378	-0.00140555	-0.00246909
0.172576	0.0390547	0.155288	-0.00552913	-0.00161599	-0.00271692
0.171467	0.0415479	0.193159	-0.00623742	-0.00146429	-0.00267747
0.175399	0.0567432	0.163613	-0.0058627	-0.00155757	-0.00283011
0.177891	0.0259406	0.161604	-0.00557324	-0.0016033	-0.00249351
0.178778	0.0365166	0.165667	-0.00593757	-0.0017133	-0.00258583
0.187656	0.0376678	0.165843	-0.00603598	-0.0017133	-0.0025722
0.178082	0.0307576	0.223235	-0.0064543	-0.0022525	-0.00240521
0.175827	0.0369366	0.215895	-0.00618239	-0.0022525	-0.0025702
0.169995	0.0235915	0.303636	-0.0077598199999999	-0.0022525	-0.00273915
0.176637	0.0127845	0.246928	-0.00723561	-0.00180428	-0.00265769
0.167165	0.00724	0.202205	-0.00656799	-0.00205781	-0.0024856
0.178447	0.0487656	0.177863	-0.00685458	-0.00247835	-0.00258595
0.167283	0.00507849	0.177614	-0.00573015	-0.00211204	-0.00246123
0.168682	0.0469292	0.185432	-0.00612692	-0.0021688	-0.00284389
0.171512	0.00297721	0.184429	-0.00550903	-0.00215393	-0.00286583
0.159754	0.0192335	0.191042	-0.00536511	-0.0022525	-0.00274001
0.165413	0.0177171	0.184312	-0.00558353	-0.00250332	-0.00284473
0.162676	0.00934466	0.168518	-0.00510115	-0.00253762	-0.00255324
0.161225	0.0373109	0.153261	-0.00518727	-0.00278343	-0.00257256
0.162227	0.0337183	0.156079	-0.00531587	-0.00264617	-0.00256137
0.16106	0.0364246	0.180453	-0.00504775	-0.00247884	-0.00259677
0.161329	0.0345219	0.190333	-0.00538551	-0.00260101	-0.002691
