0.0319169	0.0417829	0.000340368	-0.000354874	-0.000267916	0.000231665
0.0412923	0.0595847	-0.0219057	-0.000462651	-0.000443467	0.000727598
0.0415548	0.0398995	-0.0145387	-0.000141058	-0.000441797	0.000842183
0.0478808	0.0869754999999999	-0.02713	-0.00051803	-0.000512778	0.000866294
0.0524094	0.041082	-0.0184259	-0.000315446	-0.000383378	0.000930984
0.0525175	0.0622834	-0.0267758	-0.00027517	-0.000379282	0.000985776
0.054993	0.0726353	-0.0120784	-0.000478829	-0.000303969	0.000985776
0.0527436	0.0726022	-0.00482662	-0.000283103	-0.00048482	0.000985776
0.0539746	0.0587064	0.0221401	-0.000615886	-0.000312552	0.000930673
0.0479663	0.0679335	0.00651641	-0.000787885	-0.000445733	0.000928509
0.0479	0.0687735	-0.0112226	-0.000948058	-0.000429154	0.000884428
0.0452905	0.0448439	-0.00574632	-0.000950265	-0.000367495	0.000985776
0.0480636	0.0565889	-0.00698361	-0.000806304	-0.000382391	0.000985776
0.048045	0.0817167	-0.00785075	-0.00103896	-0.000452934	0.000985776
0.0482832	0.0565062	-0.0243173	-0.00075573	-0.000481416	0.00114956
0.0506978	0.056487	-0.0200364	-0.000542994	-0.00044326	0.00107667
0.0482673	0.0797511999999999	-0.00680019	-0.00091538	-0.000523304	0.00114562
0.0483004	0.0565064	0.0019186	-0.000857358	-0.000481104	0.00117028
0.0508852	0.0733858	-0.00322268	-0.00031589	-0.000510841	0.00107901
0.0503474	0.0845034	0.0147884	-0.0011972	-0.000529775	0.000932427
0.0379549	0.0327806	-0.0446175	0.000353379	-0.000907954	0.000835749
0.0477924	0.0826038	-0.0235497	0.00116118	-0.000946124	0.00083575
0.0450597	0.0733756	-0.0438342	0.000670169	-0.000989904	0.000835749
0.0477416	0.067793	-0.0204253	0.000646436	-0.00104246	0.000835749
0.0502854	0.0571696	-0.0152478	0.00102558	-0.0010277	0.000835749
0.0506689	0.0910596	-0.0139807	0.000426965	-0.00110083	0.000835749
0.0477043	0.0733728	-0.00586582	0.000184517	-0.00118976	0.000835749
0.0478546	0.057197	-0.00129053	0.000564724	-0.00127207	0.000952196
0.0423447	0.0708181	-0.00668685	0.000508996	-0.0013583	0.000835749
0.0391226	0.0695374	0.0145581	0.000172888	-0.00150363	0.000835749
0.0477615	0.056827	-0.0147144	0.000611578	-0.00168644	0.000922767
0.0478265	0.088885	-0.000878156	0.000153962	-0.00175161	0.00101728
0.0522089	0.0618827	0.00475467	0.00029557	-0.00180456	0.000954523
0.0572378	0.0505538	-0.00149823	0.000569331	-0.00183164	0.00083575
0.0565915	0.0688002	0.00177126	0.000240107	-0.00197004	0.00083575
0.0638258	0.0664678	-0.00414276	0.000193549	-0.00198352	0.00083575
0.0668267	0.0664744	-0.0277566	0.000264616	-0.00191354	0.000778185
0.0646422	0.0698224	-0.0202079	-0.000381468	-0.00196851	0.000499716
0.0806661	0.0467124	-0.0567324	-0.000148438	-0.00233297	0.000495899
0.098137	0.0247652	0.071471	-0.00154725	-0.0016133	0.000605785
0.0983465	0.030158	0.387683	-0.00304364	-0.0018633	0.0007637749999999
0.0883106	-0.0232837	0.249493	-0.00153477	-0.00173368	0.00070882
0.0824638	-0.00157693	0.108024	-0.000672214	-0.0017381	0.000503033
0.069922	0.0136608	-0.0453989	-0.000327855	-0.00186301	0.000568523
0.0739296	0.0547109	-0.0575562	-0.000358103	-0.00207406	0.000423084
0.0775007999999999	0.0736948	-0.07156	-4.38995e-05	-0.0023927	0.000528747
0.077602	0.0882127999999999	-0.0689236	-0.000667499	-0.00240549	0.000597929
0.0773462	0.0800753	-0.0569275	-0.0008207429999999	-0.00245421	0.000423085
0.0812197999999999	0.0841854999999999	-0.0569761	-0.000881928	-0.00269505	0.000423085
0.0822719999999999	0.107954	-0.0546509	-0.00101157	-0.00296355	0.000423085
0.0770755	0.0773825	-0.0375079	-0.0011647	-0.00299768	0.000325839
0.077198	0.0534734	-0.0316654	-0.00131648	-0.00311308	0.000423085
0.0773702	0.082775	-0.05641	-0.00138593	-0.00313415	0.000531185
0.0772386	0.0452593	-0.0438008	-0.00153524	-0.00305569	0.000423085
0.0892647	0.0511723	-0.0471462	-0.00105393	-0.00338754	0.000552194
0.0932191	0.0780593	-0.0377572	-0.00149918	-0.0034701	0.00044277
0.0955798	0.0556364	-0.0142244	-0.00138292	-0.00312981	0.000275805
0.0920068	0.0673646	-0.0293384	-0.00121349	-0.00349398	0.00035681
0.0915549	0.0662054	-0.00176765	-0.00173322	-0.00365769	0.000315104
0.0942222	0.0746809999999999	-0.0111149	-0.00218128	-0.00359014	0.000360915
0.097429	0.0613919	-0.0296665	-0.00214044	-0.00380611	0.000436222
0.0995008	0.0746263999999999	-0.0256281	-0.00222551	-0.00354405	0.000500395
0.0967641	0.0594754	-0.0393501	-0.00162141	-0.00370116	0.000564609
0.0942109	0.0743568	-0.0432673	-0.00124563	-0.0038579	0.000560953
0.0965465	0.0779351999999999	-0.0318421	-0.00152538	-0.00392305	0.000423475
0.10174	0.050459	-0.0354837	-0.00166876	-0.00399913	0.000519718
0.0985444	0.0547582	-0.0282431	-0.00209888	-0.00417458	0.00079122
0.0939414	0.0672561	-0.0283287	-0.00235883	-0.00421682	0.000695721
0.0898164	0.0532062	-0.0311905	-0.00201312	-0.00429323	0.000528753
0.093066	0.0711685	-0.0163954	-0.00240578	-0.00439997	0.000685223
0.098571	0.0800050999999999	-0.0323029	-0.00128471	-0.00442181	0.000778089
0.0998681	0.0795793	-0.0395961	-0.00147749	-0.00435039	0.0007772239999999
0.1024	0.101563	-0.0485546	-0.00176007	-0.00449754	0.000761791
0.106668	0.0635142	-0.0621876	-0.00167446	-0.00419034	0.000734767
0.114588	0.159979	-0.0986703	-0.00298025	-0.00436849	0.000708691
0.118971	0.070066	-0.0459335	-0.00191484	-0.00435967	0.000562626
0.108855	-0.0319274	0.0316667	-0.000356917	-0.0042056	0.00044871
0.118873	0.0872753	0.020713	7.64475e-06	-0.00438077	0.000737645
0.120555	0.112114	-0.0124043	-8.20374e-05	-0.00460957	0.000774789
0.106523	0.101313	0.0237104	-0.000335013	-0.00457816	0.000750542
0.116827	0.115948	0.0235907	-0.000381818	-0.00499459	0.000871282
0.118995	0.119157	0.020991	-0.000318915	-0.0053152	0.000866886
0.111539	0.122911	0.0172932	-0.000650631	-0.00521423	0.000638434
0.106316	0.104035	0.00740705	-0.000586443	-0.00508186	0.000555624
0.10869	0.0664862	0.000958608	-0.000856998	-0.00509129	0.000720716
0.116476	0.0763868	-0.0257479	-0.000985197	-0.00541025	0.000841369
0.114042	0.0617804	-0.0336216	-0.0010842	-0.00535476	0.000662606
0.116976	0.0617703	-0.0330782	-0.00101432	-0.00552691	0.000653632
0.125221	0.0971984	-0.0250908	-0.00136796	-0.0053625	0.0004029
0.119465	0.0542527	-0.0143107	-0.00124884	-0.00559204	0.000260108
0.123811	0.0762294	0.000805102	-0.00251338	-0.00560467	0.000489094
0.127847	0.0552497	-0.0258746	-0.00240737	-0.00592574	0.000663553
0.13035	0.0719904	-0.0320434	-0.00207866	-0.00592965	0.000751426
0.128299	0.124737	-0.0547786	-0.00221489	-0.00621636	0.000733281
0.126861	0.0510324	-0.0292588	-0.00145827	-0.00629753	0.0008106689999999
0.126594	0.099535	-0.0101645	-0.00193853	-0.00653309	0.0008714159999999
0.12665	0.072076	-0.0190193	-0.00164251	-0.00674546	0.000854093
0.123017	0.0642985	0.0093479	-0.00246923	-0.00650735	0.000854093
0.122609	0.0481501	-0.0376079	-0.0018615	-0.00666113	0.000567336
0.122446	0.0788088	-0.0256619	-0.00238647	-0.00687664	0.000490146
0.111621	0.0547014	-0.028429	-0.00217475	-0.00713805	0.000611259
0.122589	0.0648172	-0.0353379	-0.00232691	-0.0070365	0.000613751
0.126027	0.0956455	-0.00259416	-0.00287018	-0.00716993	0.000683626
0.125889	0.0687726	-0.0194929	-0.00229837	-0.00728797	0.000642413
0.125761	0.116222	-0.029452	-0.00271796	-0.00726679	0.000688949
0.1336	0.0531683	-0.0183514	-0.00311686	-0.00750705	0.000854093
0.136483	0.0838792	-0.0384641	-0.00313117	-0.00745894	0.0007869869999999
0.133103	0.0462751	-0.0320807	-0.00238787	-0.00736849	0.000854093
0.139293	0.103745	-0.0533255	-0.00243796	-0.00762277	0.0007347159999999
0.142923	0.0643443	-0.0470135	-0.00243249	-0.00729999	0.000665573
0.141031	0.0454339	-0.0533801	-0.0022983	-0.00731121	0.000660682
0.139963	0.0520032	-0.0292041	-0.00272977	-0.0075632	0.000854093
0.14144	0.0880757	-0.0512925	-0.0028862	-0.0075002799999999	0.000768977
0.141875	0.0455028	-0.0417383	-0.00265014	-0.00746646	0.000729262
0.139134	0.0687209	-0.0426528	-0.00262741	-0.0074323899999999	0.000601429
0.134695	0.0597944	-0.0398163	-0.00282124	-0.00799766	0.000574601
0.133977	0.0515826	-0.0349553	-0.00297963	-0.0077451	0.000502795
0.127271	0.0557236	-0.0590823	-0.0029484	-0.00799766	0.000392315
0.124264	0.0729067999999999	-0.0347603	-0.00295652	-0.0077970699999999	0.000263833
0.130376	0.044537	-0.0223454	-0.00326954	-0.00766206	0.000551924
0.137619	0.074078	-0.0537374	-0.00346592	-0.00799766	0.000631334
0.137283	0.0658101	-0.00740852	-0.00350296	-0.00799766	0.000801261
0.13929	0.0500138	-0.0131576	-0.00309736	-0.00799766	0.000731985
0.144674	0.0705065	0.0194606	-0.00363665	-0.0082054499999999	0.000740789
0.144642	0.060008	0.00690234	-0.00293783	-0.00811846	0.000704351
0.144735	0.0659299	0.00607729	-0.00298972	-0.0081636399999999	0.00077256
0.144514	0.0516604	-0.0083693099999999	-0.00298824	-0.008493	0.000644283
0.134699	0.0420545	-0.0419189	-0.00254573	-0.008493	0.000440051
0.144246	0.0793824	-0.0379828	-0.00300666	-0.008493	0.000455414
0.128777	0.0459981	-0.040507	-0.00282978	-0.008493	0.000401099
0.122633	0.0748194999999999	-0.0389826	-0.00320783	-0.00814669	0.000446835
0.126741	0.0750798	-0.0397337	-0.00286282	-0.0081957699999999	0.000408633
0.131823	0.0770378	-0.0669028	-0.00310677	-0.00833537	0.000579369
0.144292	0.0795696999999999	-0.0671928	-0.00326299	-0.00804341	0.000412486
0.135548	0.0538888	-0.0828070999999999	-0.00241765	-0.008493	0.000443596
0.137031	0.0772608	-0.0720027	-0.00277341	-0.008493	0.000546006
0.139087	0.0568534	-0.0608352	-0.00241765	-0.0085177299999999	0.000441121
0.138059	0.0539872	-0.0712217	-0.00207488	-0.00892972	0.000597999
0.137258	0.0815996999999999	-0.0371018	-0.00231401	-0.00854476	0.000890113
0.138108	0.0664769	-0.0433599	-0.00238379	-0.00884683	0.000871358
0.137683	0.0597682	-0.0735141	-0.00224609	-0.0086064699999999	0.000943955
0.144642	0.100096	-0.0819331999999999	-0.00287735	-0.0088080099999999	0.0008249919999999
0.155835	0.0583952	-0.0874483	-0.00267489	-0.00877226	0.0007906309999999
0.144676	0.0737653999999999	-0.0743743	-0.00300354	-0.0086368999999999	0.000795404
0.147695	0.0731764	-0.110658	-0.00294176	-0.00876818	0.0007688709999999
0.158216	0.0536535	-0.113303	-0.00224609	-0.00892972	0.000702959
0.155599	0.0875318	-0.116611	-0.00299863	-0.00892972	0.000623776
0.155799	0.05141	-0.0962917	-0.00282733	-0.00892972	0.00070127
0.150524	0.0542835	-0.125442	-0.00243079	-0.00908667	0.000697222
0.153698	0.0808422	-0.127163	-0.00297186	-0.00931023	0.000736296
0.15265	0.0311191	-0.137203	-0.00248115	-0.00892972	0.000966346
0.15799	0.0761169	-0.139639	-0.00308736	-0.00949093	0.0007376219999999
0.148278	0.0397598	-0.118656	-0.00263353	-0.00936423	0.000758393
0.144349	0.0690004	-0.107009	-0.00266242	-0.00958833	0.00070971
0.144434	0.0781093	-0.0616038	-0.00285842	-0.0098691	0.000810941
0.146555	0.061689	-0.071022	-0.00259438	-0.0101328	0.000791226
0.144416	0.0717861	-0.0903458	-0.00310192	-0.0101334	0.0008210649999999
0.144445	0.0563148	-0.0729968	-0.00367116	-0.0102391	0.000857714
0.137566	0.0314006	-0.100493	-0.00286484	-0.0100563	0.0008030929999999
0.144615	0.0731292	-0.106922	-0.00355936	-0.0101975	0.000966346
0.144579	0.0266926	-0.117525	-0.00254728	-0.0103482	0.000966346
0.14859	0.0849672999999999	-0.120455	-0.00311995	-0.0104916	0.000908239
0.128883	0.0528471	-0.0981465	-0.00321651	-0.0102416	0.000617031
0.130312	0.0301842	-0.0837877999999999	-0.00269012	-0.0106926	0.000754223
0.138757	0.0699344	-0.116914	-0.00352217	-0.0106826	0.00073443
0.134941	0.0396292	-0.126441	-0.00337802	-0.0104916	0.000599787
0.135494	0.0442993	-0.159508	-0.00381561	-0.0107274	0.000744521
0.132185	0.0395514	-0.154491	-0.00315742	-0.0103553	0.000634729
0.13693	0.0697343	-0.172279	-0.00356603	-0.010738	0.000725385
0.138584	0.0226754	-0.144095	-0.00354631	-0.0105503	0.0007644029999999
0.138588	0.04182	-0.185475	-0.00339125	-0.0110219	0.000733819
0.132452	0.0404638	-0.162755	-0.00401628	-0.0108859	0.000571953
0.131585	0.0196577	-0.132776	-0.00361531	-0.0108706	0.000557754
0.129545	0.0569365	-0.142021	-0.00387116	-0.0106003	0.000609537
